339.0201822487192
329.8061644328326
326.2496623725133
324.5232302725477
322.5435275599543
317.05633479698224
307.69428893084273
298.0595448227319
290.025063415747
352.97676367613366
337.8878185911921
324.27674812059803
313.0497921223135
307.26648707740594
305.85545882186494
305.1621624708017
301.44213814542366
293.32650411326904
283.4979739895545
273.6789254740982
263.00425494111664
252.1134149447968
241.3300303054771
377.03444219985545
360.2978341527645
343.51392414502953
327.8422374324176
312.4558056565538
298.8892965231498
290.1438099547271
287.42218910590515
287.7679225331333
284.9541263023287
277.3697351319254
268.1688915375266
257.1398026697843
245.15863276960664
232.50329728907786
221.04627154504846
211.4436018508401
387.84585857225034
370.3873956379567
353.9695972164394
337.83482942552104
321.08601577203285
303.8301772450676
288.57656501319025
277.4683885724354
271.319025873825
270.12440950281336
268.0277504911708
260.7373236926535
251.93248647740785
240.39763278942243
225.61488563427005
211.92920115494417
199.8779010511128
189.67668134901538
182.48543346155347
399.8581401309354
383.5379616968748
366.461967579276
350.3125530407175
333.7605370872299
316.6416742784864
298.6313374525049
281.7629325221302
268.2010827207886
258.01209313279196
252.8442951724815
251.53038412541514
245.03464314715848
234.95822769140776
220.4500681551809
204.11554723069764
190.0735214881508
178.4318260403797
169.74189539578225
163.91969484288563
158.1475077422428
407.35961898691374
393.6522130376722
379.2035242934631
364.32153722866923
348.218602801722
331.76493206965876
314.93148939881456
296.7277677407514
277.97368008500325
262.1570007441294
247.59922349920106
238.10424890091952
233.5807705391276
229.53540239189374
215.2560539210165
198.4619934267791
182.63904650778275
169.07940261418202
158.20457248641122
151.30972875486367
145.74193570049167
140.7617081665439
137.00246553668046
402.58502470200324
388.3303465954553
374.3286067336701
360.6371178988083
346.29486429164143
331.4445109007313
314.497269496832
297.40917432606113
278.1844292296074
259.13660336191384
241.2593387947652
227.09305520000535
217.10917334688241
209.52852479571715
193.91065408946122
176.0784779055537
160.70453288654846
148.21924567606652
139.89519706254617
134.15316455563223
128.2402663952156
124.12467981540927
121.2499619379534
118.22406099759256
412.74401304239285
399.5932934803608
384.7332848300121
370.2685750240694
356.15374052896885
342.93544366923214
330.5200461526967
316.2215839044419
300.2226414924996
281.2069298769408
260.4631986817798
239.25184253806032
219.67281988698474
202.47873714436827
187.70705792185947
171.62187380243222
153.93516455715744
139.01842391616884
127.6455825863562
121.40997250129556
116.98621147569195
112.4190716644831
109.34823397803709
106.16876373682591
102.43871523685674
409.80169653959945
396.4301434595459
382.205055786471
367.62198693368117
353.7254261337052
340.56921969753233
327.462454062721
315.1739397724725
300.14054664932263
283.910956680876
262.82019295874676
238.89412141573285
211.7463776743021
186.11958414148177
164.03267979764334
147.17135540069586
129.1681179501853
115.29245156163503
106.52702065007797
103.07300539060651
99.54996478403805
97.11111050321735
93.54258122481117
90.60223345655021
87.1831011688012
81.80663734080912
422.8763645493135
406.52986507609745
392.4730118988094
379.04385762871
364.5924786089652
350.1370368975561
336.2424526805585
321.8294569656574
307.8659796745517
293.8180082391047
277.96387071298784
258.0132306115636
233.7058696996322
202.17257280518308
169.5959207833109
139.6577512099858
118.54652946150912
100.97539296852592
87.79158281111457
82.83180541174364
81.60590991509423
80.91850187125284
79.0137046791042
77.15505637389388
74.28232900650285
71.8172080607552
66.96240801800334
423.2387589237419
405.88965830438593
389.8568258393811
375.926194011017
362.51119399912045
347.4373049770323
331.4182019395693
316.3526163349906
301.8578481906697
287.17291041872573
271.4765695146082
253.19318491857155
229.97504343669578
199.15047318012714
162.49907263980947
124.26633641964297
93.90213119456641
75.45530589378511
62.659382505119446
59.197928928785664
61.438146864112255
61.786886987275075
59.839617480793066
58.08575321800072
57.249243196039025
55.66482965862825
51.28507779082689
426.17624113018024
407.68399919903544
390.7880949750604
375.4392571161091
361.29130104046357
345.87362669625907
330.0236698626244
313.76797761785366
297.90992312788745
283.3479165823521
269.14519974239266
254.00047022857763
233.63373930131365
203.99509659696236
164.6596238883225
120.88368850685158
76.65523463995349
52.633978725823454
40.276189976195475
38.149407389502436
42.019573116569475
41.94597312939795
40.96256116952236
39.89268893068855
38.874229770234514
38.16096307343713
35.01206036746793
431.5342372423778
412.7085786196066
394.44663999103295
377.8171106056996
361.77652374243974
346.41624436918806
330.81785155791096
314.3064862097949
298.7618402656293
284.6331896682223
271.87775953110753
260.75186630414714
246.42685745404404
218.75827315335104
175.95805237167954
125.84952892669673
73.52089271860082
39.11712417371484
23.18671038053014
20.137411650371824
22.96965022778608
23.54391211593136
23.817846294810323
22.78616368654128
21.721688189275316
20.460413296695997
19.414081030522688
440.48529069561744
420.6118528785385
401.36464976573865
382.6781901070747
365.48588058621834
348.9370156022184
332.90734490153403
317.7934042460399
304.0257828974152
291.22254884029945
281.4047523963947
274.35789435606193
266.0797423390016
240.71491689915067
195.6155674592271
141.4168216936324
82.71526888260142
37.577567458735324
15.869488627839782
6.068597433784228
7.96817441330926
6.651131392207308
6.647425858264391
7.596319297583757
8.228404593040935
8.955225893721856
9.614972417086205
451.245013808044
431.0567801243173
410.301692285751
390.56032188926156
372.2265567130919
354.82702148753316
338.72338262710116
324.6272861185945
312.70952292574736
303.81486175508127
298.13417777788885
293.63114770236444
288.78753594040154
267.74116597349695
220.86671760335358
163.72402048573582
102.2191763363954
48.32712966649641
19.550069549227775
4.779424758616683
3.1546830816801292
1.719136238264201
0.5611661160903448
1.6504297299104942
3.837122452095992
5.483979723101069
6.732892139405694
465.10478289826773
442.9700831759413
422.08300497070275
402.0045320436265
382.5015680314362
363.99046216918384
348.3405627203319
335.87835005612476
327.21482744877187
322.22807241420946
319.374731635956
317.596966005569
314.5814909176158
296.77954234660456
246.01109300979059
185.5935242992299
121.7748061682477
62.03996166899417
25.349540240526974
8.531827574025797
5.89301022987561
3.594023325404736
1.3883525011198394
0.9567066179866367
2.6729488617731194
4.770521762757667
5.772505120481757
479.82526214963013
458.3430748624913
437.09867421280876
417.36433942093686
398.02344394250474
379.27638906892497
363.1409408252571
352.7634931395411
347.6384130938207
344.60331972330306
343.3382609879728
343.4761326662453
341.49317658503503
322.7930518516837
267.4817113759349
202.88839036422775
137.7402581832109
75.72976024366547
29.15957985824486
9.173932811509387
6.608841819731201
4.643571950478029
2.1535687704044526
0.6958288958371814
1.9436543224482863
4.046882163907143
5.409586260276961
495.9382820739192
475.21555871937
454.62950868022904
435.0667595770416
416.4298494054063
399.47664370169787
385.65298122610596
376.7430319824944
371.66115295801904
369.73786364152267
369.7754867228403
370.83394420890687
368.3585729246701
344.15968817083916
283.21274250769216
215.03659065744122
147.6637879102555
83.88735165899948
33.213740267869305
9.786451276654148
7.156815643019127
4.912722463768303
2.876316922110264
0.9038711023486237
1.389986929076693
3.492794848923268
6.375519544587293
493.6611699883971
474.24606324610136
455.24434488466693
438.02147508790995
423.9234653095706
413.42514540196987
405.6089237629528
400.82673247089923
398.064446913055
397.85744893524316
398.1947310629935
392.44137156864696
362.5815219789124
295.2440100894632
223.91663291646827
155.33790681974884
88.87136722236222
35.84791427318141
10.471905010931168
6.668107701152568
4.659777878469998
2.8504726419027158
1.278130389168702
1.6945281370805592
5.524919801709201
9.828299503541658
514.674896492332
496.2421400397545
479.4568931043971
464.1724996146207
452.2394168600474
443.35051922298913
436.4102120393112
431.68740671724527
429.2296934083707
428.16626903534194
424.0730646240216
415.0018134045935
378.64920289239893
307.18723791912777
235.52746171766256
161.46110299921992
91.00243672185722
36.90123293371901
12.152346715195582
5.725773985660597
3.494348336816766
0.9069405287655531
2.5685873489240745
6.410208100421316
10.32578551344671
522.001879145787
506.3808702634416
492.5602946701867
481.470490872104
473.2321619432638
467.3408781276046
463.1041939491626
460.54271163805026
457.52425523737384
451.0673658309373
439.11232298023714
395.3222973922601
320.4766646179323
244.33469465032027
168.28182675340662
94.1545408219633
37.3743650520326
12.656696877673241
6.041337065655175
4.334861851618772
4.996893554377507
7.889985360420514
12.516903064254548
16.415528083828285
548.5081074327375
534.6176432188448
521.8527305648851
511.36533799477064
503.57802934173264
498.0454264728768
494.11425402548747
490.24446731310246
485.98850997617467
478.21874756394334
461.8083758226305
412.66719903321393
335.37113497386565
254.84061106403053
176.13906022118005
100.31129347585401
37.34672243381825
10.983592078499326
6.2958888786546465
10.175521026040359
10.726102621630263
13.333382686091939
18.008532739647425
562.5734408849798
551.3058406292154
541.9648911999577
534.0178859636435
528.6232847255354
523.3417260669594
519.138480773974
514.1202890504567
504.0101731566934
480.7981156863562
426.74561060097335
348.4142188273616
266.7460657749313
185.20492899376316
106.00911945074594
38.3266065169939
9.670743468012667
9.266407007455776
13.734190811012338
15.663456610218542
18.138583097425354
580.2815135997281
571.7392885417921
564.3669543745706
558.3042095584971
552.8721652948442
547.8501540491934
540.550217390912
527.106782511896
498.857458474906
440.1845689959351
359.55423180035933
277.2201645981374
194.6607014096551
113.09201629187007
41.56310705655261
8.317033844909947
7.749272511065776
13.567251819267094
18.866023269685055
600.2730056202047
593.7803717428709
587.5833484437317
582.1513307330533
575.5201349055828
565.7532585359288
548.2548310991658
514.7991817381585
452.2656753225427
371.27078735202184
287.2178905063033
205.18065988361886
123.84218443388274
52.70857078618383
10.689503544856937
4.799555144405627
14.309287830695949
616.123657223206
609.5712563312624
602.1243743207656
589.4049616987888
568.3652526107353
529.9787748775146
464.37479425078755
383.22274372826547
299.97987382477396
217.13346421623564
138.63488326053948
72.75423050355106
28.642474186434075
626.9850077729103
611.4597162331636
586.8048140986685
545.3361075479839
477.12362185386047
395.58300955743044
313.8173807653692
233.84566952979753
159.08491740728076
