-0.45669058
-0.4601899
-0.4465283
-0.4670198
-0.4508129
-0.46869665
-0.48008564
-0.4755186
-0.47792602
-0.49066535
-0.49301046
-0.49165386
-0.5076968
-0.51696616
-0.5097069
-0.51898915
-0.52411115
-0.51623046
-0.53174925
-0.5364425
-0.5421843
-0.5428522
-0.54917157
-0.5366069
-0.55774003
-0.556521
-0.55880666
-0.566104
-0.56902385
-0.5771419
-0.57138366
-0.57931554
-0.59193575
-0.5858023
-0.599464
-0.5989076
-0.5984048
-0.601267
-0.6133345
-0.6101452
-0.61878526
-0.6188102
-0.61983657
-0.62530464
-0.63134754
-0.6352053
-0.63372684
-0.6337413
-0.6439255
-0.6440177
-0.6440127
-0.6490431
-0.64492
-0.6520628
-0.64974284
-0.65465325
-0.6583167
-0.660921
-0.65706503
-0.66227984
-0.66218406
-0.66970056
-0.6679115
-0.6632432
-0.668214
-0.6667544
-0.67495453
-0.6706776
-0.6785641
-0.67496395
-0.67075163
-0.68197083
-0.6766155
-0.68489885
-0.67973304
-0.6765501
-0.6807148
-0.68786496
-0.6808121
-0.6788636
-0.6860259
-0.6887368
-0.68449914
-0.6835075
-0.68990886
-0.69066304
-0.69013494
-0.69027567
-0.68595195
-0.69405174
-0.6936677
-0.687135
-0.69739133
-0.69720477
-0.7007409
-0.70165914
-0.69873697
-0.6967015
-0.6975176
-0.6958246
-0.7007666
-0.7007028
-0.70319605
-0.7038577
-0.7056034
-0.70380485
-0.70589983
-0.7091564
-0.7153256
-0.708225
-0.71608436
-0.707932
-0.71421033
-0.71284986
-0.7144699
-0.7171329
-0.71756697
-0.71429193
-0.7129749
-0.7152377
-0.7143227
-0.7139487
-0.7189774
-0.7132104
-0.7139522
-0.72076404
-0.7209486
-0.7246919
-0.7256988
-0.71920836
-0.72214806
-0.72408396
-0.7265729
-0.7267223
-0.725491
-0.73342896
-0.72887427
-0.72658354
-0.7273791
-0.7272261
-0.72993386
-0.73502296
-0.7315076
-0.7279148
-0.7317336
-0.73231196
-0.73460084
-0.7378944
-0.730801
-0.73734313
-0.73454607
-0.7378294
-0.73720264
-0.74253446
-0.739946
-0.73913646
-0.74113196
-0.74006116
-0.7418697
-0.74009496
-0.73810625
-0.74454737
-0.74674433
-0.7430298
-0.7405274
-0.7470446
-0.74411905
-0.7477729
-0.7485581
-0.7491806
-0.7450905
-0.74790823
-0.7491763
-0.7483646
-0.74879664
-0.7516886
-0.747854
-0.7507244
-0.75082725
-0.7492334
-0.7567894
-0.75315326
-0.7519656
-0.75554293
-0.75472766
-0.7589775
-0.7606511
-0.757723
-0.76164824
-0.7597194
-0.76184565
-0.7589164
-0.76320046
-0.7621176
-0.76070243
-0.7591708
-0.7637436
-0.7606903
-0.76465
-0.7670174
-0.7666155
-0.765582
-0.76682943
-0.76159877
-0.76408696
-0.76247066
-0.77042073
-0.76664317
-0.7702823
-0.77197826
-0.76940536
-0.7725292
-0.77012146
-0.77149415
-0.7687331
-0.7713012
-0.77000237
-0.7733323
-0.7741616
-0.7750236
-0.7728404
-0.77403086
-0.7741808
-0.7729136
-0.776168
-0.7741672
-0.77607334
-0.7780111
-0.7728309
-0.77889055
-0.7775232
-0.7807586
-0.77665025
-0.78044957
-0.7802466
-0.77794546
-0.7842465
-0.7767618
-0.7810128
-0.78231794
-0.7812531
-0.7820401
-0.78404003
-0.7787184
-0.7846585
-0.7811074
-0.7838161
-0.7815149
-0.7854849
-0.78725827
-0.7863729
-0.78389037
-0.7872518
-0.7863288
-0.7869627
-0.79019433
-0.7903324
-0.78667814
-0.7887956
-0.7864245
-0.7888381
-0.7903285
-0.7878516
-0.79212856
-0.7919255
-0.7919216
-0.7920941
-0.7926522
-0.79306304
-0.79012114
-0.79102963
-0.7922499
-0.7915274
-0.79528964
-0.792888
-0.79450226
-0.795383
-0.797454
-0.7960914
-0.79884875
-0.79609996
-0.79564774
-0.79675627
-0.7991915
-0.8002273
-0.79290867
-0.7969671
-0.79987556
-0.79737777
-0.79704666
-0.7997245
-0.7997296
-0.79841906
-0.79935884
-0.7972861
-0.79966795
-0.80177605
-0.80266255
-0.80460703
-0.80166364
-0.8036601
-0.80230814
-0.804907
-0.80782
-0.80061823
-0.8067848
-0.8062112
-0.80448085
-0.8038911
-0.8044239
-0.80379254
-0.80293655
-0.80807525
-0.80640846
-0.8063252
-0.8090656
-0.8063254
-0.8089385
-0.8073577
-0.8091567
-0.8090479
-0.81228817
-0.8101471
-0.8084343
-0.8100665
-0.80855167
-0.80874455
-0.80990326
-0.8150854
-0.8149251
-0.8109599
-0.8089908
-0.81338763
-0.8168902
-0.81161875
-0.8145382
-0.81420094
-0.81398773
-0.81415576
-0.8122248
-0.8145632
-0.81474584
-0.8177348
-0.81620586
-0.81667906
-0.8180799
-0.81543493
-0.8172149
-0.81660426
-0.8189906
-0.81766415
-0.8202292
-0.8200481
-0.8203297
-0.8195952
-0.8188318
-0.8237892
-0.8204493
-0.8213689
-0.8209496
-0.82135886
-0.82340413
-0.819919
-0.82182735
-0.8235234
-0.8177765
-0.82179654
-0.82272
-0.8233346
-0.82423216
-0.8226375
-0.82638276
-0.82250476
-0.82439834
-0.8250481
-0.8244376
-0.8244675
-0.82688427
-0.82702947
-0.8282657
-0.8265294
-0.8256657
-0.82765466
-0.8294701
-0.82598644
-0.831339
-0.8290217
-0.826773
-0.8292829
-0.8282967
-0.82959324
-0.82792175
-0.829089
-0.8298479
-0.8306553
-0.83045113
-0.8301362
-0.8276932
-0.8338793
-0.8332363
-0.83226997
-0.8284634
-0.8305211
-0.8317952
-0.829896
-0.8328035
-0.8329108
-0.83253276
-0.8327535
-0.83391374
-0.8353107
-0.8338791
-0.83436835
-0.8313945
-0.83229405
-0.8340245
-0.8325724
-0.83874184
-0.8376636
-0.8337554
-0.8338982
-0.8362078
-0.83804864
-0.836467
-0.8348179
-0.8382401
-0.8376024
-0.8364248
-0.84071803
-0.83936095
-0.83747905
-0.84034413
-0.8386367
-0.8408675
-0.8401152
-0.83946466
-0.83950186
-0.8412168
-0.8399932
-0.84249836
-0.84132075
-0.84060854
-0.84035575
-0.84294355
-0.8428459
-0.8420196
-0.84200835
-0.8421012
-0.84210575
-0.8429311
-0.8434128
-0.8419108
-0.845269
-0.8443728
-0.8449943
-0.845826
-0.8433588
-0.848121
-0.8458628
-0.84870815
-0.84561807
-0.8438654
-0.8481561
-0.8477667
-0.8432929
-0.8433668
-0.8466283
-0.84635854
-0.8472188
-0.8480303
-0.8464371
-0.8482896
-0.8480965
-0.8480529
-0.8501584
-0.85000604
-0.84608793
-0.85031444
-0.852017
-0.84844565
-0.8486452
-0.84951884
-0.84841216
-0.8494298
-0.8497074
-0.85293823
-0.85163486
-0.8522727
-0.85272044
-0.8533069
-0.85345936
-0.85126036
-0.8518112
-0.8509012
-0.84896916
-0.85260403
-0.8516369
-0.8544121
-0.8500372
-0.85239947
-0.85630006
-0.85463583
-0.852092
-0.853448
-0.8550405
-0.856236
-0.85272825
-0.8540111
-0.852773
-0.8554978
-0.8544771
-0.85247433
-0.85682845
-0.8549708
-0.8561983
-0.85506445
-0.85659325
-0.8532273
-0.8572271
-0.85483253
-0.85714406
-0.85487634
-0.8559299
-0.85565746
-0.85653216
-0.8566686
-0.8563594
-0.856925
-0.8557161
-0.8580842
-0.85531783
-0.8593113
-0.85853505
-0.8582636
-0.85789305
-0.8603113
-0.8580931
-0.8567296
-0.8586689
-0.85882527
-0.85915184
-0.85848576
-0.86317134
-0.85843825
-0.8596905
-0.8588161
-0.8611804
-0.86132205
-0.8590634
-0.86038876
-0.85877866
-0.8607492
-0.85985225
-0.8615027
-0.8588867
-0.8631359
-0.8601437
-0.85934097
-0.8617515
-0.8615548
-0.86022955
-0.8607318
-0.8587824
-0.8618872
-0.8605587
-0.8630228
-0.86304015
-0.8609839
-0.86040795
-0.8593319
-0.86085624
-0.8630007
-0.86471665
-0.8618873
-0.8613012
-0.8621
-0.86411226
-0.86256176
-0.8641129
-0.86528784
-0.8610592
-0.86436605
-0.8620832
-0.8640105
-0.86445194
-0.86474854
-0.8631754
-0.86326385
-0.86459863
-0.86373043
-0.86518574
-0.8614703
-0.8615546
-0.86505204
-0.86310744
-0.86373276
-0.8634541
-0.8635201
-0.863539
-0.86243135
-0.8632315
-0.8640304
-0.86547434
-0.8635064
-0.86308074
-0.8647679
-0.8673273
-0.86358535
-0.8645801
-0.86837316
-0.8643233
-0.8645228
-0.8673057
-0.86704534
-0.8677273
-0.86764777
-0.86670214
-0.8634889
-0.86631006
-0.863111
-0.86496985
-0.865421
-0.8653454
-0.86376387
-0.86554164
-0.8644459
-0.8669387
-0.8668806
-0.86559844
-0.8645753
-0.8679704
-0.86512077
-0.86462635
-0.86918545
-0.86628735
-0.8678279
-0.8697543
-0.8650017
-0.86815
-0.86669034
-0.8666357
-0.86868715
-0.87163574
-0.86808366
-0.86600804
-0.87020236
-0.86605513
-0.8688763
-0.8672542
-0.86929446
-0.86504096
-0.8685624
-0.8695018
-0.8650424
-0.86788595
-0.8671452
-0.8689829
-0.87042564
-0.86845905
-0.86880237
-0.8696947
-0.86743164
-0.8704608
-0.8717333
-0.8680968
-0.8702195
-0.868725
-0.87236375
-0.8698518
-0.87163025
-0.8682129
-0.8708881
-0.86876196
-0.8698076
-0.8717627
-0.8703325
-0.8712518
-0.8695871
-0.8682938
-0.86945397
-0.8690408
-0.8716153
-0.8707658
-0.86794364
-0.8713245
-0.87112886
-0.87159723
-0.871348
-0.87424994
-0.87248844
-0.8733072
-0.8727145
-0.8701863
-0.8716041
-0.87063444
-0.86861557
-0.87325335
-0.8712036
-0.87043005
-0.8709254
-0.87239087
-0.870411
-0.8715702
-0.8717348
-0.86890495
-0.87344813
-0.87026155
-0.8716634
-0.8708311
-0.8728622
-0.8716643
-0.8717241
-0.8715008
-0.8717343
-0.87060344
-0.8699004
-0.87174636
-0.8717846
-0.87084126
-0.8737309
-0.87384665
-0.871841
-0.8733182
-0.87454915
-0.8749271
-0.8740146
-0.87117034
-0.872704
-0.87258965
-0.8735863
-0.87539375
-0.8738123
-0.8740398
-0.8748513
-0.8747769
-0.8721151
-0.8749524
-0.87590426
-0.8742141
-0.87502795
-0.87367857
-0.8754206
-0.87500405
-0.8765078
-0.87414074
-0.87084246
-0.8718906
-0.87299454
-0.87420416
-0.87732184
-0.87469894
-0.87339246
-0.8769197
-0.87545425
-0.8738681
-0.87731403
-0.87449265
-0.8762893
-0.87388533
-0.8750235
-0.8769004
-0.87602586
-0.87495756
-0.8762676
-0.8762164
-0.8755313
-0.8753551
-0.87711
-0.8778606
-0.87470067
-0.877607
-0.87551177
-0.87470376
-0.87843066
-0.876831
-0.87700474
-0.87556463
-0.8763689
-0.87334865
-0.8771637
-0.8775249
-0.87922704
-0.87930614
-0.87759954
-0.8801121
-0.8796363
-0.8787461
-0.8766159
-0.87912625
-0.87653667
-0.8764888
-0.8785317
-0.8780432
-0.8769456
-0.8782444
-0.87920564
-0.8773807
-0.87822604
-0.8768957
-0.8760274
-0.8741106
-0.880808
-0.8799888
-0.87957436
-0.881826
-0.8797743
-0.8786206
-0.879987
-0.87928534
-0.88138765
-0.8797713
-0.87738
-0.87899476
-0.8808094
-0.88082016
-0.8819331
-0.87986803
-0.87875444
-0.8789931
-0.87959623
-0.87818515
-0.8807783
-0.8813097
-0.880647
-0.88418156
-0.88076746
-0.88261855
-0.879654
-0.8818807
-0.88262177
-0.8826622
-0.8810507
-0.8799913
-0.8813448
-0.8811464
-0.8836166
-0.881247
-0.8801911
-0.88137287
-0.88182044
-0.8807027
-0.88188046
-0.8823619
-0.88407224
-0.882328
-0.88121295
-0.88212496
-0.8822424
-0.88182735
-0.884274
-0.8836517
-0.88297915
-0.8830689
-0.88245046
-0.8833597
-0.8855048
-0.8819655
-0.8846842
-0.8839767
-0.8815904
-0.886439
-0.8833101
-0.88375205
-0.8842682
-0.88485783
-0.8833702
-0.88528824
-0.88239086
-0.88337666
-0.8847353
-0.8842347
-0.88407296
-0.88351184
-0.8840973
-0.8858612
-0.8846959
-0.8844936
-0.8847276
-0.8825267
-0.88472897
-0.8861998
-0.8822155
-0.8845039
-0.8840677
-0.88797647
-0.8825584
-0.8849719
-0.88352567
-0.8850486
-0.8852626
-0.8871382
-0.88731015
-0.88636386
-0.8885743
-0.8861595
-0.8853921
-0.88742644
-0.88586897
-0.88749903
-0.8883805
-0.88902855
-0.8875305
-0.8906066
-0.89035136
-0.8886173
-0.88539433
-0.8878156
-0.89023757
-0.8886885
-0.88839823
-0.8894915
-0.8878759
-0.8896958
-0.8866329
-0.88759273
-0.88871306
-0.8909628
-0.8883108
-0.891378
-0.88989484
-0.8907587
-0.89120793
-0.8893991
-0.8890368
-0.88869137
-0.8917423
-0.89288104
-0.8923223
-0.88854796
-0.8901456
-0.88935274
-0.89018947
-0.8927744
-0.8911533
-0.8893751
-0.8905967
-0.8920661
-0.89107764
-0.89080095
-0.8922213
-0.89038444
-0.8918109
-0.89115214
-0.8926725
-0.89169276
-0.89219993
-0.89243025
-0.8912033
-0.89293414
-0.89375097
-0.89301133
-0.8927087
-0.89234257
-0.89438015
-0.891818
-0.8930944
-0.89690137
-0.8961222
-0.89407754
-0.8928415
-0.89360696
-0.8947904
-0.89482695
-0.8950173
-0.8963928
-0.89489615
-0.8933415
-0.8950041
-0.8953349
-0.895573
-0.8935123
-0.8951716
-0.8952506
-0.8952007
-0.89352494
-0.8947692
-0.8938349
-0.8964107
-0.89655334
-0.89686537
-0.8976791
-0.8950588
-0.8952776
-0.8959422
-0.8948866
-0.89406323
-0.8972413
-0.8957658
-0.8969306
-0.8950058
-0.8973879
-0.89762735
-0.8946778
-0.8964006
-0.8952269
-0.8988568
-0.8980094
-0.8976846
-0.8979174
-0.90089583
-0.898137
-0.8981584
-0.89800936
-0.8976296
-0.89819837
-0.9002216
-0.8985276
-0.90039355
-0.8991295
-0.89697516
-0.89952785
-0.89801663
-0.8983225
-0.9010554
-0.89854515
-0.8995306
-0.90077907
-0.89921176
-0.8980806
-0.9004725
-0.900056
-0.90095675
-0.90040797
-0.8993625
-0.90106314
-0.9006172
-0.89817446
-0.89991057
-0.90075487
-0.8994269
-0.9015182
-0.89993393
-0.8975033
-0.9012179
-0.9010213
-0.90195715
-0.9029724
-0.90147054
-0.90325886
-0.9013812
-0.904547
-0.90179694
-0.90076023
-0.9017781
-0.90167546
-0.90164673
-0.90153503
-0.90126765
-0.9043153
-0.9034473
-0.90277076
-0.90200156
-0.90164304
-0.9016366
-0.9003454
-0.9028181
-0.9036116
-0.90190685
-0.9030083
-0.9030678
-0.9029029
-0.902551
-0.9023307
-0.90316164
-0.90321434
-0.9000825
-0.9043238
-0.9020774
-0.9070789
-0.9054686
-0.9047966
-0.9024825
-0.9049751
-0.90617555
-0.90547943
-0.90490925
-0.903832
-0.90556717
-0.90486574
-0.90441495
-0.90480125
-0.9074253
-0.90539455
-0.905505
-0.90527797
-0.90660524
-0.9034051
-0.90392405
-0.9047655
-0.9050246
-0.9056517
-0.90590394
-0.903903
-0.9055713
-0.9049537
-0.9065731
-0.9056068
-0.9069523
-0.9079481
-0.90647656
-0.9062377
-0.9042936
-0.906201
-0.9054479
-0.9066036
-0.90741783
-0.90935296
-0.90701216
-0.90717727
-0.905685
-0.9074585
-0.90749884
-0.9073479
-0.9072273
-0.90720487
-0.9078815
-0.90630764
-0.9079763
-0.90794766
-0.9078629
-0.9072327
-0.9060458
-0.91020393
-0.90890247
-0.9064921
-0.9088495
-0.90855056
-0.90839773
-0.9105188
-0.9066794
-0.91015524
-0.9078152
-0.90994406
-0.90695095
-0.9082228
-0.9082073
-0.90931857
-0.90869683
-0.9087839
-0.9104217
-0.91065955
-0.9099232
-0.9082587
-0.9083519
-0.91000324
-0.9095589
-0.911416
-0.9106679
-0.910909
-0.9105318
-0.90865993
-0.9107513
-0.90961826
-0.9098216
-0.90977323
-0.910373
-0.91021353
-0.91136456
-0.91145927
-0.91124004
-0.9097862
-0.90906316
-0.9126163
-0.9109413
-0.90980977
-0.91317105
-0.9127718
-0.91212946
-0.9127618
-0.91167694
-0.9121044
-0.9124354
-0.91396993
-0.913618
-0.9117696
-0.9122975
-0.912062
-0.91301817
-0.9119816
-0.9111157
-0.9110123
-0.9121386
-0.9123816
-0.91416687
-0.9107359
-0.9123884
-0.91386527
-0.9128018
-0.9131223
-0.91155857
-0.91399556
-0.9126806
-0.91455215
-0.91332346
-0.9137474
-0.91364056
-0.9134923
-0.91124976
-0.91318744
-0.9164861
-0.91682845
-0.9132128
-0.9142134
-0.9147323
-0.91424054
-0.91287583
-0.913937
-0.91418093
-0.91525686
-0.9122917
-0.9137169
-0.9140825
-0.9135958
-0.91328424
-0.9145
-0.91241187
-0.91799563
-0.9153072
-0.9142315
-0.91592467
-0.9153016
-0.9164976
-0.914946
-0.91549265
-0.91553
-0.9164428
-0.91663146
-0.91572315
-0.9144231
-0.91474986
-0.91512966
-0.91594285
-0.9154936
-0.91539574
-0.91697335
-0.9148593
-0.917064
-0.9165205
-0.9153809
-0.915752
-0.9175064
-0.9137717
-0.9138248
-0.9172277
-0.9168248
-0.91589886
-0.916399
-0.91531205
-0.9170913
-0.91700387
-0.9155123
-0.9155063
-0.91588026
-0.9171447
-0.91524464
-0.91518265
-0.918901
-0.91872394
-0.91769457
-0.91774195
-0.917707
-0.9173853
-0.91622037
-0.917364
-0.9173052
-0.9198256
-0.91767335
-0.91917545
-0.91667163
-0.9177439
-0.9175339
-0.9179302
-0.91738707
-0.9146371
-0.91814226
-0.91772705
-0.9165555
-0.9176291
-0.91934925
-0.92007357
-0.9182904
-0.91852415
-0.91788065
-0.91634846
-0.9159999
-0.91896164
-0.9171412
-0.918315
-0.9177413
-0.9160948
-0.917816
-0.9183164
-0.917943
-0.9187842
-0.9192774
-0.9197217
-0.9192654
-0.9179794
-0.91910654
-0.91967595
-0.9176036
-0.9188647
-0.9185698
-0.9191757
-0.91786224
-0.92062104
-0.9176789
-0.9199857
-0.91977185
-0.9209912
-0.92000586
-0.9186847
-0.9199866
-0.92067087
-0.9203221
-0.91923505
-0.92098135
-0.9208665
-0.9187476
-0.919904
-0.91855735
-0.91914684
-0.91942567
-0.92013156
-0.91950214
-0.9206528
-0.921815
-0.9187209
-0.9198549
-0.9206844
-0.9192562
-0.9193576
-0.9216857
-0.92035294
-0.91919476
-0.9213537
-0.9222044
-0.9237723
-0.9185055
-0.9216296
-0.9211218
-0.9208059
-0.9206491
-0.92094684
-0.9207985
-0.91944224
-0.9199469
-0.92042786
-0.9219123
-0.9203367
-0.92064613
-0.92092365
-0.9202645
-0.9218322
-0.9205154
-0.9225986
-0.92116094
-0.9201687
-0.92023456
-0.92049366
-0.92178696
-0.9199927
-0.92292136
-0.9193515
-0.92093027
-0.9221666
-0.923114
-0.9202616
-0.92284006
-0.9210055
-0.9223753
-0.9219502
-0.9214077
-0.91807383
-0.9217653
-0.92180926
-0.9204615
-0.9215316
-0.9223239
-0.9212005
-0.91910017
-0.91993994
-0.92299086
-0.9210469
-0.9217562
-0.9218373
-0.9213982
-0.92038196
-0.9210208
-0.9214317
-0.92005444
-0.92207474
-0.9237181
-0.9223096
-0.9233486
-0.9226439
-0.92360044
-0.9226425
-0.9246849
-0.9225283
-0.92176676
-0.922232
-0.9225032
-0.92355216
-0.9235109
-0.92346007
-0.92133886
-0.92301035
-0.9229779
-0.9223782
-0.9241919
-0.9215223
-0.92325413
-0.92614913
-0.9216022
-0.9228426
-0.9220525
-0.923899
-0.92376673
-0.9227254
-0.9222303
-0.92307353
-0.92320764
-0.92310673
-0.92273986
-0.9245068
-0.9229356
-0.9230303
-0.9246312
-0.92406815
-0.9232804
-0.9242742
-0.9251305
-0.9236058
-0.92338955
-0.923235
-0.9239618
-0.92298955
-0.92288953
-0.9237207
-0.92274976
-0.9217322
-0.92358816
-0.9220323
-0.92415434
-0.92408043
-0.9233449
-0.9239973
-0.9245261
-0.9244439
-0.9261088
-0.92355955
-0.923324
-0.92507565
-0.9231374
-0.92400897
-0.9240026
-0.92481494
-0.9242414
-0.92593163
-0.92505133
-0.9244181
-0.9231154
-0.923878
-0.9230172
-0.9256471
-0.9250176
-0.92354125
-0.9246913
-0.92614466
-0.9244521
-0.92540616
-0.92310274
-0.9246526
-0.9251038
-0.9248875
-0.923428
-0.92343557
-0.9250129
-0.9234541
-0.9243714
-0.9244859
-0.9252596
-0.9231049
-0.9246812
-0.9254389
-0.923785
-0.9250576
-0.92499924
-0.9246278
-0.9244095
-0.92588705
-0.9255077
-0.92437655
-0.92449164
-0.9249724
-0.92503834
-0.9256214
-0.9247006
-0.92630875
-0.924932
-0.92596686
-0.9245543
-0.9264514
-0.92562336
-0.92624277
-0.9264003
-0.9268817
-0.9258625
-0.92552257
-0.9240553
-0.92362195
-0.92805517
-0.92544353
-0.9266005
-0.92527235
-0.9261066
-0.9245749
-0.926556
-0.9251841
-0.9253298
-0.9245138
-0.9256099
-0.9251415
-0.926745
-0.9248986
-0.9245522
-0.9273107
-0.9254917
-0.926846
-0.9270181
-0.9260059
-0.9261254
-0.9259646
-0.92431253
-0.9258109
-0.9258718
-0.92648125
-0.925183
-0.9247642
-0.9232007
-0.92730874
-0.92618245
-0.9267422
-0.92541903
-0.9249257
-0.92578185
-0.9263541
-0.92730427
-0.9246337
-0.92515635
-0.925157
-0.9255235
-0.9265566
-0.92582375
-0.9248964
-0.92625266
-0.9253351
-0.92757124
-0.9262875
-0.9272187
-0.9251794
-0.9261444
-0.9248813
-0.92396563
-0.9257624
-0.92582196
-0.9250052
-0.925375
-0.9281396
-0.9274168
-0.92645484
-0.92631245
-0.928002
-0.9278868
-0.92613477
-0.9269389
-0.9254759
-0.92667615
-0.9260279
-0.9269098
-0.9278546
-0.92650354
-0.92683583
-0.9259563
-0.92899257
-0.9256121
-0.9251625
-0.92673016
-0.9275508
-0.926021
-0.92741096
-0.9274163
-0.92506516
-0.9275346
-0.9270334
-0.9274594
-0.92734486
-0.9287321
-0.9273036
-0.9279792
-0.92596376
-0.9293687
-0.9273228
-0.92767334
-0.9273716
-0.9286842
-0.927411
-0.92648107
-0.9279856
-0.927543
-0.9280667
-0.9267542
-0.9264501
-0.92592764
-0.9255766
-0.9261529
-0.9263202
-0.9291549
-0.9253685
-0.92594075
-0.92707103
-0.92947805
-0.92589635
-0.9272646
-0.92598015
-0.9246095
-0.92654943
-0.927288
-0.9280527
-0.927216
-0.9273843
-0.9288615
-0.9283323
-0.9265191
-0.92772895
-0.9289656
-0.92742026
-0.92541647
-0.92729264
-0.9252106
-0.92665577
-0.92768043
-0.92764443
-0.92668074
-0.9269393
-0.92700267
-0.9271972
-0.92626643
-0.92548317
-0.92858255
-0.92661655
-0.9272234
-0.92658293
-0.9274978
-0.9278056
-0.92659324
-0.92806447
-0.9286502
-0.9261833
-0.926359
-0.92757744
-0.92630845
-0.9255782
-0.928109
-0.926073
-0.9279219
-0.9264334
-0.9283352
-0.92632246
-0.9279726
-0.92683434
-0.9301462
-0.9266499
-0.9272126
-0.92781734
-0.9281928
-0.9264657
-0.9275801
-0.9301369
-0.92812085
-0.9292951
-0.9269805
-0.9272791
-0.92740834
-0.9284566
-0.9279441
-0.92910784
-0.92905116
-0.9273602
-0.9277813
-0.9269487
-0.9275577
-0.9289144
-0.9285669
-0.92772746
-0.92749935
-0.9286941
-0.92733836
-0.9287614
-0.9288393
-0.92701435
-0.92754793
-0.9287955
-0.9281791
-0.9287266
-0.92840534
-0.9288123
-0.9288677
-0.929062
-0.9278933
-0.927398
-0.9278892
-0.92838
-0.92754835
-0.92760074
-0.9281822
-0.92862236
-0.9268241
-0.92933375
-0.92881966
-0.9266661
-0.9275165
-0.9270268
-0.9277463
-0.92859185
-0.928049
-0.9288852
-0.92829156
-0.9299409
-0.92845577
-0.92629534
-0.9278012
-0.92810625
-0.9281445
-0.92809975
-0.9294077
-0.9292706
-0.9287247
-0.9288691
-0.928608
-0.92980516
-0.92862576
-0.9283281
-0.9267503
-0.9283516
-0.9273937
-0.92918783
-0.92839575
-0.92950433
-0.9284051
-0.92938834
-0.9270983
-0.92882884
-0.9302058
-0.9279192
-0.9308064
-0.92893827
-0.9306774
-0.92812073
-0.9295179
-0.92742026
-0.9282234
-0.92841965
-0.92996305
-0.92989695
-0.93017036
-0.9302102
-0.9295353
-0.9285901
-0.9283979
-0.92848194
-0.9288336
-0.9300273
-0.9302398
-0.93050843
-0.92987794
-0.9298021
-0.9287256
-0.9284088
-0.92935616
-0.92977136
-0.9290291
-0.9303858
-0.93027484
-0.92926407
-0.929573
-0.92991644
-0.9297498
-0.9299185
-0.92936486
-0.9288974
-0.92990845
-0.9314906
-0.92940074
-0.92879087
-0.9297815
-0.92861587
-0.92844456
-0.931025
-0.9284983
-0.9300119
-0.9299664
-0.9309191
-0.9309903
-0.92798907
-0.92917144
-0.9292066
-0.93109506
-0.93004626
-0.929531
-0.9303591
-0.93205065
-0.93013626
-0.93027085
-0.9293294
-0.9300079
-0.9281648
-0.9281019
-0.9292383
-0.9296017
-0.9312746
-0.9303788
-0.9299282
-0.9288931
-0.9319109
-0.93074095
-0.9311833
-0.9310095
-0.93019605
-0.9300839
-0.9307728
-0.9281888
-0.9294925
-0.9300828
-0.9301767
-0.92840827
-0.9311202
-0.92959
-0.93165904
-0.9320445
-0.9316666
-0.9316562
-0.93167776
-0.9318494
-0.93061817
-0.93015337
-0.9304317
-0.93093175
-0.9319906
-0.93056417
-0.93024564
-0.9288982
-0.9308343
-0.93001014
-0.9312464
-0.93168044
-0.92988896
-0.9302598
-0.93307525
-0.9311032
-0.9293825
-0.9294478
-0.929839
-0.9301747
-0.9320974
-0.92995405
-0.93204564
-0.9307625
-0.9307641
-0.93020314
-0.9297105
-0.9311456
-0.9304693
-0.93048495
-0.9297091
-0.9300519
-0.93032455
-0.93158996
-0.9319327
-0.9313782
-0.9311431
-0.93147844
-0.93013126
-0.92980534
-0.93186766
-0.93093127
-0.93063974
-0.9310815
-0.93139213
-0.9314118
-0.93018234
-0.93093497
-0.9313766
-0.9308982
-0.9322487
-0.9316542
-0.93263006
-0.93156654
-0.93185663
-0.9290958
-0.9308385
-0.93074864
-0.93112993
-0.9327649
-0.93141377
-0.93048
-0.92980766
-0.9305238
-0.9310097
-0.9307209
-0.93038887
-0.93169117
-0.92932975
-0.9321631
-0.9322922
-0.9304911
-0.9314393
-0.9311595
-0.93050325
-0.93210334
-0.93084526
-0.9331533
-0.93150914
-0.93140227
-0.93003184
-0.9299623
-0.9314388
-0.93012244
-0.9311262
-0.93180484
-0.9312606
-0.93142676
-0.9300449
-0.9318046
-0.9320316
-0.9301858
-0.9304259
-0.93353605
-0.932636
-0.93115777
-0.9311935
-0.93099594
-0.93079007
-0.93266785
-0.9318413
-0.9326884
-0.93192655
-0.93106955
-0.93057317
-0.9312078
-0.9322392
-0.9318742
-0.93171656
-0.93219525
-0.93126065
-0.93052685
-0.9315702
-0.9317588
-0.929632
-0.9322882
-0.93158215
-0.93093044
-0.9302546
-0.93137366
-0.9320932
-0.93256646
-0.93161464
-0.93144983
-0.9319894
-0.93211526
-0.93118376
-0.9312701
-0.93122685
-0.9322788
-0.93194777
-0.93207407
-0.93252856
-0.93126214
-0.93016136
-0.9309145
-0.93114287
-0.9323675
-0.93158156
-0.93100107
-0.9320425
-0.93137544
-0.9310105
-0.9303416
-0.9321087
-0.93166995
-0.9309307
-0.93256736
-0.9306865
-0.9327024
-0.93185836
-0.93125725
-0.9310917
-0.9320681
-0.931733
-0.9312153
-0.931609
-0.9320747
-0.93148136
-0.93324864
-0.9321272
-0.9323753
-0.9326122
-0.932167
-0.93279314
-0.9299687
-0.933166
-0.93256086
-0.93149024
-0.93211704
-0.9314802
-0.9336132
-0.93273544
-0.9325671
-0.93155646
-0.9323914
-0.9313805
-0.9313839
-0.92968976
-0.9303113
-0.93081945
-0.9325509
-0.93238235
-0.9316043
-0.93342096
-0.9320653
-0.93178993
-0.9318756
-0.93377686
-0.93178624
-0.93182653
-0.9331238
-0.9290904
-0.93103296
-0.93226427
-0.93186706
-0.9330798
-0.931125
-0.9309342
-0.93250185
-0.93118787
-0.93103063
-0.9337612
-0.93314236
-0.93131226
-0.9317926
-0.931582
-0.93270236
-0.93284875
-0.9356615
-0.9329798
-0.9316444
-0.93260956
-0.9318719
-0.93156856
-0.9336382
-0.9325268
-0.9319232
-0.9322591
-0.9335709
-0.932596
-0.93155164
-0.9338008
-0.931352
-0.93150884
-0.93338895
-0.9317569
-0.93292576
-0.93170905
-0.93256253
-0.93289405
-0.9330368
-0.9316958
-0.9329805
-0.9327353
-0.932617
-0.9329896
-0.9339401
-0.9328125
-0.9330152
-0.9322603
-0.93408865
-0.9326573
-0.93276244
-0.93177485
-0.9324674
-0.932779
-0.93152755
-0.93323123
-0.9311656
-0.9322262
-0.93378437
-0.93201315
-0.9330216
-0.9314706
-0.93159133
-0.9334918
-0.9326555
-0.9332329
-0.9334211
-0.932452
-0.93261087
-0.9321003
-0.93275756
-0.9333761
-0.93345696
-0.9331412
-0.93208987
-0.93434584
-0.93238676
-0.9335218
-0.93117905
-0.93182975
-0.93445873
-0.9329566
-0.9332859
-0.93380284
-0.93463105
-0.9342968
-0.933663
-0.9333611
-0.93399197
-0.9345094
-0.9333465
-0.9341138
-0.9330051
-0.9322469
-0.932411
-0.93314064
-0.93230116
-0.93378544
-0.93373394
-0.93446594
-0.9329957
-0.9346429
-0.9343589
-0.93303365
-0.9346876
-0.93349284
-0.9341314
-0.9315969
-0.9308331
-0.9325863
-0.93400633
-0.93367755
-0.9334393
-0.93337816
-0.9315522
-0.9333474
-0.93236697
-0.9334448
-0.9326307
-0.93336624
-0.9333489
-0.9341117
-0.93360627
-0.932819
-0.9326027
-0.93282384
-0.93318486
-0.93216735
-0.93291205
-0.93302274
-0.93331736
-0.93211746
-0.9328644
-0.9339356
-0.934598
-0.93254
-0.9341991
-0.9325829
-0.93462116
-0.93229175
-0.9337458
-0.93234557
-0.93244874
-0.9327791
-0.93408966
-0.9335773
-0.9333346
-0.934248
-0.9326034
-0.9327998
-0.93328285
-0.9350382
-0.9348417
-0.9330374
-0.9332282
-0.93432015
-0.9340239
-0.9346231
-0.93436426
-0.93410414
-0.933386
-0.93297595
-0.9327484
-0.932967
-0.9317902
-0.9345664
-0.9332979
-0.93278694
-0.93279564
-0.93111545
-0.9333656
-0.93354046
-0.9324307
-0.93446195
-0.9322463
-0.9329465
-0.93593943
-0.9333576
-0.93281215
-0.9347088
-0.9326456
-0.93386585
-0.933199
-0.9340426
-0.93428385
-0.93396103
-0.9338588
-0.93339115
-0.93397045
-0.9340736
-0.9341393
-0.9336285
-0.93337303
-0.9330358
-0.933212
-0.9348217
-0.9324863
-0.9338227
-0.9325861
-0.93319315
-0.9336873
-0.9343695
-0.93204725
-0.9349552
-0.9332326
-0.9338697
-0.93294907
-0.9327735
-0.93416154
-0.9336296
-0.93442804
-0.9322121
-0.9319253
-0.9348159
-0.9326883
-0.93278843
-0.9339541
-0.93270004
-0.9338069
-0.9340023
-0.933133
-0.9344605
-0.93303216
-0.9335277
-0.9347757
-0.937478
-0.9336898
-0.93460655
-0.9334705
-0.9355761
-0.9326491
-0.9341081
-0.93281007
-0.9344264
-0.9320199
-0.93441683
-0.9335704
-0.9347495
-0.9338289
-0.93463033
-0.9344523
-0.93428135
-0.9343762
-0.9357253
-0.9339251
-0.9362907
-0.93270427
-0.9337536
-0.9333994
-0.9330582
-0.9354567
-0.9356184
-0.93386954
-0.93507373
-0.9339563
-0.9333719
-0.9351316
-0.933652
-0.9338426
-0.9344054
-0.9341119
-0.9336615
-0.93525577
-0.9353959
-0.93168473
-0.93528354
-0.9349906
-0.9335037
-0.9333764
-0.9330724
-0.93424034
-0.93324184
-0.93409294
-0.9333621
-0.9349248
-0.9350144
-0.93548733
-0.9342436
-0.93502384
-0.93436736
-0.93494356
-0.9347195
-0.9346222
-0.9346657
-0.9332744
-0.93388283
-0.93432283
-0.93412536
-0.93452734
-0.9335976
-0.933684
-0.9332632
-0.93426645
-0.9348895
-0.9347701
-0.9354867
-0.93471956
-0.9336263
-0.93428147
-0.93423456
-0.935345
-0.9355778
-0.9340789
-0.9354283
-0.9344066
-0.933074
-0.93558455
-0.93354845
-0.93384945
-0.9347319
-0.93308324
-0.934164
-0.93393373
-0.9346649
-0.9361186
-0.93597144
-0.93445027
-0.9355129
-0.9359639
-0.9347891
-0.93385416
-0.93509334
-0.9342277
-0.935072
-0.9338817
-0.93507206
-0.93643016
-0.9337214
-0.93440145
-0.9342016
-0.93441546
-0.93549454
-0.9352086
-0.9337694
-0.9348148
-0.93477494
-0.93664634
-0.93503094
-0.93584394
-0.935594
-0.93428266
-0.93494624
-0.9333912
-0.9347784
-0.93349177
-0.9352342
-0.9367494
-0.93645006
-0.93563324
-0.9346106
-0.93575585
-0.9364366
-0.934581
-0.9360527
-0.93556273
-0.9356117
-0.9360635
-0.9346961
-0.9352304
-0.9352206
-0.9348236
-0.93723506
-0.9356722
-0.93531877
-0.93573517
-0.93591505
-0.9348231
-0.9358912
-0.93452924
-0.9349824
-0.935203
-0.9358606
-0.9347729
-0.9356283
-0.93727803
-0.93562996
-0.93602866
-0.9353829
-0.93457323
-0.9362783
-0.93411887
-0.9349452
-0.93509763
-0.933797
-0.93509036
-0.93480897
-0.9356661
-0.93527293
-0.9343926
-0.9360841
-0.9360898
-0.935786
-0.93601316
-0.9350776
-0.9354706
-0.9346657
-0.9343352
-0.9359102
-0.93463653
-0.9347102
-0.9351706
-0.9354692
-0.93441975
-0.9355479
-0.9351711
-0.93638825
-0.9349981
-0.9354548
-0.93572944
-0.93523055
-0.93474823
-0.9349897
-0.93476164
-0.9366897
-0.93651086
-0.9360601
-0.9342959
-0.93449235
-0.93572557
-0.9354935
-0.93614817
-0.9336288
-0.9354276
-0.93532246
-0.9347881
-0.935748
-0.9354231
-0.9340379
-0.93701
-0.9352622
-0.9357666
-0.9349377
-0.9370284
-0.93525046
-0.9356329
-0.93566495
-0.9357483
-0.93516964
-0.9356309
-0.93785596
-0.93666905
-0.9369598
-0.93496925
-0.93667424
-0.9355341
-0.93545383
-0.9346217
-0.9371662
-0.9355251
-0.9359169
-0.93551165
-0.9332547
-0.93553823
-0.9358529
-0.93537354
-0.9354723
-0.9355721
-0.93603003
-0.9355335
-0.9348876
-0.9347184
-0.93757
-0.9352629
-0.935335
-0.9355561
-0.93643713
-0.93537813
-0.9355145
-0.9348209
-0.9361675
-0.93491894
-0.9356673
-0.9352621
-0.93619066
-0.9362359
-0.936087
-0.9364258
-0.93552095
-0.9366999
-0.9363511
-0.9358175
-0.9371803
-0.93543476
-0.9357504
-0.93645513
-0.93634325
-0.9349165
-0.9352645
-0.9345672
-0.93629164
-0.93699485
-0.9373314
-0.93566495
-0.9349015
-0.9363807
-0.93594044
-0.9350362
-0.93472016
-0.93709797
-0.9361103
-0.9351381
-0.93679553
-0.9372915
-0.93677366
-0.935806
-0.9361786
-0.936235
-0.93574333
-0.93551
-0.9342727
-0.9362019
-0.9360131
-0.9373707
-0.9366662
-0.93553346
-0.9368304
-0.93623596
-0.9361637
-0.93500096
-0.935595
-0.9375539
-0.93650264
-0.93635416
-0.93540704
-0.9351795
-0.9357105
-0.9373999
-0.9348516
-0.93704146
-0.93552846
-0.9349646
-0.9363962
-0.935907
-0.93559486
-0.93468577
-0.9367645
-0.9361863
-0.9351411
-0.9358854
-0.935643
-0.9363259
-0.9353105
-0.9365491
-0.93706477
-0.9366465
-0.9373644
-0.934872
-0.9367321
-0.936885
-0.9360533
-0.9367013
-0.93527925
-0.9354724
-0.9364415
-0.9365579
-0.93635076
-0.93711275
-0.9367576
-0.9370007
-0.9347789
-0.9359614
-0.9355318
-0.9359034
-0.9351877
-0.93541044
-0.9358008
-0.9369857
-0.936372
-0.93640643
-0.93708766
-0.93764174
-0.9371196
-0.93561697
-0.93682736
-0.9366956
-0.93671036
-0.9373599
-0.9365153
-0.93645954
-0.9370446
-0.9353202
-0.93594915
-0.93706775
-0.9363976
-0.9379523
-0.93694663
-0.93704027
-0.9362289
-0.93698585
-0.93803215
-0.9362743
-0.935879
-0.93715256
-0.9366477
-0.9369467
-0.9380707
-0.93703413
-0.9384946
-0.93738616
-0.93696725
-0.9361039
-0.93593186
-0.9358319
-0.9355288
-0.936087
-0.936006
-0.93660986
-0.9357505
-0.938138
-0.9362125
-0.9368441
-0.9375607
-0.93635595
-0.9372297
-0.93629825
-0.9372902
-0.93724173
-0.93705004
-0.93564206
-0.9375936
-0.9371015
-0.9368671
-0.93698096
-0.938647
-0.93658674
-0.9374343
-0.93687093
-0.93653977
-0.93626195
-0.93824667
-0.9355898
-0.93674004
-0.9380414
-0.9370513
-0.93865275
-0.9373313
-0.9381074
-0.9355691
-0.93550515
-0.9373079
-0.9354833
-0.9370605
-0.9369138
-0.93678826
-0.9383621
-0.9378602
-0.9360383
-0.9357609
-0.9370519
-0.9362152
-0.93562585
-0.9357413
-0.9375434
-0.9380439
-0.9356853
-0.93657035
-0.93700343
-0.93694615
-0.937327
-0.9359825
-0.93709433
-0.93684864
-0.9379912
-0.93781865
-0.9372339
-0.93837136
-0.9380189
-0.93634254
-0.9361003
-0.93627375
-0.93848234
-0.9380926
-0.9359222
-0.93860334
-0.9359452
-0.9378529
-0.9382219
-0.93723637
-0.9365263
-0.9377119
-0.9360204
-0.9365652
-0.9375778
-0.93748367
-0.93527085
-0.9381924
-0.9370354
-0.93783504
-0.93618745
-0.9367908
-0.93920296
-0.93622196
-0.93795997
-0.9359196
-0.9365658
-0.9361099
-0.9373018
-0.9369924
-0.93667746
-0.9367405
-0.9367033
-0.9365107
-0.93596226
-0.93714267
-0.9381926
-0.93785363
-0.9368137
-0.93883365
-0.93850523
-0.93715656
-0.9371577
-0.9375195
-0.9372716
-0.93733376
-0.9373888
-0.9377582
-0.9369414
-0.93749154
-0.93840444
-0.9367684
-0.9366601
-0.9376676
-0.9391158
-0.9382352
-0.93723357
-0.93904173
-0.93661106
-0.9379919
-0.9375526
-0.937183
-0.9382539
-0.9379062
-0.9364858
-0.9375785
-0.93665516
-0.9393164
-0.93678236
-0.9386903
-0.93666106
-0.9386562
-0.9376919
-0.9391532
-0.93828964
-0.9382406
-0.93745834
-0.93653345
-0.93740344
-0.9371594
-0.9378295
-0.93795997
-0.9383887
-0.93681633
-0.93716335
-0.93736756
-0.93833
-0.93728137
-0.9389933
-0.9386563
-0.9375058
-0.9381887
-0.93707824
-0.937298
-0.93763095
-0.9396474
-0.9384298
-0.93810266
-0.936448
-0.9375844
-0.93872
-0.9389747
-0.9381655
-0.93733525
-0.937327
-0.93849814
-0.93825644
-0.9366717
-0.9382728
-0.9376753
-0.93976206
-0.9377887
-0.9368305
-0.9381469
-0.93791157
-0.937393
-0.937894
-0.93896705
-0.937976
-0.93821514
-0.9375839
-0.93872935
-0.9381872
-0.9376065
-0.9385932
-0.9382205
-0.9378432
-0.9377669
-0.93830025
-0.9377647
-0.93702954
-0.93797076
-0.9390121
-0.938577
-0.9371264
-0.93853164
-0.93802756
-0.93738854
-0.93868643
-0.93820065
-0.93798494
-0.9374863
-0.93884283
-0.93562955
-0.93910205
-0.93893826
-0.9389079
-0.93949705
-0.9393541
-0.9373402
-0.9384295
-0.9385012
-0.9371405
-0.9379558
-0.9384941
-0.9391067
-0.93836856
-0.937619
-0.9394013
-0.93946016
-0.93812084
-0.9371033
-0.9358698
-0.93722516
-0.93798596
-0.93761176
-0.939117
-0.938401
-0.9399711
-0.93818414
-0.9374331
-0.9380519
-0.9386317
-0.93913853
-0.93880093
-0.93873453
-0.9381047
-0.9394299
-0.93733585
-0.9376155
-0.93830574
-0.9386472
-0.93864954
-0.93834877
-0.93982214
-0.9399907
-0.9378028
-0.9369006
-0.9377441
-0.9391186
-0.9377395
-0.9389841
-0.93776345
-0.93595827
-0.93911827
-0.9379124
-0.93816185
-0.93870187
-0.93708205
-0.93902653
-0.9382564
-0.9374003
-0.937574
-0.93824047
-0.93962795
-0.93943423
-0.93927413
-0.9378109
-0.93918663
-0.9383007
-0.93824255
-0.93822116
-0.93794703
-0.9375474
-0.9381305
-0.9397413
-0.9380706
-0.9381046
-0.93858874
-0.9377304
-0.93901193
-0.9390191
-0.93878746
-0.9381102
-0.93818164
-0.9375434
-0.93892556
-0.93871254
-0.93852025
-0.93863183
-0.9385306
-0.9380603
-0.93868905
-0.9396384
-0.94031376
-0.9386774
-0.9387229
-0.9382598
-0.9393787
-0.9392758
-0.93870306
-0.93811053
-0.9388765
-0.93903875
-0.93859863
-0.93681854
-0.93870634
-0.93770736
-0.9372893
-0.9397671
-0.9378721
-0.94029105
-0.9373388
-0.9396954
-0.93855447
-0.93822384
-0.9384985
-0.93771183
-0.9395837
-0.9390382
-0.9382748
-0.937179
-0.9375434
-0.9392615
-0.9382035
-0.9404484
-0.9386867
-0.93916947
-0.9381622
-0.9394992
-0.9382168
-0.93957907
-0.9398125
-0.9382126
-0.9388554
-0.93863696
-0.9381504
-0.9390228
-0.93929124
-0.93849754
-0.93913907
-0.9384848
-0.938419
-0.9406628
-0.938199
-0.9383899
-0.9377648
-0.94041526
-0.9390994
-0.9377629
-0.9389682
-0.9393525
-0.9395805
-0.9401195
