562.6392273944283
601.6109777893973
655.8985452160782
511.6343996005149
518.7489013158377
553.5833620341801
600.3694966391348
603.7032078457025
587.8124024281359
495.7222175199842
485.35994705769104
477.0309669909673
448.07647844531476
459.7030172777912
497.4490654506624
548.6926589841958
561.0188050860568
548.3112636793876
500.6626455234116
482.4703846006568
381.59789960913406
222.63554010772887
170.0608828759782
283.0920772492195
395.1614019825248
454.02220406110683
547.396374036819
512.3106298827499
470.2018134814674
256.9535639251024
89.67555108525251
68.85394429198551
171.6000344599607
256.7716134696323
352.10773360802125
509.02703634996624
456.88868588087064
402.9455338072495
198.6916511386592
74.42082132194525
51.07994572340823
141.71120014542618
306.6349580839965
459.84124653752065
380.6697263821498
331.5409743782148
213.07242000253981
117.3881474555314
127.50744015538471
262.590574482132
361.6523167568043
494.2548950662463
425.5996520871763
382.4611437348118
326.94008721391754
317.43330801477964
303.5401202588684
333.5824879448952
371.64825524170595
417.24920437848186
454.89210381578744
411.3246131763844
380.64277270136375
362.5233829111445
348.3745359552787
425.03726069373255
Mean: 386.1228141939785
