-0.3750053
-0.4065475
-0.4356576
-0.46182585
-0.47943324
-0.49456847
-0.5094023
-0.521402
-0.5268707
-0.5348815
-0.5523605
-0.5557501
-0.56149846
-0.57232654
-0.57611513
-0.58666766
-0.58906174
-0.5917516
-0.60041255
-0.60834336
-0.6065404
-0.614257
-0.62360984
-0.63168705
-0.62521124
-0.627145
-0.6362502
-0.63623244
-0.63601726
-0.64299756
-0.64372754
-0.6506588
-0.6453194
-0.65318936
-0.6475892
-0.6550028
-0.6502829
-0.6537224
-0.65999424
-0.6626133
-0.659118
-0.660118
-0.6609368
-0.65566957
-0.6618047
-0.6680083
-0.6683606
-0.6721599
-0.6754219
-0.68083453
-0.6743885
-0.6804271
-0.67551196
-0.68686265
-0.67947966
-0.6803799
-0.6786615
-0.684075
-0.6826926
-0.6876368
-0.68906534
-0.69358855
-0.6935728
-0.6917011
-0.69080395
-0.6946832
-0.68868905
-0.6861907
-0.7043656
-0.6970837
-0.70508635
-0.7012094
-0.6995728
-0.7018625
-0.70293295
-0.7016675
-0.69953156
-0.7058858
-0.6991035
-0.70846456
-0.70608366
-0.70620143
-0.7018433
-0.7062555
-0.7074033
-0.7142496
-0.713904
-0.7191942
-0.7225293
-0.7146593
-0.7157752
-0.7162316
-0.7261829
-0.72061086
-0.7171742
-0.7207433
-0.7210785
-0.7265893
-0.7205208
-0.7229694
-0.7320836
-0.7247513
-0.72696036
-0.72682315
-0.7249712
-0.7312758
-0.7308546
-0.73062307
-0.73249876
-0.7302559
-0.7300367
-0.7280216
-0.72869664
-0.73223406
-0.7338327
-0.73854035
-0.7349709
-0.7376622
-0.73483074
-0.73276126
-0.73816186
-0.73936754
-0.73083925
-0.734875
-0.74058306
-0.74487233
-0.73667675
-0.73570436
-0.7369882
-0.7380495
-0.7395914
-0.7375074
-0.7387736
-0.7392276
-0.7419439
-0.7409481
-0.7425326
-0.7414683
-0.74457
-0.7392472
-0.7377635
-0.7387113
-0.74278194
-0.7366468
-0.741328
-0.7359621
-0.74313223
-0.745227
-0.7415181
-0.7438472
-0.73829687
-0.7442881
-0.7473401
-0.74487376
-0.74544406
-0.7430004
-0.7471543
-0.7465237
-0.7411997
-0.74308413
-0.7439592
-0.74598426
-0.750947
-0.7468553
-0.7457757
-0.7422858
-0.74520344
-0.7469668
-0.74354136
-0.74451005
-0.7418616
-0.74843043
-0.74573916
-0.7423645
-0.7514167
-0.74806577
-0.74512964
-0.7464999
-0.7503358
-0.7451596
-0.7457111
-0.7491587
-0.7503493
-0.7416846
-0.74755526
-0.7503314
-0.7456449
-0.7479373
-0.7502022
-0.745984
-0.7497959
-0.74728274
-0.7490687
-0.7506381
-0.7495747
-0.7474107
-0.7478816
-0.7481407
-0.7509681
-0.74779695
-0.7467923
-0.7502463
-0.7503294
-0.74885595
-0.74662864
-0.7490263
-0.74612325
-0.75120616
-0.7495457
-0.7500992
-0.7510208
-0.7495303
-0.7483997
-0.74874717
-0.7497249
-0.7481125
-0.74709886
-0.75064373
-0.7510867
-0.7520994
-0.74840665
-0.7498394
-0.74969137
-0.74818516
-0.75219786
-0.7552897
-0.749688
-0.7568759
-0.7519946
-0.7511627
-0.75171256
-0.7503252
-0.7526845
-0.7501501
-0.75426346
-0.75514114
-0.75272185
-0.749671
-0.7513818
-0.7513218
-0.749139
-0.7567472
-0.7518968
-0.7538363
-0.75274247
-0.7537231
-0.750691
-0.7515118
-0.75169957
-0.7517099
-0.7529988
-0.7566512
-0.7549567
-0.759016
-0.75044525
-0.75471705
-0.7548282
-0.7530571
-0.7518752
-0.74777305
-0.7509888
-0.7568071
-0.7551135
-0.7580268
-0.751924
-0.75573134
-0.7547738
-0.75585264
-0.75168055
-0.75213784
-0.751315
-0.75964296
-0.7540052
-0.753423
-0.7563802
-0.75220704
-0.7549889
-0.7527912
-0.75629336
-0.7517664
-0.7532156
-0.7508462
-0.76044214
-0.7523129
-0.75336355
-0.75320494
-0.7560174
-0.7569335
-0.75903165
-0.7548909
-0.75656337
-0.76033926
-0.7560485
-0.7547479
-0.75538135
-0.7551895
-0.75588435
-0.7544153
-0.75985324
-0.7556612
-0.75696623
-0.75764924
-0.7560677
-0.75666475
-0.7561046
-0.7558217
-0.7562783
-0.7556651
-0.75252426
-0.7557091
-0.7598675
-0.75442535
-0.7558502
-0.7515161
-0.7573941
-0.76011723
-0.7586526
-0.75248164
-0.75832725
-0.75899535
-0.75133455
-0.7578541
-0.7568637
-0.7505443
-0.7563505
-0.75712126
-0.7542487
-0.7540295
-0.7611144
-0.761468
-0.7545754
-0.75756955
-0.7544935
-0.7611884
-0.75944084
-0.75541896
-0.7574798
-0.75687987
-0.75921047
-0.7615267
-0.75615114
-0.76040375
-0.75817037
-0.7610838
-0.75950146
-0.7598162
-0.7558248
-0.7608653
-0.7558688
-0.75943935
-0.756892
-0.76082367
-0.75775677
-0.75686824
-0.76106524
-0.7634064
-0.75698197
-0.76128507
-0.75930107
-0.7596792
-0.75472003
-0.7575368
-0.7610858
-0.764907
-0.76235896
-0.7551451
-0.75475466
-0.76308525
-0.7610688
-0.7583862
-0.75403935
-0.75676477
-0.75574386
-0.759955
-0.764443
-0.76112294
-0.75960815
-0.75800914
-0.7568048
-0.76013213
-0.7569338
-0.75595766
-0.7587904
-0.7623278
-0.7589095
-0.76151615
-0.76128554
-0.7586508
-0.760075
-0.7602777
-0.7624272
-0.7581857
-0.7586247
-0.7595886
-0.76340574
-0.7590112
-0.76213545
-0.7603268
-0.7597018
-0.761447
-0.7605119
-0.7570884
-0.7639482
-0.75696313
-0.76029134
-0.7587584
-0.7589133
-0.75610477
-0.76186484
-0.75276095
-0.76082075
-0.76642084
-0.7611733
-0.7583618
-0.76063836
-0.7548652
-0.75663495
-0.7590754
-0.7649595
-0.7593218
-0.7568025
-0.76489335
-0.76009595
-0.75727564
-0.7616234
-0.75812656
-0.7596597
-0.75934386
-0.7625242
-0.7578659
-0.75746375
-0.7611629
-0.7607752
-0.7598219
-0.7582789
-0.7636736
-0.76095366
-0.75895506
-0.75655454
-0.7620323
-0.7645883
-0.758582
-0.76257545
-0.7625263
-0.7597478
-0.75601083
-0.7577796
-0.76375115
-0.76534086
-0.76251745
-0.7596528
-0.7671107
-0.75860643
-0.75711733
-0.75788593
-0.7627541
-0.75937504
-0.7617735
-0.7569472
-0.7580809
-0.7597816
-0.76122093
-0.76083976
-0.7602459
-0.7627385
-0.7601028
-0.7655313
-0.7629625
-0.76062846
-0.75975376
-0.76148015
-0.7624324
-0.757744
-0.7622535
-0.7626105
-0.7638684
-0.75929505
-0.7605894
-0.7629075
-0.76183695
-0.7603471
-0.7571068
-0.7630101
-0.76282567
-0.76127964
-0.7636587
-0.7653204
-0.76172245
-0.7632661
-0.76593745
-0.764713
-0.76666194
-0.76572746
-0.76361006
-0.76260686
-0.76168734
-0.76365083
-0.76415247
-0.7608798
-0.76582825
-0.7568543
-0.7599449
-0.76066285
-0.7603811
-0.7641809
-0.76310414
-0.7629596
-0.75991845
-0.762007
-0.7629315
-0.7591329
-0.7606694
-0.7625093
-0.75969493
-0.76389897
-0.76364243
-0.7628231
-0.7605955
-0.7577564
-0.760137
-0.7663686
-0.76232415
-0.76096827
-0.76375395
-0.76267356
-0.7653163
-0.7622229
-0.76403815
-0.76078075
-0.75588477
-0.75873727
-0.76273185
-0.76118696
-0.7562363
-0.7566315
-0.7610222
-0.7627876
-0.761072
-0.7627034
-0.76714337
-0.7645124
-0.76100194
-0.75978714
-0.7644419
-0.764144
-0.7649437
-0.76117796
-0.7609551
-0.7640505
-0.76172334
-0.76327366
-0.7642673
-0.76056373
-0.7634196
-0.76056784
-0.76114637
-0.7553723
-0.7634618
-0.76735735
-0.767264
-0.76606745
-0.76312584
-0.7671223
-0.76140046
-0.76434183
-0.7604693
-0.7621506
-0.7654962
-0.763959
-0.76566106
-0.7608996
-0.763386
-0.7647742
-0.7637949
-0.76668155
-0.76236516
-0.7573627
-0.76369965
-0.7665755
-0.7619536
-0.7579959
-0.76829433
-0.7593694
-0.76883847
-0.764769
-0.76845896
-0.76381296
-0.7673339
-0.7665979
-0.7641268
-0.7648372
-0.75972587
-0.76135266
-0.7622008
-0.7651188
-0.7635334
-0.7613187
-0.76677877
-0.7674691
-0.76474077
-0.7581469
-0.7624173
-0.7597848
-0.761673
-0.7638442
-0.7649904
-0.7620809
-0.7594174
-0.7660894
-0.7623895
-0.76287925
-0.76203144
-0.7652254
-0.75801224
-0.76511884
-0.76409924
-0.7634605
-0.76324403
-0.7633608
-0.7572476
-0.7654692
-0.765696
-0.76299334
-0.76027364
-0.7655864
-0.76282907
-0.7583116
-0.7658379
-0.7625411
-0.7641786
-0.76554734
-0.7605833
-0.7619436
-0.7656959
-0.76157176
-0.75888765
-0.76539844
-0.7671066
-0.7615369
-0.7572729
-0.766347
-0.76548654
-0.76182264
-0.76608163
-0.75821936
-0.76255006
-0.76668996
-0.7622129
-0.7630054
-0.7644534
-0.7656283
-0.7683306
-0.759479
-0.7587182
-0.7636254
-0.7619676
-0.76887995
-0.76560354
-0.7681779
-0.764267
-0.7633512
-0.75663704
-0.7647531
-0.76828337
-0.7694358
-0.76385236
-0.7645836
-0.77147365
-0.7643463
-0.76825166
-0.761904
-0.7652912
-0.76529706
-0.7662487
-0.7643646
-0.7656112
-0.76609504
-0.76394385
-0.76266253
-0.76065564
-0.7609266
-0.76456314
-0.75991064
-0.7625795
-0.76082194
-0.7631614
-0.7650808
-0.7658964
-0.7633892
-0.7671853
-0.7656004
-0.7663572
-0.7592968
-0.7623331
-0.7619051
-0.7593154
-0.7613384
-0.7647314
-0.76136184
-0.7661369
-0.7661207
-0.7635188
-0.76220435
-0.759015
-0.763774
-0.7582232
-0.76396793
-0.7646655
-0.7610614
-0.76188457
-0.7665914
-0.76191354
-0.7702152
-0.7654963
-0.76484716
-0.76316947
-0.770494
-0.76213
-0.7633635
-0.7659247
-0.76323724
-0.762669
-0.76776934
-0.7630881
-0.7654239
-0.7618645
-0.76509315
-0.7640546
-0.76752234
-0.76503307
-0.76347244
-0.767705
-0.7612378
-0.76057863
-0.76235586
-0.7642941
-0.76473194
-0.76775914
-0.76597357
-0.76504296
-0.76294404
-0.76769006
-0.760633
-0.7686415
-0.7603213
-0.76262844
-0.7658861
-0.76471305
-0.765039
-0.76320064
-0.7617549
-0.76194704
-0.7639398
-0.75900793
-0.76113796
-0.7609514
-0.7614399
-0.7633674
-0.76226974
-0.7622039
-0.7624535
-0.7655511
-0.76531863
-0.7617367
-0.7690988
-0.769596
-0.76395774
-0.76561195
-0.76412404
-0.76378834
-0.7630541
-0.75893027
-0.7617427
-0.7636991
-0.7662838
-0.76473254
-0.76326966
-0.76303333
-0.7648454
-0.7712185
-0.7673894
-0.76363134
-0.76259017
-0.76384175
-0.7677707
-0.765839
-0.7666238
-0.76039785
-0.7649559
-0.7620158
-0.7651422
-0.76652426
-0.7653599
-0.7653309
-0.76602465
-0.76863396
-0.76610464
-0.7648865
-0.7692098
-0.7616186
-0.76239437
-0.77041656
-0.7696065
-0.76605505
-0.7653183
-0.7646246
-0.76999134
-0.7655847
-0.7615878
-0.7652184
-0.76938546
-0.7721086
-0.7680955
-0.7615572
-0.7677368
-0.762575
-0.76865435
-0.7628542
-0.7624063
-0.7727413
-0.7684055
-0.7663948
-0.7700121
-0.7695771
-0.7679473
-0.7658298
-0.7628419
-0.7653189
-0.7673397
-0.7674438
-0.7661763
-0.76875055
-0.7668287
-0.7670315
-0.7662736
-0.76635677
-0.76091933
-0.7624204
-0.76454747
-0.76821136
-0.7682638
-0.76505643
-0.76817286
-0.7677162
-0.76723087
-0.76762724
-0.7716982
-0.76777107
-0.7633268
-0.76714236
-0.7669032
-0.76384425
-0.7650201
-0.76741743
-0.7668983
-0.76915354
-0.76361924
-0.766811
-0.76899964
-0.7642274
-0.76489127
-0.76421636
-0.7630637
-0.7640505
-0.7638661
-0.7630274
-0.7609037
-0.7651237
-0.7645704
-0.76362383
-0.76914066
-0.7686682
-0.7675338
-0.7660994
-0.764133
-0.7637237
-0.76437193
-0.7677376
-0.76699
-0.7668609
-0.7651115
-0.7645105
-0.76452696
-0.7655735
-0.7675045
-0.76949626
-0.7664962
-0.76542586
-0.76583934
-0.7655279
-0.7641124
-0.7645575
-0.7702519
-0.76772773
-0.7645321
-0.76469445
-0.7690037
-0.7703983
-0.76533026
-0.7678076
-0.7618076
-0.76571256
-0.7692146
-0.766508
-0.7647279
-0.76484114
-0.7659433
-0.7696443
-0.76707685
-0.76561147
-0.7634243
-0.7673414
-0.767154
-0.76492935
-0.76166594
-0.7624961
-0.76189536
-0.7698079
-0.7671143
-0.764574
-0.7700633
-0.7693976
-0.76194435
-0.7667457
-0.76632166
-0.7679683
-0.7677893
-0.7620854
-0.76259404
-0.7640465
-0.764011
-0.7664464
-0.76859707
-0.76477224
-0.76546943
-0.76358074
-0.76639336
-0.76510257
-0.7627749
-0.7654054
-0.7684361
-0.767819
-0.7654498
-0.7723115
-0.7706674
-0.7646268
-0.76350397
-0.766795
-0.7705118
-0.76030743
-0.76758975
-0.76462334
-0.76442677
-0.7637468
-0.7688149
-0.7629853
-0.7677474
-0.76875156
-0.7651974
-0.7643091
-0.7656592
-0.76833355
-0.7668044
-0.7681738
-0.76253444
-0.7664323
-0.7691981
-0.7623458
-0.769276
-0.7685541
-0.7677863
-0.7639693
-0.7681973
-0.7666655
-0.76321965
-0.7679208
-0.76317936
-0.7674
-0.7640553
-0.7682402
-0.7653431
-0.7709991
-0.7626085
-0.76507306
-0.7718863
-0.7682431
-0.7706837
-0.7682091
-0.7670055
-0.7675113
-0.7707121
-0.7706928
-0.7661293
-0.7702786
-0.76270103
-0.76572496
-0.7739049
-0.7663453
-0.7676746
-0.7654395
-0.7687185
-0.7702797
-0.771168
-0.76924413
-0.7702822
-0.7679203
-0.7646141
-0.7728557
-0.7681585
-0.7679486
-0.7710391
-0.77138287
-0.77078575
-0.76659316
-0.7675697
-0.76945955
-0.76521957
-0.76508176
-0.7643162
-0.7642298
-0.7698452
-0.7680444
-0.76752317
-0.7704247
-0.7638893
-0.7662076
-0.7672633
-0.76682365
-0.76217055
-0.76343596
-0.7730635
-0.76861686
-0.7718806
-0.76512384
-0.76539874
-0.771378
-0.76500326
-0.77080834
-0.7654258
-0.7638357
-0.7710537
-0.77076375
-0.7630313
-0.76687056
-0.7663646
-0.7666311
-0.76833904
-0.768412
-0.76743937
-0.7717766
-0.76846665
-0.77267545
-0.76734334
-0.7669915
-0.7695864
-0.7714671
-0.7665695
-0.7709763
-0.76604486
-0.76919913
-0.7702022
-0.7674326
-0.7725631
-0.77040094
-0.7606219
-0.7669254
-0.76581365
-0.76439697
-0.760683
-0.7649745
-0.7619587
-0.7636327
-0.7650711
-0.7655532
-0.76403296
-0.7657899
-0.76805097
-0.76459074
-0.7630732
-0.762796
-0.7643071
-0.7674475
-0.7651005
-0.7679056
-0.76204896
-0.7661279
-0.76505554
-0.7675315
-0.76335335
-0.7656188
-0.76589185
-0.76936775
-0.7709886
-0.76152027
-0.76834
-0.76667637
-0.7694611
-0.7687853
-0.76428366
-0.7702389
-0.7692737
-0.7675823
-0.7689477
-0.76778126
-0.76894814
-0.7689975
-0.7663412
-0.7688635
-0.769072
-0.7672762
-0.77029115
-0.7662567
-0.768148
-0.77460206
-0.76502776
-0.76841605
-0.7674618
-0.76719373
-0.76712203
-0.77311194
-0.7708394
-0.76984483
-0.7678101
-0.76499647
-0.7643953
-0.77085507
-0.7700147
-0.76792157
-0.7650092
-0.7671381
-0.7681247
-0.76781154
-0.7695612
-0.76597685
-0.7679448
-0.7679153
-0.7688895
-0.7685055
-0.7668516
-0.7671295
-0.7671322
-0.7711825
-0.7702841
-0.7704116
-0.765923
-0.766305
-0.77243936
-0.7703528
-0.7659033
-0.7692863
-0.76879364
-0.76792806
-0.7701321
-0.76577896
-0.7692921
-0.764458
-0.7725221
-0.77020246
-0.7707132
-0.77139413
-0.769982
-0.76853955
-0.7668165
-0.7684787
-0.7695603
-0.77450895
-0.76775604
-0.7685071
-0.77328414
-0.7684626
-0.7671791
-0.7701507
-0.7712879
-0.76973075
-0.7660973
-0.767915
-0.76540005
-0.7624818
-0.76821697
-0.7647566
-0.7719004
-0.76300985
-0.7667311
-0.76461005
-0.76960796
-0.7699394
-0.76538646
-0.7692562
-0.77341115
-0.7714215
-0.7687661
-0.7683766
-0.7748294
-0.767567
-0.7694713
-0.77280855
-0.77038306
-0.76770437
-0.77073663
-0.7748001
-0.77269083
-0.76565766
-0.76297176
-0.7658737
-0.7641602
-0.77048486
-0.7646407
-0.7646929
-0.7699017
-0.76791716
-0.76821494
-0.76943
-0.7679301
-0.77178097
-0.76953197
-0.7642139
-0.769477
-0.76553947
-0.77272695
-0.76927286
-0.7665349
-0.7681861
-0.7671114
-0.76808494
-0.77217495
-0.76902753
-0.76824796
-0.76736206
-0.7667154
-0.7698451
-0.76739615
-0.7710075
-0.77149844
-0.7717581
-0.7694679
-0.7672997
-0.76528203
-0.770166
-0.7695582
-0.7707433
-0.7719316
-0.7680424
-0.76758987
-0.77427304
-0.77345705
-0.7657348
-0.76863456
-0.7684669
-0.7729375
-0.7694077
-0.7717837
-0.76739573
-0.76554185
-0.7715561
-0.7718906
-0.7721382
-0.76633424
-0.76480407
-0.7713933
-0.7666141
-0.7688262
-0.77003586
-0.7697667
-0.7693493
-0.77201885
-0.7709199
-0.76009697
-0.76990247
-0.76530254
-0.76817644
-0.77237505
-0.76606846
-0.76650065
-0.7735593
-0.7705008
-0.7761139
-0.7659941
-0.7688029
-0.7686501
-0.76632506
-0.7727757
-0.76716566
-0.77491015
-0.7733109
-0.77042365
-0.7682696
-0.7739392
-0.7734849
-0.76767224
-0.77052
-0.76861084
-0.7668553
-0.7681363
-0.763424
-0.7672186
-0.7691009
-0.7703671
-0.76945055
-0.77187943
-0.771876
-0.7698589
-0.7676211
-0.7682922
-0.76969695
-0.76792365
-0.7681489
-0.7658624
-0.7684136
-0.76873815
-0.76797795
-0.7742235
-0.77301526
-0.77326614
-0.77105933
-0.77031475
-0.7723219
-0.7712356
-0.7739658
-0.7695117
-0.76917374
-0.7706965
-0.76966506
-0.77177256
-0.766344
-0.7745154
-0.76716393
-0.7760936
-0.7715455
-0.7713559
-0.7730039
-0.775253
-0.7714922
-0.76831514
-0.7678772
-0.76761395
-0.77224946
-0.7745099
-0.7722805
-0.76748383
-0.77389014
-0.7714348
-0.7710486
-0.766619
-0.7688603
-0.7692568
-0.7665808
-0.7676646
-0.7677278
-0.775113
-0.7693357
-0.76846266
-0.7729938
-0.76678705
-0.76465803
-0.7709564
-0.76572216
-0.7668102
-0.7650272
-0.7695959
-0.7660493
-0.77015865
-0.77280873
-0.77091116
-0.7699533
-0.7698233
-0.77027017
-0.7675001
-0.7736674
-0.7710214
-0.7658439
-0.7718848
-0.7697902
-0.7696926
-0.76976794
-0.7651906
-0.7695467
-0.7680261
-0.7744244
-0.7710071
-0.7703252
-0.7698406
-0.77024925
-0.771715
-0.7706485
-0.7678516
-0.76804674
-0.7712499
-0.76891196
-0.77120936
-0.77161545
-0.76915324
-0.77164847
-0.7715518
-0.7730953
-0.7704513
-0.7670685
-0.771153
-0.7707432
-0.7730871
-0.77195376
-0.7689084
-0.7646375
-0.7735683
-0.7608744
-0.7746509
-0.7724495
-0.77321965
-0.7694614
-0.77060956
-0.7678516
-0.76977944
-0.76837754
-0.7732179
-0.7747828
-0.7682719
-0.77169496
-0.7697691
-0.7753838
-0.7708979
-0.7719902
-0.7678282
-0.77474767
-0.7702118
-0.77514267
-0.7735513
-0.77206683
-0.7699988
-0.77067953
-0.76979244
-0.7753829
-0.77127194
-0.77608925
-0.7683021
-0.7717898
-0.77124333
-0.7730052
-0.7761236
-0.76822555
-0.7685196
-0.76834124
-0.77210206
-0.7681711
-0.7689469
-0.7729496
-0.771147
-0.7713393
-0.76850194
-0.765471
-0.77041626
-0.7647513
-0.7698857
-0.76722
-0.7673619
-0.7737482
-0.7706063
-0.77373636
-0.77241737
-0.7748871
-0.7722812
-0.77076447
-0.771326
-0.7644129
-0.7656963
-0.76771146
-0.7682129
-0.7702635
-0.76909024
-0.7676182
-0.769776
-0.7716179
-0.7679775
-0.77273846
-0.7686508
-0.7649395
-0.7687281
-0.77181417
-0.76561224
-0.7745326
-0.7712181
-0.7646594
-0.7649375
-0.76806724
-0.7731944
-0.77067953
-0.77137583
-0.7708729
-0.76965356
-0.7688265
-0.77008957
-0.76673114
-0.77562004
-0.7662226
-0.77262735
-0.7696493
-0.7711788
-0.7679767
-0.76772827
-0.7667777
-0.7693146
-0.7723034
-0.76927197
-0.77472585
-0.77110875
-0.7672918
-0.7676527
-0.76647365
-0.7705777
-0.77105457
-0.76750016
-0.77042425
-0.77024925
-0.7673251
-0.7716521
-0.7694493
-0.76926416
-0.7691261
-0.76920766
-0.773285
-0.77324486
-0.7672177
-0.770388
-0.76570636
-0.7707002
-0.7662154
-0.7719865
-0.7673217
-0.7678335
-0.7713198
-0.76759917
-0.7685699
-0.7692747
-0.7716219
-0.7737484
-0.77050483
-0.7705985
-0.77074903
-0.7707975
-0.7701184
-0.7696519
-0.7713997
-0.768241
-0.77014214
-0.7723856
-0.7678196
-0.7752202
-0.76883286
-0.76886123
-0.77198017
-0.7703873
-0.7725797
-0.7687175
-0.7735546
-0.7704854
-0.77369815
-0.77538973
-0.7698023
-0.773248
-0.7675419
-0.7694775
-0.76879174
-0.77309793
-0.76857424
-0.7696882
-0.7723783
-0.7704992
-0.76946616
-0.76960003
-0.773268
-0.7714954
-0.7672857
-0.77095646
-0.7703245
-0.76680744
-0.77429247
-0.7723184
-0.76753455
-0.76543784
-0.7723884
-0.77318054
-0.7700658
-0.773565
-0.7733255
-0.76476973
-0.7666265
-0.768649
-0.7702615
-0.76744574
-0.76712316
-0.76712316
-0.77095884
-0.76929146
-0.76425755
-0.7662179
-0.77209055
-0.7728948
-0.7704865
-0.7699473
-0.7689913
-0.7662833
-0.77171594
-0.772543
-0.77557236
-0.77468455
-0.77064437
-0.7692382
-0.7725335
-0.7744418
-0.7682948
-0.77195084
-0.76646864
-0.7664792
-0.7723487
-0.7689657
-0.7732888
-0.7660256
-0.7732437
-0.769979
-0.76667124
-0.77330047
-0.7730274
-0.77368253
-0.76756406
-0.77183867
-0.768049
-0.76775557
-0.77385944
-0.7719036
-0.7673093
-0.7679474
-0.7692043
-0.76992
-0.7663417
-0.7683284
-0.77034706
-0.77075475
-0.77258295
-0.77122784
-0.76978904
-0.7731518
-0.7649505
-0.77020514
-0.7684545
-0.7766636
-0.7693703
-0.7663247
-0.77193326
-0.77565515
-0.76906294
-0.77053314
-0.7684019
-0.77374065
-0.7734722
-0.7727525
-0.77310395
-0.771402
-0.7703022
-0.77363294
-0.77131146
-0.77546835
-0.76932687
-0.7692025
-0.77326924
-0.7695586
-0.7681041
-0.77714026
-0.7715083
-0.77599776
-0.7751316
-0.771826
-0.7720908
-0.76920825
-0.7758846
-0.77191514
-0.7696907
-0.7697519
-0.7688964
-0.7711192
-0.76601493
-0.7679117
-0.77140003
-0.7661537
-0.766646
-0.7712859
-0.7748459
-0.7763023
-0.7750536
-0.76771694
-0.77383804
-0.77569044
-0.7728935
-0.77192223
-0.77252495
-0.76933116
-0.7736812
-0.7784335
-0.7762983
-0.77356553
-0.7706084
-0.7721156
-0.7724551
-0.77451295
-0.7691816
-0.77331233
-0.7678501
-0.7679233
-0.769947
-0.7734373
-0.77250487
-0.7722983
-0.7723302
-0.7726928
-0.768702
-0.7665773
-0.76494074
-0.7711645
-0.77195144
-0.77434343
-0.77611446
-0.76935154
-0.7745967
-0.7696908
-0.7712325
-0.7729967
-0.7713726
-0.76680464
-0.7695383
-0.7698772
-0.768694
-0.77285945
-0.76832056
-0.7734376
-0.77010345
-0.77247024
-0.7755138
-0.77209
-0.7702356
-0.7727224
-0.77424884
-0.775459
-0.77120644
-0.7698649
-0.7737622
-0.7713274
-0.77298087
-0.77597815
-0.76972574
-0.77474904
-0.77695227
-0.7728049
-0.77551943
-0.7701294
-0.76721275
-0.7760836
-0.7738575
-0.77101296
-0.7700469
-0.7740205
-0.77177066
-0.7714245
-0.7704251
-0.77104974
-0.76963854
-0.7695507
-0.7708838
-0.77334356
-0.7715498
-0.7742476
-0.77342135
-0.77689135
-0.7692328
-0.7758722
-0.76691747
-0.7736913
-0.7700062
-0.77282256
-0.7737103
-0.7720137
-0.7706422
-0.7701244
-0.77710897
-0.7686392
-0.76949346
-0.7703993
-0.7678294
-0.7729778
-0.77520186
-0.7727344
-0.7741471
-0.7677706
-0.7732394
-0.76810485
-0.77485216
-0.7720608
-0.77151656
-0.77015376
-0.77527606
-0.76851016
-0.7731261
-0.7704474
-0.7697989
-0.77472866
-0.7719077
-0.76877564
-0.77689844
-0.76904917
-0.7760564
-0.76844805
-0.7749248
-0.77382
-0.77256423
-0.7711207
-0.774875
-0.7699607
-0.77024174
-0.7711221
-0.7718715
-0.7731109
-0.7667537
-0.76848376
-0.77491516
-0.7733685
-0.7714896
-0.7727417
-0.76962245
-0.7728901
-0.7683509
-0.77396417
-0.77371687
-0.7723329
-0.77324045
-0.7711666
-0.7756985
-0.7724882
-0.77079946
-0.77272373
-0.77062315
-0.77584374
-0.77595246
-0.77551186
-0.7724502
-0.76823837
-0.77213055
-0.77554226
-0.76974785
-0.77339125
-0.7701725
-0.77249485
-0.7777536
-0.7723834
-0.77207637
-0.7769374
-0.7755605
-0.77085376
-0.7775678
-0.77318835
-0.7706295
-0.76864094
-0.77368087
-0.7711255
-0.77145624
-0.77955914
-0.77201796
-0.7747918
-0.7722094
-0.774735
-0.7775645
-0.7710299
-0.7760642
-0.77767164
-0.77572584
-0.7743276
-0.77365565
-0.77609974
-0.77513736
-0.7793319
-0.7734129
-0.77479523
-0.77630985
-0.7735968
-0.77517813
-0.7812412
-0.77539116
-0.77426636
-0.775721
-0.7780814
-0.77125484
-0.77492124
-0.77498466
-0.773849
-0.7772953
-0.7732094
-0.7752975
-0.7769332
-0.77315545
-0.77258676
-0.77839243
-0.77154964
-0.77574325
-0.77631944
-0.77514017
-0.77101076
-0.7773342
-0.7718761
-0.771979
-0.77581614
-0.77654535
-0.77439725
-0.7715587
-0.77162945
-0.77953786
-0.772661
-0.7678832
-0.77183706
-0.773183
-0.7713576
-0.77524066
-0.77668613
-0.77384645
-0.77499527
-0.77064055
-0.77199703
-0.77383447
-0.7706649
-0.7685695
-0.769893
-0.77220654
-0.7702899
-0.7708688
-0.7712318
-0.77098626
-0.7732703
-0.77605915
-0.7688348
-0.7692571
-0.77330977
-0.77767104
-0.77319384
-0.7767568
-0.7721765
-0.77480644
-0.7729233
-0.7779855
-0.7779959
-0.7776305
-0.7738749
-0.7703899
-0.7760975
-0.7756261
-0.77247137
-0.77184534
-0.7748758
-0.77989507
-0.7716476
-0.7789297
-0.7705316
-0.7772648
-0.7784754
-0.7741018
-0.77745676
-0.7701501
-0.76909876
-0.775907
-0.77228135
-0.77458966
-0.77033633
-0.7748631
-0.77370924
-0.77387655
-0.7722718
-0.7723124
-0.77368987
-0.77919376
-0.7703035
-0.77496135
-0.77474713
-0.77440685
-0.7738945
-0.77010244
-0.7740145
-0.7750175
-0.7777476
-0.7726472
-0.77414894
-0.7711711
-0.77818733
-0.7758023
-0.78033537
-0.7816648
-0.77591085
-0.7746648
-0.77469987
-0.77489406
-0.77687967
-0.7779867
-0.77474177
-0.7757309
-0.7749183
-0.7763046
-0.77220315
-0.7787701
-0.77456784
-0.7798202
-0.7730698
-0.77027
-0.7720473
-0.7769837
-0.77404743
-0.779026
-0.7783011
-0.77314574
-0.7797702
-0.7807515
-0.77301526
-0.7788251
-0.77130187
-0.7710709
-0.77459323
-0.77350056
-0.7746311
-0.776195
-0.77366394
-0.77655655
-0.7737643
-0.7778486
-0.7754988
-0.7743364
-0.7775802
-0.77281666
-0.77204144
-0.7790868
-0.7754471
-0.77932745
-0.77464634
-0.77303845
-0.7839891
-0.77787954
-0.7733732
-0.7780771
-0.774737
-0.77187043
-0.7765745
-0.77672905
-0.77679366
-0.77893853
-0.775177
-0.7705752
-0.7759042
-0.77473116
-0.7819142
-0.7773639
-0.7784672
-0.7754439
-0.7733549
-0.7745485
-0.7727873
-0.7773744
-0.7749907
-0.77155584
-0.7741188
-0.7757762
-0.7769658
-0.77915174
-0.7777564
-0.7796893
-0.7771882
-0.77263117
-0.7719295
-0.7761466
-0.77583706
-0.774605
-0.77620673
-0.77597696
-0.77805287
-0.77139616
-0.77126855
-0.7749247
-0.7792159
-0.77831346
-0.7756144
-0.7762015
-0.7730458
-0.77831805
-0.7770715
-0.775976
-0.7813342
-0.77732575
-0.7773931
-0.7771217
-0.77869934
-0.7768358
-0.7706577
-0.7781767
-0.7726279
-0.7724047
-0.7742333
-0.77121645
-0.77566147
-0.7706484
-0.77341145
-0.76994663
-0.7760692
-0.7772654
-0.77438873
-0.7733175
-0.7716578
-0.7713791
-0.77622867
-0.7784029
-0.7734791
-0.7737818
-0.77589285
-0.77467215
-0.77558327
-0.7747912
-0.7781612
-0.77508944
-0.7761297
-0.77549875
-0.7744439
-0.77694386
-0.7756981
-0.77743036
-0.7735099
-0.77637255
-0.7761425
-0.77834266
-0.77680236
-0.76992375
-0.77195704
-0.7785689
-0.7700555
-0.769747
-0.7759645
-0.7765437
-0.7744979
-0.7747089
-0.77871007
-0.77970994
-0.7812285
-0.7796028
-0.7787175
-0.7750257
-0.77794117
-0.7763071
-0.7754674
-0.78018403
-0.7708559
-0.7758097
-0.7779194
-0.7748519
-0.765599
-0.77119637
-0.7757939
-0.77124554
-0.7759874
-0.771571
-0.7710274
-0.7709482
-0.7740022
-0.7756863
-0.772425
-0.7749029
-0.7757363
-0.77205503
-0.77111053
-0.7698048
-0.7733227
-0.7710846
-0.77728844
-0.770558
-0.77512264
-0.77679694
-0.7777374
-0.7722109
-0.7742727
-0.77453613
-0.77350426
-0.7729889
-0.77280885
-0.7720528
-0.7753344
-0.77456856
-0.77892566
-0.7752674
-0.78007275
-0.77670574
-0.77485025
-0.7776557
-0.7760435
-0.78269345
-0.77427685
-0.7726772
-0.7779222
-0.7756821
-0.77490294
-0.7759345
-0.7779903
-0.7765805
-0.7791877
-0.7748854
-0.7796705
-0.77878094
-0.7819918
-0.7762753
-0.78082585
-0.77673715
-0.779813
-0.77833825
-0.78177565
-0.7814529
-0.77980494
-0.7729491
-0.77641696
-0.7791762
-0.77349484
-0.7758626
-0.7747757
-0.7738123
-0.77371585
-0.7722669
-0.77003884
-0.772765
-0.7745742
-0.77881885
-0.77664024
-0.77735233
-0.7785789
-0.77455825
-0.77591276
-0.7743505
-0.7751595
-0.77614385
-0.7758093
-0.7706598
-0.77540934
-0.7761078
-0.77184737
-0.7779553
-0.7780793
-0.77623755
-0.7780846
-0.77922386
-0.77305907
-0.7754792
-0.7717339
-0.77811086
-0.77255934
-0.77467823
-0.77818406
-0.7742647
-0.7774207
-0.77631056
-0.7742658
-0.7743622
-0.7783189
-0.7763344
-0.7734241
-0.77533215
-0.77511483
-0.7784369
-0.780363
-0.7781885
-0.77732944
-0.7786649
-0.77383643
-0.7812514
-0.780169
-0.7795184
-0.7776012
-0.77657306
-0.7761752
-0.77183944
-0.7777822
-0.7747708
-0.7777218
-0.7777867
-0.77811015
-0.7787807
-0.77806133
-0.7800321
-0.7771037
-0.777733
-0.7767855
-0.7759962
-0.77756107
-0.77443296
-0.77519214
-0.7726547
-0.7709092
-0.7722624
-0.77105653
-0.78033686
-0.77563673
-0.7765809
-0.7770188
-0.7802624
-0.77761173
-0.7755312
-0.77922755
-0.7759389
-0.7781364
-0.77814764
-0.78084934
-0.77827257
-0.7790847
-0.7732664
-0.78199595
-0.77223265
-0.7779586
-0.77435774
-0.77516115
-0.7785978
-0.7743187
-0.7746872
-0.7786316
-0.77890605
-0.78043485
-0.7744665
-0.7801169
-0.774764
-0.77846164
-0.7769341
-0.77770734
-0.77599764
-0.7769294
-0.775853
-0.7818859
-0.7789099
-0.7780634
-0.77587914
-0.77621484
-0.7804834
-0.77884746
-0.77903354
-0.7768003
-0.7799163
-0.7799797
-0.77977693
-0.7743492
-0.7781203
-0.77957034
-0.77845484
-0.7768464
-0.7754371
-0.7750431
-0.7756403
-0.77524346
-0.7713069
-0.77408063
-0.77545923
-0.7774354
-0.774077
-0.77836
-0.7798415
-0.7770663
-0.7730481
-0.7748224
-0.7758565
-0.7769192
-0.77848995
-0.7742243
-0.7734934
-0.7734645
-0.7752485
-0.7800255
-0.7774336
-0.7740005
-0.7782894
-0.77629536
-0.77893865
-0.77794963
-0.7749223
-0.7770212
-0.7785685
-0.77520317
-0.7770579
-0.7772605
-0.7795293
-0.7827073
-0.77849966
-0.77690405
-0.779319
-0.77864057
-0.7815692
-0.7761081
-0.7805245
-0.7746096
-0.77786916
-0.77593887
-0.7766068
-0.7787064
-0.77784145
-0.7752996
-0.7782757
-0.7752293
-0.77746505
-0.775812
-0.7770165
-0.78177947
-0.7769308
-0.77833307
-0.7744948
-0.77387357
-0.77785134
-0.78052527
-0.7800351
-0.782645
-0.78128415
-0.7805637
-0.78186786
-0.7766674
-0.7781304
-0.7788873
-0.7772119
-0.77874273
-0.778934
-0.77619535
-0.77496403
-0.7772616
-0.7791731
-0.778254
-0.7761525
-0.77906656
-0.77503914
-0.7746384
-0.77775544
-0.77769977
-0.77870196
-0.7809522
-0.7874631
-0.77694607
-0.7838139
-0.777292
-0.77704793
-0.77051985
-0.7740821
-0.7760172
-0.776106
-0.7767163
-0.7734185
-0.7784277
-0.7783919
-0.77921057
-0.7798975
-0.7744023
-0.7811291
-0.78019
-0.77052426
-0.7809146
-0.7760205
-0.7800101
-0.78069973
-0.7794719
-0.7807073
-0.78063816
-0.7786915
-0.78185546
-0.77863467
-0.7771882
-0.7758501
-0.7781122
-0.78007793
-0.78121203
-0.77859807
-0.7799666
-0.779687
-0.77633625
-0.7746295
-0.77827406
-0.77789956
-0.77747416
-0.7731546
-0.7756108
-0.7774939
-0.77405286
-0.7806137
-0.7751639
-0.7736299
-0.7752667
-0.77766633
-0.77555674
-0.7745544
-0.7699234
-0.7828856
-0.77924716
-0.7764608
-0.78310496
-0.78078264
-0.777283
-0.7815099
-0.778536
-0.77743727
-0.7754729
-0.78232443
-0.77117705
-0.7763598
-0.78006184
-0.7827607
-0.7809173
-0.7777349
