-0.31563544
-0.32901144
-0.33265722
-0.33801562
-0.36307243
-0.36948073
-0.36494124
-0.38096085
-0.4005239
-0.38462377
-0.41012633
-0.40522155
-0.40076262
-0.42917213
-0.42386281
-0.42921007
-0.4229509
-0.43501788
-0.43302003
-0.45609805
-0.4474793
-0.45030683
-0.46669036
-0.4718567
-0.4663815
-0.47317225
-0.47079
-0.48891804
-0.48016828
-0.48533842
-0.48237544
-0.48949736
-0.49313328
-0.48754632
-0.5037023
-0.50443846
-0.5158742
-0.50725394
-0.51618147
-0.5209569
-0.51736987
-0.52501464
-0.52767056
-0.53880703
-0.5281887
-0.5352752
-0.52189887
-0.5338295
-0.53673613
-0.53027046
-0.53281575
-0.5468377
-0.5380313
-0.5429567
-0.5540233
-0.5509377
-0.5452353
-0.54768884
-0.56187534
-0.5672809
-0.55191135
-0.5654571
-0.5605005
-0.559238
-0.57093626
-0.55853957
-0.5738944
-0.5663902
-0.5705779
-0.5765941
-0.58422196
-0.56989646
-0.5832933
-0.5755007
-0.579389
-0.57155716
-0.5839856
-0.5892181
-0.57607913
-0.5935013
-0.59584564
-0.5931061
-0.586679
-0.584014
-0.59836364
-0.59525025
-0.59044826
-0.5961174
-0.5957893
-0.59964633
-0.5897248
-0.60028505
-0.6058348
-0.61155295
-0.6015545
-0.6083931
-0.60270923
-0.612266
-0.6078751
-0.6268124
-0.6205387
-0.6216786
-0.615043
-0.6295989
-0.621027
-0.626989
-0.62473655
-0.6098752
-0.62318915
-0.6281313
-0.63269866
-0.62301
-0.6218465
-0.6227565
-0.6298338
-0.63303024
-0.633345
-0.62593913
-0.63564956
-0.6281814
-0.63212335
-0.63579607
-0.63587856
-0.63618064
-0.6256987
-0.64109284
-0.62923956
-0.6259097
-0.6382811
-0.6375306
-0.63248557
-0.639357
-0.63979083
-0.63863146
-0.6321709
-0.6361116
-0.6499713
-0.6387728
-0.64739203
-0.6409346
-0.62933195
-0.6355105
-0.645767
-0.63816905
-0.63117975
-0.6433791
-0.6415151
-0.649881
-0.63202953
-0.64307153
-0.642667
-0.63494426
-0.648401
-0.6544376
-0.649662
-0.64121944
-0.6488748
-0.65142584
-0.64894474
-0.6424387
-0.64350915
-0.64311683
-0.65104204
-0.6400883
-0.6422897
-0.6383219
-0.64389086
-0.6496507
-0.6537545
-0.65104246
-0.6478936
-0.642618
-0.6585354
-0.6504948
-0.64327765
-0.6479041
-0.6522975
-0.6537756
-0.64825404
-0.64606315
-0.6498008
-0.660384
-0.65498525
-0.6513932
-0.65592426
-0.65448624
-0.6555938
-0.6491161
-0.6445171
-0.6580773
-0.65540963
-0.64806604
-0.669103
-0.6646402
-0.6601052
-0.65157545
-0.66044843
-0.65513504
-0.65816844
-0.6595553
-0.666068
-0.67619735
-0.6477093
-0.6615618
-0.66337186
-0.6702424
-0.6577533
-0.6612282
-0.6662698
-0.6738442
-0.66411793
-0.67005837
-0.6605234
-0.65824485
-0.66797763
-0.6713905
-0.66506886
-0.66381013
-0.67052114
-0.6640014
-0.6745919
-0.66931885
-0.6673916
-0.66484576
-0.66124886
-0.6618779
-0.66567576
-0.6609312
-0.6730014
-0.66706324
-0.66890806
-0.67143327
-0.6701716
-0.6648722
-0.6724597
-0.671819
-0.6710617
-0.67071176
-0.6705355
-0.6673281
-0.6745485
-0.67189485
-0.66733307
-0.68047523
-0.66750807
-0.67160714
-0.6605134
-0.6592459
-0.6578804
-0.6699503
-0.66098154
-0.666996
-0.6778825
-0.67436725
-0.668013
-0.66541463
-0.66676736
-0.660257
-0.66044134
-0.6741884
-0.6624338
-0.66556984
-0.67058796
-0.67937094
-0.667974
-0.6769544
-0.6715423
-0.6730249
-0.6655758
-0.6805589
-0.67678523
-0.68347925
-0.6782232
-0.67856693
-0.67310536
-0.6800079
-0.6875023
-0.67455405
-0.6887191
-0.68540204
-0.6849403
-0.6844281
-0.6879724
-0.686873
-0.6822245
-0.6810917
-0.6970574
-0.68674123
-0.6857735
-0.67389125
-0.68267274
-0.6753046
-0.6771408
-0.67654973
-0.6790737
-0.6817264
-0.6839285
-0.6849763
-0.6872989
-0.6837367
-0.68649423
-0.68348736
-0.67985314
-0.6886591
-0.67994356
-0.68137777
-0.67199224
-0.67698735
-0.67897636
-0.6786002
-0.6781941
-0.6697111
-0.6708668
-0.6789627
-0.687789
-0.6788333
-0.6724016
-0.68379796
-0.68522257
-0.6739367
-0.6915721
-0.6937907
-0.68505013
-0.68249357
-0.68717456
-0.6776948
-0.68718815
-0.6863377
-0.67377484
-0.6830935
-0.6889771
-0.69140494
-0.6912144
-0.6892497
-0.6883245
-0.68252224
-0.69492245
-0.6890954
-0.6911484
-0.6897458
-0.6851918
-0.6865342
-0.679069
-0.6946441
-0.6902816
-0.6874927
-0.6890826
-0.6943277
-0.69605154
-0.680745
-0.6869093
-0.67990714
-0.6915651
-0.6972251
-0.6870494
-0.68786305
-0.68730265
-0.6917767
-0.6939025
-0.6869067
-0.6989273
-0.687784
-0.69320786
-0.6953555
-0.69574183
-0.69389945
-0.69872344
-0.7036765
-0.6974226
-0.69876283
-0.70004
-0.70885277
-0.7009463
-0.706175
-0.7103232
-0.70377386
-0.6981883
-0.6977073
-0.7070839
-0.70013535
-0.703857
-0.70265245
-0.70221055
-0.70871216
-0.69499
-0.7153324
-0.7083223
-0.7082791
-0.7076849
-0.6990212
-0.7072074
-0.7125442
-0.70707345
-0.72024137
-0.71474564
-0.70985126
-0.7133359
-0.7195612
-0.710605
-0.71682066
-0.7132411
-0.7106275
-0.7090246
-0.7120772
-0.7128043
-0.71685576
-0.70922047
-0.704401
-0.71470153
-0.71299386
-0.70239717
-0.7140186
-0.71007234
-0.71112025
-0.71406066
-0.7103198
-0.7148941
-0.70536894
-0.71215737
-0.7112652
-0.7075721
-0.714449
-0.71054196
-0.7099295
-0.7018442
-0.71077925
-0.7149546
-0.7151703
-0.7206101
-0.70994985
-0.71181405
-0.72505915
-0.7260892
-0.718111
-0.7249572
-0.72653896
-0.7337535
-0.7277881
-0.7249376
-0.72448057
-0.7323517
-0.7296892
-0.7236015
-0.727919
-0.7268588
-0.72285426
-0.72538924
-0.72799456
-0.72701585
-0.73384047
-0.72809964
-0.73495084
-0.7336021
-0.741634
-0.74246585
-0.7361369
-0.7433129
-0.73423344
-0.73821884
-0.73267823
-0.73340154
-0.73339474
-0.73618656
-0.74381596
-0.7438416
-0.7331474
-0.74995166
-0.73985416
-0.74683934
-0.743617
-0.74343157
-0.746035
-0.7492333
-0.7523454
-0.74998933
-0.740213
-0.7495559
-0.74868697
-0.7426653
-0.74639094
-0.7485809
-0.7433465
-0.741709
-0.7420093
-0.7425183
-0.7509149
-0.7507906
-0.7530655
-0.74970144
-0.7537955
-0.7500191
-0.7532499
-0.7574173
-0.7496476
-0.7466198
-0.750776
-0.7550914
-0.75765467
-0.76069593
-0.76036435
-0.76003146
-0.756503
-0.7586593
-0.7590276
-0.7593199
-0.75536793
-0.75156784
-0.75989294
-0.7568482
-0.7508028
-0.7606136
-0.7586408
-0.7492435
-0.75545293
-0.7589686
-0.7481519
-0.7520259
-0.7606098
-0.7533729
-0.75527585
-0.75934446
-0.75725305
-0.75885904
-0.7602928
-0.76392287
-0.7513609
-0.7554339
-0.7548394
-0.76238304
-0.7646166
-0.7603348
-0.76284367
-0.7610851
-0.7522287
-0.7590776
-0.76627564
-0.76417285
-0.76721054
-0.75814646
-0.7687528
-0.76959777
-0.7676534
-0.76758355
-0.767877
-0.77013403
-0.7701646
-0.7759652
-0.76616037
-0.77359027
-0.77771133
-0.7784407
-0.77603894
-0.77413636
-0.77185863
-0.7721254
-0.77706796
-0.77205
-0.7789505
-0.7737389
-0.77722985
-0.77892363
-0.77975374
-0.77716875
-0.7713598
-0.7779377
-0.7819606
-0.78337044
-0.78377324
-0.7810708
-0.7818758
-0.7827583
-0.7766247
-0.77903295
-0.78483087
-0.786593
-0.7807546
-0.78154725
-0.78096056
-0.7855761
-0.78152955
-0.7857341
-0.7882217
-0.7845561
-0.7857343
-0.78251374
-0.77994204
-0.7818048
-0.7857114
-0.7793741
-0.7805044
-0.78651226
-0.78434694
-0.78741103
-0.78480643
-0.788797
-0.7845636
-0.7882987
-0.7835725
-0.78733695
-0.7853747
-0.7846803
-0.7799494
-0.7817468
-0.77709514
-0.7879668
-0.7812061
-0.7843097
-0.78211266
-0.7828041
-0.78399676
-0.7893478
-0.7871023
-0.78984773
-0.78846407
-0.7912538
-0.78196317
-0.7925312
-0.78792125
-0.7801308
-0.789468
-0.7906974
-0.79052407
-0.78864914
-0.7881356
-0.7864239
-0.78559375
-0.7861043
-0.7835914
-0.78552663
-0.78987014
-0.7844576
-0.77665704
-0.77949107
-0.78454936
-0.7871472
-0.7861123
-0.7871326
-0.78660625
-0.77664983
-0.77678776
-0.782628
-0.7829488
-0.7824527
-0.7873142
-0.7846104
-0.7821751
-0.7872615
-0.78689957
-0.7842167
-0.7854051
-0.78607064
-0.7921474
-0.7864576
-0.7888734
-0.79193735
-0.78786886
-0.7798382
-0.79121375
-0.7918549
-0.794334
-0.7872088
-0.7872413
-0.7976059
-0.79068273
-0.79336804
-0.78369635
-0.7910533
-0.78507435
-0.796592
-0.7871549
-0.78920686
-0.78648365
-0.7845598
-0.78456324
-0.7866922
-0.7825456
-0.7857262
-0.78585935
-0.79084265
-0.7969274
-0.7862205
-0.7865905
-0.7898645
-0.79337734
-0.78959674
-0.7923613
-0.7946993
-0.7884234
-0.78975475
-0.7899682
-0.79354286
-0.79025066
-0.7926932
-0.7996902
-0.7876168
-0.7932791
-0.79209393
-0.7872136
-0.7913198
-0.79373497
-0.7961729
-0.79148674
-0.79763824
-0.7968858
-0.79393697
-0.7977626
-0.7992454
-0.8022452
-0.7954975
-0.8019201
-0.79621756
-0.797101
-0.7971823
-0.7998167
-0.7990266
-0.7934261
-0.7967984
-0.79610515
-0.7891101
-0.79076916
-0.791654
-0.791004
-0.79032713
-0.79849166
-0.7929416
-0.79611015
-0.79432166
-0.8016307
-0.79206985
-0.7959946
-0.79551125
-0.7938439
-0.79471576
-0.79586196
-0.80462086
-0.7883533
-0.7883064
-0.7966803
-0.7978797
-0.79550207
-0.7972715
-0.792921
-0.7970897
-0.79365593
-0.7986114
-0.7968488
-0.79947937
-0.8006707
-0.79720485
-0.7974825
-0.7963486
-0.7996903
-0.79841006
-0.8045189
-0.80046564
-0.80010355
-0.8010627
-0.7912236
-0.7919575
-0.7983437
-0.7992323
-0.8018173
-0.79974145
-0.8003737
-0.79744905
-0.80219364
-0.7942912
-0.8001337
-0.7941863
-0.7977389
-0.7979804
-0.798614
-0.7918364
-0.79648346
-0.7987064
-0.80130804
-0.79418355
-0.79556865
-0.79624915
-0.7961027
-0.79714763
-0.79826885
-0.79893064
-0.79996544
-0.798067
-0.80336595
-0.79813755
-0.79695046
-0.7984453
-0.8014852
-0.7929146
-0.7990764
-0.8003422
-0.80282766
-0.7946064
-0.7925589
-0.801005
-0.8022134
-0.7995073
-0.7924222
-0.79454434
-0.79178464
-0.801282
-0.80027497
-0.7928471
-0.8006678
-0.7960398
-0.8008399
-0.79656196
-0.80614626
-0.8070024
-0.7905882
-0.7942464
-0.79850715
-0.80360776
-0.79921395
-0.80117273
-0.7943729
-0.7957958
-0.7955069
-0.79630035
-0.7997458
-0.7961838
-0.7996937
-0.8001206
-0.79151964
-0.79248446
-0.7975862
-0.80239254
-0.8046579
-0.7953295
-0.79810756
-0.7996008
-0.798604
-0.79971004
-0.7975915
-0.803234
-0.8041772
-0.79794043
-0.7990356
-0.79956996
-0.7935709
-0.8046462
-0.80293465
-0.810627
-0.8026612
-0.8021054
-0.8050472
-0.8016546
-0.8055065
-0.800311
-0.80947685
-0.8014667
-0.8029078
-0.8081391
-0.8053043
-0.80640876
-0.8085157
-0.8012064
-0.8061294
-0.8052681
-0.79984576
-0.8005905
-0.80146843
-0.8025914
-0.8049742
-0.8014036
-0.79832387
-0.7976779
-0.8018469
-0.80008703
-0.7989305
-0.7989248
-0.7971233
-0.79544187
-0.7929644
-0.79313886
-0.802935
-0.79962856
-0.8076979
-0.79446745
-0.7951758
-0.7995816
-0.79139036
-0.7997278
-0.79695576
-0.8012967
-0.80492014
-0.796851
-0.8063989
-0.80524355
-0.7986066
-0.7956001
-0.7995055
-0.80260444
-0.8027037
-0.80575895
-0.79796326
-0.8017614
-0.80060714
-0.7975785
-0.7959115
-0.80298245
-0.800303
-0.7954207
-0.7993832
-0.80498195
-0.7973197
-0.8005343
-0.80680346
-0.79388803
-0.80940974
-0.8039449
-0.79882824
-0.7954605
-0.7996596
-0.80124485
-0.7981929
-0.7984716
-0.80231845
-0.80166966
-0.79892254
-0.79861176
-0.80264467
-0.79372936
-0.8023702
-0.79852736
-0.79539776
-0.80170614
-0.8008081
-0.79605204
-0.80392617
-0.7927195
-0.8043777
-0.79691494
-0.80545413
-0.806578
-0.795959
-0.8093992
-0.80222964
-0.8023565
-0.805468
-0.8056494
-0.7963149
-0.7973748
-0.7996746
-0.8017285
-0.8011905
-0.80655515
-0.8060677
-0.80077136
-0.8046452
-0.80318546
-0.8008594
-0.80333585
-0.80261284
-0.79911727
-0.80029327
-0.80250967
-0.7992126
-0.8055724
-0.80413866
-0.8076856
-0.8055311
-0.8027676
-0.80587244
-0.7985035
-0.8010301
-0.80594707
-0.80817515
-0.8042892
-0.8005802
-0.8104935
-0.8034185
-0.8093006
-0.8059636
-0.8049938
-0.81055963
-0.80414957
-0.80433106
-0.80974185
-0.8071279
-0.7994193
-0.8017988
-0.7956925
-0.80066824
-0.8037606
-0.8054036
-0.8042494
-0.8060816
-0.7990454
-0.7980823
-0.8033776
-0.7981796
-0.80269504
-0.8063744
-0.8050153
-0.8010704
-0.8024875
-0.8030306
-0.8034741
-0.8097821
-0.8048704
-0.8053412
-0.80618054
-0.8023186
-0.8111798
-0.8105147
-0.80953944
-0.8013548
-0.80759144
-0.8055251
-0.805599
-0.808891
-0.804228
-0.80911267
-0.80450875
-0.80417943
-0.807342
-0.8028929
-0.7973737
-0.8049323
-0.8128818
-0.8050953
-0.80359787
-0.79628307
-0.8120869
-0.80615705
-0.8024542
-0.8042625
-0.8067218
-0.80582815
-0.8109332
-0.80669713
-0.7963012
-0.80581445
-0.8116898
-0.8091463
-0.8060502
-0.8054026
-0.8056043
-0.80455434
-0.80892825
-0.8074565
-0.81037956
-0.80908716
-0.8140834
-0.8076356
-0.8083811
-0.80857813
-0.80594033
-0.80606574
-0.80638903
-0.80008495
-0.8014016
-0.8068358
-0.8031747
-0.80862135
-0.8055102
-0.8073755
-0.8081841
-0.80913043
-0.8115271
-0.8092845
-0.806908
-0.8061779
-0.79968894
-0.80982673
-0.80097693
-0.81149954
-0.81303364
-0.81125784
-0.8053491
-0.80322623
-0.8068654
-0.8075856
-0.81041515
-0.8041894
-0.8034377
-0.809591
-0.81669945
-0.8101274
-0.80824524
-0.8044766
-0.80614096
-0.7982974
-0.80329674
-0.800081
-0.7973916
-0.7982434
-0.8079254
-0.8023147
-0.8025551
-0.7955165
-0.8042057
-0.7998524
-0.7988517
-0.8070222
-0.8054524
-0.80301064
-0.80365974
-0.8005158
-0.79863614
-0.8001595
-0.80568135
-0.806102
-0.8026905
-0.80244976
-0.803599
-0.80186474
-0.80054325
-0.7964316
-0.7994138
-0.80423236
-0.8034282
-0.7963887
-0.79838043
-0.80671245
-0.79992896
-0.80661404
-0.8027941
-0.8025875
-0.8058173
-0.8027539
-0.80093086
-0.79952925
-0.8000292
-0.8039335
-0.79866594
-0.80584466
-0.80688375
-0.8124132
-0.8096581
-0.8105485
-0.80157506
-0.8099417
-0.80327344
-0.8046621
-0.7995269
-0.8026892
-0.80284095
-0.80866915
-0.8070477
-0.8110911
-0.8082161
-0.8012026
-0.80419636
-0.8012383
-0.79914075
-0.8031106
-0.80819035
-0.79649746
-0.8067862
-0.801782
-0.80234635
-0.80128807
-0.8098759
-0.80530065
-0.80560684
-0.78996783
-0.80259985
-0.80723643
-0.8027691
-0.8003346
-0.7952065
-0.79921186
-0.79582477
-0.801909
-0.8069264
-0.79948735
-0.7929606
-0.79226965
-0.7985905
-0.798173
-0.80254585
-0.8037857
-0.8072287
-0.80551404
-0.79473215
-0.7968362
-0.8044225
-0.80675715
-0.8095478
-0.8036392
-0.80381894
-0.80245745
-0.8005762
-0.79923934
-0.7992032
-0.8040021
-0.796662
-0.8049667
-0.7977073
-0.8025226
-0.8020514
-0.80495894
-0.7985569
-0.7988886
-0.79793197
-0.80600744
-0.79650676
-0.80865365
-0.79608464
-0.8046335
-0.8036563
-0.8049533
-0.80432844
-0.80880964
-0.80384094
-0.80069566
-0.8061953
-0.80489147
-0.8031465
-0.8038137
-0.8042943
-0.80122185
-0.7957757
-0.8058625
-0.81129616
-0.80680573
-0.8133991
-0.8073683
-0.8018246
-0.804355
-0.80457664
-0.80517185
-0.8074207
-0.8077686
-0.8043597
-0.8056898
-0.81047666
-0.80980843
-0.81068605
-0.811285
-0.81396705
-0.8017143
-0.80724984
-0.81003386
-0.81059927
-0.80074877
-0.79850966
-0.7949537
-0.80132407
-0.79828703
-0.79778445
-0.8009222
-0.7979019
-0.7878678
-0.7982113
-0.791786
-0.8071749
-0.7932945
-0.7956381
-0.7935226
-0.787071
-0.7963782
-0.79243755
-0.79656756
-0.7934357
-0.7957539
-0.7947369
-0.79856116
-0.7959108
-0.7993897
-0.7987025
-0.80050457
-0.79832095
-0.79280156
-0.7983251
-0.80298233
-0.8008493
-0.79739165
-0.7972587
-0.79973793
-0.80055654
-0.7987344
-0.8057565
-0.7987629
-0.80006474
-0.7972813
-0.79985875
-0.8082401
-0.8015485
-0.80113643
-0.803066
-0.8003641
-0.80263805
-0.80010384
-0.79895836
-0.79898363
-0.8029411
-0.7960624
-0.79772514
-0.8034294
-0.8020664
-0.80762434
-0.80344886
-0.80485415
-0.7974497
-0.80170244
-0.79997677
-0.80768836
-0.81410813
-0.80247265
-0.80915916
-0.8031451
-0.8032673
-0.80793226
-0.8003814
-0.7929331
-0.8033292
-0.8018857
-0.79878867
-0.8052175
-0.80611444
-0.80322677
-0.8076025
-0.80734515
-0.81143993
-0.80968285
-0.8091956
-0.8068788
-0.8034557
-0.8098953
-0.8026616
-0.80726105
-0.8114904
-0.80896175
-0.8069125
-0.80260724
-0.8097134
-0.7984071
-0.810079
-0.8128185
-0.8109961
-0.8117276
-0.80660033
-0.80718267
-0.80616707
-0.8083292
-0.8068846
-0.81064665
-0.80512404
-0.80564266
-0.8035064
-0.80849355
-0.8052794
-0.8095
-0.8066559
-0.80479133
-0.80495864
-0.8085562
-0.8137078
-0.80647016
-0.809667
-0.80822366
-0.8090182
-0.8114458
-0.8068552
-0.812366
-0.8047843
-0.8099635
-0.81069976
-0.8068516
-0.80782753
-0.8004634
-0.8069505
-0.80829304
-0.8091876
-0.8072703
-0.8020406
-0.812248
-0.80720365
-0.81051916
-0.8130215
-0.8173041
-0.8146412
-0.80986756
-0.7987479
-0.80349386
-0.80644506
-0.8078195
-0.80196464
-0.80919504
-0.80819535
-0.81277186
-0.81448007
-0.80985004
-0.81186485
-0.7991555
-0.80830705
-0.8112363
-0.799398
-0.8045585
-0.80844074
-0.80272937
-0.81078285
-0.818595
-0.8033954
-0.8068139
-0.81022125
-0.81400084
-0.8122505
-0.8071283
-0.8112871
-0.81031805
-0.8084305
-0.80823535
-0.80916446
-0.8045022
-0.8077438
-0.8027765
-0.8101565
-0.8112771
-0.80962545
-0.80734444
-0.81846344
-0.80606276
-0.8119885
-0.8095615
-0.8114981
-0.8141578
-0.8118043
-0.818341
-0.81494445
-0.80945396
-0.8118163
-0.8114878
-0.80860364
-0.81011343
-0.8153791
-0.80898017
-0.8109419
-0.8147603
-0.8130824
-0.8144228
-0.8168723
-0.8191932
-0.81473315
-0.8061176
-0.81113315
-0.8164026
-0.8116582
-0.8085478
-0.8158071
-0.8107357
-0.8156399
-0.81007445
-0.81597906
-0.81601375
-0.8170031
-0.8158617
-0.81738544
-0.80771774
-0.8092405
-0.8062762
-0.80609655
-0.8125872
-0.808259
-0.80878234
-0.8135717
-0.8160957
-0.8049503
-0.81460613
-0.8121269
-0.8122488
-0.8098986
-0.8058404
-0.81120074
-0.8088263
-0.8073988
-0.81530607
-0.81098175
-0.81494033
-0.8103992
-0.81126726
-0.8153621
-0.8155676
-0.8075123
-0.8108098
-0.8173369
-0.8091738
-0.81158704
-0.80498207
-0.8127053
-0.81030095
-0.8145775
-0.8069426
-0.80647916
-0.8110249
-0.81031626
-0.81158787
-0.81187046
-0.80791354
-0.8069749
-0.80835116
-0.81425005
-0.80878145
-0.80601513
-0.81021494
-0.80718446
-0.8091222
-0.8046644
-0.810721
-0.80935574
-0.8092896
-0.8049688
-0.8023771
-0.8045422
-0.80698735
-0.81008077
-0.80994236
-0.8049794
-0.8074654
-0.8095409
-0.81129926
-0.80931777
-0.8115447
-0.8083601
-0.8114692
-0.7971842
-0.8063357
-0.8006335
-0.8103346
-0.812792
-0.80791366
-0.8036971
-0.8037297
-0.81143785
-0.80851376
-0.8093976
-0.82020545
-0.8104513
-0.8111845
-0.80702895
-0.8117546
-0.8099105
-0.8118612
-0.80571187
-0.80510205
-0.8057323
-0.8057112
-0.80373764
-0.80488634
-0.7996606
-0.8064968
-0.8106739
-0.81650805
-0.8088575
-0.80285454
-0.8097257
-0.8125434
-0.80451393
-0.80933267
-0.80479544
-0.8036616
-0.813105
-0.80143344
-0.8059676
-0.8036767
-0.803091
-0.81316215
-0.80523455
-0.8076632
-0.8087132
-0.804837
-0.804564
-0.8083105
-0.8132688
-0.8086299
-0.8175102
-0.81124234
-0.81120485
-0.81632346
-0.8132865
-0.8084337
-0.807678
-0.8059646
-0.8114676
-0.8063879
-0.8071686
-0.81215024
-0.81428075
-0.8032114
-0.8144054
-0.8127413
-0.80739176
-0.81489986
-0.8148476
-0.80492425
-0.8134724
-0.81392175
-0.80378336
-0.8140781
-0.8115081
-0.80868316
-0.8086155
-0.80781436
-0.80636954
-0.8088116
-0.80432534
-0.8078266
-0.81191736
-0.8051839
-0.80920047
-0.807893
-0.8148384
-0.80937344
-0.8107669
-0.8097052
-0.8119127
-0.81111985
-0.8175648
-0.816851
-0.8122368
-0.8134945
-0.8134813
-0.8120542
-0.81678313
-0.80903465
-0.81636375
-0.8169298
-0.8146461
-0.8115521
-0.81895405
-0.8119341
-0.8145447
-0.8089765
-0.811701
-0.80820507
-0.8114314
-0.8120904
-0.81360024
-0.8110933
-0.81207347
-0.8174621
-0.81542677
-0.80697113
-0.81539595
-0.8103652
-0.81073624
-0.8088397
-0.81569755
-0.8116026
-0.80923575
-0.8122679
-0.80889803
-0.8103951
-0.80824375
-0.80829304
-0.81760883
-0.81439817
-0.8158735
-0.8131119
-0.81261635
-0.81510246
-0.8126384
-0.8194782
-0.81221676
-0.8118149
-0.8050842
-0.80660975
-0.81263304
-0.80899453
-0.81096274
-0.81280196
-0.80779725
-0.8136752
-0.8135145
-0.80796033
-0.80374473
-0.8145556
-0.804547
-0.8038321
-0.8094954
-0.8146387
-0.80964744
-0.80920506
-0.80158895
-0.7993929
-0.8000726
-0.7981229
-0.7899442
-0.7992651
-0.80106765
-0.7955905
-0.799526
-0.79853535
-0.8025211
-0.7984415
-0.8003889
-0.7987771
-0.799415
-0.7999809
-0.79783136
-0.80512094
-0.796243
-0.8007394
-0.8053511
-0.81025374
-0.79977673
-0.80699575
-0.8046183
-0.80147517
-0.80371666
-0.80596924
-0.79623944
-0.810363
-0.79950833
-0.7993165
-0.7960901
-0.80021167
-0.7975081
-0.80633533
-0.8016804
-0.7979723
-0.79911184
-0.8039403
-0.7983685
-0.8033953
-0.8052431
-0.80401176
-0.80415785
-0.80611587
-0.8035023
-0.80188876
-0.8039747
-0.8064892
-0.8065711
-0.80795336
-0.7974297
-0.8061119
-0.8084939
-0.80780405
-0.80678755
-0.8110447
-0.8070428
-0.8099748
-0.81354237
-0.81107277
-0.8172032
-0.81201243
-0.8062427
-0.81181383
-0.8105354
-0.81334335
-0.80405617
-0.8053567
-0.8090937
-0.80999976
-0.8103607
-0.80650336
-0.8093921
-0.8064865
-0.8085979
-0.8050426
-0.80421346
-0.8090126
-0.81261665
-0.8096527
-0.8089566
-0.8170019
-0.8158443
-0.81292635
-0.80664206
-0.809819
-0.8120316
-0.80693644
-0.8126916
-0.8103564
-0.8144772
-0.80858827
-0.8162508
-0.8057763
-0.81153476
-0.8126903
-0.81412137
-0.81896216
-0.8188179
-0.80942374
-0.8108878
-0.8186728
-0.8102635
-0.8063913
-0.81080335
-0.81251466
-0.8156349
-0.8169003
-0.8084883
-0.8127027
-0.8138808
-0.8147227
-0.8164265
-0.8169571
-0.8148818
-0.81648344
-0.81766087
-0.8183952
-0.81554294
-0.8117108
-0.8162524
-0.80677944
-0.81314564
-0.8188896
-0.8103135
-0.8120991
-0.807063
-0.8099166
-0.8191517
-0.8073071
-0.80942255
-0.8110706
-0.8067224
-0.8041548
-0.81232643
-0.809569
-0.80962026
-0.8148608
-0.8146026
-0.8144113
-0.8138699
-0.81471103
-0.8135712
-0.8131445
-0.8137907
-0.8103659
-0.81800145
-0.80885804
-0.81399417
-0.8141706
-0.8194405
-0.8136787
-0.8069396
-0.8113651
-0.8127142
-0.81033885
-0.80778944
-0.8106585
-0.8099719
-0.8099054
-0.81292975
-0.810173
-0.8080151
-0.81534916
-0.8066046
-0.81738436
-0.8171152
-0.81009233
-0.8153394
-0.8154432
-0.80963176
-0.8093953
-0.8055439
-0.8195674
-0.81074625
-0.8200389
-0.8103705
-0.81611174
-0.8117096
-0.8110255
-0.8142685
-0.8087519
-0.8126499
-0.81938374
-0.816944
-0.81563187
-0.8168518
-0.81422865
-0.812641
-0.80972785
-0.81669056
-0.81590724
-0.817299
-0.81862605
-0.81074244
-0.8151832
-0.8151378
-0.8092828
-0.8122953
-0.8121364
-0.8161937
-0.81169266
-0.8103038
-0.8039399
-0.81064653
-0.8092514
-0.8091805
-0.8124006
-0.8081435
-0.8122932
-0.8146679
-0.8123876
-0.8174702
-0.8114497
-0.80951023
-0.81221217
-0.81297636
-0.81069624
-0.8061113
-0.8118241
-0.8046922
-0.81309426
-0.81429327
-0.80755687
-0.81262237
-0.8094346
-0.80860287
-0.81769896
-0.80627584
-0.8147436
-0.80852026
-0.8133665
-0.81240046
-0.81166553
-0.8033306
-0.80740315
-0.8036407
-0.8115582
-0.8180335
-0.8175224
-0.8082054
-0.81384826
-0.80776125
-0.8102877
-0.81210124
-0.8100812
-0.8081278
-0.8084584
-0.80512905
-0.8156119
-0.81460387
-0.8035764
-0.81197476
-0.8167687
-0.8099526
-0.81274396
-0.81088597
-0.8167606
-0.8166801
-0.8120015
-0.8124666
-0.8110938
-0.81202704
-0.8109112
-0.816454
-0.8140585
-0.80768156
-0.812727
-0.80990016
-0.8071613
-0.80714184
-0.81267834
-0.810474
-0.8128356
-0.80610013
-0.81007636
-0.8071048
-0.8096823
-0.8031537
-0.8071513
-0.80555123
-0.81271327
-0.8065699
-0.8088813
-0.8086366
-0.8059744
-0.8098686
-0.8110849
-0.8039475
-0.8090972
-0.81502
-0.8102705
-0.8162408
-0.8155235
-0.8086336
-0.8134188
-0.8082553
-0.818143
-0.81778145
-0.8145032
-0.8187913
-0.8120719
-0.81155294
-0.81278485
-0.8133677
-0.80837566
-0.8168872
-0.81312734
-0.81563926
-0.80905294
-0.8102015
-0.8103763
-0.81431067
-0.81102747
-0.81387824
-0.8157309
-0.8113645
-0.8121769
-0.8147123
-0.82625204
-0.8145704
-0.8178069
-0.81587416
-0.8155821
-0.8162154
-0.8154996
-0.8135228
-0.8131382
-0.81701905
-0.8175876
-0.81400883
-0.81036735
-0.81013274
-0.8081157
-0.81645143
-0.8132309
-0.80966604
-0.8097722
-0.81142884
-0.8134685
-0.81767374
-0.8119981
-0.817257
-0.81209606
-0.8146805
-0.819767
-0.80555964
-0.81518775
-0.809172
-0.81459016
-0.8151087
-0.8221775
-0.80199724
-0.81857985
-0.81784093
-0.81898695
-0.814855
-0.81575614
-0.81625026
-0.8163365
-0.81593055
-0.82157815
-0.81207556
-0.8148775
-0.81739867
-0.8121675
-0.8146443
-0.8148515
-0.8191008
-0.81716865
-0.81430507
-0.8217082
-0.82080466
-0.81814533
-0.81630033
-0.8107734
-0.8187156
-0.8110675
-0.815809
-0.816443
-0.8186531
-0.82114553
-0.8111257
-0.81814224
-0.8174117
-0.81296843
-0.81268376
-0.82115537
-0.8174621
-0.81025666
-0.8183476
-0.80585814
-0.8105036
-0.82245225
-0.8137045
-0.82106
-0.8091398
-0.81365484
-0.81353253
-0.81597644
-0.81663275
-0.8171333
-0.81493366
-0.8070712
-0.8148737
-0.81295407
-0.8121246
-0.8114787
-0.81541365
-0.8145361
-0.81485635
-0.81296796
-0.8176833
-0.81767094
-0.81511736
-0.8153604
-0.8166723
-0.8096706
-0.8191941
-0.80904186
-0.81248957
-0.80738485
-0.82013494
-0.8183763
-0.8193984
-0.81627214
-0.81201535
-0.8232036
-0.81264234
-0.8185742
-0.81599957
-0.81935996
-0.81698895
-0.8143656
-0.8134347
-0.8136078
-0.81776685
-0.81156033
-0.8172909
-0.81602645
-0.81156003
-0.8199283
-0.8104884
-0.8160735
-0.8184745
-0.82341194
-0.815926
-0.8139064
-0.82061446
-0.80804574
-0.8135277
-0.81442493
-0.8132295
-0.8106906
-0.8202964
-0.814872
-0.8125273
-0.8178761
-0.81788915
-0.8160284
-0.8183563
-0.8159422
-0.81226593
-0.82134426
-0.81123793
-0.80899143
-0.8133458
-0.8197833
-0.8206106
-0.8183899
-0.81910974
-0.81790763
-0.8141534
-0.81680703
-0.8077768
-0.8189494
-0.81406367
-0.81798446
-0.82156473
-0.81686306
-0.8111737
-0.8210801
-0.81399536
-0.81160945
-0.81998646
-0.81948996
-0.8158758
-0.8253864
-0.82160944
-0.8213183
-0.82124805
-0.8195594
-0.8195071
-0.81933075
-0.81731063
-0.8162245
-0.8224473
-0.8130146
-0.82127845
-0.8160913
-0.8111476
-0.81769174
-0.82092446
-0.81432974
-0.82215947
-0.8251934
-0.816687
-0.81761175
-0.8209363
-0.825341
-0.8239507
-0.82008135
-0.8222652
-0.8219346
-0.8112956
-0.8170249
-0.8173583
-0.81268144
-0.81689054
-0.82171303
-0.81817687
-0.8147274
-0.81657463
-0.81389225
-0.8144956
-0.8213905
-0.8113162
-0.81230927
-0.8098389
-0.80981517
-0.8103042
-0.82069653
-0.82422817
-0.8175416
-0.82046103
-0.8150501
-0.8170548
-0.81714416
-0.81481594
-0.82390255
-0.81497586
-0.82010585
-0.8201268
-0.8212335
-0.8223121
-0.8105447
-0.8101015
-0.8092873
-0.81920207
-0.81440777
-0.8213218
-0.8277607
-0.81757164
-0.8187065
-0.82115597
-0.8168942
-0.82381123
-0.8190254
-0.82215255
-0.812129
-0.8203272
-0.8226258
-0.81546235
-0.82111853
-0.8179466
-0.816408
-0.82502556
-0.8130602
-0.8183071
-0.8145333
-0.8209969
-0.81581324
-0.8146876
-0.82001615
-0.82298666
-0.8119936
-0.8158409
-0.8208931
-0.82376903
-0.8219933
-0.81500417
-0.82086426
-0.8235074
-0.82072765
-0.8185001
-0.81668556
-0.82090694
-0.82466185
-0.8121358
-0.8149173
-0.81430256
-0.8139203
-0.813091
-0.8133578
-0.8144145
-0.8125761
-0.812477
-0.8082321
-0.8090587
-0.8143163
-0.8151143
-0.8096584
-0.81279194
-0.8178354
-0.8135508
-0.81785226
-0.8177273
-0.8171217
-0.8186782
-0.8228702
-0.8163893
-0.8162778
-0.8204885
-0.8178967
-0.8124274
-0.818482
-0.81931466
-0.81610775
-0.81413066
-0.8196734
-0.81789434
-0.81436324
-0.8188284
-0.82070243
-0.8222175
-0.82033235
-0.8121234
-0.8194283
-0.8168635
-0.8147145
-0.8116637
-0.8182255
-0.81621987
-0.8158101
-0.8215621
-0.8183825
-0.81565833
-0.82217777
-0.82007635
-0.81372476
-0.8165917
-0.8162918
-0.8186326
-0.81412995
-0.81655437
-0.807445
-0.82401305
-0.8155264
-0.8191504
-0.812596
-0.81771123
-0.81281626
-0.82041097
-0.8147078
-0.82356066
-0.8102855
-0.8213725
-0.8159049
-0.80730146
-0.8171334
-0.81507415
-0.8173126
-0.8109988
-0.8215721
-0.81197894
-0.8141399
-0.8110604
-0.8124591
-0.81133294
-0.81388354
-0.8102287
-0.81867766
-0.8088175
-0.81868297
-0.8248037
-0.82010317
-0.8171505
-0.814444
-0.8209251
-0.8166392
-0.8168951
-0.8212649
-0.81363666
-0.8200768
-0.8151976
-0.8120821
-0.819321
-0.81186604
-0.8130645
-0.8190669
-0.8180643
-0.82295233
-0.82669884
-0.81922686
-0.8129717
-0.81808746
-0.8156737
-0.8164192
-0.81894535
-0.8175538
-0.8155414
-0.82053035
-0.8185406
-0.81376517
-0.81212276
-0.82749516
-0.818629
-0.81650305
-0.8197597
-0.81732404
-0.8180316
-0.816991
-0.81880903
-0.82003504
-0.81300735
-0.82274055
-0.8181302
-0.8233268
-0.8184
-0.8214105
-0.82265973
-0.8135345
-0.8196611
-0.8108744
-0.8152454
-0.8217833
-0.8196583
-0.8157929
-0.82120746
-0.82447445
-0.81965244
-0.8158581
-0.8153552
-0.81459814
-0.82029474
-0.81845105
-0.8190236
-0.81308585
-0.8212099
-0.8222897
-0.81534773
-0.82051337
-0.81525564
-0.8164453
-0.81793696
-0.8155533
-0.81735635
-0.81210995
-0.8162946
-0.82077676
-0.8117216
-0.816376
-0.81672716
-0.82389736
-0.8220489
-0.8254559
-0.82370996
-0.8138229
-0.8218242
-0.81735307
-0.81551987
-0.8161466
-0.8187272
-0.8178693
-0.8110824
-0.8164358
-0.817839
-0.8173755
-0.8161021
-0.8197719
-0.81710064
-0.8173004
-0.815015
-0.82448447
-0.814929
-0.8242991
-0.82067364
-0.81669366
-0.8182668
-0.8145674
-0.81624085
-0.81712854
-0.814913
-0.81736183
-0.81550306
-0.81344944
-0.81935424
-0.8163098
-0.81040573
-0.81832135
-0.8161397
-0.81493735
-0.8119401
-0.81996137
-0.8128522
-0.80906457
-0.8206627
-0.81652
-0.81122786
-0.81133264
-0.8139681
-0.81165767
-0.810375
-0.82226074
-0.8213943
-0.8147033
-0.8108234
-0.8187524
-0.81530195
-0.81430066
-0.812473
-0.8163547
-0.8197229
-0.8165581
-0.8152638
-0.82132494
-0.8188035
-0.81612074
-0.81529534
-0.81978184
