-0.4983413
-0.5161193
-0.502957
-0.5082989
-0.51687765
-0.509303
-0.50602925
-0.51323014
-0.5161927
-0.51614493
-0.5125284
-0.5101699
-0.51202816
-0.52844006
-0.5090075
-0.50643
-0.52765495
-0.5195673
-0.52333605
-0.53018004
-0.52643347
-0.5313873
-0.5372407
-0.52286494
-0.53437734
-0.5346795
-0.5271453
-0.5500613
-0.5308886
-0.53651893
-0.55111563
-0.53738654
-0.5367255
-0.5424356
-0.54384524
-0.5554969
-0.5564951
-0.5438172
-0.5528399
-0.54846954
-0.5427812
-0.5459205
-0.5465487
-0.5701761
-0.5509978
-0.55747706
-0.5450553
-0.562251
-0.55538195
-0.5550735
-0.5561352
-0.57355654
-0.55233514
-0.55269015
-0.5695727
-0.5727592
-0.55976945
-0.56143093
-0.58087415
-0.5788437
-0.5787891
-0.58368534
-0.58772224
-0.57877487
-0.590391
-0.5834814
-0.5866554
-0.58471537
-0.592836
-0.5997993
-0.59530276
-0.5939969
-0.59269613
-0.58934146
-0.60512275
-0.5865102
-0.6031367
-0.606891
-0.5966604
-0.6090997
-0.6161455
-0.61527807
-0.62353545
-0.6163619
-0.61111546
-0.62493974
-0.6104751
-0.6058015
-0.61199576
-0.6170012
-0.622095
-0.6175723
-0.6242594
-0.62877464
-0.62699074
-0.613866
-0.62225664
-0.6342548
-0.61425984
-0.6358187
-0.6268349
-0.64000934
-0.6395276
-0.6421985
-0.6459193
-0.63937205
-0.63480633
-0.6299246
-0.6336805
-0.62741435
-0.6436411
-0.6286493
-0.6276759
-0.6387873
-0.63927734
-0.6415052
-0.6460949
-0.6414715
-0.6373508
-0.63910913
-0.63562864
-0.63639754
-0.6286255
-0.64390486
-0.6383623
-0.6374004
-0.6354444
-0.6294376
-0.640231
-0.6453527
-0.641716
-0.64535207
-0.6430477
-0.65101224
-0.634881
-0.63702214
-0.65531117
-0.6584222
-0.6483287
-0.65471524
-0.6538637
-0.63849723
-0.6344928
-0.65082365
-0.6466815
-0.65219766
-0.6437208
-0.65292203
-0.63934577
-0.64778227
-0.6570297
-0.6394921
-0.6555577
-0.64670545
-0.6639519
-0.6385632
-0.65671545
-0.6499478
-0.6502852
-0.6504548
-0.6468926
-0.6424142
-0.6530386
-0.64277893
-0.64396596
-0.6439324
-0.64782935
-0.6472177
-0.6579698
-0.6596558
-0.65502405
-0.64085495
-0.65372586
-0.6605556
-0.6648247
-0.64265054
-0.6532132
-0.6564292
-0.6470378
-0.6393007
-0.6512166
-0.6552627
-0.65912837
-0.6609361
-0.65646046
-0.6523875
-0.6614701
-0.6532223
-0.6501414
-0.6488182
-0.6583679
-0.6484291
-0.6642081
-0.6516695
-0.6543928
-0.6589763
-0.6579165
-0.6468808
-0.66252804
-0.6563709
-0.6559443
-0.66381186
-0.6495171
-0.6497135
-0.6534682
-0.65585035
-0.64799434
-0.6550239
-0.65667784
-0.6637762
-0.6524855
-0.66545594
-0.64819914
-0.6508896
-0.6631999
-0.6471633
-0.659901
-0.66410154
-0.6534864
-0.65709436
-0.64873743
-0.65697855
-0.6611106
-0.6587079
-0.6590965
-0.6609928
-0.6596285
-0.6634961
-0.6701295
-0.6598075
-0.6588057
-0.6595541
-0.6640971
-0.668001
-0.66744936
-0.6631849
-0.664296
-0.6566655
-0.6636221
-0.65366113
-0.6586342
-0.65242726
-0.6510461
-0.6568132
-0.6587975
-0.6606584
-0.66342956
-0.6510696
-0.65519106
-0.67148143
-0.666812
-0.6602264
-0.66046214
-0.66126996
-0.666299
-0.66999936
-0.6593812
-0.65722036
-0.6495111
-0.6654081
-0.64981276
-0.6649511
-0.6521662
-0.65585536
-0.6554749
-0.66873
-0.65926874
-0.6551705
-0.6661722
-0.65926796
-0.6668988
-0.6751463
-0.6693766
-0.65885895
-0.66356874
-0.66257346
-0.66713184
-0.66049933
-0.66250706
-0.66874814
-0.6691636
-0.6568959
-0.6670846
-0.67415166
-0.65976596
-0.6655486
-0.6668117
-0.66369414
-0.6651618
-0.654712
-0.65636367
-0.66436553
-0.6644183
-0.66477406
-0.6570684
-0.666758
-0.6540523
-0.65905565
-0.6712829
-0.6639238
-0.6653059
-0.66416967
-0.65964913
-0.65828276
-0.65372443
-0.6526238
-0.6532068
-0.6569395
-0.6658424
-0.66499835
-0.65817094
-0.65950996
-0.6689919
-0.66192216
-0.65455276
-0.66659236
-0.6556938
-0.66535825
-0.659097
-0.6634121
-0.6619244
-0.66003436
-0.6663718
-0.660307
-0.66937655
-0.64703935
-0.6634887
-0.655513
-0.66298735
-0.66565084
-0.66738796
-0.6615267
-0.6751021
-0.6742322
-0.6577489
-0.6642659
-0.6537401
-0.66399217
-0.66554564
-0.66280806
-0.6634675
-0.6614941
-0.65851253
-0.6614064
-0.6651208
-0.6691647
-0.67080134
-0.6678485
-0.67474264
-0.66577417
-0.6658137
-0.65751153
-0.665067
-0.6672813
-0.670169
-0.6675829
-0.65608114
-0.6633395
-0.6658994
-0.66586953
-0.6753927
-0.66292655
-0.6720468
-0.675982
-0.6775319
-0.67531866
-0.6631156
-0.6692195
-0.67265433
-0.6700788
-0.6617797
-0.66262245
-0.6701191
-0.6752435
-0.67845744
-0.657563
-0.6691671
-0.65663034
-0.66243464
-0.65901345
-0.66731423
-0.6594891
-0.65858954
-0.6755121
-0.66622883
-0.668795
-0.67851776
-0.667609
-0.6689423
-0.6704449
-0.6810402
-0.6613531
-0.6689301
-0.67482036
-0.6735323
-0.67246175
-0.66787523
-0.66194844
-0.667804
-0.65999705
-0.66675645
-0.6766962
-0.6631132
-0.6697898
-0.66624475
-0.67677766
-0.6726017
-0.66841847
-0.66484165
-0.66398114
-0.66417974
-0.66919637
-0.6726368
-0.66603094
-0.67222714
-0.6771095
-0.6663604
-0.6627724
-0.6659969
-0.65814143
-0.67336553
-0.67501986
-0.6716085
-0.65580046
-0.66378105
-0.6657611
-0.6683283
-0.68504256
-0.68041956
-0.6774868
-0.6573608
-0.66829264
-0.67446643
-0.6620065
-0.6662958
-0.6710036
-0.67798454
-0.6785338
-0.6745062
-0.6714261
-0.6823523
-0.6769796
-0.67121726
-0.6783771
-0.66931224
-0.6749044
-0.683151
-0.66987395
-0.6688818
-0.68089104
-0.66852474
-0.6750057
-0.6693072
-0.6698137
-0.66811734
-0.66740423
-0.6757862
-0.6677873
-0.67267936
-0.67239946
-0.66102785
-0.6711663
-0.68446916
-0.6764187
-0.66509104
-0.6721332
-0.6699243
-0.67508084
-0.67486864
-0.67997116
-0.679204
-0.6701717
-0.6702304
-0.67902225
-0.67515546
-0.67602724
-0.67122704
-0.66817164
-0.6692478
-0.66753733
-0.66965604
-0.6692126
-0.6656099
-0.66999835
-0.66759944
-0.6778774
-0.6758305
-0.6676936
-0.67826396
-0.69083416
-0.68679357
-0.65986824
-0.67110205
-0.6709067
-0.6697381
-0.67887706
-0.67751116
-0.6818349
-0.6768389
-0.6580363
-0.67828625
-0.66578716
-0.67527187
-0.6725818
-0.6773445
-0.68008375
-0.6690602
-0.6741585
-0.66563207
-0.67160386
-0.66793483
-0.6762417
-0.67033875
-0.6701822
-0.67296785
-0.6656572
-0.6730633
-0.68540025
-0.67642885
-0.6816947
-0.6709593
-0.67480344
-0.68482155
-0.6710064
-0.67723376
-0.683064
-0.675031
-0.680283
-0.6719284
-0.68158674
-0.67237246
-0.6713059
-0.67939496
-0.6637508
-0.67409474
-0.6905225
-0.66856474
-0.67812973
-0.66883945
-0.6789912
-0.67528415
-0.6815958
-0.6719001
-0.6703763
-0.67016697
-0.6719118
-0.68252224
-0.66997856
-0.6759501
-0.6746683
-0.67560977
-0.6897415
-0.67512727
-0.67057306
-0.6757457
-0.6825993
-0.6693061
-0.6667733
-0.6672912
-0.66925114
-0.67585194
-0.67440236
-0.6812065
-0.6629073
-0.66412777
-0.68024784
-0.66978693
-0.6785257
-0.6751995
-0.6714054
-0.6786398
-0.67500985
-0.6654123
-0.6653936
-0.68393916
-0.67459315
-0.67413944
-0.67922205
-0.68179977
-0.6684525
-0.6680048
-0.6727223
-0.68399274
-0.6777883
-0.673079
-0.67315215
-0.6730732
-0.6725656
-0.67685974
-0.6745095
-0.67436284
-0.6835334
-0.67518836
-0.67326957
-0.6838285
-0.677863
-0.68795484
-0.6699871
-0.6718094
-0.67838436
-0.6870909
-0.67122626
-0.68602973
-0.67128336
-0.6780897
-0.6695851
-0.6781063
-0.6688918
-0.67203057
-0.67864776
-0.6739619
-0.6780093
-0.68037605
-0.6798528
-0.68147
-0.67626333
-0.68509597
-0.6702438
-0.6825282
-0.68587875
-0.6654807
-0.68434626
-0.677788
-0.68376905
-0.6823723
-0.6787114
-0.6684435
-0.6725372
-0.6785393
-0.6900643
-0.6791895
-0.68135965
-0.67245096
-0.6724544
-0.6649588
-0.6877611
-0.67209923
-0.67470384
-0.6747671
-0.6748575
-0.6759447
-0.67330605
-0.68333316
-0.6738494
-0.68524146
-0.6759928
-0.69345665
-0.67763686
-0.66737443
-0.6762253
-0.67106175
-0.6891319
-0.6710253
-0.6827164
-0.67768556
-0.67462564
-0.6901164
-0.6789918
-0.6757213
-0.68220824
-0.6672672
-0.67569214
-0.68089134
-0.6748746
-0.6787512
-0.67333126
-0.68402076
-0.672161
-0.68417215
-0.6857138
-0.6778944
-0.6800081
-0.6812537
-0.6878321
-0.6793061
-0.67298436
-0.684439
-0.68563336
-0.6871082
-0.6836629
-0.6721603
-0.68309337
-0.6831915
-0.68122584
-0.6901129
-0.6832841
-0.67461437
-0.68330586
-0.6802087
-0.6813535
-0.6804814
-0.6797015
-0.6902426
-0.6860685
-0.67760086
-0.6816983
-0.6848543
-0.6819336
-0.68474025
-0.6841085
-0.6781503
-0.67537117
-0.6803295
-0.6817994
-0.67976224
-0.67976886
-0.6753933
-0.691435
-0.6781265
-0.67709893
-0.6890809
-0.6880477
-0.6917775
-0.6972614
-0.68159413
-0.68784755
-0.6825409
-0.69376063
-0.6834508
-0.68492985
-0.67970014
-0.6831205
-0.68578005
-0.69237643
-0.6920267
-0.6888857
-0.6877855
-0.6854987
-0.6879556
-0.6870259
-0.68872684
-0.68373525
-0.6853778
-0.6951313
-0.6835949
-0.67835397
-0.6749787
-0.698396
-0.68652433
-0.6923282
-0.67652076
-0.6970943
-0.68156874
-0.6845664
-0.68571764
-0.68205583
-0.68421066
-0.6896606
-0.6813282
-0.6949407
-0.68648297
-0.69464463
-0.683803
-0.68389815
-0.68844026
-0.6925328
-0.6967702
-0.6826276
-0.68512195
-0.68289405
-0.7022801
-0.6888657
-0.6933908
-0.69381607
-0.6816058
-0.70045406
-0.67163974
-0.69406456
-0.6803985
-0.69231045
-0.6929571
-0.68082964
-0.6918407
-0.69543904
-0.67607856
-0.6867689
-0.68659025
-0.6968561
-0.69374424
-0.6892244
-0.6908187
-0.6869481
-0.6976986
-0.6981164
-0.6833293
-0.698414
-0.6878715
-0.6947466
-0.68610716
-0.6965817
-0.6950494
-0.6863608
-0.694159
-0.69757396
-0.6935914
-0.69552815
-0.6970671
-0.6953608
-0.69698316
-0.6928526
-0.6873188
-0.6924005
-0.69232905
-0.69750285
-0.69113916
-0.70252764
-0.69455755
-0.6892439
-0.69883245
-0.70022875
-0.69686484
-0.68902916
-0.6767854
-0.6909441
-0.69385475
-0.68908554
-0.6996264
-0.68955714
-0.6900115
-0.70032364
-0.69311285
-0.6967328
-0.69183373
-0.6924626
-0.6958154
-0.68869996
-0.6877947
-0.6879228
-0.7047884
-0.6920104
-0.69135255
-0.6950767
-0.6940129
-0.6957696
-0.6888348
-0.7061252
-0.69291055
-0.6982906
-0.69656986
-0.68565416
-0.6874735
-0.68596494
-0.69734037
-0.687427
-0.70248663
-0.6947227
-0.70331633
-0.6933088
-0.6953372
-0.6850639
-0.688616
-0.7036539
-0.6974665
-0.69835174
-0.71014017
-0.694305
-0.70503664
-0.6957264
-0.69882053
-0.697728
-0.6944703
-0.702776
-0.6907894
-0.690198
-0.7055574
-0.6949579
-0.7022846
-0.7065063
-0.6959824
-0.69893724
-0.69365156
-0.70035046
-0.69621325
-0.6961495
-0.7017274
-0.686405
-0.7007983
-0.70402366
-0.70052004
-0.7008793
-0.69943976
-0.68567425
-0.7003432
-0.68206185
-0.7010469
-0.69189173
-0.70471686
-0.7036315
-0.7022145
-0.69229436
-0.6926139
-0.6933232
-0.6990211
-0.7073325
-0.6967877
-0.69571155
-0.70388526
-0.7055229
-0.7127171
-0.69986117
-0.6946332
-0.7047355
-0.70537466
-0.7070552
-0.6921903
-0.7066228
-0.70730215
-0.7003457
-0.70495063
-0.7029655
-0.69353133
-0.708253
-0.70735055
-0.7103283
-0.70137537
-0.69927853
-0.705512
-0.6911992
-0.7016721
-0.70548576
-0.69436634
-0.69633836
-0.69024837
-0.70672137
-0.7031081
-0.6993051
-0.6915508
-0.6954811
-0.7061147
-0.69212484
-0.70720726
-0.7098583
-0.69721234
-0.7033957
-0.69641066
-0.7080163
-0.7070249
-0.69357634
-0.7021542
-0.70753527
-0.7131229
-0.7080188
-0.6968535
-0.694373
-0.6965363
-0.70208025
-0.71207595
-0.7011762
-0.71244925
-0.6991934
-0.7079018
-0.6926463
-0.70258355
-0.69532245
-0.69632685
-0.70721734
-0.7108611
-0.69655603
-0.7077558
-0.705132
-0.71344614
-0.7028049
-0.7062033
-0.7010612
-0.7069986
-0.70036244
-0.6968327
-0.70566314
-0.7040083
-0.71558523
-0.69520694
-0.70685333
-0.70106053
-0.6998063
-0.7000663
-0.7021882
-0.70980275
-0.71479183
-0.7091761
-0.7025916
-0.7194684
-0.69443095
-0.7029562
-0.6980622
-0.6995758
-0.7063333
-0.701967
-0.70838
-0.71208954
-0.702967
-0.7060816
-0.7103789
-0.70013815
-0.710878
-0.71193767
-0.70672166
-0.70633626
-0.7064078
-0.70321846
-0.7130682
-0.7084229
-0.70614475
-0.7068519
-0.71229255
-0.702184
-0.7023807
-0.7114317
-0.7187701
-0.70987505
-0.697787
-0.7080899
-0.71384716
-0.71216035
-0.7080362
-0.7025208
-0.7034946
-0.7135543
-0.70902205
-0.7077976
-0.70748323
-0.6968051
-0.709369
-0.7161456
-0.7080873
-0.7065466
-0.7012358
-0.69982857
-0.70952594
-0.70210826
-0.71310306
-0.7063325
-0.7029057
-0.7042469
-0.7123991
-0.6940123
-0.70745575
-0.71536094
-0.7101878
-0.70683664
-0.706993
-0.70556957
-0.70438033
-0.7146278
-0.71302545
-0.71259266
-0.6982079
-0.72582006
-0.70258087
-0.70308125
-0.7011473
-0.70932215
-0.6975527
-0.7031762
-0.70909464
-0.7061711
-0.7109996
-0.7057514
-0.7119967
-0.7107513
-0.71331686
-0.7052731
-0.7137764
-0.7041893
-0.71265554
-0.70399433
-0.72253454
-0.707916
-0.71437556
-0.70674175
-0.7100559
-0.7167866
-0.69703287
-0.71321917
-0.7079596
-0.7030271
-0.70349616
-0.7124074
-0.69971275
-0.7052659
-0.710625
-0.70933485
-0.70887774
-0.71520823
-0.71437204
-0.7041662
-0.7139738
-0.71648514
-0.7064851
-0.710977
-0.70590323
-0.71432036
-0.71300685
-0.70830643
-0.71128446
-0.70907396
-0.7109773
-0.7114125
-0.7172308
-0.71710366
-0.71126944
-0.70808035
-0.7071546
-0.70761275
-0.70384264
-0.7085327
-0.70398706
-0.7101762
-0.7116469
-0.7182834
-0.69772977
-0.71884924
-0.7199909
-0.7084742
-0.7141948
-0.7145661
-0.70627105
-0.7113282
-0.711145
-0.71040857
-0.71588236
-0.7087338
-0.7130254
-0.7095302
-0.71050704
-0.71304077
-0.7102456
-0.70792603
-0.72249794
-0.7132724
-0.7068684
-0.7151756
-0.7104207
-0.70591676
-0.7155491
-0.71277297
-0.72293043
-0.7092882
-0.7133015
-0.702933
-0.7108259
-0.71453464
-0.7124004
-0.7198771
-0.71695375
-0.7132798
-0.71740973
-0.71303535
-0.71263605
-0.7134469
-0.7194249
-0.70774007
-0.7030753
-0.7161165
-0.7129046
-0.71498007
-0.7153358
-0.72312135
-0.7161209
-0.7099769
-0.7107486
-0.7086644
-0.7299565
-0.7203097
-0.7221192
-0.71547097
-0.7166206
-0.71731937
-0.72009397
-0.7239317
-0.71883166
-0.7172707
-0.7174282
-0.7176774
-0.71727854
-0.7044943
-0.7104418
-0.7255169
-0.72047454
-0.71741706
-0.72313535
-0.71728355
-0.72079283
-0.7193314
-0.7201613
-0.70702815
-0.7203789
-0.7157585
-0.716481
-0.71238726
-0.7159682
-0.7176141
-0.7299533
-0.7097526
-0.71817863
-0.70716727
-0.72340226
-0.7165641
-0.71026844
-0.71490735
-0.71393704
-0.7158672
-0.72185147
-0.7217689
-0.7222988
-0.70848614
-0.7152168
-0.72137654
-0.7160853
-0.7158003
-0.7166827
-0.7128378
-0.71768016
-0.7042444
-0.7184973
-0.7211938
-0.7101283
-0.7128021
-0.7145408
-0.72058934
-0.72235066
-0.71815693
-0.716911
-0.7063767
-0.71868324
-0.7248768
-0.71831834
-0.7093598
-0.7223113
-0.70783466
-0.7091945
-0.7177919
-0.7162485
-0.71465445
-0.72710395
-0.7215954
-0.71808195
-0.7231275
-0.7189708
-0.728806
-0.7270516
-0.7108654
-0.7278996
-0.7308952
-0.72546554
-0.7272423
-0.72146815
-0.72104514
-0.7084115
-0.70845413
-0.7100345
-0.7263758
-0.72287464
-0.72173804
-0.72549707
-0.7198278
-0.721194
-0.7163735
-0.72143406
-0.7214619
-0.71479577
-0.719315
-0.7144591
-0.7128563
-0.7201982
-0.7161653
-0.72589576
-0.7214541
-0.7158389
-0.7289574
-0.71476275
-0.71506983
-0.7194806
-0.7129885
-0.7125079
-0.71862113
-0.71910125
-0.71520925
-0.715902
-0.724233
-0.7179295
-0.7188293
-0.7230188
-0.72433555
-0.7232203
-0.7233225
-0.7105591
-0.7182794
-0.7169942
-0.7195563
-0.71781355
-0.7203407
-0.7225894
-0.7096362
-0.72122777
-0.7224944
-0.72457606
-0.7223018
-0.72091657
-0.72015643
-0.7116284
-0.71375686
-0.7194161
-0.7179871
-0.7134
-0.7234988
-0.7188081
-0.72199243
-0.722062
-0.7094344
-0.7183499
-0.7109087
-0.7110107
-0.72294015
-0.7160611
-0.71947056
-0.72234285
-0.7222206
-0.71429014
-0.71484286
-0.7292881
-0.71953845
-0.7172533
-0.72412235
-0.7204898
-0.71589303
-0.72873247
-0.7297988
-0.71830857
-0.721598
-0.7089269
-0.71531934
-0.715344
-0.723249
-0.7258154
-0.7221341
-0.7289985
-0.7135009
-0.72445416
-0.7184998
-0.72588724
-0.72679114
-0.7195662
-0.7234519
-0.7173267
-0.7243007
-0.71862227
-0.7282969
-0.72654176
-0.7126698
-0.71997696
-0.72708845
-0.71949416
-0.71760416
-0.71943265
-0.7195925
-0.71468484
-0.71861655
-0.72409075
-0.7196029
-0.7215771
-0.71688867
-0.7207923
-0.7202635
-0.72057736
-0.73258716
-0.7205561
-0.7257413
-0.7243974
-0.7211031
-0.7345157
-0.7041123
-0.7304041
-0.719567
-0.72098774
-0.72812456
-0.7329374
-0.7316098
-0.72867894
-0.7214387
-0.73300904
-0.7183816
-0.7218095
-0.7274528
-0.7162809
-0.72913533
-0.72828233
-0.7290688
-0.7260731
-0.71888185
-0.72572386
-0.7241856
-0.72783035
-0.7208405
-0.7274871
-0.73581576
-0.7160095
-0.7259161
-0.7299884
-0.7207519
-0.7224368
-0.72804135
-0.72680414
-0.7239875
-0.7121024
-0.72985345
-0.72597945
-0.72669667
-0.7290265
-0.7221659
-0.7260303
-0.7188801
-0.72867805
-0.7265905
-0.7296166
-0.72108376
-0.722796
-0.73234755
-0.7229388
-0.7300227
-0.72363573
-0.7171869
-0.71851075
-0.721848
-0.7247686
-0.7281052
-0.72164816
-0.72531533
-0.7274395
-0.7241643
-0.7248819
-0.72532755
-0.72189856
-0.72310793
-0.7209046
-0.72730327
-0.72661304
-0.72346514
-0.7213551
-0.7220516
-0.7347107
-0.7169078
-0.7404044
-0.7239423
-0.73202026
-0.7214619
-0.7275471
-0.73356885
-0.7242837
-0.73199576
-0.7210237
-0.73601645
-0.72823817
-0.7301103
-0.72852916
-0.7135409
-0.72408277
-0.72051835
-0.7254265
-0.72306293
-0.7261247
-0.72925377
-0.7303183
-0.7287274
-0.7253859
-0.73122954
-0.7296504
-0.7245745
-0.7233587
-0.73131996
-0.7266589
-0.71786135
-0.7269429
-0.72006303
-0.71902245
-0.72911817
-0.7331535
-0.7174398
-0.71701133
-0.72299504
-0.7269247
-0.7279388
-0.7322851
-0.72950333
-0.7169764
-0.7265111
-0.7169764
-0.73437494
-0.7284481
-0.73599035
-0.72534704
-0.7259344
-0.7250726
-0.7305693
-0.7220738
-0.7194149
-0.72509146
-0.7339131
-0.7292379
-0.7213948
-0.7203199
-0.72885585
-0.73045707
-0.7244564
-0.7184709
-0.72922844
-0.7316967
-0.7238089
-0.7206063
-0.72271806
-0.71814644
-0.7235784
-0.7308513
-0.7184092
-0.71739453
-0.72780544
-0.72332996
-0.7201061
-0.72936654
-0.7253333
-0.7313928
-0.7145879
-0.7292082
-0.7179103
-0.7232155
-0.72771335
-0.72555405
-0.72380507
-0.72201383
-0.7319651
-0.7322673
-0.7275952
-0.73627365
-0.7301902
-0.733985
-0.7304976
-0.72742015
-0.72758585
-0.7370813
-0.7308583
-0.73137546
-0.7140231
-0.7307902
-0.71848094
-0.7239171
-0.72760963
-0.71724993
-0.7270186
-0.73483676
-0.727061
-0.7242853
-0.72575676
-0.724635
-0.72306126
-0.72202873
-0.7201496
-0.7207882
-0.7215171
-0.725644
-0.7299454
-0.7299298
-0.72096837
-0.7310852
-0.7320955
-0.73166364
-0.7244185
-0.72600085
-0.7313008
-0.72453886
-0.73068637
-0.73157346
-0.73792875
-0.7262725
-0.7297927
-0.7279631
-0.7249044
-0.7262024
-0.7328337
-0.71178025
-0.73550403
-0.72328055
-0.7264252
-0.72161
-0.72216755
-0.72583836
-0.7306838
-0.72497857
-0.72916895
-0.7300894
-0.73074895
-0.7274328
-0.7359549
-0.73380923
-0.7274827
-0.72584385
-0.731937
-0.7180804
-0.73179656
-0.73569906
-0.72578496
-0.7348046
-0.7300879
-0.7195527
-0.72864217
-0.7278963
-0.71950966
-0.72253746
-0.73185116
-0.7239632
-0.72796965
-0.73661876
-0.7342115
-0.73082745
-0.7348883
-0.7287629
-0.7301472
-0.737058
-0.7275424
-0.72920865
-0.73116505
-0.72459203
-0.73719174
-0.7263416
-0.7263006
-0.72758883
-0.735977
-0.7197666
-0.7268347
-0.7210316
-0.74216914
-0.7263637
-0.73711264
-0.730435
-0.726024
-0.72772735
-0.7270615
-0.7347649
-0.7261653
-0.7318369
-0.7299243
-0.7301691
-0.7307635
-0.7254922
-0.7410816
-0.7308002
-0.7354159
-0.72649777
-0.73622787
-0.7256276
-0.72419953
-0.732347
-0.73930514
-0.731125
-0.7274306
-0.72800714
-0.73545015
-0.7268818
-0.72791004
-0.7261586
-0.73275054
-0.7308626
-0.72585446
-0.7234837
-0.72269446
-0.7171422
-0.7374618
-0.73910236
-0.7323216
-0.72542703
-0.73226637
-0.7232674
-0.73578554
-0.72842586
-0.72626543
-0.7251092
-0.73963785
-0.74136275
-0.7294272
-0.7290903
-0.72869223
-0.7282201
-0.7253989
-0.73167074
-0.72476935
-0.7308043
-0.7239897
-0.7195423
-0.7260006
-0.73081815
-0.73107994
-0.7275848
-0.7227541
-0.7274268
-0.71769446
-0.7314777
-0.7292331
-0.73411006
-0.72788465
-0.73586595
-0.7345096
-0.74019474
-0.73230106
-0.7346068
-0.7330668
-0.7375357
-0.7357394
-0.722443
-0.72542334
-0.7405688
-0.7322251
-0.7331609
-0.72759753
-0.7301611
-0.7323726
-0.72272754
-0.7268691
-0.7302558
-0.72773993
-0.72928053
-0.7265072
-0.7324117
-0.7222069
-0.73049927
-0.73392
-0.7339758
-0.7351188
-0.72585565
-0.7281507
-0.7192426
-0.7408273
-0.7270589
-0.7176084
-0.7314962
-0.7259318
-0.73432285
-0.7357943
-0.73514813
-0.72921765
-0.7354787
-0.7244056
-0.73520815
-0.73040634
-0.73739666
-0.7338751
-0.7347397
-0.7286206
-0.72937477
-0.7301633
-0.73295057
-0.72926444
-0.7341817
-0.7359316
-0.7330306
-0.73228353
-0.7317541
-0.7321875
-0.7350165
-0.73016715
-0.7392841
-0.7272879
-0.7308549
-0.72290635
-0.73600286
-0.738082
-0.730639
-0.7352321
-0.73299897
-0.71777093
-0.7385481
-0.73040754
-0.7374752
-0.7305278
-0.72818637
-0.73222244
-0.7300624
-0.7331459
-0.73493856
-0.7282106
-0.7377152
-0.7364602
-0.731802
-0.7350218
-0.72590417
-0.73196024
-0.7284519
-0.74011153
-0.73745006
-0.7316508
-0.73548436
-0.7289675
-0.73258793
-0.72595865
-0.7314321
-0.7302638
-0.73322195
-0.73645556
-0.73405784
-0.7313965
-0.7344442
-0.7272608
-0.7314491
-0.72854793
-0.7368258
-0.727301
-0.7397222
-0.7367589
-0.7276024
-0.728876
-0.73663455
-0.73700666
-0.726725
-0.73604494
-0.7282223
-0.7348825
-0.7340257
-0.74222183
-0.7268262
-0.73797554
-0.73283446
-0.72477293
-0.7363458
-0.7405768
-0.7295295
-0.7366264
-0.732628
-0.7307956
-0.7416439
-0.7338278
-0.7264167
-0.7421033
-0.73265415
-0.7317378
-0.7329273
-0.73173326
-0.7353596
-0.73196024
-0.7342616
-0.73611933
-0.7382274
-0.7405386
-0.7388231
-0.7346469
-0.74167204
-0.72944903
-0.7427975
-0.728562
-0.73470795
-0.73795974
-0.7246917
-0.735481
-0.7300159
-0.734227
-0.73411053
-0.728672
-0.7384123
-0.7313407
-0.7349505
-0.73335963
-0.7332027
-0.73653466
-0.741903
-0.7328333
-0.7343987
-0.7317909
-0.73672044
-0.7405085
-0.7334851
-0.73931706
-0.7379489
-0.73652524
-0.7409556
-0.7356142
-0.7495575
-0.73705107
-0.73194456
-0.73330647
-0.73489136
-0.73655176
-0.7304491
-0.7292352
-0.7398642
-0.7362132
-0.72516
-0.7366898
-0.731849
-0.7308438
-0.73111564
-0.7369047
-0.7336678
-0.72021353
-0.73319745
-0.73573387
-0.73469347
-0.73555684
-0.74029976
-0.73649585
-0.7317454
-0.7439605
-0.7395353
-0.7406417
-0.7385652
-0.73849463
-0.72426164
-0.7356558
-0.7354888
-0.7355567
-0.737257
-0.7315809
-0.7401096
-0.72607416
-0.7381342
-0.73380315
-0.7352648
-0.72932506
-0.7337175
-0.72691524
-0.73245794
-0.7407982
-0.731247
-0.7457063
-0.7379463
-0.73333746
-0.7342687
-0.7388934
-0.73865885
-0.7367707
-0.73474675
-0.7321777
-0.7309294
-0.7333798
-0.7423829
-0.7351797
-0.7271234
-0.7348544
-0.7434292
-0.738282
-0.7415664
-0.7400634
-0.7394096
-0.7422644
-0.7368244
-0.7389464
-0.734316
-0.7429669
-0.73260957
-0.73849
-0.73895895
-0.72852725
-0.73516613
-0.73403645
-0.7332694
-0.73983335
-0.74056137
-0.73692936
-0.7459284
-0.7397463
-0.72710335
-0.73946947
-0.7343362
-0.72862184
-0.7315493
-0.73348725
-0.743282
-0.7380425
-0.7391669
-0.74284065
-0.7344816
-0.7358904
-0.7384357
-0.7285934
-0.73107266
-0.7333223
-0.73897773
-0.7422204
-0.73497176
-0.7262357
-0.7392577
-0.7375771
-0.7313163
-0.7399603
-0.735583
-0.7343841
-0.7343259
-0.72733194
-0.74224854
-0.73780686
-0.7388751
-0.7397298
-0.7354703
-0.7397351
-0.73433244
-0.74630624
-0.73243964
-0.7382306
-0.7364743
-0.73634684
-0.72890687
-0.73680073
-0.7395954
-0.73563343
-0.7382591
-0.7289828
-0.7387595
-0.7348208
-0.73438877
-0.7407263
-0.7377205
-0.73730046
-0.744092
-0.7329576
-0.74837536
-0.7337184
-0.74223644
-0.73767596
-0.7339542
-0.7390278
-0.74461806
-0.735334
-0.74041116
-0.7392987
-0.7377219
-0.7394555
-0.7354826
-0.74186707
-0.72988176
-0.7457157
-0.73801875
-0.74532795
-0.7352639
-0.7375585
-0.7346621
-0.7457097
-0.7346377
-0.7406627
-0.7412132
-0.7369461
-0.7404566
-0.7404361
-0.7374672
-0.74402773
-0.7349253
-0.7324454
-0.7458513
-0.7316773
-0.72819424
-0.73970985
-0.7468871
-0.72904354
-0.73939437
-0.73484623
-0.73929816
-0.7459293
-0.7389273
-0.74422383
-0.737523
-0.73858863
-0.7330359
-0.73829675
-0.7284545
-0.7345062
-0.7387996
-0.75210977
-0.7380718
-0.73511136
-0.74003464
-0.7344254
-0.7401739
-0.74271095
-0.7502211
-0.745805
-0.7369403
-0.7459812
-0.73918355
-0.738791
-0.74142367
-0.73719305
-0.73393613
-0.7387729
-0.73617315
-0.73833954
-0.73340905
-0.7470277
-0.73677415
-0.7353282
-0.7357793
-0.7403334
-0.7374493
-0.7387633
-0.745311
-0.73881537
-0.7401718
-0.7344685
-0.7336869
-0.7385155
-0.7372772
-0.7402145
-0.7367058
-0.74535286
-0.74154276
-0.7362837
-0.72938484
-0.74173427
-0.7407342
-0.7457184
-0.74212635
-0.7454999
-0.7353441
-0.73632586
-0.74395925
-0.7337986
-0.73800105
-0.7487622
-0.75045633
-0.74996525
-0.74351954
-0.7314534
-0.73561287
-0.7344679
-0.7252389
-0.7360629
-0.73236716
-0.7470259
-0.7384765
-0.73981345
-0.7424127
-0.7415095
-0.7302518
-0.7455171
-0.7433231
-0.7457595
-0.73721856
-0.73897254
-0.7382427
-0.73556185
-0.7348556
-0.7392946
-0.7346511
-0.73535204
-0.7399529
-0.7382275
-0.7416434
-0.7507244
-0.7399555
-0.73551935
-0.7363343
-0.7390298
-0.72951657
-0.74375737
-0.74702877
-0.73442435
-0.7415198
-0.73546755
-0.74678123
-0.7399293
-0.7377207
-0.7394658
-0.7372552
-0.7361217
-0.743448
-0.7543628
-0.74288625
-0.74442047
-0.7390208
-0.7409904
-0.7392756
-0.7460822
-0.74429417
-0.74721014
-0.74779123
-0.7399293
-0.7418624
-0.7477907
-0.7356739
-0.74445105
-0.748226
-0.73796797
-0.73988813
-0.74290794
-0.7433346
-0.7299378
-0.7478865
-0.73626095
-0.74550486
-0.7491063
-0.74299955
-0.73653734
-0.7473679
-0.73601925
-0.7411096
-0.7437739
-0.7402726
-0.7427198
-0.74583185
-0.7437784
-0.7415842
-0.736016
-0.743807
-0.73969394
-0.74454033
-0.7370218
-0.7510048
-0.74251497
-0.7515996
-0.740723
-0.7403026
-0.74928963
-0.7440505
-0.75088215
-0.75399846
-0.7469178
-0.73898065
-0.7365393
-0.7500641
-0.75076973
-0.7420028
-0.7405108
-0.75774187
-0.7421472
-0.74976754
-0.74105287
-0.74808913
-0.74863553
-0.7520004
-0.75416726
-0.74481153
-0.75267684
-0.7411157
-0.7420087
-0.7472385
-0.74558
-0.7349362
-0.74645704
-0.7478117
-0.7405975
-0.7475577
-0.7468471
-0.75671864
-0.7469138
-0.7464879
-0.75399095
-0.7374488
-0.7430675
-0.7488998
-0.75160384
-0.747745
-0.74394226
-0.7491292
-0.7496476
-0.74927723
-0.7491595
-0.7396735
-0.7525391
-0.7409736
-0.74205095
-0.74431807
-0.74207425
-0.7419128
-0.74692106
-0.742208
-0.7452528
-0.74764216
-0.742573
-0.74396896
-0.7419788
-0.7459174
-0.74858975
-0.7453691
-0.7443978
-0.7511062
-0.7424759
-0.7455423
-0.7392187
-0.7521194
-0.7473103
-0.7483478
-0.7383153
-0.74704623
-0.7517945
-0.7440349
-0.74475753
-0.7411017
-0.7468617
-0.73965913
-0.7451652
-0.74117464
-0.7477732
-0.7556628
-0.74565005
-0.74094206
-0.745428
-0.7465219
-0.7455671
-0.7506297
-0.7440827
-0.7526914
-0.74472445
-0.7415644
-0.7435135
-0.7489607
-0.7423802
-0.7487494
-0.7491889
-0.74013454
-0.7505739
-0.75293314
-0.74753445
-0.74578243
-0.74499846
-0.75420505
-0.7517728
-0.7507951
-0.7470934
-0.74054444
-0.73996764
-0.742333
-0.74863493
-0.75115794
-0.7507393
-0.74936134
-0.7469661
-0.74491936
-0.7482145
-0.74489415
-0.7466013
-0.7395314
-0.75440514
-0.74795765
-0.7500962
-0.7432528
-0.75029474
-0.7475631
-0.7455884
-0.7506234
-0.7485737
-0.7524081
-0.7437591
-0.74374485
-0.74553317
-0.7491257
-0.7471474
-0.748525
-0.74281037
-0.7461881
-0.7529332
-0.75546455
-0.74394906
-0.7468748
-0.7517934
-0.74615854
-0.75085884
-0.7526018
-0.7482646
-0.75184673
-0.74441224
-0.74394125
-0.7552714
-0.7502716
-0.75124985
-0.74037427
-0.73955375
-0.75287336
-0.7524853
-0.7525778
-0.74437064
-0.7488735
-0.7428651
-0.7511071
-0.74219686
-0.7495893
-0.7453817
-0.7427252
-0.7452751
-0.76009744
-0.7547414
-0.75092524
-0.7486424
-0.7481243
-0.7534068
-0.7542621
-0.7512671
-0.75144404
-0.74945533
-0.75031227
-0.7591582
-0.7522184
-0.74665284
-0.75150096
-0.7319962
-0.7505127
-0.74171287
-0.7501231
-0.74918026
-0.7498067
-0.7512809
-0.75274795
-0.73974526
-0.750511
-0.74770224
-0.7454413
-0.7440763
-0.751149
-0.74282587
-0.74138516
-0.74952567
-0.7464788
-0.74410725
-0.75084394
-0.7450604
-0.746618
-0.7464878
-0.7485618
-0.7533749
-0.7465646
-0.7476147
-0.7518326
-0.7468871
-0.7498431
-0.7549716
-0.75076693
-0.7557556
-0.75227267
-0.74676394
-0.74765956
-0.74781626
-0.7554384
-0.73881537
-0.7526268
-0.7510768
-0.73459446
-0.75665766
-0.7521802
-0.7460977
-0.7401339
-0.7406523
-0.76008296
-0.7485645
-0.75133795
-0.74886197
-0.74862295
-0.75061786
-0.7515945
-0.74781996
-0.7460996
-0.7510302
-0.74862784
-0.7458796
-0.754003
-0.7467316
-0.7559418
-0.7483441
-0.7529643
-0.75128883
-0.74035406
-0.7411678
-0.7578545
-0.7443637
-0.7581713
-0.74915075
-0.7507467
-0.74956864
-0.76137686
-0.7577835
-0.74768424
-0.7601503
-0.7528727
-0.7535142
-0.74650794
-0.74973625
-0.7543256
-0.750236
-0.7603852
-0.7577124
-0.7547352
-0.75222534
-0.75053424
-0.7425026
-0.7553051
-0.755412
-0.75018895
-0.74904984
-0.7550659
-0.7542031
-0.75022686
-0.75428575
-0.7545227
-0.7458442
-0.75191605
-0.7597292
-0.7495437
-0.74347985
-0.7508015
-0.7498662
-0.7547699
-0.74578005
-0.7462201
-0.74760807
-0.75864446
-0.749379
-0.7544597
-0.755225
-0.7575548
