0.4602645347019372
0.17564321979240546
0.33219667418889337
1.066106202600046
0.301391176708805
0.10861322408429254
0.17517471756011146
0.6491345128587583
0.13147976176702889
1.1805143421486022
0.6378127785031322
0.17075026126450626
0.4752361123955812
0.29653760912751587
0.263286716070225
0.9487435515505728
0.5282327137616284
10.358680006343219
0.7332466488550408
0.5748746755976828
0.3350184278215938
0.6465561236503938
0.3083217856782282
0.54589230273608
0.6415080194993374
0.4218780269918802
64.56719216646925
0.15098074712015253
0.7592098914480018
0.6490676736046855
0.37101334872060365
0.4653948720879493
0.5081900017598142
0.8420917822713384
0.22119440885452216
49.91392660221748
0.8960630960904253
0.380821805271849
0.7782686039745625
0.5856301717624037
0.06662669916092387
0.366084070665335
0.7188826322930053
6.909066619328448
28.20333552976037
0.5216143173944632
0.3228060595264049
0.5991959459191233
0.5496661724694859
0.4185226430583431
0.5041729929251745
22.928475494211398
103.94607368347624
0.3730494934212366
0.5763725794303795
0.4804368011455368
0.3098811655791598
0.28480821852918936
0.6279759200753557
5.329593445467635
1.4908671845821102
0.4267914260095187
0.29376418455277514
0.3639787662516111
0.4206479521446809
0.38050895343056623
Mean: 4.863171791647257
