-0.16290829
-0.20322546
-0.26242793
-0.31246465
-0.35502928
-0.3862661
-0.42514765
-0.4563495
-0.47890854
-0.51798344
-0.5442469
-0.55490303
-0.581996
-0.59505683
-0.60719466
-0.62218827
-0.6287103
-0.6433702
-0.64832693
-0.6545855
-0.6547691
-0.6614285
-0.6715651
-0.6747746
-0.6822791
-0.69117063
-0.69900364
-0.701691
-0.71270084
-0.7175461
-0.72075135
-0.7240932
-0.7337118
-0.73241884
-0.7439148
-0.7448934
-0.75212693
-0.75409466
-0.76188624
-0.7681296
-0.7705375
-0.7752911
-0.7754964
-0.77763045
-0.7820515
-0.78192836
-0.7836101
-0.7897013
-0.7927859
-0.7989446
-0.79674554
-0.8011449
-0.8045698
-0.80621165
-0.80665696
-0.81108946
-0.8146972
-0.8117544
-0.8173423
-0.816984
-0.8212268
-0.8223547
-0.8250019
-0.8253361
-0.8301535
-0.8315432
-0.83147424
-0.8340434
-0.83342624
-0.8356322
-0.8350208
-0.8346135
-0.84081113
-0.8446606
-0.8426746
-0.84555864
-0.84363997
-0.8413048
-0.8471983
-0.8475353
-0.848215
-0.845618
-0.84255725
-0.8513807
-0.85031486
-0.84988445
-0.8541004
-0.85100496
-0.8524427
-0.8549442
-0.8538482
-0.8518554
-0.85286736
-0.8543173
-0.8615069
-0.8557521
-0.8597825
-0.8629521
-0.8630641
-0.86139095
-0.863339
-0.8609486
-0.8628784
-0.8635921
-0.8636306
-0.8675181
-0.8633887
-0.86683774
-0.8658231
-0.86981916
-0.86963326
-0.86641866
-0.8663654
-0.86945945
-0.8717573
-0.87052196
-0.87287086
-0.8715838
-0.8753342
-0.87183446
-0.87416995
-0.8746324
-0.87605834
-0.87189245
-0.87589896
-0.8760618
-0.8753092
-0.87883735
-0.87653625
-0.8775944
-0.87797594
-0.882129
-0.87969047
-0.87897
-0.8782804
-0.8779756
-0.8862935
-0.87939984
-0.8780336
-0.8816451
-0.8761068
-0.8777237
-0.879293
-0.8825572
-0.88346106
-0.8800513
-0.8867442
-0.88570935
-0.886386
-0.8840533
-0.8872449
-0.88413006
-0.8858282
-0.8856978
-0.88257426
-0.8876954
-0.88838863
-0.89062446
-0.8883704
-0.8909046
-0.89023995
-0.8903095
-0.8889196
-0.8890284
-0.8913315
-0.8959565
-0.88997686
-0.8953178
-0.89209944
-0.8938494
-0.8913144
-0.8934757
-0.8971958
-0.89676857
-0.8989016
-0.896592
-0.8951642
-0.8926162
-0.89460725
-0.89789146
-0.894877
-0.89752126
-0.8934176
-0.89794517
-0.8982523
-0.8967002
-0.89854896
-0.900721
-0.89643407
-0.8973709
-0.89747614
-0.8989104
-0.89881676
-0.89937526
-0.8987034
-0.8986984
-0.9020386
-0.8996478
-0.9018594
-0.90235096
-0.8992265
-0.89941734
-0.9004744
-0.900874
-0.90293384
-0.90241057
-0.89915293
-0.90260756
-0.90362024
-0.899397
-0.89939547
-0.8981816
-0.9000835
-0.9000406
-0.9012856
-0.90315574
-0.8986096
-0.90278214
-0.90320325
-0.9003821
-0.9000607
-0.9006297
-0.90410626
-0.9003158
-0.9020704
-0.90070224
-0.9031377
-0.9061427
-0.90193003
-0.9024216
-0.90300834
-0.9040635
-0.90346897
-0.90427154
-0.9041812
-0.90250605
-0.90320396
-0.9040501
-0.9032049
-0.9039238
-0.9070542
-0.90727425
-0.9047447
-0.9016395
-0.90790546
-0.90962213
-0.90827554
-0.90724504
-0.9050465
-0.9070054
-0.9043893
-0.9075831
-0.905056
-0.90765154
-0.90410787
-0.90669805
-0.9071224
-0.90613496
-0.90608805
-0.90305567
-0.907307
-0.90561223
-0.9090202
-0.9081624
-0.90731907
-0.90805584
-0.9074558
-0.9090924
-0.9073296
-0.9058356
-0.9045628
-0.90956086
-0.906725
-0.90899175
-0.90774006
-0.9116898
-0.90875685
-0.9076159
-0.9072316
-0.9096123
-0.90260506
-0.90669787
-0.9103269
-0.9080632
-0.90837026
-0.9099601
-0.91047055
-0.90841526
-0.9098847
-0.9109528
-0.90981567
-0.91159636
-0.90928555
-0.9085402
-0.9132325
-0.91309124
-0.90679246
-0.9138208
-0.91003233
-0.9128427
-0.9132191
-0.9093575
-0.91035235
-0.91346294
-0.91353196
-0.9090015
-0.90850794
-0.9142487
-0.9109471
-0.9102294
-0.9127053
-0.9142535
-0.91272
-0.9109069
-0.9160639
-0.90986943
-0.90886194
-0.90931463
-0.9097417
-0.91473156
-0.91182977
-0.91235167
-0.9128724
-0.9121355
-0.91317755
-0.9158311
-0.9182981
-0.9191937
-0.9141403
-0.9133089
-0.91685927
-0.9180306
-0.9144142
-0.9166925
-0.91711915
-0.91667724
-0.9193274
-0.9154181
-0.9174124
-0.91894203
-0.91664416
-0.92025644
-0.9162182
-0.92010486
-0.9186719
-0.9184069
-0.9193267
-0.91967934
-0.92126644
-0.92061204
-0.9189949
-0.91897035
-0.92027944
-0.92089874
-0.91952085
-0.92224944
-0.9205359
-0.92080593
-0.9196149
-0.923674
-0.92190284
-0.91994035
-0.92214686
-0.91913265
-0.9220149
-0.92379487
-0.9244133
-0.92246187
-0.9210269
-0.92064947
-0.9226931
-0.9213056
-0.9198086
-0.9259299
-0.92392206
-0.9205002
-0.92009664
-0.9229697
-0.9260348
-0.9225511
-0.92432857
-0.92523724
-0.92430913
-0.92366827
-0.925635
-0.9272834
-0.9256058
-0.9269573
-0.9271378
-0.9255791
-0.92674613
-0.92583984
-0.92836845
-0.92912644
-0.92820716
-0.92639244
-0.9259996
-0.9254989
-0.92804176
-0.92685515
-0.92588186
-0.9262809
-0.92560804
-0.92506725
-0.9260879
-0.92929596
-0.93009025
-0.9291983
-0.9306501
-0.9275033
-0.92897946
-0.92853105
-0.9279779
-0.9313198
-0.92994225
-0.928738
-0.92898023
-0.9288641
-0.9320619
-0.9305524
-0.9277917
-0.9304406
-0.9313728
-0.930684
-0.92828155
-0.9278037
-0.9272063
-0.9283689
-0.92592454
-0.92706597
-0.9285418
-0.9271295
-0.9285714
-0.9306365
-0.92932326
-0.9313898
-0.9271357
-0.92855936
-0.9307717
-0.92953855
-0.929188
-0.9299764
-0.93111706
-0.9299871
-0.9332545
-0.929026
-0.9301844
-0.93248034
-0.9317485
-0.9318304
-0.92881227
-0.9319878
-0.93386525
-0.92867297
-0.9337663
-0.93269926
-0.92968553
-0.9304819
-0.9296588
-0.92994225
-0.93219066
-0.9299342
-0.93649745
-0.93043566
-0.9304362
-0.9325734
-0.93052214
-0.92959046
-0.93260086
-0.93265104
-0.9351018
-0.93152064
-0.93423647
-0.92974555
-0.9331402
-0.93285644
-0.9327081
-0.93508804
-0.93386513
-0.9314526
-0.9348797
-0.9336307
-0.9343502
-0.93427444
-0.93555367
-0.9342105
-0.93694466
-0.9325832
-0.9341649
-0.9328258
-0.93351233
-0.9355155
-0.9325391
-0.9359545
-0.9318473
-0.93240654
-0.93325865
-0.9292568
-0.93190604
-0.93162555
-0.93543774
-0.9359147
-0.9338114
-0.9344347
-0.9341798
-0.93084806
-0.9319237
-0.93651813
-0.93540215
-0.93429375
-0.93461114
-0.93267715
-0.9345909
-0.935755
-0.93362
-0.9331962
-0.93463385
-0.9337006
-0.9381569
-0.9314016
-0.934307
-0.9369008
-0.93625045
-0.935256
-0.9338814
-0.93423915
-0.9324478
-0.93736684
-0.9371033
-0.93471503
-0.93783146
-0.9361887
-0.93818974
-0.938484
-0.93779045
-0.9336253
-0.937146
-0.93693143
-0.9398215
-0.93820274
-0.9376343
-0.93777853
-0.940406
-0.9433298
-0.9375222
-0.9414028
-0.9404489
-0.9413449
-0.9373332
-0.9403725
-0.93874425
-0.93806875
-0.94082
-0.9417747
-0.93740684
-0.9399175
-0.939456
-0.9403313
-0.9391667
-0.93856364
-0.937933
-0.9420583
-0.9408155
-0.9411499
-0.94019276
-0.9375192
-0.94057363
-0.9415866
-0.93987674
-0.9410098
-0.9410235
-0.9404002
-0.9432024
-0.9417223
-0.9438284
-0.94182765
-0.9427794
-0.94396746
-0.9401125
-0.9411303
-0.9426049
-0.94266737
-0.94089234
-0.9431254
-0.94019836
-0.93988085
-0.9437364
-0.93829006
-0.9399576
-0.9402561
-0.9416537
-0.94220686
-0.9413347
-0.94278896
-0.9414749
-0.943984
-0.94122744
-0.9433792
-0.9439739
-0.94312906
-0.9433893
-0.9421772
-0.9439724
-0.94208324
-0.94382817
-0.9427808
-0.94155437
-0.943164
-0.94310546
-0.94400716
-0.94489783
-0.9459682
-0.94407976
-0.94808924
-0.9450435
-0.9469306
-0.944278
-0.9439287
-0.94576824
-0.94663817
-0.9465166
-0.9476743
-0.94652987
-0.94776475
-0.9463541
-0.946778
-0.9478129
-0.9488554
-0.9489496
-0.9474976
-0.94842726
-0.94578254
-0.94897765
-0.9491331
-0.9483944
-0.9480312
-0.9485465
-0.9486212
-0.9493338
-0.9494442
-0.9480547
-0.95082045
-0.95120865
-0.94845307
-0.9490052
-0.9508291
-0.94943094
-0.95099205
-0.95140713
-0.9480621
-0.95113134
-0.9497339
-0.95005345
-0.9505437
-0.949164
-0.95247
-0.95133907
-0.94992
-0.95121795
-0.9521848
-0.95092213
-0.95153695
-0.95325094
-0.95241946
-0.9492179
-0.9501012
-0.95240486
-0.952141
-0.95158166
-0.950522
-0.9498243
-0.95125926
-0.9473714
-0.9528544
-0.9503539
-0.94861364
-0.9497451
-0.9490869
-0.95026726
-0.9531782
-0.9488858
-0.9549424
-0.95162296
-0.9503513
-0.95200765
-0.9491664
-0.9535113
-0.953136
-0.9531111
-0.9521248
-0.9513397
-0.9510782
-0.9542337
-0.9549266
-0.95445466
-0.95317143
-0.9531762
-0.95460826
-0.9533246
-0.9559858
-0.954061
-0.95693976
-0.95632786
-0.95557845
-0.95334345
-0.9530313
-0.9561703
-0.95754445
-0.95565814
-0.95516336
-0.9557881
-0.9556817
-0.95602214
-0.95693326
-0.9566758
-0.95770484
-0.95730305
-0.95528656
-0.95952994
-0.95591605
-0.9576176
-0.9568604
-0.9574268
-0.95954
-0.9564914
-0.96037114
-0.96056896
-0.9596929
-0.9608653
-0.9625545
-0.9619126
-0.96294695
-0.9609035
-0.9639997
-0.96233606
-0.9631836
-0.963899
-0.9641584
-0.96330607
-0.9625561
-0.964412
-0.96416855
-0.9647115
-0.9646121
-0.9632894
-0.96507704
-0.9653677
-0.9637912
-0.96462023
-0.9647117
-0.9650522
-0.9644543
-0.9654569
-0.96461517
-0.9643105
-0.9630931
-0.9626952
-0.96334845
-0.96460825
-0.96413875
-0.9641634
-0.9634546
-0.964244
-0.9629326
-0.96588135
-0.9647396
-0.9620839
-0.9633271
-0.9636033
-0.96330357
-0.9649485
-0.9614345
-0.9640623
-0.9625171
-0.96285474
-0.9644393
-0.9628114
-0.9638575
-0.9635524
-0.96380097
-0.96283704
-0.96466804
-0.96169585
-0.96314967
-0.9634254
-0.96166736
-0.96387243
-0.96317077
-0.9639823
-0.96218467
-0.96265954
-0.9631495
-0.96521866
-0.9626492
-0.9638977
-0.9627843
-0.96585447
-0.9642812
-0.9642507
-0.9643891
-0.96500057
-0.9636749
-0.96650684
-0.9650479
-0.96697724
-0.96464264
-0.96407866
-0.9661449
-0.9643521
-0.9647907
-0.9663305
-0.96378136
-0.9651071
-0.96351403
-0.9645073
-0.9659359
-0.9659646
-0.96710736
-0.96681505
-0.9661175
-0.96568537
-0.96504396
-0.9670864
-0.96603984
-0.96576625
-0.96578425
-0.9672062
-0.96533424
-0.964285
-0.9656116
-0.9645158
-0.96766907
-0.96576226
-0.96467584
-0.96565205
-0.96662647
-0.96574026
-0.9668416
-0.9646547
-0.9655589
-0.96544355
-0.9652998
-0.96716183
-0.9667517
-0.9662917
-0.96737206
-0.96606356
-0.96501863
-0.9676089
-0.96815246
-0.96754664
-0.9677665
-0.9682908
-0.9665877
-0.9664411
-0.9659693
-0.9684546
-0.96624994
-0.9677244
-0.96741146
-0.9660245
-0.96713
-0.9686286
-0.96707195
-0.9665798
-0.96734333
-0.9675255
-0.96535695
-0.96546614
-0.9666166
-0.9662665
-0.96634316
-0.966721
-0.96850497
-0.9675157
-0.9681143
-0.96741384
-0.9658947
-0.9673706
-0.9656022
-0.96668065
-0.96573365
-0.9680294
-0.96606904
-0.9670088
-0.9679245
-0.9653717
-0.96822476
-0.96721464
-0.96670675
-0.9647898
-0.96574247
-0.96491367
-0.96860176
-0.96604896
-0.9672399
-0.9669849
-0.9674491
-0.96670735
-0.9671001
-0.9666025
-0.9664612
-0.96662205
-0.9664088
-0.968195
-0.96772534
-0.9688804
-0.9678593
-0.96861845
-0.9691604
-0.9674003
-0.9659399
-0.96838516
-0.9685311
-0.9686072
-0.9672583
-0.9664458
-0.9677059
-0.9667277
-0.969097
-0.9665241
-0.9683531
-0.96741647
-0.9674741
-0.96950626
-0.9673136
-0.9678666
-0.96710086
-0.967492
-0.9686949
-0.9688028
-0.96631545
-0.9684242
-0.96749413
-0.967609
-0.9700545
-0.9678052
-0.967353
-0.9691095
-0.96910715
-0.9678983
-0.96992505
-0.96856064
-0.96939564
-0.9682184
-0.96961147
-0.9690537
-0.97005194
-0.9696332
-0.9692526
-0.96937513
-0.97038317
-0.96831805
-0.971004
-0.9701539
-0.97032696
-0.9683209
-0.9705187
-0.96954644
-0.969757
-0.9683964
-0.9692136
-0.96857977
-0.97008294
-0.96942866
-0.97003615
-0.9690996
-0.96854305
-0.9700234
-0.9702315
-0.96987647
-0.9696064
-0.9685756
-0.96981776
-0.970503
-0.9687066
-0.96950406
-0.9703501
-0.9712099
-0.9692798
-0.9683503
-0.97084373
-0.96992844
-0.968903
-0.9688156
-0.9691554
-0.9695675
-0.97027355
-0.97126615
-0.9697
-0.9695799
-0.9707892
-0.9699948
-0.9677191
-0.9710313
-0.96966386
-0.96857494
-0.9690838
-0.9688915
-0.9702152
-0.9697957
-0.9701804
-0.9701051
-0.9695441
-0.9705115
-0.9701677
-0.970044
-0.96892476
-0.9705111
-0.9696371
-0.970141
-0.96957934
-0.9701052
-0.97063893
-0.96980083
-0.97061366
-0.9699099
-0.971532
-0.9689007
-0.9708801
-0.97105855
-0.97130406
-0.97084516
-0.9707608
-0.96997434
-0.9721022
-0.9720808
-0.9713925
-0.97108984
-0.9696025
-0.97147167
-0.97084856
-0.9696345
-0.97014713
-0.9695179
-0.9709431
-0.9704342
-0.97157836
-0.97073853
-0.9718116
-0.9694742
-0.9712451
-0.97041744
-0.96977437
-0.97053623
-0.9697265
-0.9702242
-0.970895
-0.9714289
-0.970236
-0.9691668
-0.97082835
-0.9710383
-0.9704587
-0.9699962
-0.9709309
-0.9700927
-0.97032773
-0.9698796
-0.97101814
-0.9708296
-0.969784
-0.9719798
-0.97140723
-0.97177297
-0.9707889
-0.96990144
-0.971439
-0.9710666
-0.97063327
-0.9707753
-0.96969026
-0.9699907
-0.97290784
-0.97276354
-0.9698035
-0.9703317
-0.970136
-0.9709769
-0.96996707
-0.9717471
-0.9694709
-0.97026235
-0.9711416
-0.96909857
-0.9714226
-0.9711695
-0.9700902
-0.971339
-0.9708447
-0.9703827
-0.97335935
-0.97204095
-0.97227293
-0.9712573
-0.9718514
-0.97094846
-0.9724571
-0.97318834
-0.97297186
-0.97277504
-0.9730218
-0.97377634
-0.9735605
-0.974665
-0.9733474
-0.97276384
-0.97484964
-0.9740774
-0.9738254
-0.97407967
-0.9733392
-0.97455406
-0.9747007
-0.9738761
-0.97521025
-0.9738994
-0.97505134
-0.9754323
-0.97234625
-0.9740887
-0.97449756
-0.9750251
-0.97277457
-0.97578496
-0.974784
-0.97419494
-0.9740747
-0.9757073
-0.9749064
-0.9761745
-0.97531956
-0.9755075
-0.975132
-0.975262
-0.9749767
-0.9746927
-0.974956
-0.9764718
-0.975173
-0.97489864
-0.9763609
-0.97423387
-0.9760764
-0.9742979
-0.97598106
-0.9768262
-0.97524816
-0.9760047
-0.97652596
-0.9751313
-0.97501934
-0.97581327
-0.97559994
-0.9764119
-0.97609067
-0.9759516
-0.97662663
-0.9753918
-0.9757417
-0.97497386
-0.9757142
-0.9758459
-0.97529364
-0.9749016
-0.9759113
-0.9764787
-0.97573763
-0.97583246
-0.9754678
-0.97402394
-0.97615457
-0.9750394
-0.9738321
-0.97784805
-0.9762319
-0.97349805
-0.97621024
-0.9742005
-0.97465444
-0.975577
-0.97485566
-0.9765178
-0.976297
-0.9761046
-0.9748347
-0.97595835
-0.97449195
-0.97474456
-0.97478735
-0.9736522
-0.97318226
-0.9751451
-0.9735699
-0.97684944
-0.9737104
-0.9749696
-0.9763011
-0.9749068
-0.9761771
-0.97461283
-0.9753475
-0.9753232
-0.9755656
-0.9762198
-0.9762015
-0.97567475
-0.9754178
-0.9766889
-0.9759991
-0.97588325
-0.9774558
-0.9768036
-0.9765899
-0.976363
-0.9761105
-0.9766587
-0.97664946
-0.9765336
-0.9763274
-0.97643805
-0.9765166
-0.9758535
-0.97721934
-0.9776753
-0.9754166
-0.9777401
-0.9777277
-0.97647667
-0.97761774
-0.97593427
-0.97677803
-0.9754594
-0.97700214
-0.97553575
-0.976275
-0.97681826
-0.9768112
-0.9765001
-0.9770693
-0.9758924
-0.9767985
-0.9762338
-0.9757857
-0.976439
-0.9754897
-0.9754219
-0.97648454
-0.9757431
-0.9776281
-0.976777
-0.97556996
-0.9760533
-0.9763826
-0.9755596
-0.977391
-0.9771861
-0.9769954
-0.9762015
-0.9761899
-0.97661877
-0.9760298
-0.97675765
-0.97738385
-0.9759807
-0.97689
-0.9770694
-0.9776864
-0.9768538
-0.9776229
-0.9782176
-0.9778051
-0.9771002
-0.9777126
-0.9792805
-0.9782676
-0.9789012
-0.978732
-0.9783904
-0.9785667
-0.9776779
-0.9782604
-0.978715
-0.9778074
-0.977431
-0.9781595
-0.97828376
-0.9792842
-0.9788629
-0.9781705
-0.97786635
-0.979119
-0.97903216
-0.9784841
-0.9787933
-0.97800297
-0.9786624
-0.97766083
-0.97787184
-0.9784631
-0.9796096
-0.9783429
-0.9785619
-0.9786064
-0.9773016
-0.9770935
-0.97909456
-0.97849774
-0.9787271
-0.9775104
-0.97757554
-0.97923803
-0.9783799
-0.97841847
-0.9786175
-0.97896355
-0.97932106
-0.9782967
-0.9791749
-0.97907615
-0.9780272
-0.9789498
-0.97867274
-0.9786391
-0.9785924
-0.97832704
-0.97771484
-0.9785213
-0.97854203
-0.9791071
-0.9790223
-0.9772615
-0.9784649
-0.9783052
-0.9782514
-0.9787287
-0.97922605
-0.9787905
-0.97829425
-0.9785391
-0.97921664
-0.9792347
-0.9778513
-0.97870475
-0.9787371
-0.9791236
-0.97769624
-0.9792099
-0.9785823
-0.97762775
-0.9796685
-0.9771473
-0.97906387
-0.9785589
-0.97928756
-0.97649133
-0.9787374
-0.97954845
-0.97806054
-0.9785947
-0.9790979
-0.978178
-0.9788465
-0.98058534
-0.978626
-0.9790088
-0.9787387
-0.97944945
-0.97941315
-0.9782767
-0.9784304
-0.9782036
-0.97983253
-0.97908145
-0.9784607
-0.98005146
-0.978724
-0.9802954
-0.97782797
-0.9779349
-0.97898847
-0.9801743
-0.978034
-0.97903407
-0.9795857
-0.9792052
-0.9787002
-0.9800041
-0.9768674
-0.9803411
-0.97985846
-0.9796159
-0.97886
-0.9799851
-0.9788208
-0.9792513
-0.97840035
-0.9788008
-0.9783316
-0.98006564
-0.9791039
-0.9783785
-0.9781479
-0.98056495
-0.97774476
-0.9784529
-0.9801168
-0.97942203
-0.9784006
-0.9771468
-0.9799081
-0.9785055
-0.9794155
-0.9789464
-0.97991526
-0.9789745
-0.98047143
-0.97991836
-0.9794848
-0.9798662
-0.98012555
-0.979527
-0.9789957
-0.97803205
-0.97772926
-0.9796008
-0.980331
-0.9777363
-0.97892773
-0.98008114
-0.97673506
-0.9790725
-0.97900563
-0.97856814
-0.98020196
-0.97951835
-0.98013675
-0.9811064
-0.9792416
-0.9786857
-0.9798369
-0.9791119
-0.97749364
-0.97959715
-0.97801065
-0.9794432
-0.9791835
-0.980025
-0.9792239
-0.9786432
-0.9792189
-0.9801936
-0.9796997
-0.9798527
-0.9802203
-0.9796767
-0.97960156
-0.97949195
-0.9800504
-0.97972584
-0.97903115
-0.9784288
-0.9794918
-0.9789554
-0.9792302
-0.9784508
-0.979313
-0.9804357
-0.9796075
-0.9778981
-0.9796429
-0.97852105
-0.9793392
-0.9797436
-0.98000365
-0.98033994
-0.9801589
-0.97914326
-0.9796428
-0.9795971
-0.98131377
-0.9800658
-0.9795619
-0.9806824
-0.980752
-0.9796631
-0.9795136
-0.9803657
-0.97753406
-0.978924
-0.9791773
-0.9798103
-0.9785297
-0.9794372
-0.9805641
-0.97937274
-0.98046285
-0.9803696
-0.98061043
-0.97947764
-0.9791997
-0.9795023
-0.9809538
-0.97956765
-0.9796608
-0.9806078
-0.9816683
-0.9802542
-0.98130465
-0.98124135
-0.9804307
-0.98018163
-0.98001903
-0.9798997
-0.9812539
-0.981745
-0.97992444
-0.9814153
-0.97959435
-0.9797168
-0.98006487
-0.9809422
-0.9800269
-0.9805571
-0.9802329
-0.9798588
-0.9799308
-0.9786053
-0.9781319
-0.9785827
-0.97824836
-0.97960675
-0.977855
-0.9788436
-0.9788923
-0.97792447
-0.9794585
-0.9793634
-0.9780505
-0.97940874
-0.9789209
-0.9772739
-0.9783491
-0.978334
-0.9793337
-0.97906417
-0.97808874
-0.97997487
-0.97807866
-0.9781083
-0.97896814
-0.97762585
-0.9790638
-0.97764415
-0.979419
-0.977576
-0.98049337
-0.97733533
-0.97915334
-0.9790931
-0.97974426
-0.9787435
-0.9799814
-0.9808934
-0.9793775
-0.9810644
-0.97914356
-0.9787715
-0.9795628
-0.9796155
-0.979366
-0.98058236
-0.9809505
-0.9792838
-0.98075336
-0.98068106
-0.9803257
-0.9800508
-0.98052526
-0.98089623
-0.98054475
-0.9808195
-0.9805951
-0.98065597
-0.98089737
-0.98044854
-0.98074293
-0.98106307
-0.9810234
-0.98054856
-0.98159
-0.9818722
-0.9814481
-0.9804471
-0.980886
-0.980548
-0.9816553
-0.9813532
-0.98124623
-0.98056
-0.9823261
-0.9808516
-0.98169374
-0.98164517
-0.98013747
-0.98106223
-0.9815254
-0.98160285
-0.9814665
-0.9816778
-0.98119074
-0.98233837
-0.9820751
-0.9817932
-0.9812184
-0.9808567
-0.98258585
-0.98118335
-0.9806063
-0.98263043
-0.9827695
-0.98205346
-0.9815129
-0.9825409
-0.9824759
-0.9826635
-0.9827505
-0.9818891
-0.9822457
-0.9818374
-0.98194695
-0.9823324
-0.9817837
-0.98231155
-0.98309076
-0.9826285
-0.9824637
-0.981064
-0.9825333
-0.98288065
-0.9829009
-0.98222405
-0.98169905
-0.98257077
-0.98273987
-0.9833788
-0.982546
-0.9832045
-0.98262286
-0.9829118
-0.9831821
-0.9833652
-0.98221666
-0.9830452
-0.98271614
-0.9833738
-0.98311204
-0.9831153
-0.982673
-0.9831789
-0.9837599
-0.9831252
-0.9828461
-0.9818518
-0.9814678
-0.9821494
-0.983155
-0.9821326
-0.98268676
-0.9828922
-0.9817112
-0.98297036
-0.98251915
-0.9827313
-0.98303753
-0.98336256
-0.982505
-0.9832234
-0.9831311
-0.98217976
-0.9838269
-0.9835476
-0.9829415
-0.98257464
-0.9824676
-0.983618
-0.9826004
-0.98281986
-0.98247445
-0.98220474
-0.98399293
-0.9840175
-0.9834796
-0.9827035
-0.98337585
-0.98178905
-0.98301345
-0.9832638
-0.9838724
-0.98294604
-0.9840705
-0.98408717
-0.9833931
-0.98394376
-0.9838307
-0.9831237
-0.98263353
-0.98467886
-0.9841514
-0.9833439
-0.9833558
-0.983056
-0.9835654
-0.9843625
-0.9831824
-0.98414564
-0.98327273
-0.98365587
-0.9830709
-0.98261845
-0.9829329
-0.9828743
-0.98138374
-0.98177075
-0.9823177
-0.9831785
-0.98329353
-0.9823149
-0.9825146
-0.9830994
-0.98216975
-0.9815914
-0.98236233
-0.9826742
-0.9812557
-0.9833511
-0.98287296
-0.98163223
-0.98221385
-0.9831481
-0.9823099
-0.98312426
-0.9830435
-0.98220956
-0.9825488
-0.98371565
-0.98269635
-0.9812918
-0.9826551
-0.9832509
-0.98387784
-0.98216134
-0.98159957
-0.9829001
-0.9833117
-0.9835968
-0.9827387
-0.9835257
-0.9832539
-0.9835043
-0.9839214
-0.9842317
-0.98305905
-0.9835417
-0.9837937
-0.9836828
-0.9836953
-0.9827607
-0.9832721
-0.98265165
-0.98216015
-0.983137
-0.9823466
-0.98136795
-0.9827533
-0.9823494
-0.9827237
-0.9825956
-0.9827231
-0.9828614
-0.98262405
-0.9833214
-0.98406494
-0.9825162
-0.9838924
-0.98250616
-0.9838495
-0.9831
-0.9837463
-0.98382527
-0.9837983
-0.98346984
-0.98203593
-0.9839271
-0.9827904
-0.98323256
-0.98339283
-0.9832123
-0.9827199
-0.98448384
-0.9828773
-0.9829205
-0.98324406
-0.98389757
-0.98371524
-0.98338145
-0.9830733
-0.9853771
-0.98476034
-0.98412055
-0.984162
-0.9832038
-0.9823982
-0.98406655
-0.9843984
-0.98402804
-0.98322856
-0.9846995
-0.9846415
-0.9834258
-0.98292685
-0.9839042
-0.98351914
-0.983074
-0.9832245
-0.983589
-0.98331535
-0.9836205
-0.98292404
-0.9839599
-0.9834358
-0.9837196
-0.9831348
-0.9837438
-0.9836958
-0.98303545
-0.9831824
-0.98376656
-0.98327565
-0.9832846
-0.9835123
-0.9838946
-0.98453903
-0.9837781
-0.98338765
-0.9831807
-0.98338884
-0.9836194
-0.9835702
-0.98387647
-0.98324466
-0.98372614
-0.9839738
-0.9841841
-0.98454076
-0.9841015
-0.9832275
-0.98430187
-0.9834841
-0.98471224
-0.9832789
-0.9835594
-0.9845443
-0.9838424
-0.98362625
-0.98473454
-0.9845258
-0.983597
-0.98409253
-0.9847599
-0.9850244
-0.9842342
-0.98401153
-0.985091
-0.984444
-0.98441136
-0.98455197
-0.9835785
-0.9845727
-0.98406655
-0.9844202
-0.98381156
-0.9826021
-0.98311025
-0.98380184
-0.9839189
-0.98332703
-0.9842209
-0.9839269
-0.984167
-0.9824209
-0.9839992
-0.98412323
-0.9836584
-0.9837371
-0.98189795
-0.98501366
-0.98298705
-0.9832793
-0.9832993
-0.98355997
-0.982294
-0.9840119
-0.98266315
-0.9835277
-0.983006
-0.9827036
-0.983447
-0.9837098
-0.98128474
-0.9836567
-0.98291165
-0.9824427
-0.9830055
-0.9839038
-0.9823652
-0.983319
-0.98321414
-0.98400617
-0.9836943
-0.9835565
-0.98389286
-0.98324335
-0.98352456
-0.98445576
-0.98402625
-0.98264766
-0.9835084
-0.9839025
-0.9836217
-0.9836756
-0.983999
-0.98402154
-0.9844952
-0.98386216
-0.9832005
-0.9832314
-0.98436767
-0.9827769
-0.9839816
-0.9841971
-0.98320943
-0.983449
-0.98399025
-0.98408955
-0.9837076
-0.9843772
-0.9830143
-0.98371714
-0.98419863
-0.98404413
-0.98370904
-0.98415846
-0.9845768
-0.9839848
-0.98405164
-0.98413426
-0.98394674
-0.98400456
-0.98406947
-0.9844785
-0.98387605
-0.9837535
-0.98540854
-0.9846333
-0.98496735
-0.9842606
-0.9847931
-0.9845351
-0.98336273
-0.9853277
-0.98604333
-0.98431736
-0.9848279
-0.98473245
-0.9843185
-0.98469824
-0.98364735
-0.9845757
-0.98466504
-0.9839382
-0.9851218
-0.98420686
-0.98420095
-0.9850398
-0.98328143
-0.98488003
-0.98459613
-0.9842946
-0.9839256
-0.9841283
-0.9840947
-0.98356324
-0.9843486
-0.9841556
-0.98393244
-0.98449236
-0.9848282
-0.9847841
-0.98473936
-0.9838423
-0.98360777
-0.9842746
-0.9855735
-0.9840032
-0.9843721
-0.983191
-0.9837829
-0.98467755
-0.9843358
-0.9846312
-0.98450863
-0.9847087
-0.9844972
-0.98367244
-0.9846601
-0.98457277
-0.9838847
-0.9843161
-0.98385394
-0.9844553
-0.9849675
-0.9846227
-0.98517334
-0.98443276
-0.9846765
-0.9838198
-0.9845684
-0.98416984
-0.9837757
-0.9846378
-0.9847531
-0.98482835
-0.98446673
-0.9845976
-0.9853196
-0.9845176
-0.9837173
-0.984639
-0.98534465
-0.98490596
-0.98471683
-0.9839322
-0.9835558
-0.98361737
-0.983043
-0.98367345
-0.9837839
-0.9830913
-0.98216236
-0.98327684
-0.9836574
-0.9831464
-0.9829811
-0.9828442
-0.98205835
-0.9823086
-0.9824885
-0.9832227
-0.983652
-0.98356986
-0.9833912
-0.98328096
-0.9826728
-0.9840023
-0.98391616
-0.9828936
-0.9840544
-0.9837675
-0.98390037
-0.9846231
-0.98402405
-0.983746
-0.9841199
-0.9839439
-0.9829024
-0.9841441
-0.98443335
-0.98393595
-0.9839368
-0.98320997
-0.9831746
-0.98382884
-0.9837565
-0.9839883
-0.9839268
-0.9835229
-0.9841951
-0.98446244
-0.9837352
-0.98461545
-0.9839873
-0.9841495
-0.9848598
-0.9844723
-0.9842039
-0.98369795
-0.9842698
-0.98411995
-0.98489994
-0.98308784
-0.9843249
-0.983911
-0.9843819
-0.9835542
-0.9836155
-0.9845527
-0.9839763
-0.98351634
-0.98382
-0.98372245
-0.98530114
-0.98452246
-0.9838883
-0.9831971
-0.9839518
-0.98312765
-0.98379827
-0.9833107
-0.9841885
-0.9850669
-0.98361206
-0.9851721
-0.98349047
-0.9845798
-0.9852935
-0.985049
-0.9834362
-0.98535764
-0.9846541
-0.98470634
-0.98492604
-0.9851011
-0.98432386
-0.98443764
-0.98543346
-0.98562914
-0.98512554
-0.98565346
-0.986472
-0.98553103
-0.98508525
-0.9851003
-0.98521596
-0.98583317
-0.98485756
-0.9855784
-0.98569894
-0.98546255
-0.98588234
-0.98537546
-0.98569083
-0.9858706
-0.9853127
-0.9862019
-0.9852322
-0.98575735
-0.98535395
-0.9855916
-0.98607916
-0.98620844
-0.986408
-0.98529327
-0.98538035
-0.9850545
-0.98563516
-0.98573697
-0.985533
-0.9868838
-0.98573893
-0.9846183
-0.9854634
-0.98508644
-0.98484766
-0.9853766
-0.985292
-0.9855772
-0.9862362
-0.98600227
-0.98485583
-0.9849312
-0.98520887
-0.98504925
-0.98639643
-0.98556244
-0.98468757
-0.98449665
-0.9860269
-0.98597944
-0.9845626
-0.9831806
-0.9847158
-0.9854232
-0.98416805
-0.9852774
-0.98606396
-0.98465693
-0.9847244
-0.9848397
-0.98630756
-0.9853576
-0.9851396
-0.98597443
-0.98493516
-0.9851372
-0.9849495
-0.98537135
-0.98453933
-0.9859999
-0.9860473
-0.9856753
-0.9853171
-0.984715
-0.98580515
-0.98580307
-0.9848083
-0.98509413
-0.98584145
-0.98598254
-0.9862063
-0.986455
-0.986568
-0.9856148
-0.98494244
-0.9862931
-0.9855571
-0.9854818
-0.98607
-0.985136
-0.98697585
-0.985771
-0.9843052
-0.98433656
-0.98494047
-0.98421144
-0.9847124
-0.9852898
-0.98482496
-0.9843106
-0.98450106
-0.98535275
-0.9843207
-0.9847357
-0.9848854
-0.98431283
-0.98454565
-0.9841775
-0.9842992
-0.9844005
-0.98472244
-0.9834987
-0.98490965
-0.9852427
-0.9851282
-0.9855279
-0.98476636
-0.9850586
-0.98527926
-0.9856054
-0.98548377
-0.98587394
-0.98561084
-0.9856359
-0.98525923
-0.9858859
-0.985409
-0.9862649
-0.9856883
-0.98579055
-0.9850619
-0.98560685
-0.9848092
-0.9863563
-0.9865333
-0.98396546
-0.98628366
-0.9866533
-0.985378
-0.9854539
-0.98557746
-0.985988
-0.9869691
-0.98646283
-0.98628044
-0.9859587
-0.98562115
-0.9852885
-0.98543334
-0.9849476
-0.9859359
-0.9857289
-0.9849002
-0.9842097
-0.98559433
-0.9848441
-0.98568135
-0.9845898
-0.9858498
-0.9862434
-0.98384714
-0.98520845
-0.98462045
-0.984822
-0.98500246
-0.98320615
-0.9854753
-0.9848173
-0.98304254
-0.98449636
-0.98379403
-0.98447084
-0.98587275
-0.98452115
-0.9843733
-0.98605853
-0.9848597
-0.9852021
-0.9846746
-0.98375124
-0.98536927
-0.9848145
-0.98592955
-0.9860913
-0.9849156
-0.9850469
-0.98596954
-0.9864422
-0.9860716
-0.98607105
-0.9860214
-0.98597205
-0.9848704
-0.98616976
-0.9852904
-0.98583734
-0.98632616
-0.98607355
-0.9857525
-0.98519754
-0.9857733
-0.98624885
-0.9873786
-0.98577327
-0.9859215
-0.9866042
-0.9862458
-0.9865643
-0.98555136
-0.986845
-0.985943
-0.9860318
-0.98554146
-0.9855786
-0.98703533
-0.9857591
-0.98519737
-0.9859547
-0.98550934
-0.9859391
-0.98631763
-0.9846003
-0.98633313
-0.9860437
-0.9858933
-0.98586184
-0.9859078
-0.98655784
-0.9851708
-0.9852859
-0.9853544
-0.9855957
-0.9853225
-0.98534936
-0.9856802
-0.9838593
-0.9836919
-0.9836685
-0.9849102
-0.9836926
-0.98379093
-0.9835444
-0.98332477
-0.9850442
-0.9851308
-0.9836741
-0.98433816
-0.98539513
-0.98489636
-0.9830574
-0.98501897
-0.98403645
-0.9850793
-0.9844311
-0.9851949
-0.98498154
-0.9850889
-0.98496675
-0.9838195
-0.9859501
-0.98561376
-0.98456615
-0.9850822
-0.98507804
-0.9863831
-0.98498344
-0.98474926
-0.9860949
-0.98487586
-0.9849236
-0.9859468
-0.98586744
-0.98569155
-0.9852384
-0.985237
-0.9856575
-0.9849652
-0.9857174
-0.9858789
-0.98586243
-0.9860798
-0.98591536
-0.9860946
-0.98578864
-0.98533
-0.985996
-0.986035
-0.9847755
-0.98435867
-0.98602027
-0.98601
-0.9852923
-0.9862319
-0.98689425
-0.98549366
-0.98490155
-0.9863406
-0.9857593
-0.98623717
-0.98680407
-0.9853732
-0.9860894
-0.98544335
-0.98605573
-0.98636997
-0.98564255
-0.9863722
-0.9857057
-0.9860812
-0.98675317
-0.98641133
-0.98644185
-0.9864245
-0.98584235
-0.98519534
-0.9863712
-0.9868844
-0.9853727
-0.9856393
-0.9870456
-0.98611665
-0.9865719
-0.9847921
-0.98576456
-0.9854877
-0.98647165
-0.9849888
-0.9869528
-0.98602337
-0.98696524
-0.98598146
-0.9859713
-0.9859822
-0.9857806
-0.98561895
-0.98576415
-0.985216
-0.9849747
-0.9866333
-0.9855072
-0.9863512
-0.9860112
-0.9854654
-0.9861834
-0.98648715
-0.98574936
-0.9853661
-0.9861908
-0.9857447
-0.9850589
-0.9849453
-0.98578143
-0.9856608
-0.9859738
-0.98629904
-0.98609126
-0.98494035
-0.9848969
-0.98602366
-0.985587
-0.9850702
