0.28708394220009625
0.3597824346363551
0.09090257680693083
0.04980719665802521
0.08420253176734066
0.14023274965827756
0.08796940563740796
0.13843884603635528
0.26485750721643175
0.41257302446642385
0.05204379537436285
0.285153980260418
0.46381845635340213
0.22358643988032814
0.17153543956000214
0.37801819802428044
0.08974093427241539
0.24347447408996098
0.2610709793205878
0.28217986504815434
0.08965624893054575
0.21623667369130886
1.0007196126267506
0.2202413749884821
0.6223354548327571
0.07153449581433151
0.1146997125851407
0.12607383910200282
0.23983844433550092
0.23300359766719006
0.34772557484345284
0.2448942930535882
0.14828592634685098
0.24278269488825047
0.4000913416063658
0.3781234873189692
0.39315491698453103
0.12603532133409556
0.28149284221171966
0.09227431823331621
0.3363490112064153
0.12631103191191426
0.12808996826162244
0.2718663271574689
0.3754135025505443
0.23754299261945022
0.38926275783508235
0.37066966827424647
0.18476527186890943
0.652495580323847
0.2299383805960948
0.1715699952023857
0.3159606889300271
0.2055286605387675
0.28071192050443805
0.06593210731678968
0.07621563094847633
0.033184943746977134
0.3064398237065307
0.298340310814714
0.08939155959540188
0.22924434571282787
0.15290105514592836
0.1584478265108136
0.2807784925495275
0.2965913691650569
0.155700121040194
0.23348739213515993
0.12130711922775388
0.2505224845689424
0.4192516726698263
0.2561128706002786
0.04301191426435733
0.08204029553796909
0.09099423451459702
0.2753611492054084
0.07956389733960843
0.02475314419087169
0.1543950793994771
0.288742063874452
0.6941268413134376
0.29333397813938783
0.05382079022705883
0.16343194602888583
0.2903240207601142
0.28338859381370185
0.06304065887586177
0.2933248082747821
0.32887605314882057
0.17774430943165276
0.4435671534528694
0.38958973276951997
0.15806448600229073
0.12297496281513466
0.08920815514311589
0.19237811919500075
0.04739250786560912
0.2027074887320623
0.3410680582333813
0.3620510633073035
0.33831551308242763
0.3756181400903009
0.4598015489256382
0.22099152122832985
0.2506794463642379
0.3526657072767808
0.11511902445532411
0.24362552087679185
0.428251813480213
0.2504121985229881
0.33284885697634603
0.43484678434489993
0.16709501517814412
0.48422316369060187
0.4375016198480616
0.34705617828831586
0.2516430152134821
0.1634715172669595
0.19261254418061746
0.046443695350817285
0.2787909269060558
0.3652654783817296
0.25088411406901057
0.1359337406382907
0.1463683766519149
0.12673172377894545
1.679658513968572
0.16838509537054522
0.058431091987556874
0.4093641746897065
0.2620341447872764
0.1938867883167125
0.30259003736095397
0.49666478141778503
0.31892899693872195
0.32831196464794626
0.3464147182845169
0.1211341374604227
0.07740278611222354
0.14902083651500816
0.11029016581613602
0.3029288741014925
0.2516517254754901
0.33067338713358424
0.1657310550472597
0.4173841265571146
0.18204577616452072
0.08444536228145154
0.3366176974559705
0.42954900699483145
0.3551445789624266
0.24931211642760084
0.2282718485789279
0.300236138619717
0.2620201493185762
0.6415872874206057
0.27613914071656603
0.1794377027248932
0.2727062792914838
0.08471277875059967
0.35264511026749173
0.17813575492873945
0.20041775931225264
0.491161625482058
0.23936794341230377
0.45488679877524557
0.5332913689404712
0.2525732765823879
0.40413393439252615
0.4388598667344029
0.21056997194163743
0.23886644661506845
0.10635432886822684
0.3629851868034662
0.06871601675506457
0.26713024555061005
0.2889604606329023
0.8801657140687376
0.13796451772582663
0.2402688974240029
0.38495675279298075
0.42187855853404377
0.12635331019434234
0.5184405158197996
0.14945843157916125
0.3031791607978169
0.06357121095987088
0.4154246760354442
0.27510215698122575
0.3614002269328796
0.23634253851962356
0.10699290469742026
0.3143348389360388
0.24311857320084718
0.24912681960937588
0.23841264904743895
0.14609116526356103
0.3084067943749669
0.31774152357738045
0.5575143967743942
0.11727734847247394
0.3903369580211596
0.36956002889382356
0.20624093276946734
0.24865555250246157
0.028860877569852218
0.31803841245438713
0.28386749143409284
0.21725068098443592
0.5364580538441568
0.3171228806738858
0.39465240101457183
0.16200133156398713
0.419221856357348
0.23451695476933102
0.20384382488450217
0.2653221639291101
0.7046935060600236
0.3458008081119014
0.24227645078332458
0.4252652175606736
0.31301185871270676
0.08533376335987762
0.1504325608450783
0.13678438663072046
0.7409290192695139
0.568118476508603
0.19836864522734776
0.14810670436201412
0.15022899672468384
0.6020451152921636
0.31685734306991287
0.21036817260347843
0.19970359110563268
0.12102058890076473
0.22268620357059374
0.11676052212868197
0.37387182189061774
0.22348707351416008
0.7894318936604758
0.09065150856743097
0.4159992546166148
0.17039807523670353
0.47674759641673053
0.1906435101511254
0.265273899209837
0.3975762858870492
0.6389534903342283
0.30177959832251927
0.3988402886992253
0.50073888939298
0.3725321501315617
0.473124913230057
0.6553449071487352
0.6140323781139175
0.1695780357304406
0.3856034247478014
0.5381701288734759
0.48833131920218736
0.4119038695168339
0.4635918979403092
0.3666917962690952
0.379212108684682
0.04038180872260906
0.08023426786768487
0.2747386690708307
0.3125116298357535
0.724845634280899
0.44057193836365954
0.31117877558050455
0.3022446352488879
0.06923888480779178
0.16422663277991958
0.18213509227236632
0.662393352152544
0.5669987744213589
0.11821811410691051
0.10506349908534451
0.09818013374235275
0.23680390435551202
0.32692016592947304
0.0356295893050984
0.30903355496304924
0.5809448485986807
0.23767927642060135
1.0366861785839612
0.21301746540951003
0.15139637131769762
0.3839972899272392
0.45980140559633
0.19414233024753583
0.16464485056285352
0.044926226744471935
0.47108829016246007
0.6184947222782111
0.14109112977016455
0.10280048563923366
0.3452046148842191
0.17488296067668735
0.4520059651685277
0.24989565251523727
0.3349972233992281
0.6891381712855853
0.8531011984665162
0.8935503131409734
0.31528954778123647
0.21332459994489725
0.34109021456319005
0.23354193880517168
0.5389476015841311
0.3785102159483239
0.6285336432856308
0.6653385903223269
0.24608511833540167
0.17871349430189876
0.2632235830982577
0.298125618004057
0.1501453414216412
0.1014957675444231
0.24103249147867226
0.33070240141675705
0.31525116955109145
0.22969391970121902
0.3834556385690059
0.8297915697113418
0.3446774077951408
0.24604076263480718
0.3490941590695059
0.4791307699995125
0.46125734502230287
0.515062059266541
0.360112255928167
0.1172243120156401
0.5538089647062946
0.6405984794382055
0.15309804884653816
0.5171724307852935
0.29464211767225085
0.5498679196366376
0.13899796146522098
0.16880788044055303
0.22816065873350636
0.49526294883075644
0.39632621174529614
0.28224036381468154
0.04634319661546591
0.16000567471618085
0.2798322673894057
0.7057424346256292
0.21022095787432177
0.30462780073408435
0.3886078456554498
0.4212275087791992
0.18572221889677326
0.20996099554756004
0.26456166620131544
0.4149231091679095
0.5869512617319651
0.3355351430588673
0.18255307183619623
0.06544998957483299
0.3459882080807365
0.45290434547679986
0.29637473009599835
0.16803782271756496
0.06979578975918241
0.14506769486823323
0.31434856909554665
0.5241436942537404
0.10029686075911222
0.19605470813057221
0.5533472565228446
0.4410755438148789
0.10590262780523871
0.24944080656551781
0.7869354357638341
0.2282011846345533
0.04322428654653201
0.12180266500435816
0.23840319607040736
0.24767167050472186
0.3465970393355724
0.23326596542833905
0.3865950693797157
0.8034281116094245
0.49493032167414697
0.19570641467595654
0.5856534366797346
0.07195946412330989
0.5512016053818243
0.44846357215801946
0.3041662756610001
0.23206795725842674
0.34565498583753324
0.5735607389195742
0.11827653514768792
0.42602307290708036
0.25207227152064776
0.18071629179605855
0.6837245181346886
0.346176879846613
0.24807051152815127
0.515684768835741
0.05236558387726937
0.36717011353483764
0.4152557070412912
0.30426887765955307
0.4006878036757613
0.29709270324844206
0.2726768569090303
0.23103942267993588
0.3154987874554343
0.42481849872092525
0.21777694783574608
0.5101060581120143
0.39279993889430936
0.16124578010819599
0.10440046505187689
0.5339777798844265
0.6200361724301071
0.2149375579619194
0.5270124595341575
0.3124890299221823
0.6170175172803568
0.4639520003940863
0.48802820123370744
0.29916648221656506
0.18142825701257437
0.4608873404130962
0.27178448782259634
0.15320262014409436
0.04849924378999527
0.31081006685560536
0.3496742721383888
0.5041606278309682
0.6316618241917715
0.4721387722967839
0.7691392453184106
0.36667738310587245
0.33373386385334236
0.5264610467450737
0.50926860974718
0.4003362350880988
0.11705071877713753
0.3136097184906656
0.4547981113944481
0.9825755648329144
0.4213467303779125
0.30825154772839325
0.2565494078364353
0.5077880107317667
0.09311833431878917
0.3615307822844176
0.21215606736668008
0.11421883939199283
0.3061797421111937
0.09224661635887973
0.43109943637225023
0.2659097490982927
0.5084842006886782
0.3725398942704943
0.286676573857329
0.5662039246830296
0.2632164053462734
0.16636980168940835
0.5457164477824117
0.7707268406817726
0.5315362772396655
0.5186783544838395
0.2503997336609758
0.17730172562867624
0.12367189127242442
0.36000628722156636
0.30584189012288965
0.2273488983126581
0.1614459470675222
0.45789133954703215
0.288891195810795
0.2931471423747732
0.352446288017359
0.2798371731482232
0.31246133440330714
0.5566802086912418
0.3549131895970138
0.08691690468349692
0.2120629568174521
0.14778582124820902
0.6423025730641354
0.5054465353956343
0.6363026722859456
0.5673278319319136
0.39033801822392666
0.18645871842713116
0.2693710317278222
0.12728227330067635
0.6122562960802721
0.537004687309173
0.3391993162480241
0.10660419718053357
0.20355845484222074
0.5207230645321183
0.6713728444726713
0.30414348516605205
0.422709395502102
0.47373400042118735
0.343607684378815
0.43127694411882017
0.3364313693651754
0.29121187309543556
0.4063870368142187
0.5883478194604793
0.4389686356228454
0.5612038772332112
0.42162675681738526
0.0775052914745093
0.6924356296335095
0.1841819428474883
0.21280772721845567
0.21026653940988813
0.19968212865743787
0.1206709168867553
0.16720880558702833
0.5281873935540224
0.79876997130714
0.4844777904368781
0.33525334874024976
0.1805015161358414
0.24355855868898596
0.4939871663596773
0.32417499060000543
0.16061658360692416
0.2022178995120509
0.11800799581450777
0.2753965068486533
0.35403903372652656
0.1992337111079645
0.20665654972503883
0.10082587983638913
0.23188067116756933
0.3716424142740663
0.39194855585684063
0.5312023306908165
0.38502025106133697
0.20137433953366332
0.04312755500512128
0.24735147839098331
0.5802853311940419
0.26424160161422416
0.17968480666708989
0.10659004630068245
0.0925074991826619
0.21036015750918569
0.38791970573593454
0.5255028684843179
0.2495749003906812
0.37352011923987594
0.38039771026894936
0.26161578146997183
0.5347431526627295
0.8345589563300948
0.48745082780649757
0.12947331189471478
0.21034373406901183
0.507972725301913
0.5327970159879741
0.4327244086521031
0.15137567036013072
0.19710196743806535
0.0785705250726315
0.11455354273991168
0.22077502719897207
0.38360046778844076
0.22277634491947323
0.5579832363044313
0.3103220780985098
0.16003583729928245
0.23810063088727718
0.6803657648488222
0.25019987452316544
0.441095042503094
0.31104875696261913
0.15489691400774921
0.2884968075490845
0.40915294189482143
0.4065681657556355
0.5234821686912192
0.3078707697098702
0.19174681703975402
0.2943097132564513
0.6827405490553055
0.44717406703884943
0.28474080517190337
0.20188260824451096
0.24229007625285456
0.46999167807164494
0.6326402843235128
0.4059583336894116
0.28422903132448263
