Early stopping triggered at epoch 2569
-0.5609923
-0.5859267
-0.581858
-0.606708
-0.6040003
-0.6144781
-0.62092525
-0.6348129
-0.63964546
-0.6433513
-0.64697623
-0.638384
-0.65527827
-0.646913
-0.6506005
-0.6596974
-0.6590645
-0.6446978
-0.6578102
-0.65736556
-0.65325654
-0.6562014
-0.65453345
-0.6559853
-0.6498901
-0.66256696
-0.66748095
-0.65744144
-0.6586688
-0.6752798
-0.6598231
-0.6739634
-0.66641146
-0.66794914
-0.6708915
-0.6794198
-0.6760305
-0.6722915
-0.6741077
-0.6792574
-0.6729237
-0.68019795
-0.6795659
-0.67641896
-0.69303316
-0.68563026
-0.6859014
-0.6894259
-0.68543434
-0.68375725
-0.6831249
-0.68995833
-0.68093383
-0.6931736
-0.69180864
-0.68688375
-0.69086534
-0.69304043
-0.68712384
-0.69915915
-0.69065887
-0.693632
-0.6991959
-0.6868919
-0.691108
-0.70143735
-0.7003731
-0.6985208
-0.7019068
-0.7007676
-0.6979238
-0.70693815
-0.7054018
-0.7048957
-0.7057482
-0.6985236
-0.7007934
-0.7090161
-0.7004609
-0.70869374
-0.7088508
-0.707718
-0.70312977
-0.70915014
-0.705143
-0.7122849
-0.7122423
-0.7119864
-0.70517695
-0.709931
-0.71213657
-0.7112502
-0.7125107
-0.7140243
-0.71312606
-0.71172416
-0.7117835
-0.7145618
-0.7124047
-0.71676975
-0.72179925
-0.7211948
-0.7207202
-0.7165915
-0.71922785
-0.7227422
-0.7272247
-0.71895176
-0.7207772
-0.7187709
-0.72329557
-0.7264559
-0.7199525
-0.72984666
-0.7281573
-0.7279301
-0.73020273
-0.7258847
-0.7291519
-0.7266429
-0.72755086
-0.733882
-0.7367675
-0.73505783
-0.7310736
-0.7361113
-0.73821706
-0.7357053
-0.7304477
-0.73902243
-0.73678964
-0.74248856
-0.7405078
-0.73952043
-0.7401958
-0.7399194
-0.7416155
-0.74048775
-0.739873
-0.74181163
-0.7413011
-0.7405495
-0.74335563
-0.74160373
-0.7535716
-0.7453593
-0.74616826
-0.7497612
-0.7479048
-0.75143355
-0.7496875
-0.7488631
-0.7560869
-0.7532539
-0.75330096
-0.7513843
-0.75437415
-0.75440073
-0.74943733
-0.75860476
-0.76223266
-0.7496593
-0.7615078
-0.7624688
-0.7533081
-0.76283026
-0.7617609
-0.75212336
-0.76078993
-0.7588889
-0.76146775
-0.7623469
-0.76562274
-0.7634478
-0.7665061
-0.7624836
-0.7641766
-0.76995355
-0.76691514
-0.767612
-0.7635024
-0.76457316
-0.76596713
-0.76914734
-0.7663005
-0.7701727
-0.77002954
-0.77032864
-0.77389675
-0.77040213
-0.7742355
-0.7757465
-0.7756675
-0.77577066
-0.77765334
-0.7806472
-0.77609015
-0.77462286
-0.7778226
-0.78029656
-0.7836348
-0.77858293
-0.7864863
-0.78590757
-0.7823013
-0.78451324
-0.78635716
-0.78793275
-0.7883185
-0.7880551
-0.7901663
-0.79496765
-0.7912302
-0.78570807
-0.7902537
-0.7904011
-0.7934398
-0.79243493
-0.79336995
-0.7965753
-0.7939267
-0.79189146
-0.79514605
-0.7946998
-0.79415065
-0.8013881
-0.7974551
-0.8010709
-0.7986707
-0.79939103
-0.8013222
-0.8022351
-0.801384
-0.8053294
-0.7979598
-0.8006703
-0.8048584
-0.7989312
-0.80337596
-0.79880595
-0.80498284
-0.8024088
-0.8111794
-0.80826724
-0.8100985
-0.8070369
-0.81022877
-0.812161
-0.80978465
-0.8139879
-0.8149277
-0.8169508
-0.8126275
-0.81377
-0.8162199
-0.8117464
-0.8185382
-0.81347376
-0.81820613
-0.8217203
-0.81696826
-0.8163892
-0.81733894
-0.8209926
-0.82177913
-0.81672233
-0.8180155
-0.81859213
-0.8225024
-0.82398194
-0.8246758
-0.8238645
-0.82392794
-0.8234801
-0.8241122
-0.8269001
-0.82990164
-0.8244334
-0.824763
-0.8284548
-0.830408
-0.82974553
-0.83041865
-0.83497703
-0.8273514
-0.8296746
-0.8277505
-0.8307798
-0.8265953
-0.82740885
-0.8372781
-0.83345014
-0.8335521
-0.8382871
-0.83496875
-0.837014
-0.83449924
-0.8403765
-0.8385747
-0.8358572
-0.8375075
-0.8360719
-0.84136474
-0.8414651
-0.84395754
-0.83879685
-0.8405565
-0.8438543
-0.84208846
-0.8430058
-0.8468371
-0.8470724
-0.85083
-0.84800535
-0.84861004
-0.8464948
-0.84665835
-0.8490725
-0.8508888
-0.8532025
-0.8523136
-0.8541391
-0.84666234
-0.84931046
-0.857
-0.85050696
-0.85341
-0.85625666
-0.8570817
-0.85515213
-0.85576093
-0.858206
-0.8575258
-0.8593774
-0.85937715
-0.862064
-0.8557939
-0.86202276
-0.8631644
-0.86239326
-0.8614039
-0.86459917
-0.8670714
-0.8640517
-0.86432713
-0.8652694
-0.86707115
-0.8649387
-0.8660116
-0.8658636
-0.86729455
-0.8689334
-0.86829287
-0.87005925
-0.8710338
-0.8704068
-0.8728915
-0.8712045
-0.87012327
-0.87061757
-0.87220836
-0.87352186
-0.87282836
-0.87600267
-0.8742415
-0.8756189
-0.87495047
-0.8773958
-0.87636155
-0.8774854
-0.8733694
-0.8781458
-0.8761895
-0.87590253
-0.8784706
-0.87607586
-0.8795778
-0.8794399
-0.8802323
-0.88051885
-0.8790011
-0.8836266
-0.8837439
-0.8833708
-0.884886
-0.88546723
-0.8816902
-0.88484913
-0.8851445
-0.88157827
-0.88368815
-0.8813164
-0.8855666
-0.88285416
-0.88550687
-0.88454604
-0.886914
-0.88693285
-0.8877896
-0.8895286
-0.8874859
-0.89157605
-0.89242697
-0.8905802
-0.88967264
-0.8930408
-0.8947393
-0.89282936
-0.89167404
-0.8930236
-0.8914915
-0.89463556
-0.89283574
-0.8942031
-0.89314556
-0.89308447
-0.8960766
-0.8943163
-0.8986451
-0.8982565
-0.8946785
-0.89825165
-0.89891493
-0.8987164
-0.9025162
-0.8985946
-0.9008472
-0.89917225
-0.8997991
-0.9006854
-0.9022352
-0.9001368
-0.9009176
-0.90132654
-0.9045176
-0.90263355
-0.9029426
-0.90597576
-0.90565234
-0.90287983
-0.9059508
-0.90406024
-0.9076802
-0.90569115
-0.9047807
-0.9073227
-0.9108655
-0.90993327
-0.9090514
-0.9065579
-0.90838486
-0.91303295
-0.9083155
-0.9116644
-0.91332865
-0.911437
-0.91182214
-0.9143183
-0.911892
-0.91416496
-0.9145453
-0.91209465
-0.9158895
-0.91776574
-0.91410923
-0.9177019
-0.9178368
-0.91493416
-0.9160278
-0.9188923
-0.9183285
-0.91877425
-0.91833794
-0.9190205
-0.9183193
-0.9203823
-0.92294234
-0.91932076
-0.9218988
-0.9198563
-0.92234254
-0.92561466
-0.9235366
-0.92537814
-0.92572314
-0.92506945
-0.924352
-0.92545635
-0.92493314
-0.92825633
-0.92732453
-0.92810583
-0.9273643
-0.9259668
-0.9288174
-0.93074334
-0.9326251
-0.93291086
-0.9285852
-0.9332004
-0.9343827
-0.9330136
-0.93212146
-0.9351802
-0.9344402
-0.9342492
-0.9364726
-0.93626255
-0.9356368
-0.93455964
-0.935211
-0.9384162
-0.9378195
-0.9385944
-0.9382353
-0.93904394
-0.94154125
-0.9409383
-0.9379332
-0.9398919
-0.94154507
-0.9421485
-0.9426273
-0.9416325
-0.94134533
-0.94260746
-0.9422133
-0.94586444
-0.9455942
-0.94435036
-0.9437858
-0.94637215
-0.94647306
-0.9461634
-0.9474567
-0.94654137
-0.9477448
-0.94870055
-0.9472987
-0.9494679
-0.94976133
-0.9491562
-0.9511739
-0.95096684
-0.94880605
-0.95115566
-0.9521436
-0.95389664
-0.9530876
-0.9536373
-0.9527757
-0.9541395
-0.9550244
-0.95657915
-0.9550316
-0.9547981
-0.957016
-0.95527476
-0.9561204
-0.95661294
-0.9582197
-0.9582636
-0.9588352
-0.9604771
-0.96050566
-0.9597485
-0.9598839
-0.9604587
-0.9618965
-0.9619482
-0.9618444
-0.96162105
-0.9611162
-0.96312624
-0.96287787
-0.96251464
-0.963347
-0.9630335
-0.964768
-0.9654021
-0.9640095
-0.96410865
-0.9664515
-0.9658869
-0.9654955
-0.9666087
-0.96760976
-0.9663969
-0.967065
-0.9670863
-0.96643275
-0.9668069
-0.9671752
-0.9690523
-0.9688748
-0.96844983
-0.9677268
-0.96946484
-0.96997917
-0.9686738
-0.96944946
-0.9700944
-0.9698829
-0.9703936
-0.9701394
-0.9699059
-0.9710293
-0.9700961
-0.97041905
-0.9709776
-0.9715743
-0.9721104
-0.9722474
-0.9726186
-0.9718448
-0.9724916
-0.9723195
-0.97265
-0.9734057
-0.97406024
-0.9714747
-0.9728026
-0.97306883
-0.97244817
-0.9736833
-0.97449124
-0.97433937
-0.9740261
-0.9743173
-0.973741
-0.9742326
-0.9747577
-0.9753328
-0.9750856
-0.9752944
-0.97533077
-0.9760726
-0.9750175
-0.97599596
-0.9761871
-0.97556543
-0.97626495
-0.9762702
-0.9763881
-0.97640353
-0.97669625
-0.9772882
-0.97608674
-0.9771712
-0.9771546
-0.9767361
-0.97728133
-0.9773021
-0.9777414
-0.97757155
-0.9783102
-0.9778226
-0.9776766
-0.97821367
-0.9784522
-0.97785366
-0.9791346
-0.97932136
-0.978212
-0.9797957
-0.9792277
-0.97836375
-0.979456
-0.97906184
-0.97983867
-0.9793232
-0.9795388
-0.9794612
-0.9804263
-0.97990745
-0.9808868
-0.98144865
-0.9804931
-0.981305
-0.9807937
-0.9811213
-0.98134094
-0.9810674
-0.98138744
-0.9816235
-0.9821376
-0.9820199
-0.9830026
-0.9829708
-0.9820578
-0.98194385
-0.982324
-0.9822216
-0.9824065
-0.98331755
-0.982712
-0.9833313
-0.98285705
-0.9830746
-0.9833756
-0.9831987
-0.983841
-0.9841648
-0.9839478
-0.9838703
-0.9836551
-0.98410267
-0.9841262
-0.98421234
-0.9842723
-0.983708
-0.98356587
-0.9847252
-0.9841297
-0.9846816
-0.9844188
-0.98496354
-0.9848263
-0.98502797
-0.9846306
-0.98560613
-0.98529285
-0.9849129
-0.9856173
-0.98513496
-0.9855264
-0.98539114
-0.985944
-0.98594755
-0.98569226
-0.9861589
-0.9862606
-0.98642737
-0.9861481
-0.985829
-0.98666805
-0.9863141
-0.9866485
-0.98681474
-0.9868352
-0.98665583
-0.98651135
-0.9870015
-0.9877328
-0.987029
-0.9873309
-0.98728496
-0.98700273
-0.98765457
-0.98756915
-0.98737353
-0.98746985
-0.98777425
-0.9881522
-0.98806494
-0.9885248
-0.98809165
-0.98843
-0.988319
-0.98820955
-0.98813075
-0.98855126
-0.988226
-0.9882586
-0.98886704
-0.9887409
-0.98863256
-0.98884165
-0.98902017
-0.98854077
-0.98957103
-0.9894288
-0.98967737
-0.9898661
-0.98982704
-0.98977166
-0.98974055
-0.98960406
-0.99014467
-0.9897825
-0.98999536
-0.9895492
-0.9898915
-0.9902438
-0.9899994
-0.9908304
-0.99022
-0.9905835
-0.98993874
-0.9906469
-0.99051386
-0.9908123
-0.99088323
-0.9908734
-0.9907967
-0.9911457
-0.9910229
-0.9911934
-0.99118584
-0.9911514
-0.9913122
-0.9910801
-0.99186724
-0.99184096
-0.99184936
-0.991685
-0.9918915
-0.99218965
-0.9919726
-0.99182826
-0.99232185
-0.9919747
-0.99204195
-0.9919993
-0.9918619
-0.99272716
-0.9924497
-0.99271977
-0.9924102
-0.9924449
-0.9927465
-0.9927652
-0.9929439
-0.9927676
-0.99285245
-0.992953
-0.99284565
-0.99304056
-0.9928634
-0.99274045
-0.9928397
-0.99335134
-0.99331856
-0.99324006
-0.99310696
-0.9936811
-0.9938584
-0.9934359
-0.9934475
-0.9935291
-0.993398
-0.99358755
-0.99403745
-0.99389863
-0.9937628
-0.9936811
-0.99403894
-0.99387753
-0.99430436
-0.994288
-0.9940824
-0.99429536
-0.9941189
-0.99429506
-0.99430525
-0.99443674
-0.9945053
-0.99448967
-0.99459064
-0.99472153
-0.9942531
-0.9946422
-0.9945092
-0.9945019
-0.99453455
-0.9943411
-0.99447143
-0.99445766
-0.99443495
-0.9942859
-0.99481946
-0.99465364
-0.994774
-0.9947609
-0.99508756
-0.9948583
-0.9950249
-0.99494505
-0.9948859
-0.9951733
-0.9950058
-0.9949933
-0.9952744
-0.9952746
-0.9949032
-0.9951217
-0.9951723
-0.9951314
-0.9953912
-0.99515027
-0.9951323
-0.9953586
-0.9953979
-0.9953558
-0.9953366
-0.99564403
-0.9955081
-0.99548954
-0.9955056
-0.99565625
-0.9955976
-0.99562573
-0.99555933
-0.9955487
-0.99574155
-0.9956093
-0.9957667
-0.99537134
-0.99548125
-0.9955851
-0.9953857
-0.9955362
-0.99593467
-0.9957246
-0.9957308
-0.995804
-0.99585855
-0.99588925
-0.99602944
-0.9955973
-0.9955431
-0.9958203
-0.99586934
-0.9960144
-0.99596995
-0.99581933
-0.9958936
-0.9959504
-0.99590355
-0.9961528
-0.9960928
-0.9960069
-0.9958738
-0.9960037
-0.9958555
-0.9958528
-0.99607885
-0.99597263
-0.9960837
-0.9961507
-0.996144
-0.9962546
-0.99624336
-0.996239
-0.9963675
-0.9964429
-0.99617076
-0.99624324
-0.9962341
-0.99634665
-0.9964383
-0.99634945
-0.9962266
-0.9961693
-0.99639654
-0.99620247
-0.9964981
-0.996434
-0.9964123
-0.9963189
-0.99643195
-0.99638516
-0.99661916
-0.99643105
-0.99649537
-0.9966447
-0.9964813
-0.99665564
-0.9966247
-0.9964836
-0.99664474
-0.99635434
-0.9963817
-0.99657553
-0.99673086
-0.9966892
-0.99662507
-0.99661463
-0.9966275
-0.9965484
-0.99656236
-0.9966424
-0.99651504
-0.996748
-0.9966549
-0.9966505
-0.99680763
-0.996673
-0.99663883
-0.99665874
-0.99690425
-0.9965874
-0.9967145
-0.9968365
-0.99679756
-0.9968591
-0.99672115
-0.99671006
-0.99675995
-0.99679744
-0.99690443
-0.99684674
-0.9968549
-0.99688905
-0.9967962
-0.9968859
-0.9968352
-0.9969365
-0.9969109
-0.9967344
-0.9969894
-0.99686706
-0.99704456
-0.9968349
-0.9969357
-0.9969204
-0.99708915
-0.99702156
-0.99699444
-0.99697745
-0.99712545
-0.99694026
-0.9972193
-0.99699074
-0.99699545
-0.99708587
-0.9971334
-0.9971849
-0.9970233
-0.99708074
-0.9970613
-0.9969952
-0.99698603
-0.9971777
-0.9972269
-0.99711597
-0.9972793
-0.9973182
-0.9972244
-0.99716544
-0.9971991
-0.9971755
-0.99706423
-0.9972526
-0.9970375
-0.99721074
-0.9971022
-0.99724287
-0.9971381
-0.9971662
-0.9973103
-0.9972164
-0.9972336
-0.9972213
-0.9971789
-0.9971614
-0.9972383
-0.9973085
-0.997309
-0.9972317
-0.9973548
-0.9972647
-0.99737644
-0.9973722
-0.99750865
-0.99736947
-0.9974113
-0.9974188
-0.99732065
-0.997331
-0.9972102
-0.9973735
-0.99723387
-0.99740374
-0.99729097
-0.99742216
-0.9972654
-0.9970871
-0.9974753
-0.99724495
-0.9974978
-0.9973103
-0.9975151
-0.99730355
-0.99731004
-0.99751735
-0.9974649
-0.9974337
-0.9972259
-0.99744433
-0.9974255
-0.9975246
-0.99750763
-0.99745506
-0.99745756
-0.99750656
-0.99755824
-0.9974418
-0.9974406
-0.9975144
-0.9975624
-0.99759656
-0.9974258
-0.99749243
-0.99755555
-0.99745136
-0.9975049
-0.99752665
-0.99764204
-0.99754167
-0.9976107
-0.99755657
-0.99754655
-0.99758893
-0.99762356
-0.99767935
-0.99771976
-0.99753606
-0.99753976
-0.9976765
-0.9974679
-0.9977331
-0.99767995
-0.99765444
-0.99767655
-0.9976209
-0.99766105
-0.9977569
-0.99769
-0.9977112
-0.9977709
-0.9977063
-0.99771017
-0.9977095
-0.997755
-0.9978443
-0.99772185
-0.9977294
-0.99786574
-0.9976534
-0.99773633
-0.9977146
-0.99776614
-0.9977195
-0.99765867
-0.9977866
-0.9976452
-0.99777925
-0.9977564
-0.99782395
-0.99783355
-0.9977793
-0.9977316
-0.9978057
-0.9977208
-0.99772733
-0.9978656
-0.99776065
-0.99769413
-0.9978526
-0.99773264
-0.9977275
-0.9977769
-0.9978247
-0.99765575
-0.99789274
-0.99770176
-0.9978565
-0.99754846
-0.9978852
-0.99754894
-0.9979233
-0.99769527
-0.9977394
-0.9977734
-0.997886
-0.99785256
-0.9975943
-0.99790585
-0.997792
-0.9978496
-0.997617
-0.9978615
-0.9978173
-0.9979556
-0.9978458
-0.99782014
-0.9980022
-0.99798167
-0.99795485
-0.9978995
-0.9980165
-0.9980394
-0.9980063
-0.9980269
-0.9978439
-0.9979961
-0.9979142
-0.9979927
-0.99803925
-0.9981265
-0.99802506
-0.9981032
-0.99804926
-0.99799967
-0.9979989
-0.9980073
-0.9980702
-0.99797934
-0.99812704
-0.9979872
-0.9980089
-0.9981248
-0.99795026
-0.99806464
-0.9979642
-0.998055
-0.99801
-0.9980386
-0.99801034
-0.99796176
-0.9980868
-0.9979678
-0.99811804
-0.99799925
-0.99798
-0.9979237
-0.9980099
-0.9981009
-0.9980407
-0.9979975
-0.99802214
-0.9979946
-0.9980534
-0.99819607
-0.9980162
-0.9981372
-0.9981988
-0.9980427
-0.9981988
-0.99800646
-0.9980926
-0.99804145
-0.9981885
-0.9981733
-0.998166
-0.99807096
-0.99820566
-0.9982546
-0.99820477
-0.9982521
-0.99810624
-0.99816453
-0.9982452
-0.998095
-0.9981597
-0.9981912
-0.99820536
-0.99793404
-0.9982576
-0.9982264
-0.99817365
-0.9982159
-0.99829715
-0.9980887
-0.99819815
-0.99822104
-0.9982394
-0.99810845
-0.998165
-0.99821806
-0.9982445
-0.9982556
-0.99817854
-0.99826735
-0.9982886
-0.99820006
-0.99825156
-0.9982238
-0.9982726
-0.99814314
-0.9982904
-0.99823993
-0.9982745
-0.99821883
-0.99831235
-0.9982678
-0.9983227
-0.99837923
-0.9983752
-0.9983178
-0.9983428
-0.9983069
-0.99836785
-0.99835724
-0.99829733
-0.998383
-0.99834013
-0.9983241
-0.99831945
-0.9983015
-0.99840736
-0.99815995
-0.99829584
-0.9982
-0.9983302
-0.99843085
-0.9983585
-0.998232
-0.99836695
-0.9983122
-0.998348
-0.99841744
-0.9984305
-0.9982838
-0.9983558
-0.9983953
-0.9983364
-0.99843204
-0.9984605
-0.9983501
-0.9984225
-0.9983341
-0.9984782
-0.9984264
-0.99845916
-0.99841404
-0.99847496
-0.99842507
-0.99841344
-0.99836314
-0.9984262
-0.99834317
-0.9984846
-0.99847686
-0.99839705
-0.99840194
-0.99844337
-0.9985067
-0.99845743
-0.99847806
-0.9984629
-0.99845326
-0.99841756
-0.9985007
-0.99849325
-0.99847925
-0.9984764
-0.9985593
-0.99847883
-0.9985198
-0.9985222
-0.99836916
-0.9985048
-0.9984405
-0.99854475
-0.9983437
-0.99847597
-0.99852043
-0.9985367
-0.9984777
-0.9984359
-0.9984631
-0.9984501
-0.99848455
-0.998559
-0.9984523
-0.9984906
-0.9985318
-0.99840474
-0.9984914
-0.9984817
-0.9985021
-0.99853855
-0.9984904
-0.99848557
-0.9985016
-0.9984811
-0.9985305
-0.998446
-0.9985442
-0.9984931
-0.9985853
-0.9985678
-0.99859875
-0.99848247
-0.99854165
-0.99856716
-0.9985181
-0.9986926
-0.99849725
-0.99855614
-0.9985982
-0.9986366
-0.9985307
-0.99857527
-0.9986187
-0.9986234
-0.9985806
-0.9986361
-0.9985625
-0.99856514
-0.99863166
-0.99862224
-0.9985553
-0.9985791
-0.99856114
-0.9985899
-0.99860746
-0.99858254
-0.9986796
-0.9986878
-0.99863464
-0.9985612
-0.9985974
-0.9986394
-0.9986373
-0.99865866
-0.99862266
-0.9987054
-0.99863744
-0.9986679
-0.9986649
-0.9986058
-0.9986938
-0.99857986
-0.9986577
-0.9986661
-0.99862045
-0.9986594
-0.99870807
-0.99864465
-0.9986777
-0.99870247
-0.9986599
-0.99870086
-0.9986997
-0.9986626
-0.9987164
-0.99869716
-0.9987462
-0.99869883
-0.9986741
-0.9986501
-0.99870485
-0.99871457
-0.9986953
-0.99874055
-0.9987175
-0.9986779
-0.9986839
-0.99868155
-0.9986844
-0.99871564
-0.9987334
-0.99870116
-0.99871963
-0.99873716
-0.99877286
-0.99872184
-0.99865586
-0.9987309
-0.9987167
-0.998758
-0.99867827
-0.99869776
-0.99868006
-0.99873114
-0.99873185
-0.99865913
-0.99880475
-0.9987319
-0.9987182
-0.9987547
-0.9988391
-0.9988309
-0.998746
-0.9988193
-0.9987171
-0.99868745
-0.99877924
-0.99873215
-0.99872786
-0.99871737
-0.9987533
-0.99875045
-0.9987531
-0.9988077
-0.9987858
-0.9986751
-0.9987212
-0.9987869
-0.9987736
-0.99877185
-0.9987235
-0.99881124
-0.9987634
-0.99878377
-0.9988083
-0.9987453
-0.9987703
-0.9987912
-0.9988031
-0.99875474
-0.998812
-0.9987718
-0.9987982
-0.99878204
-0.99881464
-0.9988308
-0.9987648
-0.99882925
-0.9988336
-0.9987996
-0.99879676
-0.99882793
-0.99886703
-0.9988227
-0.99885184
-0.99884164
-0.9987949
-0.998832
-0.998768
-0.9988734
-0.9987662
-0.998844
-0.99885905
-0.99880177
-0.9987908
-0.99881816
-0.99884146
-0.99881834
-0.99884135
-0.99886006
-0.99885803
-0.99881643
-0.9988353
-0.9988238
-0.99881256
-0.9988635
-0.9988582
-0.9988344
-0.99886566
-0.9988643
-0.9988736
-0.99885905
-0.9988993
-0.9988841
-0.9988335
-0.9988321
-0.998822
-0.998822
-0.998935
-0.99878335
-0.9988778
-0.9988551
-0.99885255
-0.9988905
-0.9988686
-0.9988667
-0.9989162
-0.99885625
-0.99886817
-0.9988422
-0.99888
-0.9988848
-0.99881554
-0.9988974
-0.99882305
-0.99882483
-0.9988245
-0.99873924
-0.99887264
-0.9988412
-0.9987843
-0.99877775
-0.99890536
-0.9988094
-0.9987573
-0.99888605
-0.99875367
-0.9988162
-0.9989105
-0.998841
-0.9989268
-0.99886185
-0.9988613
-0.9988951
-0.99881667
-0.99885345
-0.9989383
-0.9988697
-0.9989123
-0.9989366
-0.99889517
-0.9989532
-0.9989044
-0.9989886
-0.99893576
-0.9989338
-0.99885243
-0.99889106
-0.99895144
-0.99884254
-0.99894387
-0.99893117
-0.9989114
-0.9989507
-0.998914
-0.9989093
-0.9989077
-0.9989684
-0.9989458
-0.99896044
-0.9989208
-0.9988678
-0.9989503
-0.9989102
-0.9989476
-0.9989284
-0.9988849
-0.9989342
-0.99898916
-0.9989318
-0.99898636
-0.9989542
-0.9989028
-0.9989841
-0.9989683
-0.9989933
-0.9989206
-0.9989106
-0.9989386
-0.99899846
-0.9990014
-0.9989746
-0.9989621
-0.998989
-0.9989717
-0.99895877
-0.99896634
-0.99897057
-0.99895996
-0.9989767
-0.9989649
-0.99898344
-0.9989598
-0.9989263
-0.9990043
-0.999001
-0.99902177
-0.9989983
-0.9989948
-0.9989794
-0.9989856
-0.99896145
-0.99900156
-0.99903107
-0.99898857
-0.998958
-0.99899995
-0.9989293
-0.9989471
-0.9989906
-0.99893486
-0.99899477
-0.99893683
-0.99893177
-0.9990001
-0.9989707
-0.99901295
-0.99896264
-0.99893284
-0.99895805
-0.99893606
-0.99902
-0.99896175
-0.9990204
-0.9990327
-0.999017
-0.9990379
-0.99906754
-0.9990089
-0.99897987
-0.9990184
-0.9990018
-0.9989622
-0.9990525
-0.9990467
-0.9990503
-0.99903464
-0.99899286
-0.99905384
-0.9990194
-0.9989798
-0.9990182
-0.99894685
-0.99899566
-0.99892753
-0.9989949
-0.9990008
-0.99889
-0.9990228
-0.99894786
-0.9989507
-0.9990641
-0.9989419
-0.9990199
-0.9990295
-0.9988794
-0.99895334
-0.9990544
-0.9989169
-0.99896497
-0.9990192
-0.99891794
-0.9990154
-0.99896926
-0.9988214
-0.9988077
-0.9990426
-0.998867
-0.9988394
-0.9989847
-0.9988706
-0.99905473
-0.9989762
-0.99893653
-0.9990703
-0.9989898
-0.99901277
-0.9990251
-0.99896544
-0.9990247
-0.998844
-0.99895066
-0.99895304
-0.9989395
-0.9989904
-0.99901915
-0.99894786
-0.9990398
-0.99895775
-0.9989909
-0.99901223
-0.9989539
-0.9990242
-0.9989424
-0.9989633
-0.9990519
-0.99894893
-0.9990619
-0.9989938
-0.9990345
-0.99910253
-0.99905425
-0.9990481
-0.99902
-0.9990493
-0.9990683
-0.9990464
-0.99908715
-0.9990285
-0.9990124
-0.9990366
-0.9990906
-0.9991059
-0.9990326
-0.99905443
-0.999066
-0.9990687
-0.9990966
-0.99907905
-0.9990494
-0.99908626
-0.9990963
-0.9991009
-0.99911183
-0.99912864
-0.9991099
-0.9990585
-0.9991224
-0.9990752
-0.99911505
-0.999122
-0.9990403
-0.9990881
-0.9991062
-0.99909765
-0.9990822
-0.99904466
-0.9991015
-0.9990838
-0.99907607
-0.9990778
-0.9991114
-0.99910057
-0.99910694
-0.9990815
-0.99909586
-0.99907386
-0.9990924
-0.9990959
-0.9990859
-0.99910176
-0.99904674
-0.9990406
-0.9991029
-0.9991053
-0.9991158
-0.9990534
-0.9990883
-0.9991247
-0.9991416
-0.99905276
-0.99908966
-0.99907684
-0.99910825
-0.9990848
-0.9990693
-0.9990536
-0.999107
-0.9991319
-0.99907106
-0.9991278
-0.99907136
-0.9990845
-0.99907875
-0.9990753
-0.99908656
-0.99906576
-0.9990699
-0.99910635
-0.9990759
-0.9991168
-0.9990498
-0.999087
-0.99912643
-0.99910516
-0.9991452
-0.99907154
-0.99911594
-0.9990839
-0.99913067
-0.99915814
-0.99912196
-0.9991013
-0.99911237
-0.9991287
-0.9990788
-0.9991163
-0.9991491
-0.9990582
-0.99911666
-0.9991445
-0.99909115
-0.99909896
-0.9991535
-0.9991276
-0.99915284
-0.99911344
-0.99911886
-0.99913067
-0.9991137
-0.99910575
-0.99911356
-0.9991305
-0.99911845
-0.99898046
-0.9991356
-0.9990355
-0.9990671
-0.99911517
-0.99901736
-0.9990648
-0.99910915
-0.9990202
-0.9990741
-0.99912536
-0.9990857
-0.9990943
-0.9991459
-0.99906033
-0.99912065
-0.99912983
-0.9990652
-0.99915016
-0.9991196
-0.99906605
-0.99913186
-0.9991121
-0.999096
-0.9991569
-0.99914694
-0.9991248
-0.99911475
-0.99917495
-0.99909663
-0.99916154
-0.99916726
-0.9991577
-0.999147
-0.99915844
-0.99911916
-0.99913925
-0.9991844
-0.99914205
-0.9991491
-0.9991624
-0.99914485
-0.999138
-0.9991634
-0.99913025
-0.9990733
-0.9991322
-0.99912065
-0.9991889
-0.99917066
-0.9991503
-0.9991664
-0.9991848
-0.99915415
-0.9991496
-0.9991832
-0.99910665
-0.99914885
-0.9991534
-0.99914914
-0.9991692
-0.9991545
-0.99911827
-0.9991629
-0.9990966
-0.99913794
-0.9991592
-0.9991183
-0.9991543
-0.9990883
-0.9991366
-0.9991695
-0.9991703
-0.99912894
-0.99913114
-0.99913764
-0.9991352
-0.99908376
-0.99907917
-0.9991382
-0.99911636
-0.99914896
-0.99917895
-0.9991589
-0.9991494
-0.9991712
-0.9991332
-0.99916804
-0.9991494
-0.99916655
-0.9991728
-0.9991452
-0.9991641
-0.999152
-0.99915636
-0.9991592
-0.9991952
-0.9991843
-0.9991721
-0.9992011
-0.99917877
-0.99918044
-0.9991952
-0.9991975
-0.9991955
-0.9991578
-0.9992046
-0.99913466
-0.99914837
-0.99920535
-0.9991654
-0.9991846
-0.999156
-0.9991717
-0.99918824
-0.9991852
-0.9991875
-0.9991778
-0.9991936
-0.9991855
-0.9991658
-0.9991712
-0.9991597
-0.9991799
-0.99915916
-0.9991475
-0.99921566
-0.99917793
-0.9992102
-0.9991968
-0.9991762
-0.99915
-0.9991343
-0.99916035
-0.9991723
-0.9991457
-0.9992255
-0.9991986
-0.99917984
-0.9991811
-0.9992099
-0.99919295
-0.9991809
-0.9991818
-0.9991943
-0.99916065
-0.9991565
-0.99916613
-0.999127
-0.9991674
-0.9991598
-0.99914247
-0.9991514
-0.99917704
-0.99918467
-0.99906796
-0.9991401
-0.99915993
-0.9991273
-0.9991924
-0.9991838
-0.999157
-0.999197
-0.99921274
-0.99917114
-0.9991594
-0.9992017
-0.9991979
-0.9991329
-0.99913174
-0.9991816
-0.9991584
-0.9992034
-0.999207
-0.99920493
-0.9991727
-0.99911124
-0.99917966
-0.9991571
-0.99914825
-0.99923354
-0.9991658
-0.99920475
-0.99919116
-0.999203
-0.999212
-0.99920636
-0.9992136
-0.999215
-0.99918795
-0.99921036
-0.9991992
-0.9991918
-0.999202
-0.9992075
-0.9992178
-0.99921644
-0.9992193
-0.99919164
-0.999212
-0.99920756
-0.9992442
-0.99924153
-0.9991569
-0.999177
-0.99921304
-0.99919957
-0.9992282
-0.9992316
-0.9991805
-0.99921066
-0.9992254
-0.9991943
-0.9991846
-0.99920213
-0.9992326
-0.9992027
-0.9991617
-0.999234
-0.9992201
-0.9991615
-0.99920046
-0.9992081
-0.99915475
-0.9991522
-0.9992222
-0.9991609
-0.9991585
-0.99920774
-0.9991681
-0.99920213
-0.9992187
-0.9991903
-0.9992085
-0.99923724
-0.99919826
-0.999185
-0.999163
-0.99922025
-0.99920416
-0.99920493
-0.99919766
-0.9992361
-0.99924326
-0.9992408
-0.9992261
-0.9992319
-0.99920875
-0.9992053
-0.9991968
-0.99925196
-0.99924505
-0.99925166
-0.99924815
-0.9992479
-0.99923354
-0.9992295
-0.99924004
-0.9992398
-0.9992499
-0.999192
-0.99919474
-0.9992448
-0.99918205
-0.9992281
-0.99924743
-0.9992365
-0.99923056
-0.9992388
-0.9992299
-0.9991812
-0.9991873
-0.99921036
-0.9992346
-0.99919146
-0.99917215
-0.99924797
-0.9992348
-0.9992395
-0.9992123
-0.9992296
-0.99925435
-0.9992312
-0.9991967
-0.99918306
-0.999229
-0.99922323
-0.9992035
-0.9992664
-0.99922526
-0.9991984
-0.9992497
-0.9992095
-0.99921966
-0.99922514
-0.9992137
-0.99923706
-0.9991904
-0.9992117
-0.9992405
-0.99923754
-0.999225
-0.9992169
-0.9992487
-0.9992032
-0.9991764
-0.999223
-0.99919313
-0.99923474
-0.99921864
-0.9992463
-0.99923885
-0.9992222
-0.9992292
-0.9992537
-0.9992258
-0.99923754
-0.9992379
-0.9992039
-0.99922943
-0.99921435
-0.9991827
-0.9992642
-0.9992315
-0.99922013
-0.9992476
-0.999241
-0.99924004
-0.99923164
-0.99923193
-0.9992467
-0.99923486
-0.9992288
-0.9992076
-0.9991915
-0.9992321
-0.9992003
-0.99909496
-0.9991306
-0.9992237
-0.99923545
-0.9991903
-0.9992444
-0.9992249
-0.99917454
-0.99922305
-0.9992536
-0.9991916
-0.9992424
-0.99925715
-0.99922466
-0.99923944
-0.9992383
-0.999197
-0.9992496
-0.99925804
-0.99917877
-0.9992586
-0.9992689
-0.99920577
-0.9992744
-0.9992298
-0.9991799
-0.9992272
-0.9992365
-0.9992191
-0.9991902
-0.9992284
-0.99927586
-0.99923444
-0.99922585
-0.9992292
-0.9992424
-0.99926096
-0.9992526
-0.9992566
-0.99925023
-0.99927944
-0.99924135
-0.99925745
-0.9992425
-0.99925053
-0.9992509
-0.9992538
-0.9992336
-0.9992467
-0.9992453
-0.99924195
-0.9992865
-0.99923813
-0.9991978
-0.9991855
-0.9992427
-0.9992569
-0.999233
-0.9992502
-0.9992648
-0.99924684
-0.99922645
-0.9992526
-0.99923074
-0.9991946
-0.99924964
-0.9992261
-0.9991865
-0.99924505
-0.99925053
-0.99912816
-0.9992218
-0.9992085
-0.9991512
-0.99913526
-0.9992244
-0.9991969
-0.99916637
-0.99924165
-0.9991672
-0.99916416
-0.99921966
-0.99922276
-0.99919987
-0.9992606
-0.99925333
-0.9992416
-0.99923366
-0.9992471
-0.99923515
-0.99924546
-0.9992864
-0.99925786
-0.99923384
-0.9992608
-0.9992819
-0.9992298
-0.9992425
-0.99928886
-0.9992544
-0.99926823
-0.99925965
-0.9992381
-0.99926776
-0.99927384
-0.9992454
-0.99928457
-0.9992657
-0.9992267
-0.999208
-0.9992703
-0.9992114
-0.9991738
-0.99925274
-0.9992745
-0.9992511
-0.9992856
-0.99927354
-0.99925476
-0.9992512
-0.9992743
-0.99928844
-0.9992817
-0.9992982
-0.999255
-0.99923795
-0.9992522
-0.9992729
-0.99918985
-0.9991649
-0.9992299
-0.9992468
-0.99909925
-0.9992371
-0.99925256
-0.9991584
-0.9992509
-0.9992628
-0.9991225
-0.99920845
-0.9992761
-0.9992165
-0.99925655
-0.9992498
-0.99917096
-0.9992411
-0.9992633
-0.999219
-0.99929017
-0.99924475
-0.99916655
-0.9992891
-0.9992424
-0.9991991
-0.9992415
-0.9992938
-0.999245
-0.9992693
-0.99927014
-0.9992754
-0.9992794
-0.99929297
-0.99929
-0.99927753
-0.9993049
-0.999301
-0.99930805
-0.999298
-0.9993069
-0.9992978
-0.9992914
-0.9993099
-0.9992945
-0.99928874
-0.99929667
-0.9993045
-0.9992616
-0.9992757
-0.9992947
-0.9993061
-0.9993196
-0.9992941
-0.99930024
-0.99927735
-0.9992751
-0.99928856
-0.9992758
-0.9993092
-0.9992993
-0.999286
-0.99928534
-0.9992891
-0.9992628
-0.9992788
-0.9993327
-0.9992993
-0.9992957
-0.99931157
-0.9992939
-0.9992987
-0.9993078
-0.9992823
-0.9992679
-0.99929464
-0.999291
-0.99929905
-0.9992818
-0.9992902
-0.99925685
-0.9992713
-0.9992903
-0.9992983
-0.99927396
-0.99927956
-0.99929947
-0.99926275
-0.99927706
-0.99927574
-0.99928576
-0.9992632
-0.9992671
-0.99928135
-0.99926436
-0.99928415
-0.9992451
-0.99925774
-0.99927384
-0.9992873
-0.9992628
-0.99924815
-0.99930173
-0.9993155
-0.9993031
-0.99929345
-0.9993096
-0.9993049
-0.9992842
-0.99929357
-0.99931675
-0.99929523
-0.9992892
-0.99929565
-0.9993069
-0.99928683
-0.9993149
-0.9992928
-0.9993216
-0.999306
-0.9993131
-0.9993108
-0.9992841
-0.9993209
-0.9992847
-0.9992511
-0.9992817
-0.99930996
-0.99930626
-0.99928075
-0.9992976
-0.9992947
-0.99929833
-0.99927616
-0.9992898
-0.9992852
-0.999265
-0.9992451
-0.99925065
-0.99931645
-0.9992809
-0.9992524
-0.99929845
-0.9992805
-0.9992927
-0.99931973
-0.9992988
-0.9992578
-0.9993168
-0.9992831
-0.9992314
-0.99929595
-0.9992787
-0.99926424
-0.99930555
-0.99930555
-0.99927914
-0.9992844
-0.99929905
-0.9991642
-0.9991391
-0.99928284
-0.9992632
-0.99915797
-0.9992535
-0.9992806
-0.99917996
-0.99918836
-0.9993075
-0.99925464
-0.99929374
-0.99928796
-0.99922174
-0.99923307
-0.999303
-0.99923766
-0.99926627
-0.9993033
-0.999287
-0.9992885
-0.99932796
-0.9993111
-0.99930197
-0.99928945
-0.9992984
-0.9992983
-0.99931264
-0.9992907
-0.99926305
-0.9993158
-0.9992914
-0.99929607
-0.99931735
-0.99930716
-0.9992864
-0.99931085
-0.9993072
-0.9992959
-0.99929506
-0.9993234
-0.99926883
-0.9992664
-0.9993315
-0.99927765
-0.9992898
-0.9993005
-0.9993208
-0.99929816
-0.99930257
-0.9993004
-0.9992926
-0.9992933
-0.9993122
-0.9992957
-0.9992481
-0.99919915
-0.9992616
-0.9992837
-0.9991149
-0.9990915
-0.9992889
-0.99927604
-0.99922216
-0.99925786
-0.99931884
-0.99926895
-0.9993024
-0.999299
-0.9992241
-0.99924755
-0.9993294
-0.99930876
-0.99929774
-0.99927855
-0.99926686
-0.9992514
-0.9993143
0
0
0
0
0
0
0
0
0
0
0
0
0
0
0
0
0
0
0
0
0
0
0
0
0
0
0
0
0
0
0
0
0
0
0
0
0
0
0
0
0
0
0
0
0
0
0
0
0
0
0
0
0
0
0
0
0
0
0
0
0
0
0
0
0
0
0
0
0
0
0
0
0
0
0
0
0
0
0
0
0
0
0
0
0
0
0
0
0
0
0
0
0
0
0
0
0
0
0
0
0
0
0
0
0
0
0
0
0
0
0
0
0
0
0
0
0
0
0
0
0
0
0
0
0
0
0
0
0
0
0
0
0
0
0
0
0
0
0
0
0
0
0
0
0
0
0
0
0
0
0
0
0
0
0
0
0
0
0
0
0
0
0
0
0
0
0
0
0
0
0
0
0
0
0
0
0
0
0
0
0
0
0
0
0
0
0
0
0
0
0
0
0
0
0
0
0
0
0
0
0
0
0
0
0
0
0
0
0
0
0
0
0
0
0
0
0
0
0
0
0
0
0
0
0
0
0
0
0
0
0
0
0
0
0
0
0
0
0
0
0
0
0
0
0
0
0
0
0
0
0
0
0
0
0
0
0
0
0
0
0
0
0
0
0
0
0
0
0
0
0
0
0
0
0
0
0
0
0
0
0
0
0
0
0
0
0
0
0
0
0
0
0
0
0
0
0
0
0
0
0
0
0
0
0
0
0
0
0
0
0
0
0
0
0
0
0
0
0
0
0
0
0
0
0
0
0
0
0
0
0
0
0
0
0
0
0
0
0
0
0
0
0
0
0
0
0
0
0
0
0
0
0
0
0
0
0
0
0
0
0
0
0
0
0
0
0
0
0
0
0
0
0
0
0
0
0
0
0
0
0
0
0
0
0
0
0
0
0
0
0
0
0
0
0
0
0
0
0
0
0
0
0
0
0
0
0
0
0
0
0
0
0
0
0
0
0
0
0
0
0
0
0
0
0
0
0
0
0
0
