-0.72461647
-0.7315127
-0.7331754
-0.7364429
-0.7416733
-0.75114435
-0.7546034
-0.7608169
-0.769902
-0.7706722
-0.77956337
-0.7886544
-0.79070735
-0.79706424
-0.80116427
-0.8076108
-0.8151522
-0.82007647
-0.8273632
-0.832522
-0.8341527
-0.83816475
-0.83956283
-0.84284705
-0.8481917
-0.8524168
-0.8511449
-0.8546231
-0.85813034
-0.86187136
-0.86504173
-0.8698172
-0.8729448
-0.8739092
-0.8777571
-0.8833247
-0.87884146
-0.88184017
-0.88524324
-0.88756096
-0.8860628
-0.8889369
-0.8899477
-0.8922028
-0.8934106
-0.89492834
-0.8972429
-0.89950836
-0.89884377
-0.8998769
-0.90478224
-0.9037419
-0.9034148
-0.906186
-0.9040408
-0.90523875
-0.91045797
-0.9100343
-0.9097903
-0.91125596
-0.9096856
-0.9129891
-0.912754
-0.91122216
-0.9145696
-0.91386956
-0.9139017
-0.91398644
-0.9158015
-0.91460085
-0.91592723
-0.9161577
-0.9167331
-0.9168577
-0.91690516
-0.91777974
-0.91726744
-0.9194771
-0.91946346
-0.91838664
-0.91831654
-0.92011917
-0.9201804
-0.9193639
-0.91977954
-0.92079014
-0.92056936
-0.92240375
-0.92134476
-0.92077804
-0.9232094
-0.92169684
-0.92170775
-0.92300373
-0.9221916
-0.9251513
-0.92362934
-0.92335767
-0.9240476
-0.9229044
-0.9257022
-0.9242608
-0.9237688
-0.92368865
-0.9240065
-0.9246171
-0.92526656
-0.9242118
-0.92427266
-0.92478865
-0.9245548
-0.9249178
-0.9251989
-0.926794
-0.9262966
-0.92677397
-0.9251657
-0.9253042
-0.92666894
-0.9269288
-0.92630285
-0.9251767
-0.92703307
-0.92679644
-0.92693543
-0.9274151
-0.927908
-0.92698836
-0.9259277
-0.92737377
-0.9274426
-0.9271371
-0.92667437
-0.9272094
-0.9268634
-0.9287553
-0.9281628
-0.92817545
-0.92783266
-0.92809665
-0.92852414
-0.9284777
-0.92813563
-0.92851067
-0.9290873
-0.9283066
-0.92796093
-0.9285054
-0.9288627
-0.9284146
-0.9276667
-0.9291803
-0.9286219
-0.92858225
-0.9281669
-0.92839515
-0.92905086
-0.9280175
-0.9285877
-0.92979205
-0.9298633
-0.9277396
-0.9280721
-0.92898935
-0.9298277
-0.9293679
-0.9302875
-0.9289687
-0.93131405
-0.9295228
-0.93026966
-0.9293092
-0.9286839
-0.9295479
-0.9294782
-0.9300504
-0.92951393
-0.92844707
-0.9299354
-0.9285144
-0.9311823
-0.9308491
-0.9298227
-0.9302633
-0.9303262
-0.9315741
-0.9318097
-0.93045187
-0.93042266
-0.9306818
-0.9302618
-0.9315977
-0.9307413
-0.92950743
-0.93135107
-0.92972195
-0.9313939
-0.9304182
-0.9311854
-0.93090117
-0.93192124
-0.9302318
-0.93141073
-0.9308206
-0.93112963
-0.9308864
-0.9318209
-0.92970455
-0.9318407
-0.93156
-0.931974
-0.930872
-0.9303281
-0.9307736
-0.93158597
-0.9304568
-0.9313545
-0.93159586
-0.93106264
-0.9309239
-0.9321402
-0.9326846
-0.93121654
-0.9319212
-0.93197536
-0.931912
-0.93127596
-0.9321337
-0.93130374
-0.9307393
-0.9314757
-0.93162507
-0.93151045
-0.9315653
-0.93224794
-0.93234015
-0.93220276
-0.93161094
-0.93267167
-0.93169534
-0.9315159
-0.931722
-0.9324982
-0.93150294
-0.9315817
-0.93210065
-0.9314732
-0.9322317
-0.9313378
-0.9326069
-0.932937
-0.93261015
-0.9323869
-0.93236715
-0.9314643
-0.9318495
-0.9319543
-0.93280274
-0.9315404
-0.9330989
-0.9325778
-0.93352187
-0.93201005
-0.9331371
-0.93245673
-0.9315368
-0.93262005
-0.93312246
-0.93295276
-0.9323814
-0.93205696
-0.9328559
-0.93305624
-0.93307143
-0.9332023
-0.93267566
-0.93223965
-0.93270874
-0.933697
-0.9334112
-0.9332739
-0.932409
-0.93289036
-0.9323206
-0.9336328
-0.9325062
-0.93230003
-0.9333945
-0.9339714
-0.9324602
-0.9331391
-0.9335511
-0.9316837
-0.93300843
-0.93390286
-0.9336314
-0.93318677
-0.93377155
-0.93445396
-0.9340959
-0.93350136
-0.9331591
-0.932078
-0.9335766
-0.93386567
-0.9335771
-0.93373716
-0.9341903
-0.9332301
-0.93316525
-0.93286204
-0.9344287
-0.9337688
-0.93300915
-0.93356836
-0.93350464
-0.9337047
-0.932664
-0.9333752
-0.9334064
-0.9328948
-0.9335013
-0.9342076
-0.9341893
-0.9334722
-0.9340419
-0.93287337
-0.93402493
-0.9332311
-0.9332751
-0.9319539
-0.9335774
-0.9327539
-0.9348405
-0.93329453
-0.93287766
-0.9325925
-0.9335323
-0.93412364
-0.9339737
-0.9343872
-0.9331539
-0.93448764
-0.9340891
-0.9344587
-0.9341456
-0.93422496
-0.9342632
-0.93478423
-0.9336252
-0.9331984
-0.93465173
-0.93428797
-0.9341296
-0.9351946
-0.93483216
-0.9332957
-0.9342096
-0.9336937
-0.9335566
-0.9342065
-0.9341188
-0.93407375
-0.93442315
-0.93377
-0.9339606
-0.9345591
-0.9344643
-0.934072
-0.93353045
-0.93347365
-0.93513227
-0.93478656
-0.9353311
-0.9341495
-0.93495125
-0.93539363
-0.9339394
-0.93448097
-0.93460834
-0.9348534
-0.9340465
-0.9341804
-0.9345702
-0.9345964
-0.9344434
-0.9336561
-0.93312806
-0.93555784
-0.93540937
-0.9334504
-0.9337978
-0.93431515
-0.9345039
-0.93392545
-0.9335112
-0.93500966
-0.93501306
-0.93556124
-0.9335384
-0.9339676
-0.9336177
-0.9344578
-0.9337267
-0.9345193
-0.93501306
-0.93277776
-0.93424064
-0.93327713
-0.9347436
-0.93409663
-0.93443304
-0.9350168
-0.9340681
-0.93460214
-0.9338682
-0.93501437
-0.93405247
-0.9340758
-0.9349447
-0.93477696
-0.9334363
-0.93486845
-0.93557066
-0.9348781
-0.93487656
-0.9338996
-0.9342138
-0.9351543
-0.9341978
-0.9342817
-0.9360346
-0.9351146
-0.93400383
-0.9345375
-0.93447715
-0.93506974
-0.9340849
-0.9344499
-0.9348647
-0.9341056
-0.9350278
-0.93351245
-0.93480414
-0.9359116
-0.9346712
-0.9339936
-0.9352347
-0.93442357
-0.93481755
-0.9350211
-0.9362103
-0.9342796
-0.93526554
-0.934912
-0.9348587
-0.93422663
-0.93425035
-0.9341628
-0.93503517
-0.93419886
-0.9341813
-0.9358618
-0.93495214
-0.9359523
-0.93579924
-0.9358181
-0.935065
-0.9343967
-0.93615174
-0.9346152
-0.9352902
-0.935883
-0.9336041
-0.9350774
-0.93581694
-0.93464875
-0.93363965
-0.93545014
-0.9355897
-0.9350172
-0.9345646
-0.9345039
-0.9351407
-0.9360947
-0.9347948
-0.93492156
-0.93559337
-0.93484634
-0.93429565
-0.9344208
-0.93378264
-0.93562675
-0.93579453
-0.93405557
-0.9357811
-0.93486834
-0.9351479
-0.93527627
-0.9347726
-0.9354575
-0.93436694
-0.93468654
-0.93393105
-0.9349973
-0.9352177
-0.93507624
-0.9356874
-0.93503726
-0.93430173
-0.9345483
-0.93426985
-0.93540555
-0.9347152
-0.93437564
-0.93580127
-0.93414176
-0.93597716
-0.93511146
-0.9350731
-0.93611276
-0.93489975
-0.9361132
-0.9341718
-0.93478346
-0.93551236
-0.9348334
-0.93581456
-0.93392783
-0.93534154
-0.9352465
-0.9347556
-0.9354173
-0.93513095
-0.93491566
-0.9353724
-0.93584853
-0.93491596
-0.9351498
-0.9354256
-0.9350521
-0.9346352
-0.9348498
-0.9355133
-0.93509734
-0.93384117
-0.9343004
-0.9347616
-0.9350715
-0.9363903
-0.9353537
-0.935676
-0.9356584
-0.93584734
-0.934342
-0.93508637
-0.9346734
-0.93601173
-0.9359578
-0.93432695
-0.9348447
-0.9353786
-0.9356139
-0.93403375
-0.9341486
-0.9354512
-0.93520737
-0.9344943
-0.9350041
-0.93613786
-0.9358978
-0.93557024
-0.9349815
-0.9347756
-0.9361768
-0.93566
-0.9351942
-0.93507636
-0.9342036
-0.9352239
-0.9362131
-0.9356865
-0.9356969
-0.9357301
-0.9354023
-0.9358509
-0.93525034
-0.9352346
-0.934536
-0.9361186
-0.9354064
-0.93563354
-0.9352958
-0.9351834
-0.93541175
-0.9359751
-0.9351193
-0.93497306
-0.9359384
-0.93580174
-0.9351148
-0.9353852
-0.93621427
-0.9351758
-0.93620205
-0.9356257
-0.9350717
-0.9352185
-0.93600416
-0.93595004
-0.9360829
-0.9355748
-0.9356751
-0.9352936
-0.93590707
-0.93610156
-0.93548316
-0.93560565
-0.93497974
-0.93535125
-0.935737
-0.9354763
-0.9356309
-0.9353823
-0.9345712
-0.9354397
-0.9358895
-0.93587536
-0.9349867
-0.9359952
-0.9362101
-0.93542206
-0.93532354
-0.93629515
-0.9360232
-0.9351405
-0.9350344
-0.93583107
-0.93535286
-0.934799
-0.9351825
-0.93483776
-0.9368768
-0.9357042
-0.9362157
-0.935492
-0.93611723
-0.93659854
-0.93649143
-0.9353241
-0.935274
-0.93563664
-0.9354401
-0.93563205
-0.9372274
-0.93577385
-0.9370483
-0.93546915
-0.93639565
-0.9350877
-0.93632936
-0.9357389
-0.935634
-0.93596214
-0.93542624
-0.93550813
-0.9361313
-0.9358401
-0.9366265
-0.9355695
-0.93593526
-0.93499887
-0.9349793
-0.93548113
-0.936101
-0.93544346
-0.9358755
-0.9360116
-0.9360747
-0.9358382
-0.9365466
-0.93663996
-0.9356156
-0.9359791
-0.9360216
-0.9359248
-0.9351928
-0.9351564
-0.9367391
-0.93508816
-0.9364199
-0.93610317
-0.93484896
-0.9350237
-0.93509376
-0.93561935
-0.93553954
-0.93495375
-0.9358409
-0.93599236
-0.9370049
-0.9364776
-0.93575704
-0.9354567
-0.93515384
-0.9355549
-0.9348076
-0.9359134
-0.9363112
-0.9351504
-0.93596715
-0.9364278
-0.93517613
-0.93626094
-0.9354007
-0.9351292
-0.93502134
-0.93563706
-0.9353315
-0.9360206
-0.9352041
-0.93637776
-0.936735
-0.935342
-0.93557245
-0.9371593
-0.9355665
-0.93637145
-0.9358888
-0.9357085
-0.93613875
-0.93650246
-0.9359021
-0.93521106
-0.93597037
-0.9362074
-0.9363268
-0.9362309
-0.93615377
-0.9358224
-0.93472034
-0.9358339
-0.93590546
-0.935797
-0.9352617
-0.936493
-0.93566746
-0.93595284
-0.9361793
-0.93669724
-0.93526214
-0.93618566
-0.9361152
-0.9362794
-0.93640107
-0.9360478
-0.93519235
-0.9358186
-0.93591386
-0.9365724
-0.9361592
-0.9352352
-0.9361939
-0.93623334
-0.9366746
-0.9348548
-0.93560237
-0.9360073
-0.93613213
-0.93600214
-0.93705225
-0.9357883
-0.935056
-0.93626267
-0.9360698
-0.9363841
-0.93666273
-0.9345466
-0.9358445
-0.93559295
-0.9350745
-0.93647474
-0.9354726
-0.93666196
-0.9362185
-0.93685704
-0.93696254
-0.9357554
-0.9353724
-0.9366773
-0.93651515
-0.93607676
-0.936285
-0.9361238
-0.9357516
-0.93622786
-0.9365354
-0.93577075
-0.93566
-0.935852
-0.9363927
-0.9366746
-0.9355905
-0.93572885
-0.9360747
-0.9353594
-0.9361207
-0.9365659
-0.9358432
-0.9361032
-0.93554235
-0.9368579
-0.93509907
-0.9371542
-0.93614954
-0.9356372
-0.9376811
-0.93638456
-0.9366969
-0.9358641
-0.9356495
-0.93640435
-0.9365913
-0.9358614
-0.9359925
-0.93586457
-0.9365607
-0.9360834
-0.93406874
-0.93613434
-0.9364185
-0.9367729
-0.9359576
-0.9369088
-0.93601894
-0.93508416
-0.9365113
-0.9355754
-0.93593997
-0.93498755
-0.9362943
-0.9363161
-0.93573195
-0.9358257
-0.9365368
-0.9357361
-0.9368232
-0.93488735
-0.9362102
-0.9358353
-0.9364335
-0.9349688
-0.93568414
-0.93554306
-0.93584543
-0.93586236
-0.9361944
-0.9359954
-0.93601334
-0.93658566
-0.93671566
-0.93716735
-0.93572545
-0.93657434
-0.93532497
-0.93520653
-0.93503755
-0.93620867
-0.93586695
-0.93548435
-0.935777
-0.9359604
-0.9359315
-0.93647474
-0.9364837
-0.9353354
-0.9357851
-0.9350376
-0.9366099
-0.93610626
-0.93613195
-0.9351684
-0.9354685
-0.93685263
-0.9368748
-0.9372733
-0.9361627
-0.93584716
-0.93608093
-0.93525493
-0.93629986
-0.93664557
-0.9362113
-0.93719167
-0.9349911
-0.9360299
-0.93616843
-0.93666327
-0.93521553
-0.93700665
-0.93435276
-0.9362045
-0.9368003
-0.93649995
-0.9364857
-0.93561
-0.93568534
-0.93647146
-0.9367456
-0.9363079
-0.9348624
-0.9363065
-0.9355873
-0.93583447
-0.9357912
-0.9356942
-0.9364957
-0.9356444
-0.936034
-0.93666756
-0.9351792
-0.9357643
-0.93803763
-0.9372684
-0.9352092
-0.9365042
-0.9356107
-0.93551743
-0.9366464
-0.935481
-0.9358825
-0.9361561
-0.9370046
-0.9357712
-0.9357366
-0.9367217
-0.93560994
-0.9366462
-0.9366092
-0.9364999
-0.9357572
-0.93551505
-0.9357507
-0.9362914
-0.9362641
-0.93590814
-0.93731654
-0.93608415
-0.93612623
-0.9355038
-0.9363688
-0.9358483
-0.9348803
-0.9371266
-0.93621373
-0.9369073
-0.93536764
-0.93671364
-0.93691814
-0.9357999
-0.9361292
-0.935728
-0.93678576
-0.93649024
-0.93610454
-0.9347001
-0.9362194
-0.9362075
-0.9362268
-0.9356648
-0.937089
-0.93664354
-0.93577886
-0.9373257
-0.93551946
-0.9363982
-0.9357947
-0.9352881
-0.93614286
-0.9360621
-0.93681073
-0.9367593
-0.936132
-0.93657374
-0.93579865
-0.9368322
-0.93686354
-0.9367256
-0.9355526
-0.9352431
-0.93634164
-0.93654525
-0.9364561
-0.9350001
-0.93617326
-0.93613505
-0.93682146
-0.9353932
-0.93622535
-0.9363043
-0.93550354
-0.9372912
-0.93641967
-0.93589497
-0.93635267
-0.9362994
-0.9364521
-0.93563575
-0.9357946
-0.9371434
-0.9363136
-0.936086
-0.93590754
-0.9361421
-0.9367513
-0.9372497
-0.93792313
-0.93668216
-0.93633467
-0.93516624
-0.93605405
-0.9358366
-0.936364
-0.9365312
-0.9369863
-0.9362647
-0.93650967
-0.9371889
-0.93563515
-0.93617105
-0.9363364
-0.9363332
-0.93641275
-0.9356548
-0.93630284
-0.93624544
-0.93540436
-0.93623775
-0.9356952
-0.9356729
-0.93644404
-0.9352874
-0.93528855
-0.9361342
-0.9365299
-0.9359435
-0.9361051
-0.9359776
-0.9366928
-0.93680924
-0.9358213
-0.93668234
-0.9363314
-0.9378897
-0.93622434
-0.9374512
-0.93698436
-0.9359889
-0.9357187
-0.9351001
-0.9360993
-0.9356425
-0.9374598
-0.93521976
-0.93652815
-0.9348956
-0.93715644
-0.9357382
-0.93744487
-0.9357247
-0.9371872
-0.9372955
-0.9347003
-0.9372643
-0.9371175
-0.9368947
-0.9366563
-0.9365735
-0.93648744
-0.9362425
-0.93627644
-0.9359108
-0.9370677
-0.9370255
-0.93641406
-0.9374694
-0.93713033
-0.93612456
-0.93624264
-0.9361887
-0.9376885
-0.9360454
-0.9375772
-0.937285
-0.9362996
-0.9362246
-0.9361256
-0.93672043
-0.93621093
-0.9359808
-0.93645954
-0.9377297
-0.9365343
-0.9371392
-0.93714553
-0.93683594
-0.93692684
-0.9353745
-0.9367334
-0.93620193
-0.93572336
-0.9363761
-0.93708116
-0.93704665
-0.9367613
-0.9377281
-0.93671525
-0.93709123
-0.937876
-0.9367217
-0.9373005
-0.9374
-0.93629533
-0.937049
-0.93620986
-0.9375815
-0.93638855
-0.9356075
-0.93670535
-0.93642884
-0.936992
-0.93731123
-0.93571925
-0.9360173
-0.93718195
-0.9363413
-0.93574816
-0.9364276
-0.9370519
-0.93673974
-0.9359479
-0.9361822
-0.9371317
-0.93623173
-0.9366194
-0.93638587
-0.93694514
-0.9357912
-0.9370422
-0.9365029
-0.93649197
-0.9368551
-0.9357507
-0.9361848
-0.9369728
-0.93701994
-0.9352498
-0.9367171
-0.9368086
-0.93725973
-0.9359783
-0.93607366
-0.9367372
-0.935925
-0.93672234
-0.93670374
-0.9375827
-0.9358874
-0.93633384
-0.9376251
-0.9357696
-0.93600523
-0.936981
-0.9367341
-0.9354955
-0.93607515
-0.93668866
-0.9357899
-0.9368572
-0.9356756
-0.93644965
-0.93637735
-0.93642235
-0.93555963
-0.9364446
-0.93654567
-0.93745595
-0.9362205
-0.9367018
-0.935886
-0.9372663
-0.93696886
-0.93534184
-0.93651587
-0.93622696
-0.93711954
-0.9363635
-0.93656415
-0.9372395
-0.93616325
-0.93681645
-0.93638563
-0.93645006
-0.9365121
-0.93682003
-0.9370447
-0.93628806
-0.93658626
-0.9364532
-0.9368627
-0.9365472
-0.9363478
-0.9362467
-0.9371186
-0.9370817
-0.93713945
-0.9361177
-0.9366447
-0.9364689
-0.9362339
-0.9368477
-0.93607926
-0.9350647
-0.9363759
-0.93637484
-0.9375375
-0.93618596
-0.93692195
-0.9368633
-0.9363542
-0.93609565
-0.93621534
-0.93616754
-0.93689704
-0.93745244
-0.93643016
-0.9364434
-0.93745685
-0.93624103
-0.93637407
-0.93726647
-0.9365746
-0.93733907
-0.9362335
-0.93747973
-0.9366523
-0.9363203
-0.9365752
-0.93653464
-0.9376172
-0.93687284
-0.9363703
-0.93791974
-0.9362324
-0.9358036
-0.9365775
-0.9366751
-0.93818283
-0.9363363
-0.9374411
-0.9370052
-0.9372811
-0.9364246
-0.93655556
-0.93550354
-0.93697834
-0.935973
-0.93522704
-0.9360907
-0.9372347
-0.9355896
-0.9361379
-0.9373412
-0.9360388
-0.9376164
-0.93628585
-0.9369374
-0.9367134
-0.93719864
-0.9359035
-0.9358042
-0.93599707
-0.9370412
-0.9367762
-0.9353154
-0.93704885
-0.935606
-0.9371158
-0.9361212
-0.9367909
-0.9365556
-0.9362486
-0.9363136
-0.93631834
-0.9360738
-0.93713415
-0.937349
-0.93692225
-0.9354135
-0.9373143
-0.9359857
-0.93713564
-0.93681824
-0.93671876
-0.9374364
-0.9367847
-0.9366632
-0.9362283
-0.9370207
-0.93657756
-0.9360239
-0.9357085
-0.9378902
-0.93739533
-0.9365673
-0.93603235
-0.93645906
-0.9362464
-0.9370283
-0.9381122
-0.9369224
-0.93760616
-0.93659765
-0.9360058
-0.9369444
-0.93689895
-0.9381413
-0.93618834
-0.9358645
-0.93731385
-0.9369821
-0.9364587
-0.93640876
-0.9368617
-0.93719715
-0.9373235
-0.9361131
-0.9368291
-0.9361495
-0.9365558
-0.9366325
-0.93749225
-0.9363134
-0.93613803
-0.93687946
-0.93798244
-0.93764603
-0.93650043
-0.9357029
-0.9366181
-0.9361593
-0.93651646
-0.93658775
-0.93769246
-0.9357556
-0.9367317
-0.9374655
-0.9358954
-0.93621737
-0.9369433
-0.93623465
-0.93575245
-0.9361955
-0.9372705
-0.9370168
-0.93644315
-0.93778855
-0.93626153
-0.9358892
-0.9368608
-0.93676215
-0.93734604
-0.9357297
-0.9350651
-0.9366136
-0.93751955
-0.9357816
-0.9369063
-0.9366793
-0.9365723
-0.93631023
-0.9367865
-0.9362959
-0.9361389
-0.9373126
-0.9358937
-0.93740815
-0.9361989
-0.93583935
-0.9375361
-0.93597656
-0.9381402
-0.9362756
-0.93683225
-0.93724275
-0.93779975
-0.9364599
-0.93663573
-0.936303
-0.93545234
-0.93748856
-0.93722725
-0.9375463
-0.93661517
-0.93539554
-0.9372536
-0.9364652
-0.9372148
-0.9364673
-0.93697095
-0.93647677
-0.9367204
-0.9365204
-0.9369693
-0.9371155
-0.93571293
-0.9373225
-0.9374209
-0.9361933
-0.9364599
-0.93689966
-0.93652534
-0.93646574
-0.93657804
-0.9369117
-0.93712384
-0.9363833
-0.935932
-0.9371727
-0.93621784
-0.93635863
-0.9375379
-0.93691367
-0.93726057
-0.93722534
-0.9368181
-0.93662024
-0.9363688
-0.93705034
-0.9366418
-0.9364072
-0.9369587
-0.93685037
-0.93623006
-0.9367538
-0.93609685
-0.9379782
-0.93620485
-0.93694705
-0.936717
-0.93641716
-0.937325
-0.93676245
-0.9363609
-0.93636686
-0.9359652
-0.93582094
-0.9370772
-0.93734884
-0.9369933
-0.936601
-0.93701315
-0.9359512
-0.93688405
-0.93683153
-0.93635947
-0.9371364
-0.9361573
-0.93648016
-0.9374447
-0.9371184
-0.9361389
-0.93715245
-0.9362488
-0.93655115
-0.9375019
-0.937271
-0.93744797
-0.93652946
-0.9370036
-0.9373404
-0.9377031
-0.9371138
-0.9362567
-0.93726784
-0.93717647
-0.9366079
-0.9369372
-0.9360547
-0.93680465
-0.9370538
-0.93683654
-0.93626845
-0.9368095
-0.937355
-0.93710274
-0.93615115
-0.9368149
-0.9365021
-0.937418
-0.9379997
-0.93715024
-0.9367311
-0.9379749
-0.9362623
-0.93648106
-0.9361618
-0.9384868
-0.9371163
-0.9366888
-0.9364892
-0.9372233
-0.93663853
-0.9373751
-0.93587846
-0.9359636
-0.93696976
-0.9371358
-0.93611693
-0.9378032
-0.9364478
-0.93705267
-0.9367717
-0.9369952
-0.93635637
-0.93711245
-0.9375993
-0.9355546
-0.9373059
-0.93711025
-0.93693095
-0.9375551
-0.9375883
-0.93705636
-0.93680894
-0.9370873
-0.93779194
-0.93798196
-0.93631315
-0.93700534
-0.93769795
-0.93667614
-0.93657285
-0.9373044
-0.9360873
-0.93653953
-0.9369607
-0.9364386
-0.9361486
-0.93586904
-0.9361472
-0.93762696
-0.9361231
-0.9359634
-0.9371458
-0.937392
-0.93643767
-0.9367611
-0.9363219
-0.9361184
-0.93740445
-0.93662876
-0.93693393
-0.9360471
-0.9370732
-0.93583393
-0.93672377
-0.93575907
-0.9360548
-0.93751305
-0.9368598
-0.93622524
-0.9371881
-0.93564844
-0.93632907
-0.93634444
-0.9360941
-0.93703
-0.93748975
-0.937108
-0.9360284
-0.9369527
-0.9361614
-0.93731433
-0.9363008
-0.93687224
-0.9363959
-0.9374629
-0.93739265
-0.9363318
-0.93701816
-0.93755305
-0.9374939
-0.93730605
-0.9366344
-0.93571115
-0.9368736
-0.9381614
-0.93665814
-0.93668
-0.93698525
-0.9367669
-0.93643093
-0.93738425
-0.9361493
-0.9378512
-0.9378615
-0.9373719
-0.9369509
-0.9364585
-0.9368727
-0.9375579
-0.93697256
-0.9374186
-0.93625754
-0.9368696
-0.9376467
-0.9369759
-0.9373459
-0.9381045
-0.93654895
-0.93548286
-0.93644005
-0.9371507
-0.9357732
-0.9369773
-0.9365888
-0.9359417
-0.93692887
-0.9378063
-0.93659055
-0.9377434
-0.93720484
-0.9376697
-0.9366207
-0.938171
-0.93686825
-0.9367361
-0.93743235
-0.9371783
-0.93681663
-0.9361527
-0.9361077
-0.93643045
-0.93663645
-0.9365551
-0.93736374
-0.93734974
-0.9372017
-0.9379467
-0.93711275
-0.9376466
-0.9366143
-0.93710774
-0.936
-0.9371382
-0.93738514
-0.93676484
-0.9367586
-0.9375761
-0.93708867
-0.9361366
-0.9374655
-0.9364525
-0.9365087
-0.9377774
-0.93731153
-0.9371773
-0.9364134
-0.93661124
-0.9362735
-0.9370784
-0.93733776
-0.9379322
-0.9379131
-0.93689024
-0.9355861
-0.93757045
-0.93730223
-0.9369279
-0.9371577
-0.93733513
-0.9381408
-0.93813497
-0.9365966
-0.93746126
-0.936608
-0.935806
-0.93742025
-0.9375571
-0.93740076
-0.9375615
-0.93624115
-0.9369049
-0.93592507
-0.9375447
-0.93625695
-0.9361336
-0.9364654
-0.9366143
-0.9372391
-0.9371209
-0.93828154
-0.93760884
-0.9381355
-0.9373775
-0.9376139
-0.9371822
-0.93760365
-0.93829423
-0.936895
-0.93694866
-0.9370842
-0.93707377
-0.9369178
-0.9359036
-0.93678916
-0.9373054
-0.9380257
-0.93689924
-0.9373899
-0.93751097
-0.9362606
-0.9369437
-0.93615323
-0.93801284
-0.9383954
-0.93660885
-0.9365926
-0.9371086
-0.9370873
-0.9371734
-0.9369986
-0.93752944
-0.9370959
-0.9368073
-0.9371824
-0.9357966
-0.9379211
-0.9373814
-0.9364004
-0.93656176
-0.93751526
-0.9366299
-0.93741053
-0.93682027
-0.9373427
-0.9360672
-0.93741566
-0.93637604
-0.93639404
-0.9363181
-0.9366213
-0.93598205
-0.9364443
-0.9374873
-0.93593836
-0.9369832
-0.9360765
-0.93698806
-0.9371907
-0.93705577
-0.9355574
-0.9355336
-0.93623364
-0.9369243
-0.9373832
-0.9360793
-0.936916
-0.93603635
-0.9375891
-0.93770474
-0.93665427
-0.9368589
-0.9370547
-0.93641055
-0.937176
-0.9380136
-0.9372898
-0.9388248
-0.936949
-0.9363342
-0.9375781
-0.9365498
-0.9367232
-0.93838
-0.9371064
-0.9380956
-0.93696314
-0.936781
-0.93824506
-0.9377896
-0.93733144
-0.9371312
-0.93682027
-0.93767595
-0.93805325
-0.93667567
-0.93788326
-0.93747216
-0.93682665
-0.93588316
-0.9363313
-0.9379573
-0.9384232
-0.93655723
-0.93727094
-0.9372515
-0.93726534
-0.9354516
-0.93626547
-0.9362729
-0.9375221
-0.93768173
-0.9365622
-0.93747425
-0.93811125
-0.9372511
-0.9375547
-0.9369062
-0.93554765
-0.9377202
-0.93738663
-0.93797415
-0.93677336
-0.93687946
-0.9364865
-0.9373019
-0.9375176
-0.9368399
-0.9370947
-0.9364554
-0.9367184
-0.93767023
-0.9379853
-0.93758327
-0.93742704
-0.9372724
-0.9371091
-0.93868846
-0.937231
-0.9359308
-0.93796813
-0.936879
-0.9377973
-0.9363399
-0.9366566
-0.93654215
-0.9370492
-0.93722343
-0.9376122
-0.93632436
-0.9363593
-0.9378224
-0.9378941
-0.93746597
-0.9372906
-0.93705535
-0.93661267
-0.93615776
-0.9372012
-0.937867
-0.93754965
-0.9369237
-0.93757796
-0.93818516
-0.93687505
-0.93675554
-0.9371033
-0.9364663
-0.9361454
-0.9364706
-0.93630844
-0.93614334
-0.93750715
-0.9373947
-0.9365248
-0.93747336
-0.9378227
-0.9373805
-0.9367301
-0.9375041
-0.9374661
-0.9370929
-0.9373339
-0.9371864
-0.93683803
-0.9366894
-0.93659806
-0.93588054
-0.9373027
-0.93738115
-0.93827665
-0.93718886
-0.93598485
-0.9370309
-0.9375487
-0.9370519
-0.93585694
-0.93743485
-0.93806404
-0.9363969
-0.93766433
-0.9377538
-0.9366594
-0.93806577
-0.9374978
-0.93784934
-0.93707275
-0.9379292
-0.93747485
-0.937173
-0.9378058
-0.93758947
-0.9368112
-0.9367002
-0.9371957
-0.9369928
-0.9361741
-0.93766874
-0.93741727
-0.9376298
-0.9364038
-0.9371689
-0.93658924
-0.9369561
-0.9367074
-0.9374234
-0.9362547
-0.9372122
-0.93682605
-0.9369651
-0.9373097
-0.9371726
-0.9375097
-0.93708354
-0.93652934
-0.9366706
-0.93660426
-0.93684787
-0.9367609
-0.9366421
-0.93683577
-0.936325
-0.93805754
-0.93762916
-0.9370955
-0.9371512
-0.9382803
-0.9374789
-0.9373936
-0.9372144
-0.93722236
-0.93688107
-0.9364837
-0.93586326
-0.936556
-0.9379606
-0.9376206
-0.93654895
-0.9374551
-0.93755484
-0.93734634
-0.9367528
-0.93809736
-0.937971
-0.93605995
-0.93678373
-0.937311
-0.93691313
-0.9345724
-0.93692625
-0.9372325
-0.936888
-0.93621165
-0.9370223
-0.9373848
-0.9373711
-0.93703604
-0.93695027
-0.9362285
-0.93749607
-0.93732506
-0.93753237
-0.93697464
-0.9361133
-0.93640786
-0.93653125
-0.93744487
-0.9374507
-0.9373317
-0.9363544
-0.9358476
-0.9369787
-0.9366354
-0.9378471
-0.93739396
-0.93622243
-0.93749315
-0.93731433
-0.93685997
-0.9371037
-0.93822914
-0.9362779
-0.9368454
-0.937003
-0.93684375
-0.9372382
-0.93602026
-0.93660116
-0.93671
-0.93661994
-0.9365875
-0.93641657
-0.9372846
-0.9359039
-0.9378942
-0.93823576
-0.9378934
-0.9381428
-0.9374203
-0.93833685
-0.9374015
-0.9367964
-0.93634295
-0.9377298
-0.93733126
-0.93784297
-0.93788713
-0.9367886
-0.93673617
-0.9361653
-0.9374407
-0.9375399
-0.93726516
-0.937082
-0.9378785
-0.9373097
-0.9375475
-0.9366907
-0.9378541
-0.9369872
-0.93705845
-0.9361908
-0.93653464
-0.93771636
-0.93729836
-0.9372293
-0.9376527
-0.9380623
-0.9366383
-0.937638
-0.9378468
-0.9371565
-0.9375207
-0.9367041
-0.93762934
-0.93773395
-0.93623656
-0.936428
-0.93733484
-0.9381918
-0.9379539
-0.9358437
-0.9371211
-0.9364646
-0.93723416
-0.93678766
-0.9372385
-0.9363857
-0.9368859
-0.93780524
-0.93759745
-0.9363157
-0.9376944
-0.93707365
-0.936409
-0.937346
-0.9367759
-0.9373025
-0.93758404
-0.93685067
-0.9378186
-0.93722236
-0.9370824
-0.937429
-0.93662846
-0.9368392
-0.9376416
-0.9372088
-0.93804824
-0.93786085
-0.93643653
-0.93662167
-0.93673897
-0.9363933
-0.93688995
-0.9382997
-0.9369511
-0.93820006
-0.937544
-0.93798023
-0.93739873
-0.9371833
-0.93714887
-0.9369359
-0.9371494
-0.93669844
-0.9382746
-0.93668455
-0.93688756
-0.93754435
-0.93704796
-0.93696856
-0.93741363
-0.93795025
-0.9375836
-0.9374199
-0.9367275
-0.9368182
-0.9366979
-0.9369366
-0.93778914
-0.93660754
-0.9373038
-0.9366505
-0.9355228
-0.9372956
-0.93762773
-0.9373972
-0.93716204
-0.9365919
-0.93660176
-0.9375771
-0.9372954
-0.93738854
-0.93681717
-0.93610173
-0.9379754
-0.9371854
-0.9373409
-0.93725437
-0.9375718
-0.93679065
-0.93682384
-0.9379791
-0.9365816
-0.93595856
-0.9372015
-0.9376662
-0.93744177
-0.9371837
-0.936706
-0.9383592
-0.9372322
-0.9368156
-0.9371733
-0.9365096
-0.9367893
-0.9362505
-0.93689525
-0.9379232
-0.93742216
-0.93764216
-0.93740666
-0.9373557
-0.93763405
-0.9372363
-0.936389
-0.93775237
-0.9370469
-0.93710476
-0.93691283
-0.9361661
-0.9369912
-0.9373066
-0.9367734
-0.9364514
-0.93634397
-0.9378249
-0.9376292
-0.9382827
-0.93793863
-0.9367056
-0.9377591
-0.9376243
-0.93703806
-0.9372374
-0.9368038
-0.9380442
-0.9379434
-0.9375411
-0.93812007
-0.9369261
-0.937098
-0.9387566
-0.9366944
-0.93753237
-0.93778676
-0.9376249
-0.93708
-0.9368292
-0.93803746
-0.93904424
-0.9363297
-0.9374988
-0.9374449
-0.9373173
-0.93741256
-0.9375214
-0.9380364
-0.9359151
-0.9375004
-0.93726397
-0.9372112
-0.9379184
-0.93664354
-0.93721145
-0.9381353
-0.937401
-0.9382771
-0.93820524
-0.9367633
-0.9352466
-0.9380261
-0.9373066
-0.93741965
-0.93783253
-0.9371513
-0.9370508
-0.93658364
-0.93777484
-0.936705
-0.9370224
-0.93778026
-0.93764293
-0.93698955
-0.9369524
-0.9371167
-0.93612456
-0.9372888
-0.9381348
-0.93746793
-0.937722
-0.93603855
-0.9372974
-0.9372349
-0.9373843
-0.9360572
-0.93792945
-0.9383842
-0.9370712
-0.9382485
-0.93861806
-0.93696207
-0.93788236
-0.9381962
-0.93774706
-0.9372084
-0.9381845
-0.93683684
-0.9364001
-0.93780994
-0.9369422
-0.93735015
-0.93762064
-0.9381684
-0.93840617
-0.9362735
-0.9369209
-0.93663365
-0.93748754
-0.9379168
-0.93773603
-0.93691605
-0.937051
-0.936577
-0.937508
-0.93748784
-0.93697387
-0.9373409
-0.93753964
-0.9373522
-0.9375818
-0.93644744
-0.9371939
-0.9368118
-0.93737
-0.93708944
-0.9374972
-0.93674093
-0.9378474
-0.93810165
-0.93716955
-0.9374009
-0.9368441
-0.936971
-0.93876064
-0.9371815
-0.9373576
-0.9376348
-0.9380115
-0.9359692
-0.93793315
-0.9371931
-0.9372418
-0.93612003
-0.937299
-0.93692636
-0.93790656
-0.9385771
-0.9379506
-0.9381162
-0.93776023
-0.93685526
-0.93724144
-0.93748116
-0.9370812
-0.93674356
-0.937939
-0.9377976
-0.9369118
-0.9379987
-0.9362464
-0.93706334
-0.9378516
-0.93590903
-0.9374448
-0.93739223
-0.9379745
-0.9374254
-0.9373245
-0.9374035
-0.93818533
-0.9373018
-0.9371048
-0.9363447
-0.93702286
-0.93687487
-0.93775654
-0.93755
-0.93685526
-0.9370171
-0.9378714
-0.9378383
-0.93670094
-0.93818444
-0.9375841
-0.9378499
-0.937031
-0.9370862
-0.9367267
-0.93684685
-0.9368961
-0.93704426
-0.9376625
-0.9373457
-0.93755853
-0.936809
-0.93721914
-0.93756133
-0.9369718
-0.93762034
-0.937929
-0.93696356
-0.9368254
-0.93877786
-0.93635964
-0.9373755
-0.93665814
-0.9380627
-0.93844193
-0.93690896
-0.9375299
-0.9374201
-0.93694216
-0.93754
-0.93775415
-0.9363287
-0.93703336
-0.93673795
-0.93743443
-0.93813413
-0.93658274
-0.9375379
-0.9361283
-0.93747365
-0.93705416
-0.937276
-0.9372996
-0.9379452
-0.9374482
-0.938163
-0.936999
-0.9364793
-0.93682593
-0.93733084
-0.9361606
-0.93867564
-0.93777674
-0.9363344
-0.9374253
-0.9373692
-0.9368944
-0.9378865
-0.9370699
-0.9374599
-0.9378632
-0.9366193
-0.93748116
-0.93675303
-0.93707424
-0.93655324
-0.93843514
-0.9376473
-0.937166
-0.93890774
-0.93834865
-0.93684083
-0.9376334
-0.9382941
-0.9369992
-0.9367535
-0.9386847
-0.93744767
-0.9362631
-0.93756217
-0.9375146
-0.93736905
-0.9371823
-0.93745744
-0.93753403
-0.93775135
-0.937851
-0.93690264
-0.93718225
-0.93735033
-0.93735737
-0.9379001
-0.9384269
-0.9372897
-0.93672884
-0.9378176
-0.9378531
-0.9376947
-0.9375336
-0.93690133
-0.9386019
-0.937061
-0.9375816
-0.9368787
-0.9372695
-0.9366053
-0.9373474
-0.93752277
-0.9371615
-0.93743503
-0.93692684
-0.9370018
-0.9371121
-0.93723416
-0.93810576
-0.9366972
-0.93761235
-0.93685967
-0.9369757
-0.9360918
-0.9380605
-0.93800086
-0.9378925
-0.9374206
-0.93696266
-0.9381394
-0.9366269
-0.9371817
-0.93746734
-0.9377578
-0.93877286
-0.9380067
-0.9380544
-0.9369683
-0.9372882
-0.9375853
-0.9370751
-0.93777245
-0.9380657
-0.9380547
-0.9377241
-0.9373109
-0.93792164
-0.9373989
-0.9378728
-0.937902
-0.9373967
-0.9379656
-0.9369437
-0.9379945
-0.9368848
-0.93709135
-0.93873173
-0.9371372
-0.9380678
-0.9371507
-0.9382498
-0.93810296
-0.9373023
-0.93713963
-0.9374951
-0.936631
-0.93769896
-0.9371353
-0.93751556
-0.9372142
-0.9377052
-0.93627703
-0.9375708
-0.93726087
-0.9379584
-0.93704003
-0.93750656
-0.93880016
-0.93747413
-0.9372439
-0.9376512
-0.93717766
-0.93663627
-0.937459
-0.93750125
-0.9379241
-0.9374277
-0.9382304
-0.9382167
-0.93638897
-0.93818116
-0.93717986
-0.9369778
-0.9372583
-0.9361875
-0.9373506
-0.937488
-0.9376144
-0.93771166
-0.93682045
-0.9358388
-0.93686354
-0.93730426
-0.93734187
-0.93710655
-0.9371065
-0.9377056
-0.93705904
-0.9371028
-0.937453
-0.93754
-0.936818
-0.937769
-0.93642336
-0.9368953
-0.93864083
-0.93770474
-0.9369021
-0.9384866
-0.93706405
-0.93783194
-0.93848854
-0.9367417
-0.9375494
-0.9381679
-0.938042
-0.9370711
-0.937963
-0.9373812
-0.9378069
-0.9372826
-0.9377519
-0.9376299
-0.93759364
-0.9377538
-0.93719184
-0.9380767
-0.9363623
-0.9374222
-0.9366173
-0.9370651
-0.93621343
-0.93739164
-0.9375074
-0.9373067
-0.93601793
-0.9368524
-0.9372353
-0.93682045
-0.93754685
-0.9379215
-0.9371178
-0.9372097
-0.9378426
-0.93778497
-0.9373324
-0.9380701
-0.9367911
-0.9376387
-0.9369944
-0.938085
-0.9376949
-0.9376488
-0.93716455
-0.93779963
-0.9367333
-0.9363749
-0.9374971
-0.9361029
-0.93731284
-0.9384724
-0.93698514
-0.93826383
-0.93796223
-0.9379
-0.9377158
-0.9368491
-0.93801576
-0.93668365
-0.9367864
-0.93835
-0.93780655
-0.9366707
-0.9379
-0.93839276
-0.937947
-0.93730617
-0.93806404
-0.9382385
-0.93725616
-0.9376377
-0.93800735
-0.9378179
-0.9365221
-0.9363579
-0.9369928
-0.9368046
-0.93741983
-0.9363369
-0.9381827
-0.9367764
-0.9374719
-0.93776006
-0.93696153
-0.9377546
-0.9371038
-0.93743515
-0.93662864
-0.9373757
-0.93836844
-0.937375
-0.9371672
-0.93737274
-0.9375536
-0.9382337
-0.93718684
-0.9384985
-0.93741125
-0.93745464
-0.9371169
-0.93627846
-0.93698245
-0.9374923
-0.9382554
-0.9368715
-0.9372184
-0.9373041
-0.93756723
-0.9370361
-0.9377664
-0.9375411
-0.93647176
-0.9377586
-0.93697673
-0.93794894
-0.9374076
-0.93763316
-0.9375964
-0.9374118
-0.9373505
-0.93667865
-0.9375316
-0.9377534
-0.93754876
-0.937075
-0.9379012
-0.937233
-0.9369721
-0.93723994
-0.9366991
-0.93655086
-0.9380434
-0.93735963
-0.93696827
-0.9376813
-0.93666023
-0.93797296
-0.93798447
-0.93865746
-0.93768823
-0.9373582
-0.9374473
-0.937426
-0.93678707
-0.9377967
-0.9376419
-0.9384104
-0.9373522
-0.9377053
-0.9376544
-0.9384635
-0.9380709
-0.9384706
-0.9378215
-0.93762517
-0.93777984
-0.93824345
-0.9379702
-0.9390776
-0.93745613
-0.93788326
-0.9374685
-0.93784887
-0.9375829
-0.9376492
-0.93702394
-0.9364666
-0.93764836
-0.9376687
-0.9380663
-0.93819773
-0.9375633
-0.9377226
-0.9365729
-0.9370428
-0.93670696
-0.93720096
-0.93729174
-0.9379647
-0.93724424
-0.9375018
-0.9371328
-0.9376948
-0.93693286
-0.9371095
-0.93822455
-0.9394222
-0.9373354
-0.937916
-0.9373217
-0.93783957
-0.9371705
-0.93754995
-0.9383774
-0.93736804
-0.9368983
-0.93823636
-0.9385077
-0.93709487
-0.93708503
-0.93671817
-0.93706876
-0.93779254
-0.93882495
-0.93691456
-0.93806005
-0.9379927
-0.9383497
-0.9383755
-0.93766445
-0.9373033
-0.9368983
-0.93736297
-0.9379258
-0.93787086
-0.9388283
-0.9376293
-0.9375587
-0.93730664
-0.9384526
-0.93729746
-0.93796635
-0.9383309
-0.9380059
-0.9384948
-0.93814933
-0.93672484
-0.9378889
-0.93821746
-0.93730533
-0.93831
-0.9370031
-0.9372546
-0.93704504
-0.9373703
-0.93750495
-0.936522
-0.9368834
-0.9383234
-0.937865
-0.93801767
-0.9372472
-0.93686604
-0.93746686
-0.9380318
-0.93687356
-0.9378788
-0.9386172
-0.939582
-0.93772376
-0.93688893
-0.93818146
-0.93808657
-0.93777853
-0.93682456
-0.9375916
-0.9369137
-0.9377412
-0.93637276
-0.93745136
-0.937466
-0.93732136
-0.93828046
-0.9373178
-0.9371905
-0.9362776
-0.938369
-0.9370955
-0.9365762
-0.9373549
-0.9377849
-0.9374283
-0.93727094
-0.9377781
-0.9374398
-0.9357401
-0.93716466
-0.9379412
-0.938212
-0.93719774
-0.9377563
-0.93645376
-0.9381172
-0.9373511
-0.93741214
-0.93748474
-0.93799686
-0.93831956
-0.9376768
-0.937302
-0.93717605
-0.9373949
-0.937921
-0.93835795
-0.9370986
-0.9375879
-0.93858343
-0.93827695
-0.93694866
-0.93813384
-0.9389077
-0.9373411
-0.93694663
-0.9380906
-0.9372568
-0.9389464
-0.9376857
-0.93758
-0.9366329
-0.9380426
-0.93723756
-0.9375594
-0.937736
-0.93721056
-0.93849045
-0.9376575
-0.93829286
-0.93710893
-0.93758565
-0.9375334
-0.9386481
-0.9372975
-0.93730575
-0.936854
-0.93754536
-0.93695515
-0.9371057
-0.9368001
-0.93783385
-0.9372396
-0.9372418
-0.9376633
-0.9373638
-0.9383523
-0.9375989
-0.93748087
-0.93707234
-0.93639815
-0.9377344
-0.9381525
-0.9383267
-0.9370992
-0.937754
-0.93699396
-0.93822104
-0.9373476
-0.93698853
-0.9369962
-0.9374423
-0.9371455
-0.9374791
-0.93819433
-0.9384219
-0.937604
-0.93764836
-0.9377546
-0.9367424
-0.9379649
-0.9372079
-0.9383331
-0.9377786
-0.93793833
-0.938543
-0.9373214
-0.9380737
-0.9364784
-0.9386312
-0.93722194
-0.9376014
-0.9372417
-0.9390354
-0.9372107
-0.9377971
-0.9386316
-0.93853474
-0.9377278
-0.9360992
-0.93768746
-0.9366875
-0.93766123
-0.937847
-0.9375359
-0.9378436
-0.93841076
-0.9379676
-0.9370312
-0.9377303
-0.9372639
-0.9369529
-0.9370521
-0.938493
-0.9370771
-0.9371344
-0.93684757
-0.9373134
-0.9389659
-0.9369758
-0.9379288
-0.9379168
-0.9376708
-0.93827105
-0.93849444
-0.93652254
-0.93801016
-0.93784565
-0.9386039
-0.93779427
-0.9371792
-0.9379449
-0.9368992
-0.93694717
-0.93819606
-0.9374078
-0.93751925
-0.93764675
-0.9369556
-0.9373518
-0.9373638
-0.93722713
-0.9380873
-0.9380972
-0.93738633
-0.9376242
-0.93680876
-0.9385567
-0.93732893
-0.93692946
-0.93781054
-0.9366938
-0.93621993
-0.9373047
-0.9381876
-0.93714184
-0.93759674
-0.9369575
-0.93794847
-0.93733287
-0.93871754
-0.9377228
-0.9379937
-0.9388014
-0.9370424
-0.9382621
-0.9379447
-0.93778753
-0.9389028
-0.936975
-0.93791956
-0.9377723
-0.9375671
-0.9382203
-0.9361611
-0.93840754
-0.9377021
-0.9372702
-0.9376645
-0.9369193
-0.9376587
-0.9376469
-0.93786865
-0.93825895
-0.9364173
-0.93810093
-0.9385024
-0.9368161
-0.9376945
-0.9370694
-0.9371142
-0.9378037
-0.93808824
-0.93717754
-0.93755853
-0.93782365
-0.93858
-0.9375242
-0.9375716
-0.93677294
-0.9369632
-0.9379569
-0.9363859
-0.93785566
-0.93770164
-0.9387
-0.9377215
-0.9378234
-0.937664
-0.93842846
-0.9375864
-0.9385964
-0.93753076
-0.93736094
-0.93762976
-0.93757856
-0.9369967
-0.9379235
-0.9377498
-0.9368742
-0.93797356
-0.93810266
-0.9382008
-0.93749404
-0.9367131
-0.9390083
-0.93857515
-0.93758416
-0.9373731
-0.9374154
-0.9369009
-0.9375131
-0.9385917
-0.93664515
-0.93760186
-0.93712366
-0.93711704
-0.93766123
-0.9378133
-0.9376213
-0.93823653
-0.93753386
-0.93745655
-0.9382408
-0.9370915
-0.9375934
-0.9377791
-0.9372435
-0.9368388
-0.9372078
-0.93740934
-0.9375972
-0.9376934
-0.93807834
-0.938663
-0.9387113
-0.937335
-0.9378463
-0.93707955
-0.93801767
-0.9369639
-0.9369174
-0.93753046
-0.937415
-0.93860126
-0.9382937
-0.9386159
-0.93809545
-0.9379569
-0.9366993
-0.9373519
-0.93824327
-0.9375166
-0.9371406
-0.9379342
-0.9376518
-0.93642634
-0.93784344
-0.9378385
-0.93889874
-0.9378141
-0.9386267
-0.93836534
-0.93738025
-0.93842953
-0.93805385
-0.9382894
-0.9364831
-0.93703324
-0.9378429
-0.9377554
-0.9377818
-0.9383457
-0.9368855
-0.93796635
-0.9376282
-0.93845165
-0.9385295
-0.9376845
-0.937379
-0.93790853
-0.9381225
-0.9365945
-0.93738914
-0.93796265
-0.93742925
-0.9371582
-0.9377214
-0.93787163
-0.9372078
-0.9392015
-0.9380475
-0.93666524
-0.93670034
-0.9362203
-0.9381444
-0.9374327
-0.93703747
-0.9370834
-0.93778265
-0.9387063
-0.93725234
-0.93912876
-0.93752325
-0.93764585
-0.9386912
-0.9374512
-0.9382749
-0.937015
-0.93783814
-0.9378584
-0.93718374
-0.93863857
-0.9367635
-0.9380048
-0.9375421
-0.9366921
-0.93795925
-0.9383393
-0.9380004
-0.9382193
-0.9374927
-0.9375717
-0.93804497
-0.9378288
-0.93763137
-0.9372838
-0.93671685
-0.93640816
-0.9382047
-0.93647134
-0.9372161
-0.93784565
-0.9370398
-0.9379455
-0.9384104
-0.93833995
-0.9379016
-0.9371335
-0.93754876
-0.9371645
-0.9371269
-0.93743914
-0.9380053
-0.93814933
-0.93808246
-0.93809235
-0.93776363
-0.93827176
-0.937021
-0.937671
-0.9386806
-0.9365693
-0.9377928
-0.9377987
-0.9366087
-0.9373945
-0.9368542
-0.9383443
-0.9381355
-0.93876106
-0.9374268
-0.93731546
-0.93726224
-0.9378015
-0.9377432
-0.93755174
-0.9381734
-0.93788415
-0.93816054
-0.9379838
-0.93740267
-0.93799907
-0.93764883
-0.9380409
-0.93863493
-0.93746686
-0.93704593
-0.93667024
-0.93755233
-0.93825823
-0.93787843
-0.93682915
-0.9373094
-0.93713
-0.93841416
-0.9377499
-0.93828416
-0.9379445
-0.9370759
-0.9366088
-0.9378294
-0.93755615
-0.93739176
-0.93701464
-0.93752575
-0.93716884
-0.9384144
-0.938066
-0.9361754
-0.93754464
-0.9388014
-0.938031
-0.9384679
-0.937936
-0.9378052
-0.9381173
-0.9384768
-0.9375695
-0.9380953
-0.9379653
-0.9374734
-0.9376252
-0.93855804
-0.93691397
-0.9392944
-0.9382461
-0.9378051
-0.9380895
-0.93705624
-0.93764687
-0.93801194
-0.9385379
-0.93813765
-0.937562
-0.93727463
-0.93774736
-0.93833333
-0.9383788
-0.9379724
-0.93821055
-0.9377684
-0.93743867
-0.9389014
-0.9380004
-0.9367861
-0.93860126
-0.9374791
-0.9380147
-0.9379212
-0.93861014
-0.93714225
-0.9374875
-0.9371224
-0.9388497
-0.93814576
-0.9373498
-0.9380441
-0.9375406
-0.9387158
-0.9384112
-0.9387501
-0.9374404
-0.9371373
-0.9376834
-0.93902653
-0.9375891
-0.9390108
-0.9375244
-0.9377002
-0.9389493
-0.9378801
-0.9376185
-0.93821263
-0.9376568
-0.9374342
-0.9373243
-0.93714696
-0.9373487
-0.9375136
-0.937812
-0.9369456
-0.937728
-0.9382891
-0.9387372
-0.9383954
-0.937586
-0.93785554
-0.93748313
-0.93757266
-0.93685025
-0.938465
-0.9378117
-0.9380266
-0.9379101
-0.93813515
-0.93814707
-0.9390104
-0.938217
-0.93694437
-0.93763405
-0.93762326
-0.9373327
-0.93707883
-0.9362816
-0.9371661
-0.9370339
-0.9372321
-0.93812186
-0.9379553
-0.9374289
-0.938213
-0.93825305
-0.9381841
-0.9387399
-0.93692803
-0.9382796
-0.9373073
-0.93847907
-0.9371607
-0.9376932
-0.9369051
-0.9376372
-0.9376436
-0.9373078
-0.9369462
-0.93733644
-0.9366109
-0.93668556
-0.936688
-0.93771464
-0.93750495
-0.9367321
-0.93806255
-0.93868804
-0.93742704
-0.93720096
-0.9381379
-0.93819547
-0.93651825
-0.93689597
-0.93719745
-0.9380466
-0.9367462
-0.93653005
-0.93710285
-0.937123
-0.9382922
-0.93688834
-0.93857795
-0.9381499
-0.9379333
-0.9375172
-0.9369429
-0.93722767
-0.9390195
-0.93808216
-0.9384172
-0.93737274
-0.93728465
-0.9374564
-0.9391025
-0.93724185
-0.93736875
-0.9376885
-0.937036
-0.93748677
-0.93846244
-0.9361513
-0.9370799
-0.9374875
-0.937559
-0.9365981
-0.9385671
-0.9371328
-0.9374823
-0.9384666
-0.9385172
-0.9378766
-0.9387804
-0.9374319
-0.9374778
-0.93692374
-0.93713254
-0.93658274
-0.93717176
-0.9383173
-0.9373606
-0.9365221
-0.9370468
-0.9375565
-0.93790555
-0.9380154
-0.9371336
-0.93744445
-0.9379042
-0.9381835
-0.93766606
-0.93741006
-0.93832064
-0.93774825
-0.9365698
-0.9374388
-0.93784183
-0.9366894
-0.93778974
-0.9377331
-0.93808836
-0.9380608
-0.9374058
-0.93701184
-0.93717873
-0.9380423
-0.9372286
-0.9377254
-0.93889964
-0.9361463
-0.9385275
-0.93748444
-0.93768126
-0.9381563
-0.937556
-0.9374514
-0.9378086
-0.93901277
-0.93692875
-0.938966
-0.9372803
-0.93857795
-0.9378335
-0.93756443
-0.9376029
-0.9390798
-0.93751204
-0.9382027
-0.937691
-0.9375494
-0.93646216
-0.93686205
-0.93900317
-0.9373941
-0.9373991
-0.9373225
-0.9385221
-0.9377287
-0.9379896
-0.9372961
-0.9386005
-0.93728685
-0.9382122
-0.9373856
-0.9376311
-0.9382327
-0.937527
-0.93843955
-0.9374325
-0.93836343
-0.93655956
-0.936877
-0.93827105
-0.93801206
-0.9376453
-0.9377857
-0.9377125
-0.93795025
-0.9374707
-0.9368879
-0.9377608
-0.9376164
-0.9371582
-0.9370524
-0.93670744
-0.9375249
-0.9378982
-0.9375991
-0.93819493
-0.93856275
-0.93821985
-0.9367109
-0.9379929
-0.9380711
-0.936986
-0.93747246
-0.9379998
-0.9376669
-0.9376683
-0.93810636
-0.9380428
-0.9377598
-0.9382907
-0.9381306
-0.93726367
-0.9378873
-0.93829215
-0.9380361
-0.93701893
-0.9380643
-0.9383016
-0.9379772
-0.93785185
-0.9375155
-0.9375496
-0.9374701
-0.9384926
-0.93755066
-0.9372587
-0.93801427
-0.93760294
-0.93874615
-0.93837106
-0.9370361
-0.93763137
-0.9373602
-0.9385881
-0.93747646
-0.93804246
-0.93857694
-0.93813264
-0.9369187
-0.9367737
-0.938041
-0.93685037
-0.9366989
-0.93688214
-0.9372757
-0.93885434
-0.93813914
-0.9371367
-0.9386386
-0.93737704
-0.93853563
-0.93703973
-0.9373163
-0.9382659
-0.9396778
-0.9374848
-0.93634015
-0.9379234
-0.9381123
-0.9374155
-0.93771464
-0.9383284
-0.93833816
-0.93651754
-0.9375854
-0.9368286
-0.9384938
-0.93860334
-0.9380212
-0.9386314
-0.93683505
-0.9377804
-0.93742687
-0.9369327
-0.9387102
-0.93790454
-0.938652
-0.9366008
-0.9384104
-0.93738073
-0.9378153
-0.9375894
-0.9371838
-0.93759346
-0.93704873
-0.9384879
-0.93813545
-0.93751043
-0.9377653
-0.93655324
-0.93778855
-0.9371553
-0.9385213
-0.9384188
-0.9382143
-0.9377716
-0.93701047
-0.9376839
-0.93769735
-0.93796265
-0.9373849
-0.9365837
-0.9379546
-0.9373428
-0.93677455
-0.93754905
-0.9379326
-0.93742245
-0.93646675
-0.9379545
-0.9380596
-0.9376036
-0.93729156
-0.93733776
-0.938099
-0.93806696
-0.93728095
-0.9376725
-0.93798006
-0.9377792
-0.9381948
-0.9372315
-0.9390782
-0.9379713
-0.9379139
-0.937975
-0.93820053
-0.93757164
-0.93690664
-0.9383385
-0.93818444
-0.9366774
-0.93889195
-0.9388967
-0.93748593
-0.9378882
-0.93683237
-0.9384362
-0.9370479
-0.9368178
-0.93846816
-0.9383122
-0.93770146
-0.9371624
-0.9379383
-0.93859684
-0.9374964
-0.9380922
-0.93764776
-0.9380831
-0.93818265
-0.9384759
-0.9377155
-0.9384923
-0.93727136
-0.9371378
-0.9384097
-0.9383637
-0.93761
-0.9371698
-0.9381009
-0.9367003
-0.9375564
-0.93720263
-0.9374973
-0.9377005
-0.9387022
-0.9387608
-0.9372911
-0.93744516
-0.9377189
-0.93751454
-0.93794996
-0.93835706
-0.9369686
-0.9374512
-0.93787825
-0.9376281
-0.9371819
-0.9372341
-0.93778914
-0.93848324
-0.93682796
-0.93819624
-0.9382141
-0.9373002
-0.9379593
-0.9385751
-0.93794805
-0.9376629
-0.9382324
-0.9377264
-0.9381497
-0.9381418
-0.93745756
-0.9368158
-0.9375622
-0.9375337
-0.9374899
-0.9373919
-0.9369325
-0.9383806
-0.9384581
-0.93846333
-0.938229
-0.939039
-0.9375222
-0.9376267
-0.93778414
-0.93755937
-0.9385074
-0.93799156
-0.9376933
-0.939267
-0.9374523
-0.93813646
-0.9380814
-0.9377447
-0.9380675
-0.936695
-0.9380717
-0.93737376
-0.93831944
-0.9372802
-0.93787795
-0.93783003
-0.93704367
-0.9372555
-0.9380525
-0.9371647
-0.93767357
-0.9368831
-0.9382653
-0.9377701
-0.9376252
-0.9374516
-0.93679976
-0.93708736
-0.93752795
-0.938793
-0.93776363
-0.93670225
-0.9358458
-0.9370454
-0.9381347
-0.93827456
-0.93825126
-0.93834466
-0.9382658
-0.93714285
-0.9382205
-0.93711954
-0.9388297
-0.9385907
-0.9378795
-0.9384862
-0.9379728
-0.9382422
-0.9383273
-0.9389224
-0.9389046
-0.93750983
-0.9378001
-0.93692285
-0.9369056
-0.9378145
-0.9377449
-0.9378468
-0.9378638
-0.9366639
-0.9373928
-0.9371171
-0.9386451
-0.9378669
-0.93765616
-0.93788147
-0.93863976
-0.9373735
-0.93802655
-0.93774027
-0.93861777
-0.9378778
-0.9372671
-0.9376314
-0.9374365
-0.9371142
-0.93624586
-0.93746895
-0.93812084
-0.93825716
-0.9375563
-0.93877435
-0.9394403
-0.9381256
-0.93767476
-0.9372387
-0.9385282
-0.93795353
-0.93726003
-0.9382539
-0.93781596
-0.9372618
-0.93880844
-0.9381358
-0.9386353
-0.9383465
-0.9387335
-0.937928
-0.93812567
-0.9375346
-0.93698335
-0.93755424
-0.9381164
-0.9376865
-0.9377101
-0.93855685
-0.9382652
-0.9381466
-0.93786883
-0.9387923
-0.9377975
-0.93840694
-0.9386986
-0.9382667
-0.93735397
-0.93745834
-0.93854904
-0.937752
-0.93711764
-0.9376063
-0.93715036
-0.93732405
-0.9381787
-0.93702924
-0.9375125
-0.93770486
-0.93855554
-0.93677384
-0.9380907
-0.93838596
-0.93904597
-0.9382338
-0.93803203
-0.93762374
-0.9382962
-0.9370181
-0.93844515
-0.93753386
-0.9380325
-0.93737674
-0.9373923
-0.9379848
-0.9381026
-0.9374874
-0.9376002
-0.9373869
-0.9374734
-0.9378964
-0.93778634
-0.9376733
-0.9377552
-0.9385041
-0.9381387
-0.9387117
-0.93808895
-0.9383148
-0.9376238
-0.93875253
-0.938621
-0.9381463
-0.9389166
-0.9378429
-0.93773854
-0.937289
-0.9379892
-0.9373904
-0.93635035
-0.9379966
-0.9378658
-0.937664
-0.93879896
-0.93724626
-0.9371659
-0.93877524
-0.9381391
-0.938459
-0.93903387
-0.93770933
-0.93721163
-0.93870336
-0.9378435
-0.9379073
-0.93652904
-0.9388548
-0.9382192
-0.9374353
-0.9378705
-0.93821734
-0.9392453
-0.9374898
-0.93724275
-0.938421
-0.93841094
-0.9380505
-0.9382273
-0.9372861
-0.9380089
-0.9381903
-0.9384658
-0.93844944
-0.93833935
-0.9379587
-0.93645775
-0.93702435
-0.9379486
-0.9375453
-0.9378691
-0.9395359
-0.9382448
-0.93798786
-0.93819344
-0.9381551
-0.9376744
-0.93874484
-0.93838805
-0.9380829
-0.93801767
-0.93827236
-0.93695617
-0.9379775
-0.9380414
-0.9378424
-0.93803436
-0.9384891
-0.9384535
-0.9385897
-0.93667316
-0.93871814
-0.93756443
-0.9378909
-0.93789494
-0.93798184
-0.93885183
-0.93729794
-0.9388786
-0.9382535
-0.93708754
-0.9373087
-0.93818897
-0.937458
-0.9379077
-0.9369415
-0.93832517
-0.93786603
-0.9381716
-0.93784815
-0.93740135
-0.93831474
-0.93790734
-0.9384619
-0.9390624
-0.93790334
-0.9387466
-0.93857306
-0.93862176
-0.9374451
-0.9374596
-0.9388477
-0.93852925
-0.93819433
-0.9374828
-0.93772453
-0.93761635
-0.93793756
-0.938212
-0.9377118
-0.93773955
-0.9378787
-0.93784153
-0.9376752
-0.937931
-0.9375994
-0.9384364
-0.9379741
-0.93890923
-0.9389163
-0.93765354
-0.9383563
-0.9379659
-0.93684584
-0.9376176
-0.9373833
-0.9374961
-0.9370682
-0.9370109
-0.938256
-0.93790865
-0.9383186
-0.93811154
-0.93801385
-0.9375724
-0.93777084
-0.9382261
-0.93838775
-0.9374923
-0.9374161
-0.93852246
-0.9373909
-0.9373988
-0.93906164
-0.9371912
-0.9377975
-0.93814325
-0.9387682
-0.9384377
-0.9381736
-0.93710905
-0.9374514
-0.9373993
-0.93895936
-0.93794507
-0.93836206
-0.93757665
-0.9373189
-0.9369856
-0.93747544
-0.9380259
-0.9381476
-0.9378684
-0.9378599
-0.93793416
-0.9380281
-0.93856025
-0.93719256
-0.93824196
-0.93817306
-0.9390916
-0.9380785
-0.937187
-0.9383563
-0.9389532
-0.93795604
-0.93810314
-0.938055
-0.93786716
-0.9379579
-0.9375335
-0.9378491
-0.9371799
-0.93771386
-0.9371203
-0.9383688
-0.93803984
-0.93895996
-0.9384739
-0.93769985
-0.93764836
-0.9367453
-0.9374966
-0.9377452
-0.938003
-0.93790835
-0.9380607
-0.9376647
-0.93742454
-0.93828106
-0.93775696
-0.9375562
-0.9386195
-0.9386106
-0.9384936
-0.9380386
-0.93816555
-0.9384991
-0.9375395
-0.9378575
-0.93821883
-0.93733287
-0.9384526
-0.9383657
-0.93787634
-0.938676
-0.9376076
-0.9374192
-0.9383103
-0.9374873
-0.93821144
-0.9366737
-0.9388166
-0.9379756
-0.9382675
-0.93799365
-0.93809634
-0.93810713
-0.9366312
-0.9383303
-0.937826
-0.93817693
-0.9390459
-0.9373109
-0.93819267
-0.9382464
-0.93814224
-0.93882215
-0.9369561
-0.9394993
-0.9381759
-0.9373282
-0.9385265
-0.93867135
-0.9382119
-0.9384208
-0.93831503
-0.9386255
-0.9378107
-0.9384538
-0.9377467
-0.9367069
-0.93703634
-0.9382208
-0.9377407
-0.9386483
-0.93751466
-0.93732786
-0.9372467
-0.9375828
-0.9382618
-0.93817437
-0.93722874
-0.9373392
-0.9385442
-0.9377953
-0.9388151
-0.93864316
-0.9382295
-0.9379507
-0.93792033
-0.93841165
-0.93812287
-0.93891555
-0.93830055
-0.9383126
-0.93785375
-0.9374114
-0.93849146
-0.93875796
-0.93872154
-0.9380662
-0.9375015
-0.9384167
-0.9375682
-0.9377082
-0.9376237
-0.9380807
-0.9378491
-0.9379173
-0.93760943
-0.9385687
-0.93829715
-0.93822384
-0.93756497
-0.93743545
-0.9383554
-0.9377213
-0.9372355
-0.93677837
-0.9383204
-0.93827015
-0.937283
-0.9381912
-0.93814
-0.9377545
-0.93795896
-0.93747085
-0.9378193
-0.9373786
-0.9378406
-0.9391046
-0.93840104
-0.9385958
-0.9380377
-0.9376973
-0.9378965
-0.9381091
-0.93761617
-0.93865174
-0.9374059
-0.93790376
-0.93816453
-0.9375764
-0.938285
-0.9386067
-0.93714726
-0.9379297
-0.93786496
-0.93886673
-0.9373132
-0.9388034
-0.9394907
-0.9382506
-0.93759763
-0.9368133
-0.93861395
-0.93828374
-0.9371912
-0.93806684
-0.9384544
-0.9387453
-0.9378876
-0.93713486
-0.93891233
-0.9392363
-0.93729055
-0.9374625
-0.93802196
-0.9378574
-0.9380183
-0.93828785
-0.93757105
-0.9386911
-0.93843263
-0.9372359
-0.93771535
-0.93794173
-0.9384072
-0.9382027
-0.9384462
-0.93768585
-0.9375761
-0.9386212
-0.9382483
-0.93831605
-0.9375907
-0.9375179
-0.9372377
-0.9375591
-0.93765306
-0.9382171
-0.9386088
-0.9380911
-0.93798804
-0.938626
-0.9381648
-0.9365065
-0.9378336
-0.9378134
-0.9374381
-0.9373007
-0.9383321
-0.93763274
-0.93826485
-0.9383336
-0.93841517
-0.9391992
-0.9372403
-0.9373042
-0.9386491
-0.93773234
-0.93785334
-0.93797106
-0.93741554
-0.93771154
-0.93756604
-0.93775254
-0.9382613
-0.9390569
-0.93955505
-0.9385694
-0.93771976
-0.93819726
-0.9388982
-0.9392641
-0.9376923
-0.9381444
-0.937892
-0.9384079
-0.9370753
-0.9375234
-0.93828005
-0.9381309
-0.93833286
-0.93829817
-0.9370631
-0.93816835
-0.93840593
-0.9391191
-0.9365204
-0.93746257
-0.9379529
-0.9374179
-0.9383812
-0.93871516
-0.9371567
-0.93830335
-0.9386631
-0.9393995
-0.9381902
-0.93824273
-0.9382202
-0.9382436
-0.93855494
-0.9384473
-0.9380096
-0.9380198
-0.9376267
-0.93700117
-0.93750846
-0.93753964
-0.9380863
-0.93730843
-0.9375044
-0.93867034
-0.93777317
-0.9385848
-0.93692964
-0.9375114
-0.9371993
-0.9385157
-0.93869376
-0.93766624
-0.93823206
-0.9386032
-0.9379327
-0.9374735
-0.9380453
-0.93836033
-0.9382295
-0.9381725
-0.9373196
-0.93705046
-0.93815315
-0.9386699
-0.9372304
-0.93802667
-0.93769073
-0.9381706
-0.9382091
-0.9387203
-0.9377456
-0.93846947
-0.93870497
-0.9378687
-0.9377431
-0.93785846
-0.93694043
-0.93894875
-0.93774825
-0.9376738
-0.937371
-0.93780816
-0.9373174
-0.9382248
-0.9387185
-0.9390355
-0.93678045
-0.93799084
-0.93780804
-0.93858284
-0.9379047
-0.9377496
-0.93725926
-0.9371815
-0.9376972
-0.9382592
-0.93711936
-0.9384578
-0.9381079
-0.93864775
-0.93772817
-0.93779194
-0.9380565
-0.938259
-0.93885386
-0.9386446
-0.9386942
-0.93798786
-0.9374975
-0.9375295
-0.9376533
-0.93820804
-0.93924314
-0.93860656
-0.93864113
-0.9381518
-0.9379428
-0.93734974
-0.93781465
-0.93795204
-0.9381318
-0.93981725
-0.9384632
-0.93733126
-0.9375381
-0.9385492
-0.9379095
-0.9376012
-0.93687195
-0.9380214
-0.9376291
-0.9380845
-0.9378781
-0.9380192
-0.9372825
-0.937525
-0.9386788
-0.9381628
-0.9381434
-0.93785155
-0.93784094
-0.93895924
-0.9382381
-0.9374455
-0.93812424
-0.93855524
-0.9384821
-0.9376455
-0.93749
-0.9375614
-0.9382275
-0.93819827
-0.9378394
-0.9386983
-0.93751425
-0.93794787
-0.938655
-0.9372841
-0.9380806
-0.93861276
-0.93804085
-0.9381562
-0.93821836
-0.9377476
-0.9367717
-0.9386903
-0.9381431
-0.9374416
-0.937976
-0.9388528
-0.9376277
-0.93859833
-0.9379453
-0.9376171
-0.9379238
-0.9389928
-0.93706435
-0.93767816
-0.93882823
-0.93771315
-0.937132
-0.9373525
-0.93890834
-0.93788016
-0.9374248
-0.93872994
-0.9386182
-0.9385146
-0.93836737
-0.9371923
-0.9383264
-0.9376217
-0.93822277
-0.93779063
-0.93720084
-0.93879545
-0.9375882
-0.9400241
-0.9381949
-0.9367333
-0.9382545
-0.9376901
-0.9372898
-0.9386642
-0.93796
-0.93781173
-0.9385931
-0.9380288
-0.9371822
-0.93805057
-0.9388333
-0.93843603
-0.93791634
-0.938511
-0.9380189
-0.9391278
-0.93709964
-0.9385791
-0.9382932
-0.93797886
-0.9386971
-0.9383595
-0.9383718
-0.9377447
-0.937691
-0.93848634
-0.93872
-0.9383462
-0.9375618
-0.93694687
-0.9381996
-0.93782216
-0.93894786
-0.93744814
-0.9381012
-0.9388916
-0.93756664
-0.9377329
-0.93813545
-0.93766564
-0.9380183
-0.93788636
-0.9370385
-0.9373939
-0.93761665
-0.93750596
-0.9389246
-0.9371327
-0.93745047
-0.9387272
-0.93893254
-0.93854403
-0.93715596
-0.9381152
-0.93807864
-0.9375764
-0.9384122
-0.9384922
-0.9378176
-0.9382978
-0.93814486
-0.9384586
-0.93737024
-0.9389801
-0.9379201
-0.93809104
-0.93841916
-0.93922895
-0.9378978
-0.9386398
-0.9384907
-0.9380837
-0.93788517
-0.9383653
-0.93883693
-0.93755126
-0.9396701
-0.93742293
-0.9382088
-0.93877494
-0.9378641
-0.93760955
-0.9382727
-0.9374212
-0.93884015
-0.93772584
-0.9376687
-0.93768513
-0.93779075
-0.9376029
-0.9381127
-0.9380493
-0.9372841
-0.9390304
-0.9372586
-0.93718493
-0.9385568
-0.93851054
-0.93812346
-0.9374288
-0.9371436
-0.93786645
-0.93802625
-0.93880165
-0.9382539
-0.9376544
-0.93896574
-0.9376859
-0.93858325
-0.93872124
-0.9383835
-0.93838584
-0.93771034
-0.9378322
-0.93761104
-0.9384228
-0.93786985
-0.9378837
-0.93867815
-0.93783575
-0.9383941
-0.9377151
-0.9377072
-0.9373591
-0.9375093
-0.9376792
-0.93725514
-0.93887144
-0.93801975
-0.9381921
-0.93866456
-0.93776256
-0.937583
-0.9384495
-0.9367825
-0.9380998
-0.938192
-0.93823445
-0.9390227
-0.9383013
-0.93851817
-0.93803865
-0.9380248
-0.9381904
-0.9372332
-0.9392113
-0.93842304
-0.9383775
-0.9382538
-0.93740046
-0.9377191
-0.93727916
-0.93699735
-0.93877697
-0.93825316
-0.9378286
-0.9377173
-0.93713045
-0.93889874
-0.93731105
-0.9376858
-0.9377918
-0.9380309
-0.9383689
-0.9381098
-0.93777126
-0.9374745
-0.9383789
-0.9380449
-0.938367
-0.93794775
-0.93765444
-0.9371454
-0.9381614
-0.9395056
-0.93785906
-0.93804944
-0.9389533
-0.93859303
-0.93813276
-0.9380321
-0.9365865
-0.93845075
-0.9374487
-0.93799543
-0.9386753
-0.93838453
-0.9386894
-0.93852353
-0.9382514
-0.9373627
-0.938083
-0.93840605
-0.938043
-0.93740344
-0.93796116
-0.93782717
-0.9375437
-0.93817645
-0.93810624
-0.9382549
-0.9375393
-0.9384243
-0.9370015
-0.93798894
-0.93880856
-0.93927294
-0.93766296
-0.93845254
-0.93809265
-0.9384777
-0.93674165
-0.93769383
-0.93796206
-0.9382782
-0.9373369
-0.93906856
-0.93828315
-0.93879396
-0.93827754
-0.9375662
-0.93849164
-0.9380804
-0.93727005
-0.93819064
-0.93729043
-0.93762326
-0.93875986
-0.93890226
-0.93737334
-0.9374771
-0.93790996
-0.9376497
-0.93799543
-0.93840086
-0.93881035
-0.9368777
-0.9395959
-0.9381486
-0.9381579
-0.9377961
-0.938668
-0.9386364
-0.93837357
-0.93805677
-0.9384381
-0.9367832
-0.9377436
-0.93824315
-0.9387972
-0.93797845
-0.93888605
-0.93856454
-0.9381596
-0.9376039
-0.9385357
-0.9373673
-0.9381958
-0.93787706
-0.9383813
-0.9380266
-0.93792987
-0.9376892
-0.93752426
-0.9380311
-0.9373067
-0.9375219
-0.9374606
-0.93757844
-0.9375924
-0.938903
-0.9377493
-0.93652445
-0.9392718
-0.93793195
-0.9374413
-0.93714976
-0.9385182
-0.9383139
-0.9381166
-0.93835694
-0.9377956
-0.9384822
-0.9377306
-0.9385259
-0.93777466
-0.937482
-0.938718
-0.93817747
-0.93813324
-0.9376686
-0.93763304
-0.9378874
-0.93822306
-0.9376698
-0.9386656
-0.9382419
-0.93795806
-0.93825597
-0.9392884
-0.93839175
-0.93828833
-0.93790895
-0.93739235
-0.9380702
-0.9375529
-0.93804663
-0.93888617
-0.9376052
-0.9367538
-0.93871844
-0.93811184
-0.9381937
-0.9391359
-0.93749493
-0.93897396
-0.9381802
-0.9374109
-0.9367622
-0.9377316
-0.93959767
-0.93810594
-0.93834305
-0.93830436
-0.9383755
-0.9374986
-0.9381282
-0.9363514
-0.9375328
-0.938442
-0.9390698
-0.9379889
-0.93811834
-0.93732303
-0.9377486
-0.93722093
-0.9379479
-0.93705726
-0.93727887
-0.93891656
-0.9381897
-0.93741626
-0.9371566
-0.93787295
-0.93793935
-0.9388482
-0.9374859
-0.9372947
-0.93765813
-0.9374061
-0.9380534
-0.93801343
-0.93716085
-0.9385728
-0.93785423
-0.9374517
-0.9375984
-0.93812007
-0.9375127
-0.9380119
-0.9380724
-0.93862736
-0.93797666
-0.9377544
-0.93884057
-0.9384463
-0.9374002
-0.93870366
-0.9383601
-0.93709564
-0.9383283
-0.9383246
-0.9385015
-0.9370684
-0.93786955
-0.93771875
-0.9383572
-0.93888843
-0.9384378
-0.9398043
-0.9388521
-0.93810546
-0.9384697
-0.9382043
-0.938205
-0.93821424
-0.9377887
-0.9390343
-0.93849736
-0.9385297
-0.93808264
-0.9379562
-0.9378569
-0.9392632
-0.93817914
-0.9382948
-0.9394128
-0.9387708
-0.9377369
-0.9377495
-0.93858814
-0.938087
-0.93902034
-0.9385481
-0.93790585
-0.9373121
-0.93944156
-0.93739665
-0.9384084
-0.9383945
-0.9384812
-0.93791175
-0.9379151
-0.93882704
-0.93853545
-0.938622
-0.9380189
-0.9381641
-0.9382026
-0.93779904
-0.93722135
-0.937966
-0.93812996
-0.93934554
-0.93782055
-0.93886495
-0.9383334
-0.93829864
-0.93774444
-0.9385918
-0.9373275
-0.9379373
-0.937535
-0.93803835
-0.9384039
-0.93834573
-0.9381203
-0.9377894
-0.9373011
-0.93738884
-0.93791246
-0.937974
-0.9386625
-0.9379086
-0.93750644
-0.9381727
-0.9392281
-0.93769264
-0.9373937
-0.9383512
-0.9394983
-0.93794787
-0.93883324
-0.9379474
-0.9385446
-0.93829346
-0.93856823
-0.93844014
-0.93750066
-0.9376749
-0.93954694
-0.9391858
-0.93805003
-0.93744695
-0.93766123
-0.93839693
-0.9374263
-0.93813497
-0.9378278
-0.9384386
-0.93791413
-0.93888855
-0.9374262
-0.9377894
-0.93770504
-0.93753487
-0.9389441
-0.9382331
-0.93861806
-0.9380068
-0.9374079
-0.9369977
-0.9374308
-0.9381065
-0.93840283
-0.9381589
-0.93847954
-0.9373384
-0.9376934
-0.9381145
-0.9380632
-0.93729275
-0.93832755
-0.93772674
-0.9384886
-0.9391755
-0.93825644
-0.93827057
-0.9389705
-0.9382302
-0.9382238
-0.93800557
