0.38203945739654893
0.43836187679644617
0.2530211205134089
0.18678586390415627
0.09822852595712636
0.1472409142409005
0.3225157650445131
0.501997580892385
1.5864271056342065
0.637247593839906
0.07269319118039842
0.3180158357626531
0.350360498222093
0.5375764737012324
0.16939934069564058
0.30738451214345547
0.2347142535567626
0.37554024749986353
0.6052579625867168
0.47378947384399034
1.1380447462130983
2.1931919480090096
4.288757894829086
0.5387801680292054
0.5796725557930775
0.2273084301399845
0.5048726423859301
0.4035679084902824
0.3080770635813955
0.39276959452452376
0.4770884215595302
0.12608354708500083
0.15874050068783568
0.34286212945222594
0.3049960651448323
0.38294118296915386
0.17654029064874843
0.5808088826690132
1.5734198024606834
4.186280108581707
0.4402303388822298
0.22086042653881172
0.1603406120498835
0.23852085456030353
0.13637237630011248
0.3412545165800307
0.10169782180164526
0.29704477344612296
0.3361231658341529
0.17819953118174517
0.11296733192405439
0.41266090799041577
0.18965648763813245
0.5092621395558452
0.8673462287075715
0.34452206671233404
0.7240088287791854
2.2028102245982817
5.201559257228817
0.10226284781858917
0.15676868109213835
0.3459042612947584
0.17602971804410014
0.2774001611204638
0.27855576526749143
0.4499325143726762
0.11685604038382737
0.37591075185767897
0.07045959893083496
0.5117351107751407
0.2105967830994975
0.21225984541048556
0.33620812654938853
0.3009289889263808
0.43971711323825097
0.48698676288283815
0.4726236427457072
1.1459865023753943
2.8257550934576408
6.293260491301645
0.22605686527680163
0.10639736575191648
0.31631052437132245
0.32104314338504314
0.2159075309545413
0.12367058643656688
0.36837020716687974
0.3525635509240663
0.23312825749602825
0.11287018583040037
0.12495502870259655
0.15457082387262555
0.3512347447328729
0.06288968619515864
0.23054756143811084
0.2612891528810861
0.39110619543421055
0.5737889714384284
0.3412628584566069
0.30833720882498844
1.0479250966359217
3.4280720740179844
7.285965972627202
0.10007464835584891
0.28772957396407806
0.4203830616588379
0.12946443013202905
0.4126782470506847
0.24121872968573357
0.13030176119225498
0.07269720125707699
0.022376626119480308
0.26392131993710544
0.2368495425234399
0.46004135173789856
0.48628932910028605
0.2635571344573813
0.44635921130854056
0.30429966023163124
0.27352307588401853
0.6072616749722988
0.21328640481628852
0.4131725583275537
0.17187244515687336
1.2815146880896626
3.879368878887418
8.766413212953287
0.1460788126505708
0.3408791129611557
0.17186897334170914
0.025763405941051785
0.4166685061060192
0.22136026734180755
0.4379714181080274
0.3746747428516987
0.16270430159716373
0.24312651461487622
0.2806597653288973
0.46012137400087055
0.24672596667991917
0.3861641101429283
0.3469468906666074
0.1625542672183385
0.12925199303566975
0.24844388276353965
0.3656949678716876
0.1922010027553094
0.47725605383529407
0.5065581792167348
0.20783689768959054
1.4600564146059494
4.9668391036065564
0.04437927778081866
0.15938802199332164
0.19750417878357154
0.06327953386380954
0.2686926629144674
0.05031357085626131
0.171972665447359
0.25696573159194214
0.2545818520291409
0.12620009232407667
0.20569432931802575
0.3335217472748844
0.21327597997477293
0.11528662623459826
0.2649983967394291
0.6282877438339594
1.223823253191562
0.8092209989265539
0.1811207094937411
0.13946751800739507
0.06848922435945333
0.21996149720239866
0.2625712871931147
0.42738250678973594
1.8646186274719534
5.366241517241872
0.10486948470643068
0.11586570227265577
0.28137307597324973
0.0830700781601509
0.43457836189921445
0.4033641014802905
0.5173932074741739
0.2856619589372738
0.3832795876420542
0.31327136470729544
0.4036825826254119
0.5882728429059826
0.3258029797720299
0.3655660338909315
0.13371858322018113
0.29185739699220214
0.2281908866763376
0.7561058085336005
0.5588815366447463
0.5158003158799994
0.25303670297200026
0.4873630805433015
0.34984502635474124
0.16345255942194406
0.1898800276268776
0.5452234058983216
2.2392950096768414
0.27117676139463615
0.21964610731597306
0.17747440022052835
0.5629204208490544
0.25970233894500866
0.28502387984707767
0.1383685405429685
0.18373242261528425
0.1742660344969776
0.37033235921563656
0.5468932406577278
0.5855652710661304
0.2040814736712514
0.3439987802025353
0.25979771177932853
0.23863513792023558
0.3348676663145311
0.4070307298518523
0.5398232708288866
0.16232293811716203
0.21351670507329826
0.8178491623830768
0.4227875558938823
0.28957312449832506
0.05409023430376886
0.1492274874983194
0.5125778513578816
0.466430699691578
0.40256621547585975
0.4132744468550799
0.2501862462889425
0.2421421343302235
0.10639006267439108
0.31372854668617095
0.19340219109278745
0.07747936530680236
0.2643036595025782
0.4540291562291343
0.3686917305325589
0.057412413899855824
0.5138225169029352
0.22783642303699114
0.3919193378558687
0.25894346434483645
0.34681035721196896
0.036666060284261295
0.35270615445667053
0.49386609687223815
0.4563403190469274
0.04112687963080654
0.10592222676131746
0.7467411328906324
0.3830040046620783
0.5264192320593034
0.05546002109196846
0.7235356816340426
0.4172803729815884
0.18430853895610427
0.17383506280175845
0.29227687240604167
0.34698958234905986
0.4536217835590189
0.36679116998433636
0.2702114095065315
0.14786007491032524
0.21710241101251201
0.08276699284765282
0.3966727648040446
0.2235610493013456
0.21556964204702028
0.4345897503938923
0.08836768233260633
0.19449138684510855
0.17798384439980966
0.5959364570168848
0.14568018560016505
0.2615238197795622
0.18011625764456418
0.2781518971220718
0.11546988117107708
0.6992821026075874
0.26464719622279015
0.2589704593605191
0.5043295491011672
0.3622068951931557
0.09230891514984782
0.19046446578212944
0.29878990794371496
0.16409533676809412
0.4985942532197938
0.4980055304638959
0.5521745188891338
0.2799014538983363
0.28165266198311606
0.1912669994098456
0.5520491384447265
0.5915916111023583
0.2708638139437781
0.413068685214928
0.45761610899774885
0.04009628293074345
0.40920637321476605
0.5413926543300513
0.22838807354648014
0.09209909665970017
0.1138096621980408
0.32211490387543235
0.398216100119422
0.12913821898510058
0.18641471402921098
0.24872527170152758
0.3608652287969831
0.23289536615534168
0.10920448382571554
0.5296075156751189
1.0952678809910377
0.5423045249219657
0.6404186810086628
0.3671801386089821
0.2617472327653201
0.487904639990713
0.46351070177834763
0.2157522733345169
0.3588079311182524
0.3025867450326254
0.6037992592363992
0.1982446008365957
0.1952255772942052
0.024479882153018186
0.3260419758867152
0.4353314044905899
0.23346448889306826
0.2688080656326262
0.1691060156867574
0.23489963117202586
0.354364710079257
0.17691958594270168
0.2929601485033724
0.09827891895050463
0.32974529076258824
0.25203539914244794
0.30369642080674936
0.5626228009273402
1.047751195438286
0.33856560302291216
0.8154416683291983
0.8973318033739041
0.5269375843271299
0.5700533247465625
0.2635620539065411
0.5156526605292363
0.4184300837910818
0.5796200788766763
0.3194749122760302
0.342093590465449
0.3006262642939447
0.281926380423732
0.22789208524122154
0.1464591672722607
0.32569766110720577
0.5952727882853721
0.2594528346491446
0.3906163193785321
0.3399132638401968
0.22201526863884075
0.3730239357091276
0.13131851682723936
0.32864912908720534
0.4684586773255649
0.3330497707027721
0.4542791049034794
0.4933734633683694
0.5353363582317087
0.7058665573463527
0.42528674932862176
0.16700380707082163
0.38488524785345846
0.20757939340746126
0.22929670594106832
0.3002461179899464
0.2796178578125618
0.07732496657584888
0.26387262402001044
0.19358837664914103
0.179126946798712
0.18448877884307788
0.6542442224546999
0.6914168015186002
0.5618182658062973
0.38978180635812887
0.34587804690825014
0.07102943293981075
0.5265557165374417
0.39565304099717474
0.14217673752334906
0.16695177029132635
0.02957225605435999
0.14314970387284762
0.3344048205190201
0.8608373666490187
0.988207077216728
0.5273253007579577
0.3615742329863458
0.45400986017530515
0.6278037125543705
0.7754942027929792
0.303582551571244
0.955181709885003
0.6037872559891196
0.22849014350015684
0.30599021753012307
0.28916867894354104
0.07108766779184905
0.5049890734792891
0.5673229844632883
0.4960850415442249
0.021450107842859518
0.22907545655303382
0.11731010173707625
0.2580528925422754
0.05773389127260556
0.34074176084490415
0.21060482327739422
0.20886268915111125
0.06737163827618768
0.3426810700878572
0.40063851018468905
1.203019952281378
0.4165825889084668
0.22380916068797524
0.6312513192154509
0.42202665438544607
0.5438728013336994
0.5304345413800672
0.5029318683490367
0.2811760964043979
0.38117781881917223
0.03168903068533273
0.15187885711812824
0.6439760600058898
0.4942590082743093
1.124138888712654
0.29166580028795625
0.18096983763547392
0.2009226180848694
0.06703337540570865
0.05632289040370352
0.25710595036159684
0.35899856480309905
0.1288309249039111
0.18232719669099315
0.6395577636806682
0.519958887189276
0.41523829418868025
0.6773183702591447
0.19084063622658
0.3068000624517993
0.11100909004204651
0.3590175348258793
0.1712455586416344
0.23283407367702869
0.46910226785552245
0.41058469870341924
0.30412828163926753
0.3769918971595966
0.050068907112873685
0.7650764903167273
0.3618623439444313
0.3961386708743939
0.24693993561853908
0.2235474857070719
0.23986883054043306
0.2825252168318672
0.22302840732936208
0.5195837014508463
0.3684592149808501
0.6535334469847127
0.19548246124540958
0.28430517300845953
0.5160294761983202
0.343577050293635
0.3254861361198677
0.46575078590747027
0.2986184909637525
0.21963828976581976
0.3165311758527436
0.9484776720665531
0.38569005865089817
0.4377979932103223
0.8074181204501164
2.3604227236172957
0.26416768212717023
0.3309740790851796
0.3456573243466014
0.1524759588542853
0.47768780298663144
0.20250197481832832
0.08528488621043215
0.412266687132352
0.3290733601827667
0.14950729511064953
0.2555906448834856
0.03136974270896163
0.2116991350032795
0.6188484815061476
0.3465564569759695
0.3834939617368277
0.2980585161182787
0.43219419725105673
0.8339673236953747
1.3336945427472364
1.8529902685894521
2.219565188142673
3.3635567702022953
0.255968638211982
0.43486134754924144
0.36975780746005243
0.22930700483716657
0.30078464381324577
0.19581171838926334
0.2853169338200418
0.6007281948581186
0.7461632318082343
0.39994858747081513
0.45608589087999724
0.13724578462249315
0.32851136759848226
0.373510318035721
0.05563259816602349
0.13960575910262332
0.292065377853986
0.5609521711919233
1.7564259122128023
3.7834510686078624
5.430802454468814
0.06168327444958431
0.38460285487974105
0.32357236845244747
0.3149559205356791
0.15936386766447833
0.2742298329994509
0.6324050643389078
0.6276178864652828
0.27652384558199
0.32263538706022915
0.316754760466777
0.3916212925997676
0.141233454410985
0.34230126580416637
0.2875908708315501
0.09061104700299791
0.6897070404281663
3.1747092048262893
5.996518647581592
0.13280809003602276
0.3924476266601879
0.3130343833010398
0.2600616708037695
0.16329907128007512
0.2671204770782454
0.030585875424479346
0.4333505449268154
0.34998494416825293
0.09069881264443007
0.13029125016103452
0.1642918295138075
0.6268122764960902
0.4737292095796168
0.5536409707734383
2.402585763022741
5.33278229651653
0.4376149476175324
0.4218071221835032
0.24470597047353226
0.23021779572201212
0.1528671011063538
0.41573473149825635
0.18771147180408082
0.2965180828952236
0.22341268665758038
0.5302717281081228
0.4675449047859203
1.2662292831285975
3.3195859826077596
0.39413987260450045
0.18521404426723767
0.30521191392592895
0.6089188993501211
0.24538850329936723
0.2099141760796339
0.04290893687433812
0.11176736275915417
1.7859131296095747
