Early stopping triggered at epoch 2187
-0.46758276
-0.4925652
-0.49060994
-0.51352125
-0.5144246
-0.5358982
-0.52476925
-0.53628683
-0.5590165
-0.54940295
-0.56491727
-0.5693983
-0.57998425
-0.56562394
-0.585601
-0.59457403
-0.60117173
-0.6071759
-0.61324054
-0.6114837
-0.62508
-0.6324297
-0.6300528
-0.6626867
-0.648102
-0.66281164
-0.66651666
-0.67103654
-0.6768222
-0.6864867
-0.68611306
-0.69445556
-0.682039
-0.7007848
-0.69702315
-0.707212
-0.7079975
-0.70174855
-0.7091064
-0.7200184
-0.71334076
-0.73019916
-0.73057467
-0.73032564
-0.73728436
-0.743686
-0.7426173
-0.7474222
-0.74587816
-0.75296605
-0.7533532
-0.758458
-0.7654698
-0.7664226
-0.77514493
-0.76911134
-0.7705821
-0.7770268
-0.7798465
-0.78798825
-0.7861462
-0.789865
-0.7886369
-0.7952624
-0.8007432
-0.7971731
-0.7980448
-0.79890925
-0.801166
-0.81061816
-0.803375
-0.8055594
-0.8105559
-0.807965
-0.8057605
-0.8133709
-0.8138259
-0.8163939
-0.8132085
-0.8161694
-0.8200829
-0.8169786
-0.8170707
-0.8175775
-0.8179838
-0.81433064
-0.815979
-0.81966895
-0.81750584
-0.81802046
-0.82131284
-0.82400477
-0.8224232
-0.8177159
-0.8236453
-0.81996083
-0.8206288
-0.81957495
-0.82231164
-0.83038133
-0.8282035
-0.8225626
-0.8246119
-0.82762134
-0.8275629
-0.82969904
-0.8235507
-0.82431465
-0.8231666
-0.8280115
-0.8343653
-0.8278627
-0.82192576
-0.8264317
-0.8283
-0.83290964
-0.8252576
-0.82668614
-0.8301692
-0.83182836
-0.841396
-0.8318623
-0.8338016
-0.83527684
-0.835654
-0.83082443
-0.82553
-0.8295473
-0.83037066
-0.83446443
-0.83328545
-0.82914585
-0.8355216
-0.8386088
-0.8375854
-0.8343862
-0.84526724
-0.83506656
-0.83951414
-0.8412687
-0.8376112
-0.8361355
-0.8393172
-0.8372165
-0.84292305
-0.8410279
-0.8434971
-0.84337586
-0.8452631
-0.83857244
-0.84752524
-0.83890015
-0.83859086
-0.84999806
-0.8438229
-0.84050506
-0.8442187
-0.84432167
-0.83881897
-0.8430646
-0.84486616
-0.8475213
-0.8500405
-0.8494751
-0.84197474
-0.8466666
-0.84335077
-0.8524324
-0.8502436
-0.8548142
-0.8504273
-0.8563166
-0.8520555
-0.8545183
-0.8496533
-0.85285187
-0.8473265
-0.85420245
-0.8471846
-0.8517361
-0.8546916
-0.8580116
-0.85119253
-0.8566745
-0.8565777
-0.8497055
-0.85396135
-0.8491907
-0.85397136
-0.8556932
-0.8579495
-0.85666007
-0.8563512
-0.8606346
-0.8555143
-0.85709244
-0.85772973
-0.8574168
-0.8580271
-0.8586428
-0.85660255
-0.8600232
-0.86421835
-0.85605145
-0.85906905
-0.8629873
-0.8611732
-0.86372185
-0.8636819
-0.862523
-0.8624791
-0.8618438
-0.86387914
-0.86128104
-0.8643227
-0.8650605
-0.8606554
-0.865554
-0.86818177
-0.8656432
-0.866395
-0.8701299
-0.86690915
-0.86673605
-0.85847306
-0.8651285
-0.8638369
-0.86520964
-0.86937314
-0.8653657
-0.86808604
-0.8644196
-0.8706898
-0.8712381
-0.87114596
-0.8671589
-0.8684087
-0.8741538
-0.8717538
-0.8724764
-0.87582165
-0.87577164
-0.8760631
-0.8725035
-0.8738878
-0.87231743
-0.8768038
-0.8730126
-0.87260556
-0.87829524
-0.8779408
-0.87791944
-0.87577266
-0.88077986
-0.8820375
-0.8769993
-0.88257825
-0.87686735
-0.8837333
-0.8762576
-0.88281035
-0.8835698
-0.88240975
-0.8875956
-0.88531035
-0.8851826
-0.88434035
-0.8862261
-0.882622
-0.8876542
-0.88326085
-0.8846259
-0.88483214
-0.8910612
-0.88568455
-0.88999724
-0.8864792
-0.88856864
-0.8880199
-0.8925733
-0.88923323
-0.8883134
-0.8898765
-0.8933897
-0.89299345
-0.89354247
-0.8919573
-0.8942209
-0.8913264
-0.8927857
-0.89381194
-0.8961696
-0.8919072
-0.89470756
-0.89664763
-0.89568824
-0.89641595
-0.8994913
-0.8979612
-0.898383
-0.89792764
-0.8994549
-0.8986071
-0.90056753
-0.8999311
-0.89640045
-0.90523255
-0.90148306
-0.90178263
-0.9010939
-0.9026053
-0.90375876
-0.9073434
-0.903253
-0.9053842
-0.90697014
-0.90523326
-0.9069391
-0.90766996
-0.9070762
-0.90902835
-0.90846103
-0.91396725
-0.9088529
-0.9097429
-0.91142094
-0.9097518
-0.9096449
-0.9120417
-0.90927476
-0.91085577
-0.9128116
-0.9146156
-0.91588914
-0.9126733
-0.91606003
-0.91614306
-0.909828
-0.91740245
-0.91805524
-0.91833067
-0.91738045
-0.92008597
-0.9214912
-0.9177472
-0.91751534
-0.9187451
-0.9133023
-0.921649
-0.9226969
-0.9218098
-0.9212076
-0.9226734
-0.92197716
-0.92255527
-0.9239743
-0.9255197
-0.9221217
-0.92507
-0.925103
-0.9261597
-0.9269949
-0.9285784
-0.9249459
-0.9252648
-0.9248166
-0.9270909
-0.92495024
-0.9308174
-0.9286113
-0.9271278
-0.92652
-0.93081594
-0.9272356
-0.93337595
-0.9329172
-0.9317626
-0.9329599
-0.9315154
-0.9355568
-0.93603605
-0.934755
-0.93529916
-0.93633276
-0.93482846
-0.9364823
-0.9360927
-0.93414855
-0.93656373
-0.93883675
-0.93692064
-0.93670374
-0.9369264
-0.9396465
-0.9378138
-0.9382838
-0.93779075
-0.93963444
-0.94021225
-0.9388666
-0.942539
-0.9412188
-0.93971807
-0.9414085
-0.94062626
-0.94424146
-0.9402795
-0.9461689
-0.94356316
-0.94377
-0.94263864
-0.9435273
-0.9457224
-0.9438534
-0.94616604
-0.94584423
-0.9446986
-0.9451218
-0.9480249
-0.9482961
-0.94880754
-0.9488919
-0.95022756
-0.94776857
-0.949235
-0.94709635
-0.94818217
-0.95019233
-0.9485222
-0.94933426
-0.94850135
-0.95188874
-0.9484072
-0.95116556
-0.9520874
-0.9523065
-0.95124453
-0.9528701
-0.9533181
-0.9527819
-0.95274717
-0.95396507
-0.95554155
-0.9551321
-0.95513535
-0.95542425
-0.9555092
-0.956202
-0.95576835
-0.9569437
-0.956148
-0.9577812
-0.9575755
-0.95805234
-0.9580435
-0.9577249
-0.9578349
-0.95700455
-0.9569785
-0.9576667
-0.96034694
-0.9581484
-0.9616182
-0.96080244
-0.96150035
-0.9613329
-0.961355
-0.9603975
-0.96201134
-0.96286345
-0.96161777
-0.9622045
-0.96269435
-0.9623846
-0.96270984
-0.96352565
-0.9633904
-0.96441376
-0.9631552
-0.96468735
-0.965196
-0.96416175
-0.9647955
-0.96433383
-0.9662893
-0.9658312
-0.9664082
-0.9643627
-0.9671127
-0.9665749
-0.96551245
-0.96720517
-0.96637905
-0.96685284
-0.9671694
-0.96749145
-0.9682404
-0.96905607
-0.9684619
-0.96797425
-0.96875983
-0.9683425
-0.9691063
-0.9698406
-0.96944845
-0.9685146
-0.9680367
-0.9699895
-0.9697427
-0.97102314
-0.9705035
-0.96984905
-0.96998674
-0.9701311
-0.97024864
-0.97093874
-0.9708885
-0.9716463
-0.97221607
-0.9719436
-0.972844
-0.9720686
-0.97273636
-0.9718742
-0.9719327
-0.97254795
-0.9739316
-0.9731438
-0.9744161
-0.9736847
-0.9736498
-0.9728934
-0.974455
-0.97460693
-0.97362053
-0.97397345
-0.97401005
-0.9745788
-0.9740917
-0.9745406
-0.97504485
-0.9748427
-0.9759209
-0.97518533
-0.9751495
-0.9752086
-0.97605586
-0.9750214
-0.9763405
-0.9758207
-0.97656715
-0.9764033
-0.97582865
-0.9762306
-0.9756116
-0.9769269
-0.9759993
-0.97687423
-0.9769915
-0.97669065
-0.97690094
-0.9771793
-0.97859126
-0.9779062
-0.9769909
-0.9778242
-0.97733027
-0.97793424
-0.9785378
-0.97684044
-0.9780229
-0.9778426
-0.97823876
-0.97818804
-0.9779688
-0.9790724
-0.98002094
-0.97971004
-0.97853905
-0.9790082
-0.9786617
-0.9801364
-0.9795164
-0.98003876
-0.9796381
-0.9800607
-0.9802509
-0.98026496
-0.9801099
-0.98033506
-0.98086846
-0.9811786
-0.9798244
-0.98077786
-0.9809332
-0.98095167
-0.98153424
-0.9806534
-0.980448
-0.9813476
-0.98190206
-0.9826168
-0.9826554
-0.9824865
-0.98079836
-0.9811025
-0.98148686
-0.98222315
-0.9824928
-0.9823904
-0.9819406
-0.9819436
-0.9819982
-0.9835435
-0.9829005
-0.9831878
-0.9821922
-0.9827446
-0.9829102
-0.9831056
-0.98188853
-0.98314023
-0.982617
-0.98251176
-0.98327965
-0.9836962
-0.9835095
-0.983461
-0.98308057
-0.9830437
-0.98299426
-0.9830905
-0.9835258
-0.9840242
-0.9839129
-0.9836905
-0.9835738
-0.9834486
-0.98366064
-0.9844724
-0.9834124
-0.9839033
-0.9832195
-0.98406315
-0.98410106
-0.98476094
-0.9838594
-0.9852793
-0.98482823
-0.9840037
-0.9846089
-0.9848578
-0.9844782
-0.98456824
-0.9849191
-0.9858651
-0.98451525
-0.98519427
-0.9850684
-0.98558635
-0.98500025
-0.985123
-0.986063
-0.98578256
-0.98495424
-0.98570514
-0.98540026
-0.98547477
-0.9861915
-0.98518926
-0.98574585
-0.9856866
-0.9854521
-0.9870326
-0.9860942
-0.98595005
-0.9859114
-0.98645145
-0.9863982
-0.9859839
-0.9867894
-0.9877243
-0.9863774
-0.9871312
-0.98585564
-0.98680997
-0.9872618
-0.987088
-0.9876809
-0.98746884
-0.9870236
-0.9876268
-0.9878648
-0.98726845
-0.9881459
-0.98754895
-0.98783195
-0.98744667
-0.98814285
-0.9873467
-0.9876175
-0.988199
-0.987411
-0.98738354
-0.9871088
-0.9880176
-0.9880905
-0.9885977
-0.98815846
-0.9883525
-0.9880925
-0.98792535
-0.987644
-0.9878428
-0.9876534
-0.9883483
-0.98927665
-0.98797345
-0.98779124
-0.9883768
-0.98868257
-0.98858964
-0.9885841
-0.989492
-0.98915064
-0.98940235
-0.9880051
-0.9882712
-0.98913497
-0.9888671
-0.9887118
-0.9895421
-0.9893547
-0.98869866
-0.9891888
-0.9885326
-0.9893183
-0.9886613
-0.98818946
-0.98967534
-0.9883489
-0.98873615
-0.98879045
-0.9892938
-0.9890096
-0.9892383
-0.98914033
-0.9893823
-0.98936766
-0.98990643
-0.98928726
-0.9896902
-0.9879467
-0.989352
-0.9892099
-0.9895925
-0.9897906
-0.9893891
-0.988491
-0.9889311
-0.98937327
-0.9889784
-0.989221
-0.98917896
-0.9889275
-0.9890112
-0.9887577
-0.98953867
-0.98882204
-0.98936075
-0.9892487
-0.9891422
-0.9898168
-0.9898344
-0.9899055
-0.9899219
-0.98983705
-0.9894366
-0.98976165
-0.98947567
-0.9896779
-0.98917514
-0.9899658
-0.9896207
-0.9898819
-0.9895753
-0.99027735
-0.9899523
-0.9900352
-0.9898893
-0.98936635
-0.98972356
-0.98972523
-0.98956054
-0.989617
-0.99089587
-0.9899598
-0.990742
-0.98950005
-0.9897651
-0.98945314
-0.98992234
-0.9902189
-0.9896875
-0.9901053
-0.99029016
-0.989737
-0.9900256
-0.9899106
-0.9903604
-0.98981124
-0.9902894
-0.9896549
-0.99047285
-0.98978513
-0.99072486
-0.98960286
-0.98997897
-0.99003327
-0.99053943
-0.9902835
-0.9906445
-0.99069136
-0.99085134
-0.9912663
-0.9901198
-0.99048746
-0.9912048
-0.99011075
-0.98877543
-0.99035627
-0.9909843
-0.99045366
-0.9910263
-0.990281
-0.990245
-0.99051684
-0.9900828
-0.99005353
-0.99087524
-0.99125624
-0.9905648
-0.99082637
-0.9905979
-0.9903952
-0.9910497
-0.99071944
-0.9907122
-0.9912863
-0.9914617
-0.9904405
-0.9914902
-0.99089074
-0.9913309
-0.99120957
-0.9908823
-0.9908039
-0.9911945
-0.99082816
-0.99085766
-0.9914012
-0.99108475
-0.9916134
-0.99217826
-0.99129194
-0.9915078
-0.9913639
-0.99126
-0.99162763
-0.99147284
-0.9913845
-0.99098283
-0.9914462
-0.9915301
-0.9918563
-0.9917852
-0.9916709
-0.99251544
-0.9919208
-0.9918844
-0.99163383
-0.99185205
-0.99178535
-0.9919533
-0.9928821
-0.99242127
-0.9925197
-0.992921
-0.9930658
-0.99234635
-0.99247986
-0.99315333
-0.9929801
-0.9934808
-0.99349916
-0.99302787
-0.99321896
-0.99314475
-0.9930915
-0.9935892
-0.9939208
-0.9938363
-0.99364406
-0.9936047
-0.9939514
-0.9939932
-0.99388516
-0.99384606
-0.99399203
-0.9939273
-0.99385047
-0.993833
-0.99448574
-0.9938736
-0.9942634
-0.99425673
-0.99411136
-0.9941793
-0.9945901
-0.99404407
-0.9945432
-0.9945499
-0.99452335
-0.9943378
-0.9947861
-0.9945849
-0.9947432
-0.99459404
-0.9940892
-0.9948162
-0.994598
-0.9947544
-0.9949576
-0.9949987
-0.99491554
-0.9950796
-0.99478835
-0.99523103
-0.9951074
-0.99461615
-0.9947789
-0.99554694
-0.9953719
-0.9952267
-0.9953642
-0.9952645
-0.99559087
-0.9956011
-0.9955706
-0.9953025
-0.9959215
-0.99577427
-0.9954564
-0.99587244
-0.99569046
-0.99583596
-0.99595183
-0.9958165
-0.99583787
-0.9959003
-0.9955989
-0.9958829
-0.99566
-0.99590194
-0.9959866
-0.9958876
-0.9957519
-0.99605167
-0.99617285
-0.99594945
-0.9961906
-0.9962302
-0.9961914
-0.9961408
-0.9963461
-0.9961587
-0.99644434
-0.99642193
-0.9963051
-0.9963701
-0.99620515
-0.99619466
-0.99650085
-0.9964616
-0.99650633
-0.9965281
-0.9965814
-0.9965655
-0.9965103
-0.9969024
-0.996659
-0.9966596
-0.9965996
-0.996781
-0.99678147
-0.9968826
-0.9968244
-0.9965555
-0.99679995
-0.99661267
-0.996816
-0.9968609
-0.99694186
-0.9969422
-0.9967297
-0.9971434
-0.9969423
-0.99708253
-0.99704236
-0.99700904
-0.997146
-0.9972085
-0.99704343
-0.9971737
-0.99706733
-0.99717087
-0.99719715
-0.99724203
-0.9974055
-0.9972543
-0.997322
-0.9974391
-0.99738044
-0.9974223
-0.99740076
-0.9974397
-0.9973356
-0.9974224
-0.9975679
-0.99748385
-0.9974806
-0.997389
-0.99757034
-0.9976063
-0.9975738
-0.99767166
-0.9977013
-0.9975648
-0.9976356
-0.997627
-0.9976833
-0.9977089
-0.997654
-0.997788
-0.99759376
-0.99767786
-0.9977507
-0.99761105
-0.9978073
-0.9977783
-0.9978784
-0.99777687
-0.9977045
-0.99772817
-0.99778634
-0.99780136
-0.9978761
-0.9979771
-0.99785835
-0.99793327
-0.99793065
-0.99785316
-0.9978523
-0.997939
-0.99790394
-0.9978921
-0.997849
-0.9979749
-0.99806494
-0.99801576
-0.99804825
-0.99792075
-0.9980716
-0.9980239
-0.99819803
-0.9981841
-0.9981407
-0.99807304
-0.9981049
-0.9982015
-0.9981757
-0.9982196
-0.9981048
-0.99821305
-0.9982343
-0.99813926
-0.99820435
-0.9981283
-0.9982152
-0.99826014
-0.9982593
-0.9982852
-0.9983023
-0.99822927
-0.9982172
-0.99828655
-0.998303
-0.9982575
-0.9983151
-0.99840593
-0.998328
-0.9982872
-0.99830496
-0.99829996
-0.99835896
-0.9983774
-0.9983212
-0.99836427
-0.99838734
-0.9983262
-0.9984031
-0.99842954
-0.9984194
-0.9984676
-0.9984573
-0.9984138
-0.9983562
-0.99847573
-0.9984889
-0.9983575
-0.9984593
-0.9984917
-0.99850506
-0.9984875
-0.9985347
-0.99859047
-0.998526
-0.99846166
-0.9984733
-0.9985275
-0.99858373
-0.9985906
-0.9986255
-0.9986238
-0.99861705
-0.99853075
-0.9986005
-0.99855065
-0.99861145
-0.9986231
-0.99867594
-0.99857545
-0.9986571
-0.9986803
-0.99867666
-0.998592
-0.9986885
-0.9986857
-0.99871314
-0.9987355
-0.9986799
-0.9987092
-0.99868935
-0.9987514
-0.9986876
-0.9987363
-0.9987921
-0.9987795
-0.99876046
-0.9988333
-0.99874854
-0.9987821
-0.9988558
-0.9987153
-0.998775
-0.9988532
-0.99886966
-0.99876475
-0.9988067
-0.998847
-0.99883354
-0.9989039
-0.9988397
-0.99892557
-0.9988495
-0.9988627
-0.9988817
-0.9988548
-0.99889123
-0.99889743
-0.9989301
-0.9989142
-0.99893504
-0.9989063
-0.9989258
-0.99894035
-0.9989568
-0.99895275
-0.99898195
-0.99896705
-0.99898905
-0.998965
-0.9989803
-0.9989991
-0.99896806
-0.998994
-0.99899215
-0.99904567
-0.9990257
-0.99898756
-0.9990454
-0.9990144
-0.9990401
-0.9990633
-0.99902946
-0.99905396
-0.99905354
-0.99901867
-0.9990576
-0.9990602
-0.9990364
-0.99904823
-0.9990356
-0.9990681
-0.99910575
-0.9990574
-0.9991197
-0.9990584
-0.9990807
-0.99912405
-0.9990872
-0.9991237
-0.9990852
-0.99912345
-0.9991289
-0.9991347
-0.99914235
-0.99914575
-0.999123
-0.99914443
-0.99915826
-0.99916095
-0.9991491
-0.9991284
-0.99916476
-0.99917835
-0.99921024
-0.9991686
-0.9991921
-0.99921286
-0.9991757
-0.9992105
-0.99920106
-0.99917483
-0.9991951
-0.9992009
-0.9991783
-0.99917936
-0.999165
-0.9991939
-0.9992211
-0.99923337
-0.9992223
-0.99924284
-0.9992215
-0.9992382
-0.99923545
-0.99920595
-0.999253
-0.9992516
-0.9992516
-0.9992392
-0.99926674
-0.99927986
-0.9992279
-0.9992244
-0.99925685
-0.9992403
-0.99924475
-0.9992544
-0.9992657
-0.9992354
-0.9992639
-0.99927515
-0.9992414
-0.99928033
-0.99930125
-0.9992711
-0.9992687
-0.99929595
-0.9992857
-0.9992776
-0.9992981
-0.9992889
-0.99926156
-0.9993197
-0.99929786
-0.9993192
-0.9993229
-0.9993208
-0.99930733
-0.9993335
-0.99930817
-0.9993093
-0.99931747
-0.99931276
-0.9993338
-0.9993417
-0.9993152
-0.9993138
-0.9993179
-0.9993471
-0.99933493
-0.999375
-0.9992971
-0.9993429
-0.9993271
-0.9993549
-0.9993551
-0.99935365
-0.99935156
-0.9993842
-0.99935776
-0.9994001
-0.9993664
-0.9993727
-0.9993858
-0.9993874
-0.99937826
-0.9993886
-0.9993584
-0.9993878
-0.99937236
-0.99937105
-0.99939394
-0.9993837
-0.99937195
-0.9994022
-0.9994132
-0.99937576
-0.9993801
-0.9993978
-0.99937767
-0.99942607
-0.9994132
-0.99942344
-0.9994191
-0.9994342
-0.99940926
-0.9994318
-0.9994018
-0.9994015
-0.9993889
-0.9994373
-0.99945134
-0.99940205
-0.9994234
-0.99943346
-0.99944115
-0.9994457
-0.99941957
-0.9994332
-0.99941385
-0.99942976
-0.99944794
-0.9994445
-0.9994227
-0.99943143
-0.99943984
-0.99946326
-0.9994539
-0.99942946
-0.99941826
-0.9994586
-0.99945045
-0.9994642
-0.99946153
-0.99945676
-0.99946946
-0.99948615
-0.99944097
-0.9994721
-0.9994695
-0.9994652
-0.9994956
-0.9994675
-0.99948055
-0.9994794
-0.99946016
-0.99947375
-0.9994768
-0.9994715
-0.9994691
-0.99947387
-0.99947757
-0.99947727
-0.9994576
-0.9994859
-0.999504
-0.99946994
-0.9994751
-0.99947566
-0.99950516
-0.9995066
-0.99950075
-0.9994906
-0.9995074
-0.99948204
-0.99951804
-0.9994655
-0.9995206
-0.9995024
-0.9994937
-0.99951434
-0.99950105
-0.99951506
-0.99950665
-0.99949324
-0.99951357
-0.9995167
-0.9995111
-0.9995197
-0.9995149
-0.99951524
-0.99950063
-0.9995192
-0.99953574
-0.9995264
-0.99953604
-0.99952257
-0.999534
-0.9995464
-0.9995164
-0.9995079
-0.99952596
-0.9995286
-0.9995414
-0.9995314
-0.999521
-0.9995292
-0.9995357
-0.9995318
-0.9995301
-0.99955523
-0.99955595
-0.9995366
-0.99954724
-0.9995379
-0.99954474
-0.9995407
-0.99954754
-0.99953544
-0.9995604
-0.9995487
-0.9995698
-0.99953955
-0.9995481
-0.9995548
-0.9995425
-0.9995625
-0.99956846
-0.99954355
-0.9995539
-0.99956024
-0.99954826
-0.99955857
-0.9995651
-0.9995509
-0.9995526
-0.9995731
-0.99956596
-0.999574
-0.99957025
-0.99956465
-0.9995545
-0.99957615
-0.99955726
-0.99957114
-0.9995872
-0.9995843
-0.9995571
-0.99956506
-0.99958134
-0.9995845
-0.9995541
-0.99959
-0.9995795
-0.99958897
-0.9995697
-0.9995741
-0.99959385
-0.9995826
-0.99956477
-0.9995799
-0.9995875
-0.99957687
-0.99959034
-0.999576
-0.99957967
-0.9995884
-0.9995697
-0.99959207
-0.9995914
-0.9995978
-0.9995795
-0.99957794
-0.9995937
-0.99960446
-0.9996071
-0.99960756
-0.99959934
-0.9995833
-0.99960995
-0.9995937
-0.9995962
-0.99960876
-0.9995888
-0.9996086
-0.9995929
-0.99959606
-0.99960846
-0.9996085
-0.999604
-0.9995984
-0.99960226
-0.9996081
-0.9996095
-0.99961996
-0.99961
-0.9996111
-0.99961567
-0.99961776
-0.99961853
-0.9995987
-0.9996106
-0.99961454
-0.9996127
-0.9996101
-0.99960494
-0.99961925
-0.9996186
-0.99959886
-0.99962187
-0.99963236
-0.99962837
-0.9996253
-0.9996154
-0.9996083
-0.99962157
-0.9996131
-0.9996283
-0.999615
-0.99962085
-0.99963504
-0.999624
-0.99962854
-0.9996248
-0.99962974
-0.99963766
-0.9996312
-0.999628
-0.9996254
-0.9996239
-0.99962026
-0.9996346
-0.9996299
-0.99963415
-0.9996366
-0.9996263
-0.99962044
-0.99963295
-0.9996213
-0.99962693
-0.9996441
-0.9996399
-0.9996356
-0.99962807
-0.99962467
-0.99963593
-0.9996458
-0.9996347
-0.9996464
-0.9996466
-0.9996452
-0.99963665
-0.9996351
-0.99963933
-0.9996294
-0.9996427
-0.9996339
-0.99962723
-0.99964875
-0.9996442
-0.99964285
-0.9996355
-0.9996391
-0.9996342
-0.9996528
-0.9996366
-0.9996458
-0.9996449
-0.9996455
-0.9996353
-0.9996483
-0.99965554
-0.9996572
-0.9996396
-0.9996485
-0.9996587
-0.9996398
-0.9996461
-0.9996417
-0.9996495
-0.99966085
-0.99965805
-0.9996528
-0.99964875
-0.9996451
-0.999654
-0.99966896
-0.9996556
-0.99966013
-0.99966615
-0.99965215
-0.99964887
-0.99964845
-0.9996569
-0.99965453
-0.9996592
-0.99965596
-0.9996516
-0.99965376
-0.99967873
-0.9996651
-0.9996573
-0.9996614
-0.999661
-0.99966204
-0.99966025
-0.9996641
-0.99965477
-0.99965245
-0.99964267
-0.9996641
-0.9996584
-0.99964905
-0.99966526
-0.99965256
-0.9996553
-0.9996594
-0.99966127
-0.9996589
-0.9996666
-0.9996567
-0.9996609
-0.99965775
-0.99966955
-0.9996613
-0.9996577
-0.99966645
-0.9996688
-0.99966615
-0.9996691
-0.99967015
-0.99966884
-0.9996687
-0.9996691
-0.999682
-0.99965596
-0.9996686
-0.99965715
-0.9996674
-0.9996677
-0.9996609
-0.9996816
-0.99967736
-0.9996603
-0.999661
-0.9996629
-0.99966544
-0.9996605
-0.9996702
-0.99966526
-0.99967575
-0.9996688
-0.9996662
-0.99967074
-0.9996744
-0.9996685
-0.99967843
-0.99968517
-0.99968445
-0.9996779
-0.9996709
-0.9996724
-0.99967724
-0.99967575
-0.99968874
-0.99967057
-0.9996801
-0.9996727
-0.9996783
-0.9996746
-0.9996735
-0.99967617
-0.99967724
-0.9996712
-0.9996862
-0.9996823
-0.99968195
-0.999692
-0.9996759
-0.99968344
-0.9996771
-0.9996655
-0.9996818
-0.9996768
-0.99968654
-0.999692
-0.9996872
-0.9996855
-0.9996776
-0.99967784
-0.9996854
-0.9996753
-0.999683
-0.99969184
-0.9996787
-0.9996748
-0.99968046
-0.9996841
-0.9996846
-0.9996849
-0.99969137
-0.99968076
-0.9996862
-0.9996752
-0.99968714
-0.9996826
-0.9996907
-0.9996802
-0.9996859
-0.99969983
-0.99969745
-0.99968916
-0.99969316
-0.9996824
-0.99968666
-0.9996872
-0.9996892
-0.99969506
-0.9996851
-0.99968684
-0.9996849
-0.999695
-0.99967474
-0.9996798
-0.9996849
-0.9996942
-0.9996789
-0.9996839
-0.9996949
-0.999691
-0.9996897
-0.9996909
-0.9996983
-0.99968326
-0.9996842
-0.99969286
-0.99968857
-0.9996923
-0.99969274
-0.99969816
-0.9996825
-0.99970555
-0.99968946
-0.9996888
-0.999686
-0.999699
-0.9996955
-0.9996878
-0.99970174
-0.99968845
-0.9996973
-0.99970424
-0.9997051
-0.9996915
-0.999698
-0.9997104
-0.99968743
-0.9996942
-0.9996943
-0.99969
-0.9996857
-0.9997035
-0.99969137
-0.99969125
-0.99968976
-0.9996995
-0.9997018
-0.99969816
-0.9996962
-0.9996923
-0.9996861
-0.99968565
-0.99969584
-0.99969846
-0.9996996
-0.9996931
-0.99970245
-0.99968123
-0.99967426
-0.9996931
-0.9996768
-0.99970543
-0.99969506
-0.9996969
-0.99968994
-0.99968964
-0.99969786
-0.9996919
-0.99969405
-0.9997026
-0.99970216
-0.9996928
-0.99970233
-0.9996967
-0.9997057
-0.9996923
-0.99970645
-0.99969566
-0.9997007
-0.9997006
-0.99970406
-0.99970037
-0.9996981
-0.9996906
-0.99969375
-0.9996996
-0.9996955
-0.99970824
-0.9996908
-0.9997022
-0.99970263
-0.99969083
-0.9997023
-0.9996949
-0.99971
-0.999688
-0.9997076
-0.9996894
-0.99969465
-0.9996874
-0.9996952
-0.99970585
-0.99969804
-0.9997108
-0.9996973
-0.99970907
-0.99969006
-0.9997092
-0.99969524
-0.9996976
-0.9997085
-0.9996996
-0.9996989
-0.99970543
-0.99970895
-0.99970466
-0.99970376
-0.99970293
-0.99970883
-0.999706
-0.99971133
-0.9997098
-0.99970216
-0.99969965
-0.99970204
-0.99970126
-0.9996913
-0.9997017
-0.9996972
-0.999708
-0.99970734
-0.9997033
-0.9997194
-0.9997053
-0.9997063
-0.9997047
-0.9997085
-0.99970883
-0.99969774
-0.99971133
-0.99970317
-0.99970305
-0.99970365
-0.99971306
-0.99971825
-0.9997049
-0.99971133
-0.99971783
-0.99970853
-0.9997112
-0.9997192
-0.9997031
-0.9997119
-0.999719
-0.9997168
-0.9997132
-0.9997173
-0.99970776
-0.99970776
-0.9997105
-0.99970835
-0.9997043
-0.99972236
-0.9997025
-0.99970573
-0.9997102
-0.99970424
-0.9997101
-0.9997103
-0.999711
-0.99970835
-0.9997167
-0.99972034
-0.9997105
-0.9997137
-0.9997144
-0.99971193
-0.99970996
-0.9997062
-0.9997084
-0.9997186
-0.9997133
-0.99971443
-0.99970937
-0.99971426
-0.99970764
-0.9997156
-0.99971086
-0.9997148
-0.9997177
-0.9997141
-0.99970734
-0.99970794
-0.99970216
-0.9997066
-0.9997197
-0.999707
-0.9997251
-0.99971443
-0.9997155
-0.9997127
-0.99971545
-0.99972945
-0.9997137
-0.9997168
-0.99972105
-0.99972004
-0.9997192
-0.9997134
-0.999729
-0.99971336
-0.99972063
-0.99971247
-0.99971145
-0.9997112
-0.9997174
-0.99971235
-0.99971396
-0.9997193
-0.9997114
-0.9997102
-0.99971366
-0.9997183
-0.9997139
-0.99971634
-0.9997142
-0.99972016
-0.9997183
-0.99970883
-0.99971616
-0.9997157
-0.99971384
-0.99971145
-0.99971783
-0.99971724
-0.9997198
-0.9997226
-0.99970853
-0.9997177
-0.9997146
-0.99971473
-0.99971795
-0.9997188
-0.9997226
-0.9997222
-0.99971366
-0.9997224
-0.9997178
-0.99970835
-0.9997297
-0.9997223
-0.99972755
-0.9997208
-0.99972796
-0.99972355
-0.9997237
-0.99972075
-0.9997142
-0.9997172
-0.9997195
-0.9997164
-0.99972296
-0.99972326
-0.9997248
-0.9997221
-0.9997208
-0.99972475
-0.99972266
-0.9997255
-0.9997283
-0.99971354
-0.9997315
-0.999713
-0.9997241
-0.9997294
-0.9997281
-0.9997232
-0.99972486
-0.99972963
-0.99973005
-0.9997151
-0.9997309
-0.999728
-0.9997301
-0.9997289
-0.99973047
-0.999735
-0.9997276
-0.9997183
-0.99972695
-0.99972236
-0.9997287
-0.9997324
-0.9997226
-0.99972445
-0.9997285
-0.9997224
-0.99972564
-0.99973816
-0.9997247
-0.9997236
-0.9997249
-0.99972373
-0.99972486
-0.99972993
-0.9997232
-0.9997191
-0.9997202
-0.99972785
-0.9997359
-0.9997257
-0.999724
-0.999733
-0.9997221
-0.9997353
-0.99972224
-0.9997228
-0.9997312
-0.9997289
-0.9997281
-0.99973184
-0.9997325
-0.9997271
-0.999727
-0.9997317
-0.99973106
-0.9997249
-0.9997324
-0.999732
-0.9997411
-0.99973375
-0.99973285
-0.9997289
-0.9997284
-0.999723
-0.9997302
-0.9997212
-0.9997218
-0.9997285
-0.99972475
-0.9997319
-0.9997241
-0.99972767
-0.9997282
-0.9997386
-0.9997229
-0.99973166
-0.99972916
-0.99972695
-0.999732
-0.9997392
-0.9997221
-0.9997258
-0.9997239
-0.9997285
-0.9997299
-0.99972785
-0.99973005
-0.9997265
-0.9997309
-0.9997296
-0.9997358
-0.99972713
-0.9997346
-0.9997393
-0.9997327
-0.9997344
-0.9997331
-0.9997235
-0.99972695
-0.9997305
-0.99972785
-0.99973726
-0.9997257
-0.9997219
-0.99973667
-0.9997409
-0.9997343
-0.9997278
-0.99972945
-0.9997397
-0.99972796
-0.9997258
-0.9997324
-0.99973047
-0.9997338
-0.9997309
-0.999736
-0.9997296
-0.9997307
-0.99972713
-0.99972963
-0.9997321
-0.99973404
-0.99972826
-0.99973506
-0.99973595
-0.99973506
-0.9997397
-0.9997319
-0.9997316
-0.9997377
-0.9997337
-0.9997333
-0.9997327
-0.99973804
-0.99973
-0.9997304
-0.9997342
-0.9997293
-0.99973106
-0.99972373
-0.9997353
-0.99973863
-0.9997388
-0.99973565
-0.99973637
-0.9997354
-0.9997337
-0.9997251
-0.99973816
-0.9997368
-0.9997384
-0.99973154
-0.999733
-0.9997322
-0.99973565
-0.9997407
-0.9997432
-0.999741
-0.9997303
-0.9997372
-0.9997439
-0.999736
-0.9997428
-0.9997348
-0.99973357
-0.9997389
-0.9997354
-0.9997366
-0.99974084
-0.9997395
-0.999731
-0.9997401
-0.99973166
0
0
0
0
0
0
0
0
0
0
0
0
0
0
0
0
0
0
0
0
0
0
0
0
0
0
0
0
0
0
0
0
0
0
0
0
0
0
0
0
0
0
0
0
0
0
0
0
0
0
0
0
0
0
0
0
0
0
0
0
0
0
0
0
0
0
0
0
0
0
0
0
0
0
0
0
0
0
0
0
0
0
0
0
0
0
0
0
0
0
0
0
0
0
0
0
0
0
0
0
0
0
0
0
0
0
0
0
0
0
0
0
0
0
0
0
0
0
0
0
0
0
0
0
0
0
0
0
0
0
0
0
0
0
0
0
0
0
0
0
0
0
0
0
0
0
0
0
0
0
0
0
0
0
0
0
0
0
0
0
0
0
0
0
0
0
0
0
0
0
0
0
0
0
0
0
0
0
0
0
0
0
0
0
0
0
0
0
0
0
0
0
0
0
0
0
0
0
0
0
0
0
0
0
0
0
0
0
0
0
0
0
0
0
0
0
0
0
0
0
0
0
0
0
0
0
0
0
0
0
0
0
0
0
0
0
0
0
0
0
0
0
0
0
0
0
0
0
0
0
0
0
0
0
0
0
0
0
0
0
0
0
0
0
0
0
0
0
0
0
0
0
0
0
0
0
0
0
0
0
0
0
0
0
0
0
0
0
0
0
0
0
0
0
0
0
0
0
0
0
0
0
0
0
0
0
0
0
0
0
0
0
0
0
0
0
0
0
0
0
0
0
0
0
0
0
0
0
0
0
0
0
0
0
0
0
0
0
0
0
0
0
0
0
0
0
0
0
0
0
0
0
0
0
0
0
0
0
0
0
0
0
0
0
0
0
0
0
0
0
0
0
0
0
0
0
0
0
0
0
0
0
0
0
0
0
0
0
0
0
0
0
0
0
0
0
0
0
0
0
0
0
0
0
0
0
0
0
0
0
0
0
0
0
0
0
0
0
0
0
0
0
0
0
0
0
0
0
0
0
0
0
0
0
0
0
0
0
0
0
0
0
0
0
0
0
0
0
0
0
0
0
0
0
0
0
0
0
0
0
0
0
0
0
0
0
0
0
0
0
0
0
0
0
0
0
0
0
0
0
0
0
0
0
0
0
0
0
0
0
0
0
0
0
0
0
0
0
0
0
0
0
0
0
0
0
0
0
0
0
0
0
0
0
0
0
0
0
0
0
0
0
0
0
0
0
0
0
0
0
0
0
0
0
0
0
0
0
0
0
0
0
0
0
0
0
0
0
0
0
0
0
0
0
0
0
0
0
0
0
0
0
0
0
0
0
0
0
0
0
0
0
0
0
0
0
0
0
0
0
0
0
0
0
0
0
0
0
0
0
0
0
0
0
0
0
0
0
0
0
0
0
0
0
0
0
0
0
0
0
0
0
0
0
0
0
0
0
0
0
0
0
0
0
0
0
0
0
0
0
0
0
0
0
0
0
0
0
0
0
0
0
0
0
0
0
0
0
0
0
0
0
0
0
0
0
0
0
0
0
0
0
0
0
0
0
0
0
0
0
0
0
0
0
0
0
0
0
0
0
0
0
0
0
0
0
0
0
0
0
0
0
0
0
0
0
0
0
0
0
0
0
0
0
0
0
0
0
0
0
0
0
0
0
0
0
0
0
0
0
0
0
0
0
0
0
0
0
0
0
0
0
0
0
0
0
0
0
0
0
0
0
0
0
0
0
0
0
0
0
0
0
0
0
0
0
0
0
0
0
0
0
0
0
0
0
0
0
0
0
0
0
0
0
0
0
0
0
0
0
0
0
0
0
0
0
0
0
0
0
0
0
0
0
0
0
0
0
0
0
0
0
0
0
0
0
0
0
0
0
0
0
