-0.44760475
-0.43321094
-0.4696613
-0.49259746
-0.49888775
-0.5164866
-0.5285024
-0.551526
-0.56078064
-0.5748343
-0.57833534
-0.5929303
-0.5855329
-0.6018362
-0.6184726
-0.6167493
-0.63773984
-0.6345644
-0.65367055
-0.6632386
-0.63939166
-0.66501665
-0.68918496
-0.69249463
-0.7153119
-0.70953053
-0.7258763
-0.7266272
-0.7200842
-0.73163223
-0.75336725
-0.77424186
-0.76776505
-0.7761575
-0.77129525
-0.7849196
-0.79026693
-0.7946976
-0.79940474
-0.81371033
-0.80478394
-0.8040494
-0.81629074
-0.8177167
-0.8147114
-0.8196362
-0.82166314
-0.8195115
-0.8221479
-0.82578105
-0.8173896
-0.82032335
-0.82180244
-0.8172889
-0.8229849
-0.81557083
-0.82150584
-0.8166267
-0.81955993
-0.82237417
-0.82652235
-0.8267841
-0.8188811
-0.8253515
-0.8193769
-0.8252156
-0.8292143
-0.8190513
-0.82319546
-0.8286062
-0.83444303
-0.8275908
-0.82869804
-0.82533425
-0.83249706
-0.8315286
-0.8355698
-0.83446044
-0.8263611
-0.83020574
-0.8375871
-0.83928525
-0.8349455
-0.8415094
-0.84258175
-0.8376275
-0.8350351
-0.83947045
-0.83608806
-0.8343054
-0.8399767
-0.845756
-0.83198243
-0.83994746
-0.8354179
-0.8389288
-0.83922064
-0.83562267
-0.8395058
-0.8329867
-0.8365554
-0.83621705
-0.83924204
-0.84569204
-0.82643473
-0.83877623
-0.8412987
-0.8373335
-0.8417471
-0.84998
-0.84037876
-0.828995
-0.83828396
-0.8349547
-0.8433555
-0.8451413
-0.84040076
-0.8381837
-0.8452266
-0.83602786
-0.8411006
-0.8374375
-0.8402045
-0.83674735
-0.84370106
-0.8484961
-0.84472764
-0.8450858
-0.8498257
-0.84241766
-0.8567721
-0.83601356
-0.8399685
-0.8468776
-0.84532213
-0.850271
-0.84692174
-0.83821726
-0.84461504
-0.84554225
-0.84505224
-0.8475963
-0.84394974
-0.8432363
-0.8446176
-0.8540532
-0.8498427
-0.8430661
-0.8464431
-0.8430788
-0.8488242
-0.8448104
-0.8406711
-0.8532898
-0.8444072
-0.85147625
-0.84722865
-0.84289587
-0.84992075
-0.84282035
-0.85046023
-0.8481683
-0.85237306
-0.8429727
-0.84893984
-0.8460471
-0.85178787
-0.8509228
-0.84862006
-0.8485677
-0.8515108
-0.84293026
-0.850529
-0.85158384
-0.84406084
-0.8453659
-0.8502452
-0.85313684
-0.8449167
-0.8513575
-0.8454948
-0.8477263
-0.8480812
-0.85623944
-0.8457403
-0.853324
-0.8520223
-0.8515624
-0.8536987
-0.85473514
-0.84867686
-0.8505428
-0.8491265
-0.85301214
-0.85372674
-0.8446146
-0.8479146
-0.84937215
-0.85287464
-0.8453551
-0.8516346
-0.8559026
-0.85034645
-0.852171
-0.84880555
-0.85409606
-0.85371387
-0.85446185
-0.8556544
-0.84860533
-0.8473997
-0.8495437
-0.8505671
-0.84947073
-0.84886634
-0.85077584
-0.85437566
-0.8539837
-0.84882563
-0.85063726
-0.8475661
-0.85067564
-0.847031
-0.8472117
-0.85074764
-0.84605014
-0.8577378
-0.8565615
-0.84803694
-0.84424233
-0.85406524
-0.85039026
-0.85256493
-0.84855115
-0.8475855
-0.85540235
-0.8522468
-0.8470182
-0.85749966
-0.86026096
-0.8498446
-0.85415465
-0.85276634
-0.85243195
-0.85494924
-0.8471248
-0.8447796
-0.8531129
-0.84929883
-0.8577724
-0.84483916
-0.84224284
-0.85697865
-0.8546979
-0.84570765
-0.8532868
-0.8541015
-0.8468707
-0.85172373
-0.85157156
-0.8519163
-0.84578866
-0.8528562
-0.8509311
-0.85361296
-0.85213476
-0.8571824
-0.8567132
-0.85101223
-0.8560272
-0.8518766
-0.8498757
-0.84962916
-0.85255957
-0.8570045
-0.854036
-0.8543181
-0.8475062
-0.8493127
-0.8519474
-0.8599005
-0.8551465
-0.8499189
-0.8504078
-0.85497224
-0.84682894
-0.8512771
-0.8518154
-0.85244566
-0.85211605
-0.8549291
-0.85843945
-0.8543987
-0.85297674
-0.8541849
-0.85629624
-0.8515196
-0.8544345
-0.8576914
-0.8518608
-0.8549474
-0.8528988
-0.8533348
-0.85791147
-0.8520645
-0.8542896
-0.85374886
-0.8560807
-0.8549891
-0.8492074
-0.8493851
-0.8524935
-0.8563162
-0.8548823
-0.85098964
-0.8548294
-0.8475634
-0.8510368
-0.8449673
-0.8584676
-0.8573746
-0.8470486
-0.8505534
-0.8540969
-0.8472469
-0.85378504
-0.85260344
-0.8520083
-0.8515664
-0.85521084
-0.852318
-0.85118407
-0.8568813
-0.84553474
-0.85514235
-0.85327417
-0.8507881
-0.8506032
-0.854312
-0.85503876
-0.8512148
-0.8511392
-0.8574211
-0.8574414
-0.85165656
-0.85597044
-0.85581434
-0.8491377
-0.85923207
-0.85301584
-0.8530373
-0.8529232
-0.85184056
-0.8524378
-0.854395
-0.8533298
-0.8525311
-0.8522708
-0.8490194
-0.855914
-0.85046875
-0.85107666
-0.8558125
-0.85043776
-0.84931165
-0.84959704
-0.853984
-0.8505597
-0.8585613
-0.85148615
-0.8525415
-0.8596906
-0.8569821
-0.85214883
-0.85447764
-0.85440105
-0.8540939
-0.8592016
-0.8505084
-0.8507203
-0.8560459
-0.85445786
-0.8457426
-0.84590644
-0.8583011
-0.8524029
-0.8529197
-0.8516527
-0.8503801
-0.8532815
-0.8483765
-0.8579358
-0.8606412
-0.8537548
-0.84921455
-0.8525704
-0.8590631
-0.8526926
-0.8577433
-0.85048527
-0.85315186
-0.85822123
-0.85547954
-0.8546218
-0.85289925
-0.8502259
-0.84823555
-0.8548882
-0.85724276
-0.8506013
-0.85426784
-0.85613954
-0.85880595
-0.8630104
-0.8540788
-0.85938567
-0.85389984
-0.8548955
-0.8527572
-0.86046803
-0.8536181
-0.85820067
-0.85893226
-0.85147196
-0.8526186
-0.8537333
-0.855904
-0.8528835
-0.85214096
-0.85683733
-0.85075736
-0.8555214
-0.8542076
-0.8568316
-0.8532121
-0.8506443
-0.8586874
-0.8586649
-0.85568136
-0.855682
-0.8564854
-0.8547224
-0.8602591
-0.8531713
-0.85383195
-0.8559983
-0.8532107
-0.85661757
-0.8511775
-0.8594331
-0.8540808
-0.8577352
-0.85540223
-0.8550693
-0.8568908
-0.8537245
-0.8467878
-0.8603362
-0.8519009
-0.8522835
-0.8557268
-0.8529527
-0.8514892
-0.8575156
-0.85583055
-0.85641754
-0.85457116
-0.85105014
-0.8502774
-0.8531778
-0.8552383
-0.85384
-0.84970886
-0.8518366
-0.8537967
-0.854089
-0.85509175
-0.85440135
-0.8555152
-0.85621655
-0.85149306
-0.8514975
-0.85333985
-0.8556368
-0.8532522
-0.85510045
-0.8515215
-0.85700095
-0.8493708
-0.85395235
-0.85620576
-0.8574482
-0.8502746
-0.8537413
-0.85886
-0.8517682
-0.856411
-0.8555849
-0.8592624
-0.85199225
-0.860341
-0.8478447
-0.8545342
-0.8585636
-0.8512284
-0.85094094
-0.8515824
-0.85095286
-0.85644674
-0.8508597
-0.85426825
-0.849724
-0.85276115
-0.8511299
-0.8510541
-0.85192186
-0.85889816
-0.8604248
-0.8586705
-0.85039115
-0.8538278
-0.85452855
-0.85791576
-0.8591224
-0.85676956
-0.85133916
-0.8561665
-0.8610042
-0.85681856
-0.8569355
-0.85907435
-0.86367124
-0.86103565
-0.8580101
-0.8481107
-0.86077607
-0.8602388
-0.86105484
-0.86394507
-0.8526706
-0.858272
-0.86184335
-0.8596602
-0.85405034
-0.8610015
-0.85604817
-0.8542702
-0.860757
-0.8531867
-0.8523531
-0.85611534
-0.8573926
-0.85562855
-0.8554359
-0.85775065
-0.85967094
-0.84978294
-0.85680956
-0.86061716
-0.85251176
-0.8537751
-0.85874015
-0.85890347
-0.8601741
-0.8559005
-0.85467416
-0.86189073
-0.85661787
-0.8560973
-0.8557551
-0.85525894
-0.86219776
-0.85365766
-0.85603774
-0.8569677
-0.85391176
-0.85923374
-0.8561905
-0.8570937
-0.8567189
-0.8537869
-0.8597589
-0.848513
-0.85237265
-0.8583391
-0.8623132
-0.85464394
-0.8575723
-0.8548967
-0.8572792
-0.85358953
-0.8543529
-0.8572079
-0.86031824
-0.8573838
-0.8600023
-0.8585789
-0.8563857
-0.86011523
-0.8611287
-0.8629574
-0.85516495
-0.8582771
-0.851515
-0.8600858
-0.85707676
-0.8576113
-0.859787
-0.86171377
-0.85305876
-0.85968024
-0.85805106
-0.858141
-0.8543007
-0.8590422
-0.8586589
-0.8631837
-0.86046624
-0.8539541
-0.8590649
-0.85999095
-0.8548114
-0.8643687
-0.8642201
-0.8559667
-0.865377
-0.8528273
-0.8571738
-0.8522789
-0.8585568
-0.8588444
-0.8608043
-0.85593003
-0.8602753
-0.85676694
-0.8605468
-0.85673386
-0.85486686
-0.855839
-0.855468
-0.8539818
-0.84823143
-0.85011774
-0.8514362
-0.8634365
-0.8578918
-0.85858536
-0.8603094
-0.8603592
-0.8562472
-0.85737526
-0.8549294
-0.8542355
-0.85499054
-0.86128503
-0.85716546
-0.8615488
-0.8557227
-0.8606622
-0.85818964
-0.85676044
-0.8595699
-0.8594011
-0.85763854
-0.85504514
-0.8582105
-0.8592472
-0.853514
-0.86097586
-0.85259527
-0.85686743
-0.8608925
-0.8656568
-0.8532718
-0.8504088
-0.8593419
-0.855247
-0.86086375
-0.8615424
-0.85562664
-0.8576395
-0.85162574
-0.8542924
-0.85710055
-0.8601151
-0.8557192
-0.85883933
-0.85816336
-0.8553317
-0.8594036
-0.85837215
-0.854666
-0.86322355
-0.855994
-0.864666
-0.86201304
-0.85761714
-0.8536269
-0.8638301
-0.862675
-0.8577318
-0.8538596
-0.86148274
-0.8573031
-0.86037326
-0.8514539
-0.85430855
-0.85842776
-0.86114335
-0.8617023
-0.86233693
-0.8506135
-0.85952014
-0.85690063
-0.85227394
-0.8528655
-0.8563131
-0.84835196
-0.8560781
-0.8486423
-0.8573426
-0.84512055
-0.8470818
-0.85445917
-0.85624474
-0.86296284
-0.86269796
-0.85521144
-0.8570277
-0.85675037
-0.85125107
-0.85831213
-0.8543508
-0.86089075
-0.8603874
-0.85303503
-0.8580144
-0.85223126
-0.85638374
-0.85719526
-0.85528374
-0.8547617
-0.85484374
-0.8591535
-0.8542561
-0.8593363
-0.85963464
-0.85569626
-0.8581628
-0.85448027
-0.86477923
-0.8611696
-0.8604734
-0.8592826
-0.8603071
-0.8580257
-0.86310065
-0.8612551
-0.8578479
-0.85794127
-0.85901785
-0.85408163
-0.85688794
-0.85643417
-0.8633819
-0.8606117
-0.8569171
-0.8614805
-0.85831
-0.85009915
-0.85702014
-0.8600544
-0.8604965
-0.86084914
-0.8584229
-0.8585677
-0.86172473
-0.8507459
-0.86114836
-0.85862035
-0.8595599
-0.8558657
-0.86088824
-0.8576167
-0.86057353
-0.8617947
-0.86044455
-0.86340636
-0.8633402
-0.8581899
-0.85724854
-0.8666268
-0.8584837
-0.8588454
-0.85880166
-0.8598754
-0.8569329
-0.8559383
-0.8582948
-0.85720485
-0.85507536
-0.86060023
-0.8515954
-0.8565438
-0.853798
-0.85930926
-0.8602095
-0.86490524
-0.8552734
-0.8678185
-0.8598225
-0.86490566
-0.8577533
-0.86173564
-0.85800314
-0.86153895
-0.86332005
-0.8615607
-0.86085796
-0.85521793
-0.85970247
-0.8610861
-0.8596259
-0.86557186
-0.85419023
-0.8621208
-0.85219204
-0.85943675
-0.86277825
-0.85616595
-0.855107
-0.8561155
-0.8559286
-0.86115205
-0.86017877
-0.85686886
-0.8649534
-0.85554653
-0.8574347
-0.86261094
-0.86049455
-0.8545442
-0.8550517
-0.8612454
-0.8532937
-0.85491115
-0.862781
-0.8598779
-0.8613247
-0.8628826
-0.8582512
-0.85732
-0.85710526
-0.862072
-0.8593817
-0.85449165
-0.8571514
-0.8548232
-0.85742176
-0.8587691
-0.85793597
-0.85627186
-0.85490525
-0.85820234
-0.8533927
-0.8606736
-0.8602887
-0.8640121
-0.8557802
-0.85759336
-0.8582503
-0.8557333
-0.85947555
-0.8552515
-0.85919863
-0.8587157
-0.8640464
-0.8632906
-0.8566659
-0.8646657
-0.8509658
-0.8524743
-0.86088187
-0.85483867
-0.86145365
-0.85768676
-0.8547335
-0.8565666
-0.85285354
-0.85480267
-0.8586148
-0.86156535
-0.85836005
-0.8575478
-0.86253905
-0.8588671
-0.8609768
-0.8567959
-0.85334563
-0.85964304
-0.85717696
-0.86109483
-0.85833454
-0.856079
-0.8600339
-0.86310834
-0.86289155
-0.86044985
-0.85754406
-0.8546873
-0.8581015
-0.85816664
-0.8568485
-0.8603506
-0.85921454
-0.8595497
-0.8656399
-0.8579602
-0.85930437
-0.8624486
-0.8573045
-0.8569886
-0.86075354
-0.8581214
-0.85357404
-0.85407174
-0.8600935
-0.85551286
-0.861955
-0.8596838
-0.8558149
-0.8564672
-0.8553574
-0.85326684
-0.8623614
-0.86269104
-0.86167663
-0.8557959
-0.85868347
-0.86244607
-0.8613002
-0.8599358
-0.8610321
-0.8604897
-0.8563524
-0.8608211
-0.859862
-0.8582481
-0.8585012
-0.8604027
-0.86406827
-0.86110973
-0.8570099
-0.8597227
-0.85755736
-0.85692793
-0.85941696
-0.8574579
-0.8624002
-0.86362076
-0.8612852
-0.86068964
-0.8610336
-0.86153287
-0.85765356
-0.86422116
-0.8620904
-0.8594876
-0.86196816
-0.8634763
-0.85939914
-0.8594688
-0.8665007
-0.86534506
-0.86176664
-0.86349833
-0.85846555
-0.8566543
-0.8664277
-0.865435
-0.8547088
-0.86111605
-0.8583583
-0.85936964
-0.86494607
-0.85660046
-0.85367775
-0.8601077
-0.86217046
-0.8569664
-0.86221194
-0.86031795
-0.8582867
-0.86671865
-0.85941005
-0.8615845
-0.8608812
-0.8609183
-0.86407596
-0.8608869
-0.8604707
-0.85551393
-0.8599614
-0.857194
-0.86483175
-0.8614384
-0.85587335
-0.8577116
-0.8560888
-0.86417973
-0.86452144
-0.8608096
-0.86466885
-0.8533641
-0.8589025
-0.8592564
-0.85581636
-0.86633325
-0.85552734
-0.8637531
-0.86347973
-0.8600081
-0.86249346
-0.86368877
-0.8579361
-0.854964
-0.8617939
-0.8586789
-0.8624847
-0.8494643
-0.8599808
-0.8536078
-0.86478883
-0.8659637
-0.85511523
-0.86157924
-0.85882676
-0.85790384
-0.85696775
-0.8585585
-0.8601305
-0.86037415
-0.8608658
-0.8628555
-0.8673783
-0.85974234
-0.85798144
-0.8669251
-0.85811275
-0.8634684
-0.86355954
-0.8589595
-0.86189413
-0.85937893
-0.8582721
-0.8584014
-0.86276674
-0.85749185
-0.86213505
-0.86662567
-0.86077064
-0.851501
-0.86213654
-0.86209744
-0.8644566
-0.8614741
-0.8632083
-0.86465806
-0.8619935
-0.85392594
-0.86235493
-0.8619132
-0.8567568
-0.86985284
-0.851998
-0.8594165
-0.8591423
-0.86301214
-0.8594023
-0.8625646
-0.8608621
-0.8619193
-0.8597846
-0.86328536
-0.85785717
-0.8580889
-0.8613368
-0.8552006
-0.8565798
-0.8591717
-0.8612516
-0.8591344
-0.8572637
-0.857204
-0.8604886
-0.8610243
-0.8560893
-0.8611614
-0.86818933
-0.859879
-0.85787094
-0.858143
-0.8568881
-0.86524844
-0.86291355
-0.86487305
-0.8611767
-0.8680404
-0.8669687
-0.86290044
-0.86454755
-0.8623427
-0.8561538
-0.8557692
-0.8623573
-0.8542649
-0.8633142
-0.86371475
-0.8578313
-0.85682064
-0.86091644
-0.86424464
-0.85631794
-0.8546886
-0.8607559
-0.86618435
-0.86696786
-0.8505632
-0.85926545
-0.8570452
-0.858377
-0.85138637
-0.8600992
-0.8574465
-0.8658495
-0.8605449
-0.8628114
-0.85757786
-0.8592354
-0.8677072
-0.8609022
-0.8617395
-0.8619536
-0.85966593
-0.864082
-0.86061394
-0.85273063
-0.8614525
-0.86600435
-0.867371
-0.86158454
-0.864275
-0.8600883
-0.85767967
-0.8565106
-0.85839355
-0.8639816
-0.8601636
-0.86311597
-0.8631757
-0.86764246
-0.8641793
-0.8589281
-0.8610964
-0.857977
-0.8653459
-0.8650995
-0.85195565
-0.869237
-0.8583455
-0.8667823
-0.86081207
-0.86163914
-0.8629847
-0.86587197
-0.86927795
-0.8636846
-0.8599992
-0.8654616
-0.85920477
-0.86272407
-0.8604579
-0.8607318
-0.8641277
-0.86307764
-0.86638933
-0.8642809
-0.856569
-0.8650041
-0.8628583
-0.8591679
-0.8647566
-0.8605545
-0.85965586
-0.8591406
-0.858441
-0.8602608
-0.86311847
-0.8596941
-0.86809844
-0.857152
-0.86468214
-0.86055326
-0.8619878
-0.86576724
-0.8629783
-0.8592717
-0.8599736
-0.8623701
-0.8575097
-0.86112636
-0.86187977
-0.86427236
-0.8559797
-0.8611694
-0.86088896
-0.8616207
-0.866012
-0.8589393
-0.8666052
-0.85886574
-0.8601937
-0.8579082
-0.85736483
-0.8582448
-0.8627559
-0.8639099
-0.86104864
-0.8613998
-0.8665958
-0.86559963
-0.86016184
-0.8587412
-0.86313707
-0.8593028
-0.8581157
-0.8583641
-0.8600758
-0.85887176
-0.85872334
-0.86635053
-0.85861677
-0.85874575
-0.8589257
-0.85992
-0.86639225
-0.8699269
-0.86204517
-0.86003894
-0.8671359
-0.8608204
-0.8566839
-0.86167043
-0.86065876
-0.8676105
-0.8600459
-0.8632543
-0.8630192
-0.8641388
-0.86071515
-0.863094
-0.85670817
-0.85978967
-0.8672996
-0.863402
-0.8621697
-0.86706287
-0.8574948
-0.8587216
-0.8654105
-0.85794824
-0.8618737
-0.8630767
-0.8605423
-0.8631988
-0.86113316
-0.859139
-0.8579326
-0.86854935
-0.8576459
-0.8599168
-0.85966927
-0.86403954
-0.86406255
-0.8622643
-0.8637812
-0.8614904
-0.8599055
-0.85660714
-0.85787624
-0.86461306
-0.86355895
-0.8688494
-0.86036605
-0.8670915
-0.8657157
-0.85881096
-0.858562
-0.86605406
-0.8600083
-0.8558516
-0.8594387
-0.86517715
-0.85831976
-0.8637948
-0.8620216
-0.86207455
-0.8634119
-0.8632268
-0.8601447
-0.85841614
-0.8551012
-0.85667366
-0.86371815
-0.8538177
-0.8558211
-0.8630534
-0.86480135
-0.8626544
-0.86176485
-0.86225665
-0.86893916
-0.8611263
-0.8594063
-0.8605285
-0.85776955
-0.86322594
-0.85578424
-0.86116105
-0.8610032
-0.8655151
-0.8656304
-0.86390823
-0.86055946
-0.8624774
-0.86105883
-0.8593205
-0.86676675
-0.86053526
-0.86282337
-0.8593068
-0.8605844
-0.86224806
-0.8641787
-0.86358553
-0.85783416
-0.8598559
-0.8595553
-0.8600967
-0.8627794
-0.8646632
-0.86258227
-0.8658337
-0.86477864
-0.86260957
-0.86816835
-0.8589778
-0.8615427
-0.8649307
-0.85988164
-0.86144406
-0.86621004
-0.8617133
-0.864655
-0.8610949
-0.8655002
-0.8658121
-0.86546063
-0.86796725
-0.86415285
-0.8699017
-0.86081356
-0.86118364
-0.8614275
-0.86627394
-0.8656322
-0.8626867
-0.8568391
-0.86407024
-0.8621844
-0.863312
-0.8624881
-0.86604065
-0.86339164
-0.8620645
-0.8630491
-0.8579253
-0.8652171
-0.85844624
-0.86335963
-0.86006284
-0.85941106
-0.8636763
-0.8586065
-0.8577938
-0.8611715
-0.8623084
-0.85828644
-0.85798556
-0.8590866
-0.8651147
-0.8607336
-0.85908115
-0.8673146
-0.8629933
-0.86786556
-0.86068094
-0.8623998
-0.86350846
-0.8646546
-0.86732787
-0.8553943
-0.8608692
-0.86434406
-0.86675304
-0.85980695
-0.86040914
-0.864822
-0.85435706
-0.8573506
-0.8644977
-0.86093843
-0.8639894
-0.86108935
-0.8621747
-0.85994804
-0.85865927
-0.86561036
-0.86095226
-0.8659784
-0.8606908
-0.8559251
-0.86770326
-0.8626993
-0.85377663
-0.86332065
-0.8606934
-0.8620516
-0.857093
-0.8535041
-0.8648821
-0.8599642
-0.85981476
-0.8659216
-0.8550182
-0.85774
-0.8665627
-0.856681
-0.8589558
-0.8566734
-0.85961676
-0.86122304
-0.8579308
-0.8641355
-0.8646686
-0.8601275
-0.8578434
-0.8596386
-0.8610906
-0.8648937
-0.86172324
-0.8631386
-0.8573165
-0.8637537
-0.8637382
-0.86236596
-0.8663624
-0.86462134
-0.8656234
-0.8663458
-0.86272883
-0.86568475
-0.8620272
-0.8640622
-0.86096376
-0.8678582
-0.8628193
-0.86195964
-0.8612999
-0.86380565
-0.8631326
-0.8608097
-0.8622948
-0.86619216
-0.8657234
-0.85980624
-0.8645252
-0.8629734
-0.8664824
-0.86357605
-0.86556685
-0.8616865
-0.86245626
-0.86151993
-0.86294526
-0.8662359
-0.86203897
-0.86044127
-0.86479396
-0.8674116
-0.8643836
-0.8654981
-0.8635547
-0.86228096
-0.85921234
-0.86587673
-0.8582898
-0.85806227
-0.8617993
-0.86867875
-0.85534716
-0.8617837
-0.86163384
-0.8689038
-0.85998386
-0.8643925
-0.865844
-0.86986136
-0.8696023
-0.8688341
-0.8608212
-0.8607797
-0.8567979
-0.87135565
-0.86667264
-0.86859566
-0.8657737
-0.85906905
-0.86671174
-0.86018187
-0.86054087
-0.86330056
-0.86536777
-0.86190146
-0.8613463
-0.8611451
-0.86728907
-0.8658258
-0.8615687
-0.8664344
-0.8586582
-0.8602513
-0.8681186
-0.86358887
-0.8577736
-0.86254835
-0.86448205
-0.85694706
-0.8642585
-0.8597009
-0.8673659
-0.86360884
-0.86281526
-0.8674536
-0.86538005
-0.86868566
-0.86667013
-0.8551956
-0.8660604
-0.8663188
-0.8603832
-0.8625129
-0.86238015
-0.8660466
-0.86033636
-0.8686041
-0.8653598
-0.85902035
-0.8666735
-0.8684414
-0.8668849
-0.8651324
-0.8634012
-0.8661846
-0.8673837
-0.861426
-0.86398077
-0.86511403
-0.8644485
-0.8609789
-0.8612376
-0.86162215
-0.8603998
-0.85875434
-0.86046624
-0.87062544
-0.86222506
-0.8578753
-0.8682052
-0.86820173
-0.86125594
-0.86379313
-0.86987746
-0.8674418
-0.8679696
-0.866717
-0.86428934
-0.863718
-0.8583142
-0.85651946
-0.8601286
-0.86055964
-0.8642325
-0.8622715
-0.86758184
-0.86320084
-0.8632511
-0.86393416
-0.86272013
-0.8673424
-0.8603432
-0.86441636
-0.8605364
-0.86485445
-0.8645883
-0.8608688
-0.8701691
-0.8670916
-0.85477966
-0.86490965
-0.8661771
-0.8646554
-0.8634983
-0.8655997
-0.86304516
-0.8633594
-0.859177
-0.8628378
-0.8639225
-0.8673603
-0.8632923
-0.8642608
-0.8612549
-0.8605982
-0.86520994
-0.8632477
-0.85935014
-0.86151904
-0.8660856
-0.8609888
-0.8608748
-0.8652403
-0.8661817
-0.8633304
-0.8663534
-0.8643154
-0.85699356
-0.85626554
-0.8583863
-0.8563405
-0.85879266
-0.868356
-0.8594613
-0.85938567
-0.85894215
-0.86643034
-0.8613488
-0.86524284
-0.8626263
-0.86215967
-0.85795385
-0.85956585
-0.8605734
-0.8636101
-0.85967714
-0.86587
-0.8620242
-0.86596483
-0.8638857
-0.86123234
-0.86485267
-0.8657201
-0.86346173
-0.8647965
-0.8637037
-0.86098516
-0.86259246
-0.86333996
-0.8579901
-0.8651246
-0.863598
-0.8660243
-0.86408514
-0.8609555
-0.85921454
-0.8601659
-0.86560833
-0.8682165
-0.857261
-0.86488074
-0.86509585
-0.8655041
-0.8642222
-0.8609137
-0.867861
-0.86535746
-0.8607556
-0.8639726
-0.8690757
-0.86614066
-0.86739826
-0.863834
-0.86309135
-0.8691367
-0.8655098
-0.856196
-0.8629894
-0.8639459
-0.85985005
-0.8659414
-0.8560978
-0.858607
-0.8642325
-0.8603105
-0.8581069
-0.8587811
-0.86091584
-0.86361223
-0.8619543
-0.86394054
-0.8594197
-0.8553175
-0.86299646
-0.8672389
-0.8668832
-0.8649845
-0.8625397
-0.8624454
-0.8623469
-0.86185056
-0.865351
-0.8622916
-0.8639022
-0.8595339
-0.8619493
-0.8608501
-0.8625455
-0.8653701
-0.85922587
-0.8618874
-0.8557539
-0.86407554
-0.8631062
-0.8615317
-0.86511487
-0.86647207
-0.87075955
-0.8603325
-0.861223
-0.86115015
-0.86532897
-0.8594886
-0.86095476
-0.8617406
-0.86052024
-0.8588833
-0.8673132
-0.8597441
-0.86224073
-0.86747557
-0.86396176
-0.8673481
-0.864474
-0.8649706
-0.86275625
-0.86181235
-0.8564247
-0.8614523
-0.86368895
-0.86599445
-0.8605931
-0.86788964
-0.86338866
-0.86906433
-0.86670756
-0.86150134
-0.86089957
-0.859693
-0.862302
-0.86704594
-0.8628382
-0.8678505
-0.8604184
-0.8575312
-0.8688019
-0.8679265
-0.86517507
-0.863847
-0.8647651
-0.8622001
-0.86599624
-0.86925155
-0.859727
-0.8676819
-0.8666454
-0.8606709
-0.86265796
-0.86791134
-0.8656476
-0.86701727
-0.8645687
-0.8665047
-0.8622565
-0.865991
-0.86119694
-0.8653851
-0.86669296
-0.8639608
-0.86736596
-0.86190176
-0.8670693
-0.8600687
-0.86472297
-0.8647241
-0.861528
-0.8637455
-0.8656248
-0.86435264
-0.86526954
-0.8637228
-0.8675116
-0.86083466
-0.86484694
-0.85874707
-0.86904216
-0.8699702
-0.86826354
-0.8595282
-0.86387634
-0.86437744
-0.8599469
-0.86491674
-0.86654395
-0.86677176
-0.8633451
-0.86940956
-0.8666983
-0.8657832
-0.86886233
-0.86443496
-0.86509883
-0.8680893
-0.86212724
-0.8703611
-0.86619616
-0.86408323
-0.861522
-0.8638035
-0.86575115
-0.8529782
-0.8660955
-0.86624646
-0.8672227
-0.86479056
-0.8629159
-0.8687063
-0.8648438
-0.865848
-0.8642699
-0.86682075
-0.86366564
-0.85823834
-0.86371607
-0.8619189
-0.8616854
-0.862508
-0.8641988
-0.8616307
-0.8628453
-0.86100477
-0.868616
-0.87200814
-0.86254287
-0.8611609
-0.86166775
-0.864193
-0.8653256
-0.8647756
-0.8624936
-0.8718639
-0.86632746
-0.8681622
-0.8648647
-0.86403924
-0.86047137
-0.8689059
-0.8668352
-0.86309624
-0.8684716
-0.87205106
-0.86291957
-0.8594545
-0.86272013
-0.8653483
-0.86047673
-0.86478394
-0.8628313
-0.86100245
-0.8670835
-0.86534023
-0.8641225
-0.8703244
-0.8620748
-0.86246085
-0.8593669
-0.86598974
-0.8653435
-0.86283237
-0.8648896
-0.8646639
-0.8643369
-0.8647054
-0.8587077
-0.86464685
-0.8667197
-0.8623366
-0.8628488
-0.8592678
-0.8599252
-0.8647684
-0.85555047
-0.8609194
-0.8626044
-0.8657768
-0.8591791
-0.8649057
-0.8554349
-0.86144096
-0.85913926
-0.8611215
-0.8603878
-0.85636073
-0.86129856
-0.8701742
-0.8656304
-0.86816216
-0.8682224
-0.86484164
-0.8639838
-0.86463815
-0.8644951
-0.8746212
-0.8653384
-0.86586964
-0.86686295
-0.8602129
-0.8643739
-0.85860914
-0.8672222
-0.8651602
-0.86279285
-0.85820276
-0.86375093
-0.8662305
-0.8588829
-0.861752
-0.8628674
-0.8659313
-0.8611177
-0.8694205
-0.866855
-0.8645206
-0.87208277
-0.8637306
-0.8649368
-0.865672
-0.86662394
-0.8575396
-0.8672244
-0.86057186
-0.86902505
-0.863099
-0.8676561
-0.86621284
-0.86657035
-0.8659435
-0.8620989
-0.8633394
-0.8679243
-0.8624807
-0.86879194
-0.8659353
-0.8700447
-0.8611223
-0.86477816
-0.8624803
-0.8635862
-0.870143
-0.86322945
-0.8726374
-0.8646931
-0.8618138
-0.8664505
-0.86164904
-0.8658694
-0.86417794
-0.8606074
-0.86605525
-0.8613438
-0.86292297
-0.8618281
-0.8652
-0.86682886
-0.8697562
-0.86354524
-0.8610636
-0.8611098
-0.85943145
-0.86697227
-0.8638551
-0.86040866
-0.8691685
-0.86141455
-0.8688997
-0.8676584
-0.8620613
-0.86243325
-0.86922663
-0.8745997
-0.8660108
-0.8654701
-0.86810184
-0.85822284
-0.86290944
-0.86559653
-0.86498827
-0.860021
-0.8616288
-0.86586255
-0.86270636
-0.8632825
-0.86893016
-0.86819804
-0.8657233
-0.865664
-0.8606829
-0.85818166
-0.86314625
-0.8710456
-0.861211
-0.87037253
-0.86124253
-0.8690855
-0.8651621
-0.86804634
-0.8601222
-0.86967987
-0.86753577
-0.86514145
-0.86989003
-0.86701035
-0.8656216
-0.8684454
-0.8622489
-0.86352986
-0.86403054
-0.864877
-0.8644002
-0.8638312
-0.8613724
-0.8712322
-0.86450756
-0.85762244
-0.86667264
-0.8650366
-0.8623076
-0.8627045
-0.86378217
-0.86782223
-0.8720554
-0.86607367
-0.86179054
-0.8684572
-0.8701818
-0.8628189
-0.8632289
-0.8628509
-0.86291146
-0.870372
-0.8649814
-0.8654271
-0.8684374
-0.86719096
-0.8621411
-0.86227006
-0.8645388
-0.86468804
-0.87014395
-0.8657154
-0.8677765
-0.86937207
-0.8670602
-0.8571607
-0.86925787
-0.87233126
-0.85928696
-0.8680547
-0.86898106
-0.86374
-0.8649124
-0.8594824
-0.8570364
-0.859857
-0.86630166
-0.8673366
-0.8591263
-0.8637517
-0.8619453
-0.8580625
-0.8605573
-0.85590845
-0.86311024
-0.85683244
-0.8577374
-0.86274916
-0.86265224
-0.85966206
-0.8596204
-0.864852
-0.85939544
-0.8661716
-0.8633747
-0.86307013
-0.8603237
-0.8627739
-0.8644666
-0.8679449
-0.865737
-0.86726326
-0.86422056
-0.87542814
-0.8515586
-0.86915517
-0.8681536
-0.87077475
-0.864603
-0.85973734
-0.86814296
-0.8693683
-0.86931473
-0.86468446
-0.8655773
-0.8675748
-0.86496335
-0.85739017
-0.8673311
-0.8689759
-0.8596192
-0.8680729
-0.8701726
-0.8650002
-0.86986405
-0.8604557
-0.8637579
-0.86234677
-0.86510366
-0.86789304
-0.86134243
-0.8699307
-0.86320585
-0.86967796
-0.8630421
-0.8665022
-0.87093717
-0.8622941
-0.8627561
-0.86147237
-0.8665645
-0.864151
-0.86492616
-0.8680043
-0.8694881
-0.8662871
-0.8629037
-0.86999637
-0.8681796
-0.87103295
-0.8608595
-0.8681857
-0.8654584
-0.8654042
-0.86675555
-0.863699
-0.86488783
-0.8706629
-0.8616115
-0.8608005
-0.8613939
-0.86122954
-0.86918813
-0.86616915
-0.8655218
-0.85758764
-0.86596143
-0.86242265
-0.8662858
-0.8627538
-0.86655426
-0.8688026
-0.86790246
-0.8686122
-0.8683116
-0.87167805
-0.8637648
-0.8641166
-0.866195
-0.8635064
-0.8709605
-0.87331283
-0.8651882
-0.8591785
-0.8639795
-0.8656298
-0.86479205
-0.8638077
-0.86239946
-0.8664193
-0.86340404
-0.86168283
-0.8696778
-0.8696278
-0.8639199
-0.86490226
-0.86497015
-0.8690808
-0.86642927
-0.8667553
-0.864542
-0.8724453
-0.86643124
-0.86601675
-0.86485726
-0.8640513
-0.86631197
-0.860713
-0.87115026
-0.8613945
-0.86430055
-0.8660345
-0.8638816
-0.8625695
-0.8615957
-0.8681373
-0.865819
-0.86231357
-0.86917895
-0.8677853
-0.8561806
-0.864233
-0.86083937
-0.8617381
-0.862957
-0.8635135
-0.85955685
-0.8710881
-0.8645245
-0.8691925
-0.8705224
-0.8684172
-0.86637837
-0.8578429
-0.8670204
-0.8647632
-0.8643172
-0.86919916
-0.8688149
-0.8595586
-0.8693111
-0.8664474
-0.86817735
-0.8602342
-0.8712545
-0.8699983
-0.86668205
-0.86794615
-0.8655855
-0.8643425
-0.8700824
-0.8712605
-0.87050825
-0.86791056
-0.8722592
-0.8646118
-0.86216015
-0.8674621
-0.86441827
-0.8651058
-0.8666831
-0.8667019
-0.86739427
-0.87046164
-0.8611784
-0.870709
-0.86164856
-0.8696807
-0.86830837
-0.86501086
-0.8626799
-0.862182
-0.86388713
-0.8584664
-0.85864866
-0.86377144
-0.8626991
-0.8658146
-0.86467034
-0.8662667
-0.8628099
-0.86225283
-0.8704336
-0.8616963
-0.8686776
-0.86813647
-0.8572406
-0.869841
-0.8653987
-0.87135696
-0.8676628
-0.86641675
-0.8669682
-0.863145
-0.8649134
-0.86564726
-0.86534125
-0.86090225
-0.8623877
-0.86806387
-0.85892427
-0.86373156
-0.86549973
-0.86895615
-0.8728021
-0.8570522
-0.86038035
-0.86904633
-0.86779463
-0.86393225
-0.8661986
-0.8631718
-0.8646759
-0.87281775
-0.8621039
-0.86907506
-0.86230195
-0.8658344
-0.8580407
-0.86842895
-0.8665006
-0.86837155
-0.8628012
-0.870193
-0.86274177
-0.8633413
-0.86634666
-0.8637417
-0.86762476
-0.86872643
-0.86507225
-0.8666507
-0.86001426
-0.8682417
-0.8623255
-0.8605257
-0.866433
-0.8686498
-0.87155735
-0.8610924
-0.86344326
-0.8682363
-0.8626539
-0.8609445
-0.86978406
-0.86734897
-0.8650858
-0.86859083
-0.8635492
-0.861404
-0.86446345
-0.86019766
-0.86667717
-0.86954486
-0.865952
-0.8642116
-0.8660619
-0.86756593
-0.86734116
-0.86639875
-0.8676455
-0.8612655
-0.86238194
-0.8661668
-0.86629206
-0.87080693
-0.867688
-0.8641428
-0.8669681
-0.86372024
-0.86297584
-0.86622727
-0.8689006
-0.86530626
-0.87083507
-0.86383164
-0.8607952
-0.8660449
-0.8704602
-0.8665501
-0.8687292
-0.8646138
-0.86773133
-0.87111163
-0.8651717
-0.8644162
-0.8611132
-0.866156
-0.8617634
-0.8713287
-0.8669138
-0.8672728
-0.86432654
-0.86929035
-0.8627986
-0.869211
-0.8706051
-0.8598254
-0.8624952
-0.86680657
-0.85974854
-0.86898243
-0.860974
-0.8686416
-0.8698529
-0.8689503
-0.86744714
-0.86657083
-0.8639914
-0.8650756
-0.86468077
-0.86257905
-0.86504185
-0.8642222
-0.86620194
-0.8663651
-0.86486244
-0.87390643
-0.86355317
-0.86582375
-0.8678167
-0.8658693
-0.87121576
-0.86625737
-0.8693651
-0.8655757
-0.8693867
-0.8663643
-0.8649201
-0.8668664
-0.86604375
-0.8680712
-0.86685514
-0.8719687
-0.8668069
-0.8679821
-0.8733095
-0.8677204
-0.8664374
-0.86209416
-0.8605549
-0.86834115
-0.86878407
-0.8707239
-0.8681367
-0.860813
-0.8658575
-0.8648598
-0.86162704
-0.8707768
-0.8652697
-0.86554265
-0.86772954
-0.8624329
-0.8650276
-0.86593413
-0.8703228
-0.8702656
-0.8664339
-0.870715
-0.86346287
-0.85932815
-0.86469233
-0.86710757
-0.8647439
-0.8659997
-0.8658399
-0.8631554
-0.8620662
-0.86568415
-0.8668167
-0.87275064
-0.87164485
-0.8590615
-0.8673875
-0.86848134
-0.8706571
-0.8559698
-0.8644532
-0.86888695
-0.86612165
-0.8693119
-0.8647556
-0.8686086
-0.86261743
-0.86356384
-0.86396295
-0.8672225
-0.87094355
-0.86383414
-0.8633039
-0.8642417
-0.8632479
-0.86828095
-0.8628727
-0.86326694
-0.86592484
-0.8666249
-0.86829686
-0.8528379
-0.86716443
-0.8623129
-0.8626249
-0.8697457
-0.86929405
-0.8653719
-0.8648727
-0.86240804
-0.86161983
-0.8640857
-0.86612934
-0.86200845
-0.8674061
-0.86942464
-0.86597157
-0.8671239
-0.8682388
-0.86658674
-0.8661436
-0.8634116
-0.8646132
-0.87007415
-0.86679345
-0.86632943
-0.86082274
-0.8642738
-0.86589044
-0.86553955
-0.86624193
-0.86427665
-0.86634827
-0.86703396
-0.86831826
-0.8697531
-0.8681901
-0.8680598
-0.86798066
-0.8668259
-0.86179906
-0.86910546
-0.8695618
-0.86499566
-0.8701623
-0.8719662
-0.86824447
-0.8626656
-0.86373097
-0.86937237
-0.86814976
-0.8678159
-0.8723506
-0.8602264
-0.86665326
-0.86308974
-0.8733645
-0.8682049
-0.8646563
-0.8665542
-0.8694907
-0.8674827
-0.86718994
-0.8725151
-0.8719774
-0.86658025
-0.86616635
-0.8651356
-0.8688819
-0.86578685
-0.8631396
-0.86768776
-0.874717
-0.8727755
-0.8724836
-0.86502063
-0.865781
-0.86159235
-0.86560744
-0.867324
-0.87308824
-0.8668198
-0.86711043
-0.86472327
-0.8655844
-0.86502534
-0.86606884
-0.86017865
-0.8652734
-0.8675328
-0.8666098
-0.8673311
-0.8667706
-0.8642675
-0.86957926
-0.86727965
-0.86718124
-0.8661528
-0.859025
-0.8624545
-0.8699846
-0.8682298
-0.86593926
-0.8669672
-0.8609768
-0.86772203
-0.8589454
-0.86484313
-0.87178427
-0.8633487
-0.86948955
-0.8581795
-0.8602466
-0.86533624
-0.86541414
-0.87043226
-0.8681947
-0.86739236
-0.8603983
-0.86116654
-0.8646237
-0.8664757
-0.8697166
-0.86293274
-0.8691102
-0.8627795
-0.8656997
-0.8653366
-0.8724782
-0.8638472
-0.85740954
-0.8665432
-0.8652211
-0.8662902
-0.8704205
-0.86866117
-0.8697022
-0.8701723
-0.86587024
-0.86639094
-0.86919826
-0.8669424
-0.87203985
-0.86599404
-0.8660298
-0.8688806
-0.8640907
-0.8664272
-0.8689328
-0.8693868
-0.8616124
-0.8640285
-0.8681638
-0.8689279
-0.8625441
-0.8649405
-0.8671841
-0.8657608
-0.8656578
-0.8610297
-0.8707464
-0.8686771
-0.8723685
-0.86736906
-0.8666581
-0.86333007
-0.8702784
-0.8682586
-0.8657482
-0.86858773
-0.8615222
-0.86256367
-0.8673115
-0.8666288
-0.8670997
-0.86867666
-0.8683501
-0.870143
-0.8650519
-0.87018055
-0.87019926
-0.86884624
-0.86742043
-0.8637116
-0.87092775
-0.8667591
-0.8657591
-0.86368203
-0.86716634
-0.8721078
-0.8712132
-0.862813
-0.86729157
-0.8648825
-0.8636461
-0.86578107
-0.8616113
-0.8624694
-0.8622703
-0.8666423
-0.8674536
-0.86849034
-0.8678427
-0.8648793
-0.8686654
-0.8661437
-0.86881846
-0.8687536
-0.8616989
-0.8722538
-0.86732304
-0.8714745
-0.87070733
-0.86938304
-0.8690674
-0.8683176
-0.8674988
-0.87017995
-0.8661091
-0.8684745
-0.86491275
-0.86935127
-0.8668441
-0.8640943
-0.8707051
-0.8666588
-0.8665952
-0.86169547
-0.86497635
-0.868342
-0.86874527
-0.8746846
-0.8721577
-0.869599
-0.8723985
-0.8634742
-0.8676496
-0.8655115
-0.8616148
-0.871535
-0.86353624
-0.86831653
-0.86907345
-0.87036496
-0.86939174
-0.8676153
-0.8676938
-0.8627115
-0.8709085
-0.87074184
-0.8667038
-0.87178075
-0.8622231
-0.8681773
-0.8659421
-0.86424065
-0.8669563
-0.87119555
-0.8653305
-0.8687709
-0.86380833
-0.8645896
-0.86939234
-0.86576706
-0.8642842
-0.8655316
-0.86702186
-0.868908
-0.8663764
-0.86494523
-0.86219126
-0.86504066
-0.86688995
-0.8647307
-0.86902326
-0.866756
-0.86893755
-0.86939895
-0.8697975
-0.8671745
-0.864646
-0.8612556
-0.86226225
-0.86306256
-0.8659149
-0.86249423
-0.8645822
-0.85358614
-0.8624343
-0.866406
-0.86622965
-0.8621356
-0.86407
-0.86571264
-0.8704444
-0.869408
-0.8611409
-0.8628865
-0.8676278
-0.86735845
-0.8648544
-0.8651919
-0.8698648
-0.86538064
-0.8675601
-0.86587185
-0.8665393
-0.8715528
-0.86530113
-0.8659076
-0.8694409
-0.8653951
-0.8707122
-0.86372983
-0.86618865
-0.8674471
-0.86683047
-0.8731079
-0.86690927
-0.8682831
-0.86754596
-0.8627763
-0.8664512
-0.86439174
-0.8668747
-0.8679736
-0.86680824
-0.8660486
-0.8689459
-0.86953497
-0.8700428
-0.86345226
-0.8651921
-0.86513054
-0.86415154
-0.8626409
-0.86950344
-0.8703979
-0.86680573
-0.8691095
-0.86676365
-0.86235183
-0.8634726
-0.86985695
-0.86542463
-0.86653507
-0.8671449
-0.8656251
-0.8624758
-0.8706462
-0.87105954
-0.8732576
-0.86665934
-0.86505795
-0.87181747
-0.8675284
-0.8619987
-0.866417
-0.86887544
-0.8632788
-0.8680982
-0.8656354
-0.8692718
-0.8694196
-0.8642244
-0.8676481
-0.86659914
-0.8645802
-0.8649361
-0.86965626
-0.8668571
-0.86677504
-0.8705763
-0.8714747
-0.86627865
-0.86721814
-0.87096614
-0.8665092
-0.8619102
-0.8744956
-0.86500454
-0.86337876
-0.8703273
-0.86352956
-0.86740935
-0.86442274
-0.8681557
-0.86587644
-0.8611202
-0.8694081
-0.8649911
-0.8627129
-0.87074506
-0.86635506
-0.87083375
-0.8665852
-0.86495
-0.8637944
-0.8709705
-0.87215674
-0.8705401
-0.8689286
-0.8676525
-0.86615485
-0.866587
-0.8716049
-0.8667681
-0.86857647
-0.8634302
-0.87461966
-0.8700159
-0.86454535
-0.86816746
-0.869326
-0.8707904
-0.8691812
-0.8713197
-0.8717117
-0.8689577
-0.87260985
-0.8632472
-0.867573
-0.8639073
-0.8697424
-0.8688601
-0.8592397
-0.8725125
-0.8647463
-0.8667342
-0.86639386
-0.87273794
-0.8659929
-0.8652071
-0.86507696
-0.86529857
-0.86297315
-0.8701587
-0.866229
-0.85844094
-0.87232816
-0.86900353
-0.8648034
-0.8667734
-0.8713631
-0.8688795
-0.86775464
-0.8689964
-0.8679513
-0.8680089
-0.8643017
-0.86165184
-0.8676216
-0.87115604
-0.8646376
-0.8705327
-0.86944866
-0.86412674
-0.8613876
-0.86467886
-0.8697529
-0.8653092
-0.8665568
-0.8656987
-0.8660874
-0.86361253
-0.86392975
-0.86718994
-0.86333686
-0.86637795
-0.8672419
-0.8632816
-0.86891836
-0.86640286
-0.8677697
-0.8680703
