-0.8429387
-0.8622864
-0.87527674
-0.89297503
-0.91172534
-0.93074006
-0.93530434
-0.9285329
-0.9391247
-0.9442732
-0.94167006
-0.94218516
-0.9406693
-0.9423709
-0.94305474
-0.94501877
-0.9440352
-0.94431454
-0.94320357
-0.9449048
-0.94808763
-0.94761616
-0.9457856
-0.94495755
-0.94641036
-0.95045614
-0.9516693
-0.9516376
-0.94737023
-0.9461897
-0.95014536
-0.9503572
-0.9494441
-0.9523808
-0.95318884
-0.95348537
-0.9533588
-0.9535144
-0.9522542
-0.95296276
-0.95510733
-0.9519385
-0.95281273
-0.9548044
-0.95589554
-0.9538079
-0.9516252
-0.95438725
-0.95426804
-0.95565206
-0.95623577
-0.9561043
-0.95690966
-0.95733136
-0.9551928
-0.9572246
-0.9578297
-0.9557953
-0.95760185
-0.9574143
-0.95602155
-0.95550483
-0.95504206
-0.95772123
-0.95763946
-0.95598155
-0.9593439
-0.95935184
-0.95865226
-0.95714116
-0.9583675
-0.9598738
-0.95758426
-0.95945954
-0.95962703
-0.95780796
-0.9569628
-0.95997196
-0.9591749
-0.9590468
-0.9604586
-0.9595356
-0.959045
-0.96053463
-0.95829034
-0.9598099
-0.96110094
-0.95981556
-0.95908165
-0.9588267
-0.9601756
-0.95837694
-0.95886433
-0.9603032
-0.96039623
-0.9609571
-0.9581137
-0.95829207
-0.956817
-0.9569806
-0.95775324
-0.95833576
-0.95924664
-0.9569733
-0.9603014
-0.95996076
-0.9578909
-0.9594289
-0.9595507
-0.9593172
-0.9606439
-0.9602192
-0.95920926
-0.9606969
-0.96029145
-0.96014285
-0.95924187
-0.96020544
-0.96105176
-0.9611754
-0.9620802
-0.96192706
-0.9600927
-0.9617226
-0.9609365
-0.96097887
-0.9612693
-0.95908076
-0.9553319
-0.9595504
-0.9573564
-0.95720494
-0.9558433
-0.9574153
-0.9575255
-0.95905954
-0.9585599
-0.9591307
-0.95862055
-0.9591202
-0.95770735
-0.95887154
-0.95664996
-0.9579806
-0.9604036
-0.9593959
-0.9588487
-0.96076965
-0.9603549
-0.9611162
-0.9609877
-0.96096903
-0.9610531
-0.9603447
-0.96160525
-0.9606011
-0.96153957
-0.96102494
-0.9610608
-0.962193
-0.96015334
-0.960692
-0.95891
-0.96068805
-0.961234
-0.96131593
-0.96046084
-0.962844
-0.96007615
-0.9583465
-0.96107715
-0.9604023
-0.96095586
-0.9609113
-0.9603051
-0.9604455
-0.9605559
-0.9601905
-0.9603248
-0.95717204
-0.96175
-0.9598193
-0.9599793
-0.9612191
-0.95979726
-0.9605691
-0.9603019
-0.9599006
-0.9589797
-0.9612202
-0.9605097
-0.9606112
-0.96023464
-0.961206
-0.9613673
-0.9595962
-0.9618945
-0.96093506
-0.96033347
-0.9607091
-0.960165
-0.9606659
-0.96240216
-0.9599313
-0.9609572
-0.96142226
-0.9602397
-0.9612644
-0.96222025
-0.9612119
-0.95953506
-0.96248144
-0.95991564
-0.96007484
-0.9620694
-0.9604023
-0.96257627
-0.9622089
-0.960756
-0.9595475
-0.9614327
-0.95719516
-0.9603377
-0.9630013
-0.9601264
-0.9602645
-0.9615034
-0.9612837
-0.9601079
-0.9617845
-0.9614205
-0.96235675
-0.9624932
-0.9610278
-0.9611517
-0.9620067
-0.96294975
-0.9615037
-0.96054566
-0.9622941
-0.9626492
-0.96249855
-0.9614891
-0.96206105
-0.9599003
-0.9591321
-0.96040046
-0.9579238
-0.95841885
-0.9587852
-0.9577862
-0.9574885
-0.9561889
-0.95829743
-0.9588305
-0.95559037
-0.9571938
-0.9601421
-0.9594184
-0.9591988
-0.9596468
-0.9593007
-0.9597043
-0.96065646
-0.9590583
-0.9579357
-0.9610382
-0.96022093
-0.95963144
-0.9612803
-0.9605056
-0.960764
-0.9610461
-0.96037185
-0.9587927
-0.9616969
-0.959815
-0.9609839
-0.9625826
-0.95990413
-0.96035415
-0.9608629
-0.961235
-0.9603191
-0.9623128
-0.9603796
-0.9609241
-0.96106195
-0.9600594
-0.96131825
-0.9622711
-0.9606424
-0.9605213
-0.9616839
-0.9604929
-0.9601362
-0.9612792
-0.96222234
-0.960842
-0.96013117
-0.9634057
-0.96155864
-0.961519
-0.96301216
-0.9624399
-0.96147984
-0.96052665
-0.96265894
-0.95890236
-0.9606876
-0.95589757
-0.9530804
-0.9554871
-0.9558785
-0.9530662
-0.9448275
-0.9434142
-0.9453657
-0.94703615
-0.9517913
-0.954752
-0.9541083
-0.9518715
-0.9490168
-0.9499136
-0.95397824
-0.95695806
-0.95306575
-0.94880205
-0.9522923
-0.9562306
-0.95654047
-0.95471406
-0.9558317
-0.95994186
-0.9582075
-0.95491517
-0.9549167
-0.9586227
-0.95932585
-0.95843554
-0.95780444
-0.95847166
-0.9599507
-0.95954275
-0.9586042
-0.9613907
-0.96119
-0.9595036
-0.9604444
-0.9606493
-0.9591392
-0.9575426
-0.96113485
-0.961416
-0.9605001
-0.95995426
-0.9616729
-0.96138126
-0.9614331
-0.9609024
-0.96245986
-0.9619133
-0.96359223
-0.96191436
-0.9627004
-0.96264946
-0.96095747
-0.96311486
-0.95978063
-0.9620132
-0.96271646
-0.96113485
-0.9629247
-0.96303743
-0.96311915
-0.9619054
-0.9624519
-0.96253604
-0.96132934
-0.9620011
-0.96160245
-0.9622912
-0.962228
-0.962225
-0.9620079
-0.96300346
-0.95934206
-0.95715666
-0.96071786
-0.96159756
-0.95978844
-0.957821
-0.9602534
-0.9622139
-0.9604218
-0.96095896
-0.9616362
-0.9622861
-0.96014464
-0.9632111
-0.961187
-0.9613703
-0.9611135
-0.9621338
-0.9597599
-0.9619803
-0.9631857
-0.9611352
-0.96244246
-0.9630926
-0.9612304
-0.961932
-0.96300554
-0.9601208
-0.961109
-0.96295214
-0.96243244
-0.9611932
-0.9628446
-0.9615804
-0.9612781
-0.9618305
-0.9618248
-0.96038514
-0.96234524
-0.9613957
-0.9610868
-0.9604987
-0.9619178
-0.96101266
-0.9616268
-0.96150464
-0.9626787
-0.96108687
-0.9628679
-0.9604989
-0.9597293
-0.9627102
-0.96151954
-0.9588045
-0.960579
-0.9604447
-0.96084297
-0.96106976
-0.9589787
-0.9601432
-0.9631944
-0.9608497
-0.960858
-0.96312535
-0.9611379
-0.9599455
-0.9630007
-0.96233606
-0.9631507
-0.9632734
-0.96130645
-0.9607417
-0.96185166
-0.96085155
-0.9615113
-0.9625285
-0.96330696
-0.9625142
-0.9617534
-0.96246344
-0.9630121
-0.9625562
-0.96177566
-0.9611448
-0.9624464
-0.9628292
-0.9624011
-0.96114856
-0.9622466
-0.9625095
-0.96089655
-0.96227366
-0.9616864
-0.9630322
-0.9617221
-0.96222407
-0.96230996
-0.9634192
-0.9620407
-0.9615939
-0.9620517
-0.9618033
-0.96132636
-0.96243286
-0.9615628
-0.9611676
-0.963014
-0.9618956
-0.96190846
-0.96293914
-0.96034545
-0.962337
-0.9618782
-0.96123266
-0.9616837
-0.9627823
-0.9608056
-0.96137184
-0.9614653
-0.9614019
-0.9608812
-0.9610506
-0.9615097
-0.96139544
-0.962556
-0.9611796
-0.9636518
-0.96279407
-0.96202606
-0.9622347
-0.9616397
-0.961711
-0.96166563
-0.9604439
-0.9621393
-0.9623476
-0.9607775
-0.95952296
-0.9593661
-0.96139
-0.96008295
-0.9594167
-0.9633096
-0.96204156
-0.95900506
-0.9615373
-0.9619706
-0.9604454
-0.9602815
-0.9609113
-0.961616
-0.9620615
-0.9621194
-0.95963544
-0.96227485
-0.9617402
-0.9616628
-0.96212673
-0.9601533
-0.9612812
-0.9618504
-0.961063
-0.96139383
-0.9621654
-0.9604552
-0.9597164
-0.9591756
-0.94990337
-0.95419884
-0.95876217
-0.95852786
-0.95494
-0.9564274
-0.96035874
-0.9540304
-0.95376045
-0.9600374
-0.95995927
-0.9575364
-0.95753324
-0.9620426
-0.95781213
-0.95825547
-0.95865655
-0.95706475
-0.96021503
-0.95877045
-0.9604319
-0.9616102
-0.95888
-0.95993865
-0.95880705
-0.96067977
-0.9606531
-0.95812607
-0.9556309
-0.9579678
-0.95862997
-0.95938283
-0.95967185
-0.9598648
-0.95961833
-0.96042544
-0.96007544
-0.9595715
-0.9626385
-0.96216756
-0.9613799
-0.9626412
-0.96243346
-0.9617691
-0.96115965
-0.96083415
-0.96156883
-0.9603763
-0.9611152
-0.9621555
-0.961654
-0.9619814
-0.9623627
-0.9614992
-0.9620612
-0.9618865
-0.96124095
-0.95996165
-0.9612082
-0.9624532
-0.9632833
-0.96254915
-0.96242476
-0.96172684
-0.96171063
-0.96377134
-0.9606148
-0.96266013
-0.9639043
-0.9637683
-0.96104556
-0.962314
-0.96264803
-0.9630085
-0.96275026
-0.96133727
-0.9617516
-0.9617795
-0.9607685
-0.95840335
-0.95915574
-0.9599264
-0.95955765
-0.95707196
-0.95555645
-0.9589023
-0.95951855
-0.9600256
-0.9574656
-0.95865065
-0.95958304
-0.95801
-0.9577955
-0.9606583
-0.96194077
-0.96095
-0.9611266
-0.9610745
-0.96196836
-0.96160257
-0.96247166
-0.9613715
-0.9624128
-0.9604645
-0.96063507
-0.9604694
-0.9609048
-0.96192676
-0.9607576
-0.96150655
-0.96248573
-0.96385026
-0.96234566
-0.9616777
-0.9631296
-0.96228325
-0.96298534
-0.9609248
-0.9619089
-0.9603789
-0.9602434
-0.96168524
-0.9602624
-0.96193254
-0.9615602
-0.9602792
-0.95969594
-0.96175593
-0.96045566
-0.96172315
-0.9607923
-0.96147144
-0.96095884
-0.9634304
-0.96138555
-0.96193385
-0.9611532
-0.96111965
-0.96102566
-0.96122307
-0.96085423
-0.9615404
-0.9607542
-0.9617203
-0.96274954
-0.9625812
-0.96151567
-0.9626178
-0.9640568
-0.9610808
-0.9609606
-0.9617529
-0.9603702
-0.9616547
-0.9633061
-0.9618916
-0.96228147
-0.9615308
-0.9553654
-0.95510244
-0.95963615
-0.95735717
-0.956333
-0.9601461
-0.96248543
-0.9591236
-0.9578091
-0.9601794
-0.96180725
-0.9600845
-0.9614832
-0.9610248
-0.96135765
-0.96027565
-0.96112585
-0.9606076
-0.9602832
-0.9603119
-0.9615056
-0.9607261
-0.9619995
-0.9624845
-0.96174973
-0.96081924
-0.9622116
-0.9608363
-0.962141
-0.9616591
-0.9618092
-0.96184605
-0.9620152
-0.9619148
-0.96262693
-0.9612066
-0.9634057
-0.962233
-0.96121454
-0.95996314
-0.96199495
-0.9627624
-0.96051663
-0.9591735
-0.96224755
-0.9606214
-0.9591709
-0.9611992
-0.9626609
-0.9599951
-0.96133906
-0.9631746
-0.96174073
-0.96138334
-0.9631538
-0.9619104
-0.9617557
-0.9625234
-0.96347773
-0.9604358
-0.96147716
-0.9626623
-0.96346897
-0.96056145
-0.96105605
-0.96233153
-0.96044767
-0.96103364
-0.9629027
-0.9625261
-0.9605598
-0.96155304
-0.96226823
-0.9624405
-0.9612607
-0.9585882
-0.96156615
-0.9629846
-0.9605926
-0.962015
-0.96260136
-0.96100986
-0.9636293
-0.96251076
-0.96346134
-0.9629213
-0.96359724
-0.96325076
-0.96182257
-0.9625793
-0.96152914
-0.96186304
-0.9626146
-0.9628643
-0.96343714
-0.9633394
-0.96302676
-0.9628898
-0.96120316
-0.96258074
-0.9629493
-0.962295
-0.96233577
-0.9625328
-0.96414477
-0.9632122
-0.9628375
-0.96393377
-0.9634097
-0.9628354
-0.96280575
-0.96278805
-0.96277636
-0.96188194
-0.96317106
-0.9631232
-0.963027
-0.963034
-0.9623482
-0.9615081
-0.962219
-0.9631429
-0.9621993
-0.961745
-0.9620049
-0.96045357
-0.96145713
-0.96301216
-0.9585981
-0.96092635
-0.96156275
-0.96255136
-0.9619154
-0.9613337
-0.9619128
-0.96082455
-0.9616898
-0.96208555
-0.9614466
-0.9613687
-0.96086144
-0.9635222
-0.96079874
-0.9598403
-0.961956
-0.9616932
-0.95927966
-0.9620895
-0.96361035
-0.9627747
-0.9614454
-0.96084166
-0.96266353
-0.9624262
-0.9602256
-0.9618955
-0.96422225
-0.95857847
-0.96015716
-0.962597
-0.9622144
-0.9603589
-0.96144795
-0.96366936
-0.96137756
-0.96150106
-0.96250725
-0.96183765
-0.96066946
-0.9615367
-0.96253276
-0.96079475
-0.9600643
-0.96250105
-0.96252555
-0.96158415
-0.96302545
-0.9638811
-0.96183765
-0.9632469
-0.96330774
-0.96292114
-0.9638663
-0.9627954
-0.96368325
-0.9635201
-0.96254843
-0.9624474
-0.96276027
-0.9628802
-0.96251345
-0.96153796
-0.96377766
-0.96243334
-0.96202946
-0.961381
-0.96373403
-0.96256614
-0.9616415
-0.963706
-0.9623567
-0.96245664
-0.96387666
-0.9626926
-0.961102
-0.96269226
-0.96250814
-0.9598191
-0.9617357
-0.9623489
-0.9630077
-0.96306324
-0.9614662
-0.96169484
-0.9633638
-0.96202636
-0.9635746
-0.9618046
-0.96144766
-0.9636166
-0.96126777
-0.9606378
-0.9637354
-0.960706
-0.96014386
-0.962672
-0.96072423
-0.96168935
-0.9637534
-0.9615085
-0.9607319
-0.9632496
-0.9611594
-0.96254325
-0.96179575
-0.9612756
-0.9627542
-0.9620759
-0.9614292
-0.96263653
-0.9621762
-0.9627051
-0.9640435
-0.96186304
-0.9621956
-0.96312404
-0.96323633
-0.96259826
-0.9633686
-0.9630829
-0.96387523
-0.96273965
-0.9605743
-0.9624896
-0.9611107
-0.96222275
-0.9631576
-0.9593362
-0.96034527
-0.9595377
-0.9614103
-0.9625991
-0.9603405
-0.9625228
-0.9619545
-0.96216816
-0.9618701
-0.9628602
-0.9614824
-0.9631472
-0.96280384
-0.96214634
-0.9610699
-0.9594839
-0.9603787
-0.9617293
-0.9608197
-0.9624681
-0.9631326
-0.9626946
-0.9626183
-0.9615355
-0.9619399
-0.9610383
-0.9615537
-0.96316165
-0.96224207
-0.9617271
-0.96235144
-0.9629861
-0.9626597
-0.9617967
-0.96198374
-0.9624021
-0.96228063
-0.963199
-0.9625364
-0.96365523
-0.9628483
-0.9627308
-0.9630901
-0.9619834
-0.9613668
-0.96191514
-0.9605605
-0.9615576
-0.961924
-0.96083736
-0.96302277
-0.96326166
-0.96332103
-0.96034986
-0.961396
-0.9628916
-0.95928764
-0.9603661
-0.9626323
-0.96126765
-0.9593252
-0.96025664
-0.9629667
-0.96143454
-0.9621325
-0.9630213
-0.96213406
-0.9587261
-0.9597423
-0.96126294
-0.9616638
-0.9597787
-0.95863223
-0.95767343
-0.9614477
-0.96313584
-0.9614607
-0.96013206
-0.96180004
-0.9624279
-0.9591339
-0.96103215
-0.9619469
-0.9617745
-0.9621367
-0.96344656
-0.9617071
-0.9608285
-0.96121275
-0.9619668
-0.9603796
-0.96281576
-0.9632772
-0.96220297
-0.96218354
-0.96180254
-0.9625132
-0.96069753
-0.96299314
-0.96141857
-0.9616825
-0.9625793
-0.9619399
-0.9632816
-0.961116
-0.9587028
-0.9593623
-0.9627098
-0.95967454
-0.962584
-0.96248543
-0.9627148
-0.96282685
-0.96224993
-0.9627314
-0.96239316
-0.96157676
-0.9608813
-0.96115535
-0.9603744
-0.9618158
-0.9575161
-0.9621613
-0.9628108
-0.9624936
-0.9615676
-0.96353894
-0.9635942
-0.96188533
-0.96293813
-0.9629268
-0.96194553
-0.96141654
-0.96150583
-0.9629264
-0.96270317
-0.96281934
-0.962226
-0.96224517
-0.96054053
-0.96129525
-0.9628825
-0.9593385
-0.9590284
-0.9606299
-0.9609784
-0.96186835
-0.9620227
-0.96207666
-0.9622671
-0.9618158
-0.95959574
-0.96195245
-0.9621119
-0.96220773
-0.96258783
-0.9618258
-0.9627764
-0.9625251
-0.963265
-0.9625873
-0.9620922
-0.96226233
-0.960563
-0.9614016
-0.96155864
-0.9617341
-0.9605685
-0.9623274
-0.96323085
-0.96058136
-0.9590755
-0.9621962
-0.9617121
-0.95959836
-0.9610338
-0.9618022
-0.9606971
-0.9597904
-0.96282685
-0.963356
-0.960743
-0.96039414
-0.9616108
-0.9626099
-0.962919
-0.96058017
-0.9638519
-0.9613288
-0.96175283
-0.96361285
-0.96240187
-0.9622597
-0.96277845
-0.9626021
-0.9634941
-0.96313906
-0.9627625
-0.963357
-0.96434057
-0.9632034
-0.96338415
-0.96173507
-0.96190965
-0.96254444
-0.96307933
-0.9621123
-0.96187294
-0.9623471
-0.9635506
-0.96250874
-0.96266377
-0.96206754
-0.9625116
-0.96194625
-0.96181357
-0.9626809
-0.96244913
-0.9605718
-0.961363
-0.959929
-0.9633849
-0.9617709
-0.9603964
-0.9620709
-0.9610988
-0.9608383
-0.9616967
-0.96097827
-0.9624999
-0.9611296
-0.9628507
-0.9620709
-0.963659
-0.9618834
-0.9620601
-0.96286845
-0.9628358
-0.9636169
-0.96254843
-0.96353257
-0.9628546
-0.9624003
-0.9628617
-0.9637077
-0.96231866
-0.9624392
-0.9620045
-0.9634642
-0.9619097
-0.96215254
-0.9624683
-0.9621822
-0.9625197
-0.9623982
-0.9628428
-0.9635007
-0.9639454
-0.9624618
-0.9624471
-0.9620804
-0.9634246
-0.96231014
-0.96279
-0.9643726
-0.9619196
-0.9636405
-0.9619221
-0.9636467
-0.9632116
-0.9622671
-0.9624262
-0.9625066
-0.9619582
-0.9628573
-0.96261907
-0.963759
-0.9616193
-0.96410626
-0.96446854
-0.96129173
-0.96236116
-0.96226686
-0.9622034
-0.96394193
-0.9613694
-0.963177
-0.9632638
-0.96265143
-0.9634848
-0.96242905
-0.96194327
-0.96377885
-0.96333647
-0.96299195
-0.9629612
-0.96299213
-0.9620562
-0.9632583
-0.9639894
-0.9633274
-0.9619148
-0.96119434
-0.96247786
-0.9627022
-0.9617602
-0.96278304
-0.96237075
-0.963434
-0.96130913
-0.9523191
-0.9405536
-0.9430859
-0.9459713
-0.94754684
-0.9431992
-0.94706863
-0.94820195
-0.94937414
-0.9504579
-0.9502913
-0.95362407
-0.9577531
-0.9542303
-0.95515996
-0.95677507
-0.9568614
-0.9566387
-0.95662385
-0.95679075
-0.95913666
-0.9602507
-0.95934224
-0.9607314
-0.9598951
-0.9601316
-0.96192425
-0.9613239
-0.9635867
-0.96224684
-0.9611294
-0.9613277
-0.9623734
-0.96384704
-0.9621201
-0.9613648
-0.9621874
-0.9617405
-0.96208686
-0.9618945
-0.96310306
-0.96167815
-0.9619947
-0.9621911
-0.96225584
-0.96221507
-0.9642542
-0.9619707
-0.96225363
-0.9631746
-0.9629079
-0.9620248
-0.96264553
-0.96201175
-0.96170056
-0.9618796
-0.961605
-0.96169686
-0.9632603
-0.9609968
-0.9616844
-0.9631091
-0.9620005
-0.9620683
-0.9635617
-0.96260023
-0.96243656
-0.96291536
-0.96226996
-0.9624191
-0.9619624
-0.96276754
-0.96352845
-0.9638891
-0.96094495
-0.9638108
-0.96259826
-0.9618834
-0.9617467
-0.9517371
-0.94538146
-0.94663763
-0.9480248
-0.95031446
-0.95479494
-0.9537827
-0.95244455
-0.95290065
-0.9556834
-0.95837647
-0.95698327
-0.95422256
-0.95594496
-0.9589937
-0.95676327
-0.9561279
-0.9577688
-0.95572597
-0.9520658
-0.95296735
-0.9558056
-0.957261
-0.95800346
-0.95472986
-0.95563465
-0.9583815
-0.9583354
-0.95790875
-0.9585806
-0.9601477
-0.9601185
-0.9568715
-0.9613
-0.96107435
-0.9617342
-0.96140784
-0.9617542
-0.9631932
-0.960255
-0.96114755
-0.96160924
-0.96006966
-0.9596942
-0.9615286
-0.9617636
-0.9609215
-0.96235865
-0.9611539
-0.9602758
-0.9612041
-0.9596818
-0.9596772
-0.9618347
-0.9605537
-0.96073246
-0.9622065
-0.961564
-0.96157944
-0.9618594
-0.96195704
-0.9613658
-0.96016526
-0.963041
-0.9608888
-0.9593731
-0.96046585
-0.96107376
-0.95828503
-0.9587201
-0.96162117
-0.96010965
-0.95680857
-0.96062857
-0.96085453
-0.9587258
-0.95849824
-0.96216726
-0.9585996
-0.958557
-0.9628978
-0.96184283
-0.95861816
-0.95977694
-0.9636752
-0.95896465
-0.9577885
-0.9630134
-0.9587467
-0.960213
-0.9626723
-0.96026635
-0.96041846
-0.9633266
-0.96275795
-0.96078396
-0.96177256
-0.96169364
-0.9622965
-0.96131724
-0.9617376
-0.96223027
-0.9617289
-0.962054
-0.96151656
-0.9600575
-0.96183646
-0.96286017
-0.9620582
-0.96326154
-0.9624557
-0.9627693
-0.9628988
-0.96254385
-0.96288025
-0.9622893
-0.962591
-0.96280074
-0.9627699
-0.9628653
-0.96339875
-0.9622882
-0.9634352
-0.9622839
-0.96265805
-0.9631771
-0.9635007
-0.9631974
-0.9617822
-0.96235627
-0.963516
-0.9640052
-0.9633751
-0.96384305
-0.96211636
-0.96160746
-0.9631497
-0.96233976
-0.9632024
-0.9621786
-0.96175987
-0.9621118
-0.96373856
-0.96225715
-0.96153337
-0.96317583
-0.96194667
-0.9640309
-0.9624232
-0.96218044
-0.963071
-0.96242994
-0.9632642
-0.9635812
-0.96294546
-0.9627983
-0.96214974
-0.9641683
-0.96397823
-0.9636637
-0.96254003
-0.9624496
-0.96240985
-0.96294594
-0.9633047
-0.9614997
-0.9610779
-0.9618259
-0.9615162
-0.9586821
-0.96113044
-0.96242
-0.9617801
-0.9605473
-0.96213204
-0.96327907
-0.9621655
-0.9631851
-0.96498513
-0.96285546
-0.96237916
-0.9624644
-0.962587
-0.96201485
-0.9639237
-0.96246296
-0.96315414
-0.96323794
-0.9626032
-0.9636499
-0.96252054
-0.96234906
-0.9618067
-0.96179986
-0.96315575
-0.9627401
-0.96275455
-0.96333283
-0.96346456
-0.9629946
-0.9621033
-0.9631073
-0.96124864
-0.96226025
-0.96221405
-0.96247125
-0.96190464
-0.96375585
-0.9624659
-0.9631896
-0.96231705
-0.9626678
-0.9620935
-0.9625612
-0.96467817
-0.96425796
-0.9637602
-0.96300066
-0.9638249
-0.96391433
-0.96375203
-0.96292865
-0.96352035
-0.96360093
-0.963081
-0.9627649
-0.9621407
-0.96219975
-0.96213114
-0.9620777
-0.9617075
-0.96258163
-0.9638818
-0.962379
-0.96285975
-0.9635171
-0.96282077
-0.96145993
-0.9633688
-0.9634019
-0.9623667
-0.9624337
-0.96338314
-0.9614795
-0.9621396
-0.9624994
-0.96136236
-0.96074843
-0.962963
-0.96207523
-0.9605222
-0.96010876
-0.9625735
-0.9623623
-0.96117425
-0.96386445
-0.96387064
-0.96343416
-0.9598508
-0.9581331
-0.9629174
-0.9619399
-0.95962846
-0.9605265
-0.96233135
-0.9613909
-0.9620105
-0.9616902
-0.96190727
-0.9638891
-0.9610124
-0.9612564
-0.96308744
-0.961388
-0.96221536
-0.9642117
-0.96019
-0.96207255
-0.9631063
-0.96291304
-0.958298
-0.9628687
-0.96352136
-0.96041626
-0.9611257
-0.9628855
-0.96366185
-0.9619198
-0.96169895
-0.961847
-0.9628982
-0.96106434
-0.9620189
-0.9625163
-0.9606423
-0.96110934
-0.9638665
-0.9624116
-0.96312785
-0.9624898
-0.9628075
-0.9616267
-0.96176
-0.9622828
-0.963239
-0.96302825
-0.96301097
-0.9619896
-0.96241206
-0.9644459
-0.9617943
-0.96317285
-0.96343964
-0.9624067
-0.96441054
-0.9641157
-0.9627079
-0.9631802
-0.96257657
-0.9597227
-0.9631722
-0.96321446
-0.96292174
-0.9628993
-0.9624529
-0.96206063
-0.962916
-0.962617
-0.964238
-0.9623883
-0.96366644
-0.9635784
-0.9625083
-0.9636055
-0.96325177
-0.9631898
-0.96273434
-0.96370685
-0.9627488
-0.9643795
-0.96251476
-0.96369505
-0.9630624
-0.96319395
-0.9624861
-0.96282434
-0.96270895
-0.9633295
-0.9627509
-0.9622305
-0.95986736
-0.96109504
-0.9624474
-0.961866
-0.96117723
-0.96077085
-0.96220905
-0.9611868
-0.9600013
-0.9647136
-0.9616736
-0.95993763
-0.9619508
-0.9620804
-0.9634186
-0.9606981
-0.9630366
-0.96323115
-0.95901984
-0.96072316
-0.96384186
-0.9625691
-0.9611945
-0.96275127
-0.9636538
-0.96268594
-0.96161145
-0.9627991
-0.961913
-0.9623146
-0.9628698
-0.9626312
-0.96225333
-0.9635675
-0.9633868
-0.96349293
-0.96304494
-0.96295154
-0.962595
-0.96143144
-0.9629865
-0.9623111
-0.9561085
-0.9524842
-0.957513
-0.959515
-0.9548176
-0.9546302
-0.9583713
-0.9602116
-0.9590495
-0.9598827
-0.9624628
-0.96090144
-0.9593788
-0.9602554
-0.9595887
-0.9593337
-0.9616234
-0.9614505
-0.9611893
-0.96046495
-0.9620735
-0.96201164
-0.96274835
-0.962756
-0.962437
-0.96250165
-0.9620097
-0.9613677
-0.96146196
-0.9613508
-0.9599804
-0.9610577
-0.9615644
-0.96320695
-0.9632725
-0.96188205
-0.962225
-0.9624331
-0.9615876
-0.9628018
-0.9627769
-0.96288085
-0.9647656
-0.9635104
-0.962325
-0.96277153
-0.96234214
-0.96344864
-0.9629919
-0.9632338
-0.96438694
-0.9622593
-0.9630413
-0.9619509
-0.96132237
-0.96114874
-0.9622515
-0.9634985
-0.96348107
-0.96219486
-0.96284294
-0.96332335
-0.9631914
-0.9631549
-0.96170187
-0.9635123
-0.96198356
-0.9632081
-0.96329
-0.96263677
-0.9617478
-0.9629882
-0.9646016
-0.9631282
-0.9638882
-0.9628524
-0.9615928
-0.9614336
-0.96191174
-0.9606377
-0.96068466
-0.96264213
-0.9617573
-0.96134573
-0.9632193
-0.9641307
-0.9631109
-0.9630858
-0.9627807
-0.96318835
-0.9623599
-0.9636426
-0.9604958
-0.9611797
-0.96222365
-0.9621768
-0.9608806
-0.95883566
-0.9612143
-0.96185863
-0.96044207
-0.959138
-0.95971704
-0.9621711
-0.95920914
-0.9606525
-0.9609258
-0.9622879
-0.96223223
-0.96173066
-0.96255904
-0.9629705
-0.96241075
-0.96223
-0.9606342
-0.9625521
-0.9631662
-0.96246314
-0.9629226
-0.9626803
-0.96288556
-0.96202934
-0.96109533
-0.96272737
-0.9636866
-0.96281224
-0.96315557
-0.9634265
-0.96379
-0.9628053
-0.9631587
-0.96326375
-0.9627667
-0.9631821
-0.96377563
-0.9631732
-0.96260864
-0.96360546
-0.9629419
-0.9629549
-0.9627995
-0.964179
-0.9632182
-0.9629292
-0.9644194
-0.96306086
-0.96288157
-0.96396875
-0.96321416
-0.9644594
-0.9631686
-0.96308595
-0.96332264
-0.96173155
-0.9629722
-0.9637375
-0.9635341
-0.9622513
-0.96325016
-0.96236867
-0.96394634
-0.96378434
-0.9640282
-0.96346176
-0.96295595
-0.9630616
-0.96262974
-0.96262944
-0.9625729
-0.96352106
-0.96309626
-0.9633752
-0.9641037
-0.9629549
-0.96317047
-0.9608233
-0.9629476
-0.9639503
-0.9643968
-0.9631062
-0.9634809
-0.9631108
-0.962928
-0.962532
-0.963739
-0.9633019
-0.9635698
-0.9641192
-0.9640906
-0.9628276
-0.96468604
-0.9637525
-0.9624029
-0.9632114
-0.96227455
-0.962738
-0.9640455
-0.9638777
-0.9626931
-0.9631899
-0.9638617
-0.96269745
-0.9631453
-0.9627396
-0.9626905
-0.9634536
-0.96389824
-0.9623198
-0.96437275
-0.96333605
-0.9639041
-0.9636004
-0.9626424
-0.9638505
-0.9637084
-0.961151
-0.96170354
-0.9620346
-0.962613
-0.9612752
-0.962023
-0.9631466
-0.9609652
-0.96116716
-0.9622121
-0.96199644
-0.9623098
-0.96354896
-0.96229506
-0.9624768
-0.95924455
-0.9639389
-0.96221113
-0.9625417
-0.9622351
-0.9625487
-0.96226263
-0.96297157
-0.9632807
-0.96286786
-0.9632125
-0.9635574
-0.96278405
-0.963553
-0.96178865
-0.96269536
-0.96239555
-0.96393484
-0.9628332
-0.9615515
-0.9637102
-0.9632952
-0.9621699
-0.96285605
-0.96251386
-0.9628634
-0.9626464
-0.96318173
-0.9616649
-0.96411383
-0.96348435
-0.9629087
-0.96387327
-0.9623645
-0.962656
-0.9623609
-0.96411836
-0.96336365
-0.9636886
-0.96217734
-0.9630704
-0.96241844
-0.96250147
-0.96251434
-0.9617744
-0.9627012
-0.962948
-0.9548556
-0.94649094
-0.9480964
-0.94839925
-0.95393807
-0.9505821
-0.94597924
-0.94597685
-0.94382346
-0.94362515
-0.9457285
-0.94766515
-0.9493639
-0.95113957
-0.94884014
-0.95032793
-0.94910866
-0.95123416
-0.953438
-0.95386344
-0.95389324
-0.95568734
-0.9557682
-0.9564314
-0.95843416
-0.96065414
-0.9592263
-0.95984524
-0.9586991
-0.95905995
-0.9603963
-0.961924
-0.96116316
-0.9604934
-0.9615097
-0.9615996
-0.96244746
-0.96167094
-0.9626174
-0.9618301
-0.96167123
-0.9609244
-0.96178275
-0.96149707
-0.9614045
-0.96231395
-0.96234554
-0.9620194
-0.9621449
-0.961902
-0.96313745
-0.9617271
-0.96247226
-0.96210563
-0.9629237
-0.96221757
-0.9622109
-0.96214014
-0.9620294
-0.96245277
-0.9592408
-0.96212804
-0.9630974
-0.96078444
-0.9611321
-0.96238047
-0.96293837
-0.962566
-0.9613124
-0.9621708
-0.9619119
-0.9610931
-0.9618675
-0.9617799
-0.9619873
-0.96109205
-0.961777
-0.9595219
-0.9625637
-0.9624045
-0.9614398
-0.95810795
-0.96233284
-0.96092534
-0.96042746
-0.961154
-0.9622344
-0.9616747
-0.9631415
-0.96260446
-0.96341914
-0.96292186
-0.9605339
-0.9595618
-0.96144176
-0.9609234
-0.9628555
-0.96342963
-0.96268564
-0.96266884
-0.9618407
-0.9624017
-0.9607131
-0.9572064
-0.96007514
-0.961732
-0.9600546
-0.9580359
-0.9582585
-0.95672446
-0.9558605
-0.9578373
-0.9585223
-0.9568946
-0.9566622
-0.959636
-0.95938826
-0.95929915
-0.9594386
-0.9626358
-0.96102434
-0.9607035
-0.9616441
-0.9627816
-0.9609001
-0.96128255
-0.96095335
-0.96160334
-0.96194434
-0.96116614
-0.9629563
-0.9629745
-0.9620558
-0.96179163
-0.9639443
-0.9618966
-0.960844
-0.96154547
-0.96216154
-0.9609696
-0.961944
-0.9635168
-0.9627421
-0.9628907
-0.9625485
-0.9635015
-0.96280587
-0.96167886
-0.96342444
-0.9632656
-0.9624151
-0.96166515
-0.9624708
-0.96388453
-0.9631071
-0.9635746
-0.9621779
-0.9601267
-0.96270025
-0.9625894
-0.96160436
-0.9645977
-0.9627732
-0.96300375
-0.963081
-0.963347
-0.96231997
-0.96307564
-0.962912
-0.9627517
-0.9622333
-0.96236074
-0.9618626
-0.95979077
-0.96281254
-0.9626862
-0.9611493
-0.9623872
-0.9641027
-0.96380156
-0.96389097
-0.9616207
-0.9638403
-0.9631349
-0.96311384
-0.96391565
-0.9628109
-0.96329606
-0.9643904
-0.9618541
-0.96333945
-0.9638698
-0.9630812
-0.9630983
-0.9627723
-0.961426
-0.96354896
-0.96210533
-0.96277976
-0.9629469
-0.9622655
-0.96307755
-0.9632123
-0.9622595
-0.96221316
-0.9618317
-0.96203256
-0.96221393
-0.96247125
-0.96344453
-0.96297866
-0.9631826
-0.96297276
-0.9629185
-0.96293074
-0.964445
-0.9618491
-0.963181
-0.96245325
-0.96249384
-0.9622339
-0.9636134
-0.9629698
-0.9619928
-0.96252453
-0.96332085
-0.9637561
-0.9630054
-0.9639675
-0.96404463
-0.9638945
-0.9629779
-0.96297103
-0.9622596
-0.9623336
-0.96216387
-0.9635307
-0.9606185
-0.95605034
-0.95155936
-0.9521074
-0.95334953
-0.95556104
-0.9547729
-0.9531893
-0.95193756
-0.95108956
-0.95419866
-0.95835507
-0.9552452
-0.9518686
-0.94979006
-0.953884
-0.9577086
-0.95968366
-0.9578809
-0.95465654
-0.9529446
-0.95773405
-0.96031606
-0.95625275
-0.9572933
-0.9547443
-0.9573915
-0.9588958
-0.9594987
-0.959558
-0.9594732
-0.96161264
-0.9618908
-0.9602835
-0.9623317
-0.96178323
-0.96141505
-0.96121484
-0.9625258
-0.96205527
-0.96135765
-0.9632082
-0.96249986
-0.9620407
-0.9628558
-0.96204484
-0.9633347
-0.96174246
-0.96300715
-0.96259195
-0.9621437
-0.9626273
-0.9628233
-0.9627108
-0.96317214
-0.9630339
-0.96259934
-0.9620074
-0.9632918
-0.96300036
-0.9616039
-0.9633544
-0.9635453
-0.96367973
-0.9638043
-0.9634942
-0.9619421
-0.96178144
-0.9621766
-0.9618934
-0.96167654
-0.96196634
-0.9604933
-0.9624207
-0.9627384
-0.9619778
-0.9636492
-0.96182424
-0.962993
-0.9625269
-0.9621064
-0.962726
-0.9629191
-0.96290267
-0.9626043
-0.9632654
-0.9619259
-0.9596223
-0.95576864
-0.9493543
-0.947302
-0.9486882
-0.9492224
-0.9552547
-0.9567961
-0.95224655
-0.9484825
-0.9468136
-0.95012
-0.9554118
-0.9594582
-0.9562257
-0.9537247
-0.95474946
-0.95817685
-0.9586179
-0.95983166
-0.958224
-0.9575988
-0.958068
-0.9592983
-0.9617319
-0.9618121
-0.9602355
-0.9598233
-0.96247995
-0.9612051
-0.96080977
-0.9608873
-0.9623182
-0.9625279
-0.9616353
-0.96213794
-0.96276563
-0.9617809
-0.96162677
-0.96057755
-0.96292144
-0.9618283
-0.96271116
-0.96147805
-0.96182406
-0.9623319
-0.96195364
-0.9615645
-0.96167654
-0.96357113
-0.9629228
-0.9610073
-0.96232754
-0.9630724
-0.96305543
-0.9610926
-0.96172357
-0.96270186
-0.96266776
-0.96187896
-0.961931
-0.9637131
-0.9626567
-0.96106863
-0.96291804
-0.9640419
-0.96137714
-0.96054494
-0.9620929
-0.9629143
-0.96282923
-0.9628041
-0.96264637
-0.9626513
-0.96336615
-0.9632032
-0.9635174
-0.96163267
-0.960441
-0.9625673
-0.9633389
-0.963987
-0.9632435
-0.96246874
-0.9631082
-0.9626953
-0.9617028
-0.9605478
-0.9625283
-0.96159595
-0.9617469
-0.9639308
-0.96263677
-0.9613972
-0.9626591
-0.9627529
-0.96200275
-0.9629943
-0.96356493
-0.96351796
-0.96199346
-0.9640567
-0.9604903
-0.9628103
-0.96404034
-0.9628184
-0.9631002
-0.96348405
-0.96336985
-0.9631146
-0.9638624
-0.96308666
-0.9640696
-0.96358407
-0.96360254
-0.9644484
-0.96335745
-0.96359634
-0.96156216
-0.96276975
-0.96305
-0.9627187
-0.9619026
-0.96094203
-0.9621882
-0.96264035
-0.96116525
-0.96345717
-0.96407133
-0.9615451
-0.96342057
-0.963799
-0.96299756
-0.9632354
-0.9630291
-0.96284646
-0.9609474
-0.9616652
-0.9634514
-0.96269953
-0.9627601
-0.96220523
-0.96332455
-0.96322435
-0.9621258
-0.9644065
-0.9642251
-0.9638682
-0.9631507
-0.9637567
-0.9641387
-0.96309364
-0.9624788
-0.9634756
-0.9644053
-0.96458983
-0.9640883
-0.9638335
-0.9630998
-0.9632769
-0.9636375
-0.96425456
-0.9640664
-0.9628104
-0.9622106
-0.96477354
-0.9630792
-0.9636445
-0.9627084
-0.9633976
-0.9637106
-0.9635352
-0.96250504
-0.963734
-0.9635475
-0.96356946
-0.96376985
-0.9636677
-0.96426386
-0.9638657
-0.9638629
-0.96393234
-0.9641956
-0.9638276
-0.96300966
-0.9625093
-0.9616986
-0.9634795
-0.9620821
-0.9622254
-0.9632394
-0.96169657
-0.96215725
-0.96368474
-0.9633105
-0.96338975
-0.9630668
-0.96171176
-0.9630546
-0.9630457
-0.9631846
-0.96245784
-0.96297383
-0.9641607
-0.9635746
-0.96232855
-0.9636681
-0.9629565
-0.96358997
-0.96322584
-0.962353
-0.96221226
-0.96359396
-0.962886
-0.9618832
-0.9615503
-0.9625054
-0.9630139
-0.96250314
-0.9624074
-0.96221304
-0.96256834
-0.9606787
-0.96268284
-0.96398276
-0.9612904
-0.9604947
-0.95711815
-0.95644283
-0.96320385
-0.9613401
-0.95719427
-0.9570483
-0.9616673
-0.9628698
-0.9593624
-0.95510143
-0.955797
-0.96063906
-0.96352524
-0.96049607
-0.96011007
-0.9606905
-0.9638133
-0.96334416
-0.9614055
-0.9631454
-0.96361387
-0.963441
-0.96087
-0.9626622
-0.96309966
-0.9641063
-0.9637597
-0.96300536
-0.96385324
-0.9628753
-0.96215403
-0.9625815
-0.9627539
-0.9626086
-0.9629994
-0.9627117
-0.96343666
-0.9637572
-0.9636001
-0.96014607
-0.96271616
-0.9631552
-0.96313167
-0.9629677
-0.96341944
-0.9642614
-0.9634794
-0.9638413
-0.96382433
-0.96368575
-0.9634818
-0.963726
-0.96342725
-0.96290916
-0.96306986
-0.96343577
-0.9635604
-0.96218073
-0.96289784
-0.9633535
-0.962425
-0.9636722
-0.96459466
-0.9637435
-0.9638896
-0.9639014
-0.9632782
-0.96241176
-0.96336776
-0.96323824
-0.96308535
-0.9634571
-0.96355844
-0.9632291
-0.9626398
-0.96294737
-0.9628788
-0.9629403
-0.9627778
-0.9632242
-0.9633075
-0.9625307
-0.9609646
-0.96202177
-0.9622523
-0.9620153
-0.96214485
-0.961781
-0.9626115
-0.9603783
-0.9604554
-0.96162254
-0.9618083
-0.96220255
-0.9602681
-0.9606286
-0.9630122
-0.9620879
-0.9606189
-0.9625793
-0.9628133
-0.9615016
-0.9626934
-0.96329933
-0.96251243
-0.9617782
-0.9635381
-0.96208024
-0.96252286
-0.96317595
-0.961214
-0.96151555
-0.96303564
-0.9624174
-0.96163017
-0.9629601
-0.964296
-0.9637286
-0.96206486
-0.962914
-0.9635352
-0.9623366
-0.9639179
-0.9625574
-0.96304196
-0.96214956
-0.9628018
-0.9626961
-0.96343374
-0.9637902
-0.9642978
-0.9623967
-0.9632986
-0.9633392
-0.96347994
-0.96339387
-0.96356285
-0.9628775
-0.96417516
-0.96297294
-0.96405214
-0.9638277
-0.9629162
-0.96369654
-0.9617206
-0.96286935
-0.9631331
-0.96302634
-0.96415335
-0.9633597
-0.964625
-0.963871
-0.9636011
-0.9642159
-0.9620748
-0.9624359
-0.96212816
-0.96265835
-0.96193254
-0.9605806
-0.9626108
-0.96314406
-0.9627909
-0.9634728
-0.9632572
-0.9628279
-0.96305585
-0.9627587
-0.96266365
-0.9628908
-0.9645407
-0.9635353
-0.963263
-0.963016
-0.9635378
-0.96355873
-0.96308315
-0.9630634
-0.96191645
-0.9630156
-0.96304184
-0.96200985
-0.96217734
-0.96288586
-0.96230656
-0.9631213
-0.9628644
-0.9629653
-0.962698
-0.9639983
-0.9629957
-0.96285087
-0.96440727
-0.96394616
-0.9625556
-0.96274185
-0.96299595
-0.9624799
-0.96350914
-0.96359026
-0.96241796
-0.96321833
-0.96409667
-0.9641428
-0.96120447
-0.96519345
-0.9630373
-0.9626259
-0.9651757
-0.96367913
-0.9630658
-0.9647121
-0.96354806
-0.9634161
-0.96333575
-0.9641778
-0.96404874
-0.96324795
-0.96428776
-0.9645514
-0.96447456
-0.9644938
-0.96416783
-0.96356755
-0.9632273
-0.9628622
-0.9639377
-0.96417207
-0.9635658
-0.9625209
-0.9626498
-0.96272063
-0.96351516
-0.9625217
-0.96371865
-0.96517545
-0.963033
-0.9640609
-0.9635009
-0.9635032
-0.9636865
-0.9630881
-0.96458095
-0.96284235
-0.96246964
-0.9639026
-0.9638057
-0.9631855
-0.9642912
-0.96289426
-0.9623166
-0.9625373
-0.9641897
-0.96260095
-0.9633234
-0.9640236
-0.96280724
-0.96359015
-0.96385384
-0.96306497
-0.96346825
-0.9629516
-0.9608676
-0.9636909
-0.96246505
-0.9634947
-0.9631737
-0.96340305
-0.96348315
-0.9639036
-0.9636654
-0.9633944
-0.9632068
-0.96389264
-0.96337587
-0.9627618
-0.9647153
-0.964193
-0.9633988
-0.96410364
-0.963369
-0.9641881
-0.96339357
-0.96374446
-0.9640277
-0.95930004
-0.95651764
-0.95862293
-0.96224713
-0.95744723
-0.9566264
-0.9610207
-0.9624601
-0.9620303
-0.9598135
-0.9586019
-0.961442
-0.9618419
-0.9632062
-0.9610099
-0.96275663
-0.96128
-0.96222776
-0.96147513
-0.9617994
-0.9619828
-0.9608731
-0.96153206
-0.96038985
-0.9615492
-0.9624276
-0.9623629
-0.96116364
-0.9622822
-0.96187764
-0.9629588
-0.96182257
-0.9640704
-0.9639743
-0.9629958
-0.963294
-0.9619261
-0.9629083
-0.96366143
-0.9634459
-0.96254677
-0.9632277
-0.9642983
-0.96286327
-0.96388894
-0.9640926
-0.9624638
-0.96346724
-0.96280575
-0.96235913
-0.9618742
-0.9613351
-0.960808
-0.95951843
-0.96042
-0.9611089
-0.9584582
-0.9591396
-0.96115494
-0.96033645
-0.96048534
-0.9606778
-0.9613915
-0.96093065
-0.961039
-0.9609216
-0.9609215
-0.96027666
-0.9624888
-0.96106094
-0.9614578
-0.9610175
-0.9616247
-0.9625069
-0.9611571
-0.96025443
-0.96162814
-0.96198356
-0.96272105
-0.96137625
-0.9613229
-0.9619942
-0.9619889
-0.95963407
-0.9622971
-0.9623342
-0.96096635
-0.9593849
-0.9609411
-0.96175635
-0.9597958
-0.95932835
-0.9600956
-0.96004313
-0.961028
-0.95875317
-0.9576307
-0.95938736
-0.960851
-0.9604699
-0.95924944
-0.9613331
-0.9611605
-0.9624503
-0.9622028
-0.96010804
-0.9613212
-0.9623523
-0.95997155
-0.96036845
-0.95970374
-0.96194077
-0.9613686
-0.9613746
-0.95980346
-0.9631081
-0.96205986
-0.9604361
-0.95910186
-0.96110296
-0.96076936
-0.9609138
-0.9609535
-0.9615541
-0.9602289
-0.9614151
-0.9628408
-0.96235275
-0.9612744
-0.9610672
-0.96106416
-0.9600124
-0.9616215
-0.9605543
-0.96181846
-0.9610291
