-0.84077185
-0.841564
-0.8441066
-0.84750575
-0.8475562
-0.8531593
-0.85326433
-0.8585759
-0.85394406
-0.85999095
-0.86665434
-0.8636301
-0.85923517
-0.8654559
-0.86613387
-0.8627978
-0.8666522
-0.8670496
-0.87420803
-0.8778543
-0.87579143
-0.87376153
-0.87598217
-0.87915415
-0.88578445
-0.8872173
-0.886916
-0.8885518
-0.8855445
-0.8838483
-0.8941849
-0.89594877
-0.899572
-0.8955773
-0.89604086
-0.9008909
-0.90282345
-0.90676063
-0.9072941
-0.913476
-0.91756755
-0.91398305
-0.9174306
-0.9189075
-0.9211532
-0.92441493
-0.9196622
-0.9270959
-0.93131775
-0.93067825
-0.9332006
-0.931402
-0.9359296
-0.93691844
-0.93905264
-0.939258
-0.9422872
-0.9430243
-0.942538
-0.9440786
-0.94380957
-0.94302464
-0.94311
-0.94360054
-0.9438349
-0.94061655
-0.9460745
-0.9461128
-0.9450164
-0.9467602
-0.94429934
-0.9452709
-0.94573337
-0.94723225
-0.94732875
-0.9450518
-0.9439656
-0.9475089
-0.94495803
-0.9449366
-0.94876647
-0.94756955
-0.94761455
-0.9490299
-0.947576
-0.9483444
-0.9488868
-0.94916815
-0.95109135
-0.9488051
-0.9492886
-0.95056194
-0.9500771
-0.9536917
-0.9524472
-0.95124155
-0.9520604
-0.95334446
-0.95071906
-0.9495016
-0.9537702
-0.9527726
-0.9521511
-0.95161664
-0.95512563
-0.9528485
-0.9524434
-0.95368654
-0.9530851
-0.9544369
-0.95530415
-0.9523571
-0.95253325
-0.9537462
-0.95621157
-0.9562538
-0.95446324
-0.9534655
-0.95591915
-0.9554992
-0.9560424
-0.9573865
-0.95598847
-0.95603675
-0.9557971
-0.9560985
-0.9573496
-0.9567655
-0.9561939
-0.9574578
-0.9565545
-0.95913666
-0.95700175
-0.9570273
-0.95635664
-0.95662093
-0.9572167
-0.95600814
-0.9564884
-0.9597134
-0.95586056
-0.9587248
-0.955872
-0.9571743
-0.9572617
-0.95816076
-0.95835435
-0.9582532
-0.9576505
-0.9577603
-0.9577003
-0.95898706
-0.9585039
-0.9577566
-0.9588019
-0.9579471
-0.95851475
-0.95743316
-0.95957947
-0.96192294
-0.9593445
-0.9592242
-0.9566922
-0.9595046
-0.9580508
-0.9581709
-0.95877385
-0.9586249
-0.95938337
-0.9556722
-0.9603492
-0.9582503
-0.9574358
-0.9585566
-0.9589744
-0.95868754
-0.9592981
-0.9589629
-0.9584017
-0.95787835
-0.9596713
-0.9573447
-0.95873
-0.96074724
-0.9590279
-0.95969594
-0.95799136
-0.9596243
-0.95766515
-0.9576663
-0.9593917
-0.9585481
-0.9551879
-0.9598864
-0.9597974
-0.95916206
-0.9593631
-0.9570907
-0.95813555
-0.9572387
-0.96009034
-0.95867956
-0.95859575
-0.9595628
-0.95816916
-0.9597825
-0.9588361
-0.9597266
-0.96101916
-0.95983636
-0.95947015
-0.958384
-0.9586515
-0.95827055
-0.96069384
-0.9594439
-0.9590936
-0.96011096
-0.9592218
-0.958442
-0.95833427
-0.9583436
-0.95895314
-0.9609372
-0.9598426
-0.9604863
-0.96129614
-0.9593545
-0.95829606
-0.9599985
-0.95822906
-0.9597081
-0.95900947
-0.9597046
-0.96152174
-0.95957816
-0.9605174
-0.95874023
-0.9601885
-0.9599989
-0.9603799
-0.95993745
-0.9610923
-0.960755
-0.9608813
-0.9582258
-0.9593573
-0.96076775
-0.95929366
-0.96012825
-0.95948535
-0.9599186
-0.9594185
-0.95945
-0.9603646
-0.95899093
-0.9561442
-0.9581309
-0.96078527
-0.9616995
-0.95958024
-0.96110404
-0.9596452
-0.95953
-0.9601676
-0.9599948
-0.9607764
-0.9617398
-0.96063256
-0.96135026
-0.96144986
-0.96033907
-0.9608982
-0.9590291
-0.959204
-0.9607472
-0.961174
-0.95964897
-0.96211416
-0.96077216
-0.95991546
-0.9605621
-0.96171826
-0.95993197
-0.9608286
-0.96115094
-0.9598465
-0.95925534
-0.9600661
-0.95958465
-0.9604125
-0.9621292
-0.9614446
-0.95935464
-0.96092653
-0.958991
-0.9609511
-0.96160126
-0.9599897
-0.9600412
-0.9610783
-0.9610715
-0.96124345
-0.9621178
-0.96052325
-0.9606919
-0.9621615
-0.9595176
-0.96134734
-0.96276855
-0.96149766
-0.96050847
-0.9607193
-0.96138084
-0.9615683
-0.96099794
-0.96107954
-0.9612174
-0.96089303
-0.9612819
-0.9610953
-0.96017414
-0.9622449
-0.9608279
-0.9616144
-0.96173185
-0.9605704
-0.9613465
-0.9618435
-0.9593816
-0.9609276
-0.9622552
-0.9614884
-0.96082854
-0.9624834
-0.9624073
-0.96094483
-0.96155274
-0.96110517
-0.9603977
-0.96144193
-0.96257305
-0.9591196
-0.9604275
-0.95978427
-0.96067953
-0.96111053
-0.96100944
-0.95989674
-0.9608163
-0.96017987
-0.960525
-0.96165305
-0.9604544
-0.96028763
-0.96094257
-0.96008426
-0.9604134
-0.9602521
-0.9600232
-0.9596867
-0.95952636
-0.9605694
-0.9609791
-0.9582656
-0.95959723
-0.9624929
-0.96010417
-0.9614846
-0.9579233
-0.9601857
-0.9623208
-0.9607091
-0.96196395
-0.9616847
-0.9636575
-0.960212
-0.962246
-0.962492
-0.9614272
-0.9615527
-0.96163577
-0.9610493
-0.9607656
-0.9621513
-0.96087146
-0.9614695
-0.9611432
-0.9606461
-0.9605719
-0.96117204
-0.9609094
-0.9609127
-0.96148545
-0.96222025
-0.9616821
-0.9629226
-0.9605278
-0.962854
-0.96126586
-0.96039283
-0.96119076
-0.96123976
-0.9605325
-0.96135354
-0.9602089
-0.961829
-0.96443117
-0.9613961
-0.96164894
-0.9616436
-0.9613274
-0.96358633
-0.9618704
-0.9612985
-0.9606169
-0.9619659
-0.9613124
-0.96171373
-0.96209973
-0.9609048
-0.96069705
-0.96209455
-0.9582619
-0.9561039
-0.95842296
-0.95306647
-0.9540527
-0.95944726
-0.96232134
-0.9597092
-0.96045613
-0.9603924
-0.95991737
-0.95949537
-0.96032596
-0.9609624
-0.95964617
-0.9608477
-0.9602154
-0.96161616
-0.96122366
-0.9613587
-0.96157163
-0.96146566
-0.9595504
-0.96081436
-0.961011
-0.9621489
-0.96151525
-0.9614377
-0.9623003
-0.96187574
-0.96257335
-0.9622546
-0.9616646
-0.96248025
-0.96146464
-0.9623308
-0.96060336
-0.9620194
-0.96191555
-0.9617361
-0.96331775
-0.9621804
-0.9615468
-0.962127
-0.96225214
-0.9627475
-0.9619482
-0.96035385
-0.9628708
-0.9629217
-0.96069753
-0.9598062
-0.96231717
-0.9630663
-0.9625753
-0.9621645
-0.96371406
-0.9619406
-0.9603045
-0.96188706
-0.96111065
-0.96272534
-0.960457
-0.9624271
-0.96126276
-0.9621588
-0.96084124
-0.962116
-0.9619384
-0.9629238
-0.9621235
-0.9639682
-0.96207404
-0.96142274
-0.9626276
-0.9632402
-0.9607543
-0.96115637
-0.9626247
-0.96278566
-0.9622229
-0.9634683
-0.9617053
-0.96082205
-0.9604902
-0.9618077
-0.9606111
-0.96195906
-0.9622602
-0.96264446
-0.96403134
-0.9632635
-0.9604526
-0.9634188
-0.9620061
-0.96086675
-0.96180105
-0.9631887
-0.9630734
-0.9620286
-0.9627945
-0.96200037
-0.9624309
-0.9618536
-0.96233827
-0.96243286
-0.9634843
-0.96347183
-0.96179056
-0.9609168
-0.96345395
-0.96104914
-0.96341795
-0.9609289
-0.96230674
-0.96181697
-0.96183
-0.96081614
-0.9623547
-0.9624567
-0.9619089
-0.96192944
-0.96084785
-0.96283406
-0.96183205
-0.96138406
-0.9608955
-0.96199006
-0.9632284
-0.96249294
-0.9624722
-0.9625686
-0.9632998
-0.9609005
-0.9612898
-0.96227205
-0.9616953
-0.9622079
-0.96256614
-0.9631326
-0.96309537
-0.9629942
-0.9637095
-0.9623122
-0.96311325
-0.9627218
-0.9620225
-0.9599344
-0.96201897
-0.9623715
-0.9622692
-0.9616017
-0.9629268
-0.9612794
-0.96096545
-0.96069276
-0.96221966
-0.9619078
-0.96223617
-0.9616261
-0.9620976
-0.9615522
-0.96336204
-0.96328104
-0.9630878
-0.96219563
-0.9613502
-0.9605069
-0.9618853
-0.9641434
-0.9625818
-0.9612924
-0.9627977
-0.96124333
-0.9629959
-0.9623888
-0.9619205
-0.96304286
-0.9639875
-0.96343225
-0.96278286
-0.9609953
-0.96303076
-0.96261245
-0.9629929
-0.9635758
-0.9627056
-0.9610365
-0.96229935
-0.9623944
-0.96328783
-0.9622675
-0.96292424
-0.96211964
-0.9618055
-0.96166164
-0.9624365
-0.9601474
-0.9628263
-0.96230066
-0.9616536
-0.96299
-0.9615565
-0.9634169
-0.962531
-0.9619194
-0.9604476
-0.96212256
-0.96186835
-0.9604236
-0.963419
-0.9629857
-0.9632736
-0.9622318
-0.9628221
-0.96124434
-0.9626239
-0.9631595
-0.96469706
-0.96229297
-0.96265024
-0.96240556
-0.96095914
-0.9625354
-0.96238226
-0.9634524
-0.96256125
-0.9623313
-0.9620858
-0.9634234
-0.9631464
-0.96400315
-0.96250623
-0.9630768
-0.9629519
-0.9601943
-0.9613156
-0.9616115
-0.96316195
-0.9620459
-0.9620861
-0.96181196
-0.9636595
-0.9632562
-0.96242607
-0.9631543
-0.9615186
-0.9641501
-0.9605032
-0.9621429
-0.962112
-0.96159154
-0.9623424
-0.9624187
-0.964377
-0.9623316
-0.9628812
-0.96220785
-0.96254754
-0.96283776
-0.96295124
-0.961981
-0.9645588
-0.9618514
-0.96282595
-0.96186465
-0.96135145
-0.9630692
-0.9618491
-0.96320754
-0.96137536
-0.9624446
-0.96300983
-0.9619341
-0.96197796
-0.9631908
-0.96256006
-0.9639133
-0.96281105
-0.9622319
-0.9629783
-0.9618084
-0.96275854
-0.96288073
-0.9627287
-0.9650509
-0.96196735
-0.9623771
-0.961319
-0.9620044
-0.9619257
-0.9613555
-0.96141154
-0.9610376
-0.9615779
-0.96265054
-0.9608087
-0.96015626
-0.961053
-0.96138185
-0.9604515
-0.9612497
-0.9623262
-0.9626213
-0.9613026
-0.9630281
-0.96269584
-0.96110606
-0.96241176
-0.96147734
-0.96078426
-0.96294904
-0.96255094
-0.9618905
-0.9629564
-0.96325237
-0.9601756
-0.9621333
-0.96233547
-0.9608641
-0.96077305
-0.9625435
-0.96164656
-0.96277267
-0.9637906
-0.96369815
-0.96171814
-0.961945
-0.9621252
-0.96316427
-0.9620942
-0.96303004
-0.96219325
-0.9613182
-0.9616783
-0.9634987
-0.9617161
-0.9620023
-0.9624424
-0.9638397
-0.9638074
-0.9625988
-0.96315485
-0.9620182
-0.96194667
-0.9619119
-0.96191865
-0.9627146
-0.9611556
-0.96263075
-0.96240115
-0.96323663
-0.9633621
-0.962101
-0.96079737
-0.9610631
-0.9636228
-0.9624542
-0.9622631
-0.9629829
-0.9628829
-0.9626455
-0.96362966
-0.96238655
-0.96264195
-0.9628309
-0.9635756
-0.96301436
-0.9625843
-0.96252126
-0.9611001
-0.96319854
-0.963444
-0.9639259
-0.9618908
-0.9635779
-0.96218526
-0.96115166
-0.9624184
-0.9609797
-0.96176535
-0.96204555
-0.9622566
-0.96299
-0.96167237
-0.9636662
-0.96294206
-0.9620904
-0.96299094
-0.9633628
-0.96263456
-0.9619818
-0.9631478
-0.96367675
-0.96215844
-0.9627608
-0.9633193
-0.96382767
-0.96331626
-0.96273816
-0.9619309
-0.9626674
-0.96260506
-0.96277595
-0.96339977
-0.9630243
-0.9624313
-0.96166027
-0.96276337
-0.96330804
-0.96346503
-0.9611373
-0.96184355
-0.9626721
-0.9619758
-0.9618355
-0.9626236
-0.95733356
-0.9635658
-0.9619514
-0.9629917
-0.9625376
-0.9617033
-0.9628577
-0.96254444
-0.9615028
-0.96240574
-0.96243805
-0.96392524
-0.9615045
-0.9618187
-0.96266055
-0.96245843
-0.9626445
-0.9621675
-0.9628778
-0.9636123
-0.9625093
-0.9634026
-0.960828
-0.9617662
-0.9634939
-0.9632389
-0.9611887
-0.9622589
-0.96317446
-0.9572389
-0.96199244
-0.9633404
-0.96318835
-0.96177244
-0.963471
-0.9631059
-0.96315295
-0.9625869
-0.96277326
-0.96414256
-0.962792
-0.96302336
-0.96154225
-0.96179944
-0.96248823
-0.9644581
-0.9621925
-0.9621647
-0.9650268
-0.9632013
-0.9626074
-0.96359074
-0.9621114
-0.96301824
-0.96302927
-0.9623522
-0.9628614
-0.96316725
-0.96317726
-0.96325874
-0.9618448
-0.9625002
-0.9626326
-0.9606075
-0.9629638
-0.9626937
-0.96140265
-0.9636705
-0.96299475
-0.96370333
-0.9621089
-0.963274
-0.9633228
-0.9628462
-0.9649977
-0.9619475
-0.9627644
-0.9626469
-0.96311945
-0.9623991
-0.96307397
-0.96159726
-0.9629203
-0.9627868
-0.96131426
-0.9626145
-0.9627126
-0.9632979
-0.9633548
-0.9634047
-0.96305245
-0.9634807
-0.9613117
-0.9649827
-0.96314955
-0.96386236
-0.9609991
-0.96155185
-0.9632205
-0.96468526
-0.9620184
-0.96410155
-0.9626727
-0.9644524
-0.9605779
-0.9616994
-0.962831
-0.9617896
-0.9638502
-0.96320796
-0.9618643
-0.9632908
-0.96201
-0.96117413
-0.963776
-0.9631973
-0.96278256
-0.9632197
-0.96372414
-0.96224236
-0.96303654
-0.9627155
-0.9631722
-0.9623444
-0.96119505
-0.96356887
-0.9634325
-0.96226263
-0.96270066
-0.95881546
-0.963408
-0.9604686
-0.9632211
-0.96258074
-0.9624506
-0.9626601
-0.962653
-0.96343
-0.96470124
-0.96451175
-0.96175253
-0.9630671
-0.9626438
-0.9619736
-0.9652256
-0.9623486
-0.96041304
-0.96213126
-0.96220785
-0.96276915
-0.9629862
-0.9640155
-0.964334
-0.9627575
-0.9616622
-0.96356833
-0.9639821
-0.964625
-0.9635399
-0.9633466
-0.9618596
-0.96329165
-0.9640563
-0.9634452
-0.9629258
-0.9624131
-0.96117246
-0.9618793
-0.9617452
-0.96240914
-0.96305954
-0.96285737
-0.9625512
-0.9620988
-0.9613647
-0.96166
-0.96199507
-0.9624053
-0.9607186
-0.9618008
-0.9617944
-0.96190476
-0.96289235
-0.9607672
-0.9627886
-0.9622058
-0.9631247
-0.96238995
-0.9621779
-0.961713
-0.9614972
-0.9625092
-0.9611102
-0.96258885
-0.9617864
-0.9635111
-0.96253186
-0.9625976
-0.9630711
-0.96312463
-0.96261656
-0.96290505
-0.9626107
-0.96118766
-0.9633071
-0.96402895
-0.9637327
-0.96163684
-0.9626772
-0.963135
-0.9625746
-0.96353
-0.9632075
-0.9636648
-0.96025187
-0.96307653
-0.96163756
-0.96127707
-0.96179587
-0.96227175
-0.96124893
-0.9635664
-0.9633847
-0.9625112
-0.96161795
-0.9612104
-0.96338624
-0.96293586
-0.96209157
-0.9620907
-0.9633331
-0.96160424
-0.96298355
-0.9635688
-0.9632289
-0.9634181
-0.96042585
-0.96287364
-0.96064526
-0.9633917
-0.96278465
-0.9622373
-0.9632962
-0.96198004
-0.9632868
-0.9641932
-0.9640788
-0.9615799
-0.96203476
-0.96260047
-0.96436423
-0.9613824
-0.96370983
-0.9624109
-0.9637584
-0.96282953
-0.9639488
-0.963339
-0.9627789
-0.96370023
-0.9622173
-0.96301687
-0.96196485
-0.9598475
-0.96461445
-0.96140784
-0.96181905
-0.9637314
-0.96257716
-0.9637093
-0.9625198
-0.96335256
-0.9636609
-0.9612119
-0.9631793
-0.96086836
-0.96315086
-0.96158653
-0.96263903
-0.9628112
-0.9627935
-0.9600464
-0.96210617
-0.9621342
-0.96204793
-0.9620954
-0.963114
-0.9619125
-0.963283
-0.96325713
-0.9630132
-0.96283674
-0.9613855
-0.9615926
-0.96192974
-0.96146584
-0.96134484
-0.96144795
-0.9619294
-0.9627166
-0.96294147
-0.96273285
-0.96273386
-0.9629069
-0.96235627
-0.9624522
-0.96221936
-0.9611889
-0.96254224
-0.9621558
-0.96208453
-0.9627345
-0.96274537
-0.9614251
-0.9625313
-0.9626169
-0.9611556
-0.96264845
-0.9622601
-0.9629174
-0.9633619
-0.96328634
-0.961817
-0.9625952
-0.96125984
-0.963619
-0.96282506
-0.9614716
-0.9650044
-0.96389645
-0.96272254
-0.96237737
-0.9616789
-0.96178764
-0.9621822
-0.9631624
-0.9631489
-0.9618496
-0.9616276
-0.9633002
-0.96319944
-0.96165586
-0.9621848
-0.9635292
-0.9652216
-0.9631355
-0.96253955
-0.96413904
-0.96351856
-0.9644939
-0.9619516
-0.9629631
-0.9621853
-0.96235263
-0.9621004
-0.96262413
-0.9627993
-0.96193194
-0.96171445
-0.9621346
-0.9626423
-0.9635022
-0.96110725
-0.9638269
-0.96322834
-0.9606685
-0.9627801
-0.96428305
-0.963719
-0.96419334
-0.9634396
-0.9628955
-0.96192896
-0.96342874
-0.96419156
-0.9618993
-0.96213055
-0.96301687
-0.9632339
-0.96152383
-0.96291345
-0.9626964
-0.9616014
-0.9616161
-0.9623061
-0.96262825
-0.9631974
-0.96392685
-0.96211815
-0.9620587
-0.961453
-0.96337473
-0.9614341
-0.96232116
-0.96496516
-0.96246296
-0.9629212
-0.96202636
-0.96394867
-0.9632134
-0.9615808
-0.9626062
-0.9617911
-0.96250206
-0.96075255
-0.9618243
-0.96235067
-0.9625114
-0.96380365
-0.9641002
-0.9643876
-0.9618602
-0.96211666
-0.963258
-0.9633789
-0.960754
-0.9645107
-0.9633117
-0.9618621
-0.9639832
-0.96257013
-0.96271056
-0.96334577
-0.96229273
-0.96365786
-0.9632748
-0.96277994
-0.9628159
-0.9630378
-0.9626594
-0.96270734
-0.962956
-0.9610262
-0.9621074
-0.9626661
-0.9625577
-0.96276313
-0.96136826
-0.9638007
-0.9622889
-0.9629644
-0.9636154
-0.9625564
-0.9622009
-0.96316373
-0.96312296
-0.96300524
-0.9617378
-0.96249735
-0.9631367
-0.96227527
-0.9620162
-0.96265507
-0.96257764
-0.96390694
-0.9631695
-0.9619125
-0.9622849
-0.96360224
-0.9614838
-0.96163076
-0.9630737
-0.9633076
-0.9654604
-0.9614096
-0.96294093
-0.96349096
-0.9626197
-0.9646187
-0.96401614
-0.9622308
-0.96247494
-0.961839
-0.963905
-0.96361643
-0.96228963
-0.96443343
-0.9622679
-0.9626384
-0.962298
-0.96412826
-0.9623975
-0.963165
-0.96285135
-0.96374834
-0.9621902
-0.9635874
-0.96213484
-0.9640659
-0.9633993
-0.96493685
-0.9634371
-0.96302027
-0.9622819
-0.96166956
-0.9613122
-0.9640215
-0.96317106
-0.9624553
-0.9612083
-0.96344805
-0.9635729
-0.9641854
-0.9631572
-0.96370405
-0.9626608
-0.9629737
-0.9615889
-0.9629159
-0.9628044
-0.9614801
-0.9615365
-0.9631119
-0.96284276
-0.9618786
-0.9641891
-0.9627731
-0.96377057
-0.9630627
-0.9622543
-0.9615132
-0.96326
-0.96281147
-0.963716
-0.963528
-0.96356475
-0.96307784
-0.96287555
-0.96384877
-0.963702
-0.96371686
-0.96204215
-0.96168935
-0.9635492
-0.96243036
-0.96401405
-0.96269625
-0.962192
-0.9628984
-0.9638601
-0.9635951
-0.9625442
-0.9632106
-0.96277815
-0.9609868
-0.9616024
-0.96218336
-0.96204793
-0.96235406
-0.9645847
-0.96205
-0.96180797
-0.96448654
-0.9622476
-0.9628355
-0.96318644
-0.96420693
-0.96373284
-0.96203816
-0.9628843
-0.9626025
-0.96366423
-0.96390194
-0.9631596
-0.9632698
-0.96452117
-0.96362567
-0.9622098
-0.96221185
-0.96237576
-0.9630407
-0.9620284
-0.96160686
-0.96358055
-0.9630874
-0.9628475
-0.96412927
-0.9634929
-0.9619364
-0.9624657
-0.9630845
-0.9623906
-0.96352357
-0.96211433
-0.9637761
-0.9628885
-0.9618286
-0.96382546
-0.96350795
-0.9640164
-0.9628918
-0.96314865
-0.96285367
-0.9630206
-0.9631685
-0.9610751
-0.96346885
-0.9611154
-0.9614083
-0.9628489
-0.9626447
-0.9625236
-0.9612009
-0.96422845
-0.9639186
-0.9617318
-0.9630064
-0.9630616
-0.9628442
-0.96236527
-0.96286577
-0.96301186
-0.9643367
-0.96461827
-0.96219766
-0.9630591
-0.96243703
-0.96279645
-0.9624061
-0.9618803
-0.9628826
-0.96370023
-0.9626829
-0.9623954
-0.9642478
-0.9635679
-0.96360546
-0.9636605
-0.9631352
-0.9640935
-0.962788
-0.9627608
-0.9638188
-0.9632836
-0.9624131
-0.9628646
-0.963315
-0.9618819
-0.96212596
-0.9641396
-0.9638383
-0.9634958
-0.96316737
-0.9639123
-0.96445423
-0.9629784
-0.96228933
-0.9624235
-0.962224
-0.96375483
-0.9641482
-0.96234787
-0.9640755
-0.9644028
-0.9620547
-0.9630874
-0.96184117
-0.9630301
-0.9626598
-0.96308744
-0.9632381
-0.96444166
-0.96296215
-0.96323085
-0.96313167
-0.96281904
-0.9637765
-0.9624472
-0.962317
-0.9617469
-0.9619503
-0.9624103
-0.9632883
-0.9624125
-0.96335644
-0.9610702
-0.9629458
-0.9626845
-0.9636563
-0.9613404
-0.96306485
-0.96264833
-0.96275795
-0.96268857
-0.96159554
-0.96319836
-0.96232754
-0.963569
-0.9613134
-0.96034193
-0.96147376
-0.9629028
-0.96234745
-0.96228194
-0.96385133
-0.96336794
-0.96339685
-0.9645126
-0.9630243
-0.9615072
-0.9633723
-0.96254176
-0.9634128
-0.96421
-0.96303356
-0.96198404
-0.96324974
-0.96233064
-0.96414506
-0.96262395
-0.96310365
-0.96178365
-0.9621861
-0.9610873
-0.96126115
-0.9614276
-0.9616907
-0.96302164
-0.9610505
-0.96118516
-0.962954
-0.96098167
-0.96391207
-0.9633906
-0.96153504
-0.9628404
-0.96232617
-0.96310335
-0.96333754
-0.96157223
-0.9629936
-0.96252847
-0.9624732
-0.96371967
-0.9640585
-0.96360725
-0.9637308
-0.96343243
-0.96292603
-0.96387416
-0.9641623
-0.96389455
-0.9638552
-0.96365803
-0.96354806
-0.9631624
-0.9635746
-0.96294236
-0.963648
-0.96305877
-0.9636134
-0.963793
-0.9626755
-0.96322674
-0.9629054
-0.96177876
-0.96024173
-0.963074
-0.96282053
-0.9619834
-0.9622206
-0.96442455
-0.9626969
-0.96243405
-0.962023
-0.96251106
-0.9624506
-0.96289355
-0.96292794
-0.9628484
-0.96157485
-0.96141046
-0.96242857
-0.96251065
-0.96322644
-0.96430904
-0.96389854
-0.96238333
-0.9618557
-0.9629558
-0.96190244
-0.9622282
-0.9630138
-0.9631312
-0.9629546
-0.96202064
-0.9646306
-0.9625912
-0.9635824
-0.9623722
-0.9635919
-0.96345353
-0.9623413
-0.96226746
-0.9645958
-0.962258
-0.9637414
-0.9629982
-0.963296
-0.9633505
-0.9642074
-0.964936
-0.9626023
-0.9632514
-0.9638526
-0.9645713
-0.9617115
-0.9628536
-0.96239567
-0.9642193
-0.96253437
-0.96177864
-0.9638898
-0.9631455
-0.9631181
-0.96367824
-0.96306944
-0.9648553
-0.9643512
-0.9630806
-0.9619301
-0.9622369
-0.9630779
-0.9626617
-0.9628399
-0.9629817
-0.9626081
-0.96286374
-0.96408737
-0.96293294
-0.96320665
-0.9645407
-0.9614752
-0.965059
-0.9637219
-0.96260315
-0.96269757
-0.96299976
-0.95775014
-0.96257216
-0.96455663
-0.96334577
-0.9620999
-0.96271753
-0.96135026
-0.9628717
-0.9634498
-0.96338594
-0.9622571
-0.9639423
-0.9629171
-0.96296316
-0.9636812
-0.96338266
-0.9624119
-0.96214205
-0.9625128
-0.96277654
-0.96360874
-0.9610773
-0.96338797
-0.9627792
-0.96228516
-0.96314174
-0.9628481
-0.96174926
-0.9642444
-0.9631359
-0.9649337
-0.9635775
-0.96285677
-0.9646527
-0.9647064
-0.9627377
-0.96201646
-0.96207273
-0.96186423
-0.9620463
-0.96387434
-0.9634174
-0.96332204
-0.9622956
-0.9632752
-0.96369916
-0.96257997
-0.96355635
-0.96393746
-0.9603663
-0.9622262
-0.9631686
-0.96205366
-0.9642069
-0.96151596
-0.96320295
-0.9618526
-0.9620579
-0.96326417
-0.96236587
-0.96337575
-0.96352524
-0.9624824
-0.9642393
-0.96480185
-0.96323735
-0.96345836
-0.96381
-0.9627241
-0.9629924
-0.9634799
-0.9648286
-0.9635323
-0.96338004
-0.9630825
-0.9623471
-0.9632504
-0.96164376
-0.96350056
-0.96356684
-0.9635881
-0.9650385
-0.9642214
-0.96438456
-0.9631079
-0.9606583
-0.96271986
-0.9632596
-0.9626865
-0.9625842
-0.9634716
-0.9619795
-0.9632018
-0.9631911
-0.96288365
-0.96313316
-0.96229684
-0.9653046
-0.9634226
-0.9639993
-0.96357876
-0.9624441
-0.96256113
-0.9614192
-0.9645064
-0.96317226
-0.96354705
-0.9626106
-0.9626883
-0.9644904
-0.96237487
-0.9608732
-0.96268713
-0.9616268
-0.96214527
-0.96397316
-0.9625779
-0.9624721
-0.96296424
-0.9624104
-0.96318704
-0.96366876
-0.9629552
-0.96310276
-0.9619588
-0.962984
-0.96250933
-0.9616819
-0.9628197
-0.9632363
-0.96389735
-0.96362877
-0.9617408
-0.9625985
-0.9636821
-0.9626094
-0.9638337
-0.9618623
-0.9613298
-0.961091
-0.96284217
-0.96267146
-0.9627005
-0.9622097
-0.9629731
-0.9636482
-0.96385425
-0.96334106
-0.9627147
-0.96268564
-0.9621915
-0.96108305
-0.9627216
-0.9614934
-0.9634211
-0.96157527
-0.9635073
-0.9620821
-0.96397895
-0.96392316
-0.96343076
-0.96351695
-0.96412027
-0.9634545
-0.9642076
-0.96278244
-0.9637168
-0.96457994
-0.9624053
-0.9633255
-0.9615056
-0.96170574
-0.9613924
-0.9622495
-0.96381134
-0.96255714
-0.9638036
-0.9631409
-0.96490115
-0.96397316
-0.9631844
-0.9627395
-0.96162397
-0.9637347
-0.96271497
-0.96268654
-0.96270263
-0.9614422
-0.96154076
-0.9644923
-0.9625732
-0.96338713
-0.96207535
-0.96315664
-0.96256626
-0.96223414
-0.96418846
-0.96389604
-0.96308404
-0.96431476
-0.9636979
-0.96369416
-0.96422863
-0.96465105
-0.96278244
-0.9637374
-0.96356523
-0.96354973
-0.9625248
-0.96258664
-0.96295613
-0.96145236
-0.96389395
-0.9624556
-0.9626163
-0.9618893
-0.96214885
-0.96308273
-0.96274185
-0.96154565
-0.9621918
-0.9619624
-0.96480536
-0.96224296
-0.96248555
-0.9619161
-0.959137
-0.96197766
-0.963651
-0.9637187
-0.9613528
-0.96328074
-0.9621554
-0.9636562
-0.9622393
-0.96361613
-0.96315116
-0.9627834
-0.9633069
-0.96111536
-0.96115994
-0.96210384
-0.9624486
-0.9620519
-0.96346426
-0.96372014
-0.9632186
-0.9644828
-0.96289665
-0.96290505
-0.96374875
-0.9638629
-0.96342206
-0.96283746
-0.9618971
-0.9623925
-0.96080506
-0.96311206
-0.96285766
-0.96305907
-0.9626859
-0.9636495
-0.96207416
-0.9641141
-0.9631466
-0.9625725
-0.9629937
-0.96184355
-0.96199465
-0.9635133
-0.9633267
-0.9637068
-0.96325916
-0.9645371
-0.96197003
-0.96327513
-0.9626629
-0.9627395
-0.9627678
-0.96328974
-0.96192765
-0.9643011
-0.9629672
-0.96406853
-0.9626988
-0.96273375
-0.9630463
-0.96415013
-0.9616564
-0.96424997
-0.9614025
-0.96269906
-0.96298003
-0.96320814
-0.9643811
-0.96255094
-0.9637962
-0.96251816
-0.9621132
-0.96271855
-0.9625871
-0.96292007
-0.9648844
-0.96239763
-0.9644755
-0.96349275
-0.9613123
-0.96209943
-0.9636736
-0.9634704
-0.9644501
-0.9647452
-0.96255726
-0.9649168
-0.9631786
-0.9628962
-0.96524686
-0.96264637
-0.96242064
-0.9628693
-0.9642892
-0.9630387
-0.96315676
-0.964471
-0.9624723
-0.9618888
-0.96366847
-0.9618732
-0.96372545
-0.9637306
-0.9627088
-0.9601017
-0.9639138
-0.96316886
-0.9631562
-0.96248394
-0.96481675
-0.96285516
-0.9617607
-0.96308506
-0.96396494
-0.9642455
-0.9631356
-0.9656472
-0.9629596
-0.9637767
-0.9639626
-0.96239793
-0.9635884
-0.9625367
-0.962735
-0.96046203
-0.96306455
-0.9641306
-0.96374506
-0.9632082
-0.9626945
-0.96435744
-0.9627139
-0.9634599
-0.9631886
-0.96206295
-0.9614718
-0.96356386
-0.9634387
-0.9634124
-0.96366775
-0.96202624
-0.96311826
-0.9621479
-0.96407443
-0.9631725
-0.9647725
-0.9641821
-0.96411455
-0.9650601
-0.96233827
-0.96313715
-0.9601084
-0.9612008
-0.9627601
-0.96397334
-0.9622873
-0.9620675
-0.96246964
-0.96181315
-0.9639245
-0.9627554
-0.96453995
-0.96328485
-0.9615341
-0.962984
-0.962239
-0.96314335
-0.96301085
-0.96180445
-0.96331173
-0.9614087
-0.9635087
-0.9633246
-0.96373785
-0.9627651
-0.96314704
-0.96386766
-0.96258384
-0.963711
-0.96304697
-0.9622522
-0.96310514
-0.9621099
-0.9586161
-0.9623403
-0.9639242
-0.9617425
-0.96286774
-0.9619756
-0.96238667
-0.9629051
-0.9620482
-0.9629191
-0.9620816
-0.9613245
-0.9642137
-0.96394473
-0.9638047
-0.9627356
-0.9632622
-0.96290165
-0.963177
-0.9646927
-0.96423143
-0.9612898
-0.96260816
-0.9627952
-0.9623988
-0.96378845
-0.96391344
-0.9629512
-0.961319
-0.96224535
-0.96283
-0.96290976
-0.9628363
-0.96241415
-0.9630723
-0.9626072
-0.96329707
-0.9638182
-0.9627929
-0.9630158
-0.9623844
-0.96383435
-0.9638571
-0.9605113
-0.9631084
-0.9632322
-0.96272266
-0.9630268
-0.963906
-0.96234363
-0.9611871
-0.96496266
-0.9639788
-0.9639282
-0.9627502
-0.9634453
-0.9621743
-0.9633487
-0.96264523
-0.9640369
-0.96354604
-0.96201915
-0.9625613
-0.9626246
-0.96169794
-0.963393
-0.96310157
-0.96332854
-0.96312135
-0.96220505
-0.96373624
-0.9641756
-0.963703
-0.96370167
-0.9661535
-0.96342474
-0.9639951
-0.9636907
-0.9637232
-0.96328115
-0.9624628
-0.9642246
-0.963131
-0.963164
-0.9628963
-0.96360266
-0.96342856
-0.9639202
-0.96338683
-0.96407515
-0.9635588
-0.96279526
-0.9629897
-0.9639301
-0.96317214
-0.96376675
-0.9630059
-0.96326137
-0.96334904
-0.96260273
-0.96276397
-0.96443284
-0.9640027
-0.9640401
-0.96356463
-0.9614087
-0.9638642
-0.963081
-0.9632179
-0.96176946
-0.9632711
-0.96159893
-0.9628563
-0.9632488
-0.9637275
-0.9620519
-0.9632652
-0.9623597
-0.96306545
-0.963026
-0.9636224
-0.9612531
-0.96174264
-0.9602679
-0.96129376
-0.9604887
-0.96121716
-0.96302724
-0.96281
-0.96112335
-0.96246845
-0.9626747
-0.9615692
-0.9623378
-0.9611871
-0.9606313
-0.9637101
-0.961298
-0.962813
-0.9630085
-0.96217483
-0.9613452
-0.96273184
-0.96229994
-0.96168214
-0.9620801
-0.96149075
-0.9622727
-0.96208745
-0.9614675
-0.961722
-0.96247184
-0.9636309
-0.9622926
-0.9628559
-0.96473294
-0.9608527
-0.96401405
-0.96267
-0.9622377
-0.96345705
-0.9638328
-0.9619908
-0.96314734
-0.96438277
-0.9633399
-0.96303535
-0.9632608
-0.963875
-0.96419156
-0.9627955
-0.9629278
-0.9639596
-0.9619414
-0.9625928
-0.9618703
-0.96329457
-0.96207887
-0.9618642
-0.9630752
-0.9624059
-0.9613405
-0.9633158
-0.96251684
-0.96471
-0.96442074
-0.9611806
-0.9647495
-0.9625131
-0.961132
-0.9622657
-0.9612171
-0.9636849
-0.96428335
-0.96288687
-0.963374
-0.9631095
-0.9619191
-0.96127367
-0.9634941
-0.9607232
-0.95884734
-0.9573914
-0.9601186
-0.96059334
-0.9599958
-0.96127474
-0.959848
-0.96101725
-0.9601257
-0.95935
-0.9623399
-0.96091086
-0.9595281
-0.96103525
-0.96133953
-0.96295655
-0.9624409
-0.9639629
-0.9623599
-0.96238816
-0.9623101
-0.96137786
-0.9635442
-0.96292186
-0.963561
-0.96241057
-0.96222866
-0.9623985
-0.96265996
-0.9624562
-0.9637879
-0.96279687
-0.96302176
-0.96345264
-0.9630601
-0.9630389
-0.9615407
-0.9636138
-0.963857
-0.96263814
-0.9639564
-0.9640398
-0.9620781
-0.96226656
-0.9614705
-0.96202576
-0.9632533
-0.961694
-0.96243155
-0.96363115
-0.9636539
-0.964834
-0.9630056
-0.96158534
-0.96330005
-0.9644005
-0.96196586
-0.96221554
-0.96379083
-0.96327853
-0.96315306
-0.96506125
-0.963476
-0.9638387
-0.9634839
-0.96422994
-0.9640382
-0.9648031
-0.9624079
-0.9643534
-0.963916
-0.96496576
-0.962477
-0.9633681
-0.9628616
-0.9630937
-0.96332145
-0.964408
-0.96377254
-0.96244854
-0.96303356
-0.96299326
-0.96414655
-0.9632163
-0.9632314
-0.9619703
-0.962214
-0.96466553
-0.96440727
-0.96340525
-0.96200013
-0.9637873
-0.96358526
-0.9646073
-0.96377236
-0.9636135
-0.9630252
-0.9626763
-0.96263206
-0.96377945
-0.96344477
-0.9619685
-0.96215457
-0.9635903
-0.9630286
-0.96408534
-0.96283084
-0.9638413
-0.9636624
-0.9615959
-0.9617949
-0.9641925
-0.9635604
-0.96318066
-0.9632919
-0.9628237
-0.96343905
-0.9641151
-0.9635714
-0.96310776
-0.9621814
-0.9625581
-0.9623732
-0.96359473
-0.9635436
-0.9634291
-0.9635455
-0.9640041
-0.96560913
-0.9620798
-0.9634205
-0.9638812
-0.9638502
-0.96433395
-0.9637885
-0.9644008
-0.9635337
-0.9633244
-0.9639693
-0.9630782
-0.9614021
-0.9603963
-0.96303993
-0.96353126
-0.96341234
-0.96282464
-0.96276796
-0.96236247
-0.9617023
-0.96278363
-0.96156704
-0.9623309
-0.9635582
-0.9624697
-0.96318114
-0.9626089
-0.96115005
-0.96254414
-0.9619753
-0.96253264
-0.96390206
-0.96230096
-0.96378386
-0.96187294
-0.9637572
-0.96343094
-0.96277225
-0.9641289
-0.96238536
-0.9632678
-0.964251
-0.9637543
-0.9617785
-0.9637416
-0.962952
-0.9637827
-0.962561
-0.96453726
-0.9635976
-0.9635066
-0.962723
-0.9629113
-0.9640502
-0.96314114
-0.96252334
-0.963426
-0.9630902
-0.96383715
-0.9620939
-0.9626693
-0.96403795
-0.9638847
-0.9642503
-0.96318835
-0.9634948
-0.96222824
-0.96325976
-0.96316886
-0.962605
-0.9616962
-0.96361303
-0.96346754
-0.96273446
-0.96231097
-0.962888
-0.964143
-0.96334666
-0.9630426
-0.96431684
-0.9648432
-0.96363384
-0.9623389
-0.96323186
-0.9630753
-0.96184754
-0.96339965
-0.9634949
-0.96339345
-0.9649435
-0.9633907
-0.9615739
-0.96273404
-0.96317923
-0.96278846
-0.9640351
-0.9646073
-0.96441364
-0.962237
-0.9633858
-0.96234244
-0.96265423
-0.962916
-0.9610609
-0.9601352
-0.9588642
-0.95497525
-0.95923513
-0.9607457
-0.96282893
-0.96189165
-0.9620685
-0.96197224
-0.96122265
-0.9613381
-0.9619407
-0.9634538
-0.96245223
-0.96265477
-0.9641265
-0.9621837
-0.9630013
-0.96106225
-0.96186084
-0.9628369
-0.9634449
-0.9628878
-0.96449745
-0.964479
-0.96216923
-0.96394867
-0.9618122
-0.96328616
-0.9625663
-0.96313274
-0.96410125
-0.96292096
-0.96322286
-0.9627172
-0.96259254
-0.96481353
-0.96226454
-0.9639093
-0.96134114
-0.961779
-0.9625367
-0.9624604
-0.9634112
-0.962808
-0.9627321
-0.96348387
-0.9631089
-0.9629273
-0.9639098
-0.9613495
-0.9629807
-0.9620204
-0.96378195
-0.96329254
-0.963313
-0.9630777
-0.9625583
-0.9638379
-0.96419746
-0.9636411
-0.9641231
-0.9626596
-0.9637583
-0.96441984
-0.96395874
-0.96189505
-0.9615417
-0.96229184
-0.9637845
-0.9635697
-0.96276116
-0.96342856
-0.9627849
-0.964367
-0.96222776
-0.96283656
-0.96362305
-0.9627988
-0.9570094
-0.963131
-0.96218514
-0.9639381
-0.96321756
-0.96348226
-0.96410185
-0.9607267
-0.9619079
-0.96238524
-0.9620963
-0.96255404
-0.962516
-0.9621074
-0.96358705
-0.9627866
-0.96362877
-0.9559515
-0.96268266
-0.96337605
-0.9637528
-0.9636614
-0.9625002
-0.9639144
-0.962948
-0.96298057
-0.9650958
-0.9627682
-0.9648226
-0.9631669
-0.9639593
-0.96188134
-0.9642361
-0.96426886
-0.9632095
-0.9622122
-0.96250194
-0.962189
-0.96362805
-0.9633398
-0.96415246
-0.9645011
-0.96307766
-0.9625449
-0.96304256
-0.96240157
-0.9648228
-0.9628272
-0.96382844
-0.96273714
-0.96215683
-0.96212935
-0.96233535
-0.9636609
-0.9625087
-0.964296
-0.9637371
-0.9640167
-0.9627081
-0.96282715
-0.9620935
-0.9616604
-0.96202713
-0.9616308
-0.9647014
-0.96190155
-0.9629617
-0.9611951
-0.9629438
-0.9631728
-0.9620468
-0.96335936
-0.9630176
-0.9616891
-0.9621414
-0.96192706
-0.9632601
-0.9638052
-0.96235424
-0.9623068
-0.96271396
-0.96360403
-0.96377146
-0.9621638
-0.9628717
-0.9629243
-0.963312
-0.96289855
-0.9619336
-0.96343195
-0.96235055
-0.96153677
-0.9621594
-0.963482
-0.96425545
-0.9643207
-0.9628752
-0.96134114
-0.96239614
-0.9634237
-0.9646473
-0.96284723
-0.96168727
-0.9621081
-0.962576
-0.9624819
-0.9637605
-0.96334994
-0.9634206
-0.963314
-0.96352917
-0.9635214
-0.9624336
-0.96205777
-0.9628714
-0.9624416
-0.96417624
-0.96230465
-0.9631455
-0.9644831
-0.9632012
-0.9635922
-0.96257585
-0.9638766
-0.9632896
-0.9631218
-0.96465945
-0.9624881
-0.9627596
-0.9646405
-0.9631553
-0.96550274
-0.9632751
-0.9630325
-0.9616221
-0.96522707
-0.96469194
-0.96180636
-0.962636
-0.96375686
-0.9629726
-0.9650353
-0.96379286
-0.9621573
-0.9648697
-0.96252143
-0.962195
-0.9624989
-0.96496123
-0.9629497
-0.9627652
-0.9641802
-0.9627131
-0.96326536
-0.96177894
-0.9631109
-0.96287245
-0.9624875
-0.96347
-0.963155
-0.96061665
-0.96194404
-0.9595912
-0.9616232
-0.9608627
-0.9620493
-0.9620463
-0.9635022
-0.9615785
-0.9604823
-0.9616885
-0.96112114
-0.9613869
-0.9612329
-0.96211165
-0.9610486
-0.9615818
-0.96065766
-0.9605751
-0.96137196
-0.9618542
-0.963137
-0.9600234
-0.9640251
-0.96110815
-0.961813
-0.9638444
-0.96250695
-0.96190566
-0.96251535
-0.96224046
-0.96319103
-0.9622627
-0.9630404
-0.962906
-0.96266234
-0.962038
-0.9623055
-0.96150184
-0.96264565
-0.96310383
-0.9639357
-0.9619481
-0.9634338
-0.961603
-0.96216536
-0.9629978
-0.9617541
-0.96162146
-0.9619479
-0.9640232
-0.96213716
-0.9606662
-0.9635465
-0.9615917
-0.9633967
-0.96196574
-0.9627857
-0.9620085
-0.9617018
-0.963372
-0.96260417
-0.9610622
-0.96404785
-0.96362454
-0.9618311
-0.961723
-0.9623472
-0.96313536
-0.96345705
-0.963744
-0.9625768
-0.9621567
-0.9641358
-0.9631806
-0.9640791
-0.9643322
-0.9621008
-0.9634559
-0.962411
-0.9575615
-0.9636588
-0.96316236
-0.96377826
-0.9629729
-0.9611944
-0.96332306
-0.96452945
-0.96548915
-0.96234375
-0.96376264
-0.9646375
-0.9625725
-0.9628722
-0.9635121
-0.96312976
-0.9635629
-0.96445054
-0.9628467
-0.9632963
-0.96208334
-0.9625481
-0.9646766
-0.96176654
-0.9630599
-0.9632362
-0.96396154
-0.96375775
-0.96411794
-0.9645993
-0.9637889
-0.9650061
-0.96326154
-0.96276546
-0.964456
-0.9629561
-0.9637343
-0.9630339
-0.9629406
-0.96117634
-0.96361256
-0.9628999
-0.9630243
-0.9616194
-0.96311355
-0.9645635
-0.96317357
-0.96390706
-0.9626316
-0.9632069
-0.96381694
-0.9636661
-0.9626838
-0.96344626
-0.96251917
-0.96494484
-0.9639447
-0.9637478
-0.9624386
-0.9621491
-0.96311307
-0.96274984
-0.96296597
-0.96276164
-0.9634306
-0.9649386
-0.9638972
-0.9630155
-0.9646547
-0.9633333
-0.9638664
-0.96295357
-0.9635178
-0.96302956
-0.9638803
-0.96253514
-0.9624806
-0.962613
-0.9634783
-0.96236324
-0.96340996
-0.9627873
-0.9625563
-0.9650385
-0.9625995
-0.96278226
-0.96411467
-0.96436936
-0.9615126
-0.96333194
-0.9628154
-0.9629829
-0.96339107
-0.96444166
-0.96315473
-0.9645444
-0.96363574
-0.9622876
-0.96238834
-0.96410775
-0.9639615
-0.96297324
-0.9627808
-0.96393085
-0.96391207
-0.9641487
-0.9628819
-0.963682
-0.9627425
-0.96370065
-0.96255153
-0.9630176
-0.9641508
-0.96347225
-0.96211296
-0.9646359
-0.9641265
-0.9638478
-0.96178657
-0.96257347
-0.96418107
-0.9622984
-0.96192676
-0.96338284
-0.96368366
-0.96314985
-0.9627891
-0.96454024
-0.96369535
-0.9639065
-0.9641893
-0.96382546
-0.9648053
-0.9630143
-0.9645022
-0.96304506
-0.9634722
-0.9618225
-0.9639261
-0.9638943
-0.9614222
-0.9625308
-0.9617633
-0.9627054
-0.96399045
-0.9626676
-0.9626914
-0.9628221
-0.96410304
-0.9633677
-0.96312076
-0.9630046
-0.9614381
-0.96419996
-0.961907
-0.9629147
-0.96215385
-0.96591246
-0.96400666
