323.55192013792515
308.7371213394487
300.3657239756565
295.6049441266468
295.8771239271905
297.00518225277557
300.04357606348634
296.1096260201948
289.7431717922743
305.16815979894335
325.658581510506
313.25487847524806
298.79438506257986
289.9707910320254
285.30995794726067
285.5308462648594
289.0989020196545
294.3033217612403
299.08599112534716
292.81288308679495
280.39516241088586
258.6127763976599
239.95994094636413
246.63601288644148
273.2157521336597
297.7066789341482
315.02154958201106
302.3722170082453
289.2303294292903
280.58770086986516
276.76241637720534
274.12439911381625
281.23294938852365
287.5713501826337
292.4797731799789
290.1915137027389
272.2563965700518
245.81084348939788
226.10725795090514
223.16889237232593
236.4374257736386
255.73918652520177
279.003826435996
300.271759647379
304.01177340893804
290.89456794758894
277.8643854323868
271.1998352243339
267.984185818875
265.7571745564654
271.948436147315
277.24480631884984
278.8702954917836
277.96193078257306
256.51780802507113
235.71196032937127
214.98288381065217
212.13779469393762
223.6753353626525
241.5101982998051
252.39760541224643
267.8984001061587
288.01678925496606
309.4377840872518
310.66909862557264
285.20254417703785
268.74595817609645
261.7115706139291
257.7587712844585
258.7950344481377
259.5561494348494
261.97322133858313
263.2802764539961
250.14139118481856
236.6605789718845
224.19815812513858
205.87126344443425
204.49531582244984
217.83956705849005
232.55403761013463
261.77322920333825
263.03784444743116
270.2596252325804
282.49658066765545
300.17839374749013
321.4136591390638
325.4769909479325
298.5550091295
274.15685132452353
255.72712670168076
250.27301736289488
248.70976958965753
246.9501484031873
241.78872988557734
230.63522101036375
219.26388718459427
211.84460313942515
208.3773649547858
195.9760492803759
199.27947952823055
213.64652100499165
232.58345177270218
253.92359431422852
282.6808077249506
285.30525223192785
289.27736799245974
299.18190077530886
314.32206692067626
333.9510526767422
341.2846954427021
314.66337435968745
288.3598342817599
268.1882187176474
252.35607775467483
239.01643022038175
225.43684113799583
210.21310673228888
193.1941615119731
185.58551389345175
185.5256570611539
186.39319228068493
188.441736170562
199.53222894265983
212.75322847569825
234.86900789758246
258.81856786659046
280.32460122403734
298.90953001247004
300.96910453581177
306.4405320802668
310.1407016778784
317.4525503881449
329.94143647512436
347.18483227475286
357.70127042866176
331.7352874321704
304.0101999553429
280.45019063948394
259.5063764295945
223.35398721312436
197.4365529819323
177.34778598771138
159.637905065793
151.53219849308832
151.40955188074608
156.1925564232265
172.5405103372388
193.141607784941
215.3077347097636
240.081620889768
264.0702394660101
284.52412884761395
318.7672376236323
318.20979983081617
323.6952030285022
331.09851940480354
336.9655960820916
347.19386207844985
362.20278366370684
374.7815323874134
349.04369737502145
318.7476195281326
292.60702354852657
253.74537598499128
211.9774435670427
174.83010444132125
137.55846308903065
122.90274806884636
115.1233933565342
113.16015730607947
123.43833216481767
143.0815704727692
179.16829674978482
211.41582054973293
238.83716846137452
263.89374395377723
284.22044860240214
300.6871892264675
378.3608316895467
351.01135254857763
337.41286127354533
339.81602577761686
348.3466766021581
356.7260292514867
365.26653575490775
379.42822945964286
393.0330927434268
364.98274505432914
333.31409627649936
299.0179563037129
247.57318052593243
207.13308562419422
169.12031019085632
131.13941211947014
92.40051563625155
78.0457057495077
75.12337572319126
85.43592568855695
107.69569261963125
154.29487927758876
191.69042233292782
225.8892378510407
254.09002623568054
273.52977442145544
288.459362839511
427.10935481413475
396.51501499480884
372.2526527260764
358.3753039797388
362.91451506046576
373.7102657443049
384.28700622493074
397.4846736325049
410.7032648126483
380.79348682636487
347.1956233678797
301.28827035813316
255.99163261371731
224.9349146966132
191.3973782007194
156.02692303107662
111.01677332728568
64.71560741653194
42.10989718790977
47.94111556608924
75.93784916847929
118.52347549081959
156.1596606800697
198.95610803208507
229.2816396968829
252.46545887262235
273.9977019270012
473.8005450390844
440.6852336950451
413.25635295138983
393.8386849835661
383.5766939084897
388.71199739809134
403.3398325516261
415.9157758428043
426.4233777083039
395.9116707006251
356.7844399540103
305.7705908166381
288.5274405240516
262.8755332444789
234.55467265324955
195.92244274350134
150.20773244965096
97.24427056942628
42.95724088612648
17.06302194850854
42.19761622540533
77.69420841070205
113.79141573201399
156.6498436415436
196.249853764923
230.3701433075925
257.1918684062543
520.3910961759055
485.6588857322065
454.9514775165295
431.0780780958129
415.8999537689378
412.01400872253646
420.0862358642837
435.18258565898583
440.9788617009799
410.3537201106313
367.0790744624524
329.3160274026707
335.5964818076746
313.2710535035252
286.14370271554964
242.6177065808827
193.2206051215893
138.51713547695002
81.75624753929264
15.5087467588478
16.67063731772013
33.54680300823453
68.96111295652828
110.70297080927594
157.13611639409896
202.73366079031229
235.60260150606805
563.6433093254034
528.1774970479105
496.1775088279426
469.4258442321633
451.0077063658283
441.58500493032807
443.7057313634714
454.7750676305497
457.80153098409363
422.4197522386105
379.92475043314806
369.7926906421471
391.78323262305497
370.8585881393213
336.7894010002539
291.5695854997266
237.26541446303094
183.2790001563657
113.14612298413276
38.0666587722567
5.632970045963386
6.364794604279338
21.743219876843153
64.65292708669065
113.77305006586528
168.83221090822485
211.3120020634199
605.2191251447229
569.3641055740494
536.2094033061082
508.14874353916343
486.8818840258826
474.2635902331071
470.89466899429874
477.85175477080526
487.1669767352553
442.8091792734206
403.258110341199
421.23209979668985
448.575057451918
430.255711352347
387.831360404597
336.4730633395619
282.5507312806619
215.24515021583906
134.08234647537674
54.289125817551245
14.076910536224979
5.282219703329254
4.337674043049994
23.207946596588602
73.14736772658627
126.68744491201102
179.617358555317
644.3663849296521
608.8216935397311
575.7078383610582
546.7634096083985
523.0853097466986
507.880485525932
501.76716848475894
503.1530974084378
509.31177339308647
486.7233114804651
456.6228984470714
483.9516821587145
507.43171342976217
482.2287775438507
435.7560049303228
381.97804131613134
315.8736720044964
234.83388235308402
147.97985900212436
65.18638125541256
5.9091022560379995
3.0721556096574627
1.9335794977935
5.528804707488716
34.13056512626081
87.55282148238973
141.50236688556794
681.8030310590607
647.2886193412667
614.1571472521648
584.2542684617771
559.7347051091921
543.4299614482654
534.2088465608873
531.2020151248938
532.7494875112486
522.4117743982142
528.2875109513659
557.5528326181393
568.0394812500343
531.036316805112
480.87798066436847
418.0078018294578
336.2500077621165
250.1916109240776
151.1006978037281
38.507497231802006
5.182341444859854
3.5511197438212765
4.655807255464293
4.121222764572885
9.130360104102236
48.60035701240839
105.28714580311933
720.6035887412339
683.8020792927637
650.5160776980858
620.9869952070393
597.4962389547701
579.7597559331634
568.3190666122417
563.5522672927291
562.9509415159408
560.9403237936731
577.8831442581892
609.2077600283926
612.061857688868
596.1243612206906
525.081479328778
438.24635485045104
354.7099292732713
252.51457842422232
120.01146660415426
32.92307583999268
3.478368420162853
7.019451898917921
7.862289585504958
7.648454979663916
2.871179703099591
16.48277627052822
72.08774025688541
724.2553414312841
690.0961295963126
661.7504476898705
637.9443031659418
618.11031313689
606.4446774725793
601.2681897528176
599.357282635163
600.5913792217494
617.2648516149078
651.3921988336039
649.0211393320086
646.3596829989781
584.306905507136
475.9825193248775
364.576595746395
213.39542398404706
101.91875498491231
27.550456635386347
5.9439536733219205
10.582681933607379
12.263544810894516
11.489547408905233
7.176020383451593
8.341232162497635
44.83884624431165
770.3198412858895
736.0455126675402
707.9675980501833
683.0244153001931
663.9417598150953
651.404958871598
644.0213969967095
640.3818997782683
646.4131339172079
665.3772479225954
690.4729937465539
688.4858147748967
687.8019300040074
649.89255500941
548.25482539982
380.6225335173096
193.15743854178365
104.5773943543271
30.446621678711036
5.167660111555841
8.313388236317426
10.956064183179517
12.5898701384297
11.243233222174108
4.482438124239289
783.288788246066
754.408647777018
729.7059938886935
713.7757683862898
700.9256268219274
689.8379498217914
687.6662242695702
694.6143690345187
715.7771860882244
731.9438409000536
731.4229266860166
731.2324040991599
713.002130613254
619.3470475388077
437.8918938163142
232.4549327787932
120.70780395742442
42.46214710874663
12.115760854364261
3.835392494551076
4.382514376365216
4.930562585324436
11.6988945878829
6.8514503966862454
835.9238743487269
803.0438686543174
783.4015030900243
767.4180365211221
749.0545472140888
741.0023183537372
736.4494310480895
744.8642674613081
761.5925487975225
775.1608718189723
775.9189944836229
774.7609761050388
760.6050149000611
679.9757879779208
491.9309859761844
283.6493460745019
165.5658338905019
65.20507315634687
18.24895144165329
10.194491740570374
11.995642799079272
14.605365586189295
14.798528774184645
861.6387911652449
841.1261464470051
818.509069648548
803.3953778458358
792.1196858776698
787.2271405688674
795.8011159576021
806.9343236276728
818.4231157628733
819.576585163719
815.8310844135011
795.5810841427808
717.4613215790819
548.3602467924969
345.3197695541728
222.2841770184838
127.03637866367383
50.767038340155885
18.474411618830015
22.9584872901106
26.311348646844877
896.7997468505921
871.4633670133252
857.1508952487269
844.1510510482736
839.83491524427
845.3935045812834
852.8591947113061
861.6848190565601
861.6618277267544
855.109686685069
827.2076544090424
753.4870188918383
613.5233065852544
420.7008060805914
305.27164297201847
220.09661448994677
143.10419206863213
78.830722541015
51.96192120741046
930.0840185875786
911.757117364397
900.4007204296097
893.9275680967801
895.7102730825648
902.7393678739163
904.9828639187349
903.899914308527
894.0825833290535
858.9147361292919
786.5255751473643
685.0180191110485
553.1529208961733
411.7074240511914
318.797494142548
243.14427267296102
170.41504112779296
958.7645679033719
948.2069195545494
948.0012082908007
951.4917757967899
948.8788479968964
948.6338825015977
932.1388576521141
893.1726939285799
844.2518541836396
772.4951438630947
687.4278381731614
536.8307753600646
421.21328899892984
1000.285857009466
1001.9014291589693
994.5532780902241
995.3241084958466
978.6356071024343
954.9977401620289
925.724480858712
858.548459304402
787.993405339493
