-0.45573628
-0.65332955
-0.698466
-0.72849876
-0.7450231
-0.753569
-0.7627906
-0.7729808
-0.78725946
-0.79522747
-0.7958115
-0.8004532
-0.8102255
-0.81808984
-0.82512486
-0.8252577
-0.8289271
-0.82869315
-0.83664143
-0.83440036
-0.83667994
-0.841984
-0.84413946
-0.85012853
-0.84971225
-0.853267
-0.85263336
-0.8569194
-0.8600731
-0.86344737
-0.8639485
-0.8668322
-0.86737496
-0.8703851
-0.87607753
-0.8749928
-0.87708396
-0.8779149
-0.87859744
-0.8789314
-0.88135946
-0.88292915
-0.8854911
-0.8855671
-0.8865697
-0.8862247
-0.8876922
-0.88933825
-0.88830096
-0.889451
-0.89064395
-0.8918329
-0.8915309
-0.8940161
-0.89026934
-0.89187455
-0.8929385
-0.89513785
-0.89097464
-0.8952136
-0.8935715
-0.8954052
-0.8964124
-0.89613014
-0.8971249
-0.8963919
-0.89715457
-0.8992236
-0.8980212
-0.90011543
-0.8998126
-0.90262944
-0.9014593
-0.89922476
-0.9021667
-0.9035092
-0.90150243
-0.9016395
-0.9006483
-0.9011523
-0.90401363
-0.9020903
-0.904546
-0.9014259
-0.90146697
-0.9028076
-0.90397006
-0.9052228
-0.9016292
-0.9036553
-0.90374804
-0.9057236
-0.90549624
-0.90520483
-0.90659183
-0.9049423
-0.9046154
-0.9068816
-0.90671283
-0.90591663
-0.9078424
-0.90320873
-0.904774
-0.9033736
-0.90723175
-0.9022376
-0.90222144
-0.90755033
-0.9058466
-0.90660363
-0.90435904
-0.9081895
-0.9050651
-0.90907633
-0.9062905
-0.9082608
-0.9059364
-0.9072197
-0.90495217
-0.90582955
-0.90881884
-0.90582764
-0.9105436
-0.9105665
-0.90532017
-0.90559304
-0.9072621
-0.90646935
-0.90523165
-0.9044732
-0.90556145
-0.9061528
-0.9072339
-0.9068588
-0.90607816
-0.90917456
-0.9036535
-0.9101147
-0.9084659
-0.90794903
-0.9089691
-0.90863496
-0.9067353
-0.90889966
-0.9094759
-0.9069615
-0.9093171
-0.91265744
-0.9095388
-0.910619
-0.90953606
-0.9114337
-0.91148573
-0.9108086
-0.91053736
-0.9096552
-0.9129407
-0.91088635
-0.91123694
-0.9113185
-0.91036206
-0.91149145
-0.91280735
-0.9110027
-0.9096161
-0.9108476
-0.91076696
-0.90949166
-0.911036
-0.9101416
-0.911519
-0.9089907
-0.9102065
-0.91186357
-0.9099597
-0.91044986
-0.91272104
-0.9093341
-0.9120525
-0.9107581
-0.91241753
-0.9112094
-0.91211575
-0.91030395
-0.910394
-0.91444564
-0.91267353
-0.9103865
-0.91480845
-0.9121999
-0.913546
-0.91366833
-0.9140213
-0.9088807
-0.9148141
-0.9089837
-0.9106336
-0.9102628
-0.9125147
-0.91402155
-0.9137122
-0.9109532
-0.9131371
-0.9141498
-0.911839
-0.913343
-0.9146699
-0.9143507
-0.9124439
-0.9134227
-0.90992844
-0.91252977
-0.9105199
-0.9116186
-0.9126155
-0.90949345
-0.91282207
-0.91158456
-0.9120252
-0.9123839
-0.91115093
-0.9114867
-0.9085236
-0.9102149
-0.9093801
-0.9133415
-0.9084792
-0.9110557
-0.9065874
-0.9059713
-0.9105796
-0.9093494
-0.91288066
-0.91016686
-0.9140641
-0.91110325
-0.9137087
-0.9115579
-0.91502845
-0.9138456
-0.9119047
-0.9140149
-0.91443837
-0.91285163
-0.91284984
-0.91317034
-0.9123534
-0.9127655
-0.91364574
-0.9161125
-0.9168795
-0.91521466
-0.91577744
-0.91775894
-0.9150424
-0.9176987
-0.9165178
-0.91534096
-0.9141518
-0.9157425
-0.9156974
-0.91663855
-0.9162792
-0.9174876
-0.9171486
-0.9170523
-0.9157452
-0.91569656
-0.91549397
-0.9169539
-0.91809523
-0.91733265
-0.917157
-0.9174121
-0.91448057
-0.9173932
-0.91641116
-0.91659725
-0.9179556
-0.91516
-0.91665435
-0.9169949
-0.9155127
-0.9157489
-0.9164983
-0.917795
-0.9147389
-0.9173604
-0.9157172
-0.9157583
-0.917038
-0.9170716
-0.9164336
-0.9174887
-0.91480017
-0.91573083
-0.9154474
-0.91761017
-0.9185653
-0.91813266
-0.9168476
-0.9192593
-0.9145516
-0.91212195
-0.9128075
-0.91093385
-0.91217834
-0.9135245
-0.9044449
-0.91217935
-0.9125509
-0.9133942
-0.9155928
-0.91220266
-0.91486317
-0.9140664
-0.91457134
-0.91664606
-0.91523075
-0.91562504
-0.91752326
-0.9182629
-0.91734374
-0.9163294
-0.91468656
-0.91721237
-0.9164641
-0.9162116
-0.9155731
-0.9187391
-0.91766226
-0.91857004
-0.9167532
-0.91810596
-0.917839
-0.91785675
-0.91683024
-0.91747004
-0.9146553
-0.91859376
-0.91693
-0.91550845
-0.91903037
-0.918218
-0.91599214
-0.91659087
-0.9171506
-0.91671056
-0.9163546
-0.91905946
-0.91672295
-0.9158295
-0.9193693
-0.91743904
-0.91751754
-0.91887975
-0.91600245
-0.915923
-0.9153584
-0.9185485
-0.9163214
-0.9187172
-0.9182146
-0.9153744
-0.9197909
-0.91629374
-0.9168763
-0.9181293
-0.91847855
-0.92132914
-0.9174605
-0.917517
-0.9184069
-0.9183166
-0.9206567
-0.9185478
-0.9171366
-0.9174971
-0.91801834
-0.9203199
-0.91598445
-0.91478026
-0.9143376
-0.9181034
-0.91297704
-0.91958344
-0.917504
-0.918829
-0.914643
-0.9171225
-0.9166687
-0.9181746
-0.9170728
-0.9157221
-0.9199068
-0.91415197
-0.92022735
-0.9177437
-0.9175809
-0.91471297
-0.9163179
-0.9167234
-0.91753983
-0.91954064
-0.92026865
-0.9181837
-0.920225
-0.91969454
-0.9177572
-0.918393
-0.9206639
-0.9162808
-0.91701597
-0.91324896
-0.9131917
-0.9133158
-0.9153449
-0.9143594
-0.90800047
-0.9138886
-0.9110482
-0.91060674
-0.91154087
-0.9100082
-0.9165789
-0.9129917
-0.9092919
-0.9163042
-0.9165571
-0.9118734
-0.91520524
-0.91444236
-0.9156887
-0.9188609
-0.9119234
-0.9158516
-0.91797954
-0.9114853
-0.9131903
-0.9163488
-0.91521907
-0.9183016
-0.9170391
-0.91923505
-0.9206707
-0.91807735
-0.91844004
-0.9209853
-0.9170616
-0.91664267
-0.91612256
-0.9191757
-0.91787827
-0.9193523
-0.91837513
-0.91770196
-0.91710824
-0.9160432
-0.918813
-0.9194627
-0.9179168
-0.9177421
-0.9196997
-0.91776156
-0.9167753
-0.9189075
-0.9216242
-0.9179891
-0.918341
-0.91937554
-0.9201059
-0.9187382
-0.92092896
-0.9198233
-0.9199937
-0.9195024
-0.92087126
-0.92057204
-0.9205441
-0.9189916
-0.918524
-0.9208622
-0.9190168
-0.9215963
-0.9213241
-0.92100126
-0.91930395
-0.9206842
-0.91960293
-0.92068654
-0.92025805
-0.92053056
-0.92090124
-0.9196985
-0.9207305
-0.92129064
-0.92184883
-0.9206682
-0.92072546
-0.9210452
-0.9221487
-0.9192145
-0.921525
-0.9213432
-0.92191356
-0.9229489
-0.91933936
-0.9213837
-0.92037773
-0.92191523
-0.9211945
-0.9181406
-0.920181
-0.9184552
-0.920449
-0.9180719
-0.9208062
-0.9182991
-0.9200326
-0.92071897
-0.9219747
-0.91944206
-0.92170095
-0.91929704
-0.9204857
-0.9189547
-0.9197381
-0.91967416
-0.9223938
-0.92089003
-0.92191225
-0.9210671
-0.92177415
-0.91968155
-0.91964346
-0.92000824
-0.9185052
-0.9212669
-0.91914666
-0.92061365
-0.92016494
-0.9213931
-0.91931766
-0.92017365
-0.9180302
-0.919856
-0.9201952
-0.92181754
-0.91861326
-0.9222435
-0.92112255
-0.9214089
-0.92195874
-0.9239724
-0.92022085
-0.92188627
-0.92275953
-0.921225
-0.92340493
-0.9213308
-0.9214677
-0.921789
-0.92157155
-0.922885
-0.92154944
-0.9231824
-0.92089206
-0.9212495
-0.9194766
-0.9224732
-0.9214979
-0.92277175
-0.92099833
-0.921656
-0.9201373
-0.92003715
-0.92157936
-0.9197306
-0.9243978
-0.92187077
-0.922232
-0.9213584
-0.92322075
-0.92237437
-0.92240614
-0.92104733
-0.9230126
-0.92282796
-0.9223127
-0.92269826
-0.923237
-0.92313117
-0.9222518
-0.92304426
-0.9225592
-0.9216478
-0.92075336
-0.922854
-0.9225901
-0.92029953
-0.9229297
-0.9220895
-0.92359924
-0.9214237
-0.92252594
-0.922975
-0.92290825
-0.91959155
-0.9206348
-0.9230229
-0.92063844
-0.92324364
-0.9221848
-0.921798
-0.92377096
-0.9228433
-0.9221647
-0.922557
-0.9233149
-0.9216541
-0.92360914
-0.9220862
-0.92330563
-0.9216553
-0.9220781
-0.9212722
-0.92216426
-0.92309564
-0.9210625
-0.92207086
-0.9242162
-0.9217145
-0.92369765
-0.9226425
-0.92290944
-0.924174
-0.92388296
-0.92304355
-0.9215854
-0.9236834
-0.91911966
-0.920568
-0.9220558
-0.9211889
-0.9214657
-0.9211885
-0.92198443
-0.9229423
-0.92173904
-0.9217337
-0.91874546
-0.92049176
-0.9228527
-0.9200291
-0.9210419
-0.92214906
-0.9224683
-0.9227642
-0.9213717
-0.9228914
-0.9238073
-0.92488724
-0.92434907
-0.925535
-0.9240816
-0.9233755
-0.92340535
-0.9248304
-0.9238352
-0.92382824
-0.9237354
-0.9225698
-0.9239844
-0.9242428
-0.9238189
-0.9240373
-0.9247456
-0.9244505
-0.9235446
-0.9209349
-0.9241413
-0.924467
-0.92393076
-0.9211559
-0.9231165
-0.9189823
-0.924444
-0.91910964
-0.9197976
-0.9232918
-0.9229782
-0.9223632
-0.9224243
-0.924214
-0.9229682
-0.92591554
-0.9262955
-0.92124027
-0.92121947
-0.9242277
-0.9225867
-0.9221864
-0.922055
-0.9249258
-0.9199198
-0.92012703
-0.9229135
-0.92435265
-0.92127717
-0.9243247
-0.92461675
-0.92284113
-0.9225212
-0.9251159
-0.9211515
-0.92180055
-0.9233607
-0.9239545
-0.9228508
-0.92436665
-0.9263263
-0.92483413
-0.9251303
-0.9259447
-0.92898005
-0.92665154
-0.92572963
-0.9262591
-0.9253261
-0.92604625
-0.92775357
-0.92750055
-0.9272602
-0.9255873
-0.92775077
-0.926958
-0.9267441
-0.92773634
-0.9254215
-0.92777884
-0.9271561
-0.9283675
-0.92766255
-0.9271305
-0.92792374
-0.92576826
-0.92564744
-0.9254945
-0.92526233
-0.92753947
-0.926872
-0.92363834
-0.9251598
-0.92555577
-0.923504
-0.9249392
-0.92607766
-0.92728084
-0.92585695
-0.9262767
-0.92828315
-0.9247688
-0.92438674
-0.9272934
-0.92658263
-0.92445815
-0.9281554
-0.9271128
-0.9294853
-0.9270398
-0.92761236
-0.92856807
-0.92704904
-0.92959064
-0.9261221
-0.928514
-0.92671156
-0.9256159
-0.92640764
-0.92788017
-0.9270452
-0.9261888
-0.926118
-0.9275409
-0.92945683
-0.9270014
-0.92915106
-0.92886174
-0.9291217
-0.92657256
-0.92667955
-0.9274575
-0.9262695
-0.92637485
-0.9283833
-0.92734337
-0.92665803
-0.92866296
-0.9264448
-0.9266116
-0.92410505
-0.92903227
-0.9282857
-0.9285577
-0.9285603
-0.9273346
-0.92708397
-0.9274103
-0.929685
-0.92912674
-0.9278314
-0.92795664
-0.9282733
-0.9276728
-0.9288453
-0.9289436
-0.9288518
-0.92798007
-0.9288992
-0.9293868
-0.9275302
-0.92851037
-0.92854214
-0.9282977
-0.9264278
-0.9279815
-0.92790985
-0.92599714
-0.9284577
-0.92758477
-0.92751
-0.9265127
-0.92813104
-0.92760134
-0.9261175
-0.9282081
-0.92827666
-0.9265559
-0.9291838
-0.92586404
-0.92675036
-0.92647105
-0.92831963
-0.9263638
-0.92858386
-0.92341334
-0.9274561
-0.9252166
-0.9282329
-0.92704445
-0.9294774
-0.9283744
-0.928204
-0.92605317
-0.9280168
-0.9295707
-0.92848027
-0.9269851
-0.93027186
-0.92852277
-0.9301326
-0.92851394
-0.9287714
-0.9284129
-0.93017983
-0.9285876
-0.9295856
-0.9279599
-0.9270045
-0.930091
-0.928412
-0.9281293
-0.9276276
-0.9283981
-0.92896694
-0.9298702
-0.9291418
-0.9284866
-0.9285549
-0.9299932
-0.9290307
-0.9287969
-0.9291534
-0.9281503
-0.92890686
-0.9267618
-0.9288177
-0.9290093
-0.92897063
-0.92899656
-0.92990816
-0.9294318
-0.92883927
-0.93086165
-0.92925775
-0.92793375
-0.9284608
-0.9278738
-0.9296168
-0.93042535
-0.92831784
-0.9286778
-0.9294828
-0.92950565
-0.93109256
-0.9280187
-0.92996687
-0.9284068
-0.92854565
-0.929439
-0.9293362
-0.9279747
-0.9291893
-0.927415
-0.9294313
-0.9282766
-0.9276209
-0.9297164
-0.9293757
-0.9276856
-0.9277781
-0.93102336
-0.9283054
-0.9276583
-0.9282858
-0.92927414
-0.9301419
-0.92974114
-0.928255
-0.92786455
-0.9274921
-0.9294792
-0.9301345
-0.9291767
-0.9282505
-0.9301526
-0.9290185
-0.92987925
-0.92896324
-0.9283865
-0.9274886
-0.92786896
-0.9299676
-0.9292395
-0.9286171
-0.9289384
-0.9257467
-0.9280384
-0.9285177
-0.92915857
-0.93004143
-0.9284021
-0.92901266
-0.9292294
-0.9280772
-0.92927873
-0.9304727
-0.92893505
-0.92865527
-0.92702675
-0.9291957
-0.92957574
-0.9305438
-0.929102
-0.9294262
-0.9313244
-0.92919725
-0.9286952
-0.9308023
-0.92896473
-0.928648
-0.92809033
-0.9295437
-0.9292148
-0.9284026
-0.9287685
-0.92930526
-0.9297872
-0.9305105
-0.9302841
-0.9310116
-0.9295914
-0.9300917
-0.92912644
-0.92945457
-0.9290475
-0.928917
-0.9290859
-0.9298557
-0.9289408
-0.9285913
-0.9309958
-0.92869747
-0.9279015
-0.92780054
-0.92984974
-0.93137205
-0.92980593
-0.92960453
-0.9324165
-0.92939055
-0.9298571
-0.93015903
-0.9286157
-0.93019897
-0.9304415
-0.92900836
-0.92859393
-0.9265954
-0.9280898
-0.92896456
-0.92984533
-0.92951304
-0.93029654
-0.9275185
-0.930026
-0.92630184
-0.9281749
-0.92565036
-0.9285521
-0.92697227
-0.92853117
-0.9280386
-0.9300647
-0.92886794
-0.92756
-0.9267906
-0.9262676
-0.9292413
-0.92989576
-0.9289372
-0.92829067
-0.92620593
-0.92982495
-0.92721105
-0.9286535
-0.92779034
-0.9288579
-0.9282237
-0.93147844
-0.9294723
-0.93093836
-0.9285064
-0.9288511
-0.9283298
-0.93081546
-0.92985505
-0.93024427
-0.9307695
-0.93073684
-0.93042356
-0.92882276
-0.9303313
-0.92894155
-0.9286544
-0.9314591
-0.92981714
-0.93011445
-0.92963195
-0.9290451
-0.9300796
-0.9285798
-0.93037003
-0.92934215
-0.9301247
-0.92887324
-0.930388
-0.93014896
-0.93161404
-0.9313607
-0.9310703
-0.92937636
-0.9310978
-0.9302543
-0.9301924
-0.93004566
-0.93154544
-0.93042606
-0.9297854
-0.92871636
-0.9301915
-0.9292959
-0.92959225
-0.92998654
-0.9300079
-0.9305719
-0.9286934
-0.9292219
-0.92882115
-0.92770535
-0.9295523
-0.92894846
-0.9273083
-0.9303149
-0.93004787
-0.9304934
-0.930941
-0.9294225
-0.93171215
-0.92825174
-0.93039757
-0.92460614
-0.9304635
-0.9283121
-0.9314422
-0.9273068
-0.93154234
-0.93015575
-0.9303814
-0.9286849
-0.9291246
-0.93047535
-0.92895126
-0.9307612
-0.9308095
-0.92991817
-0.929375
-0.9291226
-0.9296974
-0.9289296
-0.92853916
-0.9301065
-0.92910737
-0.93063617
-0.9259064
-0.9311328
-0.9264098
-0.92922866
-0.9289494
-0.93037903
-0.92781097
-0.92673016
-0.9287507
-0.9281351
-0.9276777
-0.9282464
-0.92953205
-0.9265307
-0.926403
-0.93061715
-0.93017626
-0.92870384
-0.93032265
-0.9276609
-0.9288342
-0.92964935
-0.93143463
-0.92797405
-0.9297191
-0.9285338
-0.9285356
-0.9273784
-0.92813045
-0.92728317
-0.9303675
-0.9259084
-0.9270329
-0.92765045
-0.93132037
-0.9267136
-0.92786086
-0.92845327
-0.92856777
-0.9284374
-0.9290625
-0.92890024
-0.93108934
-0.93140304
-0.929956
-0.929406
-0.9282725
-0.9267476
-0.92845666
-0.92905015
-0.92999035
-0.9276608
-0.92673784
-0.93096703
-0.9284087
-0.9259454
-0.92868876
-0.93078053
-0.9271603
-0.92635
-0.927143
-0.92848825
-0.92660123
-0.9266219
-0.9305074
-0.9268657
-0.9259215
-0.9279031
-0.9281987
-0.9267698
-0.9283112
-0.9292625
-0.9288029
-0.9247773
-0.9294641
-0.9311409
-0.9309834
-0.9295089
-0.93105227
-0.930633
-0.9301112
-0.92981976
-0.930263
-0.9312061
-0.9305992
-0.92829686
-0.9294952
-0.9300323
-0.9290751
-0.92914724
-0.92960054
-0.9291398
-0.9313872
-0.93127185
-0.9277925
-0.9307497
-0.93076354
-0.9313422
-0.92976594
-0.9300672
-0.9306633
-0.9292125
-0.93094504
-0.92937535
-0.92954993
-0.92954785
-0.9277263
-0.92841476
-0.9287503
-0.9291492
-0.9265367
-0.9235226
-0.92619914
-0.928571
-0.9293226
-0.9278537
-0.9294955
-0.928569
-0.92714685
-0.9299344
-0.9279322
-0.9286167
-0.9286337
-0.9300862
-0.9277491
-0.92889076
-0.9274178
-0.9285826
-0.9259529
-0.9291785
-0.9256424
-0.92875314
-0.9268237
-0.92965263
-0.9294533
-0.9314182
-0.92967
-0.9303992
-0.9283216
-0.92861444
-0.92860764
-0.93004096
-0.93087864
-0.9307397
-0.9278896
-0.92903244
-0.9299933
-0.9283846
-0.9292175
-0.92901087
-0.93130803
-0.9294027
-0.92753166
-0.9284122
-0.92883223
-0.92994314
-0.9282487
-0.9284152
-0.9252455
-0.9271749
-0.92866653
-0.93087053
-0.92762
-0.92887795
-0.929225
-0.9292273
-0.929633
-0.9293427
-0.9284533
-0.9308496
-0.92945147
-0.9300725
-0.9288049
-0.9293841
-0.9292188
-0.9309373
-0.92941874
-0.9279382
-0.92872834
-0.92840767
-0.93017346
-0.93087256
-0.92881596
-0.93107814
-0.93038046
-0.9309698
-0.93009377
-0.93024665
-0.93112457
-0.930317
-0.93081224
-0.9306653
-0.9307455
-0.93152696
-0.9303283
-0.92996126
-0.92919314
-0.92954993
-0.9297031
-0.92908555
-0.9289086
-0.93065315
-0.92927593
-0.92725104
-0.92966455
-0.9277919
-0.9253584
-0.9276128
-0.9302802
-0.927399
-0.92917967
-0.9280646
-0.9305545
-0.92859864
-0.9276476
-0.92788893
-0.929403
-0.9292161
-0.92802924
-0.9292936
-0.9292992
-0.9267742
-0.92831993
-0.9273565
-0.93235266
-0.92851514
-0.92993337
-0.9285645
-0.9295582
-0.9296899
-0.9288324
-0.9256055
-0.9253657
-0.9310865
-0.9271926
-0.93093246
-0.9295262
-0.9310403
-0.92974997
-0.9293779
-0.9275736
-0.9304689
-0.9297154
-0.9308762
-0.9253775
-0.92826396
-0.9254893
-0.92720914
-0.9278387
-0.9237573
-0.93103504
-0.9271567
-0.9279946
-0.9272135
-0.92987996
-0.92693996
-0.92686355
-0.9261321
-0.9299084
-0.92639345
-0.9275203
-0.9284108
-0.92595875
-0.92888474
-0.92699564
-0.9284599
-0.9272144
-0.9271039
-0.93046844
-0.9284681
-0.93102896
-0.92781246
-0.93028545
-0.9276549
-0.9304256
-0.92888945
-0.92933536
-0.9287287
-0.9304782
-0.92971444
-0.93209606
-0.9315483
-0.93074363
-0.92969924
-0.92995006
-0.93049276
-0.93026626
-0.9306016
-0.9300501
-0.93291485
-0.92942315
-0.93096054
-0.9301895
-0.9309919
-0.93126994
-0.92854196
-0.92990035
-0.93099046
-0.93086106
-0.93101746
-0.9293768
-0.93026775
-0.92948747
-0.9280116
-0.9305318
-0.9300102
-0.93073124
-0.9312525
-0.9324028
-0.92998964
-0.93078643
-0.9308791
-0.9296628
-0.92870414
-0.9314152
-0.9299364
-0.929021
-0.9280147
-0.9300076
-0.92684823
-0.92854583
-0.92929065
-0.92962074
-0.92754424
-0.9310726
-0.928855
-0.9298885
-0.9276497
-0.92788565
-0.92803663
-0.9296987
-0.9269977
-0.9261047
-0.92758054
-0.92957634
-0.92789316
-0.9254346
-0.92869765
-0.9250481
-0.92577034
-0.9284801
-0.92820424
-0.92827845
-0.93015015
-0.929256
-0.92967576
-0.9284573
-0.93144953
-0.9284323
-0.9297768
-0.93112046
-0.9304928
-0.930313
-0.930119
-0.9299767
-0.92795
-0.9296036
-0.930626
-0.9311547
-0.92863744
-0.9300353
-0.930804
-0.9311032
-0.9318988
-0.9304123
-0.92830193
-0.9304744
-0.93043166
-0.9303677
-0.92838264
-0.9283332
-0.92723256
-0.9289544
-0.92889565
-0.9295725
-0.9305345
-0.92939174
-0.93008494
-0.9285242
-0.93093896
-0.92999977
-0.9301758
-0.9285216
-0.9300495
-0.9276273
-0.92865473
-0.92681694
-0.92896575
-0.93096995
-0.9294576
-0.9284946
-0.9282333
-0.9273762
-0.93003154
-0.92894673
-0.9303878
-0.92697144
-0.92522776
-0.92915344
-0.92654276
-0.93089235
-0.92684025
-0.9287841
-0.9281785
-0.929183
-0.9273569
-0.9284512
-0.93015337
-0.92937404
-0.92732275
-0.9265115
-0.9315713
-0.9273685
-0.9268732
-0.92862475
-0.9310442
-0.9264572
-0.9299134
-0.93039
-0.929953
-0.92925584
-0.9311645
-0.93166316
-0.9305594
-0.9324755
-0.92833936
-0.92953753
-0.9303342
-0.9310993
-0.9310988
-0.9299011
-0.92767256
-0.9295836
-0.9302173
-0.93076044
-0.93021667
-0.93185395
-0.930156
-0.9290131
-0.93060464
-0.92873687
-0.9305085
-0.9291472
-0.9303458
-0.9307129
-0.92948765
-0.92976063
-0.93048847
-0.9301638
-0.9320501
-0.9308147
-0.9303535
-0.93090063
-0.93000394
-0.9321174
-0.92821115
-0.92938876
-0.93155336
-0.9304025
-0.93209153
-0.9266672
-0.93153656
-0.9274804
-0.9278658
-0.9292159
-0.9276317
-0.9290174
-0.9283653
-0.9305214
-0.92578274
-0.9286734
-0.93030095
-0.9293088
-0.9295876
-0.9305533
-0.9308022
-0.9280275
-0.9282983
-0.9310789
-0.9303359
-0.93134946
-0.92997026
-0.9299296
-0.9298329
-0.93000305
-0.9307458
-0.93124026
-0.93109936
-0.93058723
-0.93031484
-0.9306908
-0.93014985
-0.92946523
-0.928646
-0.93157613
-0.929914
-0.9303626
-0.93009895
-0.93181777
-0.92914057
-0.9314009
-0.9296418
-0.93002933
-0.93075997
-0.93148226
-0.93050563
-0.93019855
-0.9312106
-0.9342238
-0.9322579
-0.93273413
-0.93180364
-0.9327929
-0.93303275
-0.9306487
-0.9318271
-0.930815
-0.9313989
-0.93219507
-0.93085134
-0.93191165
-0.93147665
-0.93247753
-0.93138295
-0.93119854
-0.9302012
-0.9330106
-0.93005437
-0.93135923
-0.93092465
-0.93211895
-0.9316201
-0.9316536
-0.93023187
-0.931899
-0.9302789
-0.93061906
-0.930434
-0.93038833
-0.92947084
-0.93269485
-0.93196595
-0.9318859
-0.93119067
-0.931934
-0.9306251
-0.932511
-0.93036824
-0.9322993
-0.9308239
-0.9307284
-0.9313803
-0.9307314
-0.9311891
-0.93097293
-0.93234146
-0.93193245
-0.93158597
-0.9290773
-0.9303603
-0.9296773
-0.93149257
-0.9315295
-0.93175167
-0.9304167
-0.93033344
-0.9296253
-0.9303444
-0.93083435
-0.93149215
-0.930843
-0.9279668
-0.93036884
-0.93160474
-0.93068385
-0.93093556
-0.931602
-0.9295882
-0.9315968
-0.9311494
-0.929776
-0.9311019
-0.93109405
-0.9317188
-0.93165314
-0.9319087
-0.93093574
-0.9299864
-0.9307284
-0.93165237
-0.93092537
-0.93082947
-0.9317744
-0.93157107
-0.93019325
-0.9319913
-0.9310806
-0.9292754
-0.9295833
-0.93001175
-0.9313133
-0.93146455
-0.9310563
-0.93145937
-0.9315873
-0.9325893
-0.9309869
-0.9299612
-0.9305267
-0.9306859
-0.9310033
-0.9307736
-0.93134236
-0.9317746
-0.9311338
-0.9294268
-0.9310143
-0.93343383
-0.92977065
-0.92962104
-0.92958796
-0.93120384
-0.92728364
-0.9272083
-0.9291578
-0.92618316
-0.92695713
-0.93261087
-0.9289991
-0.92729807
-0.9317386
-0.92992795
-0.93049175
-0.92914575
-0.9314432
-0.92891794
-0.9302726
-0.9300621
-0.9304617
-0.9312219
-0.93071854
-0.9317592
-0.93119717
-0.9320166
-0.9310331
-0.9312883
-0.93123305
-0.9308348
-0.93196446
-0.93143356
-0.93207836
-0.9324116
-0.9320334
-0.9314901
-0.93053174
-0.9286995
-0.93078613
-0.9300172
-0.9309127
-0.9310665
-0.9319813
-0.93108714
-0.93002295
-0.92961794
-0.9316764
-0.93101054
-0.9312364
-0.93181294
-0.93236053
-0.93297714
-0.9300437
-0.9311093
-0.931167
-0.9301458
-0.9294279
-0.93154436
-0.9318702
-0.9283261
-0.9311804
-0.93223435
-0.9321457
-0.9291809
-0.93152773
-0.9327719
-0.932127
-0.93279874
-0.9319187
-0.93266606
-0.9337124
-0.9325831
-0.9314953
-0.93205047
-0.9328271
-0.9320988
-0.93118525
-0.93215865
-0.9313257
-0.9327726
-0.9315028
-0.93196696
-0.93145174
-0.9321507
-0.930739
-0.93257576
-0.9297096
-0.9308013
-0.9317988
-0.93189347
-0.93001497
-0.93107474
-0.93080145
-0.93203276
-0.9276866
-0.9312776
-0.9290723
-0.93166864
-0.9314575
-0.93032247
-0.93275255
-0.93095654
-0.9318455
-0.9294168
-0.93093723
-0.9302654
-0.93202686
-0.93101454
-0.9317159
-0.9300322
-0.9308371
-0.9315401
-0.92923665
-0.93128467
-0.93162084
-0.9317479
-0.931154
-0.9342878
-0.9319435
-0.93292445
-0.93173015
-0.93149334
-0.93127185
-0.9318977
-0.9315915
-0.9339969
-0.9318674
-0.932631
-0.9315128
-0.93139464
-0.9329512
-0.933795
-0.93159646
-0.93168426
-0.93170935
-0.93017375
-0.9302901
-0.9326464
-0.93290645
-0.9318426
-0.9327239
-0.9327024
-0.93172157
-0.9328913
-0.93162787
-0.93206847
-0.9316468
-0.93302035
-0.93148416
-0.9313383
-0.9311209
-0.93243754
-0.9320985
-0.932522
-0.9320861
-0.93190855
-0.9333714
-0.9340702
-0.93194014
-0.93240315
-0.9321095
-0.9319184
-0.93367666
-0.93256277
-0.9327459
-0.93156743
-0.9319574
-0.9332095
-0.9327099
-0.93174577
-0.93167853
-0.9297957
-0.9321721
-0.9341846
-0.93259406
-0.93289804
-0.9322583
-0.9315235
-0.933251
-0.93352705
-0.93186307
-0.93154174
-0.9319276
-0.9321732
-0.93214273
-0.93137574
-0.9301257
-0.93062305
-0.93194264
-0.9338915
-0.93260556
-0.9311119
-0.93214333
-0.9327996
-0.9324175
-0.9293485
-0.9329834
-0.9326241
-0.9335845
-0.93100476
-0.93019575
-0.9297206
-0.9334877
-0.9312246
-0.9328973
-0.93354505
-0.93184894
-0.9338213
-0.9320256
-0.93248063
-0.9331507
-0.9339087
-0.934379
-0.93320435
-0.9320658
-0.9325508
-0.9329535
-0.93239784
-0.9346414
-0.93283707
-0.93292516
-0.9326204
-0.9328951
-0.93345094
-0.93250537
-0.9305854
-0.93244845
-0.9330791
-0.9325284
-0.9317295
-0.9302567
-0.9317684
-0.9329268
-0.93223864
-0.92981076
-0.9318058
-0.93296635
-0.93222946
-0.9305928
-0.93144816
-0.93028504
-0.93163866
-0.9309585
-0.93135715
-0.9290446
-0.9315551
-0.93074095
-0.93193305
-0.9316546
-0.93234617
-0.9328657
-0.93212384
-0.93278223
-0.9329598
-0.93162876
-0.93190694
-0.9326082
-0.9324026
-0.9330536
-0.9319644
-0.93250984
-0.93063843
-0.9343415
-0.93272763
-0.933207
-0.9335411
-0.93301296
-0.9331255
-0.93191093
-0.9333203
-0.93366283
-0.9327651
-0.93264765
-0.9329454
-0.9325552
-0.93301475
-0.93394226
-0.93289727
-0.9330346
-0.93343544
-0.9334315
-0.9307398
-0.9318343
-0.9327238
-0.9319733
-0.93388104
-0.9343922
-0.9333876
-0.93219393
-0.9334733
-0.9323088
-0.93197316
-0.93292344
-0.932759
-0.9329898
-0.9313538
-0.9322273
-0.9333876
-0.93354166
-0.93301666
-0.9320654
-0.9321696
-0.9337806
-0.9316398
-0.93256414
-0.9340069
-0.93443024
-0.93259215
-0.9338879
-0.93106186
-0.93185186
-0.9321645
-0.93522567
-0.93221277
-0.9330465
-0.93283486
-0.9320502
-0.93146515
-0.9338183
-0.93340814
-0.9324635
-0.9334144
-0.9351152
-0.93378586
-0.93355435
-0.93360096
-0.93155223
-0.933586
-0.9338819
-0.93255335
-0.93363744
-0.9326474
-0.9325441
-0.933707
-0.93286335
-0.93263197
-0.9334971
-0.9323798
-0.93387085
-0.93309265
-0.9347208
-0.9341679
-0.93365777
-0.93369514
-0.93381494
-0.9330244
-0.9326014
-0.9327335
-0.93294746
-0.9343917
-0.93297994
-0.9336287
-0.9322876
-0.9343995
-0.9332751
-0.93270653
-0.93358666
-0.93231905
-0.9316874
-0.9329761
-0.93212926
-0.9309404
-0.93373984
-0.93238944
-0.9293046
-0.93231446
-0.93103373
-0.9329469
-0.9317719
-0.9330032
-0.9288374
-0.932274
-0.9304558
-0.93074846
-0.9320092
-0.929188
-0.93255395
-0.9325212
-0.9331004
-0.9335419
-0.9328072
-0.93525636
-0.93251747
-0.9347368
-0.9332233
-0.93518364
-0.9323083
-0.9345617
-0.93253
-0.9332645
-0.9321352
-0.9333267
-0.9330366
-0.9337488
-0.933965
-0.9333649
-0.9342726
-0.93312466
-0.93469846
-0.93425316
-0.9345698
-0.9335846
-0.9345072
-0.9333556
-0.9333078
-0.9332753
-0.9336703
-0.9330586
-0.9327836
-0.93305403
-0.9329892
-0.93391675
-0.9333173
-0.9343159
-0.9334608
-0.9339143
-0.9339265
-0.93414426
-0.9340046
-0.93224293
-0.93407166
-0.9345005
-0.9335864
-0.9342666
-0.9331038
-0.9339722
-0.93391454
-0.9308791
-0.93181634
-0.934224
-0.93543285
-0.9339198
-0.935796
-0.9338417
-0.9358674
-0.93315345
-0.9345634
-0.93264544
-0.9334952
-0.9334186
-0.9337934
-0.9324852
-0.933056
-0.9340929
-0.9325808
-0.9340254
-0.93387717
-0.93562806
-0.93383265
-0.9340057
-0.93286705
-0.934664
-0.93485266
-0.9325189
-0.9343168
-0.93412256
-0.93351144
-0.9325714
-0.9326606
-0.93165696
-0.93098545
-0.9332753
-0.9319645
-0.93378145
-0.93281794
-0.9324157
-0.93275243
-0.933919
-0.9325371
-0.9348122
-0.932192
-0.9324534
-0.9326748
-0.93332344
-0.9309894
-0.93426883
-0.9303069
-0.93235815
-0.9315456
-0.93328613
-0.93268925
-0.93206275
-0.93312883
-0.9321843
-0.9325303
-0.93283916
-0.93260974
-0.9333674
-0.9335795
-0.93494004
-0.9329562
-0.9348371
-0.93343025
-0.93376654
-0.93254304
-0.93304294
-0.93331295
-0.93495786
-0.93225676
-0.93490875
-0.93408144
-0.93521386
-0.9339107
-0.9336975
-0.93596995
-0.93425715
-0.93572557
-0.9335146
-0.9335076
-0.93517345
-0.9334743
-0.9343587
-0.9336749
-0.9336126
-0.9351564
-0.93454754
-0.93469816
-0.9346453
-0.93271494
-0.9340304
-0.93385315
-0.9343713
-0.9347678
-0.9310539
-0.9307356
-0.9350479
-0.93218875
-0.93209165
-0.93188995
-0.9345647
-0.930362
-0.9337388
-0.9338422
-0.93412423
-0.9333045
-0.9353238
-0.93448496
-0.9344957
-0.9344803
-0.93502486
-0.9321953
-0.9348715
-0.93299204
-0.93433714
-0.9351276
-0.93477833
-0.9362832
-0.9359969
-0.9339176
-0.9348922
-0.93522716
-0.93478996
-0.9349414
-0.9333162
-0.9330001
-0.93538696
-0.93369806
-0.93311894
-0.93571156
-0.9356985
-0.9324986
-0.93540984
-0.93652445
-0.9346806
-0.9346295
-0.9354383
-0.9343449
-0.9357219
-0.93523246
-0.93407625
-0.9361093
-0.93617386
-0.9358657
-0.9356756
-0.9360722
-0.93485415
-0.93470675
-0.9352703
-0.93402934
-0.9351055
-0.93452924
-0.93345124
-0.9335859
-0.93490434
-0.9345258
-0.93290555
-0.93354917
-0.9323952
-0.9313115
-0.9357775
-0.93153715
-0.93332607
-0.93224454
-0.93263215
-0.9338359
-0.9322486
-0.935651
-0.9340974
-0.93500996
-0.93226707
-0.9345066
-0.93104684
-0.93427384
-0.9324157
-0.93354416
-0.93453413
-0.9338446
-0.93529856
-0.932078
-0.93326664
-0.9344939
-0.9350127
-0.93328243
-0.9333017
-0.9349592
-0.9346339
-0.93276507
-0.9344503
-0.93335885
-0.93442553
-0.9348997
-0.93417966
-0.9364764
-0.93340176
-0.93412447
-0.9337268
-0.93439704
-0.93476886
-0.9353692
-0.9353506
-0.9360434
-0.9352743
-0.93622315
-0.93620867
-0.9373868
-0.93665326
-0.93493253
-0.9362297
-0.9348214
-0.9348232
-0.9347869
-0.93418694
-0.9361827
-0.9355668
-0.93580484
-0.93471724
-0.93619484
-0.9356449
-0.9343691
-0.93551296
-0.93482417
-0.9350064
-0.9362881
-0.9342241
-0.93473005
-0.9345809
-0.9338047
-0.9352001
-0.9342764
-0.93354607
-0.93447113
-0.93550766
-0.93414783
-0.9339514
-0.9329463
-0.93381774
-0.9325202
-0.9310712
-0.93022186
-0.9345301
-0.93387157
-0.93133533
-0.93349844
-0.93300414
-0.9320094
-0.9343263
-0.9338341
-0.92854774
-0.93098265
-0.9311098
-0.93270797
-0.9305862
-0.9328878
-0.93325436
-0.9344363
-0.93350154
-0.93560565
-0.932213
-0.9304793
-0.9307929
-0.93264025
-0.9330477
-0.933508
-0.9346045
-0.9332036
-0.9316685
-0.9331939
-0.9336214
-0.93069065
-0.932639
-0.93427974
-0.9327361
-0.93169886
-0.9352733
-0.93547326
-0.9335489
-0.9319599
-0.9335132
-0.93384415
-0.9351474
-0.9350308
-0.9353438
-0.93490255
-0.9352727
-0.93679976
-0.9347131
-0.9360738
-0.9339262
-0.9348053
-0.9343474
-0.9348698
-0.93603104
-0.93535346
-0.93547535
-0.93575543
-0.9350423
-0.93534666
-0.9361571
-0.93637425
-0.93322915
-0.93402964
-0.9344477
-0.9354855
-0.93272394
-0.9342654
-0.93589383
-0.9349511
-0.93390244
-0.9335096
-0.93540275
-0.9343522
-0.93402636
-0.9337171
-0.9350888
-0.9343811
-0.9352892
-0.9357731
-0.9341296
-0.9360346
-0.9348859
-0.93398327
-0.9344514
-0.9351842
-0.9367196
-0.93504757
-0.93451315
-0.9334999
-0.93424433
-0.93365276
-0.93339586
-0.93557703
-0.93606985
-0.9355536
-0.9345296
-0.9345455
-0.9355745
-0.9336203
-0.933844
-0.93429637
-0.9332918
-0.9354114
-0.93484956
-0.93388736
-0.93375313
-0.9358156
-0.9342858
-0.93523127
-0.9370393
-0.93345267
-0.93515706
-0.9344919
-0.9357478
-0.93346196
-0.9348529
-0.93412286
-0.9349987
-0.9355372
-0.937391
-0.9342216
-0.935641
-0.9347186
-0.9340472
-0.9329773
-0.93450165
-0.933886
-0.9346023
-0.9351485
-0.9350668
-0.9357026
-0.9349366
-0.93514496
-0.93499804
-0.9346873
-0.93540245
-0.9341243
-0.93364733
-0.9354235
-0.93439746
-0.9348834
-0.9349711
-0.93322676
-0.93374187
-0.9332936
-0.93324125
-0.9318768
-0.931826
-0.9357941
-0.93477017
-0.93343776
-0.9334167
-0.9325029
-0.93422735
-0.93517977
-0.93294513
-0.93403995
-0.9344041
-0.93388
-0.9348135
-0.93396014
-0.9340881
-0.93378264
-0.9319861
-0.9327036
-0.93436134
-0.9300528
-0.92949736
-0.9357402
-0.93119574
-0.92963195
-0.9315477
-0.9352139
-0.9345249
-0.92986625
-0.931396
-0.9352924
-0.9324342
-0.93253154
-0.93141675
-0.9346485
-0.9335812
-0.9334326
-0.9345002
-0.93524665
-0.93334115
-0.9339949
-0.93246144
-0.93483174
-0.9334255
-0.93331784
-0.9340547
-0.9346407
-0.9329492
-0.93542457
-0.9341148
-0.93444306
-0.93477154
-0.9347402
-0.93528074
-0.93397087
-0.933299
-0.9345339
-0.93309456
-0.934955
-0.9345579
-0.9337133
-0.93469083
-0.9337599
-0.933289
-0.93396455
-0.9353862
-0.93635935
-0.9347357
-0.9352644
-0.9345309
-0.9348153
-0.9355416
-0.93287593
-0.93345827
-0.93639565
-0.93495274
-0.93408865
-0.9357218
-0.9349429
-0.93626416
-0.93484914
-0.93515563
-0.9350287
-0.9340326
-0.9332255
-0.93232644
-0.9337763
-0.9334362
-0.93187344
-0.9328753
-0.93655515
-0.93393445
-0.93408155
-0.93308264
-0.93231225
-0.9339918
-0.9340325
-0.93362087
-0.9323476
-0.9334175
-0.9329425
-0.93518853
-0.93420875
-0.9333204
-0.93358546
-0.9353344
-0.9349954
-0.933494
-0.93378234
-0.93408453
-0.9348042
-0.9352315
-0.92941904
-0.9314053
-0.93348634
-0.93382895
-0.9353491
-0.93358266
-0.93528914
-0.9329681
-0.933941
-0.9340074
-0.9337354
-0.93403643
-0.9350141
-0.93461096
-0.9345487
-0.93482184
-0.9358034
-0.93456477
-0.9340163
-0.9337234
-0.9341656
-0.9354286
-0.934978
-0.9359652
-0.935148
-0.935222
-0.9353205
-0.9348548
-0.93413955
-0.93334913
-0.9348009
-0.935794
-0.93635607
-0.9358907
-0.93603945
-0.9363252
-0.9350411
-0.93486047
-0.9346694
-0.935124
-0.9369129
-0.9359326
-0.93476284
-0.93599695
-0.9332482
-0.93553936
-0.9366134
-0.93482226
-0.9355699
-0.9355581
-0.93356144
-0.9350658
-0.93631375
-0.9352463
-0.93199766
-0.93663627
-0.93406004
-0.9359492
-0.9345518
-0.93648946
-0.936727
-0.9360244
-0.9364716
-0.9352054
-0.93438804
-0.93501693
-0.9356156
-0.935013
-0.935379
-0.9344849
-0.934395
-0.93574876
-0.9343498
-0.9357002
-0.9366165
-0.9352638
-0.93499196
-0.93427396
-0.93415415
-0.9336319
-0.9349934
-0.93416774
-0.934576
-0.93297493
-0.9344615
-0.93423223
-0.93333495
-0.93360484
-0.93621206
-0.93469256
-0.93483704
-0.9347954
-0.93627447
-0.936665
-0.9351583
-0.9346278
-0.93414885
-0.93438685
-0.9338549
-0.93298435
-0.9337586
-0.93458134
-0.93359095
-0.9353542
-0.93517673
-0.9366052
-0.93318945
-0.93386984
-0.9335737
-0.93471617
-0.9338641
-0.93495595
-0.9353015
-0.9326643
-0.9332675
-0.933053
-0.9354087
-0.9338682
-0.93424046
-0.934475
-0.9351106
-0.9337134
-0.93425447
-0.93657154
-0.93471885
-0.93298316
-0.93505865
-0.9360305
-0.9337691
-0.9333928
-0.9349487
-0.9346144
-0.9348688
-0.9348357
-0.93537194
-0.9357746
-0.93507326
-0.9346728
-0.9359009
-0.9354365
-0.93462515
-0.93465054
-0.93496996
-0.9345093
-0.9332427
-0.93452346
-0.93593544
-0.93531823
-0.937235
-0.93520796
-0.9341228
-0.9361309
-0.9358003
-0.9333662
-0.9343687
-0.9364437
-0.9349604
-0.9340382
-0.93501073
-0.9363669
-0.93487054
-0.9327883
-0.93596745
-0.93581444
-0.93467367
-0.93526244
-0.93671095
-0.9361405
-0.9337406
-0.9360516
-0.9357579
-0.9356466
-0.9357315
-0.9362192
-0.93490463
-0.9350662
-0.93651646
-0.9355062
-0.93490523
-0.9368026
-0.93716174
-0.93333685
-0.93711007
-0.9376232
-0.9360171
-0.936221
-0.9374973
-0.93660945
-0.93669206
-0.9373637
-0.9362182
-0.936482
-0.9369677
-0.9370862
-0.9364446
-0.9362155
-0.9364397
-0.93616647
-0.93443316
-0.9338527
-0.9339535
-0.9354012
-0.9341679
-0.9337877
-0.93524736
-0.9348951
-0.93599737
-0.9345772
-0.9340647
-0.93554735
-0.93585
-0.93283916
-0.93498945
-0.9358439
-0.93495774
-0.9368871
-0.9345288
-0.93409264
-0.9358711
-0.9362915
-0.9370831
-0.93625623
-0.9370578
-0.9369759
-0.9361772
-0.93498456
-0.9348897
-0.9358763
-0.9362123
-0.936844
-0.93613833
-0.93510413
-0.93702114
-0.9357693
-0.935995
-0.9353335
-0.93662786
-0.93573785
-0.93322116
-0.9353629
-0.9348001
-0.9327745
-0.93559974
-0.93599194
-0.93389964
-0.9348941
-0.93690777
-0.93666685
-0.93584055
-0.9350483
-0.9358447
-0.93542546
-0.9354393
-0.93733835
-0.93632567
-0.9353261
-0.93451655
-0.9346014
-0.9359511
-0.93585974
-0.93503815
-0.935711
-0.93524885
-0.9358724
-0.9352208
-0.9363143
-0.93468493
-0.93475103
-0.9357051
-0.93464637
-0.9357802
-0.93624854
-0.93727225
-0.9367821
-0.93696284
-0.93767256
-0.93728435
-0.93734807
-0.9369102
-0.9364729
-0.93625796
-0.93648857
-0.9368199
-0.93582714
-0.9358523
-0.9342274
-0.9329682
-0.93656725
-0.93601596
-0.9365031
-0.9315871
-0.93379956
-0.93479687
-0.9342106
-0.9335562
-0.93465304
-0.93709284
-0.9346914
-0.93558836
-0.9342358
-0.93385446
-0.93563104
-0.9366576
-0.93683773
-0.93581015
-0.93583864
-0.9356314
-0.9361762
-0.9347445
-0.9367447
-0.9364651
-0.9345579
-0.93634444
-0.9364463
-0.93340087
-0.9361248
-0.9369831
-0.9352966
-0.9356461
-0.93512297
-0.9349288
-0.9362287
-0.93526196
-0.9357734
-0.93545777
-0.9367518
-0.93544966
-0.9356798
-0.93532723
-0.9358804
-0.9349649
-0.9363653
