-0.709834
-0.7099476
-0.71393204
-0.7137407
-0.7176769
-0.72085553
-0.7196325
-0.72607094
-0.7327349
-0.7284535
-0.7350488
-0.7400856
-0.7360772
-0.7423918
-0.7456904
-0.74648255
-0.75561833
-0.7551876
-0.7593321
-0.76626813
-0.7665362
-0.7703457
-0.77906597
-0.7825752
-0.7920046
-0.7939395
-0.8030499
-0.8033497
-0.80874693
-0.8111531
-0.82204235
-0.82293564
-0.8255051
-0.82653594
-0.82810354
-0.8319451
-0.82667077
-0.83241415
-0.83967733
-0.84185916
-0.8410199
-0.8403048
-0.84143496
-0.8491453
-0.8498353
-0.8539394
-0.8575929
-0.8602943
-0.8614645
-0.8647071
-0.8700854
-0.8692064
-0.86985654
-0.8763703
-0.8713042
-0.8761419
-0.8829295
-0.8826115
-0.8847277
-0.88719034
-0.88705987
-0.8916916
-0.89509404
-0.8938077
-0.89912736
-0.8980755
-0.89879304
-0.9001333
-0.9007213
-0.9037696
-0.9046637
-0.90920675
-0.91104275
-0.908896
-0.90987736
-0.91285646
-0.9087351
-0.9149492
-0.91251945
-0.9138402
-0.913509
-0.91534406
-0.9155203
-0.91366905
-0.9143828
-0.9160081
-0.9168543
-0.91992676
-0.91820407
-0.9155002
-0.9198021
-0.91583896
-0.9174662
-0.9194987
-0.91938424
-0.9221243
-0.9199558
-0.9198145
-0.9211217
-0.91855276
-0.92274064
-0.9206404
-0.92007387
-0.921763
-0.92277473
-0.9222499
-0.9239247
-0.9216616
-0.9220116
-0.92375964
-0.92248106
-0.9217194
-0.9233677
-0.9233974
-0.9252995
-0.92511106
-0.92468214
-0.92371327
-0.9230449
-0.9249724
-0.92641246
-0.923189
-0.92648345
-0.92581147
-0.9242392
-0.9257378
-0.92490804
-0.92671984
-0.9251498
-0.925235
-0.92542195
-0.9279489
-0.92397505
-0.9249541
-0.92540634
-0.92672783
-0.9264085
-0.92847794
-0.9257976
-0.926441
-0.9255393
-0.9282033
-0.9278237
-0.9260421
-0.9281494
-0.9269818
-0.9265713
-0.92896044
-0.92919385
-0.92640203
-0.92476845
-0.9273598
-0.925481
-0.9274077
-0.9281125
-0.9281259
-0.9285472
-0.9275514
-0.92884654
-0.9278875
-0.9282575
-0.926746
-0.927173
-0.92863584
-0.9281549
-0.92787373
-0.9286405
-0.92900074
-0.9289121
-0.9295037
-0.9318594
-0.92871326
-0.9280702
-0.92840433
-0.9296629
-0.9310704
-0.928752
-0.9298642
-0.92789364
-0.9264901
-0.9320837
-0.9311931
-0.92867947
-0.9309722
-0.92991936
-0.9304746
-0.9313017
-0.930186
-0.9308264
-0.92859524
-0.9300003
-0.93118614
-0.92797476
-0.92795485
-0.9298422
-0.92833555
-0.9306659
-0.92873996
-0.9302815
-0.9292814
-0.92964417
-0.93042696
-0.9311724
-0.9303004
-0.93107665
-0.9314792
-0.9317584
-0.93041885
-0.93362534
-0.9314617
-0.93114114
-0.93094623
-0.9307801
-0.9314645
-0.9317936
-0.92898786
-0.9318025
-0.932117
-0.9305181
-0.9317866
-0.9321637
-0.93149304
-0.93221134
-0.9319756
-0.93246746
-0.9324749
-0.93260604
-0.9325878
-0.9313008
-0.931127
-0.93274623
-0.93186563
-0.9325259
-0.93255275
-0.9331124
-0.93256897
-0.9328846
-0.9313382
-0.9329401
-0.93073887
-0.9307615
-0.93165976
-0.9341662
-0.9308083
-0.93119115
-0.9307138
-0.93161243
-0.9339243
-0.93162817
-0.93168485
-0.9332394
-0.93248767
-0.93194073
-0.9335929
-0.9311177
-0.93002355
-0.9329369
-0.9323007
-0.93272907
-0.93214923
-0.933922
-0.9337824
-0.9314795
-0.9327529
-0.93259394
-0.9330644
-0.93203986
-0.9321117
-0.9311741
-0.9341697
-0.9313332
-0.9334202
-0.9328201
-0.9330039
-0.93205464
-0.93433535
-0.93144476
-0.9348149
-0.93250334
-0.9336523
-0.93256766
-0.93293536
-0.93335664
-0.93191093
-0.9345127
-0.9329629
-0.9342787
-0.93446136
-0.9347802
-0.9336314
-0.9332622
-0.9346025
-0.9323275
-0.9332887
-0.9343657
-0.9344421
-0.93308306
-0.9345007
-0.93440795
-0.9352334
-0.9339599
-0.933432
-0.9344946
-0.93289113
-0.9341518
-0.93291503
-0.9329853
-0.9332794
-0.9340424
-0.9340779
-0.9328814
-0.93533045
-0.9345617
-0.93310183
-0.9336147
-0.93344694
-0.9338198
-0.93304867
-0.9335693
-0.9325586
-0.93246484
-0.93319917
-0.93506765
-0.9352411
-0.93522024
-0.934427
-0.9317114
-0.93545836
-0.9338953
-0.9349406
-0.93166476
-0.9347573
-0.9346952
-0.9359988
-0.9350112
-0.93253505
-0.93451434
-0.9329936
-0.9354519
-0.93403065
-0.9358572
-0.9323864
-0.93321925
-0.93409204
-0.9343947
-0.93224585
-0.9332497
-0.9354468
-0.9355377
-0.93388313
-0.9346797
-0.9353
-0.934233
-0.9333481
-0.93586653
-0.9347825
-0.9329079
-0.9341714
-0.9340661
-0.93322843
-0.9345974
-0.9331339
-0.934131
-0.9345617
-0.9340561
-0.9359214
-0.9344584
-0.9352079
-0.93390256
-0.93231595
-0.93554324
-0.93576455
-0.93476707
-0.9354004
-0.93309915
-0.93520975
-0.93649334
-0.9348608
-0.93470395
-0.93554246
-0.9343048
-0.9360566
-0.93518984
-0.9344097
-0.93586844
-0.9356569
-0.9348928
-0.93325496
-0.93502414
-0.9366055
-0.9337574
-0.9339885
-0.93441623
-0.93495804
-0.9350724
-0.9339585
-0.9354414
-0.9346568
-0.93618137
-0.93311244
-0.93347245
-0.93350405
-0.9364612
-0.9354408
-0.93420416
-0.93454754
-0.93214744
-0.93449247
-0.9337542
-0.93423516
-0.9357295
-0.9341797
-0.93576676
-0.9360919
-0.93395674
-0.93624
-0.93451697
-0.9338073
-0.93476593
-0.93655914
-0.93498874
-0.93613046
-0.9348728
-0.93753946
-0.9352874
-0.9341784
-0.93307424
-0.93373245
-0.9339744
-0.93573934
-0.9334318
-0.9365469
-0.9362842
-0.93631446
-0.9354259
-0.93483645
-0.93519306
-0.93294656
-0.93619823
-0.93634576
-0.9356264
-0.93513227
-0.93467474
-0.93324906
-0.93589765
-0.9343697
-0.9344722
-0.93540883
-0.93533456
-0.93485326
-0.9354539
-0.93626195
-0.934881
-0.9357421
-0.9345133
-0.9350258
-0.9329787
-0.9325219
-0.9345076
-0.9332153
-0.934202
-0.9340884
-0.93585944
-0.9359509
-0.9360772
-0.93330705
-0.93488723
-0.93485653
-0.9344662
-0.93635696
-0.93469614
-0.93671495
-0.93790156
-0.935605
-0.935785
-0.93532574
-0.9363505
-0.9350218
-0.93450874
-0.9357597
-0.93575144
-0.93538713
-0.93559897
-0.9350545
-0.9370414
-0.9341097
-0.9356929
-0.9340178
-0.9349131
-0.9348888
-0.9359092
-0.9346694
-0.93545943
-0.93580925
-0.93407834
-0.93597347
-0.9365067
-0.9362386
-0.9368217
-0.93632746
-0.9363983
-0.93577725
-0.935192
-0.9336821
-0.9351533
-0.93641394
-0.93579066
-0.936982
-0.9350938
-0.93417
-0.9347871
-0.93513584
-0.93531924
-0.9352629
-0.93592227
-0.9356579
-0.93537265
-0.93632966
-0.93414915
-0.93446106
-0.935204
-0.9367925
-0.9350514
-0.9327502
-0.93370646
-0.9353815
-0.9345123
-0.9366433
-0.9346522
-0.933226
-0.9359866
-0.93683165
-0.9365382
-0.9345462
-0.93266803
-0.9366112
-0.93511915
-0.9349296
-0.93604696
-0.9377885
-0.9363956
-0.9348879
-0.9365349
-0.9356088
-0.93549776
-0.93348926
-0.93495214
-0.93564606
-0.93488306
-0.936933
-0.9360361
-0.93613285
-0.93633944
-0.9346735
-0.9338671
-0.93591046
-0.93486935
-0.9360174
-0.9357198
-0.9352674
-0.9345321
-0.9357761
-0.935924
-0.93519485
-0.9357515
-0.9361233
-0.9345614
-0.9357268
-0.93523085
-0.9373821
-0.9359867
-0.93558776
-0.93623453
-0.93441665
-0.9376172
-0.9380338
-0.9347464
-0.9358976
-0.93356913
-0.9361994
-0.93524736
-0.93639606
-0.93639565
-0.93575406
-0.93590194
-0.9353817
-0.9343076
-0.9362044
-0.93654895
-0.93542343
-0.9354617
-0.93450576
-0.9352308
-0.93694925
-0.934785
-0.93831015
-0.93603754
-0.9357615
-0.9365692
-0.9361933
-0.9373102
-0.93532485
-0.9365916
-0.93620783
-0.93666995
-0.9360151
-0.93496305
-0.933327
-0.93721294
-0.9369346
-0.93609774
-0.9368872
-0.93672365
-0.93526906
-0.9359527
-0.9374268
-0.93584716
-0.9361045
-0.9356272
-0.9352606
-0.93656874
-0.93658173
-0.93426824
-0.93516356
-0.9358809
-0.9346797
-0.93624014
-0.9365532
-0.93515086
-0.9357462
-0.93627703
-0.93612957
-0.9364304
-0.9378047
-0.9359249
-0.9364133
-0.933849
-0.9364241
-0.93460315
-0.9361171
-0.9364319
-0.9363108
-0.93783265
-0.9369603
-0.93411607
-0.9364463
-0.9367987
-0.93753254
-0.938539
-0.936497
-0.9358707
-0.935947
-0.9363566
-0.9371542
-0.93749255
-0.9376157
-0.9370456
-0.9361305
-0.9349054
-0.936234
-0.9352484
-0.93648314
-0.937167
-0.9352583
-0.93545526
-0.93525255
-0.9339894
-0.93669325
-0.9380918
-0.9352656
-0.9383028
-0.93538845
-0.9360816
-0.9353974
-0.93690366
-0.93671143
-0.93675
-0.9369727
-0.93659186
-0.9364355
-0.9357225
-0.93563217
-0.9350786
-0.9354802
-0.9374622
-0.93502945
-0.9350613
-0.9375723
-0.9360981
-0.93696094
-0.93738896
-0.9362845
-0.93654
-0.9370291
-0.93518233
-0.93677634
-0.936284
-0.9347869
-0.93449855
-0.936104
-0.93812877
-0.9359397
-0.9380881
-0.9365302
-0.9367692
-0.9356821
-0.93683237
-0.93664145
-0.93629897
-0.9356589
-0.937114
-0.9357054
-0.9368
-0.9349924
-0.9346324
-0.9362791
-0.93597186
-0.93604475
-0.9360139
-0.93628985
-0.93512726
-0.93774
-0.9369889
-0.9344941
-0.93653524
-0.93797576
-0.9361676
-0.9365209
-0.93508095
-0.9366154
-0.9349377
-0.93734175
-0.93710476
-0.93654454
-0.9371078
-0.9369241
-0.93723845
-0.9374331
-0.9353309
-0.93599117
-0.93495375
-0.9348456
-0.9366409
-0.9353392
-0.93609005
-0.9365892
-0.9339577
-0.93681353
-0.93565124
-0.9373609
-0.93630433
-0.9358576
-0.936637
-0.9366662
-0.9378279
-0.9366032
-0.9354618
-0.93788433
-0.9349721
-0.93648386
-0.9378837
-0.9362027
-0.936663
-0.93658936
-0.93817425
-0.9354409
-0.9368809
-0.93623924
-0.9363984
-0.9351704
-0.9385105
-0.93552667
-0.9338311
-0.93651617
-0.93645936
-0.9367845
-0.93557215
-0.9367455
-0.9363017
-0.9355815
-0.9371483
-0.9365849
-0.9367677
-0.9363058
-0.9351924
-0.9371773
-0.9361554
-0.9358402
-0.93697995
-0.93744004
-0.9360053
-0.9366719
-0.9362906
-0.9353593
-0.93741643
-0.9361749
-0.93709975
-0.9367585
-0.93572015
-0.9370777
-0.9358718
-0.9353076
-0.935627
-0.93731326
-0.9361936
-0.93612283
-0.93745744
-0.93663627
-0.93626195
-0.9357743
-0.9349173
-0.9379349
-0.93559027
-0.93692976
-0.9368791
-0.93760353
-0.93853694
-0.9362849
-0.9376679
-0.9360863
-0.93798304
-0.9364786
-0.9375538
-0.93447185
-0.936785
-0.9361284
-0.93618935
-0.93677205
-0.9350293
-0.9374794
-0.934582
-0.936665
-0.93633455
-0.93709594
-0.9367352
-0.9358997
-0.937639
-0.93616074
-0.9374719
-0.93602216
-0.9363533
-0.93794805
-0.9373713
-0.9370738
-0.9367045
-0.9356697
-0.9389506
-0.93629086
-0.93715227
-0.9367434
-0.9376551
-0.93500876
-0.93637425
-0.93708724
-0.936266
-0.9376255
-0.9360097
-0.9379422
-0.9360869
-0.93746233
-0.9371587
-0.9368957
-0.93582326
-0.93815666
-0.9342365
-0.9361737
-0.9351604
-0.9378655
-0.9367611
-0.9349299
-0.93707365
-0.9361565
-0.9367819
-0.9364491
-0.9372613
-0.9352512
-0.93750924
-0.9364251
-0.9363986
-0.9369925
-0.9377606
-0.93533343
-0.9357802
-0.93811756
-0.9371992
-0.93769366
-0.9368843
-0.9365731
-0.9378726
-0.93570167
-0.93584514
-0.93815434
-0.93764657
-0.93798643
-0.93416744
-0.93677104
-0.938178
-0.9373811
-0.93534386
-0.9364618
-0.9356573
-0.9363975
-0.9380973
-0.9350442
-0.93805915
-0.9347588
-0.9352756
-0.9362866
-0.9371526
-0.93749636
-0.93616366
-0.93737143
-0.93647707
-0.93565935
-0.9359441
-0.93615395
-0.9351743
-0.9370688
-0.9354374
-0.93650955
-0.9345864
-0.9359026
-0.935934
-0.9381764
-0.9347276
-0.9370417
-0.9353492
-0.93516934
-0.9394775
-0.93431497
-0.93717223
-0.93551993
-0.93741864
-0.93874484
-0.9364467
-0.93624854
-0.9360917
-0.93526936
-0.9362653
-0.936489
-0.9366476
-0.93765295
-0.9361586
-0.9356847
-0.93606406
-0.93568784
-0.93711287
-0.93807304
-0.9367028
-0.9347176
-0.9368332
-0.9358803
-0.93635154
-0.9388321
-0.93612665
-0.93722486
-0.93406075
-0.93736047
-0.9366118
-0.9364538
-0.93586653
-0.9358673
-0.93699926
-0.9361015
-0.9353072
-0.9343248
-0.93690133
-0.93758273
-0.9378398
-0.9372772
-0.93615544
-0.93614614
-0.9348149
-0.9383453
-0.93578255
-0.93394166
-0.9350092
-0.93504596
-0.93668586
-0.93658906
-0.93616337
-0.9370748
-0.93607414
-0.9352089
-0.9364341
-0.93676555
-0.9348106
-0.93801653
-0.9348538
-0.93418884
-0.9352268
-0.93754447
-0.93619275
-0.93549216
-0.936151
-0.9357059
-0.9379227
-0.93511146
-0.93734
-0.93609565
-0.9352156
-0.93810385
-0.93765014
-0.93586636
-0.9369033
-0.93537337
-0.9348114
-0.9363608
-0.93599355
-0.9369183
-0.93640906
-0.9361398
-0.93628
-0.9359563
-0.93724006
-0.93679714
-0.93625385
-0.9375444
-0.9371937
-0.9377424
-0.93675673
-0.9371961
-0.93711257
-0.9388759
-0.9374846
-0.93651944
-0.93701327
-0.93793136
-0.9365786
-0.93808216
-0.93635577
-0.93705434
-0.9378807
-0.9365831
-0.9382424
-0.93670106
-0.9347541
-0.9380756
-0.93594325
-0.936614
-0.93741775
-0.93727803
-0.9346705
-0.9361836
-0.9360794
-0.9377657
-0.93730015
-0.93654734
-0.9370311
-0.93886006
-0.93600816
-0.9367002
-0.93772334
-0.9380279
-0.9361708
-0.93776774
-0.93701136
-0.9380562
-0.9344973
-0.93664545
-0.93665713
-0.93542874
-0.93766665
-0.9359965
-0.93586046
-0.93760794
-0.9388878
-0.93672657
-0.93847966
-0.93663585
-0.9389394
-0.9386474
-0.9358125
-0.938254
-0.9383089
-0.9372416
-0.9377093
-0.9366017
-0.9376509
-0.9360991
-0.93831074
-0.9356753
-0.93847555
-0.93803924
-0.9364473
-0.9383772
-0.936852
-0.9369465
-0.93740755
-0.9372364
-0.9382299
-0.9368637
-0.9378213
-0.9363388
-0.93593526
-0.93547964
-0.9371831
-0.9389289
-0.9374831
-0.937251
-0.9357815
-0.9368639
-0.93838507
-0.93775964
-0.9358535
-0.93888116
-0.938035
-0.93704635
-0.9384142
-0.9387739
-0.9368893
-0.93803656
-0.9360388
-0.93902665
-0.937841
-0.9370309
-0.93787426
-0.93589157
-0.93774515
-0.9369353
-0.93643856
-0.9372743
-0.93865985
-0.9369078
-0.93731576
-0.9378809
-0.9360485
-0.9359053
-0.9384269
-0.93606895
-0.9371234
-0.93762594
-0.93740666
-0.9346837
-0.93968165
-0.93732727
-0.9351261
-0.9375206
-0.93763185
-0.9390635
-0.93712485
-0.93673927
-0.934919
-0.9382125
-0.9363452
-0.93618304
-0.9369146
-0.9370451
-0.93823016
-0.93630636
-0.93684876
-0.93628794
-0.9366749
-0.938536
-0.9371881
-0.9377976
-0.9362341
-0.9381847
-0.9392409
-0.9375733
-0.9368463
-0.9362549
-0.93759394
-0.9378926
-0.9373478
-0.9381966
-0.93891376
-0.9355252
-0.936052
-0.9382895
-0.93622744
-0.9375569
-0.93827206
-0.935756
-0.93591475
-0.9362489
-0.93719256
-0.9363263
-0.93699485
-0.9374629
-0.9354415
-0.9366531
-0.93646777
-0.93645465
-0.9357889
-0.9353643
-0.9376016
-0.9373604
-0.9382112
-0.93535525
-0.9377396
-0.9366239
-0.93594664
-0.9371191
-0.93519694
-0.93750525
-0.93717843
-0.9357147
-0.93790853
-0.93720466
-0.9366912
-0.9381571
-0.9354128
-0.9364166
-0.93662363
-0.9386824
-0.93755895
-0.93697274
-0.93688685
-0.938089
-0.9369399
-0.93797725
-0.93737096
-0.93666154
-0.9382589
-0.9378092
-0.93460095
-0.9380014
-0.93633264
-0.9366684
-0.9347451
-0.9338985
-0.9353715
-0.93650174
-0.93802166
-0.936595
-0.9381279
-0.93667114
-0.93775064
-0.93796074
-0.9353568
-0.936773
-0.9354816
-0.93632656
-0.9375266
-0.9371286
-0.9372869
-0.9367146
-0.9376286
-0.9376596
-0.939659
-0.9368411
-0.93755007
-0.93640006
-0.9363514
-0.9377583
-0.9380501
-0.9374393
-0.9365353
-0.938221
-0.9355119
-0.936198
-0.93890774
-0.9376873
-0.93570775
-0.93575734
-0.9377262
-0.94064456
-0.9366291
-0.9381182
-0.93637556
-0.93660635
-0.93641686
-0.93660533
-0.93604463
-0.93823564
-0.937336
-0.93568975
-0.9377267
-0.93855184
-0.9374168
-0.937467
-0.93884164
-0.9375991
-0.93693596
-0.9369982
-0.93837726
-0.9369722
-0.93716854
-0.9366424
-0.93677646
-0.93776196
-0.93702036
-0.93775386
-0.9372463
-0.9378946
-0.9373118
-0.9378858
-0.93749684
-0.9372478
-0.9378752
-0.93688554
-0.9360799
-0.9377629
-0.9380483
-0.93840086
-0.93737423
-0.9400893
-0.93569607
-0.9373737
-0.9364451
-0.9367069
-0.9377255
-0.9377274
-0.93620956
-0.9393999
-0.9376614
-0.9359881
-0.9367862
-0.9364956
-0.93781734
-0.93528616
-0.9375996
-0.9361613
-0.93652666
-0.93465894
-0.9372276
-0.93427896
-0.93546444
-0.93710643
-0.93652743
-0.9382446
-0.9370354
-0.93565404
-0.9364873
-0.9367033
-0.93899536
-0.9379494
-0.9366813
-0.9380239
-0.9362375
-0.9378235
-0.9363931
-0.93659866
-0.93868303
-0.9377635
-0.9373696
-0.937328
-0.9356911
-0.9370231
-0.935753
-0.9363156
-0.9372837
-0.9371893
-0.9371187
-0.9379221
-0.93740964
-0.9378826
-0.93537825
-0.93632925
-0.935961
-0.9372255
-0.93510354
-0.9377716
-0.93711877
-0.93696624
-0.94015694
-0.9382672
-0.9368897
-0.93787557
-0.93526405
-0.9375544
-0.93688047
-0.93741035
-0.937606
-0.93552876
-0.9375466
-0.93635887
-0.93726474
-0.9389144
-0.93746555
-0.93715006
-0.93644136
-0.93669695
-0.937985
-0.93826395
-0.93554336
-0.9379867
-0.9379164
-0.9377519
-0.9377149
-0.938628
-0.9365805
-0.93753815
-0.93687326
-0.93628377
-0.93838316
-0.93615717
-0.93640697
-0.93759155
-0.9355258
-0.9383931
-0.9381787
-0.93784326
-0.9370903
-0.9388782
-0.9372998
-0.9379064
-0.938554
-0.93558425
-0.93829554
-0.93660706
-0.9381787
-0.9347995
-0.9370504
-0.9390327
-0.93723446
-0.937182
-0.9376854
-0.93734705
-0.93707263
-0.93775135
-0.9366129
-0.9382159
-0.9376676
-0.9383942
-0.9377166
-0.93763286
-0.93456894
-0.9357695
-0.93764114
-0.93662447
-0.9372177
-0.93916225
-0.93726504
-0.9368899
-0.93673146
-0.9356913
-0.93734086
-0.9364655
-0.93654555
-0.936417
-0.9369767
-0.93848354
-0.9357928
-0.9368187
-0.9384934
-0.93713015
-0.9371492
-0.9381786
-0.9371054
-0.9388593
-0.9359452
-0.93750596
-0.93704104
-0.93734926
-0.9386734
-0.93672043
-0.9371073
-0.93699133
-0.9379211
-0.93686724
-0.9372768
-0.9399347
-0.9374655
-0.9360936
-0.9360359
-0.9388654
-0.939315
-0.9358044
-0.9366421
-0.93673635
-0.9363305
-0.937814
-0.93712604
-0.9375752
-0.9397372
-0.9377641
-0.9372241
-0.93698484
-0.93617547
-0.9373796
-0.9384582
-0.9368745
-0.9361305
-0.93818134
-0.9377376
-0.9377737
-0.9375575
-0.9370856
-0.9395106
-0.9382312
-0.9373507
-0.9364127
-0.9380826
-0.9384632
-0.9371503
-0.9385466
-0.9372559
-0.93684965
-0.9391416
-0.9378962
-0.9388201
-0.9374435
-0.9382741
-0.9382596
-0.9374847
-0.9377535
-0.9362303
-0.93845856
-0.93764377
-0.93744385
-0.937522
-0.93811876
-0.93653125
-0.93675864
-0.9381186
-0.93757325
-0.9388023
-0.9366066
-0.93777716
-0.93689394
-0.9362998
-0.9375185
-0.9373539
-0.9371576
-0.93852645
-0.9384105
-0.9385879
-0.93779135
-0.9380772
-0.93847376
-0.9380222
-0.93710476
-0.93679714
-0.9361246
-0.9370592
-0.93511915
-0.9380211
-0.93671376
-0.93834597
-0.937722
-0.93785775
-0.9359537
-0.93721455
-0.9375516
-0.9387229
-0.93817276
-0.93762594
-0.9374856
-0.9401513
-0.9379912
-0.93858135
-0.93814385
-0.93707895
-0.93774116
-0.94021344
-0.93411267
-0.93566084
-0.93833154
-0.93752694
-0.93707955
-0.9358301
-0.93739617
-0.9366508
-0.93868405
-0.9355952
-0.937168
-0.9354492
-0.93619496
-0.9383629
-0.9373245
-0.9369306
-0.9352106
-0.9381259
-0.93588406
-0.9368137
-0.9360444
-0.9368948
-0.9370436
-0.9372391
-0.9366472
-0.9379123
-0.9366141
-0.9370978
-0.9361823
-0.9363174
-0.9391134
-0.935975
-0.9363963
-0.9364679
-0.9367222
-0.9369598
-0.9385561
-0.9365509
-0.9371556
-0.9361212
-0.9372868
-0.93761975
-0.9369412
-0.938331
-0.9384406
-0.9399737
-0.9395905
-0.93858427
-0.9371438
-0.9351014
-0.9385592
-0.93599814
-0.93698484
-0.93834543
-0.9368135
-0.9371342
-0.93533665
-0.93574417
-0.94030887
-0.9377773
-0.9380987
-0.9380914
-0.93758374
-0.9359391
-0.9365274
-0.9377665
-0.93768746
-0.9389731
-0.9389169
-0.9360516
-0.9378212
-0.9372157
-0.93793947
-0.9373661
-0.934581
-0.936196
-0.93571335
-0.9337394
-0.9374627
-0.9358569
-0.93624413
-0.9375979
-0.9372565
-0.93667793
-0.93794733
-0.937582
-0.9379581
-0.93771166
-0.9391177
-0.93641424
-0.93661296
-0.93876207
-0.93806183
-0.9381652
-0.9370978
-0.93719906
-0.93697655
-0.93778086
-0.9367695
-0.9371304
-0.9392451
-0.9380259
-0.9385055
-0.9361493
-0.9390833
-0.93799704
-0.9380509
-0.93588305
-0.93671405
-0.93822837
-0.93767893
-0.93747693
-0.93817246
-0.9375014
-0.937306
-0.93828934
-0.9384147
-0.9385706
-0.9376574
-0.9383587
-0.9376665
-0.93624395
-0.93660426
-0.938409
-0.9377418
-0.9368467
-0.9374526
-0.9385378
-0.93756866
-0.93494457
-0.9378738
-0.9375343
-0.93685204
-0.93816924
-0.9382468
-0.93857014
-0.93831486
-0.9367662
-0.93778116
-0.9370171
-0.9366255
-0.93824625
-0.93881136
-0.9388274
-0.9380668
-0.9386339
-0.9362722
-0.93540007
-0.93915623
-0.9364639
-0.9369516
-0.93715763
-0.9352355
-0.93786013
-0.9378478
-0.93824184
-0.93713874
-0.9390849
-0.93765044
-0.93907124
-0.9366993
-0.9394376
-0.9388316
-0.9373958
-0.93700826
-0.93794566
-0.9362354
-0.93693626
-0.9367569
-0.9362776
-0.9386169
-0.9367425
-0.9383311
-0.9379429
-0.9373847
-0.93649065
-0.9373953
-0.9359588
-0.9371514
-0.9393043
-0.93677616
-0.93749374
-0.9368708
-0.93663275
-0.93720716
-0.938332
-0.9387639
-0.937074
-0.9371301
-0.93723357
-0.9357607
-0.93741363
-0.9377668
-0.9366223
-0.93667656
-0.936901
-0.9351919
-0.9381256
-0.9365101
-0.93695325
-0.9361928
-0.938131
-0.93688595
-0.9364102
-0.937386
-0.93696743
-0.93708247
-0.93506414
-0.9390651
-0.9363039
-0.93665475
-0.93758196
-0.93710726
-0.93784606
-0.9396769
-0.93773633
-0.93577063
-0.9358435
-0.9375248
-0.9378015
-0.9368422
-0.93680245
-0.9360594
-0.9378938
-0.9381896
-0.9360135
-0.9371593
-0.9379086
-0.9366669
-0.9360517
-0.93892205
-0.93769896
-0.93883675
-0.93762773
-0.93728644
-0.93889314
-0.9368641
-0.9375179
-0.93885213
-0.9360689
-0.9373674
-0.9373738
-0.93741107
-0.93816876
-0.93771476
-0.9403351
-0.93861747
-0.93691206
-0.9376712
-0.9371283
-0.9364298
-0.9394569
-0.9383918
-0.9378178
-0.9350566
-0.9364118
-0.93799186
-0.9377362
-0.9383608
-0.93777835
-0.9374881
-0.93920106
-0.9353117
-0.9360066
-0.935985
-0.9393533
-0.9400541
-0.9364161
-0.93707734
-0.93844473
-0.9391468
-0.9399297
-0.93573874
-0.9353753
-0.93720526
-0.93919826
-0.9371021
-0.9358856
-0.9379977
-0.9377766
-0.9395948
-0.9377438
-0.9377589
-0.93637586
-0.93637323
-0.93678975
-0.93785375
-0.937883
-0.9386031
-0.9375477
-0.9371468
-0.93896836
-0.9398683
-0.9384472
-0.93689936
-0.939699
-0.93780994
-0.9394362
-0.93761903
-0.93777794
-0.93723625
-0.9389338
-0.9382708
-0.9372198
-0.93689686
-0.93737215
-0.9380908
-0.93801296
-0.9382547
-0.93863964
-0.9390744
-0.93692654
-0.93733156
-0.93803924
-0.93753976
-0.9376861
-0.9369079
-0.9393537
-0.93767744
-0.9362946
-0.9371131
-0.9374077
-0.9364567
-0.93594754
-0.9368394
-0.9367654
-0.9374282
-0.9394295
-0.93858045
-0.93783516
-0.9381777
-0.9385694
-0.93890494
-0.9367293
-0.9383132
-0.9369428
-0.9383148
-0.93918616
-0.9367055
-0.9364882
-0.9366225
-0.9368629
-0.9353844
-0.9389263
-0.93778914
-0.9384462
-0.9383943
-0.93456244
-0.9370242
-0.93792564
-0.9370686
-0.93572277
-0.9368623
-0.93996847
-0.9366273
-0.93893355
-0.9381191
-0.93731296
-0.93807465
-0.93936384
-0.9371863
-0.93787575
-0.9383633
-0.93718517
-0.93895304
-0.9377678
-0.93906945
-0.9373605
-0.93854195
-0.9385636
-0.93792856
-0.93708277
-0.9392748
-0.9378963
-0.9380734
-0.93735677
-0.93872166
-0.9375968
-0.9359028
-0.93792975
-0.9369845
-0.9376465
-0.9393838
-0.9347763
-0.93827635
-0.9363082
-0.9364078
-0.9377687
-0.93767744
-0.93800247
-0.93768567
-0.9364586
-0.93762535
-0.9374545
-0.9371183
-0.93765634
-0.93724805
-0.93959
-0.93810517
-0.93678206
-0.9392006
-0.93849295
-0.9385602
-0.9373577
-0.93833756
-0.9374736
-0.9369883
-0.936338
-0.93586856
-0.93733364
-0.9359169
-0.9373763
-0.93727636
-0.93647945
-0.93774945
-0.9374709
-0.9375092
-0.9386502
-0.93567514
-0.9381024
-0.93881696
-0.93902624
-0.9380617
-0.9355954
-0.93836814
-0.9369707
-0.93851274
-0.9348659
-0.9374923
-0.9375181
-0.93697214
-0.9372728
-0.9356659
-0.93612105
-0.93899196
-0.9383649
-0.93748176
-0.9357743
-0.93590003
-0.93884635
-0.935736
-0.9373815
-0.9376991
-0.9382234
-0.93711793
-0.9370635
-0.93767375
-0.93737406
-0.93762505
-0.93878245
-0.93716055
-0.9375345
-0.93703073
-0.9392566
-0.9399808
-0.93686146
-0.9356182
-0.9377984
-0.9386444
-0.9366855
-0.9379483
-0.93679917
-0.936149
-0.9373964
-0.93640566
-0.9383273
-0.9379381
-0.9369069
-0.93661666
-0.9384848
-0.93932354
-0.9390328
-0.9390391
-0.93740875
-0.9383486
-0.9369889
-0.9376228
-0.93799317
-0.93877035
-0.93693054
-0.93815476
-0.9376649
-0.9377034
-0.93723226
-0.93703574
-0.9381434
-0.9370403
-0.9358727
-0.9375858
-0.93869543
-0.93933743
-0.9367523
-0.9372436
-0.9373834
-0.9375756
-0.93718326
-0.9374394
-0.9360945
-0.9375902
-0.93789256
-0.93752444
-0.9372076
-0.9387376
-0.9364958
-0.9376101
-0.93910635
-0.937352
-0.9385964
-0.93712264
-0.9370648
-0.9383494
-0.93872964
-0.93734246
-0.9381137
-0.938652
-0.9381692
-0.93604743
-0.9380125
-0.9371324
-0.9389085
-0.9365723
-0.9390068
-0.9378701
-0.9372686
-0.9373229
-0.9379123
-0.9362806
-0.93860215
-0.93727905
-0.9355154
-0.93543744
-0.9372925
-0.9359369
-0.9370264
-0.9336834
-0.9372755
-0.93697566
-0.93925154
-0.93772304
-0.93617874
-0.93753695
-0.93985957
-0.937632
-0.93890756
-0.93808407
-0.9366926
-0.93631357
-0.93573105
-0.9366814
-0.93767405
-0.93831676
-0.93729705
-0.93701
-0.9380571
-0.93743646
-0.93794996
-0.9381982
-0.9374986
-0.93693846
-0.93656576
-0.9383372
-0.9382024
-0.9387733
-0.9383415
-0.9387292
-0.93686116
-0.93783987
-0.9373775
-0.93698114
-0.93802583
-0.9368191
-0.9364894
-0.9358478
-0.93649024
-0.9363167
-0.93767256
-0.9357736
-0.9378687
-0.9397803
-0.9381443
-0.93887526
-0.93726444
-0.9368249
-0.9375635
-0.93561274
-0.93696505
-0.9377006
-0.9364395
-0.9386471
-0.9363904
-0.93652785
-0.9369688
-0.9390222
-0.93799174
-0.9379686
-0.93913776
-0.9387342
-0.9375084
-0.9387884
-0.9388334
-0.9375626
-0.9375435
-0.9374896
-0.9398446
-0.93688923
-0.93656653
-0.9385686
-0.9383613
-0.93715686
-0.9366971
-0.93565106
-0.93742794
-0.93763447
-0.9384341
-0.9397948
-0.9389561
-0.9388413
-0.9384277
-0.93805945
-0.93938357
-0.93666697
-0.9365598
-0.9379748
-0.93782413
-0.93675613
-0.93632936
-0.9371421
-0.93608713
-0.9372731
-0.93808335
-0.9383757
-0.937291
-0.93902487
-0.9392884
-0.9397178
-0.940232
-0.93673897
-0.93809927
-0.93644136
-0.9380248
-0.9366236
-0.93742317
-0.93837565
-0.937331
-0.9375042
-0.93886983
-0.9370181
-0.93874115
-0.9383144
-0.9373434
-0.93867445
-0.93746305
-0.9384991
-0.936552
-0.9389956
-0.9385519
-0.93971133
-0.93715805
-0.9385161
-0.93755823
-0.93933535
-0.9380677
-0.9384696
-0.9362516
-0.93484664
-0.93769276
-0.93758404
-0.9369345
-0.9380225
-0.9375064
-0.9381948
-0.9376348
-0.93596977
-0.9376636
-0.93921816
-0.9374627
-0.93497616
-0.93834484
-0.9370939
-0.93891555
-0.93724984
-0.9371428
-0.93626624
-0.9386565
-0.9382512
-0.9360749
-0.937353
-0.9379791
-0.9396692
-0.9381714
-0.93868625
-0.93744594
-0.93529
-0.93807995
-0.9405136
-0.9373391
-0.9385279
-0.9354952
-0.9363984
-0.93650067
-0.936705
-0.9353587
-0.9383914
-0.9398886
-0.9359097
-0.938042
-0.9379306
-0.93801665
-0.93921363
-0.93924505
-0.937649
-0.9372028
-0.93916756
-0.93849117
-0.9369611
-0.9377903
-0.9370786
-0.938271
-0.9375801
-0.9375783
-0.93863845
-0.9382256
-0.93559873
-0.9372976
-0.9397362
-0.9387978
-0.938198
-0.9359763
-0.9394106
-0.9370039
-0.93846214
-0.9383044
-0.93801373
-0.93651825
-0.9386386
-0.9380669
-0.9380489
-0.9362654
-0.93706304
-0.9376767
-0.9366343
-0.9356615
-0.9379584
-0.93693954
-0.93733793
-0.93618274
-0.9377029
-0.93855333
-0.9370454
-0.9376732
-0.9385244
-0.9372305
-0.9375305
-0.93802077
-0.9377053
-0.93655497
-0.93812877
-0.936708
-0.9383304
-0.9364521
-0.9378557
-0.9386409
-0.93955404
-0.9384505
-0.9387634
-0.9388669
-0.9385262
-0.9371554
-0.93636066
-0.9376335
-0.9375037
-0.93528116
-0.93901604
-0.93922365
-0.93725765
-0.93817717
-0.9375447
-0.9357085
-0.9379505
-0.93657994
-0.93785536
-0.9402231
-0.9379597
-0.9386952
-0.93773764
-0.9392495
-0.9396973
-0.93802154
-0.9366702
-0.93706924
-0.93778217
-0.9380412
-0.9384493
-0.93757254
-0.93900424
-0.9364793
-0.9382208
-0.93868405
-0.9371658
-0.938868
-0.9385274
-0.9388136
-0.9376378
-0.93967515
-0.9354307
-0.93799937
-0.9366732
-0.93788075
-0.9386263
-0.9373303
-0.93874127
-0.9382882
-0.9383119
-0.9384202
-0.9391261
-0.93878996
-0.9369086
-0.9378348
-0.93629396
-0.9382038
-0.9385296
-0.9371325
-0.9363942
-0.93822736
-0.93891954
-0.93806094
-0.9370234
-0.9397094
-0.93636954
-0.93793917
-0.9391887
-0.93594754
-0.9394322
-0.937876
-0.93632114
-0.9397367
-0.9364247
-0.9375993
-0.9357351
-0.9373459
-0.93653446
-0.9372082
-0.93765396
-0.93691266
-0.9362687
-0.9380947
-0.9378008
-0.93667036
-0.9363161
-0.9381371
-0.9360807
-0.93870264
-0.9374469
-0.9362999
-0.9384749
-0.9385095
-0.9374302
-0.9393377
-0.93788135
-0.9380159
-0.9378155
-0.9359287
-0.93782943
-0.93688846
-0.9364252
-0.9366151
-0.93917036
-0.93939126
-0.93970346
-0.93873984
-0.9404152
-0.9376956
-0.93767715
-0.93864334
-0.9380798
-0.9369358
-0.9387108
-0.9368506
-0.93576497
-0.93820465
-0.936812
-0.93709636
-0.93781865
-0.9380476
-0.9377335
-0.93819594
-0.9389378
-0.93755525
-0.9385012
-0.9366722
-0.9380026
-0.9378549
-0.9406417
-0.9367582
-0.9380572
-0.93884706
-0.9393387
-0.9382432
-0.93770814
-0.93766993
-0.9397384
-0.9385356
-0.93822676
-0.93673086
-0.938082
-0.9352319
-0.93598497
-0.9380198
-0.93728745
-0.9366061
-0.9367054
-0.93677866
-0.93674105
-0.9371157
-0.9375011
-0.9373115
-0.93661463
-0.9378886
-0.93786496
-0.93726784
-0.9391266
-0.9387709
-0.93778497
-0.9386301
-0.93844754
-0.9374181
-0.93843424
-0.9371481
-0.93829113
-0.9390416
-0.9396953
-0.93802863
-0.9394311
-0.9386211
-0.9383575
-0.93703496
-0.9382673
-0.9394714
-0.93907696
-0.93776506
-0.93841034
-0.93797
-0.9392596
-0.9386959
-0.93781346
-0.9385468
-0.93630856
-0.9375942
-0.93790334
-0.9373898
-0.9359455
-0.9367019
-0.94038653
-0.9382145
-0.9379184
-0.9366949
-0.93919086
-0.93804276
-0.9364595
-0.9379975
-0.9378923
-0.9389147
-0.9382178
-0.9385269
-0.9396997
-0.93779194
-0.9379611
-0.93789244
-0.9400436
-0.9365471
-0.9386141
-0.93755925
-0.9386123
-0.9369268
-0.9370506
-0.93827266
-0.93850064
-0.93646187
-0.9369145
-0.937325
-0.9388087
-0.93740314
-0.93890816
-0.9385133
-0.9397263
-0.9372424
-0.9378679
-0.9378893
-0.9383459
-0.9376516
-0.93774986
-0.9371498
-0.9397142
-0.93851465
-0.9374798
-0.93865234
-0.9359994
-0.9369786
-0.93794465
-0.9376443
-0.9375817
-0.9375895
-0.93670714
-0.93773514
-0.938457
-0.9372574
-0.9370056
-0.93631047
-0.9377167
-0.93670595
-0.93804544
-0.93964225
-0.9384906
-0.93704724
-0.93668
-0.93580633
-0.93911827
-0.9384314
-0.9387903
-0.937429
-0.93838394
-0.9386996
-0.93811285
-0.9375714
-0.9365925
-0.9379963
-0.93611866
-0.93847406
-0.93665427
-0.93759173
-0.93834484
-0.93674654
-0.93812144
-0.9382993
-0.93690103
-0.93760586
-0.9382996
-0.9364202
-0.9378725
-0.9383134
-0.93820304
-0.93696666
-0.9374681
-0.9363802
-0.9362068
-0.9374438
-0.9383998
-0.93780535
-0.93876225
-0.9390997
-0.9362298
-0.93667006
-0.938689
-0.9377515
-0.93716097
-0.93772966
-0.94031775
-0.93666166
-0.93750733
-0.93482435
-0.93685853
-0.93431604
-0.93591213
-0.9373539
-0.9374265
-0.9377043
-0.93972254
-0.93689734
-0.9386861
-0.9368465
-0.9363234
-0.9357064
-0.93808556
-0.93932605
-0.93862325
-0.9352832
-0.9381726
-0.9394193
-0.9376617
-0.93730533
-0.93958586
-0.9387895
-0.93697006
-0.938488
-0.93896586
-0.9382942
-0.93659574
-0.9385861
-0.9372879
-0.9347242
-0.93688744
-0.9376622
-0.93725634
-0.93846613
-0.9365678
-0.93900937
-0.9370607
-0.93922126
-0.9377486
-0.93873626
-0.9382271
-0.9388892
-0.93804526
-0.9374906
-0.93588275
-0.9389905
-0.93918556
-0.9375276
-0.93769944
-0.9379338
-0.938722
-0.9387382
-0.9373847
-0.9394492
-0.9389003
-0.9380974
-0.9373013
-0.93685293
-0.9375792
-0.93810576
-0.9370211
-0.93856454
-0.9359407
-0.9380353
-0.9383315
-0.93885005
-0.9380123
-0.9381951
-0.9392179
-0.9395254
-0.93933904
-0.93768847
-0.9375921
-0.9363915
-0.9369568
-0.9378712
-0.9385692
-0.9381204
-0.9378025
-0.9391888
-0.938312
-0.9377207
-0.93536127
-0.9388589
-0.93759686
-0.93672186
-0.93706906
-0.938901
-0.938395
-0.93844754
-0.9378951
-0.93644136
-0.93674076
-0.93874073
-0.94047517
-0.9364993
-0.93803096
-0.9389268
-0.93718773
-0.93622947
-0.93898576
-0.9389946
-0.93860745
-0.9382977
-0.9389628
-0.936857
-0.9387328
-0.93855417
-0.9371295
-0.9367602
-0.93818754
-0.93874586
-0.9392612
-0.93743634
-0.93891066
-0.93771166
-0.93867135
-0.9382047
-0.937518
-0.9364144
-0.93796384
-0.9359735
-0.9373498
-0.93710893
-0.93778497
-0.9384403
-0.93805164
-0.93852055
-0.93599975
-0.93691146
-0.93575215
-0.93716097
-0.93767685
-0.9379595
-0.9382097
-0.9397082
-0.9359739
-0.93778014
-0.9371428
-0.9358
-0.9358346
-0.9370869
-0.94106567
-0.9356181
-0.9382642
-0.93754244
-0.93895364
-0.93780583
-0.93675303
-0.93835586
-0.9379967
-0.9371689
-0.937587
-0.9384889
-0.9375403
-0.9357013
-0.93640333
-0.9380004
-0.9364027
-0.93855643
-0.93788546
-0.9389569
-0.9383815
-0.93746024
-0.9385991
-0.93925905
-0.93962437
-0.93873966
-0.9375815
-0.93691045
-0.9385891
-0.93953407
-0.9375547
-0.93874073
-0.9393481
-0.93961406
-0.93745255
-0.9379013
-0.93721306
-0.93772316
-0.9398663
-0.93747795
-0.93623877
-0.9393098
-0.93978715
-0.93697345
-0.9391873
-0.937572
-0.93680143
-0.93777865
-0.93854445
-0.9385862
-0.9368323
-0.937689
-0.9381942
-0.93921626
-0.9383702
-0.9369854
-0.93817157
-0.93686867
-0.93740535
-0.9360299
-0.9374593
-0.9382528
-0.9380174
-0.9371972
-0.93861276
-0.93840426
-0.9371357
-0.93768066
-0.9356931
-0.93724674
-0.93748367
-0.93667686
-0.93768036
-0.93811715
-0.9359935
-0.9379654
-0.938729
-0.936638
-0.9388786
-0.9371618
-0.93605053
-0.93725926
-0.93737125
-0.9363843
-0.9370182
-0.9360423
-0.9364958
-0.93922764
-0.93634474
-0.9345885
-0.93659943
-0.9375034
-0.9381255
-0.93724954
-0.9376257
-0.93705064
-0.9392408
-0.9373432
-0.9369369
-0.93730307
-0.9404903
-0.9382455
-0.9376949
-0.9382716
-0.93539053
-0.9367118
-0.938222
-0.9398644
-0.9374066
-0.9382956
-0.93840337
-0.93768054
-0.93773717
-0.93751794
-0.9391648
-0.9390989
-0.9377067
-0.9388233
-0.9379421
-0.93941534
-0.9375284
-0.9390506
-0.93788224
-0.93900657
-0.9383875
-0.9376817
-0.9382831
-0.9367599
-0.9393604
-0.9376812
-0.93891007
-0.93765694
-0.93745875
-0.93841904
-0.9384428
-0.9366766
-0.9373836
-0.93830365
-0.9374236
-0.93637294
-0.93861693
-0.93814546
-0.93916005
-0.93769497
-0.93719023
-0.9393997
-0.9384276
-0.9396653
-0.9392221
-0.93720657
-0.93734664
-0.9353326
-0.9372854
-0.93923455
-0.93637246
-0.9380318
-0.93827534
-0.9374111
-0.9380073
-0.9364996
-0.9370163
-0.9389342
-0.93692535
-0.93854755
-0.9370734
-0.939527
-0.9395272
-0.9383421
-0.9378614
-0.93886864
-0.93873435
-0.9385214
-0.9370074
-0.9408518
-0.93868035
-0.9379997
-0.93818843
-0.93986195
-0.93651664
-0.9357701
-0.93910724
-0.93622905
-0.9372925
-0.93753564
-0.93865126
-0.9384422
-0.93843955
-0.9398696
-0.9380084
-0.9373547
-0.9371157
-0.9380522
-0.9389847
-0.93944335
-0.9380022
-0.9377949
-0.93852895
-0.9402776
-0.9397405
-0.93687016
-0.93766093
-0.93709207
-0.93593746
-0.9371373
-0.9389297
-0.93874687
-0.93823355
-0.93710685
-0.93843186
-0.9399625
-0.9369758
-0.93839085
-0.9377267
-0.93826693
-0.93903047
-0.93906987
-0.93821204
-0.93771183
-0.93735534
-0.93814063
-0.93950874
-0.93698704
-0.93888944
-0.93879145
-0.93972325
-0.938611
-0.9374484
-0.93627864
-0.93798834
-0.93598914
-0.9383799
-0.9388751
-0.93821114
-0.9358265
-0.9372037
-0.9376539
-0.93766224
-0.9378389
-0.9383632
-0.9390492
-0.9388034
-0.93911904
-0.93857217
-0.93630284
-0.9363732
-0.9378855
-0.93522924
-0.93768305
-0.9380086
-0.9388163
-0.938694
