-0.2563901
-0.28483668
-0.2931796
-0.34101087
-0.36400008
-0.3626934
-0.38566175
-0.40793625
-0.40628234
-0.4433759
-0.44746178
-0.44074923
-0.46469435
-0.47587088
-0.473896
-0.48153403
-0.49235177
-0.494187
-0.5063737
-0.5017649
-0.50998986
-0.516139
-0.5041319
-0.5383418
-0.5302217
-0.53150386
-0.5297364
-0.5319879
-0.5365426
-0.53834873
-0.5480397
-0.54361516
-0.54643315
-0.5426089
-0.55108464
-0.5555416
-0.5510565
-0.5541581
-0.5706513
-0.5581793
-0.5767617
-0.5774219
-0.5712029
-0.55950236
-0.57926774
-0.57735133
-0.5817066
-0.57063895
-0.56617415
-0.5757896
-0.57463086
-0.5817568
-0.58955437
-0.5798117
-0.5858401
-0.5907246
-0.5839281
-0.58743036
-0.57938135
-0.57975733
-0.58589655
-0.58796597
-0.5940953
-0.5838907
-0.59886986
-0.5972891
-0.5879837
-0.60321623
-0.59170824
-0.6057745
-0.5914783
-0.6039104
-0.60583115
-0.59448814
-0.59012175
-0.5973589
-0.6073194
-0.59187657
-0.6071397
-0.6096393
-0.6010335
-0.60559064
-0.6145758
-0.60493225
-0.6035418
-0.6040501
-0.61424625
-0.61167735
-0.6127912
-0.6281884
-0.6093198
-0.6039395
-0.60730654
-0.6161957
-0.6122797
-0.61183816
-0.6166953
-0.6192879
-0.62064576
-0.6128162
-0.619618
-0.61960334
-0.6122192
-0.6300928
-0.62483674
-0.6197173
-0.6181667
-0.63497365
-0.6171828
-0.621507
-0.62459344
-0.61796457
-0.6181382
-0.636222
-0.6251899
-0.6216541
-0.6220487
-0.62756526
-0.6296476
-0.6281276
-0.63543475
-0.6268337
-0.6335158
-0.62914765
-0.63217336
-0.6281703
-0.62916464
-0.6293032
-0.612041
-0.62296754
-0.62093395
-0.6298754
-0.63484144
-0.62504834
-0.63051915
-0.6359656
-0.6331422
-0.63231474
-0.63034654
-0.62220895
-0.63935405
-0.628212
-0.63531774
-0.6318462
-0.62755716
-0.635141
-0.6426186
-0.63504547
-0.6368359
-0.63381374
-0.64061004
-0.6326872
-0.6434759
-0.6369846
-0.642564
-0.6336849
-0.6439226
-0.6414701
-0.6323421
-0.6382003
-0.6419344
-0.64353204
-0.6392122
-0.6403966
-0.63845646
-0.6434743
-0.634264
-0.6401749
-0.6484469
-0.6407399
-0.6424207
-0.6463811
-0.6471595
-0.6491872
-0.6473755
-0.64782065
-0.6436951
-0.63957787
-0.649626
-0.64176846
-0.66246134
-0.64444804
-0.63949347
-0.64546174
-0.64575154
-0.63983226
-0.6486529
-0.65702295
-0.64601034
-0.6531697
-0.6531972
-0.64440626
-0.6570191
-0.6543807
-0.6515676
-0.6602689
-0.6532767
-0.646595
-0.6414729
-0.66280514
-0.6520203
-0.64608675
-0.6595108
-0.65660083
-0.6553433
-0.6482943
-0.65375966
-0.6510415
-0.66152835
-0.65796244
-0.6513014
-0.652746
-0.65164024
-0.64837724
-0.6534281
-0.6520646
-0.65346646
-0.64879185
-0.6582054
-0.6598917
-0.6546961
-0.6571497
-0.6535649
-0.6665879
-0.66128194
-0.6567508
-0.6592379
-0.66229534
-0.6574418
-0.663817
-0.6642316
-0.65716904
-0.6595213
-0.66368973
-0.6610921
-0.65779495
-0.6578207
-0.66178405
-0.66053534
-0.65748334
-0.6598767
-0.6614317
-0.6667328
-0.6615237
-0.6515982
-0.6615973
-0.665196
-0.66272426
-0.66922176
-0.6626783
-0.6740769
-0.66824925
-0.6642399
-0.66672766
-0.67303
-0.66820383
-0.6656891
-0.66577905
-0.66115713
-0.66784424
-0.67259187
-0.66669416
-0.6658041
-0.6728626
-0.6650434
-0.6689084
-0.6650302
-0.6729831
-0.67139965
-0.6721135
-0.66799897
-0.67229325
-0.66932285
-0.6697342
-0.66594666
-0.6685585
-0.6687308
-0.67521024
-0.67385066
-0.6670313
-0.6687912
-0.66939706
-0.6699236
-0.66514003
-0.6642015
-0.6773988
-0.6695067
-0.66701096
-0.6711732
-0.67151374
-0.6801304
-0.68101424
-0.6690821
-0.67857647
-0.67743254
-0.679451
-0.672147
-0.6819399
-0.6803197
-0.6806698
-0.6867291
-0.6779566
-0.67770886
-0.666653
-0.67120415
-0.68221444
-0.6898291
-0.6801415
-0.67320716
-0.6827805
-0.68322945
-0.68439925
-0.6840495
-0.6804272
-0.68048507
-0.69418424
-0.6814994
-0.69160783
-0.69453347
-0.6833309
-0.6839029
-0.6904828
-0.6812623
-0.68675876
-0.6930706
-0.69338286
-0.68677473
-0.6936298
-0.6890277
-0.6895383
-0.6891624
-0.6902525
-0.6765053
-0.68631285
-0.6848281
-0.6894423
-0.6904192
-0.6842445
-0.6819826
-0.68766886
-0.6845925
-0.6792556
-0.6873063
-0.6872781
-0.6945178
-0.6881565
-0.6882835
-0.6899151
-0.687978
-0.68969876
-0.6865157
-0.69122535
-0.6837
-0.68659866
-0.697604
-0.6874069
-0.68867815
-0.68636584
-0.69798666
-0.6961312
-0.6892608
-0.6949456
-0.6926248
-0.6928014
-0.692528
-0.7046518
-0.6878179
-0.6984604
-0.68681866
-0.6924914
-0.6967234
-0.6929891
-0.6947802
-0.69315076
-0.6816646
-0.6798702
-0.689815
-0.6956393
-0.6982637
-0.6959569
-0.6933009
-0.69784224
-0.7002593
-0.6968314
-0.7001561
-0.70416313
-0.69990486
-0.6969839
-0.6928774
-0.7028941
-0.69725204
-0.6963787
-0.68935317
-0.694844
-0.6923655
-0.69240856
-0.6893724
-0.69712174
-0.69968146
-0.6998011
-0.6906352
-0.7026068
-0.6946856
-0.69991744
-0.69780004
-0.6985042
-0.70081156
-0.70143867
-0.7002581
-0.69466704
-0.7030226
-0.70175976
-0.704223
-0.69833875
-0.69899464
-0.6954461
-0.70349985
-0.7016989
-0.7114943
-0.7043026
-0.7022139
-0.7030218
-0.71022856
-0.69970644
-0.69841146
-0.69951135
-0.69612813
-0.69661754
-0.69754106
-0.7014309
-0.70232177
-0.69904125
-0.6945495
-0.6980718
-0.7012361
-0.69752324
-0.70318145
-0.7009584
-0.6963636
-0.70392644
-0.7047697
-0.70189416
-0.6985447
-0.7014589
-0.7018376
-0.6977525
-0.6993389
-0.69941866
-0.704043
-0.70159453
-0.70361
-0.7053154
-0.69636154
-0.6981402
-0.7039886
-0.7052462
-0.69784874
-0.6999942
-0.69936097
-0.70358896
-0.7064845
-0.7054738
-0.70577466
-0.7051693
-0.7087048
-0.71344405
-0.71241874
-0.70510775
-0.7027247
-0.70578825
-0.7063601
-0.7081901
-0.7082739
-0.70620066
-0.7066791
-0.70814425
-0.7002718
-0.7066901
-0.7062482
-0.70221466
-0.7132453
-0.71065706
-0.7052466
-0.71083003
-0.70757574
-0.7047085
-0.70792776
-0.7104429
-0.70600384
-0.7037186
-0.7121472
-0.70513
-0.704815
-0.70908046
-0.71030647
-0.7158204
-0.71222776
-0.70906574
-0.7089036
-0.7039323
-0.70371
-0.71392196
-0.71093553
-0.70349264
-0.70445746
-0.70699716
-0.71077913
-0.7092079
-0.7041251
-0.7111763
-0.7128718
-0.707622
-0.71180266
-0.7077688
-0.7104333
-0.71079785
-0.7143624
-0.7082
-0.7145774
-0.71115243
-0.71252674
-0.7186626
-0.69731927
-0.7037941
-0.70771366
-0.71630394
-0.7105807
-0.7129044
-0.7090857
-0.7087747
-0.70613414
-0.71329606
-0.71721977
-0.70602936
-0.71540785
-0.7104658
-0.70533735
-0.7068027
-0.7048004
-0.71684337
-0.7124006
-0.70764655
-0.7077889
-0.7075511
-0.7076585
-0.7041542
-0.71147764
-0.7056314
-0.70057356
-0.71520835
-0.71036154
-0.7123662
-0.71437395
-0.7080268
-0.71224606
-0.71401846
-0.7229713
-0.71416456
-0.71378165
-0.71409756
-0.7170527
-0.70966136
-0.71229684
-0.70963275
-0.71011466
-0.7148781
-0.7111413
-0.72109926
-0.7126472
-0.71631634
-0.7075465
-0.7104926
-0.71900505
-0.72072875
-0.721555
-0.71889126
-0.7181698
-0.71184736
-0.716978
-0.7186422
-0.7133247
-0.7142808
-0.72160596
-0.7165408
-0.714007
-0.7119734
-0.7131649
-0.71491045
-0.7128116
-0.70614046
-0.713601
-0.70884055
-0.7190606
-0.72298276
-0.70844257
-0.7163313
-0.712845
-0.7136835
-0.70965624
-0.7145306
-0.7078608
-0.71591145
-0.7155964
-0.72091
-0.7165842
-0.7163467
-0.71388185
-0.71094626
-0.71358013
-0.71839446
-0.7093223
-0.71262944
-0.7175716
-0.715654
-0.7216736
-0.71312684
-0.7215557
-0.7163671
-0.71307063
-0.71979374
-0.71806866
-0.7223526
-0.71750414
-0.7203679
-0.72221935
-0.71293694
-0.7246444
-0.71822804
-0.7209186
-0.7202175
-0.7234496
-0.7155578
-0.7200304
-0.72340316
-0.72068346
-0.7127117
-0.7188352
-0.7111425
-0.7120103
-0.7218844
-0.7136493
-0.72658736
-0.7197993
-0.72071534
-0.70724225
-0.70326644
-0.7046414
-0.70928997
-0.7111819
-0.7060157
-0.7006054
-0.7084469
-0.70754445
-0.71276724
-0.70399094
-0.70751375
-0.69973904
-0.6987648
-0.7062237
-0.7093258
-0.70769536
-0.70713776
-0.7127986
-0.70772785
-0.7148223
-0.71316767
-0.7048465
-0.7108949
-0.70991355
-0.7056562
-0.7120718
-0.7059826
-0.7118368
-0.71225333
-0.71469134
-0.70674133
-0.71081847
-0.71107656
-0.7062711
-0.7118388
-0.7073981
-0.7130235
-0.7175132
-0.7133892
-0.7037054
-0.7071555
-0.7021427
-0.71203613
-0.7137749
-0.7078092
-0.7150419
-0.70911616
-0.7137638
-0.708563
-0.7077849
-0.71179074
-0.71337664
-0.7093745
-0.7094538
-0.7059801
-0.7068618
-0.70981985
-0.7091396
-0.7115539
-0.7128371
-0.7145736
-0.7120095
-0.7131778
-0.7059227
-0.71057796
-0.71727365
-0.71395296
-0.71088874
-0.71426606
-0.7208472
-0.71913654
-0.7170259
-0.7105221
-0.7166738
-0.7215178
-0.7179001
-0.7218308
-0.7154564
-0.7127808
-0.71249914
-0.7115804
-0.7195481
-0.7132288
-0.7203405
-0.71339244
-0.7097254
-0.7054317
-0.70881325
-0.7111951
-0.7052618
-0.71280897
-0.7087759
-0.7099252
-0.7128061
-0.71520257
-0.71237016
-0.71355724
-0.71347666
-0.71252805
-0.7179639
-0.7202737
-0.7075976
-0.7155994
-0.71729136
-0.7200998
-0.71967834
-0.71837986
-0.7200335
-0.7216498
-0.717832
-0.72018254
-0.7139026
-0.7197119
-0.720506
-0.71628374
-0.7131998
-0.7200296
-0.71829253
-0.7208808
-0.7224026
-0.71410686
-0.71809214
-0.71625185
-0.7177025
-0.7201478
-0.7222735
-0.72130215
-0.73697054
-0.7273072
-0.7186424
-0.7305065
-0.7236814
-0.7258613
-0.72296214
-0.72382545
-0.7232038
-0.71695757
-0.72508264
-0.73203653
-0.7239435
-0.72158027
-0.72053903
-0.72758543
-0.7301187
-0.729825
-0.7290895
-0.7278676
-0.72815937
-0.7215779
-0.7259912
-0.7245308
-0.7216636
-0.7188854
-0.7285597
-0.73260003
-0.7266894
-0.7256574
-0.73185647
-0.7283698
-0.73130685
-0.72980857
-0.7295774
-0.7301483
-0.72316325
-0.72970545
-0.7226154
-0.72140807
-0.7294376
-0.73290336
-0.7332633
-0.7211347
-0.7342063
-0.729139
-0.72481686
-0.7331371
-0.7333196
-0.72946024
-0.72651005
-0.7226593
-0.7237186
-0.72789365
-0.7313353
-0.7302033
-0.7327183
-0.73722315
-0.73306006
-0.7289853
-0.7273007
-0.72809166
-0.728073
-0.7297358
-0.7269635
-0.72656703
-0.73235023
-0.7328413
-0.72528124
-0.7295393
-0.7292119
-0.72138804
-0.73083866
-0.7228235
-0.73056865
-0.7173133
-0.7353263
-0.72492087
-0.7300986
-0.7227486
-0.7255968
-0.72616917
-0.71943307
-0.7248163
-0.72378695
-0.7248886
-0.73050016
-0.7320912
-0.72956896
-0.7299668
-0.7322666
-0.7284682
-0.7271252
-0.7222589
-0.7306695
-0.73196536
-0.7272058
-0.7251195
-0.73036385
-0.7369943
-0.73385143
-0.7326068
-0.73150903
-0.7246595
-0.738178
-0.73380226
-0.7319964
-0.7321159
-0.7357865
-0.7366
-0.7290097
-0.7291959
-0.7215195
-0.71769345
-0.72910404
-0.7353023
-0.7230655
-0.7237679
-0.7204234
-0.7198196
-0.73308206
-0.730104
-0.73317647
-0.7336863
-0.7337489
-0.73083746
-0.7345773
-0.7317429
-0.73421025
-0.7214268
-0.7292959
-0.7285703
-0.7321411
-0.7263899
-0.7269352
-0.73727983
-0.73109436
-0.73798907
-0.7332197
-0.72885185
-0.72899806
-0.73065937
-0.72854114
-0.736115
-0.7251071
-0.7339885
-0.72576636
-0.72967875
-0.7232686
-0.72995543
-0.7296369
-0.72889686
-0.7353176
-0.72067225
-0.7183394
-0.73169243
-0.7320076
-0.73363924
-0.72491634
-0.7387907
-0.7284911
-0.73017204
-0.7333399
-0.7353667
-0.73025703
-0.72863716
-0.7361968
-0.736513
-0.728165
-0.7298693
-0.72757745
-0.7293264
-0.72894627
-0.73583347
-0.72161806
-0.7332818
-0.73458517
-0.7427877
-0.73228055
-0.73488486
-0.7315872
-0.73147553
-0.73415244
-0.73498064
-0.72739047
-0.73667413
-0.73182535
-0.736116
-0.7269239
-0.732639
-0.726216
-0.728349
-0.7215689
-0.72743
-0.7348082
-0.73415333
-0.7329737
-0.72321624
-0.72222763
-0.7244747
-0.7312175
-0.7317378
-0.7287032
-0.7303389
-0.729002
-0.7395737
-0.7324349
-0.73502314
-0.72879165
-0.7287327
-0.7350038
-0.73884076
-0.72776914
-0.74378824
-0.73142177
-0.7342404
-0.72425914
-0.7284183
-0.72123766
-0.7233238
-0.7310985
-0.7333303
-0.73099846
-0.72519344
-0.7266954
-0.73978317
-0.7295057
-0.73072624
-0.7337181
-0.7285552
-0.734596
-0.7331334
-0.73479307
-0.73486227
-0.7287843
-0.72799903
-0.7347168
-0.72629166
-0.7343049
-0.73855215
-0.7295007
-0.72870946
-0.73286915
-0.72683805
-0.73800886
-0.7238811
-0.73383707
-0.7326285
-0.7343594
-0.73454636
-0.7292715
-0.728172
-0.7327783
-0.73501056
-0.73376083
-0.7342424
-0.7366643
-0.7329773
-0.72904825
-0.7333785
-0.73270714
-0.733292
-0.7387862
-0.7397476
-0.7433369
-0.7283821
-0.74054027
-0.74086875
-0.7398542
-0.7451475
-0.7434934
-0.7399339
-0.7337695
-0.73741406
-0.73758394
-0.73752743
-0.7351912
-0.73589194
-0.7399351
-0.7343571
-0.73840517
-0.73254734
-0.7392087
-0.7320357
-0.73468465
-0.7361527
-0.73947877
-0.73314047
-0.7373928
-0.74606216
-0.73423845
-0.73919415
-0.7402244
-0.7402375
-0.7300022
-0.7317688
-0.7385305
-0.7308669
-0.73075664
-0.73361033
-0.73278874
-0.72988445
-0.7318326
-0.7368011
-0.72669286
-0.7323681
-0.735082
-0.7350831
-0.73618263
-0.73600554
-0.7314742
-0.7377874
-0.7373157
-0.7421947
-0.7354593
-0.73572034
-0.73791677
-0.73242664
-0.7351463
-0.7341746
-0.7349667
-0.7356521
-0.73129827
-0.7289984
-0.73091495
-0.7289835
-0.7331177
-0.7385768
-0.73698795
-0.7261081
-0.7354498
-0.72818434
-0.72836107
-0.7341218
-0.73570526
-0.7269244
-0.72887397
-0.72490263
-0.7323378
-0.7354385
-0.7299885
-0.7398862
-0.7401123
-0.7356458
-0.73377913
-0.7389187
-0.741281
-0.73948646
-0.74220747
-0.734301
-0.74087083
-0.7347769
-0.7366496
-0.73469126
-0.73462075
-0.7303421
-0.7353997
-0.7326228
-0.73964214
-0.7393984
-0.7389859
-0.7382732
-0.7237329
-0.73642963
-0.7414258
-0.7388397
-0.74351484
-0.7354911
-0.73537236
-0.7365936
-0.73477566
-0.73734957
-0.73540723
-0.73369306
-0.73503196
-0.7422495
-0.73589027
-0.7372971
-0.74090165
-0.7394561
-0.7399074
-0.7476382
-0.7404364
-0.74034345
-0.7382879
-0.74712193
-0.73901606
-0.7396417
-0.7380039
-0.74073654
-0.74285483
-0.73757267
-0.73711395
-0.7401759
-0.7376559
-0.74515736
-0.730389
-0.73549896
-0.7312745
-0.7380023
-0.7379969
-0.74493057
-0.7352487
-0.740392
-0.744239
-0.73602325
-0.7353876
-0.74158174
-0.73628587
-0.73658127
-0.7409842
-0.7431577
-0.7378094
-0.74495566
-0.74068075
-0.7435628
-0.7437804
-0.74236363
-0.7415267
-0.74056554
-0.74304444
-0.7412235
-0.74000525
-0.7378268
-0.74619716
-0.7398916
-0.74385613
-0.74546146
-0.74068797
-0.74096173
-0.7454903
-0.73838735
-0.74586535
-0.7493168
-0.74115753
-0.7367672
-0.7449227
-0.73853254
-0.74465936
-0.7473385
-0.7446566
-0.74365586
-0.74397707
-0.74337006
-0.7468272
-0.7517655
-0.74630904
-0.73847854
-0.7432012
-0.74186033
-0.7439354
-0.74179584
-0.73601997
-0.7370846
-0.7429652
-0.7460574
-0.738296
-0.74478555
-0.7419929
-0.746063
-0.73780715
-0.74214447
-0.74004096
-0.75462884
-0.74633163
-0.7412536
-0.74162346
-0.73896277
-0.74507284
-0.748169
-0.7461568
-0.74483436
-0.74537486
-0.74810237
-0.743857
-0.7368718
-0.74434376
-0.7397879
-0.7395384
-0.74121773
-0.7435473
-0.7493782
-0.7524636
-0.7398905
-0.74342406
-0.7484882
-0.743764
-0.742528
-0.74714005
-0.7421933
-0.7443519
-0.73846954
-0.74713165
-0.7333879
-0.7384924
-0.7439298
-0.7392881
-0.74115777
-0.74516165
-0.7393748
-0.7462039
-0.74167657
-0.74026203
-0.7404886
-0.74180156
-0.744539
-0.73876125
-0.7435467
-0.74334365
-0.750493
-0.7513093
-0.7480505
-0.74028087
-0.74408996
-0.7453693
-0.74646175
-0.73828375
-0.7402501
-0.7444559
-0.7475371
-0.74080914
-0.74307305
-0.7404298
-0.74707794
-0.74163294
-0.75153494
-0.7476204
-0.744612
-0.7496689
-0.7493179
-0.7496327
-0.7495081
-0.74041927
-0.7479667
-0.7506559
-0.74845505
-0.74655545
-0.7475853
-0.7487346
-0.7477487
-0.7396312
-0.7494825
-0.75586176
-0.74770343
-0.74820995
-0.7518617
-0.743573
-0.74213094
-0.74419767
-0.7477218
-0.74288404
-0.75483835
-0.7447341
-0.7422268
-0.7465446
-0.7392041
-0.7439997
-0.74442834
-0.7504531
-0.7355806
-0.7371415
-0.73794955
-0.73987806
-0.7440823
-0.7463602
-0.7433542
-0.73733133
-0.745806
-0.7450727
-0.7407377
-0.7432308
-0.73726517
-0.73755527
-0.74721324
-0.7409872
-0.74628884
-0.74659973
-0.74484503
-0.7487929
-0.74424845
-0.7362725
-0.74466366
-0.7438659
-0.74125254
-0.7368794
-0.7509029
-0.74506575
-0.7418828
-0.74441504
-0.7506693
-0.74880356
-0.7427578
-0.7445985
-0.7416124
-0.74690026
-0.7368073
-0.74548584
-0.7435366
-0.7443294
-0.7449001
-0.7473291
-0.74425733
-0.74552345
-0.74611175
-0.7398248
-0.751349
-0.7490079
-0.7443382
-0.7402199
-0.7458797
-0.74370265
-0.74667734
-0.74875253
-0.75372326
-0.7428558
-0.74377835
-0.74239784
-0.7492977
-0.75427556
-0.74811095
-0.73927677
-0.7454894
-0.75319326
-0.7505365
-0.7445443
-0.75158995
-0.75088125
-0.7509804
-0.7457978
-0.748504
-0.74942833
-0.7491082
-0.7427474
-0.7488719
-0.7509072
-0.7484047
-0.7531181
-0.74972486
-0.7427739
-0.7422755
-0.7464986
-0.74947906
-0.7530429
-0.74986017
-0.7482558
-0.7544603
-0.74738085
-0.7462023
-0.749929
-0.7472217
-0.7487038
-0.74937916
-0.7482116
-0.746667
-0.75407505
-0.7494812
-0.7527777
-0.75075376
-0.74505246
-0.75044376
-0.74904877
-0.75097865
-0.75327915
-0.7496951
-0.7515295
-0.7470832
-0.74252
-0.7513
-0.7503343
-0.7459585
-0.75070685
-0.75226563
-0.7516398
-0.7511459
-0.75214857
-0.74735177
-0.7521799
-0.75129884
-0.7589876
-0.7462232
-0.74933416
-0.7516079
-0.75010145
-0.7539455
-0.7601231
-0.7503265
-0.7474324
-0.7443772
-0.7460315
-0.74978304
-0.754273
-0.7408377
-0.7461217
-0.74673533
-0.7438477
-0.74776864
-0.7483813
-0.74835825
-0.74710506
-0.7473013
-0.74986917
-0.7521551
-0.75363654
-0.7487878
-0.7472472
-0.74929667
-0.75085545
-0.7399873
-0.7491376
-0.75110483
-0.74840057
-0.7399242
-0.74799067
-0.7507028
-0.7510812
-0.75279754
-0.7514791
-0.74891996
-0.74486357
-0.74140745
-0.74846256
-0.7434968
-0.75159776
-0.74804854
-0.7466103
-0.7521479
-0.74823195
-0.7495943
-0.7585839
-0.76016176
-0.7508605
-0.7548669
-0.74936914
-0.7470713
-0.74947095
-0.7546687
-0.74443364
-0.75250864
-0.753208
-0.74826235
-0.7477918
-0.75752026
-0.7505039
-0.75169414
-0.74720675
-0.752581
-0.75133
-0.7617292
-0.74956983
-0.75365555
-0.7551412
-0.74811953
-0.75234526
-0.7496293
-0.7509475
-0.75778884
-0.7491367
-0.75764996
-0.7546944
-0.7526947
-0.75200856
-0.7517494
-0.75554293
-0.7506819
-0.7602489
-0.74992764
-0.75505364
-0.7557008
-0.7493234
-0.74994767
-0.75369954
-0.7492461
-0.75958204
-0.7505988
-0.74618274
-0.75958747
-0.75743055
-0.7522644
-0.75217927
-0.75489783
-0.7524474
-0.7516277
-0.7543444
-0.75216985
-0.7580686
-0.76230335
-0.7566404
-0.7523187
-0.75375557
-0.75277025
-0.7562528
-0.7521011
-0.7533059
-0.75439805
-0.7541819
-0.7529671
-0.75717837
-0.7521633
-0.7562447
-0.75174177
-0.755916
-0.74605906
-0.74805427
-0.7520232
-0.75398445
-0.7541498
-0.7544191
-0.7566232
-0.74620444
-0.7523417
-0.74661034
-0.75479305
-0.7631937
-0.74622536
-0.7435847
-0.7534506
-0.7401616
-0.7403083
-0.7495127
-0.75107914
-0.7488902
-0.74551576
-0.7413593
-0.7460565
-0.7458011
-0.7506499
-0.75007665
-0.7507416
-0.7473939
-0.7456608
-0.7398526
-0.75114584
-0.75171006
-0.7509983
-0.74348015
-0.74950767
-0.74378186
-0.75074464
-0.74535066
-0.75123215
-0.7603954
-0.7592001
-0.74629956
-0.7537541
-0.7523312
-0.75487024
-0.75987905
-0.757858
-0.7550259
-0.74906415
-0.75253654
-0.75447845
-0.7551236
-0.75388145
-0.7531322
-0.75897694
-0.7529726
-0.75316745
-0.75227976
-0.74752825
-0.75392854
-0.7605153
-0.75529
-0.75686944
-0.76185846
-0.75793153
-0.7581727
-0.7541141
-0.7529628
-0.7580191
-0.7530019
-0.76284724
-0.75827044
-0.76017565
-0.7618543
-0.75965774
-0.76504934
-0.75409544
-0.757042
-0.7570417
-0.7494515
-0.7556755
-0.753609
-0.75664806
-0.7589171
-0.7539219
-0.75554436
-0.7624472
-0.7562352
-0.76048416
-0.7597815
-0.7587548
-0.7592189
-0.75678086
-0.7533904
-0.75753427
-0.75884366
-0.75896287
-0.7553551
-0.7602707
-0.7537621
-0.75587416
-0.7598555
-0.7664077
-0.75963813
-0.7608196
-0.75412726
-0.7582077
-0.7588249
-0.7425386
-0.75473887
-0.74844235
-0.74917626
-0.75208247
-0.7560898
-0.7598362
-0.75844324
-0.7464824
-0.7519394
-0.75302804
-0.759032
-0.76065016
-0.7541723
-0.7541377
-0.7541733
-0.750573
-0.7487313
-0.7519554
-0.75685066
-0.7585516
-0.7557042
-0.7540626
-0.76556027
-0.76786613
-0.7477372
-0.7570919
-0.75960827
-0.75891167
-0.76274925
-0.7514315
-0.75492364
-0.7587827
-0.7575526
-0.75564617
-0.7573126
-0.7583445
-0.76174045
-0.75518346
-0.75639313
-0.76192904
-0.7545459
-0.75737005
-0.75482374
-0.7542056
-0.75867337
-0.76183957
-0.7582259
-0.7581891
-0.75834334
-0.7613324
-0.7631516
-0.7607986
-0.7619148
-0.7589977
-0.76183444
-0.75750387
-0.7649286
-0.7629266
-0.76353943
-0.76596683
-0.7615586
-0.76444876
-0.7590243
-0.7590825
-0.76302564
-0.7634231
-0.7620297
-0.7648653
-0.76276547
-0.7661382
-0.7585175
-0.77003384
-0.7653608
-0.76589775
-0.7627655
-0.7621531
-0.7577186
-0.76199627
-0.7528088
-0.7562736
-0.75334364
-0.76132905
-0.7616137
-0.75831723
-0.7574646
-0.76045585
-0.7552694
-0.76061434
-0.7610031
-0.75514734
-0.7533338
-0.75791484
-0.75196755
-0.7537885
-0.7602459
-0.75716686
-0.7622914
-0.7555086
-0.7562014
-0.7584657
-0.76019037
-0.7602136
-0.7604278
-0.7574734
-0.76451266
-0.7594939
-0.76325566
-0.7587203
-0.7588919
-0.7545488
-0.7620444
-0.76584333
-0.7649968
-0.76181585
-0.76204145
-0.7621183
-0.7591181
-0.7609772
-0.76087147
-0.764027
-0.76001143
-0.7606628
-0.75708795
-0.76086795
-0.75748646
-0.75968677
-0.7642218
-0.7602136
-0.76090074
-0.7627455
-0.75939685
-0.75949025
-0.76622087
-0.7606826
-0.7609448
-0.7641585
-0.76318586
-0.7557603
-0.76497334
-0.7623367
-0.75743425
-0.76410896
-0.7627754
-0.7574127
-0.7557919
-0.76450926
-0.7641925
-0.7616258
-0.7647456
-0.7618879
-0.7632057
-0.75931036
-0.760652
-0.7559581
-0.76188886
-0.7561326
-0.7589782
-0.7679311
-0.76256496
-0.76806176
-0.76646894
-0.7681856
-0.76839197
-0.76556605
-0.7688695
-0.77019984
-0.77021074
-0.7712907
-0.7648726
-0.7707417
-0.7651128
-0.76555824
-0.7687322
-0.77199644
-0.77053034
-0.768021
-0.76419306
-0.76993823
-0.7668919
-0.7685299
-0.7682098
-0.7727493
-0.77296203
-0.76469535
-0.7699944
-0.76503676
-0.76810527
-0.77060145
-0.7720263
-0.7697981
-0.7692453
-0.7696781
-0.772653
-0.77345556
-0.7660291
-0.76934433
-0.7626653
-0.76566976
-0.7706477
-0.7590822
-0.7672614
-0.76794124
-0.7727397
-0.7627766
-0.76465845
-0.7648535
-0.7621516
-0.76886636
-0.7709722
-0.7656057
-0.76998025
-0.7643309
-0.77004737
-0.76761234
-0.7592631
-0.76503754
-0.76687735
-0.7719227
-0.7655636
-0.7645173
-0.7716638
-0.76686764
-0.7671782
-0.76586014
-0.77179116
-0.761804
-0.7709823
-0.767155
-0.7671964
-0.7640278
-0.7705305
-0.7694518
-0.7675507
-0.76506454
-0.76290756
-0.7692728
-0.77059585
-0.760622
-0.76669073
-0.7666326
-0.76495624
-0.76218665
-0.7672888
-0.76748323
-0.7646079
-0.7676112
-0.7648272
-0.7672492
-0.76583076
-0.76759017
-0.7533126
-0.7650648
-0.76659155
-0.766631
-0.76429933
-0.75655556
-0.76047695
-0.7618329
-0.76798344
-0.75808966
-0.7596792
-0.76384765
-0.7668532
-0.76540345
-0.7684322
-0.7694033
-0.7603373
-0.7621977
-0.7594873
-0.7682942
-0.7657403
-0.76318854
-0.76392335
-0.7644461
-0.7675031
-0.7694214
-0.7662519
-0.7643202
-0.7603917
-0.7698294
-0.7680416
-0.7655868
-0.76469606
-0.7686576
-0.7600961
-0.76339555
-0.7633878
-0.7700251
-0.762732
-0.76844424
-0.7578645
-0.7669047
-0.7650541
-0.76676476
-0.761947
-0.768099
-0.7632868
-0.7694347
-0.7699124
-0.7666188
-0.7658467
-0.7642139
-0.76363945
-0.7654408
-0.7728643
-0.7707657
-0.77236444
-0.77161103
-0.77723813
-0.7724542
-0.7706133
-0.7669714
-0.77114534
-0.7691994
-0.7723809
-0.7711259
-0.76930493
-0.77124846
-0.76965165
-0.76517725
-0.76423645
-0.77015454
-0.7658613
-0.76208687
-0.7660957
-0.76051074
-0.76338464
-0.76565164
-0.7694409
-0.76626146
-0.75872123
-0.7685584
-0.7708735
-0.76495135
-0.7615465
-0.7652878
-0.7689734
-0.76702124
-0.7673553
-0.7593677
-0.768981
-0.7696548
-0.7690447
-0.76941437
-0.76571673
-0.76758206
-0.7671059
-0.76675075
-0.7700723
-0.76434195
-0.7628602
-0.76471853
-0.7673503
-0.76992947
-0.7741823
-0.7708241
-0.7713157
-0.77676773
-0.7710824
-0.7774223
-0.76605153
-0.7660052
-0.76593286
-0.7690585
-0.7671117
-0.7681928
-0.76873386
-0.7751719
-0.7754225
-0.76584685
-0.76363623
-0.7742412
-0.77228117
-0.7712501
-0.7691513
-0.7738503
-0.76735365
-0.76709056
-0.7664793
-0.77337086
-0.7685456
-0.7637752
-0.7645156
-0.76224893
-0.7609806
-0.7658535
-0.77107763
-0.76683044
-0.76284903
-0.7658256
-0.7647206
-0.76777023
-0.76603633
-0.76601124
-0.76332116
-0.7626789
-0.7621027
-0.76810694
-0.77270377
-0.7652513
-0.7671987
-0.7680398
-0.76935345
-0.7690225
-0.77041006
-0.77034056
-0.7677139
-0.76596457
-0.76110786
-0.76067567
-0.77588874
-0.7669558
-0.76620036
-0.7676813
-0.7721802
-0.7651922
-0.7740877
-0.7758935
-0.77001745
-0.7663679
-0.770871
-0.7710438
-0.7758416
-0.77442575
-0.77269113
-0.7698006
-0.76684666
-0.7771577
-0.7744669
-0.7767556
-0.7710927
-0.76869184
-0.7711902
-0.7694626
-0.7596318
-0.76448303
-0.76677215
-0.7691335
-0.7687228
-0.77132404
-0.76458514
-0.7594473
-0.76413625
-0.7732615
-0.76754236
-0.7606389
-0.7638391
-0.76498985
-0.772952
-0.7725493
-0.76370734
-0.7696616
-0.77181923
-0.7703983
-0.7713485
-0.764906
-0.7664891
-0.764004
-0.7694755
-0.7647655
-0.7683385
-0.76879007
-0.77623135
-0.770342
-0.76846707
-0.7651961
-0.7708507
-0.76807785
-0.77088
-0.76883817
-0.7706891
-0.77150655
-0.7691099
-0.76777774
-0.7689518
-0.7709256
-0.7757658
-0.76614404
-0.7701269
-0.7690616
-0.77384776
-0.77093685
-0.7734535
-0.77179915
-0.7679221
-0.77237725
-0.77483577
-0.7638876
-0.7659072
-0.7686467
-0.7732765
-0.7678118
-0.7711281
-0.76718855
-0.77342343
-0.77162284
-0.77430177
-0.7705711
-0.7754214
-0.7792833
-0.7640571
-0.76984924
-0.77225477
-0.76705027
-0.7768401
-0.78047323
-0.777632
-0.77455735
-0.7668016
-0.7746995
-0.7750594
-0.77351964
-0.77048683
-0.772699
-0.7728692
-0.7726719
-0.77404815
-0.77809346
-0.76801646
-0.7706234
-0.7713948
-0.77419525
-0.7703571
-0.7719691
-0.7768504
-0.7745087
-0.77670896
-0.77648664
-0.77462363
-0.77150893
-0.7723876
-0.76786727
-0.7764193
-0.7743687
-0.77346134
-0.7721067
-0.7719593
-0.7688845
-0.76724327
-0.77253085
-0.7664914
-0.7713612
-0.7705602
-0.7704683
-0.7576613
-0.76113117
-0.76353234
-0.7651896
-0.76296425
-0.7548768
-0.76041174
-0.75254464
-0.76846355
-0.75664175
-0.7629777
-0.7634268
-0.76683587
-0.76166266
-0.7646483
-0.7632929
-0.7646087
-0.7639096
-0.7662234
-0.7598411
-0.7631376
-0.76507133
-0.77051866
-0.7691881
-0.76476127
-0.76054275
-0.7604289
-0.76726055
-0.76566625
-0.769284
-0.7607978
-0.766196
-0.76094323
-0.7672395
-0.7690118
-0.7662887
-0.7663191
-0.7706217
-0.7710749
-0.7728123
-0.7684343
-0.7705004
-0.76631844
-0.7634102
-0.7650843
-0.7648403
-0.76763296
-0.7648429
-0.76775706
-0.7710331
-0.7650443
-0.7637436
-0.7705382
-0.76577693
-0.7725698
-0.7683204
-0.7713965
-0.77115583
-0.7731984
-0.7696008
-0.7707494
-0.77146107
-0.7667498
-0.7709727
-0.7654745
-0.77229446
-0.7687345
-0.7706998
-0.77129406
-0.77364635
-0.7730524
-0.7708565
-0.7720281
-0.77585006
-0.77136385
-0.76900977
-0.77069485
-0.7676664
-0.76939213
-0.77519965
-0.77546704
-0.7731776
-0.77318007
-0.7704271
-0.767577
-0.7720349
-0.771664
-0.77221096
-0.77097434
-0.76968795
-0.7677786
-0.7676354
-0.7729799
-0.77216566
-0.7780356
-0.7755587
-0.7763417
-0.7696002
-0.7696259
-0.77539814
-0.7677312
-0.774212
-0.7770859
-0.7734984
-0.7686946
-0.77204144
-0.7769665
-0.78375584
-0.7769842
-0.7753526
-0.7801704
-0.7761447
-0.7785196
-0.7819395
-0.77240515
-0.7735002
-0.7815179
-0.77664554
-0.7788536
-0.77719545
-0.7739559
-0.7794664
-0.7721093
-0.78037286
-0.77423143
-0.77374446
-0.7818228
-0.77255267
-0.77378446
-0.7753507
-0.7710137
-0.77482116
-0.7752141
-0.7774694
-0.7712004
-0.7726753
-0.7695096
-0.7699444
-0.7743828
-0.7734465
-0.77501124
-0.7725745
-0.776509
-0.77834105
-0.7726776
-0.7692453
-0.773405
-0.7762831
-0.78058875
-0.77560294
-0.7811665
-0.7721495
-0.77213764
-0.7743919
-0.77667654
-0.7736416
-0.7771003
-0.7765257
-0.77978253
-0.77504855
-0.77435964
-0.7720178
-0.77807415
-0.76899743
-0.777562
-0.77907133
-0.77627313
-0.78025204
-0.7742179
-0.77684164
-0.77643
-0.7736344
-0.77633315
-0.7762735
-0.76922005
-0.77142215
-0.77710044
-0.776523
-0.7789227
-0.78050303
-0.77151453
-0.7767527
-0.7747749
-0.777548
-0.77234995
-0.77633774
-0.77264595
-0.7761572
-0.7746767
-0.7784274
-0.7757196
-0.7705106
-0.7752443
-0.77144855
-0.77744484
-0.78125554
-0.76813835
-0.77726525
-0.77457726
-0.77231264
-0.77779174
-0.7742397
-0.77819157
-0.7685578
-0.7704057
-0.77532667
-0.7670138
-0.77375764
-0.77116966
-0.7734201
-0.7741333
-0.7755901
-0.77183145
-0.7717062
-0.77482057
-0.771592
-0.7671082
-0.77233005
-0.77902746
-0.7749469
-0.7690135
-0.7742499
-0.7731057
-0.7702044
-0.7778742
-0.7707458
-0.7770485
-0.7699265
-0.7695254
-0.7659144
-0.7714327
-0.77706474
-0.77264494
-0.7731774
-0.77455246
-0.77731687
-0.7745931
-0.76967514
-0.7769258
-0.7779588
-0.7756132
-0.7777821
-0.7814579
-0.77319247
-0.77257276
-0.7672909
-0.77377254
-0.77168226
-0.7724474
-0.7720421
-0.7768414
-0.7782574
-0.77224106
-0.77733237
-0.7728542
-0.7778485
-0.7776051
-0.7728909
-0.7728576
-0.7767599
-0.7761652
-0.7746529
-0.77184206
-0.77813405
-0.7759782
-0.7675921
-0.7771682
-0.7775744
-0.7761545
-0.7718926
-0.7766851
-0.77267045
-0.7692096
-0.7717364
-0.77855974
-0.76555365
-0.7683297
-0.77295905
-0.76488376
-0.77189475
-0.7752346
-0.7694227
-0.77152056
-0.7713138
-0.7717551
-0.7742218
-0.7705338
-0.77478987
-0.77492434
-0.7762378
-0.7728685
-0.77291965
-0.76847833
-0.7727655
-0.7690662
-0.7742993
-0.77226484
-0.77697784
-0.78194445
-0.77715504
-0.7735097
-0.77496624
-0.7757741
-0.772908
-0.77209467
-0.7711277
-0.77350324
-0.7699653
-0.77545494
-0.77583987
-0.77712965
-0.77590024
-0.77349573
-0.7730355
-0.7761611
-0.7727374
-0.7735919
-0.7730837
-0.7766901
-0.77372175
-0.77996624
-0.7772685
-0.7779731
-0.77636766
-0.778111
-0.7744564
-0.77390337
-0.777999
-0.7787559
-0.77673405
-0.77621096
-0.7771185
-0.77897
-0.77726895
-0.7751896
-0.77890795
-0.77532595
-0.7709031
-0.7759372
-0.77293754
-0.77413255
-0.77343565
-0.7781618
-0.7772753
-0.77564156
-0.7714348
-0.77391124
-0.7763156
-0.7756837
-0.7687694
-0.77665675
-0.7737006
-0.77813816
-0.77395725
-0.768826
-0.7707295
-0.7781322
-0.76823336
-0.7768992
-0.7682654
-0.77366424
-0.77024746
-0.77356213
-0.7728938
-0.7699967
-0.7729785
-0.7719309
-0.7753897
-0.77616096
-0.7720585
-0.77477163
-0.7743566
-0.7745394
-0.77746564
-0.7699666
-0.7672567
-0.77380395
-0.77481425
-0.77140653
-0.7768993
-0.7741136
-0.7768098
-0.77942497
-0.7824614
-0.7762143
-0.77346975
-0.7754529
-0.7750408
-0.7752985
-0.7784434
-0.77878606
-0.78020144
-0.7721932
-0.7795788
-0.7795835
-0.77605015
-0.7805481
-0.77947104
-0.77631634
-0.7777838
-0.7772567
-0.779258
-0.78015697
-0.78010106
-0.7742992
-0.78063864
-0.774684
-0.7760021
-0.7765135
-0.7804504
-0.7828171
-0.7787827
-0.78073084
-0.77112454
-0.7762023
-0.7832093
-0.7800831
-0.77079594
-0.77575576
-0.77738357
-0.7787856
-0.7783601
-0.778533
-0.7768202
-0.7812327
-0.7765265
-0.7735995
-0.7748223
-0.78013617
-0.77733386
-0.77218294
-0.78356576
-0.7764404
-0.7746096
-0.7811486
-0.780843
-0.7792778
-0.779381
-0.78400844
-0.776644
-0.77444285
-0.7795182
-0.7772852
-0.78174156
-0.7761185
-0.77617973
-0.78081626
-0.77687126
-0.7762289
-0.7772872
-0.77612317
-0.77783096
-0.77411884
-0.7860241
-0.77980274
-0.77338374
-0.7762369
-0.77751267
-0.7706758
-0.7745247
-0.7794315
-0.7764691
-0.78341377
-0.7734955
-0.77928764
-0.7793712
-0.7781145
-0.7732018
-0.77561677
-0.7798976
-0.7871649
-0.7711749
-0.7798157
-0.7786772
-0.77357095
-0.7822594
-0.7762649
-0.7774107
-0.77841204
-0.7784886
-0.7775559
-0.7763917
-0.7782998
-0.77487713
-0.77857727
-0.77667975
-0.7794713
-0.777523
-0.7836717
-0.77937317
-0.77731556
-0.77910256
-0.77694935
-0.7723884
-0.77454495
-0.77822095
-0.7860247
-0.779991
-0.7819432
-0.7816981
-0.7825543
-0.7811137
-0.7814694
-0.7794149
-0.78028286
-0.78043437
-0.77894086
-0.7868245
-0.7823099
-0.78525084
-0.77773225
-0.77772343
-0.78389996
-0.781478
-0.7825087
-0.7864998
-0.7827971
-0.7821941
-0.7821335
-0.77688694
-0.78393424
-0.78170985
-0.78051084
-0.78282785
-0.7827215
-0.77868044
-0.7868085
-0.7820111
-0.78398716
-0.7773508
-0.779141
-0.7824462
-0.78276616
-0.781572
-0.78142935
-0.7818697
-0.78206176
-0.784369
-0.77947605
-0.77605313
-0.7786753
-0.78288627
-0.77302986
-0.7816592
-0.7816136
-0.7788543
-0.7833917
-0.78017354
-0.7805007
-0.78130895
-0.781733
-0.7753672
-0.7817479
-0.7868651
-0.78762966
-0.7764314
-0.7779516
-0.7796077
-0.77999663
-0.7793726
-0.782514
-0.7817965
-0.7845084
-0.77910525
-0.7858376
-0.77573013
-0.77823025
-0.7787347
-0.77775574
-0.78289616
-0.7840172
-0.77992684
-0.7774314
-0.78004324
-0.782418
-0.7855898
-0.7759407
-0.77849394
-0.77809674
-0.7871867
-0.77370423
-0.780001
-0.78295416
-0.77859604
-0.77882904
-0.774623
-0.77854645
-0.7822023
-0.7788913
-0.78058326
-0.7786822
-0.7761393
-0.77298087
-0.777049
-0.77808654
-0.78158695
-0.7779281
-0.77353734
-0.77995366
-0.77887714
-0.77732825
-0.7750716
-0.7776628
-0.7777483
-0.7768113
-0.77553016
-0.77227545
-0.7762604
-0.7783158
-0.77478033
-0.77980566
-0.779925
-0.7777805
-0.7811601
-0.78451955
-0.7770586
-0.7788754
-0.7750757
-0.7810614
-0.7752535
-0.7803126
-0.7776277
-0.78280693
-0.7804471
-0.7781305
-0.78257585
-0.77653384
-0.77728695
-0.7734952
-0.77356976
-0.7803139
-0.7729008
-0.7737135
-0.7735602
-0.77632964
-0.7768449
-0.77688396
-0.77740973
-0.77151525
-0.7744633
-0.77644634
-0.7774569
-0.77485406
-0.7785177
-0.7749931
-0.77795434
-0.78098166
-0.7827872
-0.781148
-0.782081
-0.78025544
-0.78416646
-0.7863013
-0.77557003
-0.78165734
-0.7781435
-0.78115004
-0.7795831
-0.7749933
-0.7787389
-0.7783591
-0.7850263
-0.77441007
-0.78464574
-0.7840636
-0.7790314
-0.78417635
-0.7845646
-0.78603673
-0.776919
-0.7799977
-0.77966213
-0.78032154
-0.78156704
-0.7810308
-0.7820355
-0.78625655
-0.7863507
-0.782221
-0.7805352
-0.7852521
-0.7812429
-0.7845107
-0.7806306
-0.7803442
-0.78599846
-0.7834752
-0.7807028
-0.782069
-0.7821484
-0.77866316
-0.7787818
-0.7771411
-0.779695
-0.77500176
-0.7801199
-0.7768852
-0.7762615
-0.77546036
-0.783191
-0.7798684
-0.78263694
-0.7860536
-0.782074
-0.7829019
-0.7849087
-0.78406423
-0.77916145
-0.7814323
-0.77662
-0.7810973
-0.7788466
-0.78754485
-0.78018296
-0.78164804
-0.7818107
-0.78323674
-0.7843594
-0.7878396
-0.78782475
-0.78408724
-0.7837926
-0.77895063
-0.7828349
-0.78004193
-0.78265774
-0.7856714
-0.77791345
-0.78407884
-0.7771854
-0.7856847
-0.778802
-0.7861602
-0.7792569
-0.7857899
-0.78151256
-0.783046
-0.7827488
-0.786937
-0.78450966
-0.7803164
-0.78144926
-0.77921337
-0.7800677
-0.7800193
-0.7792899
-0.78137034
-0.7814213
-0.7808338
-0.78224
-0.7810759
-0.781665
-0.77879715
-0.78185236
-0.7808857
-0.77503985
-0.7762171
-0.78455746
-0.7828024
-0.77990645
-0.780003
-0.7817155
-0.7834064
-0.7836923
-0.7856306
-0.7819574
-0.77950346
-0.7794232
-0.7804092
-0.7763223
-0.77980185
-0.7757043
-0.77482575
-0.7833749
