-0.56029403
-0.58273983
-0.5811336
-0.5983877
-0.60304713
-0.6167834
-0.6166549
-0.63122445
-0.6407042
-0.63959616
-0.64660287
-0.6434259
-0.65186477
-0.6461472
-0.6508612
-0.6526642
-0.64992625
-0.64759123
-0.6553988
-0.65410876
-0.65624714
-0.65693104
-0.6581744
-0.6618347
-0.6588094
-0.6586331
-0.66486716
-0.6589018
-0.6632276
-0.6659669
-0.66436815
-0.6687671
-0.6736591
-0.67045486
-0.6714337
-0.6754409
-0.6774125
-0.6734306
-0.67777556
-0.679863
-0.67735875
-0.68143713
-0.6826488
-0.6776857
-0.6876156
-0.68940294
-0.6883968
-0.6883319
-0.6846387
-0.6882416
-0.6876084
-0.6894898
-0.6864049
-0.69085836
-0.693435
-0.6908401
-0.69616705
-0.69126475
-0.69030607
-0.6975314
-0.6979365
-0.69624233
-0.70287013
-0.6928977
-0.70004743
-0.70023084
-0.7017948
-0.7042171
-0.7015861
-0.7032667
-0.6973681
-0.70529896
-0.70760477
-0.7052088
-0.7059141
-0.7021403
-0.70474803
-0.70953715
-0.707484
-0.70772713
-0.7095461
-0.71497285
-0.71049273
-0.71624124
-0.71396434
-0.71655273
-0.71488875
-0.7141891
-0.71107686
-0.7140893
-0.7170653
-0.7158914
-0.71405864
-0.7191351
-0.72085565
-0.71791744
-0.71870106
-0.7203665
-0.725081
-0.72288054
-0.72436875
-0.72521
-0.7246996
-0.7227661
-0.72653896
-0.7292302
-0.7288785
-0.7268979
-0.72729754
-0.7284321
-0.7313184
-0.7331392
-0.7274514
-0.7355474
-0.73843265
-0.736086
-0.7385007
-0.7350312
-0.73523444
-0.73492634
-0.73904985
-0.7382445
-0.7390236
-0.74271613
-0.7442994
-0.7451678
-0.744513
-0.741811
-0.7439734
-0.7475173
-0.7440839
-0.7517813
-0.74828047
-0.7460988
-0.7481289
-0.7495703
-0.7490327
-0.7524305
-0.74906975
-0.75266933
-0.7552378
-0.74880016
-0.75411975
-0.75163764
-0.75925654
-0.7533808
-0.7586952
-0.7571166
-0.75948274
-0.7579807
-0.759478
-0.75950617
-0.7625149
-0.7639828
-0.7611302
-0.7639322
-0.7654445
-0.7652574
-0.7616429
-0.7665915
-0.7682393
-0.7664208
-0.7696399
-0.76977307
-0.7694772
-0.77313566
-0.7687819
-0.76701343
-0.7733316
-0.7710143
-0.77324206
-0.77583164
-0.7751561
-0.77608484
-0.77672386
-0.7770379
-0.7754904
-0.78259456
-0.78313303
-0.77976865
-0.7791458
-0.7797802
-0.78107643
-0.7844171
-0.78494585
-0.7857087
-0.78614265
-0.78931934
-0.78747374
-0.787277
-0.79105276
-0.7897687
-0.79024357
-0.7916406
-0.79318905
-0.79339296
-0.79398566
-0.79351324
-0.79400754
-0.7976136
-0.7973676
-0.796694
-0.7991219
-0.7999943
-0.7999674
-0.799534
-0.80422866
-0.801631
-0.801506
-0.8046295
-0.8050818
-0.8083448
-0.80738777
-0.80593395
-0.80729616
-0.80886847
-0.80606496
-0.8091043
-0.81131786
-0.8111988
-0.81113183
-0.8136948
-0.81227297
-0.8145134
-0.8132328
-0.81666213
-0.81564176
-0.81782407
-0.8166462
-0.81663656
-0.81900257
-0.8187021
-0.8174442
-0.8185253
-0.81960523
-0.82358044
-0.81938976
-0.8203672
-0.82284826
-0.8218889
-0.8244275
-0.8236602
-0.8271409
-0.82614017
-0.8268863
-0.82869977
-0.82801604
-0.8307755
-0.8288324
-0.82885957
-0.83283824
-0.8330749
-0.8354936
-0.8345994
-0.8341887
-0.8325437
-0.83834845
-0.83483577
-0.8371579
-0.8393238
-0.83692545
-0.8370621
-0.84047854
-0.84153
-0.8391091
-0.84177667
-0.8393421
-0.8405302
-0.84401244
-0.84253806
-0.8440252
-0.8447752
-0.84431875
-0.84678566
-0.8467257
-0.84834784
-0.8481905
-0.8475968
-0.8480871
-0.8490309
-0.8502331
-0.849404
-0.85246086
-0.8521369
-0.85111177
-0.8538651
-0.8516855
-0.8527164
-0.8544291
-0.8535688
-0.85704666
-0.85850453
-0.8573648
-0.85707927
-0.86108667
-0.859239
-0.86015075
-0.86318
-0.8601233
-0.8625587
-0.86417884
-0.86035603
-0.8643962
-0.862659
-0.8660625
-0.86573935
-0.8640305
-0.86552
-0.86682546
-0.8673203
-0.8692943
-0.86720514
-0.87155205
-0.8720332
-0.8702036
-0.87117547
-0.8700196
-0.8728073
-0.87345904
-0.87433076
-0.8755746
-0.8744626
-0.8729621
-0.8761936
-0.87775797
-0.8762934
-0.8765406
-0.8786631
-0.8767891
-0.8781077
-0.8796693
-0.8799473
-0.8806274
-0.88086724
-0.8817665
-0.8824244
-0.88000244
-0.8829248
-0.8839515
-0.8826959
-0.8853462
-0.88459593
-0.8850126
-0.8858726
-0.8882782
-0.88804907
-0.8889605
-0.8871255
-0.88857806
-0.8894574
-0.8889013
-0.8888308
-0.88931084
-0.89173377
-0.8922192
-0.89149404
-0.8941156
-0.89240676
-0.89367944
-0.8929757
-0.8942054
-0.89489716
-0.89483625
-0.89746827
-0.8970307
-0.89722854
-0.89649135
-0.8999628
-0.8999821
-0.89975595
-0.90083057
-0.9012631
-0.9008259
-0.90207344
-0.9030375
-0.90137213
-0.90452
-0.904246
-0.9060794
-0.90757316
-0.9063286
-0.9083485
-0.9078743
-0.90811944
-0.91061175
-0.9106768
-0.9097775
-0.91063714
-0.9125635
-0.9128035
-0.9113603
-0.9124818
-0.9146088
-0.91356945
-0.91345614
-0.9152861
-0.91692907
-0.91446465
-0.91663796
-0.91878235
-0.918337
-0.91964066
-0.9204883
-0.92127615
-0.9209907
-0.9222257
-0.92249084
-0.9221377
-0.9235185
-0.924086
-0.92462707
-0.9254081
-0.9248419
-0.9273751
-0.9268772
-0.9273789
-0.9285415
-0.92811966
-0.93016297
-0.9302539
-0.9292085
-0.93055415
-0.93225574
-0.93433297
-0.93397474
-0.9338599
-0.93407893
-0.93484217
-0.93394727
-0.93615395
-0.9358729
-0.93623364
-0.93698466
-0.9378475
-0.9392032
-0.93807876
-0.93819106
-0.93974864
-0.93937665
-0.93944407
-0.9409303
-0.94102174
-0.9419961
-0.9423666
-0.9431407
-0.94268954
-0.94420415
-0.9438478
-0.94454014
-0.94438654
-0.9446772
-0.9457338
-0.9464057
-0.94618326
-0.9478235
-0.9477047
-0.9487258
-0.9502188
-0.9490887
-0.94942266
-0.95035195
-0.9505955
-0.9505143
-0.95143783
-0.95220786
-0.9527061
-0.9531645
-0.9532573
-0.9536038
-0.95413196
-0.9542398
-0.95539725
-0.95506454
-0.954699
-0.9551689
-0.9568566
-0.956855
-0.9556244
-0.9574021
-0.9565081
-0.95868653
-0.95890856
-0.9586726
-0.95868737
-0.95986736
-0.9602392
-0.960607
-0.9613173
-0.9605544
-0.96164864
-0.96176004
-0.9623113
-0.9618606
-0.96263003
-0.96299505
-0.9635226
-0.96387464
-0.96460533
-0.96343565
-0.9647846
-0.96502435
-0.96527106
-0.96513164
-0.96586186
-0.966633
-0.9666658
-0.96730494
-0.9672821
-0.96685797
-0.9673059
-0.9676366
-0.96854305
-0.9677844
-0.968606
-0.96883893
-0.9692291
-0.969859
-0.969792
-0.9696506
-0.9704563
-0.9710336
-0.97065365
-0.9713171
-0.97067124
-0.97114325
-0.97099185
-0.971828
-0.9725619
-0.97242236
-0.97203314
-0.9727265
-0.97288615
-0.9730205
-0.97264344
-0.97382337
-0.9733002
-0.9735148
-0.9738938
-0.9735694
-0.97420347
-0.97514117
-0.9751046
-0.97490734
-0.97515637
-0.9743933
-0.9752789
-0.9749841
-0.97577566
-0.9758282
-0.97636145
-0.9760622
-0.97673166
-0.9764119
-0.9765352
-0.9764799
-0.9767847
-0.977576
-0.976962
-0.9771069
-0.97706264
-0.9780898
-0.9779772
-0.97805434
-0.9784025
-0.97835916
-0.9787072
-0.9787994
-0.9785242
-0.9793109
-0.9794125
-0.9787352
-0.9791243
-0.9790382
-0.9802733
-0.97992444
-0.9799665
-0.9803624
-0.98046017
-0.9806445
-0.9808227
-0.9813434
-0.9811943
-0.98118544
-0.9811343
-0.9809773
-0.9814592
-0.98182666
-0.9814342
-0.98195285
-0.9822403
-0.98173434
-0.9820081
-0.98219144
-0.98274714
-0.98260266
-0.9826842
-0.98256254
-0.98268694
-0.98336023
-0.98300815
-0.9836529
-0.98333937
-0.9833276
-0.98357254
-0.98332965
-0.98380595
-0.98418355
-0.98438865
-0.98426014
-0.9846275
-0.9844907
-0.9845688
-0.9851129
-0.9852341
-0.98527175
-0.9854415
-0.9854536
-0.9851506
-0.9857503
-0.9855785
-0.9852483
-0.9855727
-0.98545355
-0.9858679
-0.9859887
-0.98651505
-0.9868777
-0.9865983
-0.9866564
-0.98671794
-0.9867996
-0.98705655
-0.98717916
-0.9872502
-0.9871827
-0.9870163
-0.9877446
-0.9875413
-0.9874527
-0.9875479
-0.98762774
-0.9877222
-0.9880884
-0.987839
-0.98796797
-0.98835945
-0.98834926
-0.98803544
-0.988532
-0.9884048
-0.98857385
-0.98868024
-0.98846567
-0.9887811
-0.98885036
-0.9893184
-0.98906344
-0.98890257
-0.98896646
-0.98926616
-0.9893652
-0.9896682
-0.9897365
-0.9897301
-0.98977894
-0.98999375
-0.9896585
-0.98991144
-0.9898228
-0.99003494
-0.9900237
-0.9901901
-0.99044484
-0.99047214
-0.99036556
-0.9904744
-0.9909347
-0.990768
-0.99071354
-0.9908034
-0.9910039
-0.99111074
-0.9909313
-0.99119806
-0.9913146
-0.9915385
-0.9916585
-0.99156183
-0.991893
-0.9917513
-0.9916924
-0.991698
-0.99188554
-0.99194664
-0.99206305
-0.9921429
-0.99205005
-0.992227
-0.9922166
-0.99229527
-0.99230695
-0.9926158
-0.992727
-0.99247736
-0.99237
-0.9927115
-0.9928449
-0.99284846
-0.9928578
-0.992647
-0.99288154
-0.99304354
-0.99306786
-0.9931589
-0.99331814
-0.9932213
-0.99313897
-0.99334025
-0.9934389
-0.9934831
-0.9935602
-0.99349964
-0.99342436
-0.9937325
-0.9935159
-0.99353343
-0.9937772
-0.9940162
-0.99379265
-0.99375415
-0.9939791
-0.99403864
-0.99405646
-0.9940222
-0.99412954
-0.9940959
-0.9941634
-0.9941292
-0.9942379
-0.99441504
-0.9943656
-0.9940144
-0.99432737
-0.99437165
-0.9944553
-0.9945329
-0.99459094
-0.994332
-0.99470586
-0.9946752
-0.9947133
-0.9947703
-0.99477804
-0.9947671
-0.99481016
-0.9950402
-0.9948928
-0.9950156
-0.99488163
-0.99499243
-0.99504834
-0.994889
-0.9951929
-0.99508727
-0.9952334
-0.9952996
-0.99505764
-0.9952403
-0.99520046
-0.9952352
-0.99535406
-0.99527544
-0.99547774
-0.9955137
-0.9954225
-0.9955813
-0.99543345
-0.9953294
-0.9955902
-0.99559575
-0.9954792
-0.99564713
-0.99554944
-0.9956203
-0.99573386
-0.9958096
-0.9956916
-0.9957157
-0.9955626
-0.99584275
-0.99573874
-0.9957901
-0.99574983
-0.99574274
-0.9957781
-0.9959321
-0.99594533
-0.99577045
-0.9959495
-0.99596554
-0.99597263
-0.99591666
-0.9961498
-0.99592817
-0.9961712
-0.9959094
-0.9960934
-0.9961631
-0.9960187
-0.9960159
-0.99614114
-0.99590874
-0.99618983
-0.99625206
-0.9961762
-0.99638253
-0.9962323
-0.9962266
-0.9962405
-0.9963105
-0.9962532
-0.99623895
-0.996254
-0.996335
-0.99617463
-0.9964096
-0.9963157
-0.99644643
-0.99628186
-0.99638885
-0.9963646
-0.99635446
-0.9964187
-0.99634916
-0.9965346
-0.9965695
-0.996437
-0.99645245
-0.99635965
-0.9965124
-0.99650055
-0.99651027
-0.99654835
-0.9965607
-0.9964696
-0.99661416
-0.9966403
-0.9966651
-0.9966387
-0.99654114
-0.9967011
-0.99647003
-0.9965597
-0.9967127
-0.99652535
-0.99658227
-0.9967431
-0.9963846
-0.9966702
-0.99674475
-0.99666613
-0.99671495
-0.9966883
-0.99685174
-0.9968734
-0.9967039
-0.9968617
-0.9967343
-0.9966995
-0.996797
-0.99678636
-0.9968691
-0.996784
-0.9967791
-0.99687815
-0.9967927
-0.9967677
-0.99703866
-0.9968578
-0.9969738
-0.99689496
-0.9969037
-0.99698466
-0.9969899
-0.9968594
-0.99696445
-0.9970197
-0.99691063
-0.99694574
-0.9969943
-0.9969924
-0.99700564
-0.99701846
-0.99708253
-0.99711794
-0.9971478
-0.9971532
-0.99713
-0.99704105
-0.99717075
-0.99713147
-0.9972252
-0.9970891
-0.9971226
-0.99722713
-0.9971426
-0.9971653
-0.9972201
-0.997229
-0.99716985
-0.9971845
-0.9971315
-0.9972954
-0.9972373
-0.9972308
-0.9973282
-0.9972021
-0.9973417
-0.9973262
-0.99710727
-0.99704075
-0.9973757
-0.9971384
-0.9973138
-0.9973955
-0.9972789
-0.9973944
-0.9972984
-0.9972857
-0.9973612
-0.99734616
-0.9973404
-0.99732304
-0.99733424
-0.99742097
-0.9975133
-0.9974668
-0.9974578
-0.9974848
-0.99749196
-0.99748826
-0.9974306
-0.9974115
-0.99752134
-0.9974982
-0.9975711
-0.9974513
-0.997547
-0.99746865
-0.99753803
-0.9975671
-0.99750495
-0.997527
-0.9974806
-0.9974826
-0.99755764
-0.99753815
-0.9975955
-0.9975783
-0.997532
-0.9975881
-0.9975278
-0.99761736
-0.9975732
-0.99759656
-0.99762446
-0.9975294
-0.9976473
-0.9976906
-0.9976746
-0.9976829
-0.9976427
-0.9976135
-0.9975967
-0.997658
-0.99772704
-0.99755716
-0.9975592
-0.9976492
-0.9976197
-0.99762696
-0.9977407
-0.99762416
-0.9976435
-0.9977405
-0.9977572
-0.9977086
-0.99773383
-0.9977026
-0.99772835
-0.9978249
-0.99772596
-0.9977916
-0.9978211
-0.9977977
-0.9978191
-0.9978464
-0.99775964
-0.9977939
-0.99780244
