403.20536035308726
379.34933935903973
395.2535751137578
297.1559916765428
273.83319052368074
266.33605900861426
285.7358599373719
323.3729918430827
342.6799801801382
342.20466104544363
201.60567598079984
120.72856201317163
104.19337006474004
124.62685282019416
170.1962056055457
199.3098455741396
267.59093130392847
399.2531858439163
278.45500876533646
136.95949952636443
23.036194136167357
3.704144740255774
1.2106140681114792
27.30654006992411
140.02239228410747
319.1064446159954
295.51871135445066
195.44685401242188
73.53017955347465
1.311613537458107
0.3054604249198568
1.1814424061811524
2.3150282462129024
116.5947470197309
368.3901196974479
169.20989148455658
70.86135760060453
14.991206561475341
1.048681254678078
0.8551238798621766
0.7359114630006649
0.3300234332169842
80.87008349655306
344.73115107767694
8.63832595105604
1.3080446036465856
0.4282660358708157
0.5071835819609638
0.6718616540568068
0.6350288584165164
70.17881943989832
318.9403836951542
0.7247543004540813
0.6110944132033818
0.6145167652654153
0.3438628668607279
0.7901211065196745
0.09924256051480414
50.61181414050197
276.06567236220735
3.5489301516537752
20.76622189957964
11.335718994530309
1.780093077218601
0.8957880859588235
53.648184043742624
Mean: 127.08793926584319
