-0.76885855
-0.80307627
-0.81146425
-0.82227135
-0.829196
-0.8256107
-0.84286225
-0.8543001
-0.8562401
-0.8630066
-0.86995083
-0.8703352
-0.87568885
-0.87662494
-0.8816977
-0.8872685
-0.8875265
-0.8895058
-0.889627
-0.89317507
-0.8944921
-0.895077
-0.9028466
-0.89980245
-0.9020229
-0.9014835
-0.90666676
-0.90546244
-0.90565884
-0.90652084
-0.9063593
-0.9105891
-0.90729475
-0.91201115
-0.9117572
-0.91459817
-0.9145727
-0.90953815
-0.9135708
-0.9153925
-0.91299826
-0.91568804
-0.9179073
-0.9131167
-0.91578585
-0.9149336
-0.9168136
-0.914325
-0.92119116
-0.9204396
-0.9176331
-0.920113
-0.9198489
-0.92074335
-0.92239386
-0.9185689
-0.9203296
-0.92162347
-0.9164125
-0.9242487
-0.9231019
-0.9263113
-0.9230765
-0.92219067
-0.92091024
-0.9248034
-0.92439014
-0.9198587
-0.9268541
-0.9263283
-0.9277466
-0.92812365
-0.92838925
-0.9267975
-0.929117
-0.9284313
-0.9276502
-0.92839545
-0.92963845
-0.9302604
-0.9313043
-0.9293658
-0.9270019
-0.93082947
-0.9297973
-0.93281996
-0.9311753
-0.9306045
-0.93409044
-0.9322946
-0.93411493
-0.9309552
-0.93308395
-0.93046165
-0.9329471
-0.9343842
-0.9339457
-0.93542767
-0.9325464
-0.93268555
-0.93494385
-0.9352565
-0.93621826
-0.9333521
-0.9348335
-0.9373768
-0.93720126
-0.9340787
-0.93736607
-0.93233085
-0.9334957
-0.9317088
-0.9365879
-0.93621886
-0.9347378
-0.93627733
-0.93571824
-0.9363536
-0.9354943
-0.9379171
-0.9359388
-0.9351714
-0.93794924
-0.93587804
-0.93834776
-0.9398663
-0.9377823
-0.93727726
-0.937744
-0.9372711
-0.93871796
-0.9397862
-0.9378289
-0.93756336
-0.9396522
-0.93829525
-0.9436323
-0.9402145
-0.93741393
-0.93694836
-0.9378308
-0.93728
-0.9381628
-0.9376855
-0.9404708
-0.9416625
-0.939836
-0.9399981
-0.9406094
-0.9405257
-0.9387615
-0.9398833
-0.94043815
-0.94264305
-0.9416008
-0.9420394
-0.94200015
-0.9426961
-0.942921
-0.9427086
-0.9416015
-0.9416228
-0.94578904
-0.9418482
-0.93803334
-0.94358176
-0.94138724
-0.9404205
-0.94184047
-0.9414402
-0.9417607
-0.94363385
-0.94215953
-0.939497
-0.9411396
-0.94360536
-0.94243854
-0.9434016
-0.9445053
-0.9406229
-0.9434347
-0.944152
-0.94211406
-0.94242626
-0.94265133
-0.9438624
-0.94204754
-0.9433637
-0.9438842
-0.94182545
-0.94181246
-0.94445527
-0.9428938
-0.94393176
-0.9427196
-0.944027
-0.94371533
-0.9445294
-0.9448706
-0.94390607
-0.9423278
-0.94401145
-0.94685817
-0.94369084
-0.9413176
-0.9431015
-0.94399583
-0.9442516
-0.9425287
-0.94529563
-0.9435022
-0.9462189
-0.9458119
-0.9446073
-0.9455689
-0.94559264
-0.9442287
-0.94294703
-0.9445475
-0.9456288
-0.9444492
-0.9440259
-0.9463773
-0.9442508
-0.9449092
-0.94653124
-0.9435202
-0.9433817
-0.9447979
-0.9467553
-0.9455589
-0.94565815
-0.9463644
-0.94780374
-0.94523585
-0.9469087
-0.9462607
-0.94411904
-0.9457795
-0.94472116
-0.9461038
-0.94782156
-0.9472931
-0.9456859
-0.9474282
-0.9447289
-0.947365
-0.94753134
-0.94731045
-0.9485124
-0.9457732
-0.94655925
-0.9467796
-0.94545275
-0.9495794
-0.9440702
-0.94706464
-0.94594675
-0.94880897
-0.9475445
-0.94782466
-0.94688404
-0.94872093
-0.94719356
-0.9491184
-0.9474727
-0.9496367
-0.9489987
-0.94714105
-0.9460724
-0.94759005
-0.949272
-0.9487258
-0.9445136
-0.9492432
-0.94707614
-0.94680345
-0.9463903
-0.9499299
-0.94780964
-0.94832426
-0.94738746
-0.94944584
-0.9503854
-0.9465678
-0.9469611
-0.94781375
-0.9483918
-0.94799536
-0.948943
-0.9482935
-0.9486472
-0.9495243
-0.9484384
-0.9479051
-0.9494322
-0.95022887
-0.9509933
-0.947093
-0.94978404
-0.94807816
-0.9474191
-0.94883513
-0.95103455
-0.94935006
-0.9512236
-0.94976765
-0.9491947
-0.94904035
-0.9489914
-0.95083165
-0.95153946
-0.94838
-0.9508731
-0.9494859
-0.9504282
-0.9506718
-0.94873935
-0.94918
-0.9501045
-0.94938254
-0.95124155
-0.9491433
-0.94982284
-0.95035064
-0.9497824
-0.94730186
-0.95056146
-0.9515489
-0.9492311
-0.95028096
-0.95146155
-0.95096576
-0.9490619
-0.9506832
-0.95230854
-0.95081335
-0.95066696
-0.9501239
-0.95107937
-0.95086014
-0.95099884
-0.95089424
-0.951566
-0.9491967
-0.9512983
-0.95062804
-0.95108426
-0.9540749
-0.9517744
-0.95100826
-0.9500538
-0.9513707
-0.95177335
-0.95094573
-0.9497259
-0.9515521
-0.95294356
-0.9516791
-0.95225716
-0.9484381
-0.95094293
-0.9526703
-0.9519484
-0.95247567
-0.9548433
-0.95349884
-0.9517715
-0.9528751
-0.9511323
-0.9527378
-0.9520935
-0.95343626
-0.95250034
-0.9546721
-0.9498074
-0.9539555
-0.9537982
-0.9524903
-0.95236874
-0.9517548
-0.95281994
-0.9531499
-0.95457155
-0.9522026
-0.95492
-0.9525877
-0.95422244
-0.95484173
-0.9541013
-0.9548637
-0.95362544
-0.95473886
-0.9543111
-0.95430404
-0.95554066
-0.95312554
-0.9538175
-0.9524106
-0.9546567
-0.95469594
-0.9557638
-0.9547804
-0.95621246
-0.9556117
-0.9517468
-0.9552237
-0.9571475
-0.95431364
-0.9543004
-0.9572831
-0.9542979
-0.95489836
-0.95448107
-0.9552601
-0.9550964
-0.9560871
-0.95338684
-0.9557199
-0.95451456
-0.95472133
-0.95539856
-0.9567136
-0.95627284
-0.9566302
-0.9572376
-0.95599824
-0.9535489
-0.9537428
-0.9557235
-0.9581626
-0.95666057
-0.9545408
-0.9564415
-0.9548987
-0.95582974
-0.955404
-0.9566996
-0.9558929
-0.9566286
-0.9565278
-0.9578314
-0.9574608
-0.9567472
-0.9572572
-0.95614374
-0.95629925
-0.95318806
-0.9571613
-0.9577795
-0.95700055
-0.9558483
-0.9566298
-0.9565424
-0.95775664
-0.9582069
-0.95455533
-0.9570948
-0.9575801
-0.956541
-0.95706874
-0.9561345
-0.95677614
-0.9557848
-0.9574261
-0.95799255
-0.95681494
-0.9588247
-0.9569562
-0.95733047
-0.95719063
-0.9578178
-0.957171
-0.95970744
-0.9582281
-0.95758295
-0.95679337
-0.9576928
-0.958667
-0.95940995
-0.95785147
-0.95692796
-0.9583877
-0.9580768
-0.95801365
-0.95772105
-0.95831823
-0.95742196
-0.95837134
-0.957456
-0.9579158
-0.9584213
-0.9563045
-0.95946926
-0.9578886
-0.95874286
-0.9586277
-0.958385
-0.95695215
-0.9590473
-0.95841783
-0.9583453
-0.9588433
-0.9576088
-0.9591404
-0.9587277
-0.9590897
-0.95742416
-0.95799917
-0.9585906
-0.9581413
-0.9594651
-0.9586571
-0.9564463
-0.9595916
-0.9598616
-0.9584285
-0.96027595
-0.957902
-0.9590038
-0.95878494
-0.9599861
-0.95824265
-0.95874476
-0.9579214
-0.9593585
-0.9568466
-0.95920664
-0.957494
-0.9572876
-0.9582007
-0.95916176
-0.95728856
-0.9605163
-0.9581882
-0.95934933
-0.95549953
-0.9593943
-0.95899916
-0.9604387
-0.9595222
-0.9609761
-0.9595618
-0.95873755
-0.9587782
-0.95765924
-0.96016705
-0.9596415
-0.95822823
-0.9584637
-0.9595944
-0.958284
-0.9583715
-0.9586656
-0.9587843
-0.9586854
-0.9591206
-0.9582744
-0.95983726
-0.96018493
-0.9598458
-0.95762
-0.95979935
-0.9602237
-0.960903
-0.9576858
-0.9592183
-0.95838326
-0.96026754
-0.9592042
-0.96026045
-0.9593292
-0.9598138
-0.96023947
-0.958424
-0.9605036
-0.9580854
-0.95896536
-0.95750344
-0.9590062
-0.9595331
-0.9599759
-0.9611916
-0.96160066
-0.9599856
-0.9597905
-0.95917416
-0.95879215
-0.9592096
-0.9584349
-0.9599529
-0.9588236
-0.9587682
-0.95973235
-0.9602818
-0.95952535
-0.9588702
-0.9598878
-0.96066284
-0.96068263
-0.9616029
-0.9603045
-0.96034646
-0.96059203
-0.96080166
-0.95930505
-0.9600231
-0.9584926
-0.95823795
-0.9597236
-0.9610967
-0.96076345
-0.96203387
-0.9613674
-0.9581597
-0.9590599
-0.96004176
-0.95931417
-0.9610791
-0.96138287
-0.9615462
-0.95897716
-0.9593139
-0.9610729
-0.9611772
-0.9611474
-0.961704
-0.96006656
-0.96136236
-0.9597415
-0.9610501
-0.95950973
-0.96086353
-0.9598412
-0.9590325
-0.9601716
-0.9586118
-0.9613375
-0.96089613
-0.9585761
-0.96229386
-0.9606981
-0.9597406
-0.9611109
-0.958483
-0.96127385
-0.9597241
-0.9604082
-0.96080583
-0.95980287
-0.96178967
-0.95943725
-0.9621257
-0.9602175
-0.9585253
-0.96149963
-0.96170044
-0.9601918
-0.95983267
-0.95940304
-0.9604482
-0.95867807
-0.96139574
-0.9606105
-0.96164083
-0.96182024
-0.9581142
-0.96184933
-0.9622883
-0.96121603
-0.9584063
-0.9624603
-0.96029156
-0.96084136
-0.9607535
-0.9594224
-0.9593579
-0.95821893
-0.96010995
-0.9613798
-0.9610086
-0.96075934
-0.9595442
-0.96062666
-0.9599144
-0.9597597
-0.9623193
-0.9617549
-0.9626146
-0.9623194
-0.9601133
-0.9611516
-0.9607545
-0.960089
-0.96085954
-0.9614666
-0.9609803
-0.9598019
-0.9614052
-0.9594585
-0.961371
-0.96066666
-0.9613038
-0.96141464
-0.9621246
-0.95974344
-0.9613048
-0.96247745
-0.9615066
-0.9618389
-0.95996267
-0.9611155
-0.960806
-0.96252465
-0.9614937
-0.9591744
-0.9612438
-0.959316
-0.96062046
-0.961701
-0.96097785
-0.96170336
-0.9610646
-0.9594491
-0.9613073
-0.96106046
-0.96151423
-0.96069574
-0.962531
-0.96134263
-0.9611472
-0.9585907
-0.95947725
-0.9616873
-0.959672
-0.9614424
-0.96204805
-0.9603711
-0.9616128
-0.9615733
-0.9619709
-0.9609975
-0.96027094
-0.9612381
-0.9604805
-0.9621037
-0.96152455
-0.9604959
-0.960767
-0.9621797
-0.9602305
-0.96083874
-0.96123785
-0.96018577
-0.95903856
-0.9615364
-0.9602965
-0.9608458
-0.9629229
-0.9622438
-0.9611693
-0.96122694
-0.96016675
-0.96155465
-0.9612421
-0.9619877
-0.9608596
-0.96056426
-0.96107614
-0.96052974
-0.9614885
-0.95997757
-0.9598097
-0.9617023
-0.9603063
-0.96175504
-0.9592318
-0.96217567
-0.9618017
-0.96294
-0.96032876
-0.9600936
-0.96336335
-0.9613788
-0.96249837
-0.9629965
-0.9597512
-0.96234155
-0.96098804
-0.9607813
-0.96093136
-0.961823
-0.96130425
-0.96205676
-0.9622882
-0.96005607
-0.96137583
-0.96196574
-0.9616324
-0.96020615
-0.9609554
-0.96244705
-0.9618141
-0.96222687
-0.9613713
-0.9624962
-0.9614393
-0.9618963
-0.9599891
-0.9627412
-0.9616937
-0.96102434
-0.9629905
-0.96151817
-0.9626799
-0.9611174
-0.9618783
-0.9630471
-0.96054983
-0.96308815
-0.96169347
-0.96181226
-0.9613704
-0.9600538
-0.960159
-0.96253955
-0.96049166
-0.96201456
-0.96149015
-0.96041334
-0.960955
-0.961371
-0.9600102
-0.96143997
-0.96012247
-0.96132964
-0.9626603
-0.9600623
-0.96174395
-0.959839
-0.9622318
-0.96023744
-0.96026605
-0.96242744
-0.9616718
-0.9618843
-0.96040225
-0.9614347
-0.95906216
-0.9602503
-0.9602156
-0.9616329
-0.9624777
-0.9611823
-0.96316856
-0.96229976
-0.9614113
-0.9624323
-0.9612916
-0.9616349
-0.96089834
-0.96059215
-0.9631436
-0.9619924
-0.96105945
-0.96147203
-0.95956874
-0.9625192
-0.96192944
-0.96143675
-0.96256435
-0.9627539
-0.9620674
-0.96123207
-0.96021116
-0.961778
-0.9595298
-0.96258074
-0.9622228
-0.9622968
-0.9634152
-0.9610895
-0.96114284
-0.9628293
-0.96272355
-0.9620514
-0.9622786
-0.96122867
-0.96201193
-0.96228135
-0.9610021
-0.96182466
-0.9624851
-0.9618079
-0.9625735
-0.962951
-0.9629026
-0.96336895
-0.96087396
-0.9627155
-0.96250093
-0.96242315
-0.96173936
-0.9619531
-0.9616394
-0.9605011
-0.96161216
-0.9615307
-0.96197194
-0.96348023
-0.9606087
-0.9619973
-0.9625086
-0.9623904
-0.9612573
-0.96241784
-0.9617711
-0.96231854
-0.96208
-0.96238774
-0.9625218
-0.96320546
-0.9619322
-0.9612554
-0.96306133
-0.96116024
-0.9610662
-0.9605109
-0.961985
-0.9616407
-0.96276414
-0.9614955
-0.962874
-0.9618956
-0.9630655
-0.962234
-0.962827
-0.96236557
-0.9623794
-0.961784
-0.96033514
-0.9627659
-0.96205455
-0.96298105
-0.96266514
-0.9631441
-0.96218747
-0.96398824
-0.9621881
-0.96208876
-0.96243274
-0.9631147
-0.96190435
-0.96168226
-0.96136516
-0.9627342
-0.9620128
-0.96236503
-0.9607015
-0.96345323
-0.96245724
-0.9616835
-0.9623141
-0.96247655
-0.96201974
-0.9644695
-0.9615848
-0.9643033
-0.9627187
-0.9638152
-0.96429944
-0.9635028
-0.96332526
-0.9627501
-0.96138465
-0.9620292
-0.96331084
-0.96304864
-0.96212834
-0.9644916
-0.96134174
-0.96246254
-0.9607765
-0.9633435
-0.9636023
-0.96021974
-0.9638464
-0.9633127
-0.96300524
-0.9638008
-0.96390325
-0.96312237
-0.96269375
-0.9646652
-0.963282
-0.96357864
-0.9635339
-0.96346635
-0.962665
-0.96267426
-0.96399623
-0.96328825
-0.9628928
-0.9626639
-0.96413136
-0.9623631
-0.96403253
-0.963497
-0.96321833
-0.9626308
-0.9635104
-0.963463
-0.96283466
-0.9626961
-0.96342254
-0.96419203
-0.9630869
-0.96221626
-0.96376026
-0.9635321
-0.96401066
-0.9624123
-0.9642802
-0.962575
-0.9620813
-0.9637729
-0.96387565
-0.9634991
-0.96296763
-0.9639801
-0.9647202
-0.9644703
-0.963226
-0.9637515
-0.96381813
-0.9634214
-0.96204436
-0.964623
-0.9634564
-0.9633995
-0.9637205
-0.9635519
-0.96338457
-0.96369076
-0.96229297
-0.9629812
-0.9633161
-0.9640157
-0.9622815
-0.96433514
-0.9630381
-0.96411943
-0.9635127
-0.9617869
-0.9633613
-0.9633993
-0.96300626
-0.9636257
-0.96480864
-0.963636
-0.9645417
-0.96455866
-0.9648282
-0.9650933
-0.96347284
-0.9638562
-0.963997
-0.9638127
-0.9621793
-0.96494865
-0.96367425
-0.9641592
-0.9633676
-0.96231806
-0.96396536
-0.963663
-0.9632345
-0.96349597
-0.96463627
-0.96450025
-0.9629049
-0.9639867
-0.9642613
-0.96476096
-0.9644183
-0.96354985
-0.96426857
-0.9647259
-0.9637687
-0.9625796
-0.96298623
-0.96511495
-0.96512043
-0.9640036
-0.96507466
-0.96323127
-0.96383613
-0.9644053
-0.96312356
-0.96482724
-0.96359026
-0.9644608
-0.964645
-0.9652324
-0.9630283
-0.9638049
-0.963336
-0.9637743
-0.9650905
-0.96564376
-0.9630295
-0.963596
-0.96499354
-0.9641401
-0.9627376
-0.965416
-0.96328264
-0.96463424
-0.963959
-0.9651369
-0.96383286
-0.9640805
-0.9645547
-0.963844
-0.9657037
-0.9654024
-0.96417737
-0.9656315
-0.9649962
-0.9654117
-0.9647628
-0.96422285
-0.96417797
-0.96392864
-0.9644683
-0.9645007
-0.96481967
-0.9629987
-0.9643789
-0.96465033
-0.9637438
-0.9640976
-0.96290565
-0.9639912
-0.96478534
-0.96483094
-0.9644816
-0.9645481
-0.9646906
-0.9658807
-0.96520466
-0.9651381
-0.9647717
-0.96450645
-0.96472424
-0.96658915
-0.96358556
-0.9647126
-0.9647999
-0.96428573
-0.96355045
-0.96605605
-0.96448493
-0.964955
-0.96427023
-0.9657688
-0.965192
-0.96428007
-0.96446943
-0.9664721
-0.9656763
-0.9656368
-0.9642337
-0.96568954
-0.9667857
-0.96589947
-0.96617806
-0.9650159
-0.9664489
-0.9655953
-0.96780497
-0.96481174
-0.9674606
-0.96669877
-0.9663202
-0.96602976
-0.96481746
-0.96713865
-0.96681166
-0.9675713
-0.9663202
-0.96750844
-0.96617967
-0.9658948
-0.96456003
-0.9645426
-0.9672324
-0.96680164
-0.9667214
-0.9665188
-0.9663421
-0.9674452
-0.96797013
-0.96747106
-0.96733725
-0.96718323
-0.967659
-0.96529204
-0.9682767
-0.9671516
-0.9663908
-0.9661602
-0.9661566
-0.96746016
-0.9668214
-0.96642596
-0.9671995
-0.96597135
-0.9681207
-0.96754575
-0.96672523
-0.96764195
-0.96818703
-0.9679737
-0.96738577
-0.966104
-0.967145
-0.9667353
-0.9675349
-0.9678718
-0.96820754
-0.9682402
-0.9664792
-0.9671405
-0.96664715
-0.96658504
-0.9671136
-0.9692417
-0.96893024
-0.9667578
-0.9669774
-0.9670112
-0.9679098
-0.9681398
-0.96654135
-0.96738845
-0.9669295
-0.9672745
-0.96870136
-0.96828765
-0.96698767
-0.96930563
-0.96806157
-0.96765965
-0.9686042
-0.9695058
-0.9676365
-0.9664477
-0.9660338
-0.96743196
-0.9683965
-0.96644855
-0.9689423
-0.9661402
-0.96858793
-0.96775675
-0.9678398
-0.9675287
-0.9673304
-0.96589035
-0.9680449
-0.96686155
-0.9658634
-0.9684429
-0.9675178
-0.96735054
-0.9681995
-0.96626
-0.9665609
-0.964731
-0.96782035
-0.9677824
-0.96814966
-0.96607304
-0.96913415
-0.9668341
-0.9671512
-0.9683854
-0.96723056
-0.9684631
-0.9673554
-0.9684333
-0.9688606
-0.9685038
-0.9684365
-0.96795636
-0.9675329
-0.96821374
-0.9675271
-0.9682002
-0.96862775
-0.96730554
-0.96902555
-0.9682228
-0.9666657
-0.967993
-0.96775985
-0.9679698
-0.9680934
-0.96952415
-0.96768206
-0.96907544
-0.9698482
-0.9677524
-0.96965176
-0.96902597
-0.96800995
-0.9670946
-0.9690782
-0.96812445
-0.9686026
-0.96839
-0.9680052
-0.968602
-0.9681842
-0.9673792
-0.96802306
-0.96862525
-0.9677759
-0.9683016
-0.968232
-0.96785325
-0.96810365
-0.96793604
-0.9678118
-0.96941406
-0.9676966
-0.9671411
-0.9671904
-0.9687536
-0.9675416
-0.9684215
-0.968518
-0.96829706
-0.96653557
-0.9681987
-0.969329
-0.96933943
-0.969509
-0.9679563
-0.97058225
-0.96954036
-0.9688821
-0.96795225
-0.9683772
-0.9698499
-0.9698344
-0.9688589
-0.96945435
-0.9686986
-0.9687078
-0.96999466
-0.9687877
-0.9684172
-0.97001654
-0.96883893
-0.9679997
-0.9702433
-0.9676404
-0.9680283
-0.9688612
-0.9677675
-0.9700538
-0.96877617
-0.9694088
-0.9683903
-0.970118
-0.969293
-0.96966344
-0.9682949
-0.9681877
-0.9691865
-0.9697006
-0.9688672
-0.9699993
-0.9685571
-0.9703719
-0.96807325
-0.9693686
-0.9696638
-0.9688038
-0.9698969
-0.9690614
-0.96987295
-0.9692549
-0.9700045
-0.9690609
-0.9689862
-0.96983993
-0.96829104
-0.9694595
-0.9699186
-0.9688323
-0.9686045
-0.9682936
-0.96922356
-0.969867
-0.97020507
-0.96892536
-0.9688396
-0.96850073
-0.97001106
-0.9687696
-0.9695935
-0.969937
-0.9692083
-0.9698627
-0.9696716
-0.9697056
-0.9694665
-0.9689534
-0.96927804
-0.96915156
-0.96946853
-0.969115
-0.9674374
-0.96853346
-0.968963
-0.9691944
-0.9700472
-0.9706725
-0.97017306
-0.9676166
-0.9699496
-0.97013706
-0.97151273
-0.9702648
-0.97004485
-0.9711145
-0.9700384
-0.9705503
-0.97056437
-0.9704219
-0.9703004
-0.971471
-0.97096807
-0.9703715
-0.96923643
-0.970292
-0.97033244
-0.96968615
-0.9716071
-0.9703275
-0.97025627
-0.9698409
-0.9712344
-0.9711261
-0.97215015
-0.9704828
-0.9703309
-0.9691285
-0.9706863
-0.970991
-0.97069854
-0.96982455
-0.9695103
-0.9719699
-0.9693893
-0.9703658
-0.970403
-0.97156394
-0.9701096
-0.9709188
-0.97147423
-0.97141147
-0.97029597
-0.97137713
-0.97109205
-0.97161937
-0.97083884
-0.9707862
-0.96983904
-0.97271305
-0.9697133
-0.97141737
-0.9697064
-0.9712979
-0.97068816
-0.97108275
-0.9703662
-0.9718276
-0.97033066
-0.9711488
-0.9700057
-0.97122806
-0.9703188
-0.96982735
-0.97087055
-0.971046
-0.97015107
-0.97185725
-0.97132283
-0.9721497
-0.97122896
-0.97091997
-0.9712327
-0.97259074
-0.97141314
-0.9715628
-0.9716899
-0.97174203
-0.9715866
-0.97183454
-0.97260064
-0.97032684
-0.9722158
-0.9712726
-0.9718259
-0.97004783
-0.97303426
-0.9710367
-0.97083014
-0.9718421
-0.9718621
-0.97266626
-0.9715812
-0.9730234
-0.9720138
-0.9713112
-0.9716025
-0.97235185
-0.9704575
-0.97126335
-0.97125965
-0.9727791
-0.9719252
-0.971234
-0.97141224
-0.97063947
-0.97250175
-0.9725218
-0.97135603
-0.9721958
-0.97125894
-0.9724476
-0.9720768
-0.971497
-0.97076476
-0.97054374
-0.97251827
-0.97124475
-0.97213244
-0.9720172
-0.9712175
-0.972352
-0.97120184
-0.9718323
-0.97207624
-0.9710595
-0.9718473
-0.97237635
-0.97146726
-0.97082996
-0.9717179
-0.97125286
-0.97186726
-0.9718874
-0.9713473
-0.9711045
-0.97015715
-0.9718225
-0.9717075
-0.97271734
-0.9718394
-0.97196686
-0.9714411
-0.97155464
-0.9727672
-0.972599
-0.9726121
-0.97238594
-0.9718206
-0.97129214
-0.97123384
-0.9726265
-0.97170746
-0.9722521
-0.97138005
-0.9729533
-0.9719931
-0.9734679
-0.9722039
-0.9731465
-0.97136635
-0.9723158
-0.9728951
-0.97196037
-0.97300965
-0.9727279
-0.9717548
-0.9728822
-0.97287726
-0.97185487
-0.9724061
-0.9718996
-0.9733221
-0.9721462
-0.9727597
-0.97294044
-0.9727869
-0.9725567
-0.97263896
-0.97285646
-0.97373223
-0.97247523
-0.9730011
-0.9736796
-0.97238415
-0.97227097
-0.97296196
-0.97351277
-0.9723354
-0.97195506
-0.97133386
-0.97251076
-0.9725282
-0.97286755
-0.9719646
-0.9738338
-0.9722791
-0.97206455
-0.972101
-0.973996
-0.97297865
-0.9744417
-0.97403926
-0.972411
-0.97327626
-0.97331214
-0.97262955
-0.9736042
-0.973975
-0.9738564
-0.9729713
-0.97338504
-0.97377324
-0.9735708
-0.9723198
-0.9731639
-0.9734231
-0.9724656
-0.9734303
-0.9736818
-0.9730247
-0.97291106
-0.97331387
-0.97346383
-0.97298986
-0.9730855
-0.9738566
-0.97393644
-0.9730024
-0.9738347
-0.9725272
-0.972793
-0.97373396
-0.9733854
-0.97246283
-0.9726824
-0.9733792
-0.9734367
-0.9732703
-0.9715999
-0.974086
-0.9727676
-0.97359717
-0.97312456
-0.97369885
-0.9731249
-0.9735113
-0.97264165
-0.9728061
-0.9734796
-0.9732464
-0.97479284
-0.9738521
-0.97256255
-0.97263277
-0.9733938
-0.9731277
-0.9736854
-0.97266036
-0.97348624
-0.9740263
-0.972855
-0.97330534
-0.9734986
-0.97360694
-0.9736406
-0.97260344
-0.9722585
-0.9736203
-0.9743567
-0.9728197
-0.9734483
-0.97295696
-0.97281265
-0.9732937
-0.9725538
-0.97400874
-0.97197723
-0.97328246
-0.9737536
-0.97349995
-0.97327065
-0.9740039
-0.9736318
-0.9736995
-0.97338194
-0.97262603
-0.9732061
-0.9745235
-0.9735471
-0.9747926
-0.9737008
-0.97411877
-0.9736577
-0.97300303
-0.9734738
-0.9728621
-0.97324765
-0.97365415
-0.97499895
-0.9737526
-0.9744571
-0.9733264
-0.9729145
-0.9727975
-0.97404236
-0.9723092
-0.97368914
-0.9724009
-0.9726858
-0.97264594
-0.9735743
-0.9718033
-0.9726061
-0.9723787
-0.9734809
-0.9725536
-0.97226167
-0.97225827
-0.9735507
-0.9717726
-0.972196
-0.9724188
-0.9732724
-0.97211915
-0.97328895
-0.9727474
-0.9741079
-0.9732977
-0.9722067
-0.9725446
-0.9720226
-0.97316295
-0.9734554
-0.97176486
-0.9730475
-0.97279215
-0.9747804
-0.9732632
-0.9733626
-0.97389853
-0.9735034
-0.97296166
-0.9740313
-0.9736114
-0.9744779
-0.9731995
-0.9739465
-0.97376233
-0.97478986
-0.97281796
-0.9721899
-0.9739702
-0.9736577
-0.9741575
-0.9729327
-0.9736094
-0.97299665
-0.9737504
-0.9745958
-0.973071
-0.9740451
-0.97388613
-0.9742516
-0.97529936
-0.9731374
-0.9734062
-0.97396255
-0.9742389
-0.973345
-0.97301316
-0.9716107
-0.9726015
-0.973263
-0.9736927
-0.9744119
-0.9732251
-0.97286093
-0.9732494
-0.97365606
-0.9742353
-0.9737647
-0.97286093
-0.9741077
-0.97315156
-0.9734213
-0.97360283
-0.9741083
-0.97429675
-0.97401935
-0.973209
-0.9741461
-0.9733297
-0.97282606
-0.9747111
-0.973613
-0.97374374
-0.974293
-0.97407365
-0.97391355
-0.97413754
-0.97320175
-0.9715536
-0.9736206
-0.9729357
-0.97427726
-0.97368896
-0.9729473
-0.9738388
-0.97394955
-0.9735577
-0.97373724
-0.9743055
-0.9738474
-0.97330856
-0.9729756
-0.9737074
-0.9746293
-0.9741606
-0.97422725
-0.9738852
-0.9743046
-0.9742492
-0.97362906
-0.97425103
-0.9737771
-0.9735886
-0.9739126
-0.97309554
-0.9737847
-0.9732924
-0.97167754
-0.97372586
-0.9739975
-0.9740378
-0.9742069
-0.9738208
-0.9744211
-0.97490984
-0.9744573
-0.9743836
-0.9736583
-0.9739702
-0.9744315
-0.9744451
-0.9743983
-0.9741282
-0.9734829
-0.97335845
-0.97414786
-0.9736392
-0.9740007
-0.97460085
-0.9738035
-0.975414
-0.9745875
-0.9737429
-0.9737091
-0.9740462
-0.9738872
-0.97519433
-0.9741323
-0.9728989
-0.9736182
-0.974108
-0.97401994
-0.97368616
-0.97429365
-0.97483975
-0.97413605
-0.97302413
-0.97440696
-0.9746663
-0.9730386
-0.9743673
-0.9732388
-0.9725757
-0.9725711
-0.9735626
-0.9725647
-0.9722478
-0.97428733
-0.9725503
-0.97445
-0.9739953
-0.97440016
-0.9727654
-0.9734918
-0.9732945
-0.973863
-0.9740892
-0.97337556
-0.9735595
-0.97431207
-0.9730662
-0.97270495
-0.97434086
-0.972989
-0.97450984
-0.9740631
-0.9731497
-0.9751629
-0.9743095
-0.9748741
-0.973947
-0.97290653
-0.97374135
-0.9739313
-0.97375566
-0.9743662
-0.97351706
-0.97440034
-0.973267
-0.9728592
-0.9739771
-0.9738181
-0.97345024
-0.9733577
-0.97372866
-0.9740477
-0.9737763
-0.9735715
-0.9725157
-0.974178
-0.97540855
-0.9730053
-0.9726359
-0.9749941
-0.97325456
-0.9739691
-0.97452337
-0.97407347
-0.97478896
-0.9735663
-0.9739693
-0.9741887
-0.97366655
-0.9750868
-0.9734157
-0.9745707
-0.97425944
-0.9744049
-0.9735599
-0.97375613
-0.97377926
-0.9738632
-0.97396165
-0.97420394
-0.9742214
-0.9742227
-0.975521
-0.9733522
-0.9741155
-0.9757031
-0.97490966
-0.973571
-0.9739044
-0.97397363
-0.9730259
-0.97394454
-0.9747439
-0.9739536
-0.97431415
-0.9742441
-0.97492075
-0.9749599
-0.9747868
-0.9739727
-0.97498935
-0.97432107
-0.9741171
-0.97315615
-0.9733376
-0.97510463
-0.9740364
-0.9741631
-0.9741029
-0.9754165
-0.9735562
-0.9738353
-0.9732478
-0.9734113
-0.9737916
-0.9735748
-0.9742355
-0.9741883
-0.974286
-0.9737643
-0.9729016
-0.9740889
-0.9751237
-0.97340757
-0.97429353
-0.97404027
-0.97449595
-0.97338295
-0.9728141
-0.9739212
-0.97456455
-0.9738474
-0.9739631
-0.9737622
-0.97409946
-0.97327125
-0.973179
-0.97330594
-0.9731707
-0.97385025
-0.9743296
-0.9745598
-0.9739745
-0.9748342
-0.9742088
-0.9739183
-0.9743003
-0.97346246
-0.9735934
-0.97420996
-0.97383386
-0.9736527
-0.97402096
-0.97224665
-0.97358286
-0.9743314
-0.97313344
-0.97466946
-0.9728297
-0.97239643
-0.9752994
-0.9730002
-0.97521126
-0.97357535
-0.97405857
-0.97383475
-0.9734663
-0.9744221
-0.9750102
-0.9740706
-0.97410464
-0.9741253
-0.97422576
-0.9742459
-0.973965
-0.9749105
-0.9733403
-0.9732476
-0.9740025
-0.9741946
-0.97449446
-0.97466445
-0.97440475
-0.9741194
-0.9735548
-0.97446084
-0.97390044
-0.9727235
-0.97317624
-0.9735401
-0.97434634
-0.9728874
-0.9731791
-0.97488457
-0.9733923
-0.974488
-0.97347176
-0.9744346
-0.9737478
-0.97343093
-0.9739025
-0.97283244
-0.9737728
-0.97201174
-0.97406656
-0.97306395
-0.9729791
-0.9743898
-0.9730091
-0.9743741
-0.974111
-0.973314
-0.9725005
-0.97405344
-0.97350305
-0.97415966
-0.97408223
-0.97320807
-0.9734528
-0.97419065
-0.97384787
-0.9723565
-0.97462153
-0.9752693
-0.9746784
-0.9729758
-0.9726528
-0.9741141
-0.97424704
-0.9737685
-0.9737715
-0.97405785
-0.9732079
-0.9736422
-0.9738664
-0.9749203
-0.97537166
-0.9734126
-0.97389233
-0.9743965
-0.97436476
-0.9745446
-0.97464395
-0.9738721
-0.974839
-0.97456056
-0.972838
-0.9746283
-0.97363126
-0.9727804
-0.9734745
-0.97378767
-0.9739321
-0.9745484
-0.97475034
-0.97526115
-0.9738298
-0.9736804
-0.974777
-0.97461414
-0.97355056
-0.9746604
-0.9733045
-0.9733304
-0.9747546
-0.9745435
-0.9751791
-0.97428113
-0.97294754
-0.97491074
-0.9734599
-0.97422814
-0.9738666
-0.9742068
-0.9746674
-0.975817
-0.97392976
-0.9749444
-0.97412544
-0.9737529
-0.97471184
-0.9736662
-0.9741125
-0.97331345
-0.9737264
-0.97497046
-0.9733285
-0.9748142
-0.9744484
-0.9737304
-0.9740153
-0.97387236
-0.9727833
-0.9746775
-0.97387904
-0.974573
-0.9736026
-0.97604066
-0.9735725
-0.973744
-0.9744965
-0.9746631
-0.97447604
-0.9745186
-0.97435504
-0.9746261
-0.97443825
-0.97363997
-0.9738885
-0.97465694
-0.9726746
-0.974394
-0.9748175
-0.9741356
-0.9741972
-0.9737547
-0.9741048
-0.9749663
-0.9747271
-0.9727095
-0.9734043
-0.97304237
-0.9737109
-0.97502714
-0.9745417
-0.97479665
-0.9729855
-0.9741486
-0.97353226
-0.9747306
-0.9735997
-0.97503495
-0.9740233
-0.9741916
-0.9739256
-0.9752762
-0.9747841
-0.97359735
-0.97440034
-0.9750046
-0.97459185
-0.97470945
-0.97284997
-0.9739339
-0.975468
-0.9740692
-0.9745459
-0.97415465
-0.974034
-0.9750543
-0.97431535
-0.97468835
-0.97431195
-0.9744956
-0.9733903
-0.97428316
-0.9750642
-0.97359854
-0.9737549
-0.9740168
-0.9745944
-0.9743866
-0.97431403
-0.9742727
-0.9742739
-0.97391665
-0.97460186
-0.9738706
-0.97422814
-0.9744686
-0.9748226
-0.97406536
-0.9749401
-0.97395694
-0.9744454
-0.97499955
-0.97422403
-0.9732627
-0.9724094
-0.9744394
-0.9736083
-0.9743429
-0.9732915
-0.97383356
-0.97400534
-0.9735312
-0.9752254
-0.97339296
-0.97375786
-0.9743636
-0.9742461
-0.9739826
-0.9738044
-0.97446823
-0.97318274
-0.9752125
-0.97468954
-0.97501737
-0.97493535
-0.97464144
-0.9745896
-0.97432464
-0.97446823
-0.9749493
-0.9755631
-0.97436273
-0.97517276
-0.97439885
-0.97359705
-0.97460085
-0.97501105
-0.97376496
-0.9739779
-0.97397417
-0.9739338
-0.9741032
-0.97360027
-0.9739095
-0.9747329
-0.9752587
-0.9749665
-0.97455937
-0.97435665
-0.9749273
-0.9740405
-0.97426695
-0.9746292
-0.9748097
-0.97555673
-0.9742101
-0.97445625
-0.97621477
-0.9747931
-0.97403455
-0.9737391
-0.9750085
-0.97556686
-0.9741185
-0.974234
-0.97504836
-0.9751085
-0.9745153
-0.9751307
-0.9733368
-0.9749045
-0.9741185
-0.9751151
-0.9739961
-0.97415274
-0.9739236
-0.97429615
-0.974733
-0.974849
-0.9747567
-0.97530264
-0.9744138
-0.97431874
-0.9747926
-0.9741683
-0.9741683
-0.97486085
-0.97435486
-0.97384936
-0.97459716
-0.9732826
-0.97562253
-0.9751722
-0.974419
-0.9746904
-0.9753962
-0.9741236
-0.9752965
-0.974911
-0.9746788
-0.97464687
-0.9753162
-0.97474205
-0.9756161
-0.97493607
-0.97588956
-0.97508883
-0.9742355
-0.97481865
-0.9754507
-0.9755695
-0.9746414
-0.97525364
-0.9746042
-0.9748902
-0.9735216
-0.9746408
-0.9750642
-0.97456425
-0.9746987
-0.9746305
-0.97464126
-0.97368604
-0.9751901
-0.974224
-0.97453374
-0.97435284
-0.97332764
-0.9742961
-0.9756233
-0.9741132
-0.9730776
-0.97472745
-0.9738339
-0.97463036
-0.97435087
-0.9733834
-0.97318214
-0.9739661
-0.9739973
-0.9753889
-0.9743212
-0.97363055
-0.9734517
-0.97546923
-0.975029
-0.97555023
-0.97387695
-0.9735773
-0.9740564
-0.9742314
-0.9739186
-0.9728641
-0.97326404
-0.9738118
-0.9734549
-0.9727875
-0.9734905
-0.97398525
-0.9736927
-0.97335017
-0.97406924
-0.9745951
-0.97366416
-0.97459525
-0.97473735
-0.9745133
-0.97358525
-0.97393155
-0.9735135
-0.97418654
-0.97446924
-0.97463214
-0.97526187
-0.9744662
-0.9745879
-0.973625
-0.97433895
-0.9748523
-0.9744098
-0.97484124
-0.97464013
-0.974669
-0.9745594
-0.97362584
-0.9743607
-0.9744382
-0.9742258
-0.9737473
-0.9737504
-0.9729437
-0.97418386
-0.9736431
-0.9746264
-0.97518796
-0.97267693
-0.9736049
-0.9738697
-0.97428954
-0.97507805
-0.97371346
-0.9740291
-0.9742507
-0.9740638
-0.9747143
-0.9748749
-0.97348154
-0.9757204
-0.9738851
-0.9747685
-0.97410715
-0.97442055
-0.9742521
-0.9747332
-0.97425
-0.9757335
-0.97481626
-0.9760821
-0.9746019
-0.97429794
-0.97431326
-0.972857
-0.9746742
-0.97529763
-0.9740509
