-0.15295401
-0.17491443
-0.22303036
-0.24980763
-0.28259337
-0.30934384
-0.31783348
-0.32539403
-0.3409081
-0.3521253
-0.3581804
-0.36407632
-0.3737163
-0.38409248
-0.38398233
-0.40019828
-0.4181726
-0.4241063
-0.43937802
-0.4465167
-0.4463148
-0.44992763
-0.46604723
-0.47967955
-0.48365143
-0.49145144
-0.49769878
-0.4996941
-0.5076516
-0.51157755
-0.51445043
-0.52703696
-0.53238547
-0.5430895
-0.5412343
-0.5447251
-0.5542312
-0.5615399
-0.56334245
-0.5689738
-0.5642647
-0.57330656
-0.5752679
-0.571314
-0.57646555
-0.5758231
-0.57765204
-0.5812973
-0.57899004
-0.5802215
-0.5837659
-0.58252424
-0.58484393
-0.58601665
-0.5918864
-0.59187263
-0.6014236
-0.6008821
-0.6010867
-0.605619
-0.59796834
-0.604014
-0.6066372
-0.6098929
-0.60699195
-0.6166051
-0.61422485
-0.6163837
-0.61239314
-0.6152183
-0.61703527
-0.6110227
-0.615501
-0.6196707
-0.619642
-0.61987376
-0.6235676
-0.63232654
-0.6331866
-0.6290333
-0.63222164
-0.6307837
-0.6308626
-0.6292494
-0.6334053
-0.6384704
-0.64085484
-0.6382184
-0.64346576
-0.6450168
-0.640421
-0.6367525
-0.64318407
-0.6432558
-0.64699954
-0.651348
-0.6515692
-0.65147865
-0.64830685
-0.6538505
-0.6524569
-0.6535454
-0.65286356
-0.64811856
-0.65880156
-0.6593729
-0.6585522
-0.65249616
-0.65743196
-0.6551533
-0.6579482
-0.6616338
-0.6657973
-0.65889025
-0.6552226
-0.66095024
-0.65563464
-0.65368646
-0.65459853
-0.65995723
-0.6586439
-0.66137934
-0.664727
-0.6666134
-0.66786206
-0.6627582
-0.6666259
-0.6655484
-0.66649055
-0.6641646
-0.6608928
-0.66302145
-0.6609858
-0.6639628
-0.6659626
-0.6646691
-0.6645832
-0.6639219
-0.66699445
-0.6697029
-0.6671099
-0.6715489
-0.6709037
-0.67417634
-0.6705829
-0.66903716
-0.6659408
-0.6647357
-0.6710893
-0.6678745
-0.66257405
-0.66819227
-0.6633612
-0.6576305
-0.6577719
-0.6565087
-0.6626929
-0.66473126
-0.66153526
-0.66939324
-0.6724518
-0.6693845
-0.67670166
-0.6721679
-0.6651924
-0.6751757
-0.6691078
-0.66559726
-0.6748962
-0.6746106
-0.67515856
-0.6694301
-0.6712321
-0.67103404
-0.6729207
-0.6761907
-0.6762236
-0.67896163
-0.6790856
-0.6811637
-0.67996603
-0.68311715
-0.6807355
-0.68595654
-0.6836872
-0.68300277
-0.67938524
-0.68234104
-0.67758673
-0.6802398
-0.68294454
-0.6821474
-0.68812346
-0.68270564
-0.6818019
-0.6753007
-0.6864807
-0.68292135
-0.6885022
-0.6831606
-0.68361014
-0.6823694
-0.6780256
-0.68144447
-0.68131053
-0.67707914
-0.681964
-0.6849246
-0.6837485
-0.6877403
-0.6786669
-0.6813228
-0.6783814
-0.6829172
-0.68470794
-0.6774984
-0.6829317
-0.68163484
-0.67634374
-0.67676324
-0.6783106
-0.67083246
-0.6702634
-0.66965616
-0.6727263
-0.68201065
-0.67552197
-0.6859494
-0.6911555
-0.68562883
-0.68698084
-0.696392
-0.68557674
-0.69108236
-0.6838014
-0.6810927
-0.680879
-0.68516636
-0.68320405
-0.6839596
-0.6842591
-0.6819936
-0.6851349
-0.6759029
-0.68386054
-0.6860149
-0.6883679
-0.6755378
-0.68472123
-0.6832281
-0.6876017
-0.6857056
-0.68578094
-0.68677336
-0.6868074
-0.67786914
-0.6773011
-0.682296
-0.6803744
-0.6801793
-0.67568743
-0.6762167
-0.6864975
-0.68391675
-0.68118155
-0.68530434
-0.67817384
-0.6848395
-0.68598944
-0.6866269
-0.68446743
-0.6878225
-0.69223946
-0.68682337
-0.6892719
-0.68341374
-0.6815741
-0.6827161
-0.68194854
-0.674277
-0.68260986
-0.6787466
-0.6840162
-0.67793363
-0.679779
-0.68258643
-0.6829153
-0.6849624
-0.6821346
-0.6889886
-0.6836314
-0.6829171
-0.68407035
-0.68713003
-0.68511206
-0.6840471
-0.6764898
-0.6841467
-0.6908702
-0.67970806
-0.6815829
-0.6746793
-0.67972064
-0.68056697
-0.67632043
-0.67659277
-0.6740855
-0.6848188
-0.68401176
-0.68767285
-0.68570817
-0.6868938
-0.69090027
-0.69837475
-0.68986297
-0.68821806
-0.694422
-0.6893349
-0.6907507
-0.6900615
-0.6879836
-0.6929669
-0.69007367
-0.6904687
-0.6944344
-0.6870839
-0.6895578
-0.6891225
-0.6877061
-0.6934408
-0.69437176
-0.6992284
-0.6965384
-0.6975857
-0.69200814
-0.69532126
-0.6952418
-0.69698316
-0.693632
-0.69520044
-0.7018039
-0.69803774
-0.69682354
-0.69666755
-0.6954217
-0.6975925
-0.6989692
-0.698413
-0.7008018
-0.70032597
-0.7028494
-0.7028007
-0.704947
-0.701313
-0.6955172
-0.7003277
-0.7020932
-0.69438
-0.69885004
-0.7052593
-0.70301163
-0.69690955
-0.6978107
-0.69757676
-0.700724
-0.7002281
-0.69634634
-0.69963264
-0.7007113
-0.6982931
-0.69360805
-0.6966687
-0.69999665
-0.70036155
-0.701791
-0.69802046
-0.6975189
-0.704604
-0.6991216
-0.6985157
-0.7028608
-0.7016287
-0.6963765
-0.69805396
-0.6937565
-0.6965643
-0.7001985
-0.69663215
-0.69266677
-0.69868207
-0.70073247
-0.6977852
-0.6949274
-0.69235563
-0.6942862
-0.69513386
-0.69751066
-0.69131386
-0.7043891
-0.6997541
-0.696245
-0.7020569
-0.7015195
-0.69817406
-0.70611113
-0.70734817
-0.71328366
-0.7040709
-0.7068287
-0.7125529
-0.7131919
-0.7096559
-0.7096511
-0.71502364
-0.70916796
-0.71146506
-0.7190516
-0.71544415
-0.71620697
-0.7116604
-0.71295047
-0.7187646
-0.72103924
-0.71940666
-0.7146602
-0.71213675
-0.7190192
-0.7221463
-0.72059935
-0.71600777
-0.7194298
-0.72601163
-0.71884763
-0.714877
-0.72049564
-0.7230902
-0.73032427
-0.72465825
-0.7224314
-0.71934646
-0.7162261
-0.7235965
-0.72716874
-0.7183545
-0.72149444
-0.72697467
-0.7291903
-0.724148
-0.7228358
-0.72535825
-0.7246441
-0.7230003
-0.7300373
-0.72572136
-0.7290899
-0.7280876
-0.72518164
-0.7274763
-0.73222256
-0.7324902
-0.7339878
-0.72732943
-0.72640663
-0.7348997
-0.73389405
-0.7295326
-0.72983307
-0.7367488
-0.7327263
-0.7371196
-0.734067
-0.7376911
-0.7333337
-0.7274106
-0.7322122
-0.7286167
-0.72864574
-0.7337523
-0.73194337
-0.73470616
-0.7347438
-0.73105156
-0.7346864
-0.73796505
-0.74044436
-0.74446887
-0.73814833
-0.74286133
-0.7433057
-0.7387128
-0.7409793
-0.7428502
-0.74450743
-0.7422541
-0.7453046
-0.7427787
-0.74131095
-0.74764115
-0.7464122
-0.7454052
-0.7482105
-0.7483826
-0.74903715
-0.7450951
-0.7467766
-0.7414257
-0.7443056
-0.7465251
-0.7443321
-0.7493735
-0.7452891
-0.75283116
-0.74790066
-0.7535315
-0.7528476
-0.74986935
-0.7548787
-0.75369275
-0.7580527
-0.7581813
-0.75991106
-0.7553821
-0.7588512
-0.75741786
-0.7646532
-0.767025
-0.768781
-0.7633202
-0.76896775
-0.7627286
-0.7671195
-0.76703507
-0.76706785
-0.7644414
-0.7624884
-0.76785773
-0.7644516
-0.7660234
-0.7602956
-0.7630131
-0.76627344
-0.7666502
-0.76510984
-0.7666912
-0.7632855
-0.76756215
-0.7648983
-0.7650373
-0.77076715
-0.7630262
-0.7697831
-0.76763326
-0.7682961
-0.76825356
-0.7680899
-0.7717255
-0.768453
-0.7641789
-0.7639311
-0.7704125
-0.76468235
-0.76780504
-0.7688716
-0.7675114
-0.76740146
-0.76812094
-0.767699
-0.7689117
-0.7686174
-0.7726992
-0.76784396
-0.7658126
-0.7782711
-0.77466714
-0.77495587
-0.76932985
-0.7701994
-0.77659506
-0.77457565
-0.77373224
-0.76658475
-0.7732783
-0.77383727
-0.7747291
-0.77658594
-0.7771274
-0.771076
-0.7710904
-0.76921684
-0.7718293
-0.7722231
-0.7706793
-0.77584994
-0.77638197
-0.77543205
-0.77693164
-0.77437973
-0.7818911
-0.7797497
-0.77637726
-0.777299
-0.778526
-0.78211814
-0.78189373
-0.7821961
-0.78031117
-0.7772795
-0.778179
-0.77814555
-0.77755207
-0.7786191
-0.78049314
-0.77765334
-0.77747434
-0.7759818
-0.7807911
-0.7758411
-0.7814034
-0.7781224
-0.7883337
-0.77906847
-0.779811
-0.78188163
-0.776759
-0.7840771
-0.7831116
-0.7835898
-0.78275055
-0.7841008
-0.7859325
-0.7852371
-0.7801495
-0.77955705
-0.78160703
-0.7830465
-0.77793956
-0.779715
-0.7777606
-0.779508
-0.78178054
-0.7831273
-0.7792472
-0.78418595
-0.78221744
-0.7810829
-0.7824055
-0.780953
-0.78361726
-0.7807366
-0.7815607
-0.78010523
-0.7808289
-0.7806962
-0.784362
-0.7810643
-0.78361064
-0.77589744
-0.77770174
-0.7814633
-0.7788715
-0.7778148
-0.7759481
-0.7783827
-0.77860034
-0.78090703
-0.7854249
-0.7788135
-0.78231806
-0.7885144
-0.7831428
-0.77819884
-0.78591144
-0.782814
-0.7837479
-0.78298205
-0.78727275
-0.7897287
-0.7874251
-0.7841248
-0.7833397
-0.7889347
-0.7917056
-0.78457576
-0.7874468
-0.7862087
-0.78178614
-0.7795816
-0.785497
-0.78446287
-0.7850902
-0.788056
-0.7893234
-0.78892785
-0.7806119
-0.78392804
-0.7920141
-0.78889453
-0.7880367
-0.7838285
-0.7818716
-0.7912552
-0.78973645
-0.78616923
-0.7900363
-0.79029965
-0.79031146
-0.7911159
-0.7927983
-0.7889204
-0.7917865
-0.7890366
-0.7918509
-0.7905635
-0.78936106
-0.78451145
-0.78554267
-0.78879344
-0.79274637
-0.7895856
-0.7928041
-0.78396815
-0.7876023
-0.78737634
-0.7901185
-0.78527313
-0.78586954
-0.7874517
-0.79053795
-0.7885868
-0.7874903
-0.78904796
-0.7950487
-0.7883624
-0.7906193
-0.79214466
-0.7853531
-0.7898857
-0.788334
-0.79063636
-0.7901379
-0.78415036
-0.78977036
-0.78967655
-0.7901375
-0.7923775
-0.7934016
-0.7876942
-0.7923489
-0.78700703
-0.788678
-0.794467
-0.7932299
-0.79351604
-0.7947938
-0.79320294
-0.7906066
-0.79372585
-0.790543
-0.7965637
-0.79509145
-0.7928427
-0.7884131
-0.7936313
-0.7906784
-0.79318255
-0.7977084
-0.793946
-0.7957812
-0.7988644
-0.79712015
-0.793717
-0.7918643
-0.79276174
-0.7983404
-0.791316
-0.7917192
-0.794213
-0.79405063
-0.7919633
-0.7934241
-0.7909834
-0.7964326
-0.79277086
-0.7875478
-0.79155046
-0.79280597
-0.7935253
-0.79590356
-0.7954546
-0.7937615
-0.7918842
-0.7932757
-0.794193
-0.7957058
-0.78993
-0.7952827
-0.7933739
-0.79384094
-0.79544395
-0.7916489
-0.79405797
-0.7943424
-0.788551
-0.7972747
-0.7914369
-0.7941515
-0.79040575
-0.8011953
-0.7983344
-0.7945007
-0.7928886
-0.7964507
-0.7931111
-0.7928077
-0.79641867
-0.792961
-0.79764134
-0.796304
-0.79514337
-0.79782456
-0.79625064
-0.7992017
-0.79595447
-0.7942669
-0.7952107
-0.79758596
-0.79009324
-0.79289216
-0.80035394
-0.791836
-0.7904421
-0.78666276
-0.7932486
-0.7920178
-0.7958079
-0.7873714
-0.7913479
-0.7937579
-0.79574156
-0.79697394
-0.79332244
-0.8009688
-0.79330105
-0.800252
-0.79536384
-0.7976277
-0.79173476
-0.7997628
-0.7972406
-0.7963481
-0.795688
-0.7960098
-0.7944368
-0.79588926
-0.79330266
-0.7917162
-0.7903006
-0.79144216
-0.7954912
-0.7939029
-0.79808897
-0.7941762
-0.7929566
-0.79988724
-0.8019887
-0.8007549
-0.7956331
-0.800272
-0.7990464
-0.7939795
-0.7995467
-0.7947508
-0.7947318
-0.7994734
-0.7929364
-0.8026323
-0.8000008
-0.79936177
-0.7963351
-0.7989695
-0.7958873
-0.7922454
-0.79672956
-0.79453725
-0.8020685
-0.7982455
-0.7966363
-0.79591805
-0.7971517
-0.79742086
-0.79966146
-0.7981164
-0.7985756
-0.7991026
-0.79420906
-0.7977616
-0.7964958
-0.7941283
-0.79695374
-0.7983006
-0.80103296
-0.7979011
-0.7925501
-0.7997538
-0.8001699
-0.80010384
-0.7978503
-0.79915005
-0.79562616
-0.79832053
-0.8007502
-0.80123883
-0.7989715
-0.79644203
-0.80060196
-0.7990756
-0.79774165
-0.7986564
-0.7983259
-0.8003762
-0.7979712
-0.80185676
-0.7955041
-0.7992183
-0.7997905
-0.8012903
-0.7997526
-0.7968543
-0.8056668
-0.79821056
-0.7996431
-0.79901665
-0.80200064
-0.8045863
-0.80256546
-0.8045626
-0.7997823
-0.79642165
-0.79292524
-0.80019385
-0.7965858
-0.7991028
-0.7982616
-0.8001634
-0.8004957
-0.80148286
-0.7968618
-0.797793
-0.79917246
-0.79895973
-0.79993993
-0.8037589
-0.79828924
-0.7997908
-0.7991102
-0.7997307
-0.80440307
-0.79987204
-0.79736143
-0.80013406
-0.79862964
-0.8038301
-0.8008473
-0.7997176
-0.8000741
-0.80130875
-0.79950917
-0.798006
-0.79991204
-0.7974695
-0.8000931
-0.7994627
-0.8047098
-0.79984576
-0.7991427
-0.8018322
-0.79840887
-0.8048713
-0.804012
-0.79878443
-0.80601597
-0.8061322
-0.8016714
-0.8004149
-0.8022381
-0.79901326
-0.80394816
-0.79762524
-0.8010305
-0.8029316
-0.80256975
-0.80362403
-0.7943116
-0.8005761
-0.8026308
-0.7968394
-0.80186963
-0.8041811
-0.80110633
-0.80473846
-0.80500805
-0.8020459
-0.8049881
-0.8027641
-0.79981214
-0.8024015
-0.8097262
-0.8016182
-0.8046115
-0.799322
-0.79864913
-0.80159044
-0.80253816
-0.79881865
-0.807302
-0.80207694
-0.8034236
-0.799432
-0.8023559
-0.80556476
-0.80562925
-0.8073923
-0.8061069
-0.80354357
-0.80345887
-0.80402815
-0.8044954
-0.80284727
-0.80136293
-0.80145425
-0.8017142
-0.8016417
-0.8056699
-0.8035886
-0.8014603
-0.80438834
-0.8072036
-0.8006751
-0.8049179
-0.80331504
-0.8054478
-0.8018408
-0.80547434
-0.80308455
-0.8051541
-0.8046801
-0.80497146
-0.80539453
-0.80478007
-0.80438197
-0.8031351
-0.80528295
-0.79969347
-0.80495954
-0.7954777
-0.80263144
-0.80373216
-0.80523115
-0.8039704
-0.8039882
-0.7978228
-0.79598856
-0.7978976
-0.7987062
-0.79787695
-0.80050045
-0.8010134
-0.79652697
-0.800641
-0.79876643
-0.7954166
-0.79414093
-0.7999331
-0.796789
-0.80615383
-0.79879236
-0.8020369
-0.8038826
-0.7995071
-0.80426204
-0.80297333
-0.80348027
-0.7999445
-0.80381995
-0.8037945
-0.80307066
-0.8033693
-0.8036277
-0.80524325
-0.8020181
-0.8045962
-0.80357516
-0.802425
-0.8030174
-0.80539584
-0.8001182
-0.80245376
-0.80480206
-0.8023906
-0.8022468
-0.804159
-0.799647
-0.80120134
-0.80531937
-0.80137134
-0.8074094
-0.80223066
-0.80847245
-0.8060456
-0.8032209
-0.80497324
-0.8020858
-0.8050811
-0.80547184
-0.8036429
-0.80643874
-0.8056661
-0.8028308
-0.8060527
-0.8042589
-0.80779165
-0.8022456
-0.8065055
-0.8068595
-0.8014698
-0.7982854
-0.8095012
-0.8117922
-0.80737114
-0.80890757
-0.8049048
-0.80235994
-0.8026626
-0.8048589
-0.80429775
-0.8084516
-0.8061907
-0.81023854
-0.8068029
-0.80667406
-0.8052213
-0.8088552
-0.80837566
-0.80549353
-0.81038713
-0.80652094
-0.8052465
-0.804079
-0.8066297
-0.8056321
-0.8071953
-0.8022816
-0.8060555
-0.8055626
-0.802859
-0.8068752
-0.8070436
-0.80212206
-0.80043465
-0.80495733
-0.80272746
-0.80373603
-0.8023295
-0.80789447
-0.8045719
-0.80435044
-0.8055212
-0.8009278
-0.8012179
-0.8015636
-0.79927593
-0.79981965
-0.79602396
-0.8087747
-0.799482
-0.7955329
-0.8012845
-0.8017858
-0.8000204
-0.7969742
-0.8049412
-0.79597837
-0.8014031
-0.8020336
-0.802041
-0.8016987
-0.7974329
-0.7977424
-0.8038084
-0.79813904
-0.8046401
-0.797124
-0.80078125
-0.8035239
-0.802667
-0.8044096
-0.8018492
-0.8015235
-0.803471
-0.80217963
-0.80772907
-0.80367774
-0.8023454
-0.8067042
-0.8031345
-0.8003347
-0.7994247
-0.7977764
-0.7958074
-0.8020389
-0.79826
-0.8003878
-0.7997644
-0.8029916
-0.7980239
-0.80587065
-0.79980916
-0.8035413
-0.8013772
-0.8030101
-0.8081421
-0.80543935
-0.80514455
-0.8083889
-0.8060139
-0.80989015
-0.80278957
-0.80927473
-0.8057101
-0.8094241
-0.8074245
-0.80207515
-0.80781066
-0.803136
-0.8045961
-0.80254054
-0.79950994
-0.79974514
-0.8067459
-0.80382526
-0.79660577
-0.80122715
-0.8003775
-0.7975533
-0.79933196
-0.7940277
-0.7984443
-0.7951414
-0.7981888
-0.8010259
-0.7939988
-0.7983303
-0.79734147
-0.7985827
-0.8017551
-0.8032025
-0.8045249
-0.8024947
-0.8064616
-0.80165756
-0.79880714
-0.8020357
-0.8058249
-0.8019905
-0.80613387
-0.8021018
-0.80492055
-0.80700874
-0.8019888
-0.80487883
-0.8036113
-0.8040521
-0.8027195
-0.8029443
-0.8047761
-0.80719256
-0.80506486
-0.80847365
-0.8145131
-0.8096085
-0.80882263
-0.8093763
-0.80897284
-0.8088363
-0.80784124
-0.8089446
-0.8099189
-0.80175567
-0.806281
-0.8108554
-0.8103225
-0.8109195
-0.81136525
-0.8072215
-0.8111949
-0.8077882
-0.81076086
-0.8077559
-0.8076583
-0.81333774
-0.80736256
-0.8010634
-0.80634385
-0.8054794
-0.79928493
-0.80509067
-0.80542153
-0.8068425
-0.8103931
-0.8104119
-0.80684084
-0.80617243
-0.8079651
-0.8067797
-0.81045145
-0.8052597
-0.80856854
-0.80686915
-0.8053786
-0.80955166
-0.8030665
-0.8091203
-0.80673337
-0.8012853
-0.80151474
-0.8100333
-0.80537313
-0.8086997
-0.80918616
-0.7996304
-0.8062843
-0.8048627
-0.80662715
-0.80324644
-0.805406
-0.80481166
-0.8056273
-0.8063694
-0.8041799
-0.8086937
-0.80048203
-0.8041986
-0.8043281
-0.8038732
-0.8077639
-0.8035359
-0.8035021
-0.80403084
-0.80528814
-0.8085182
-0.8084909
-0.8094634
-0.80755144
-0.8073993
-0.80621266
-0.8134917
-0.8110043
-0.8080165
-0.80592996
-0.8129407
-0.8078415
-0.80900323
-0.8094872
-0.80874443
-0.8081933
-0.8085644
-0.80818355
-0.8066908
-0.81069607
-0.8053007
-0.8064073
-0.80457646
-0.8081436
-0.8072025
-0.8078033
-0.8063044
-0.80841374
-0.81024694
-0.8076716
-0.80634004
-0.8066874
-0.80849457
-0.80120534
-0.80231
-0.8026143
-0.8068666
-0.8087505
-0.8032707
-0.80277073
-0.80249673
-0.79905885
-0.79909986
-0.80224454
-0.8053238
-0.80820364
-0.8084759
-0.7989303
-0.8081785
-0.80768484
-0.8074892
-0.80947584
-0.8096745
-0.8055484
-0.81557333
-0.80834156
-0.8097839
-0.8041467
-0.8071898
-0.81031466
-0.80227697
-0.80744874
-0.8076825
-0.8078748
-0.81085944
-0.8092554
-0.81326264
-0.81216717
-0.8080766
-0.80814743
-0.8100117
-0.8139064
-0.80547804
-0.80855125
-0.80352247
-0.8061123
-0.80820477
-0.80321103
-0.8044971
-0.8034728
-0.80828047
-0.80735874
-0.8060744
-0.8089172
-0.8048484
-0.80882585
-0.80808806
-0.8076416
-0.80664474
-0.8117808
-0.8078725
-0.8094211
-0.8065698
-0.80967903
-0.8106117
-0.81017935
-0.8080565
-0.8045378
-0.8078418
-0.8086262
-0.8046425
-0.79946905
-0.80258286
-0.80244267
-0.80626816
-0.8079303
-0.80579877
-0.8027273
-0.8070338
-0.80327696
-0.80724263
-0.8095958
-0.8067753
-0.8063053
-0.80667466
-0.8024134
-0.8050664
-0.80412847
-0.8056689
-0.804445
-0.8035224
-0.8067358
-0.8040839
-0.80479586
-0.8057966
-0.8069013
-0.8033391
-0.8031218
-0.8071895
-0.8058144
-0.80723786
-0.8055096
-0.8032662
-0.80334085
-0.8076882
-0.80815893
-0.8024472
-0.806238
-0.8067245
-0.8045198
-0.7998043
-0.8041035
-0.8021265
-0.8043719
-0.8026826
-0.80207384
-0.8015815
-0.8047236
-0.79792947
-0.8043007
-0.80590546
-0.80589294
-0.80493206
-0.8016821
-0.8045455
-0.80172086
-0.8001646
-0.80435586
-0.804664
-0.8062535
-0.8054647
-0.7992688
-0.8048948
-0.80438244
-0.80780274
-0.80361193
-0.80194664
-0.804644
-0.80574995
-0.8072225
-0.8033453
-0.80141723
-0.8036091
-0.8045805
-0.8017894
-0.8046203
-0.8067303
-0.79995334
-0.80312663
-0.80072355
-0.80343914
-0.8033414
-0.8063628
-0.8021521
-0.80866486
-0.80327284
-0.80573547
-0.80831385
-0.806361
-0.80157536
-0.8044099
-0.8093043
-0.8091398
-0.80860806
-0.8060266
-0.80719525
-0.8043762
-0.8089814
-0.80515283
-0.808341
-0.8069577
-0.80723524
-0.8118991
-0.80636024
-0.8095142
-0.8079454
-0.80998576
-0.80247915
-0.80416787
-0.79828054
-0.8076655
-0.81271976
-0.8080368
-0.8107203
-0.80880004
-0.8087294
-0.80677557
-0.8056559
-0.8074159
-0.80867267
-0.80754226
-0.80659294
-0.808046
-0.81118745
-0.8050673
-0.80813104
-0.8089119
-0.80709326
-0.8094121
-0.8067422
-0.80776346
-0.80972373
-0.8070088
-0.80807483
-0.80728865
-0.8087706
-0.8112415
-0.81171113
-0.80978596
-0.8087479
-0.81192774
-0.80276525
-0.8082999
-0.8088005
-0.8034447
-0.80850023
-0.8088712
-0.808815
-0.8112731
-0.80408186
-0.80724055
-0.8057992
-0.80299777
-0.8068786
-0.80846596
-0.80792946
-0.8112984
-0.80639625
-0.80806273
-0.809033
-0.8066783
-0.8079298
-0.8067437
-0.8057262
-0.81055003
-0.80956787
-0.80917174
-0.8080207
-0.8111963
-0.80680764
-0.81066996
-0.80455315
-0.81218565
-0.8108677
-0.8092276
-0.80650985
-0.8104092
-0.80733943
-0.8110072
-0.804658
-0.80561614
-0.8073821
-0.8053713
-0.80831707
-0.8099235
-0.80569506
-0.807043
-0.8044434
-0.80658656
-0.8089976
-0.809215
-0.8068435
-0.7996107
-0.808144
-0.81011623
-0.81165034
-0.811815
-0.8141389
-0.8079231
-0.80629873
-0.81043315
-0.812175
-0.8061133
-0.8113608
-0.8102631
-0.805987
-0.80858094
-0.80386376
-0.80840856
-0.8106775
-0.8084384
-0.80707526
-0.80495733
-0.80554396
-0.8096462
-0.8104376
-0.8051392
-0.8110952
-0.8106931
-0.80507886
-0.8074502
-0.80442303
-0.80394995
-0.8044664
-0.8049721
-0.80277765
-0.80326945
-0.80274874
-0.80312663
-0.806213
-0.8066724
-0.8063859
-0.80552125
-0.8053799
-0.8050772
-0.8083087
-0.80753964
-0.80993104
-0.804948
-0.8075754
-0.8071336
-0.80670136
-0.81050426
-0.80631495
-0.81126606
-0.80860335
-0.80334306
-0.8037092
-0.8123329
-0.8086805
-0.80756974
-0.80784935
-0.80782086
-0.8070215
-0.81032056
-0.812006
-0.8114398
-0.81023055
-0.8092109
-0.80284023
-0.80879843
-0.8099285
-0.80777335
-0.8058566
-0.80955845
-0.8116413
-0.8066696
-0.8065729
-0.80682105
-0.80394197
-0.80652624
-0.80905604
-0.8075731
-0.8096246
-0.80634546
-0.8103595
-0.8057857
-0.8116067
-0.80507493
-0.80704474
-0.81082827
-0.8117757
-0.8087396
-0.8103873
-0.8099199
-0.80738676
-0.81031835
-0.8109294
-0.80879676
-0.80801183
-0.80838853
-0.81154764
-0.8091417
-0.8129843
-0.8058337
-0.8116338
-0.81206095
-0.810257
-0.81275725
-0.80814713
-0.80734116
-0.8130234
-0.81019807
-0.8076255
-0.80588245
-0.8083029
-0.80937123
-0.8176621
-0.8138805
-0.8058682
-0.8143588
-0.8155138
-0.8142995
-0.8141602
-0.8162547
-0.8117207
-0.8081468
-0.8142802
-0.8086995
-0.8127563
-0.8117101
-0.81318015
-0.8106543
-0.80669403
-0.8047397
-0.81408715
-0.8105184
-0.8097684
-0.8107559
-0.8100682
-0.8092685
-0.8127943
-0.80633163
-0.8113012
-0.80932677
-0.81204283
-0.8099149
-0.8096234
-0.8054849
-0.8056482
-0.80577123
-0.808291
-0.8100225
-0.8000159
-0.8063488
-0.8071392
-0.8072808
-0.7997599
-0.8069321
-0.80839
-0.8082567
-0.8080379
-0.80792624
-0.80779034
-0.8071069
-0.80817896
-0.8096231
-0.8049015
-0.8038263
-0.80467963
-0.80391717
-0.8066921
-0.806606
-0.8124399
-0.8051822
-0.804914
-0.8074239
-0.8148269
-0.80918896
-0.8090594
-0.8052679
-0.80555826
-0.8093185
-0.8045711
-0.8039692
-0.8018346
-0.80580527
-0.806849
-0.8074464
-0.81028515
-0.80879164
-0.80774206
-0.80596864
-0.8106278
-0.8052431
-0.80232555
-0.80785996
-0.8007593
-0.8067369
-0.8050334
-0.80641675
-0.8090132
-0.8053518
-0.80777997
-0.80949956
-0.80407447
-0.8136767
-0.8082859
-0.8037392
-0.80558014
-0.8109067
-0.8058223
-0.80126953
-0.8087946
-0.8042571
-0.8065602
-0.8043262
-0.80649877
-0.8057899
-0.8075181
-0.802607
-0.8076385
-0.80488473
-0.8076444
-0.80818695
-0.8099045
-0.80872136
-0.8093953
-0.80888844
-0.80647147
-0.80799526
-0.8058965
-0.80823004
-0.813614
-0.80832136
-0.8057681
-0.81277174
-0.8097789
-0.8074663
-0.81262314
-0.8099392
-0.81081045
-0.8043765
-0.8091596
-0.81304955
-0.81023765
-0.797589
-0.80757564
-0.8048017
-0.80660564
-0.8040719
-0.8048073
-0.8054942
-0.80858165
-0.8097372
-0.8113398
-0.8035985
-0.8069294
-0.8078955
-0.8066395
-0.80779225
-0.8037919
-0.8035898
-0.80381954
-0.8067208
-0.80885977
-0.80852807
-0.8098415
-0.8060863
-0.8069877
-0.804378
-0.8086141
-0.811104
-0.8078113
-0.8047244
-0.81026524
-0.808409
-0.80977994
-0.8136565
-0.8093332
-0.8091652
-0.8039561
-0.8128789
-0.80865014
-0.8055433
-0.81197226
-0.8053213
-0.804007
-0.8093629
-0.8113484
-0.80878615
-0.8100116
-0.8126293
-0.81389576
-0.8069296
-0.80945784
-0.8091436
-0.8113634
-0.8141697
-0.8067694
-0.80916893
-0.80445683
-0.80977803
-0.8032599
-0.80692
-0.8070716
-0.8086309
-0.810592
-0.81059295
-0.8063241
-0.8104532
-0.81051475
-0.8136842
-0.8145868
-0.81301266
-0.80910313
-0.8138152
-0.8072806
-0.8095327
-0.80601084
-0.80831677
-0.8123829
-0.8054555
-0.80904925
-0.81258285
-0.80862904
-0.81156147
-0.80665183
-0.80594194
-0.8098269
-0.8078143
-0.80928695
-0.81182563
-0.8093271
-0.80714077
-0.81024146
-0.8108069
-0.80656844
-0.81160426
-0.8068963
-0.80550903
-0.80500054
-0.80654186
-0.8071433
-0.80774504
-0.80903786
-0.8092189
-0.80681
-0.805984
-0.8034019
-0.8077548
-0.80598706
-0.8091196
-0.8109318
-0.80795103
-0.8067174
-0.8088116
-0.8061562
-0.8115139
-0.8055565
-0.8032803
-0.80764854
-0.8030065
-0.8041447
-0.80709743
-0.80628675
-0.8047449
-0.80476505
-0.80293643
-0.805601
-0.8035948
-0.81341267
-0.8086718
-0.8059387
-0.8093822
-0.8108513
-0.8063548
-0.80561805
-0.81220543
-0.8048169
-0.80531555
-0.80655223
-0.8040282
-0.80806553
-0.8078142
-0.80955726
-0.80960935
-0.8079502
-0.80525935
-0.8093668
-0.8028958
-0.808704
-0.8097986
-0.8049162
-0.80559546
-0.81282294
-0.8097084
-0.813326
-0.81417483
-0.81078976
-0.81004745
-0.80783665
-0.80891556
-0.8099031
-0.80853266
-0.80951065
-0.8091597
-0.8113783
-0.80747986
-0.81104225
-0.8074155
-0.80991
-0.8086986
-0.8127498
-0.81362
-0.81327695
-0.8087302
-0.81008345
-0.81041014
-0.8056592
-0.8074378
-0.8067953
-0.8032858
-0.80575013
-0.8055032
-0.8008736
-0.8091475
-0.80386525
-0.8013756
-0.8068498
-0.81083894
-0.8090626
-0.810296
-0.8093943
-0.81222385
-0.8075441
-0.8129717
-0.80398154
-0.8087375
-0.80998635
-0.80877787
-0.806841
-0.809318
-0.81128114
-0.8053972
-0.8129446
-0.8056746
-0.80624604
-0.8076171
-0.8105545
-0.8090825
-0.8102061
-0.80894774
-0.8060601
-0.8060906
-0.8115611
-0.80871135
-0.8094572
-0.8071538
-0.81002164
-0.81109935
-0.807048
-0.8101353
-0.80997497
-0.8071436
-0.8088491
-0.8072443
-0.8045563
-0.8138411
-0.8095796
-0.81228215
-0.8126964
-0.80773234
-0.80860734
-0.81449425
-0.8119584
-0.8072174
-0.8159464
-0.81108016
-0.8139914
-0.8048903
-0.8073281
-0.8098294
-0.80680597
-0.80982894
-0.8055887
-0.80877256
-0.8120186
-0.8093603
-0.8064822
-0.807867
-0.8086659
-0.8068943
-0.81041783
-0.81364554
-0.8106785
-0.8072751
-0.8169727
-0.8164842
-0.8101014
-0.8070774
-0.8108243
-0.81362593
-0.81295085
-0.8090608
-0.8164973
-0.8125641
-0.81034726
-0.81131876
-0.8118971
-0.8140964
-0.8135664
-0.8129185
-0.818232
-0.8120703
-0.8109367
-0.80957925
-0.80836767
-0.8101035
-0.8098715
-0.8054379
-0.80641323
-0.8090983
-0.809294
-0.80815715
-0.8105577
-0.8098835
-0.8077012
-0.80832654
-0.8150662
-0.8077855
-0.8133746
-0.81160146
-0.8110062
-0.8113286
-0.8087389
-0.81526434
-0.81209886
-0.81870294
-0.81884557
-0.8151534
-0.8160907
-0.81190467
-0.807159
-0.8142436
-0.8153246
-0.8114631
-0.8078142
-0.81081146
-0.81119376
-0.81114584
-0.8090566
-0.81217676
-0.8098612
-0.8087432
-0.8102528
-0.80204296
-0.8066189
-0.8108977
-0.81066555
-0.809115
-0.80726826
-0.8112961
-0.81062406
-0.8106758
-0.81553346
-0.8172346
-0.81184244
-0.81459093
-0.8091555
-0.8124471
-0.80863154
-0.8095624
-0.8157937
-0.8075104
-0.8086577
-0.8093765
-0.80739486
-0.8101181
-0.8133575
-0.8135165
-0.8115653
-0.8103126
-0.81434804
-0.81043875
-0.8117802
-0.81102514
-0.81129724
-0.8099582
-0.8099477
-0.811197
-0.80208486
-0.81207436
-0.81152076
-0.81288606
-0.81221056
-0.81046337
-0.8081015
-0.8085621
-0.8112618
-0.81069666
-0.8100811
-0.81070644
-0.8153203
-0.81318235
-0.81685233
-0.81346947
-0.812365
-0.8129204
-0.8121509
-0.8145489
-0.8105942
-0.81483585
-0.8140722
-0.81220084
-0.810805
-0.8115643
-0.8113875
-0.8111933
-0.81438017
-0.8138387
-0.8105669
-0.81134915
-0.81500447
-0.8110251
-0.80974156
-0.81438726
-0.81704175
-0.81451225
-0.81490695
-0.8125226
-0.8152138
-0.81517684
-0.81541544
-0.8125099
-0.8121977
-0.8169892
-0.8134919
-0.8127019
-0.8185532
-0.8134564
-0.8153197
-0.813293
-0.81110054
-0.81125504
-0.8030713
-0.8128571
-0.80957013
-0.8110633
-0.80892396
-0.8077594
-0.8103327
-0.8108782
-0.80860686
-0.807115
-0.8114327
-0.80630445
-0.8121979
-0.81320125
-0.8079905
-0.81205344
-0.80959517
-0.817783
-0.81226337
-0.8134587
-0.8134898
-0.811708
-0.8157149
-0.81316954
-0.8174966
-0.81710166
-0.8120931
-0.8089969
-0.8114295
-0.8126923
-0.8078997
-0.81059
-0.8115032
-0.8140433
-0.80944645
-0.8094476
-0.8103373
-0.8086315
-0.8155305
-0.8159325
-0.8101375
-0.8154918
-0.8111419
-0.81177455
-0.8070751
-0.8082815
-0.811505
-0.8106195
-0.8143643
-0.8121632
-0.80925685
-0.8162685
-0.8157681
-0.8151294
-0.81206995
-0.8129726
-0.8149945
-0.8105107
-0.8119529
-0.81203794
-0.8135529
-0.8112462
-0.80467826
-0.8160594
-0.812444
-0.81421185
-0.8136183
-0.8124538
-0.80506796
-0.8075634
-0.81398356
-0.81647235
-0.8130041
-0.80940354
-0.8138257
-0.8080313
-0.8104576
-0.80871886
-0.80859977
-0.8085713
-0.8098453
-0.81622565
-0.81156695
-0.8083336
-0.81450576
-0.8149688
-0.8138757
-0.80933017
-0.81395835
-0.80881214
-0.8105167
-0.812785
-0.81190753
-0.8101571
-0.81177706
-0.81687045
-0.8082687
-0.8163373
-0.8124994
-0.81002074
-0.81039894
-0.8139531
-0.814242
-0.81009
-0.80917823
-0.81013703
-0.8114045
-0.8124739
-0.8119585
-0.8115111
-0.81197006
-0.80777556
-0.80583215
-0.81443
-0.806273
-0.81346595
-0.8067699
-0.8097657
-0.80995697
-0.81128424
-0.80779994
-0.81245136
-0.80989563
-0.8034987
-0.8131586
-0.808753
-0.81031144
-0.8088421
-0.8111545
-0.8123121
-0.8083174
-0.8119238
-0.81144327
-0.80965674
-0.80919373
-0.81042147
-0.81018925
-0.811742
-0.80770624
-0.8140217
-0.81179714
-0.8099548
-0.80688095
-0.8080911
-0.80784905
-0.81214637
-0.8108997
-0.8063209
-0.8083897
-0.8074561
-0.8091508
-0.8129508
-0.8108099
-0.8099602
-0.81321454
-0.8119255
-0.814757
-0.8149035
-0.81189185
-0.8126481
-0.8157524
-0.81003594
-0.81267035
-0.8142615
-0.8111774
-0.8148398
-0.8077659
-0.81165785
-0.8159123
-0.8132866
-0.8122179
-0.8097444
-0.8125655
-0.811428
-0.8100375
-0.8104102
-0.80964434
-0.8083625
-0.80920064
-0.81276274
-0.8073148
-0.80906653
-0.80847836
-0.81170833
-0.81041634
-0.80813944
-0.8083921
-0.8053967
-0.8079205
-0.81481344
-0.80903536
-0.8116838
-0.81032544
-0.80852133
-0.8095193
-0.80975854
-0.8123737
-0.81052613
-0.81003
-0.80683666
-0.8110203
-0.81092227
-0.80965555
-0.8128723
-0.810417
-0.8095333
-0.8086499
-0.81529516
-0.8094868
-0.8095787
-0.8105829
-0.8118918
-0.8070711
-0.8155585
-0.8127292
-0.8102751
-0.80896807
-0.8162927
-0.8086341
-0.81085515
-0.811436
-0.8108951
-0.80823445
-0.8101633
-0.80899876
-0.8118699
-0.80936986
-0.8082999
-0.81199795
-0.8091392
-0.81297696
-0.81512105
-0.8179046
-0.8100931
-0.80998063
-0.8085664
-0.81028855
-0.8083529
-0.8123906
-0.81159514
-0.8047791
-0.8096881
-0.8144916
-0.80762196
-0.81000686
-0.8021855
-0.80981606
-0.80968314
-0.80952
-0.81115305
-0.80807984
-0.8086775
-0.81115305
-0.80948365
-0.808744
-0.8109414
-0.8127388
-0.81053793
-0.80822915
-0.81356215
-0.8142735
-0.8066987
-0.8100706
-0.8088447
-0.8114107
-0.8122234
-0.81073684
-0.80364114
-0.8088178
-0.8128855
-0.80937207
-0.8114289
-0.80796313
-0.81003845
-0.81097686
-0.80869055
-0.8082393
-0.80838764
-0.8076083
-0.8109488
-0.81254554
-0.8122494
-0.80933815
-0.8120527
-0.8087708
-0.81165224
-0.8143109
-0.8045814
-0.8111531
-0.8106608
-0.8104718
-0.81061727
-0.8045027
-0.8039383
-0.80559945
-0.80412185
-0.80952495
-0.8057272
-0.80855274
-0.80843675
-0.8117648
-0.80562896
-0.8114845
-0.8041986
-0.80616075
-0.80913246
-0.80818105
-0.8040159
-0.80721354
-0.8063213
-0.80606425
-0.8040663
-0.8046333
-0.8115827
-0.80798614
-0.8067894
-0.80900925
-0.80875844
-0.81195366
-0.8105956
-0.80931187
-0.8119789
-0.8079471
-0.80896807
-0.8100072
-0.8106562
-0.8083201
-0.80438584
-0.80967903
-0.8093046
-0.8080622
-0.8061686
-0.80432826
-0.80333143
-0.8090258
-0.80996966
-0.813175
-0.80748945
-0.8028385
-0.81299955
-0.8059294
-0.8102783
-0.8067517
-0.80617493
-0.81095445
-0.8105567
-0.80981094
-0.80614406
-0.8111117
-0.8133465
-0.81357455
-0.81168485
-0.81041306
-0.808701
-0.8098655
-0.8113971
-0.80763155
-0.8132397
-0.8116271
-0.8098478
-0.81288505
-0.8090924
-0.8091533
-0.8122989
-0.8117326
-0.8088828
-0.8129578
-0.81292075
-0.81168574
-0.8124051
-0.8101228
-0.81034046
-0.8076507
-0.8109996
-0.8053116
-0.81219184
-0.81324065
-0.8101164
-0.8117132
-0.8075882
-0.81327987
-0.8066086
-0.81338114
-0.8116241
-0.8099341
-0.8084328
-0.8079556
-0.80838346
-0.81160575
-0.808979
-0.8124352
-0.8113834
-0.813008
-0.81012243
-0.80936223
-0.8089336
-0.8089752
-0.8147733
-0.81881106
-0.8129889
-0.8141733
-0.808037
-0.8093892
-0.80975324
-0.80974364
-0.8145676
-0.81514037
-0.8155112
-0.8116635
-0.8128108
-0.8109146
-0.8121994
-0.81370306
-0.8138005
-0.817518
-0.8182993
-0.81768405
-0.8129311
-0.81335676
-0.8111816
-0.81244355
-0.81144804
-0.80977225
-0.8115691
-0.81232005
-0.8107371
-0.81302965
-0.8145509
-0.8097587
-0.8080845
-0.8127827
-0.81223166
-0.8133569
-0.81225234
-0.8100623
-0.811598
-0.80877113
-0.8083557
-0.8093855
-0.808526
-0.8087975
-0.81402636
-0.8122627
-0.81203884
-0.81228054
-0.81195235
-0.8119993
-0.816502
-0.8086155
-0.8117249
-0.815866
-0.8134928
-0.8081476
-0.81298524
-0.8134768
-0.81448245
-0.8101022
-0.81342494
-0.81551754
-0.8115808
-0.81109315
-0.8179243
-0.81149226
-0.80839336
-0.8108041
-0.8110941
-0.8047866
-0.80718404
-0.8054711
-0.8100369
-0.8056367
-0.80538297
-0.80416447
-0.80640966
-0.8081988
-0.8096334
-0.804789
-0.80401784
-0.8093993
-0.8082371
-0.8092921
-0.80936265
-0.81181395
-0.8055158
-0.8030921
-0.80549437
-0.8066503
-0.80134666
-0.805135
-0.8087175
-0.8107818
-0.81164354
-0.81150204
-0.80803365
-0.8126417
-0.81200266
-0.80864334
-0.81123555
-0.81505454
-0.808367
-0.8115316
-0.80979204
-0.81088305
-0.81222636
-0.8118409
-0.8037759
-0.8089785
-0.8064144
-0.8137788
-0.8131871
-0.8094061
-0.81261194
-0.81378305
-0.8167073
-0.81363845
-0.81029993
-0.8100173
-0.81056535
-0.8111992
-0.8111295
-0.8108932
-0.814572
-0.81315523
-0.8116718
-0.81289256
-0.8092959
-0.80995363
-0.81325257
-0.813095
-0.810663
-0.8158134
-0.8084434
-0.813187
-0.8122342
-0.81274444
-0.813262
-0.81472284
-0.8094828
-0.80705106
-0.811553
-0.8113366
-0.8118348
-0.81214046
-0.81112957
-0.8077898
-0.8144608
-0.81106246
-0.80882317
-0.8118622
-0.8096882
-0.81126964
-0.8117368
-0.8084227
-0.8067937
-0.81107455
-0.8093363
-0.80969214
-0.8128302
-0.8125775
-0.8110906
-0.8142449
-0.813274
-0.8131631
-0.80819696
-0.81033367
-0.8128202
-0.8126071
-0.81073576
-0.8099316
-0.8090795
-0.81425995
-0.80548775
-0.8089627
-0.8045133
-0.801404
-0.80783385
-0.80689514
-0.8059012
-0.80767417
-0.8045141
-0.8041667
-0.7990469
-0.8067981
-0.8026136
-0.8028322
-0.8100562
-0.807407
-0.80360043
-0.8051317
-0.8037355
-0.8067801
-0.80651146
-0.8055288
-0.804971
-0.8103925
-0.80182976
-0.80916965
-0.80698377
-0.80263764
-0.8016149
-0.8024898
-0.805163
-0.80623543
-0.8095141
-0.80692875
-0.8071962
-0.8097322
-0.8088044
-0.8094512
-0.806835
-0.8072194
-0.81316805
-0.80942994
-0.81386566
-0.8153305
-0.81220436
-0.81554174
-0.8122825
-0.81398314
-0.8071343
-0.8107572
-0.8105007
-0.8138094
-0.81436586
-0.8057847
-0.8104975
-0.80787903
-0.8114727
-0.80819553
-0.8106773
-0.8085555
-0.80669767
-0.809995
-0.808749
-0.812877
-0.80917716
-0.8098599
-0.8094288
-0.81509435
-0.8060914
-0.8122525
-0.81095034
-0.8166747
-0.81065655
-0.8105954
-0.8162752
-0.81019294
-0.8116913
-0.81357366
-0.8125791
-0.8164122
-0.8125743
-0.8099252
-0.8125762
-0.81458235
-0.8138285
-0.8115024
-0.8137106
-0.80923444
-0.8138872
-0.81437576
-0.8114065
-0.8139074
-0.8115793
-0.8168308
-0.80941665
-0.8129955
-0.8085384
-0.8075642
-0.8059158
-0.8050642
-0.8112973
-0.8164485
-0.81388783
-0.81235695
-0.8135617
-0.81556165
-0.81576425
-0.8111366
-0.8137641
-0.81103045
-0.8122339
-0.8151576
-0.81177753
-0.8102205
-0.8156186
-0.8142589
-0.8109739
-0.81195694
-0.814072
-0.811729
-0.8116765
-0.8087239
-0.81295985
-0.8143961
-0.8127235
-0.8128694
-0.81193864
-0.811176
-0.80967236
-0.81246185
-0.81479126
-0.81227803
-0.8121996
-0.8117291
-0.8084512
-0.8100408
-0.8117331
-0.8066412
-0.8113683
-0.8140511
-0.8146011
-0.8149332
-0.81061053
-0.80590504
-0.8104732
-0.8114767
-0.81068635
-0.81473523
-0.8103339
-0.80827385
-0.81218153
-0.8127558
-0.8089777
-0.81321603
-0.8112127
-0.8146786
-0.8134426
-0.80950993
-0.8147886
-0.8162498
-0.8115675
-0.81370395
-0.81236047
-0.8177894
-0.81441504
-0.8130587
-0.8137538
-0.8143141
-0.81728345
-0.81525576
-0.81309426
-0.8147283
-0.8163418
-0.81102145
-0.81688875
-0.8113673
-0.81535083
-0.81160736
-0.812848
-0.812099
-0.8161736
-0.8142719
-0.81474555
-0.8115282
-0.81227386
-0.81603605
-0.8110569
-0.81500864
-0.81692904
-0.8140212
-0.81675184
-0.815263
-0.812772
-0.81337595
-0.81365556
-0.814726
-0.81323385
-0.809273
-0.8127149
-0.8144389
-0.81111956
-0.81504256
-0.8156362
-0.8129226
-0.8133014
-0.812976
-0.8089172
-0.8130982
-0.81267166
-0.81182045
-0.81164634
-0.80989385
-0.8106736
-0.81098855
-0.80872035
-0.80881053
-0.8079967
-0.8056478
-0.807249
-0.80569243
-0.80534804
-0.80922097
-0.8037288
-0.8065397
-0.812598
-0.80857795
-0.8083091
-0.8079003
-0.8119674
-0.80984783
-0.81007546
-0.8117753
-0.81350726
-0.81184393
-0.81042135
-0.8111981
-0.81400317
-0.8163179
-0.8147258
-0.8131856
-0.8112057
-0.8138834
-0.8077783
-0.8097161
-0.80539834
-0.8109274
-0.811003
-0.81538075
-0.8139267
-0.81480044
-0.8145865
-0.8163087
-0.812419
-0.81556743
-0.8107933
-0.8149546
-0.8129175
-0.8125854
-0.8142615
-0.8105434
-0.81249493
-0.8082686
-0.8112006
-0.8107107
-0.810174
-0.8103641
-0.8150888
-0.8111271
-0.8075469
-0.81043017
-0.81208545
-0.8107491
-0.8103953
-0.8129718
-0.81247884
-0.8083502
-0.8097714
-0.80971193
-0.8068513
-0.80779094
-0.8170964
-0.8130175
-0.81080383
-0.8101603
-0.8132986
-0.81433284
-0.8156299
-0.81342626
-0.8139362
-0.8094425
-0.811258
-0.80748916
-0.8153106
-0.8098214
-0.8098277
-0.81242996
-0.81554383
-0.8129992
-0.8144289
-0.81621
-0.81423056
-0.811588
-0.81705856
-0.8164908
-0.8174341
-0.81457347
-0.8105881
-0.8160162
-0.8152718
-0.8159197
-0.811847
-0.8108461
-0.8124161
-0.8129387
-0.8121011
-0.8141434
-0.811769
-0.81079125
-0.8075898
-0.8101299
-0.81365657
-0.8135755
-0.81389934
-0.8067183
-0.80912584
-0.8153029
-0.8110787
-0.814658
-0.81086814
-0.8114744
-0.8139807
-0.8115406
-0.81514806
-0.8135175
-0.81039864
-0.8157967
-0.81144494
-0.8100105
-0.8119772
-0.8086907
-0.8110232
-0.8134348
-0.80958706
-0.8082461
-0.80861133
-0.812957
-0.8088899
-0.81120044
-0.80562395
-0.8104277
-0.8100296
-0.8081231
-0.80906576
-0.8089681
-0.8159476
-0.81253356
-0.8146171
-0.8092225
-0.8114542
-0.8075472
-0.80791134
-0.80889195
-0.8108239
-0.81003815
-0.81201184
-0.8153912
-0.8099525
-0.81358254
-0.8112503
-0.81433004
-0.8166231
-0.8089552
-0.8145387
-0.80943143
-0.8104396
-0.80749184
-0.80923575
-0.8071393
-0.8063562
-0.8141311
-0.8109449
-0.8100183
-0.8095996
-0.8051
-0.805932
-0.80212647
-0.806113
-0.8079272
-0.80936253
-0.8128462
-0.8081469
-0.8108997
-0.806661
-0.80888367
-0.80846816
-0.80612355
-0.8087883
-0.8060521
-0.80594814
-0.8093223
-0.81280065
-0.81318396
-0.80716866
-0.81115365
-0.8095634
-0.809391
-0.81258893
-0.8170607
-0.8100166
-0.8108089
-0.8150995
-0.811238
-0.8129396
-0.8131337
-0.8132046
-0.81353325
-0.8108359
-0.81207085
-0.8066815
-0.80991787
-0.80796087
-0.81027985
-0.81172013
-0.812416
-0.8121112
-0.8109208
-0.80648255
-0.8149362
-0.8119828
-0.810495
-0.8090553
-0.8128895
-0.81258696
-0.81196207
-0.8113588
-0.81426555
-0.8144475
-0.8093148
-0.81618494
-0.81636053
-0.82056296
-0.8139423
-0.81118983
-0.8161954
-0.8129028
-0.8139231
-0.81286037
-0.81728464
-0.81170875
-0.8150341
-0.8144202
-0.8121124
-0.8153732
-0.8113647
-0.8137624
-0.8089282
-0.8086214
-0.81347036
-0.815619
-0.8112845
-0.8132021
-0.8153895
-0.8171199
-0.81844634
-0.81752264
-0.81356853
-0.8135661
-0.81028324
-0.813158
-0.80940807
-0.80911195
-0.8073245
-0.8089487
-0.80741155
-0.8098059
-0.8114849
-0.8074126
-0.80974066
-0.8097248
-0.808599
-0.80834556
-0.8090775
-0.8052149
-0.8134807
-0.81025565
-0.81371295
-0.8102844
-0.8128741
-0.8142915
-0.8105155
-0.81267357
-0.81285906
-0.81690514
-0.81504667
-0.8110318
-0.81345874
-0.8107443
-0.81279063
-0.8117222
-0.81169933
-0.8144356
-0.8115479
-0.8106502
-0.81252563
-0.8074726
-0.81168616
-0.81176275
-0.81505036
-0.8179919
-0.8139102
-0.81571066
-0.8194881
-0.81361663
-0.81607836
-0.81486475
-0.8154579
-0.81492525
-0.81563145
-0.81338215
-0.81630105
-0.81724244
-0.8131936
-0.81374055
-0.81253695
-0.8154067
-0.8134346
-0.81711185
-0.81237435
-0.812259
-0.81240433
-0.81234336
-0.8107814
-0.816656
-0.81154025
-0.8151956
-0.8163695
-0.8190254
-0.81536424
-0.81612134
-0.817546
-0.81717855
-0.81880254
-0.81478184
-0.8143803
-0.8155418
-0.81320405
-0.8132781
-0.81745565
-0.814385
-0.81780577
-0.81793284
-0.81777865
-0.818044
-0.8175773
-0.8155602
-0.8162992
-0.8208498
-0.8113427
-0.8106721
-0.8150526
-0.81186515
-0.81388885
-0.81302077
-0.81574446
-0.81216
-0.81436676
-0.8086088
-0.81185764
-0.80590403
-0.8091294
-0.80895936
-0.8108079
-0.8106039
-0.8123301
-0.810811
-0.8090651
-0.8101027
-0.8093648
-0.8080843
-0.80799747
-0.8068876
-0.8059905
-0.8077203
-0.8122689
-0.81047356
-0.8123246
-0.81047785
-0.80697745
-0.8109854
-0.8126621
-0.8100111
-0.81208855
-0.81498194
-0.8118111
-0.8079976
-0.81052935
-0.8112556
-0.80971575
-0.8038549
-0.8105472
-0.80821806
-0.8053457
-0.8091996
-0.80761033
-0.8140284
-0.80652934
-0.80605316
-0.80480945
-0.8117507
-0.80657876
-0.80626047
-0.8048465
-0.810686
-0.81211436
-0.80783325
-0.8141222
-0.8086802
-0.8152902
-0.81324124
-0.8125543
-0.8137059
-0.80952346
-0.8148899
-0.8115244
-0.81175745
-0.8087802
-0.81292456
-0.8136286
-0.82066417
-0.8109026
-0.8127558
-0.80920696
-0.81420994
-0.81430644
-0.8077369
-0.80964917
-0.8064543
-0.80930454
-0.8069798
-0.80040455
-0.79852635
-0.80863756
-0.80457383
-0.80384684
-0.8078503
-0.8100901
-0.80810547
-0.8136128
-0.80814487
-0.80622905
-0.80812234
-0.806546
-0.8119635
-0.8118269
-0.8032799
-0.8126163
-0.80915904
-0.8099526
-0.8113122
-0.8115248
-0.81369746
-0.8090011
-0.809925
-0.80676
-0.81050724
-0.81402
-0.8107716
-0.8096989
-0.81213784
-0.8116246
-0.81127125
-0.81334585
-0.8106765
-0.8111266
-0.8131121
-0.8088596
-0.8123162
-0.8141136
-0.8125487
-0.809013
-0.8113147
-0.8131529
-0.8145295
-0.8121381
-0.8138438
-0.80609035
-0.81329787
-0.8136684
-0.81120056
-0.8129708
-0.8110343
-0.8106095
-0.80885285
-0.81345105
-0.81387025
-0.81831235
-0.81337506
-0.81303895
-0.8191647
-0.81060094
-0.8186668
-0.81306565
-0.81026673
-0.813239
-0.8125114
-0.81532085
-0.8149952
-0.81096274
-0.810116
-0.81429225
-0.81872433
-0.8163947
-0.811374
-0.81475115
-0.818159
-0.8112779
-0.8182585
-0.8165473
-0.8145399
-0.8125402
-0.81955385
-0.814109
-0.8140749
-0.8155846
-0.8189805
-0.8150772
-0.8146481
-0.81400967
-0.8191902
-0.816861
-0.8167673
-0.8183091
-0.81878424
-0.8179625
-0.8177117
-0.81745785
-0.8166191
-0.8135696
-0.8167002
-0.8133609
-0.81802905
-0.81556714
-0.81915104
-0.8174306
-0.81661856
-0.8124961
-0.8156233
-0.814249
-0.81818384
-0.81750256
-0.8125127
-0.8163331
-0.8164557
-0.81217426
-0.8093332
-0.81394637
-0.81398827
-0.8192254
-0.8145014
-0.8140431
-0.8143969
-0.81228745
-0.81721383
-0.813873
-0.8134401
-0.8108614
-0.8109732
-0.80619746
-0.8131786
-0.81525797
-0.81577516
-0.81795794
-0.8142942
-0.81664723
-0.81261146
-0.81155837
-0.81267685
-0.812183
-0.81035566
-0.81419283
-0.8121913
-0.8178769
-0.8202158
-0.81162953
-0.81863874
-0.8149442
-0.81577265
-0.82028383
-0.8176947
-0.81845796
-0.81515115
-0.8153393
-0.81533265
-0.8158818
-0.8185752
-0.8159336
-0.81616473
-0.81367177
-0.8127342
-0.8148397
-0.81591374
-0.81908756
-0.8114024
-0.816341
-0.8144035
-0.8133045
-0.81644076
-0.81549317
-0.81891906
-0.81618613
-0.8120308
-0.8159772
-0.8145471
-0.81447494
-0.8176774
-0.8131587
-0.81641865
-0.8175109
-0.81458765
-0.81585795
-0.8128127
-0.81450224
-0.8147416
-0.8143451
-0.8117652
-0.81432104
-0.81456304
-0.80992174
-0.81515765
-0.8119251
-0.80797136
-0.81389415
-0.8164688
-0.81238884
-0.8148672
-0.8177103
-0.8102882
-0.8108011
-0.81581664
-0.8120473
-0.8164936
-0.81450105
-0.8217085
-0.81293684
-0.81215495
-0.814072
-0.81651175
-0.8145377
-0.8117321
-0.8095938
-0.8104983
-0.8099904
-0.8194981
-0.8125586
-0.81457067
-0.816296
-0.814729
-0.81402564
-0.8146337
-0.81237185
-0.8109715
-0.8135865
-0.8112738
-0.8116893
-0.8123787
-0.8092234
-0.8085407
-0.80895305
-0.8139267
-0.81418264
-0.81139445
-0.8061434
-0.81710386
-0.81450653
-0.8124282
-0.81509376
-0.81489986
-0.80902606
-0.81170595
-0.8131542
-0.8057522
-0.8132428
-0.8106688
-0.8161248
-0.80814254
-0.81298417
-0.81248116
-0.8139203
-0.81175333
-0.8119114
-0.81258523
-0.8137708
-0.81030667
-0.81467974
-0.8146338
-0.81544423
-0.81257814
-0.8146684
-0.8157191
-0.81336486
-0.81610155
-0.81161517
-0.8191037
-0.8170192
-0.8114653
-0.8146347
-0.81437045
-0.8142489
-0.8137891
-0.8114631
-0.81027913
-0.81619644
-0.810119
-0.808948
-0.8067974
-0.80489063
-0.8069059
-0.8031732
-0.80722195
-0.8098462
-0.805081
-0.8061457
-0.8073173
-0.80948156
-0.80807734
-0.8041597
-0.8114089
-0.8058821
-0.8104327
-0.80608404
-0.80591625
-0.8053243
-0.8035214
-0.8104401
-0.80658853
-0.813373
-0.80944306
-0.81176513
-0.81147236
-0.8101138
-0.81039107
-0.8089665
-0.8087896
-0.8087016
-0.81042635
-0.80965143
-0.80786854
-0.8124494
-0.8150259
-0.8125129
-0.8127814
-0.8051962
-0.8033414
-0.8053172
-0.8050986
-0.80972403
-0.8069248
-0.806541
-0.81070286
-0.8098428
-0.8149214
-0.8143298
-0.80949223
-0.8091382
-0.81495124
-0.8118293
-0.8091606
-0.81248635
-0.8095325
-0.8089935
-0.80980176
-0.80873513
-0.8093723
-0.8088102
-0.8153095
-0.8186208
-0.8127019
-0.81216764
-0.8052227
-0.80732244
-0.8101586
-0.8139119
-0.8151668
-0.8135549
-0.80901283
-0.81207323
-0.80960095
-0.81319594
-0.81262565
-0.80818313
-0.80749863
-0.8111726
-0.8092821
-0.8083548
-0.8089966
-0.81334305
-0.8088568
-0.8050144
-0.8099459
-0.8156357
-0.81221
-0.8164751
-0.8118993
-0.81446373
-0.8141659
-0.81120557
-0.8136591
-0.81519467
-0.8166085
-0.8131425
-0.8135895
-0.8168667
-0.81319547
-0.81547517
-0.8141057
-0.8149816
-0.8133372
-0.814609
-0.8112301
-0.810654
-0.8097849
-0.81710804
-0.8103382
-0.8160993
-0.81181115
-0.8155247
-0.8092515
-0.8104748
-0.81418604
-0.8161278
-0.8150884
-0.8140997
-0.8148321
-0.8160961
-0.81345147
-0.8128258
-0.81119674
-0.81286913
-0.80508137
-0.8095657
-0.80869967
-0.80990326
-0.8102519
-0.80926806
-0.81151533
-0.8082508
-0.81083405
-0.8089348
-0.8089293
-0.81238353
-0.8122615
-0.8130526
-0.81240773
-0.81455487
-0.8130329
-0.81108063
-0.81395316
-0.81172603
-0.81274354
-0.8117952
-0.8120167
-0.8156598
-0.8092206
-0.81623256
-0.8149194
-0.8150489
-0.81665754
-0.81581825
-0.8132517
-0.81412804
-0.8142516
-0.810013
-0.81490326
-0.81189877
-0.8096474
-0.8098297
-0.8115037
-0.8098668
-0.80836123
-0.8048251
-0.8116468
-0.80838716
-0.8050267
-0.81277585
-0.81569713
-0.8176993
-0.8152831
-0.8107321
-0.81196976
-0.81755036
-0.8130849
-0.81052846
-0.8149155
-0.81353974
-0.8179738
-0.81523913
-0.82102954
-0.8127151
-0.81674016
-0.8109159
-0.8149161
-0.81344867
-0.8107808
-0.8145957
-0.8124901
-0.80652195
-0.8122397
-0.81296206
-0.80891615
-0.8114725
-0.8147235
-0.8097635
-0.8133455
-0.81174845
-0.8089005
-0.80992126
-0.8114826
-0.8172245
-0.813038
-0.8144254
-0.8111014
-0.81182504
-0.8102234
-0.8105846
-0.8141811
-0.812338
-0.8085189
-0.81857526
-0.81422436
-0.8118164
-0.8109047
-0.8152361
-0.8137558
-0.8151032
-0.81219363
-0.81443316
-0.8124471
-0.8119247
-0.8100552
-0.81528497
-0.8124507
-0.8163245
-0.8170972
-0.8139522
-0.8171607
-0.81727815
-0.81622183
-0.820314
-0.8203067
-0.8148506
-0.81729776
-0.81490636
-0.8154123
-0.8143597
-0.8143607
-0.81506455
-0.81324244
-0.81694925
-0.81259584
-0.8104502
-0.81065786
-0.81011945
-0.8106931
-0.81051075
-0.80894184
-0.81613857
-0.811448
-0.81120104
-0.8143538
-0.8142688
-0.816318
-0.8168285
-0.8168536
-0.8150387
-0.81971586
-0.8143012
-0.81475455
-0.81881195
-0.8179282
-0.81826925
-0.81788784
-0.8139595
-0.82023084
-0.82029533
-0.81605965
-0.81784713
-0.8156833
-0.81870544
-0.8104282
-0.82143664
-0.81208384
-0.815009
-0.8129973
-0.81316435
-0.8140736
-0.81120354
-0.8140754
-0.8132262
-0.8144174
-0.8169687
-0.8176832
-0.81270605
-0.81505156
-0.8141004
-0.8141758
-0.8098617
-0.8122738
-0.8181867
-0.8142415
-0.81641304
-0.81590724
-0.81418365
-0.81360936
-0.8123669
-0.812464
-0.8134907
-0.8129714
-0.8164249
-0.8163167
-0.81784487
-0.8173622
-0.8140473
-0.8168278
-0.81117433
-0.80964947
-0.8148886
-0.81771255
-0.8100118
-0.8107281
-0.81312877
-0.8170804
-0.8126164
-0.81611013
-0.8121641
-0.81308633
-0.8137754
-0.8105045
-0.8173094
-0.81660044
-0.8097874
-0.8138245
-0.814357
-0.8172501
-0.8152406
-0.8106314
-0.8137449
-0.8142423
-0.8126968
-0.8138905
-0.81497025
-0.81224287
-0.8140805
-0.81108236
-0.81303036
-0.80913186
-0.8161208
-0.81065965
-0.81410867
-0.8146339
-0.81064737
-0.81409574
-0.8152796
-0.81513786
-0.8137304
-0.8159632
-0.81340784
-0.81048524
-0.8185098
-0.8124102
-0.810637
-0.80949384
-0.81238276
-0.81272036
-0.81666684
-0.8099245
-0.81182057
-0.8176031
-0.8167861
-0.80818707
-0.8161703
-0.81097144
-0.8175432
-0.81523687
-0.8152175
-0.81585515
-0.8165895
-0.8110042
-0.81787866
-0.8128
-0.8163368
-0.81084734
-0.8174132
-0.81207484
-0.81497604
-0.81075335
-0.8143101
-0.8144542
-0.8171497
-0.8138091
-0.8150708
-0.81268156
-0.814971
-0.81277966
-0.8123804
-0.8132354
-0.811368
-0.8143117
-0.81376714
-0.8160712
-0.81634635
-0.81345093
-0.810007
-0.81600714
-0.81351346
-0.81401247
-0.81213737
-0.81350213
-0.8192996
-0.81487036
-0.81485724
-0.813271
-0.81829166
-0.8218357
-0.81668806
-0.81613743
-0.8138785
-0.81674415
-0.8112116
-0.8168912
-0.8145433
-0.8145829
-0.8185628
-0.81470495
-0.8166417
-0.8193236
-0.8175663
-0.81555116
-0.8206159
-0.81374234
-0.8186424
-0.8127562
-0.8109897
-0.81200594
-0.81655437
-0.81136525
-0.8129464
-0.8117746
-0.80997694
-0.81189686
-0.81545377
-0.81341755
-0.81504107
-0.8118116
-0.81391335
-0.81683856
-0.8170644
-0.8159509
-0.81439614
-0.8129024
-0.8116143
-0.8150478
-0.812488
-0.8111701
-0.8116109
-0.81684214
-0.81333
-0.8134618
-0.8171138
-0.81765383
-0.8184903
-0.8184364
-0.8121773
-0.8144334
-0.81298506
-0.8137076
-0.81546646
-0.80991215
-0.81591487
-0.8134151
-0.81205237
-0.81462586
-0.8132848
-0.81635106
-0.81611013
-0.8147387
-0.81815284
-0.8127233
-0.8103405
-0.8142416
-0.8159592
-0.81018317
-0.81155974
-0.80897325
-0.8056784
-0.8143621
-0.8135279
-0.80645454
-0.8098979
-0.8132188
-0.81172764
-0.81444377
-0.807776
-0.8101128
-0.8161138
-0.81223875
-0.81484205
-0.8086545
-0.81269425
-0.81199783
-0.8123271
-0.8140648
-0.8123138
-0.81284606
-0.8101929
-0.8134758
-0.81023264
-0.8081776
-0.8128357
-0.81062376
-0.81210536
-0.8070896
-0.8140466
-0.8140896
-0.81142676
-0.81695366
-0.81664896
-0.8097761
-0.80957407
-0.8123188
-0.80728424
-0.80939555
-0.80853283
-0.80927587
-0.80936867
-0.81073886
-0.8133258
-0.8102795
-0.8107968
-0.81285256
-0.81699336
-0.8117071
-0.81618804
-0.81164867
-0.8098941
-0.81454474
-0.8076274
-0.8156249
-0.80831575
-0.8162108
-0.81408125
-0.8116946
-0.81365603
-0.80795723
-0.81352264
-0.8086417
-0.80753404
-0.8123566
-0.80999887
-0.80810905
-0.80592835
-0.8087345
-0.8145831
-0.81270766
-0.8110482
-0.80773807
-0.8132052
-0.81224686
-0.8131276
-0.80731535
-0.8082511
-0.8085779
-0.8097738
-0.8045622
-0.81432414
-0.81177026
-0.8110982
-0.8123147
-0.81003916
-0.81384116
-0.81397444
-0.8157452
-0.81250465
-0.80937237
-0.81059617
-0.8100767
-0.8134616
-0.81473595
-0.81184417
-0.8150719
-0.81040806
-0.8162278
-0.80846775
-0.8111731
-0.80827785
-0.8126196
-0.81510615
-0.8081976
-0.80955553
-0.8106221
-0.81002635
-0.81348675
-0.80844516
-0.8151082
-0.8112605
-0.81220984
-0.8109727
-0.8189559
-0.813285
-0.8136476
-0.8123852
-0.81315863
-0.8154194
-0.8150205
-0.8119684
-0.8136388
-0.8102227
-0.8157254
-0.81213766
-0.81490153
-0.8138523
-0.81271017
-0.8169247
-0.81299454
-0.81462634
-0.8077389
-0.8093708
-0.8141952
-0.8134385
-0.8165185
-0.81292903
-0.8126699
-0.8140729
-0.8123266
-0.81143266
-0.80710804
-0.81352186
-0.8110368
-0.8129268
-0.81293404
-0.80715847
-0.81324214
-0.81490105
-0.8153397
-0.8071951
-0.8085221
-0.81211096
-0.81347173
-0.80907243
-0.8116109
-0.8097802
-0.80813605
-0.8051386
-0.8062116
-0.80604374
-0.80531543
-0.8078797
-0.8076918
-0.80626047
-0.809656
-0.8127693
-0.80926
-0.8045403
-0.8040798
-0.8084268
-0.81176263
-0.8077337
-0.8127489
-0.812723
-0.8099203
-0.8105951
-0.8134106
-0.81051916
-0.81193787
-0.80981874
-0.8098961
-0.8114124
-0.80823106
-0.8087034
-0.8049437
-0.81188375
-0.805212
-0.8121247
-0.8126402
-0.81254214
-0.81200105
-0.81137204
-0.8121241
-0.8066068
-0.81339115
-0.8128709
-0.81431276
-0.8140528
-0.8136876
-0.8101089
-0.81425524
-0.81155074
-0.81223536
-0.81173915
-0.8141847
-0.81367743
-0.8126097
-0.81400996
-0.813415
-0.81375325
-0.8153428
-0.81122816
-0.8167365
-0.8081942
-0.8141487
-0.8162473
-0.81609684
-0.8092385
-0.8073302
-0.81042457
-0.81448305
-0.8166201
-0.812145
-0.8114122
-0.8128688
-0.81294876
-0.8153337
-0.8137588
-0.80904865
-0.8070206
-0.80576044
-0.8125118
-0.80757076
-0.8085091
-0.8129789
-0.8119172
-0.8117654
-0.81062967
-0.8134015
-0.81264687
-0.8061352
-0.80859125
-0.81065047
-0.81125283
-0.80968344
-0.80636835
-0.8054159
-0.8066622
-0.8085514
-0.80864674
-0.8082013
-0.80626637
-0.80930346
-0.80502987
-0.8065282
-0.81001043
-0.80995667
-0.80780756
-0.8096253
-0.80808485
-0.8097328
-0.80757093
-0.81006354
-0.8101228
-0.81560063
-0.8101551
-0.8130234
-0.8154012
-0.80876577
-0.80393165
-0.8104882
-0.8100376
-0.8109988
-0.81526357
-0.810203
-0.8108799
-0.80919987
-0.8117371
-0.80991775
-0.8128336
-0.81591165
-0.8110006
-0.8122583
-0.81065047
-0.8146
-0.80912006
-0.8068023
-0.81036854
-0.8100508
-0.81293064
-0.811418
-0.81618834
-0.8094368
-0.81258816
-0.814925
-0.80824345
-0.80794805
-0.81404275
-0.8088393
-0.81490743
-0.81191885
-0.8107792
-0.81669277
-0.81078535
-0.8156378
-0.8112808
-0.8153703
-0.80897266
-0.81383246
-0.8068162
-0.8141753
-0.81822336
-0.81205547
-0.8125562
-0.81737494
-0.8151607
-0.812653
-0.8055527
-0.8108464
-0.81328917
-0.8174304
-0.8132138
-0.811197
-0.8120094
-0.8125769
-0.81189954
-0.8149892
-0.81422347
-0.815535
-0.81369823
-0.8127743
-0.8090751
-0.81318426
-0.81294817
-0.8130991
-0.8140655
-0.8141991
-0.8159136
-0.81483984
-0.8091099
-0.8182215
-0.8129036
-0.81688356
-0.8190241
-0.82124627
-0.81798005
-0.81362724
-0.81661165
-0.82032317
-0.8156937
-0.8151661
-0.8184244
-0.8201919
-0.8174499
-0.8180323
-0.822892
-0.81744784
-0.81711066
-0.8165322
-0.8173665
-0.8179052
-0.81681764
-0.82013136
-0.81874585
-0.8235184
-0.8174386
-0.81820244
-0.81521857
-0.82059175
-0.81694776
-0.81818295
-0.81430954
-0.8137007
-0.81909215
-0.81581324
-0.8123235
-0.81471586
-0.8155987
-0.81324536
-0.8175918
-0.8139866
-0.8171319
-0.8173092
-0.8148545
-0.815857
-0.8179256
-0.81501967
-0.81802595
-0.8199263
-0.8204575
-0.82107353
-0.81611294
-0.8156458
-0.8156239
-0.81782323
-0.8146566
-0.8180657
-0.82060677
-0.81964195
-0.81791735
-0.8202183
-0.8153349
-0.82008576
-0.817748
-0.8172454
-0.8151881
-0.81662023
-0.818538
-0.82052624
-0.8213619
-0.8194848
-0.816508
-0.81896627
-0.81972855
-0.81581587
-0.81618464
-0.8124134
-0.8107308
-0.81708544
-0.8165465
-0.81399685
-0.81191164
-0.81444174
-0.8100663
-0.8117368
-0.80966836
-0.8060025
-0.80417013
-0.8054932
-0.8058555
-0.81021965
-0.81049937
-0.8082384
-0.80727077
-0.8081522
-0.8135959
-0.8172341
-0.8177643
-0.81507576
-0.8142407
-0.81448376
-0.8161113
-0.8149758
-0.80894274
-0.8134062
-0.81519514
-0.8168506
-0.81581074
-0.81607103
-0.81064075
-0.82275134
-0.813028
-0.8168486
-0.8139097
-0.81677544
-0.81548333
-0.8160461
-0.81849444
-0.8156444
-0.8131572
-0.81427974
-0.81357163
-0.812415
-0.8165737
-0.8122411
-0.80885607
-0.8093339
-0.8137121
-0.80947924
-0.8110136
-0.8177904
-0.8148239
-0.82006323
-0.81289995
-0.8164237
-0.8130563
-0.81379414
-0.8138733
-0.8131101
-0.8124302
-0.8098716
-0.81666565
-0.8102268
-0.81585723
-0.8126156
-0.8151077
-0.81557715
-0.8115819
-0.81493306
-0.813382
-0.8164409
-0.8158164
-0.815703
-0.8170038
-0.8126701
-0.81435513
-0.81492525
-0.8172459
-0.816673
-0.8122463
-0.8110379
-0.8113118
-0.81529605
-0.8114249
-0.80723953
-0.81721205
-0.81405365
-0.81577724
-0.8141283
-0.8118717
-0.81363165
-0.8135004
-0.8129071
-0.8161372
-0.8116412
-0.8140828
-0.8133431
-0.8144238
-0.8116973
-0.8094617
-0.8111306
-0.8110597
-0.81711
-0.8097874
-0.81395805
-0.81347805
-0.8123075
-0.8145768
-0.80973715
-0.8105713
-0.814263
-0.81652445
-0.81535435
-0.8054467
-0.8122663
-0.8154247
-0.811986
-0.8136251
-0.8134985
-0.8126655
-0.81099373
-0.81433797
-0.81431335
-0.81428707
-0.81680256
-0.8154668
-0.81166476
-0.8134179
-0.8164642
-0.8159102
-0.8102461
-0.8068701
-0.8119459
-0.8112933
-0.81170326
-0.8101368
-0.8085321
-0.81408906
-0.81301343
-0.8155741
-0.81158996
-0.8143769
-0.81372106
-0.8145589
-0.8139472
-0.80944544
-0.81317055
-0.81660986
-0.81140774
-0.8121803
-0.81492066
-0.81215906
-0.81673115
-0.810014
-0.815942
-0.81201094
-0.8124357
-0.8124385
-0.81630176
-0.80944324
-0.81421775
-0.81162393
-0.815243
-0.80865717
-0.803325
-0.81198215
-0.81369805
-0.81575614
-0.81623435
-0.8107897
-0.8135198
-0.814594
-0.8132771
-0.81356704
-0.812024
-0.81177825
-0.81783855
-0.81076926
-0.8147477
-0.81121874
-0.81366843
-0.81754833
-0.815115
-0.8143232
-0.81269246
-0.8124899
-0.80981225
-0.8122071
-0.8188906
-0.81735235
-0.8194795
-0.8137028
-0.8144265
-0.8097023
-0.8095607
-0.8094911
-0.8143872
-0.81088066
-0.81648797
-0.81323457
-0.8098555
-0.8141744
-0.81664026
-0.81642115
-0.80990833
-0.8124588
-0.81422657
-0.8128324
-0.8158795
-0.8093914
-0.8164311
-0.81176335
-0.81152475
-0.8162555
-0.81508285
-0.81241727
-0.81294876
-0.81340325
-0.8146142
-0.81259245
-0.81237257
-0.809497
-0.8108255
-0.81336635
-0.8114479
-0.80733377
-0.8148478
-0.81800234
-0.81054866
-0.8142633
-0.81082433
-0.8165034
-0.8165812
-0.8155104
-0.8152914
-0.8130593
-0.8197792
-0.8172448
-0.81631255
-0.8178641
-0.81534004
-0.81787974
-0.81475836
-0.81594175
-0.8150677
-0.8167256
-0.81310475
-0.81593907
-0.81553173
-0.8214738
-0.8170124
-0.81314504
-0.81568
-0.8072211
-0.8139865
-0.8195254
-0.8151526
-0.8152979
-0.8154063
-0.815331
-0.8158346
-0.81916547
-0.8136289
-0.817124
-0.8167921
-0.8163136
-0.8167008
-0.8179843
-0.81628656
-0.8153026
-0.81605715
-0.8134317
-0.81309414
-0.81393737
-0.81703556
-0.8175435
-0.81601405
-0.8190375
-0.8137454
-0.81568366
-0.81787014
-0.81640476
-0.82484585
-0.81438875
-0.813949
-0.81740886
-0.8152342
-0.8164605
-0.8146759
-0.8182945
-0.8140405
-0.81788576
-0.81150484
-0.81692755
-0.81281894
-0.8159322
-0.8162992
-0.8157097
-0.816561
-0.8171722
-0.81602305
-0.81054366
-0.8187078
-0.81705993
-0.8166886
-0.81928355
-0.8161653
-0.82146394
-0.8169092
-0.8164224
-0.81627655
-0.81660104
-0.81597066
-0.8170796
-0.80995005
-0.8141145
-0.81989795
-0.81798726
-0.81588316
-0.8110696
-0.81006986
-0.8137923
-0.81378126
-0.8146571
-0.8092138
-0.8117667
-0.81561273
-0.8136764
-0.8174729
-0.81417084
-0.81343925
