-0.44804862
-0.45415097
-0.4712925
-0.46946397
-0.5079068
-0.49500078
-0.50072616
-0.5326766
-0.5336487
-0.5377772
-0.53753096
-0.5615429
-0.570607
-0.58261055
-0.57185376
-0.58331
-0.6185852
-0.61062056
-0.62474895
-0.6359587
-0.6295288
-0.63626546
-0.651707
-0.6507541
-0.6721283
-0.68441504
-0.67885303
-0.6949083
-0.7018801
-0.70439655
-0.71930766
-0.716937
-0.7308318
-0.742142
-0.7418502
-0.7679841
-0.776497
-0.7811902
-0.78618824
-0.7935977
-0.8033865
-0.8031806
-0.8105372
-0.81544566
-0.81765527
-0.8257947
-0.8239841
-0.8252114
-0.83542264
-0.834887
-0.827193
-0.84340537
-0.8348193
-0.83692694
-0.8349887
-0.84949404
-0.8498154
-0.849025
-0.8554892
-0.85993546
-0.8565825
-0.85857916
-0.8551114
-0.8677696
-0.86280066
-0.8667648
-0.8738622
-0.8752432
-0.87438804
-0.87415725
-0.8774086
-0.8746305
-0.8748652
-0.8759532
-0.8765551
-0.8784445
-0.8767375
-0.8819684
-0.87717295
-0.8796294
-0.88024473
-0.88259363
-0.8771798
-0.8837447
-0.88219476
-0.8815067
-0.88200015
-0.8854088
-0.886749
-0.88220435
-0.89143085
-0.88609916
-0.8896186
-0.88680756
-0.8884811
-0.88830996
-0.8878794
-0.8888831
-0.8910188
-0.88383
-0.8886683
-0.88780636
-0.88674825
-0.8930148
-0.88783205
-0.8888907
-0.8947747
-0.8919882
-0.8922407
-0.8946893
-0.8899399
-0.8937006
-0.8914865
-0.8878858
-0.8929626
-0.8902194
-0.8935334
-0.8882852
-0.89603627
-0.8953642
-0.89440155
-0.8959659
-0.89385426
-0.8954848
-0.8953103
-0.8966096
-0.8971888
-0.89737904
-0.89673877
-0.8945769
-0.8961012
-0.8949168
-0.89155537
-0.89881045
-0.890065
-0.8954414
-0.89626974
-0.8955833
-0.89647526
-0.8969727
-0.9008895
-0.8966754
-0.8954258
-0.8987228
-0.8931874
-0.8947788
-0.8981029
-0.89787364
-0.8948299
-0.8971606
-0.8979066
-0.8977661
-0.89684856
-0.8948998
-0.897277
-0.8955925
-0.8957384
-0.8942739
-0.8969137
-0.90009636
-0.89583117
-0.8975142
-0.8990656
-0.8984251
-0.9000039
-0.89469343
-0.9024061
-0.9021387
-0.89754015
-0.8953598
-0.8971369
-0.8972634
-0.89770496
-0.8995238
-0.8989356
-0.8976378
-0.8967157
-0.8943456
-0.8961055
-0.9017145
-0.89714324
-0.89826936
-0.9011855
-0.90003675
-0.89798194
-0.89993954
-0.89953285
-0.8984676
-0.8952571
-0.8976604
-0.89972603
-0.90256435
-0.9024739
-0.9003166
-0.90070516
-0.89967406
-0.90281886
-0.9012794
-0.89895916
-0.90265864
-0.90032715
-0.89842457
-0.8985049
-0.9029082
-0.89779747
-0.90073544
-0.9041075
-0.90179545
-0.8978045
-0.8990584
-0.9028236
-0.90291107
-0.9038823
-0.90240836
-0.8993124
-0.9006552
-0.89941806
-0.8987771
-0.9030438
-0.90013874
-0.8978083
-0.9009897
-0.90381455
-0.8995399
-0.90453213
-0.8999491
-0.9025308
-0.90021527
-0.90154254
-0.9024875
-0.9023866
-0.90205586
-0.901189
-0.9040933
-0.8986553
-0.9027916
-0.90390366
-0.9002909
-0.9000553
-0.90173584
-0.9016348
-0.9010889
-0.9024811
-0.9026976
-0.90546787
-0.9038704
-0.89989525
-0.8995801
-0.90440613
-0.9078906
-0.8994403
-0.90440124
-0.9037505
-0.90315324
-0.9050587
-0.90268844
-0.90155107
-0.9033511
-0.9044626
-0.9039138
-0.9034327
-0.90885687
-0.9034254
-0.8998944
-0.9009967
-0.9017194
-0.90081936
-0.90178645
-0.8997718
-0.9042311
-0.9030138
-0.90200067
-0.9039671
-0.9021428
-0.90402466
-0.9030498
-0.9044778
-0.9000051
-0.90216076
-0.90297073
-0.90234405
-0.9019291
-0.9052752
-0.9053911
-0.90191066
-0.9086528
-0.9005901
-0.9038368
-0.9034625
-0.9046531
-0.90247273
-0.90462923
-0.90438193
-0.90361565
-0.90670484
-0.90597904
-0.90353286
-0.9071239
-0.90521294
-0.9030365
-0.90779495
-0.90770686
-0.9045892
-0.9056121
-0.9047406
-0.90531
-0.9031087
-0.905715
-0.9059285
-0.9045295
-0.9027342
-0.90461487
-0.9023717
-0.90596807
-0.9060876
-0.90682906
-0.90593636
-0.9050706
-0.90209556
-0.90478945
-0.9013508
-0.90195584
-0.90709925
-0.9031454
-0.90154463
-0.90209806
-0.90815026
-0.90246046
-0.90718514
-0.90315896
-0.904883
-0.90523976
-0.90556383
-0.90428305
-0.90599215
-0.9051648
-0.9058562
-0.9061821
-0.90495163
-0.90367603
-0.90041655
-0.9081501
-0.9028462
-0.90742517
-0.9052939
-0.9042767
-0.9042575
-0.90405536
-0.9093027
-0.9048792
-0.9051401
-0.90978724
-0.9040127
-0.9053763
-0.90621877
-0.90418434
-0.9047019
-0.90474075
-0.90624523
-0.9086115
-0.9063158
-0.90375346
-0.9046693
-0.90714735
-0.90255415
-0.90692645
-0.9047039
-0.9064673
-0.9026468
-0.9046212
-0.9066942
-0.9030502
-0.9077347
-0.9061201
-0.90366364
-0.9063423
-0.90816784
-0.9035425
-0.9037026
-0.9042903
-0.90349984
-0.90565866
-0.90298325
-0.90529233
-0.9065703
-0.9053987
-0.9067655
-0.9052608
-0.9040746
-0.90522844
-0.90815455
-0.9094076
-0.9072665
-0.91007054
-0.9066442
-0.90018153
-0.9055257
-0.907914
-0.90510225
-0.9055073
-0.90714103
-0.907203
-0.9046011
-0.90453184
-0.9047045
-0.903136
-0.90458196
-0.90821856
-0.91099197
-0.90953475
-0.90569663
-0.9044275
-0.90900856
-0.90560925
-0.9068957
-0.9063425
-0.90276307
-0.9041805
-0.9091599
-0.9059672
-0.9064628
-0.90676194
-0.90620905
-0.9096868
-0.9049107
-0.90673107
-0.90896064
-0.9044823
-0.9102209
-0.9061016
-0.90405816
-0.90345526
-0.9101014
-0.90653735
-0.9072602
-0.9057399
-0.9077185
-0.9090224
-0.9088165
-0.90641093
-0.9086354
-0.90488297
-0.9049536
-0.9067503
-0.9090091
-0.9073066
-0.9051817
-0.907259
-0.90750736
-0.91168404
-0.9072584
-0.9057817
-0.90781885
-0.9056998
-0.90778273
-0.9106859
-0.9072879
-0.9109218
-0.90737337
-0.90311116
-0.90822047
-0.91127974
-0.9065563
-0.9079201
-0.9063601
-0.9076247
-0.90818644
-0.906311
-0.90579855
-0.909464
-0.9056708
-0.9089639
-0.9063066
-0.90400916
-0.90511703
-0.90279084
-0.9065162
-0.9068352
-0.9069132
-0.9041171
-0.9063313
-0.9061379
-0.9113165
-0.9085612
-0.90767777
-0.9078512
-0.90479726
-0.90837204
-0.9064351
-0.9044452
-0.9076949
-0.90582025
-0.9081579
-0.90408504
-0.905023
-0.9076252
-0.90993005
-0.9100861
-0.90962005
-0.9057652
-0.90796375
-0.90885407
-0.9079414
-0.9086228
-0.905388
-0.9088147
-0.90838796
-0.90467805
-0.90712917
-0.90971106
-0.9047072
-0.90405154
-0.90515506
-0.9080397
-0.9073979
-0.9092493
-0.9098728
-0.9072734
-0.9087589
-0.9067277
-0.9060478
-0.9086806
-0.9100498
-0.9067335
-0.90766126
-0.9059677
-0.907973
-0.9072882
-0.9079895
-0.90686214
-0.9068902
-0.9059246
-0.90967727
-0.9074762
-0.9063835
-0.9092622
-0.90933096
-0.90801513
-0.9057667
-0.9068533
-0.9084931
-0.90499824
-0.9099611
-0.9094158
-0.908375
-0.90921086
-0.90657425
-0.9065685
-0.90696925
-0.9103403
-0.9072708
-0.91029817
-0.906081
-0.90945274
-0.9071501
-0.91005343
-0.9066231
-0.9119889
-0.90767545
-0.9079653
-0.90873975
-0.9075168
-0.90441316
-0.90785295
-0.91027105
-0.9092735
-0.9074267
-0.9058461
-0.9076362
-0.90864855
-0.90405655
-0.90704566
-0.905497
-0.9072945
-0.90807503
-0.90940946
-0.90593946
-0.90583384
-0.90927345
-0.9096333
-0.9070543
-0.90735537
-0.909017
-0.90789396
-0.90970933
-0.9098735
-0.9084499
-0.906804
-0.9070361
-0.9064272
-0.90884626
-0.9121319
-0.90913457
-0.90768546
-0.9073459
-0.9077507
-0.9066039
-0.9081648
-0.9077869
-0.9077624
-0.90706205
-0.90433645
-0.90679294
-0.9075502
-0.9077886
-0.9098998
-0.9085722
-0.9079398
-0.9085589
-0.90664446
-0.9093648
-0.9085994
-0.90865713
-0.9095206
-0.9076551
-0.910733
-0.90988487
-0.9101344
-0.90924853
-0.9094373
-0.91088635
-0.90871626
-0.90548426
-0.9084916
-0.9090717
-0.91079783
-0.90457284
-0.91030157
-0.90739214
-0.90715945
-0.9094607
-0.90874094
-0.91047794
-0.9100969
-0.90671456
-0.9071736
-0.9093373
-0.90492696
-0.90935665
-0.9118903
-0.9065298
-0.9079
-0.90653735
-0.9052628
-0.90539855
-0.90721595
-0.9106878
-0.90823454
-0.9088634
-0.90956515
-0.9098874
-0.9102636
-0.9079437
-0.9066139
-0.91111505
-0.91189706
-0.9081484
-0.9092507
-0.907464
-0.90812755
-0.90666157
-0.9071062
-0.9090953
-0.91035557
-0.9101329
-0.90812176
-0.9127218
-0.9073359
-0.9083482
-0.9074238
-0.90669924
-0.91155714
-0.9068349
-0.9066201
-0.9111579
-0.9073537
-0.91053784
-0.90919346
-0.9080335
-0.90768397
-0.9094991
-0.9120868
-0.907716
-0.90729874
-0.9098103
-0.90889883
-0.9080683
-0.9124149
-0.9092637
-0.9107957
-0.90932345
-0.91062164
-0.9095378
-0.9081
-0.9071448
-0.910028
-0.91332716
-0.9103014
-0.90849435
-0.90821284
-0.90960884
-0.9098853
-0.90855736
-0.9085388
-0.90822345
-0.9080516
-0.9108564
-0.9072867
-0.90312475
-0.9102857
-0.9100898
-0.9110631
-0.9046328
-0.91032636
-0.91114086
-0.90759265
-0.90924
-0.90918756
-0.91297126
-0.90888715
-0.9127933
-0.9074127
-0.90682703
-0.9075753
-0.91018456
-0.91264397
-0.9108687
-0.9076447
-0.9128686
-0.9106324
-0.9127245
-0.90761304
-0.91043186
-0.9048643
-0.9091363
-0.91078085
-0.90483737
-0.91018
-0.9087666
-0.9102209
-0.907681
-0.9096602
-0.9072668
-0.91272587
-0.9091383
-0.91010594
-0.90874743
-0.91146165
-0.90923774
-0.9091471
-0.91041285
-0.9096142
-0.9107516
-0.9109324
-0.9088974
-0.9054023
-0.9107005
-0.90847826
-0.91374135
-0.91315985
-0.9113751
-0.9078749
-0.9129933
-0.9102645
-0.9143311
-0.9101151
-0.9105031
-0.9101794
-0.90671605
-0.91162276
-0.90901065
-0.91045433
-0.90975696
-0.9076502
-0.91205263
-0.90839916
-0.9059149
-0.909567
-0.9089977
-0.91110456
-0.9097394
-0.910396
-0.912006
-0.9120879
-0.91168535
-0.90725017
-0.9085834
-0.90766907
-0.90779203
-0.9118728
-0.91123956
-0.90963006
-0.90992475
-0.9087807
-0.9110912
-0.9111135
-0.90896827
-0.9103036
-0.9105195
-0.9072496
-0.90905565
-0.9108758
-0.9111282
-0.9108532
-0.9112252
-0.9097468
-0.9110194
-0.90764713
-0.9102471
-0.91100836
-0.9099213
-0.91133463
-0.91227746
-0.90860915
-0.9097618
-0.9108425
-0.9099429
-0.91061753
-0.9097219
-0.90790015
-0.91154885
-0.9087411
-0.90915394
-0.9097098
-0.9119913
-0.9105389
-0.91033185
-0.90593773
-0.9075694
-0.9093587
-0.9108953
-0.90700805
-0.9091939
-0.910011
-0.9103233
-0.91133624
-0.90960705
-0.91429645
-0.9111824
-0.9101748
-0.906733
-0.91065013
-0.9100297
-0.9097979
-0.9117782
-0.910278
-0.9054257
-0.91178715
-0.9109082
-0.9065082
-0.9086208
-0.90926564
-0.91040534
-0.9086
-0.9093725
-0.9109944
-0.9109585
-0.9099348
-0.9104422
-0.9117713
-0.9100671
-0.9117689
-0.91415656
-0.9098303
-0.9089985
-0.91114086
-0.911929
-0.9104921
-0.9116132
-0.90763
-0.9100925
-0.9100587
-0.9107442
-0.9114326
-0.9086652
-0.91169745
-0.90834624
-0.9097801
-0.9104172
-0.9120276
-0.91077566
-0.9093662
-0.908765
-0.9117696
-0.91128355
-0.9072858
-0.90724605
-0.9086675
-0.91139436
-0.9106844
-0.91029024
-0.9115704
-0.9096277
-0.9081371
-0.9097356
-0.9092617
-0.9123787
-0.9109253
-0.9095029
-0.91425997
-0.90992886
-0.91053736
-0.9089177
-0.9103128
-0.91185457
-0.91005236
-0.9098222
-0.91030926
-0.90845597
-0.90986276
-0.913349
-0.909907
-0.9138312
-0.9099382
-0.9097527
-0.91021293
-0.911895
-0.9077677
-0.9093243
-0.9097588
-0.9099332
-0.9125386
-0.9087692
-0.9085525
-0.90816116
-0.9108592
-0.9082643
-0.9118549
-0.9124157
-0.9157124
-0.9110334
-0.9124894
-0.9129734
-0.9123337
-0.9096382
-0.91035753
-0.9076243
-0.9122188
-0.90676886
-0.91074044
-0.9109163
-0.9096987
-0.9090757
-0.9088193
-0.9098119
-0.91302586
-0.91073877
-0.90718794
-0.9130854
-0.91200036
-0.90924686
-0.91071117
-0.90633494
-0.90908235
-0.91057825
-0.9110135
-0.9122705
-0.9108756
-0.91066796
-0.9119662
-0.91100323
-0.90832806
-0.91417754
-0.91061246
-0.9109838
-0.910442
-0.9121763
-0.9130672
-0.9105551
-0.9098636
-0.90909314
-0.9116007
-0.91305447
-0.91287607
-0.9117454
-0.9122281
-0.9109793
-0.9094197
-0.90883344
-0.9085266
-0.9080279
-0.90740854
-0.90977937
-0.90716094
-0.90969986
-0.9103318
-0.9119029
-0.9119804
-0.9092713
-0.91132337
-0.9145528
-0.90940833
-0.91270393
-0.9104701
-0.9099605
-0.91046894
-0.9128009
-0.91155887
-0.9141106
-0.91139716
-0.91143465
-0.91027087
-0.9104831
-0.91258436
-0.9086069
-0.9124617
-0.9131363
-0.91020954
-0.91201055
-0.9113636
-0.9116225
-0.9131988
-0.9121442
-0.9119828
-0.90780175
-0.91238767
-0.9111182
-0.91215986
-0.9129584
-0.9126569
-0.9121603
-0.90979576
-0.91119957
-0.91125894
-0.91253656
-0.9103802
-0.912126
-0.9113627
-0.91225356
-0.9128314
-0.91067624
-0.9134851
-0.9141952
-0.9074542
-0.90933216
-0.91011655
-0.9096875
-0.91234434
-0.9107235
-0.91103214
-0.90886325
-0.90940934
-0.91157436
-0.91118276
-0.9092069
-0.9110189
-0.9113507
-0.9099527
-0.9097362
-0.91154253
-0.91155034
-0.91274035
-0.91259974
-0.9140418
-0.911067
-0.9142465
-0.9133742
-0.9105928
-0.91327906
-0.9102959
-0.90970737
-0.9148007
-0.9107415
-0.91229486
-0.91021717
-0.9142139
-0.90915906
-0.912561
-0.91481733
-0.91082233
-0.90861785
-0.90891623
-0.90943867
-0.91296685
-0.9135173
-0.9090121
-0.90911335
-0.91256493
-0.9105162
-0.90866095
-0.91195714
-0.91088116
-0.9077732
-0.91154563
-0.9072078
-0.91102177
-0.9135293
-0.90795135
-0.91353196
-0.9117336
-0.9073759
-0.9140298
-0.9115518
-0.9115701
-0.91115266
-0.9098489
-0.9108523
-0.9127773
-0.9143664
-0.9145596
-0.90811116
-0.9100031
-0.90542334
-0.91262263
-0.9146929
-0.91295433
-0.90956706
-0.90972656
-0.91293293
-0.9114088
-0.9127472
-0.91186905
-0.91022
-0.9120877
-0.9115219
-0.90899366
-0.91426253
-0.91224486
-0.9119474
-0.9131928
-0.9162758
-0.9126514
-0.91042125
-0.91277176
-0.9111933
-0.91201633
-0.9137964
-0.913716
-0.9106217
-0.9092271
-0.91234183
-0.91078633
-0.9120264
-0.9089647
-0.9096368
-0.9130659
-0.912959
-0.91497505
-0.9124262
-0.908064
-0.9073128
-0.90994483
-0.91079265
-0.90921855
-0.9134787
-0.9113809
-0.91257775
-0.91213065
-0.9141978
-0.9102608
-0.91262484
-0.91046256
-0.9111623
-0.911215
-0.90970147
-0.91052216
-0.9085582
-0.9136903
-0.9143522
-0.9132307
-0.91052437
-0.91055906
-0.912234
-0.9103149
-0.9108198
-0.9146973
-0.9119338
-0.91202533
-0.91566217
-0.9093837
-0.9115284
-0.90825725
-0.90984786
-0.90752196
-0.9122824
-0.91307884
-0.91144216
-0.9101729
-0.91254026
-0.9113633
-0.9128472
-0.910948
-0.9123126
-0.91346717
-0.9140466
-0.9157532
-0.913242
-0.9106497
-0.91348714
-0.9137183
-0.90890425
-0.9094462
-0.909441
-0.909453
-0.91228944
-0.9113215
-0.9126907
-0.9135316
-0.9095658
-0.9129276
-0.91500473
-0.9125157
-0.91772395
-0.9099343
-0.90711653
-0.9130088
-0.9131243
-0.91036147
-0.9097956
-0.9106609
-0.9134916
-0.9137645
-0.91099995
-0.9140903
-0.9112731
-0.912003
-0.9098826
-0.9103054
-0.9133121
-0.9127698
-0.9109895
-0.91179067
-0.9139934
-0.91150695
-0.9123101
-0.9120193
-0.91568524
-0.9115898
-0.9147779
-0.90942425
-0.9119181
-0.91025645
-0.91489065
-0.9121034
-0.9140572
-0.9172449
-0.91355795
-0.9141036
-0.91161823
-0.9127678
-0.91179734
-0.9141777
-0.9108921
-0.91197205
-0.91062725
-0.91025746
-0.9115879
-0.9118949
-0.91342986
-0.91408956
-0.91356
-0.913538
-0.90962684
-0.9134342
-0.91353434
-0.9100732
-0.9137396
-0.91201943
-0.91131866
-0.912137
-0.9119596
-0.91279864
-0.9122677
-0.91150653
-0.9151748
-0.9106494
-0.9111923
-0.91128385
-0.9140932
-0.9109991
-0.910689
-0.91046655
-0.9125795
-0.91279036
-0.90903014
-0.9110663
-0.9133868
-0.9137218
-0.9119421
-0.9120222
-0.91150904
-0.91378415
-0.9134288
-0.9117408
-0.90997094
-0.91306794
-0.91307807
-0.9119493
-0.91281736
-0.91376054
-0.914034
-0.91326946
-0.9116397
-0.91002995
-0.909842
-0.91606617
-0.91219574
-0.9119475
-0.9095947
-0.91385293
-0.9089513
-0.9119955
-0.9133182
-0.90902376
-0.912576
-0.912702
-0.91292936
-0.9136779
-0.9130138
-0.91198367
-0.9118612
-0.9098177
-0.9105556
-0.913872
-0.9122811
-0.9148232
-0.91642725
-0.91500163
-0.91290927
-0.91055423
-0.913618
-0.9087775
-0.9112117
-0.9125797
-0.9154901
-0.9115753
-0.91388935
-0.91267693
-0.91452086
-0.91253585
-0.9125058
-0.91290766
-0.90951836
-0.9118302
-0.9123656
-0.91268057
-0.9128495
-0.91298544
-0.91423064
-0.9118633
-0.91272587
-0.9092878
-0.9116499
-0.9145458
-0.9129091
-0.9144224
-0.90886676
-0.91371584
-0.91298753
-0.9105841
-0.9158501
-0.913421
-0.9108643
-0.9112947
-0.91306955
-0.9135806
-0.91292894
-0.91020405
-0.91000926
-0.91578233
-0.9111222
-0.9095074
-0.9113537
-0.9131656
-0.9142099
-0.914385
-0.915481
-0.9154176
-0.90809125
-0.9134279
-0.90965414
-0.91155255
-0.9095821
-0.91316336
-0.90905875
-0.91656965
-0.9132497
-0.91247815
-0.9119425
-0.91128117
-0.91378087
-0.91071576
-0.91316193
-0.9126196
-0.91469157
-0.90962595
-0.91617435
-0.9100926
-0.9072625
-0.9118635
-0.9121953
-0.9100261
-0.91180444
-0.91428083
-0.9126701
-0.9145691
-0.91346705
-0.91162646
-0.91328007
-0.9161465
-0.91707146
-0.9121339
-0.91431665
-0.91495705
-0.9128699
-0.9133345
-0.91196096
-0.91219485
-0.9112768
-0.9129051
-0.9122334
-0.91210616
-0.91219425
-0.9136007
-0.91483533
-0.911977
-0.9112837
-0.91270554
-0.9132254
-0.91461074
-0.9105015
-0.91055757
-0.91274244
-0.91013
-0.91185313
-0.91507256
-0.91324055
-0.9091036
-0.9121993
-0.9121398
-0.911897
-0.91236407
-0.91266996
-0.9134217
-0.91365457
-0.9125784
-0.90989965
-0.9152483
-0.9114671
-0.9105447
-0.9118532
-0.9115464
-0.90998876
-0.9157308
-0.91211563
-0.91144454
-0.9125738
-0.91479176
-0.91430026
-0.9181376
-0.9127264
-0.911659
-0.9177198
-0.9111021
-0.91390765
-0.9158415
-0.91516197
-0.9131997
-0.91074353
-0.911561
-0.91350573
-0.9130056
-0.9121041
-0.90900767
-0.9090014
-0.90949756
-0.91514206
-0.91344965
-0.91599834
-0.9139203
-0.9110649
-0.9150305
-0.9114781
-0.91021633
-0.9106269
-0.9152453
-0.9150263
-0.9122659
-0.91343
-0.9138999
-0.9154747
-0.91579264
-0.9123124
-0.9155074
-0.91467
-0.91232896
-0.9161107
-0.91398823
-0.91386944
-0.9112433
-0.9143772
-0.91328746
-0.91298956
-0.9142858
-0.9096319
-0.90946734
-0.9131041
-0.9116489
-0.91235447
-0.9122922
-0.91633826
-0.9181046
-0.91596943
-0.9151199
-0.9169525
-0.91535085
-0.9148552
-0.9132046
-0.91337705
-0.9133936
-0.91266507
-0.91515326
-0.9117327
-0.9117955
-0.9109398
-0.91082484
-0.9131546
-0.9102221
-0.9135485
-0.91197693
-0.9135755
-0.914654
-0.9134066
-0.9099685
-0.9131373
-0.91412544
-0.91268736
-0.91179216
-0.909624
-0.913954
-0.90908474
-0.9139847
-0.9145
-0.91103745
-0.91597384
-0.9107935
-0.91591316
-0.91572076
-0.9144708
-0.9150568
-0.91263175
-0.91488403
-0.91609883
-0.9157606
-0.9126981
-0.91258097
-0.91135365
-0.9159512
-0.91279495
-0.9107993
-0.9144169
-0.91271454
-0.9160726
-0.9111517
-0.9150023
-0.9147442
-0.91110873
-0.912577
-0.91442925
-0.9100009
-0.9114471
-0.9141682
-0.9113276
-0.913729
-0.91217136
-0.9163581
-0.9129247
-0.91429603
-0.9153055
-0.9095224
-0.91339123
-0.912179
-0.9128121
-0.91231215
-0.9152544
-0.9092056
-0.9134801
-0.91685045
-0.9138703
-0.9148341
-0.9139706
-0.91183245
-0.9094545
-0.91439915
-0.91427475
-0.912756
-0.9169943
-0.9152539
-0.9126946
-0.9159
-0.91236067
-0.9177388
-0.9121612
-0.9113443
-0.9133138
-0.9143884
-0.9145855
-0.913107
-0.91051745
-0.91541845
-0.9144771
-0.9142829
-0.9150127
-0.91129875
-0.91073436
-0.9112616
-0.9133528
-0.9121358
-0.91180444
-0.9138857
-0.91213226
-0.91222924
-0.91620934
-0.91351116
-0.91346264
-0.9104326
-0.9134204
-0.9159271
-0.9148748
-0.9153741
-0.91428274
-0.9126696
-0.9144857
-0.9148659
-0.91308814
-0.9175449
-0.91143936
-0.91342205
-0.9152131
-0.9121205
-0.9180257
-0.91228163
-0.9108607
-0.91350543
-0.91470724
-0.917044
-0.91465575
-0.91114163
-0.9134768
-0.9149834
-0.91449136
-0.9156161
-0.9113403
-0.9120679
-0.9149584
-0.9125727
-0.90981495
-0.9125191
-0.91551507
-0.9140993
-0.9137451
-0.9137334
-0.9122891
-0.91531885
-0.91701823
-0.91468215
-0.9151528
-0.912207
-0.9178923
-0.9101648
-0.9135079
-0.9127079
-0.9136697
-0.91237956
-0.9123996
-0.9117608
-0.9092858
-0.9094506
-0.9111557
-0.91407573
-0.91291994
-0.9150604
-0.91254157
-0.9150128
-0.91337746
-0.9155321
-0.9163971
-0.9137509
-0.91083586
-0.9124201
-0.9106242
-0.9104318
-0.9132945
-0.9125247
-0.91129494
-0.9133367
-0.9116289
-0.9148828
-0.9146265
-0.912013
-0.9136485
-0.912619
-0.91264623
-0.9135627
-0.91388863
-0.91624177
-0.91188544
-0.9134209
-0.9121495
-0.91419816
-0.91530824
-0.91671574
-0.91352254
-0.9128246
-0.9156591
-0.91487527
-0.91625214
-0.91344374
-0.9106633
-0.91377544
-0.911915
-0.9125337
-0.9120795
-0.913854
-0.9125541
-0.91637754
-0.91393733
-0.9138878
-0.9104168
-0.91680586
-0.9122233
-0.9146695
-0.9151969
-0.91506565
-0.9152014
-0.91167724
-0.91406536
-0.9117901
-0.9132485
-0.9140411
-0.9118406
-0.91356194
-0.91226196
-0.91379774
-0.9146248
-0.9123444
-0.9133059
-0.91330755
-0.9156181
-0.9125767
-0.9126728
-0.91510665
-0.911896
-0.9132094
-0.91221905
-0.913906
-0.91279846
-0.91407675
-0.91505975
-0.912998
-0.91504264
-0.91568357
-0.91590667
-0.9110196
-0.9184968
-0.91450816
-0.9161372
-0.9107019
-0.9122402
-0.9152367
-0.91054595
-0.9158619
-0.91606164
-0.913272
-0.91397154
-0.909785
-0.9143959
-0.91513693
-0.911229
-0.91669583
-0.913198
-0.9138844
-0.9101002
-0.9173179
-0.914979
-0.91357976
-0.91308665
-0.91753846
-0.9135788
-0.9143774
-0.91148937
-0.9150705
-0.9137487
-0.91505814
-0.914832
-0.91432804
-0.9130551
-0.91414946
-0.9132911
-0.91057205
-0.91343504
-0.9140162
-0.91255665
-0.9150207
-0.91261953
-0.9150848
-0.9131827
-0.9121261
-0.9158784
-0.909997
-0.9162093
-0.91621894
-0.91417724
-0.91891557
-0.9148848
-0.914793
-0.91421586
-0.9149014
-0.9143021
-0.91728175
-0.91512156
-0.91686416
-0.91712946
-0.9142852
-0.9135263
-0.9093125
-0.9118184
-0.91385
-0.91417444
-0.9128129
-0.9124643
-0.91000545
-0.91284215
-0.91718435
-0.9161189
-0.9144817
-0.9139341
-0.9131985
-0.91668844
-0.91685164
-0.91226196
-0.9144317
-0.91357017
-0.9148867
-0.911484
-0.9152762
-0.9149312
-0.91402596
-0.9127012
-0.91272104
-0.912108
-0.9105831
-0.9127072
-0.9118263
-0.9118011
-0.9153175
-0.91367584
-0.9100987
-0.9134764
-0.9159339
-0.9139184
-0.91668874
-0.9115046
-0.91308814
-0.91407377
-0.9116503
-0.91313905
-0.9107069
-0.9112708
-0.9160256
-0.9120345
-0.91370314
-0.9159744
-0.9124728
-0.9120119
-0.9140283
-0.91317236
-0.91488963
-0.916731
-0.91490096
-0.91497445
-0.9138819
-0.91061395
-0.91556525
-0.9134185
-0.91266185
-0.9126673
-0.9148952
-0.9132778
-0.9149127
-0.91601676
-0.91215235
-0.91516125
-0.916442
-0.9112757
-0.90878123
-0.911251
-0.9137922
-0.91458523
-0.9149404
-0.91653645
-0.91643655
-0.91440666
-0.9122926
-0.9154079
-0.9139749
-0.9161995
-0.91537595
-0.9143053
-0.9140844
-0.9142214
-0.9166291
-0.9150477
-0.91211575
-0.9155477
-0.914745
-0.91523546
-0.911864
-0.911092
-0.9145969
-0.91642815
-0.91270834
-0.9140593
-0.912616
-0.9131395
-0.91108286
-0.91558766
-0.9156351
-0.914707
-0.912383
-0.9117966
-0.91563845
-0.9105287
-0.9147641
-0.9147141
-0.9160775
-0.91708356
-0.9169435
-0.9139008
-0.9137889
-0.9172112
-0.91391444
-0.9153873
-0.91569793
-0.9159089
-0.9154896
-0.91504693
-0.9160806
-0.916412
-0.9133577
-0.9136064
-0.91637266
-0.91515696
-0.9147462
-0.9162618
-0.9134664
-0.9106572
-0.91617596
-0.9162273
-0.9156898
-0.9133529
-0.91422766
-0.91639674
-0.9146156
-0.91567725
-0.916417
-0.91349036
-0.915928
-0.91612977
-0.91311824
-0.9150786
-0.91595656
-0.91378844
-0.91573405
-0.9163723
-0.9163093
-0.91535276
-0.91811115
-0.9145494
-0.9144351
-0.91932887
-0.9140005
-0.91435254
-0.91521406
-0.91465515
-0.9166219
-0.91385376
-0.91863024
-0.914251
-0.9126915
-0.91692924
-0.9144856
-0.91601837
-0.9160303
-0.91529465
-0.917294
-0.91479826
-0.9145414
-0.9106912
-0.9177059
-0.9139451
-0.9154481
-0.9149809
-0.91372585
-0.91614467
-0.91803664
-0.9117126
-0.91397864
-0.9134768
-0.9181721
-0.9109795
-0.91553867
-0.91021824
-0.9130366
-0.9144751
-0.91744053
-0.91288966
-0.91612774
-0.91509944
-0.9160703
-0.9177583
-0.9165838
-0.916255
-0.9142445
-0.91342837
-0.91662157
-0.91640234
-0.91313434
-0.91585517
-0.9177277
-0.9151403
-0.9159222
-0.9141807
-0.9151625
-0.9112345
-0.9127548
-0.9108027
-0.9130925
-0.9132128
-0.91315794
-0.9128016
-0.9135945
-0.91511536
-0.916579
-0.91721135
-0.91226274
-0.9157513
-0.9154054
-0.91593176
-0.914637
-0.9143277
-0.91299593
-0.91328746
-0.91322803
-0.91580635
-0.9125152
-0.91470516
-0.91821104
-0.9135375
-0.91524225
-0.91752845
-0.9161026
-0.91480404
-0.91556156
-0.9147642
-0.91572595
-0.913709
-0.9147673
-0.9138859
-0.912449
-0.91553634
-0.9143583
-0.91111696
-0.91432554
-0.91614705
-0.9128606
-0.91261595
-0.91515744
-0.9169478
-0.915541
-0.9154746
-0.9128431
-0.9151309
-0.91426826
-0.9151296
-0.9173715
-0.9168108
-0.9144105
-0.91635567
-0.91495323
-0.9124439
-0.9161134
-0.9159962
-0.912093
-0.91269064
-0.91817427
-0.91273034
-0.9159315
-0.91659456
-0.9127922
-0.915222
-0.9156052
-0.9185664
-0.9141434
-0.9193711
-0.91309303
-0.9145799
-0.9140013
-0.9161278
-0.9136767
-0.9159721
-0.91459316
-0.9157789
-0.9180917
-0.9161001
-0.9160874
-0.91492677
-0.9160576
-0.9135914
-0.9167322
-0.9147703
-0.91516465
-0.9160298
-0.9157351
-0.91457766
-0.91664475
-0.9146753
-0.91645175
-0.91598135
-0.91518325
-0.915023
-0.91238225
-0.91495675
-0.9136868
-0.916723
-0.91796476
-0.9146821
-0.9118558
-0.9138269
-0.9120857
-0.9152651
-0.9158289
-0.9167237
-0.91718674
-0.91281456
-0.9180247
-0.915459
-0.9164075
-0.9147529
-0.91668063
-0.9121359
-0.91545576
-0.91524065
-0.9132585
-0.9152831
-0.91140264
-0.9124014
-0.91094536
-0.91416746
-0.9148451
-0.91565526
-0.9158142
-0.9133248
-0.914782
-0.91442287
-0.91563225
-0.9148173
-0.91726255
-0.91327006
-0.91679287
-0.91624415
-0.91548127
-0.91804004
-0.9117581
-0.9166553
-0.9135773
-0.91682845
-0.91687155
-0.9174327
-0.9145131
-0.9143224
-0.9108592
-0.91543835
-0.91724026
-0.9145009
-0.91469926
-0.9179377
-0.9131284
-0.91474324
-0.9167365
-0.91722333
-0.9158092
-0.91641486
-0.9118758
-0.9156118
-0.91633224
-0.91509867
-0.9148853
-0.9144298
-0.9139566
-0.9156849
-0.9187683
-0.9159368
-0.91574174
-0.9165998
-0.9169772
-0.91600835
-0.9136049
-0.9136656
-0.91508436
-0.9178211
-0.91612214
-0.9173293
-0.91230863
-0.91689587
-0.916931
-0.9158059
-0.918087
-0.9136162
-0.91516906
-0.916534
-0.91417664
-0.9137946
-0.91474056
-0.91423416
-0.9160541
-0.91180986
-0.91630787
-0.9138278
-0.9155842
-0.9156269
-0.9124638
-0.9193672
-0.91677576
-0.91302603
-0.9156593
-0.91253394
-0.9185731
-0.9184589
-0.91164756
-0.91419107
-0.91303045
-0.91302234
-0.9176156
-0.91772944
-0.91443014
-0.91660297
-0.9168032
-0.9138116
-0.91115665
-0.9124464
-0.917196
-0.9139707
-0.9150868
-0.91461766
-0.91374135
-0.9154371
-0.9137398
-0.91596144
-0.9149958
-0.91705257
-0.9162954
-0.91305435
-0.9132273
-0.9149693
-0.9164649
-0.91326183
-0.91398066
-0.91663307
-0.91667145
-0.9142935
-0.9158104
-0.9143168
-0.9171883
-0.91797066
-0.9167336
-0.91379863
-0.9126224
-0.9156721
-0.9179484
-0.91346055
-0.9153415
-0.91452074
-0.91621447
-0.9161619
-0.91432285
-0.9156362
-0.9184945
-0.9170194
-0.91543704
-0.91588694
-0.91539043
-0.9160239
-0.917202
-0.91318715
-0.9142099
-0.9182044
-0.91438895
-0.9177741
-0.91183525
-0.9151668
-0.9159799
-0.91271013
-0.9154583
-0.9140749
-0.918477
-0.9149014
-0.9152058
-0.9143018
-0.9146411
-0.91756105
-0.9202136
-0.91461986
-0.9154276
-0.91834515
-0.9147043
-0.91710556
-0.9157362
-0.91222984
-0.9150186
-0.91498524
-0.9168943
-0.9125683
-0.91322446
-0.9178972
-0.9154787
-0.9185042
-0.91722935
-0.915579
-0.9161704
-0.91664827
-0.91683865
-0.91291887
-0.9137136
-0.917387
-0.9175526
-0.9160671
-0.9179814
-0.9171437
-0.91767734
-0.9135032
-0.91752464
-0.914157
-0.9160175
-0.91457576
-0.9166646
-0.91473687
-0.91811347
-0.91802055
-0.91726446
-0.9162359
-0.9182407
-0.915102
-0.9165126
-0.915049
-0.9157409
-0.9149535
-0.9132718
-0.91715616
-0.91478693
-0.9152437
-0.91724634
-0.915755
-0.9156409
-0.9158437
-0.91723824
-0.91532886
-0.9155132
-0.9137076
-0.9198163
-0.9197515
-0.9145888
-0.9148105
-0.91526407
-0.91485107
-0.9154569
-0.9165257
-0.9125645
-0.9147651
-0.91540736
-0.9167257
-0.9177785
-0.91561025
-0.9198153
-0.9204191
-0.91410124
-0.915108
-0.91950023
-0.91814435
-0.9129346
-0.9142156
-0.91668636
-0.91780144
-0.9167026
-0.9124974
-0.91712636
-0.918551
-0.91196704
-0.9144472
-0.916328
-0.91560185
-0.9141501
-0.9187198
-0.91311914
-0.9168413
-0.91514236
-0.9199286
-0.9180153
-0.91570264
-0.9118649
-0.9136862
-0.9170611
-0.9143759
-0.9162083
-0.91509604
-0.9142863
-0.9152706
-0.9168714
-0.91728544
-0.9168507
-0.91469854
-0.9161786
-0.91707045
-0.91238236
-0.9141552
-0.91629905
-0.9160366
-0.9173802
-0.91680515
-0.91724056
-0.91309035
-0.9158077
-0.9163515
-0.9145588
-0.91444373
-0.91226137
-0.9161444
-0.91511583
-0.918608
-0.9141959
-0.91627896
-0.9160813
-0.9151398
-0.9123363
-0.91826826
-0.91514796
-0.91450113
-0.9143734
-0.9148065
-0.9128253
-0.91798776
-0.9157753
-0.9172834
-0.9158838
-0.9143284
-0.9140676
-0.9171282
-0.91247344
-0.915411
-0.91078144
-0.9137029
-0.9144803
-0.9204213
-0.9185108
-0.9127485
-0.9174946
-0.9194028
-0.9138222
-0.9147323
-0.9176982
-0.9138931
-0.91651136
-0.91700757
-0.9162526
-0.9177793
-0.91541326
-0.91874975
-0.9133486
-0.9143421
-0.9151166
-0.91256535
-0.9166442
-0.91474587
-0.9159379
-0.9132765
-0.91801155
-0.91139805
-0.913037
-0.9183981
-0.9157502
-0.9175606
-0.9152634
-0.9146121
-0.9181484
-0.91565543
-0.92063963
-0.91402286
-0.91457784
-0.9152846
-0.91499126
-0.915254
-0.91915494
-0.91787666
-0.9177521
-0.9114567
-0.9149435
-0.9182023
-0.9149208
-0.916736
-0.9162349
-0.9144337
-0.91695863
-0.91509676
-0.91488725
-0.9175179
-0.9141073
-0.917768
-0.91267645
-0.91440827
-0.91314435
-0.91554785
-0.91166943
-0.9159921
-0.9136841
-0.9162388
-0.9140308
-0.91629785
-0.9178144
-0.9181878
-0.91750705
-0.9127745
-0.916014
-0.9148956
-0.91736716
-0.91498625
-0.915919
-0.91712224
-0.91381234
-0.91815794
-0.91679317
-0.9177297
-0.91657037
-0.9161485
-0.9145012
-0.91580904
-0.9150599
-0.913932
-0.91797477
-0.91800565
-0.91632766
-0.9149887
-0.91431594
-0.91646695
-0.9178403
-0.91383433
-0.9161072
-0.9194407
-0.9154075
-0.9160364
-0.9162252
-0.9166931
-0.917741
-0.915602
-0.9196585
-0.91738856
-0.91477054
-0.91335434
-0.91611356
-0.91633373
-0.9139826
-0.9163116
-0.9175316
-0.9144399
-0.9153107
-0.91898525
-0.91619354
-0.9165504
-0.91389585
-0.9157489
-0.91663367
-0.9121603
-0.91654116
-0.91570973
-0.91474336
-0.91550905
-0.9149679
-0.9158789
-0.91524357
-0.91638595
-0.9191738
-0.91476166
-0.91747695
-0.9137796
-0.91330284
-0.91590446
-0.9142343
-0.91439736
-0.9165066
-0.91893417
-0.9167228
-0.91448396
-0.91588414
-0.9151346
-0.91409475
-0.9157374
-0.91617835
-0.91431916
-0.91326
-0.9141139
-0.9148533
-0.91522056
-0.9164364
-0.9188911
-0.9149163
-0.917613
-0.9146339
-0.9145598
-0.9172479
-0.9149493
-0.91870594
-0.9184729
-0.914567
-0.9174302
-0.91671705
-0.9162188
-0.9141474
-0.9151338
-0.9165102
-0.91286063
-0.9176469
-0.9174602
-0.9191978
-0.9158072
-0.91633576
-0.9171903
-0.9167365
-0.91920906
-0.91664535
-0.91350573
-0.9180159
-0.91545814
-0.91508174
-0.91472316
-0.91926855
-0.9149725
-0.91926825
-0.9173527
-0.9164432
-0.91415554
-0.9154354
-0.9169276
-0.9155271
-0.91552526
-0.9173398
-0.9184612
-0.9135628
-0.9195837
-0.9164448
-0.9149513
-0.91505706
-0.91543597
-0.91793615
-0.9187195
-0.91655916
-0.91738325
-0.9145158
-0.91790175
-0.91604704
-0.91557974
-0.9147318
-0.91620874
-0.9171325
-0.9146483
-0.91561204
-0.9171425
-0.91519433
-0.9157886
-0.91807985
-0.9131131
-0.9164358
-0.9130601
-0.91660047
-0.9174258
-0.9168252
-0.9156939
-0.91870934
-0.9195934
-0.915457
-0.9155074
-0.9164515
-0.91767406
-0.91723084
-0.9145295
-0.917456
-0.9170656
-0.9167544
-0.91757715
-0.91748184
-0.91755193
-0.9169317
-0.9122079
-0.9170032
-0.9161038
-0.9168984
-0.9182698
-0.91771346
-0.91710395
-0.9180462
-0.91615677
-0.91707575
-0.91594964
-0.91763145
-0.9182793
-0.9132345
-0.91550547
-0.9149163
-0.9146742
-0.91208774
-0.91696507
-0.9144478
-0.9156761
-0.9152645
-0.91517615
-0.9177266
-0.9173046
-0.9164099
-0.9163115
-0.9120077
-0.9174633
-0.91909367
-0.9122626
-0.9145836
-0.9179923
-0.9132086
-0.920185
-0.9168859
-0.91892415
-0.9162377
-0.915783
-0.91525
-0.9177328
-0.9178096
-0.9187511
-0.9176147
-0.9188895
-0.9176522
-0.915732
-0.92080086
-0.91588306
-0.91494364
-0.91764575
-0.91606104
-0.91326106
-0.9164605
-0.9130975
-0.9162498
-0.9184864
-0.9125379
-0.91567266
-0.91964173
-0.9196063
-0.9160327
-0.91623724
-0.9150658
-0.9120571
-0.9162599
-0.91462046
-0.9178269
-0.9116993
-0.9170711
-0.9154232
-0.91283053
-0.91630465
-0.9178164
-0.91620827
-0.9156517
-0.9190863
-0.9172985
-0.91787344
-0.91756517
-0.91809285
-0.9180678
-0.9169671
-0.9145745
-0.9171469
-0.9185954
-0.91762394
-0.9171293
-0.915003
-0.9152059
-0.91622126
-0.91720784
-0.91848385
-0.914727
-0.91636324
-0.91300595
-0.91711015
-0.9162547
-0.91904485
-0.9160106
-0.9161944
-0.91606843
-0.9179764
-0.91788113
-0.91710544
-0.91848546
-0.9106841
-0.9177211
-0.91812056
-0.91354835
-0.915601
-0.9160604
-0.9187741
-0.91598815
-0.9158943
-0.9162215
-0.9168814
-0.91833586
-0.91810507
-0.91724193
-0.91646546
-0.9165794
-0.9167588
-0.91985655
-0.9163968
-0.913088
-0.9174599
-0.9170681
-0.9161921
-0.917561
-0.91588414
-0.91544175
-0.91911685
-0.9112879
-0.915156
-0.9191796
-0.9138372
-0.9151201
-0.91768754
-0.91716486
-0.91776925
-0.91562754
-0.9173827
-0.9168347
-0.91850513
-0.9177358
-0.91266954
-0.9150763
-0.9152512
-0.9144025
-0.9175876
-0.9145306
-0.9167196
-0.91795635
-0.91711
-0.91730535
-0.9201002
-0.9158354
-0.91798836
-0.91628945
-0.9178693
-0.915086
-0.9144094
-0.9170086
-0.9176874
-0.9172651
-0.9172012
-0.91970575
-0.91563576
-0.91792464
-0.91632754
-0.91797924
-0.91790694
-0.9160638
-0.9165839
-0.91754246
-0.91843945
-0.9165565
-0.91626894
-0.918544
-0.916328
-0.91575474
-0.9157765
-0.91819555
-0.9155207
-0.9159229
-0.9155476
-0.91832864
-0.91647005
-0.91816366
-0.91626513
-0.9220118
-0.91501075
-0.91752124
-0.91523314
-0.9151539
-0.9137346
-0.9171888
-0.9167339
-0.9197055
-0.9151691
-0.9163014
-0.9160435
-0.9129641
-0.91667885
-0.9164611
-0.9152395
-0.91585237
-0.9168414
-0.92060447
-0.91735774
-0.9215077
-0.91444796
-0.91615564
-0.9153509
-0.91785926
-0.9137162
-0.9177061
-0.91681474
-0.91724885
-0.91923964
-0.9189099
-0.91708905
-0.9159742
-0.9179813
-0.9188084
-0.91838914
-0.9164806
-0.91529185
-0.9166918
-0.91332763
-0.91596925
-0.9160613
-0.91690964
-0.916283
-0.9152713
-0.91536635
-0.9177598
-0.9169448
-0.91486245
-0.9130676
-0.9166304
-0.91795933
-0.9172964
-0.9200395
-0.9150184
-0.9171224
-0.91827035
-0.9148302
-0.91371214
-0.9141066
-0.9181064
-0.9187247
-0.91718596
-0.91355133
-0.91617155
-0.919405
-0.9153963
-0.9191509
-0.91807985
-0.9192143
-0.916311
-0.9190319
-0.91806734
-0.91650456
-0.9189307
-0.9193273
-0.9164103
-0.9189554
-0.912579
-0.9146111
-0.9192932
-0.91824543
-0.92066836
-0.915254
-0.9149689
-0.9151807
-0.91348004
-0.9139688
-0.9164319
-0.919805
-0.917516
-0.9200717
-0.9190464
-0.918173
-0.91702425
-0.9161917
-0.91635185
-0.9193483
-0.92018855
-0.91923296
-0.91976434
-0.9157159
-0.91587055
-0.9206891
-0.9177189
-0.91714644
-0.918815
-0.91829777
-0.91734165
-0.9174847
-0.91958636
-0.9208203
-0.91908187
-0.9154342
-0.918854
-0.9187427
-0.917605
-0.9180034
-0.91904163
-0.9194748
-0.9200852
-0.9173664
-0.9102343
-0.9149193
-0.91521406
-0.91594994
-0.91921836
-0.913468
-0.9162048
-0.9182305
-0.9166284
-0.91342413
-0.91782284
-0.9190564
-0.91580456
-0.9131506
-0.9170363
-0.9186459
-0.91741645
-0.91696525
-0.91965127
-0.91989684
-0.9124777
-0.9183219
-0.91809237
-0.91865796
-0.91897035
-0.91761035
-0.91620404
-0.9195145
-0.9187458
-0.919023
-0.91607344
-0.9183439
-0.9182549
-0.91776377
-0.9175611
-0.91569483
-0.91869044
-0.91990364
-0.91653454
-0.9167335
-0.91420835
-0.92065006
-0.91417205
-0.9176258
-0.91626275
-0.91731256
-0.9190782
-0.9190171
-0.91684824
-0.9160339
-0.91676885
-0.9152775
-0.9178456
-0.919119
-0.91726416
-0.91361374
-0.9176625
-0.91399026
-0.91915494
-0.91832197
-0.9177781
-0.9186697
-0.9166692
-0.91907847
-0.9170452
-0.91866386
-0.91741
-0.91595286
-0.91906744
-0.9185416
-0.9153411
-0.9183689
-0.9129359
-0.9183406
-0.91895354
-0.9158748
-0.9191404
-0.92082775
-0.9185053
-0.9187893
-0.92145824
-0.9177268
-0.919377
-0.919472
-0.9184727
-0.91955215
-0.91585535
-0.9182688
-0.91742706
-0.91979516
-0.91550946
-0.91856545
-0.91688174
-0.91227525
-0.9173844
-0.9181803
-0.9197263
-0.9181174
-0.9186339
-0.9173745
-0.91823804
-0.919595
-0.913366
-0.9192357
-0.9172
-0.91745955
-0.91830695
-0.91497964
-0.9173942
-0.9221102
-0.9182719
-0.9172416
-0.9177397
-0.9200585
-0.9142693
-0.91472775
-0.9162745
-0.9176959
-0.9172017
-0.91209954
-0.91692954
-0.91633993
-0.91692877
-0.91775775
-0.91923463
-0.9183987
-0.9200174
-0.91440225
-0.91649735
-0.91760737
-0.9137712
-0.92054504
-0.9144906
-0.9212418
-0.91661173
-0.91710603
-0.9194393
-0.9204485
-0.919807
-0.9144628
-0.9184625
-0.91753244
-0.91781104
-0.91533166
-0.91834515
-0.91786486
-0.9167661
-0.91888666
-0.9169027
-0.91786087
-0.9181344
-0.91326576
-0.9178261
-0.9168239
-0.91872555
-0.9183349
-0.91737646
-0.9177275
-0.9175132
-0.9222278
-0.9202667
-0.9169619
-0.92109
-0.916934
-0.91879106
-0.9171653
-0.9179687
-0.9178723
-0.918714
-0.91746306
-0.9181217
-0.917866
-0.91209626
-0.9139229
-0.915555
-0.9174753
-0.91633207
-0.91456956
-0.9173619
-0.91462064
-0.9199861
-0.91646373
-0.9159395
-0.91805595
-0.91396105
-0.91802025
-0.919739
-0.91654164
-0.91772
-0.9183547
-0.918876
-0.9183347
-0.9174581
-0.91547
-0.91769433
-0.9156885
-0.91655654
-0.9170417
-0.9174726
-0.92006814
-0.9178611
-0.91799027
-0.9175081
-0.9191881
-0.91821754
-0.9208286
-0.9184947
-0.9178672
-0.9165093
-0.91685826
-0.9184465
-0.9149784
-0.9162332
-0.918089
-0.9156439
-0.91758543
-0.9164807
-0.9165036
-0.91441
-0.9158286
-0.9209381
-0.91461056
-0.9209261
-0.92077994
-0.9164932
-0.9191666
-0.91885
-0.9173931
-0.9171739
-0.91739196
-0.91955304
-0.9146378
-0.9160647
-0.9167709
-0.92142177
-0.9168482
-0.9171237
-0.91911775
-0.9198089
-0.9197966
-0.91730136
-0.9173122
-0.91490984
-0.9190253
-0.91466427
-0.9186271
-0.9218917
-0.91920143
-0.9143215
-0.9216221
-0.9168616
-0.9172609
-0.91719186
-0.91753215
-0.91790915
-0.91706437
-0.92159444
-0.9193527
-0.9176661
-0.91409165
-0.9166385
-0.9155062
-0.9158792
-0.9163199
-0.9140519
-0.9192008
-0.921301
-0.9165576
-0.919459
-0.9175928
-0.9177088
-0.92021245
-0.92033017
-0.9167926
-0.91815037
-0.9188641
-0.9194485
-0.91881144
-0.91889083
-0.9187896
-0.9164927
-0.9150661
-0.9140269
-0.91681933
-0.91780657
-0.92050314
-0.91816515
-0.9176735
-0.91884065
-0.9184981
-0.91940737
-0.9144432
-0.92060775
-0.9187348
-0.9177414
-0.91675615
-0.9181526
-0.91596556
-0.91902786
-0.9179517
-0.91761595
-0.91707027
-0.918247
-0.9179721
-0.9190749
-0.9187714
-0.91435957
-0.9201002
-0.9165791
-0.9165569
-0.9183458
-0.92107165
-0.91812676
-0.9180249
-0.91555697
-0.9200584
-0.91749173
-0.9147645
-0.9162022
-0.9200453
-0.9182354
-0.9171138
-0.91806823
-0.9176509
-0.9177795
-0.9176792
-0.9163768
-0.9192691
-0.919669
-0.9178563
-0.9207796
-0.91819715
-0.9172842
-0.9161098
-0.914971
-0.913876
-0.9171574
-0.91967887
-0.91773605
-0.9176166
-0.9171988
-0.91434014
-0.9210387
-0.91702205
-0.91592187
-0.91830766
-0.9184983
-0.91421694
-0.9233216
-0.91719586
-0.91737306
-0.9183522
-0.9158584
-0.91500753
-0.9183847
-0.91645694
-0.9176776
-0.91491026
-0.918492
-0.9155039
-0.9156501
-0.91616315
-0.9153955
-0.9135993
-0.91493905
-0.9161147
-0.91768414
-0.9184618
-0.9164598
-0.917468
-0.9143105
-0.9184358
-0.91723776
-0.91717994
-0.91684294
-0.91767377
-0.9177016
-0.9157686
-0.91509736
-0.9185026
-0.9162481
-0.91632384
-0.91664344
-0.9195251
-0.9158824
-0.91856885
-0.9173209
-0.9167853
-0.92050683
-0.9165308
-0.91783804
-0.9139859
-0.9203233
-0.9166721
-0.91857684
-0.91454077
-0.91635394
-0.91459656
-0.91586435
-0.9166695
-0.9193556
-0.9166301
-0.9177614
-0.9162879
-0.91500306
-0.9163074
-0.917355
-0.91972977
-0.9191141
-0.9204837
-0.92066866
-0.9179319
-0.9201777
-0.91801274
-0.91854584
-0.92133045
-0.91979915
-0.9171131
-0.92251784
-0.9189534
-0.9151589
-0.9184461
-0.9168496
-0.92062575
-0.9158452
-0.9227802
-0.92010105
-0.91797525
-0.91557056
-0.9199279
-0.9208192
-0.9196985
-0.91787285
-0.919375
-0.9183529
-0.9178105
-0.91949916
-0.9180784
-0.9189005
-0.9151161
-0.9201891
-0.91819257
-0.91973585
-0.91660017
-0.9183024
-0.9180768
-0.9179498
-0.9183962
-0.91962916
-0.91913575
-0.9170044
-0.9188781
-0.9189634
-0.9174039
-0.9159102
-0.91985923
-0.91785216
-0.918119
-0.91803086
-0.92069435
-0.91746294
-0.9179934
-0.91864246
-0.91882575
-0.91846824
-0.92126405
-0.921189
-0.9180292
-0.9172733
-0.9179086
-0.91871476
-0.92058134
-0.921242
-0.91871315
-0.91351193
-0.92007965
-0.91691333
-0.9188337
-0.91618294
-0.91961306
-0.9160085
-0.916353
-0.91721624
-0.9180931
-0.9179234
-0.9200506
-0.9179278
-0.9205065
-0.91894686
-0.92071384
-0.9162486
-0.91702557
-0.9161186
-0.9158293
-0.91813093
-0.91807866
-0.9177207
-0.92101884
-0.91947734
-0.9185139
-0.9175627
-0.9172981
-0.9169551
-0.91560256
-0.91644675
-0.92044955
-0.916272
-0.91986024
-0.9192499
-0.9151819
-0.9174611
-0.91844046
-0.9190189
-0.9196217
-0.9191002
-0.91978055
-0.9148444
-0.9181338
-0.9183538
-0.9170698
-0.91830826
-0.9164699
-0.9150461
-0.9191474
-0.9140136
-0.9166535
-0.91707295
-0.91500807
-0.9182584
-0.91757506
-0.91740257
-0.9176739
-0.9199737
-0.9180229
-0.9176737
-0.9179417
-0.9193482
-0.91798675
-0.9205197
-0.92046666
-0.9191763
-0.9191728
-0.9194385
-0.91879517
-0.9189642
-0.9174239
-0.9164592
-0.9201697
-0.9177721
-0.9173186
-0.9157201
-0.9192311
-0.9188096
-0.9157175
-0.9171399
-0.9186699
-0.9204379
-0.9169751
-0.9157306
-0.91547304
-0.9147008
-0.91672033
-0.9190968
-0.91747904
-0.9185207
-0.9200334
-0.91895807
-0.92033124
-0.9171376
-0.9186032
-0.9178825
-0.91934323
-0.9174537
-0.9191068
-0.91998637
-0.9196372
-0.91658384
-0.920264
-0.9167366
-0.9200744
-0.9198283
-0.9170167
-0.9210555
-0.91650695
-0.919396
-0.9167547
-0.91869915
-0.9187871
-0.9165857
-0.9211638
-0.92029727
-0.9222131
-0.9188219
-0.91738814
-0.9180963
-0.9212154
-0.9182106
-0.9160945
-0.9187764
-0.9180776
-0.9182289
-0.92141825
-0.91792345
-0.9164107
-0.91547
-0.921723
-0.9170487
-0.91877866
-0.91786885
-0.91959673
-0.9190684
-0.9202974
-0.9189674
-0.91746265
-0.92152077
-0.92076623
-0.9171487
-0.91893625
-0.92036635
-0.9157109
-0.916647
-0.9154497
-0.9193794
-0.91807485
-0.9159162
-0.91751796
-0.91973346
-0.9198623
-0.91855866
-0.91679835
-0.918676
-0.9173523
-0.9202277
-0.9186646
-0.9184926
-0.9157673
-0.916678
-0.9211243
-0.91822714
-0.91770333
-0.9183032
-0.9176999
-0.9161189
-0.92033976
-0.9165032
-0.9190103
-0.9173723
-0.91652304
-0.9168325
-0.923656
-0.9151399
-0.91693276
-0.91684806
-0.9198614
-0.9194542
-0.91776216
-0.9160649
-0.9195475
-0.917416
-0.9208495
-0.9191242
-0.9171961
-0.9173656
-0.9199896
-0.92126757
-0.9197302
-0.91677904
-0.91998196
-0.9159667
-0.9200593
-0.91935736
-0.9172061
-0.9211594
-0.9163962
-0.9193403
-0.9167657
-0.9199495
-0.9194596
-0.91565394
-0.9202659
-0.91896063
-0.9206747
-0.9162852
-0.91807425
-0.9163955
-0.92241967
-0.91902685
-0.91606194
-0.9206237
-0.9167079
-0.9193301
-0.9201113
-0.9195473
-0.9194787
-0.9206837
-0.91873854
-0.91966605
-0.917026
-0.9214947
-0.9174471
-0.9213679
-0.91699123
-0.91599315
-0.92140627
-0.9203001
-0.916139
-0.9186208
-0.91928893
-0.9205921
-0.9180949
-0.91784316
-0.91717505
-0.9148947
-0.91805154
-0.9193617
-0.9182614
-0.91650164
-0.9167314
-0.91873735
-0.9177327
-0.91774553
-0.9199886
-0.9178081
-0.91614616
-0.91601455
-0.9143869
-0.91458124
-0.91892636
-0.91675645
-0.91773766
-0.9156083
-0.9182088
-0.9185245
-0.9172505
-0.9174048
-0.9170744
-0.9182388
-0.91545653
-0.91913235
-0.91306937
-0.9201918
-0.916484
-0.9176995
-0.91821545
-0.91891
-0.91548795
-0.92062414
-0.9178963
-0.9153607
-0.92163604
-0.9204072
-0.91830504
-0.9180483
-0.9187692
-0.91662693
-0.91985863
-0.9171783
-0.9215092
-0.9181469
-0.91955197
-0.91805947
-0.9216776
-0.91852224
-0.9201454
-0.91723114
-0.92129046
-0.9169149
-0.91501385
-0.9199599
-0.9171357
-0.9202255
-0.9201019
-0.91876453
-0.91706824
-0.9172212
-0.91505325
-0.9200852
-0.92056257
-0.9197219
-0.91850424
-0.91938984
-0.9173057
-0.915715
-0.91812223
-0.9201103
-0.9186174
-0.9187922
-0.9200562
-0.918667
-0.9177608
-0.9182064
-0.9180014
-0.91831934
-0.9174432
-0.9173915
-0.920786
-0.91696906
-0.9175539
-0.9169981
-0.917786
-0.9165451
-0.9192801
-0.91920227
-0.9211505
-0.9176362
-0.9167773
-0.91791826
-0.9200372
-0.9170819
-0.9173115
-0.9208119
-0.9202729
-0.9185411
-0.91868955
-0.9186304
-0.92191553
-0.9213164
-0.9185737
-0.91967964
-0.92139906
-0.9201973
-0.92057323
-0.920255
-0.9164769
-0.920214
-0.92028683
-0.9200097
-0.91568786
-0.91970074
-0.91919225
-0.9184856
-0.9196062
-0.91822165
-0.91582376
-0.9197426
-0.91858304
-0.9209153
-0.9184203
-0.91483325
-0.920533
-0.92137206
-0.9204627
-0.9170663
-0.91947025
-0.91786164
-0.9226727
-0.91928065
-0.9158525
-0.921238
-0.9162916
-0.920136
-0.9176968
-0.9196889
-0.9175968
-0.9174864
-0.91754746
-0.92247576
-0.9243576
-0.9162133
-0.92226714
-0.9160956
-0.91672236
-0.9193363
-0.9180005
-0.91574293
-0.91833115
-0.9146871
-0.9215883
-0.9194686
-0.91611254
-0.92042047
-0.91697836
-0.922232
-0.9182126
-0.9199634
-0.91858906
-0.91798645
-0.92121285
-0.92044264
-0.919234
-0.9200784
-0.9205285
-0.91523045
-0.9169394
-0.91989166
-0.9174924
-0.9159741
-0.9164247
-0.9181922
-0.9192939
-0.919635
-0.9187433
-0.9185024
-0.9203366
-0.91902065
-0.91752416
-0.91911304
-0.9192423
-0.92038816
-0.91940606
-0.9206669
-0.92031145
-0.92059326
-0.919946
-0.92029583
-0.91788787
-0.92217976
-0.9175596
-0.9216557
-0.9199856
-0.9165906
-0.91772276
-0.9165962
-0.919651
-0.92071253
-0.9192184
-0.92053086
-0.92300904
-0.9201762
-0.92004913
-0.9181963
-0.91967666
-0.9201649
-0.9189464
-0.9192654
-0.9169953
-0.92043185
-0.9204132
-0.9218948
-0.91928756
-0.91735524
-0.91903806
-0.9181275
-0.9183249
-0.9195436
-0.9177541
-0.9205969
-0.916533
-0.92082
-0.91771895
-0.91871893
-0.9177209
-0.9176604
-0.91864115
-0.9197272
-0.9224073
-0.9192983
-0.92159706
-0.9202459
-0.9173622
-0.9160812
-0.92034245
-0.9220328
-0.91995394
-0.918386
-0.91849685
-0.92129654
-0.91976017
-0.91688645
-0.91963303
-0.91705674
-0.91823316
-0.9178596
-0.9207803
-0.92038655
-0.9192055
-0.92144495
-0.91903114
-0.9207727
-0.91732174
-0.9205095
-0.9218635
-0.9166277
-0.91844153
-0.91984665
-0.91924477
-0.91858727
-0.9164003
-0.918309
-0.91796595
-0.91687673
-0.9185403
-0.9212433
-0.92190945
-0.92085123
-0.9216882
-0.91728866
-0.9188667
-0.9203129
-0.91825753
-0.91656905
-0.9215397
-0.91905373
-0.91890556
-0.9175808
-0.9173844
-0.91852164
-0.91752476
-0.92216146
-0.91748756
-0.91446614
-0.9180151
-0.9235493
-0.91883075
-0.91968536
-0.92027795
-0.9224223
-0.920437
-0.9204573
-0.9204364
-0.9162066
-0.9172114
-0.920555
-0.918269
-0.91972786
-0.92064375
-0.9221881
-0.91601765
-0.92013055
-0.91738844
-0.9202332
-0.9198398
-0.92224824
-0.92295873
-0.91753244
-0.9161867
-0.9194771
-0.9194767
-0.91877925
-0.9184157
-0.9185908
-0.9169529
-0.921109
-0.9193686
-0.91857636
-0.91891986
-0.919137
-0.91664624
-0.92183155
-0.91530377
-0.9186651
-0.9154125
-0.9174388
-0.92231745
-0.9189058
-0.9172247
-0.91951865
-0.9195135
-0.9165192
-0.9182606
-0.91855186
-0.91969794
-0.9185335
-0.9195407
-0.92285985
-0.9185597
-0.9226667
-0.9213032
-0.92017525
-0.9214546
-0.92208517
-0.9184153
-0.9184002
-0.9169607
-0.9200724
-0.9172921
-0.918566
-0.92162
-0.9197704
-0.9192663
-0.91790617
-0.91845936
-0.91866577
-0.9169212
-0.9202293
-0.91868424
-0.920036
-0.9193366
-0.91833895
-0.9173392
-0.92024475
-0.91812605
-0.9200857
-0.919414
-0.9189812
-0.91809464
-0.9188135
-0.9185636
-0.92133164
-0.9168166
-0.9169638
-0.9164622
-0.9208242
-0.9192293
-0.9199926
-0.91758347
-0.91749644
-0.91937894
-0.9195469
-0.9190437
-0.9209425
-0.9195277
-0.91893625
-0.9160209
-0.91931003
-0.92161375
-0.91818655
-0.9175562
-0.9191673
-0.92095095
-0.91840756
-0.9183661
-0.9197694
-0.9186562
-0.9169059
-0.9170071
-0.91872245
-0.9178872
-0.9172068
-0.91882145
-0.91955006
-0.9178548
-0.91881526
-0.91821164
-0.91666996
-0.9175883
-0.9187746
-0.92048985
-0.9182689
-0.9169518
-0.92188054
-0.92228985
-0.920081
-0.91795516
-0.9208448
-0.91887456
-0.91867226
-0.9163795
-0.92106557
-0.9193123
-0.9207279
-0.91951895
-0.9190144
-0.91847634
-0.9212667
-0.92186713
-0.9168821
-0.9193925
-0.9223547
-0.91920304
-0.9201469
-0.9209151
-0.92309105
-0.9209623
-0.91880465
-0.91783726
-0.9153358
-0.9209558
-0.91962636
-0.91870594
-0.91915065
-0.92029786
-0.92025185
-0.9187058
-0.9194311
-0.9172063
-0.9188185
-0.9200069
-0.91964704
-0.9187792
-0.9158628
-0.92394555
-0.9197575
-0.9205005
-0.920831
-0.92248875
-0.9194165
-0.9216285
-0.91997445
-0.92159027
-0.91900486
-0.9215097
-0.91767526
-0.9203885
-0.9197484
-0.91531754
-0.9194658
-0.92242646
-0.9206939
-0.92004246
-0.91941404
-0.9221133
-0.9215732
-0.91538256
-0.91976666
-0.9197166
-0.9191311
-0.9169707
-0.9209641
-0.9180363
-0.9223422
-0.920208
-0.92128766
-0.92205083
-0.92127675
-0.9191455
-0.9198894
-0.9189356
-0.92065364
-0.91914624
-0.9196959
-0.91875535
-0.91766465
-0.91851574
-0.92051786
-0.91879773
-0.92113155
-0.9203737
-0.9190349
-0.92011005
-0.9213932
-0.92116576
-0.92106116
-0.9191729
-0.9219936
-0.91929775
-0.92066824
-0.91696554
-0.9195499
-0.9179167
-0.91802144
-0.91752225
-0.9208842
-0.91992897
-0.9203315
-0.9204055
-0.9214904
-0.9194873
-0.91883475
-0.91682893
-0.92082655
-0.9186447
-0.9182696
-0.9177367
-0.9229575
-0.913633
-0.9214748
-0.92005765
-0.92016256
-0.9218171
-0.92061955
-0.9204277
-0.91817576
-0.91817296
-0.9197892
-0.9226544
-0.9181809
-0.91657853
-0.91930497
-0.91984344
-0.92004836
-0.9181437
-0.9194337
-0.9171028
-0.9175513
-0.91943914
-0.9214987
-0.91978604
-0.91981435
-0.92136085
-0.9181494
-0.91896886
-0.91536033
-0.91845816
-0.9191414
-0.92012393
-0.9230488
-0.91911066
-0.9185602
-0.91901016
-0.91961455
-0.9153119
-0.9185491
-0.92188823
-0.9195517
-0.9209022
-0.9194931
-0.9173669
-0.91680914
-0.9192305
-0.91826594
-0.9220416
-0.91956544
-0.91731834
-0.9188413
-0.9223861
-0.92208844
-0.91984904
-0.9184214
-0.9174914
-0.92036927
-0.9192813
-0.9185433
-0.9201983
-0.9202696
-0.91939753
-0.9165129
-0.91779196
-0.91770035
-0.91896695
-0.91908556
-0.9230895
-0.9199174
-0.92074645
-0.9191771
-0.9185005
-0.9170079
-0.9159408
-0.92099154
-0.91926104
-0.92158586
-0.9190224
-0.92022187
-0.9203113
-0.91948795
-0.92143005
-0.9171154
-0.91910493
-0.91935074
-0.9210728
-0.9166887
-0.91879785
-0.9183034
-0.9201531
-0.9172275
-0.9168357
-0.9184048
-0.9189241
-0.92070925
-0.9233272
-0.92141837
-0.9191399
-0.9181915
-0.91716844
-0.91877705
-0.9197191
-0.91610223
-0.92017347
-0.9181712
-0.91769886
-0.91905814
-0.91714036
-0.92328024
-0.9224664
-0.91994685
-0.9180336
-0.91651285
-0.91852796
-0.92083997
-0.9187977
-0.92269593
-0.9185804
-0.91840565
-0.91968316
-0.919572
-0.9193396
-0.9199871
-0.9221957
-0.9195523
-0.9197183
-0.92309123
-0.9186811
-0.919082
-0.9190937
-0.91780216
-0.92290515
-0.91679543
-0.921064
-0.91952425
-0.9206366
-0.9224643
-0.9211305
-0.91691786
-0.9189597
-0.91792125
-0.91981226
-0.9225554
-0.92280793
-0.92224944
-0.9218846
-0.91972554
-0.92055666
-0.91784245
-0.9204176
-0.9220613
-0.9209771
-0.91981554
-0.9186491
-0.91851765
-0.9201947
-0.92018604
-0.9167137
-0.9177061
-0.9202845
-0.9184258
-0.92358714
-0.919126
-0.91838026
-0.9197186
-0.92251515
-0.9199042
-0.91789687
-0.92076814
-0.9201213
-0.9206594
-0.9206955
-0.9188617
-0.9174075
-0.9192425
-0.9224704
-0.9200018
-0.919954
-0.91780734
-0.92097414
-0.922136
-0.91880167
-0.9156932
-0.91865355
-0.92100084
-0.92349964
-0.9228484
-0.917361
-0.9184646
-0.9210375
-0.9214819
-0.9222325
-0.91990143
-0.9175
-0.92011434
-0.91757804
-0.91935045
-0.91851586
-0.91764385
-0.9225219
-0.9185218
-0.9207341
-0.9201102
-0.9213297
-0.9184475
-0.91980416
-0.9192276
-0.918307
-0.9185911
-0.91487247
-0.9209443
-0.92148757
-0.91954386
-0.9195316
-0.92058074
-0.91925436
-0.9196218
-0.91964865
-0.9167015
-0.9200297
-0.9177758
-0.91852176
-0.9184441
-0.9190405
-0.9187304
-0.9186059
-0.91713214
-0.92016995
-0.92102766
-0.920995
-0.9237297
-0.91984135
-0.91923296
-0.9197861
-0.9208418
-0.92051786
-0.9185264
-0.9212668
-0.9218271
-0.9200217
-0.9222172
-0.9210982
-0.91708195
-0.91921663
-0.9177369
-0.9198834
-0.9167655
-0.918312
-0.917955
-0.91657287
-0.91621065
-0.9175741
-0.91725796
-0.9193346
-0.91822803
-0.91812825
-0.9163978
-0.91668993
-0.9174196
-0.919738
-0.9179577
-0.917638
-0.9201371
-0.92147934
-0.92076474
-0.91979635
-0.9211943
-0.91840464
-0.9207954
-0.91838545
-0.91837126
-0.921158
-0.9230223
-0.9159921
-0.921035
-0.91980773
-0.92259234
-0.9225334
-0.9191091
-0.91983056
-0.9191885
-0.92034376
-0.91669065
-0.9202176
-0.9215107
-0.9192337
-0.9197409
-0.9179874
-0.921308
-0.9188209
-0.9189322
-0.9165297
-0.92158717
-0.91845614
-0.9215283
-0.9201723
-0.92003626
-0.9213442
-0.91974676
-0.9229467
-0.92131126
-0.92146575
-0.9177349
-0.9191334
-0.9209757
-0.92137504
-0.9231654
-0.917231
-0.91810143
-0.9249092
-0.9220919
-0.91934556
-0.9208179
-0.9163753
-0.9216902
-0.91905046
-0.9223983
-0.920354
-0.92041606
-0.91810614
-0.91586846
-0.91765106
-0.9210043
-0.91976947
-0.9197323
-0.9162042
-0.9189973
-0.9195604
-0.918768
-0.9208957
-0.92274207
-0.9173177
-0.9204297
-0.91991746
-0.92322016
-0.9221551
-0.9220364
-0.91791123
-0.9203566
-0.9197592
-0.9179034
-0.92063665
-0.92127025
-0.9202697
-0.91917264
-0.9189852
-0.9207153
-0.9188251
-0.9185321
-0.91786116
-0.9183473
-0.9215485
-0.92024755
-0.9202849
-0.9197589
-0.9212822
-0.92152894
-0.9177962
-0.9218643
-0.92020905
-0.91891944
-0.9180753
-0.9175965
-0.92241037
-0.9209738
-0.9171679
-0.91862744
-0.9192576
-0.9200141
-0.91971606
-0.9204758
-0.9213169
-0.9166244
-0.9205157
-0.9211978
-0.91889435
-0.92293084
-0.9213517
-0.9217101
-0.9203077
-0.9210862
-0.9186817
-0.92112964
-0.91823345
-0.9210505
-0.91843116
-0.9205283
-0.91906774
-0.92124
-0.91970414
-0.9196917
-0.921314
-0.9200685
-0.9184366
-0.919263
-0.91772276
-0.91860616
-0.92142224
-0.9214168
-0.91758674
-0.921709
-0.9178009
-0.9189608
-0.9219705
-0.91846484
-0.9158504
-0.9202109
-0.9203767
-0.9170792
-0.92072177
-0.9198956
-0.9193136
-0.92356765
-0.92057943
-0.92206585
-0.9211468
-0.9191723
-0.91999316
-0.9186954
-0.91939986
-0.9201612
-0.92100674
-0.9169823
-0.9222313
-0.9201971
-0.9166442
-0.92068493
-0.9168035
-0.9195975
-0.9217361
-0.92104584
-0.918848
-0.9196686
-0.9181378
-0.9185831
-0.91898924
-0.91610265
-0.9161991
-0.92190975
-0.91945964
-0.91827375
-0.9184545
-0.91774416
-0.9181516
-0.92266613
-0.91974956
-0.9216608
-0.92392397
-0.9232648
-0.91824305
-0.9208423
-0.9213223
-0.91847545
-0.9189111
-0.9187472
-0.9230869
-0.9202528
-0.9206119
-0.92431754
-0.92321914
-0.9187389
-0.9192333
-0.92089117
-0.9204067
-0.92150116
-0.92287976
-0.91761
-0.91992867
-0.92038834
-0.9209835
-0.9191001
-0.9172795
-0.9177096
-0.9209977
-0.9180853
-0.9225217
-0.91904974
-0.9204494
-0.9202855
-0.92289263
-0.9197045
-0.91906255
-0.91933227
-0.91877204
-0.91951925
-0.9189033
-0.9217358
-0.91962874
-0.9200918
-0.9190356
-0.9218696
-0.9210127
-0.9238344
-0.9180249
-0.9203253
-0.9208282
-0.91767114
-0.91592115
-0.9193808
-0.91930294
-0.9191038
-0.9167004
-0.9204692
-0.9201758
-0.9207779
-0.9232002
-0.92301875
-0.92197484
-0.9218004
-0.9189084
-0.92456055
-0.91900504
-0.9165771
-0.9191865
-0.917889
-0.92068374
-0.92135465
-0.9212423
-0.92081606
-0.92238444
-0.92269796
-0.9196581
-0.92178106
-0.91813964
-0.9178894
-0.91435766
-0.92163455
-0.9200235
-0.91837585
-0.92248213
-0.9176942
-0.9203016
-0.91827273
-0.9194116
-0.91755444
-0.92000675
-0.92195946
-0.919846
-0.91853374
-0.9183668
-0.9226758
-0.91944116
-0.91728544
-0.9204915
-0.91975814
-0.92078197
-0.9203662
-0.9198297
-0.9186483
-0.91852105
-0.91974384
-0.9179171
-0.9149866
-0.92053884
-0.9160186
-0.91872483
-0.9198267
-0.91773343
-0.91925097
-0.91776
-0.91558295
-0.92026263
-0.9185586
-0.91739106
-0.92105263
-0.92127013
-0.9211145
-0.9188096
-0.92033017
-0.91794807
-0.92048323
-0.92214584
-0.9203727
-0.92081434
-0.92184424
-0.9189282
-0.91890585
-0.9203587
-0.9218265
-0.9203609
-0.92040265
-0.91987693
-0.9227891
-0.92121637
-0.92022496
-0.9181301
-0.9175705
-0.91646695
-0.921823
-0.92239213
-0.91789347
-0.9198422
-0.9208135
-0.9169812
-0.919314
-0.9192472
-0.9204473
-0.9216889
-0.91992736
-0.92075765
-0.92155284
-0.92087984
-0.9176838
-0.923805
-0.9214702
-0.9206317
-0.9217353
-0.9200642
-0.9185888
-0.92034626
-0.91973716
-0.91767037
-0.9188448
-0.92121154
-0.9210997
-0.91817266
-0.92081404
-0.9208825
-0.9200261
-0.9218666
-0.91807836
-0.92155665
-0.92110586
-0.917886
-0.91965944
-0.9232814
-0.9186225
-0.92261916
-0.9255666
-0.92068565
-0.91962516
-0.92306495
-0.9213283
-0.9232831
-0.9206759
-0.9172345
-0.92283297
-0.92094386
-0.9191849
-0.9185311
-0.9181444
-0.9202498
-0.92243195
-0.9198863
-0.9206567
-0.9200957
-0.9184513
-0.9219828
-0.92304814
-0.92111033
-0.92024237
-0.9204731
-0.92008877
-0.9195917
-0.9182353
-0.9211518
-0.92208
-0.9181395
-0.92348874
-0.9197629
-0.9194311
-0.9184204
-0.92045534
-0.91891533
-0.9179841
-0.9205543
-0.91862035
-0.91979367
-0.92236435
-0.9222323
-0.9163279
-0.9188433
-0.9212974
-0.92095274
-0.9162567
-0.92122495
-0.9203825
-0.91909707
-0.92073905
-0.91928
-0.9221156
-0.9189813
-0.9194963
-0.922345
-0.9210433
-0.9201907
-0.9168236
-0.91932964
-0.9203791
-0.919117
-0.9162644
-0.9229105
-0.9182042
-0.921963
-0.91940904
-0.9217648
-0.92262423
-0.9208076
-0.9215145
-0.92378473
-0.92197466
-0.92163706
-0.91969013
-0.9172123
-0.91924715
-0.92114717
-0.9213457
-0.9226803
-0.92149293
-0.9222038
-0.91750395
-0.92004293
-0.920742
-0.921918
-0.9174955
-0.9228985
-0.92230636
-0.92143714
-0.9200416
-0.9209746
-0.9189733
-0.9169989
-0.92092645
-0.91886806
-0.92018616
-0.92052466
-0.92092514
-0.92165804
-0.9215329
-0.9196829
-0.9202499
-0.9181571
-0.9237955
-0.91820425
-0.9228046
-0.9181109
-0.91902643
-0.91813797
-0.9198641
-0.92091227
-0.9204272
-0.9186401
-0.9233127
-0.92225474
-0.92038774
-0.91892725
-0.92037725
-0.9196597
-0.92023355
-0.9245228
-0.92152405
-0.9204464
-0.9197605
