-0.7251386
-0.7323085
-0.73190755
-0.7411682
-0.741996
-0.74702495
-0.7520119
-0.75864625
-0.7665269
-0.76879877
-0.77599424
-0.787889
-0.78849113
-0.79406965
-0.798557
-0.8070942
-0.81396794
-0.8162333
-0.82140523
-0.8272292
-0.8300655
-0.83296686
-0.83723676
-0.83984077
-0.84934944
-0.8488173
-0.846298
-0.8544053
-0.8523849
-0.8545358
-0.8624565
-0.8670744
-0.86929107
-0.8696222
-0.87309545
-0.88055414
-0.8737964
-0.8781847
-0.88174677
-0.8860002
-0.884089
-0.8811168
-0.88314885
-0.88423187
-0.88752466
-0.8894624
-0.8917608
-0.89166254
-0.8935523
-0.89402986
-0.9005813
-0.89422506
-0.89872754
-0.9017985
-0.89587694
-0.9011145
-0.9058601
-0.9025596
-0.9053722
-0.90548253
-0.9020982
-0.90938073
-0.9080618
-0.90774006
-0.91171676
-0.9093702
-0.9101722
-0.908901
-0.9093596
-0.9095528
-0.9102504
-0.91259813
-0.9147273
-0.91022116
-0.9121165
-0.9135797
-0.90977734
-0.91698575
-0.9117173
-0.91523135
-0.9135971
-0.91701084
-0.9149951
-0.91411775
-0.91668534
-0.9176163
-0.91676366
-0.919911
-0.9181212
-0.9156878
-0.92056704
-0.91870695
-0.9174073
-0.9177661
-0.9195727
-0.9226602
-0.9201471
-0.9190046
-0.91977286
-0.9167923
