-0.2563901
-0.31071484
-0.33571056
-0.3918424
-0.40087664
-0.4051386
-0.42593813
-0.44677293
-0.4485767
-0.4763183
-0.4729726
-0.4789255
-0.49483627
-0.5069474
-0.507887
-0.507197
-0.51966065
-0.5265326
-0.5175405
-0.51819676
-0.5296008
-0.53527105
-0.5288651
-0.55439574
-0.55350244
-0.55271286
-0.5577826
-0.5518481
-0.5609523
-0.55838656
-0.5608525
-0.564475
-0.56558967
-0.56248546
-0.5723598
-0.5756561
-0.5686352
-0.56352645
-0.5765968
-0.56540203
-0.58226216
-0.58299494
-0.5834108
-0.5745137
-0.58810776
-0.58284277
-0.5898599
-0.5754988
-0.57310283
-0.58296055
-0.58014214
-0.58321583
-0.5887742
-0.588599
-0.5944313
-0.6019461
-0.5960201
-0.588859
-0.5946141
-0.583696
-0.5891731
-0.59866714
-0.6039734
-0.600682
-0.6130508
-0.60692453
-0.6007691
-0.61994517
-0.60445106
-0.6180968
-0.60993344
-0.6127749
-0.61903304
-0.6147163
-0.606841
-0.6110482
-0.6167669
-0.60573214
-0.6174512
-0.6184625
-0.6115216
-0.6156617
-0.61966574
-0.61582774
-0.6113747
-0.61147445
-0.6197665
-0.6214028
-0.6214759
-0.63830775
-0.6148254
-0.61727035
-0.6176371
-0.6295264
-0.6250582
-0.6120253
-0.6188243
-0.6224142
-0.6256179
-0.625845
-0.6295145
-0.6291645
-0.6195559
-0.6331694
-0.62713206
-0.6238491
-0.6228366
-0.64325714
-0.6290976
-0.63365984
-0.6299471
-0.62271595
-0.61954206
-0.63869965
-0.6283852
-0.6297726
-0.6253435
-0.6370824
-0.6343393
-0.6351983
-0.64198637
-0.63234466
-0.6320514
-0.6318793
-0.6341567
-0.6343512
-0.63153946
-0.6274028
-0.62541896
-0.62880653
-0.62662864
-0.6363416
-0.63763446
-0.6323494
-0.6331537
-0.63449883
-0.6362283
-0.6395037
-0.63947517
-0.6290298
-0.6471564
-0.6337986
-0.63568777
-0.642622
-0.63652736
-0.645986
-0.64761925
-0.642223
-0.6482954
-0.64292777
-0.65147877
-0.6426114
-0.64914346
-0.64250845
-0.6472295
-0.6379161
-0.64965916
-0.6449552
-0.643139
-0.65075195
-0.65071064
-0.6491607
-0.64637995
-0.64347327
-0.64760387
-0.6541534
-0.6494079
-0.6520736
-0.65468514
-0.64254373
-0.6476808
-0.6454151
-0.6531061
-0.6520168
-0.65181065
-0.6567732
-0.64761126
-0.6463736
-0.6481167
-0.64461184
-0.66631365
-0.65168875
-0.6508759
-0.65431905
-0.65009767
-0.64697284
-0.6522305
-0.6545302
-0.65230674
-0.65671724
-0.6550124
-0.65095913
-0.6548643
-0.657754
-0.6532336
-0.66725135
-0.6597777
-0.6507036
-0.65304774
-0.66421396
-0.6530927
-0.64480364
-0.6602695
-0.65659785
-0.6624376
-0.6513421
-0.6575888
-0.65058994
-0.6567816
-0.65164834
-0.6459348
-0.6537601
-0.653406
-0.65559757
-0.66325796
-0.6604458
-0.6645078
-0.65469223
-0.6699911
-0.6678556
-0.66603655
-0.6675921
-0.66380036
-0.67428905
-0.6656867
-0.6553022
-0.65678626
-0.65741575
-0.6583408
-0.6737561
-0.6708859
-0.66785246
-0.6688297
-0.6696625
-0.66676635
-0.6610592
-0.6674787
-0.66984636
-0.66557133
-0.66732985
-0.6702192
-0.66601574
-0.67559326
-0.66931814
-0.6652261
-0.66876954
-0.67334116
-0.6699622
-0.68077433
-0.6702269
-0.67985094
-0.67937094
-0.6710387
-0.6741249
-0.67895555
-0.67443097
-0.6661402
-0.66693926
-0.6650119
-0.6700135
-0.6732468
-0.673173
-0.6740084
-0.6807776
-0.6746211
-0.6748904
-0.6699562
-0.67270356
-0.6765402
-0.6755798
-0.6768081
-0.67644215
-0.67574304
-0.6729311
-0.6746629
-0.6780641
-0.676842
-0.68314695
-0.6781926
-0.67650104
-0.6778678
-0.67202026
-0.672834
-0.6708474
-0.6698221
-0.68200856
-0.67622
-0.6735917
-0.67500854
-0.67245156
-0.68648624
-0.6863086
-0.67509776
-0.6827288
-0.6797998
-0.6760454
-0.66224164
-0.67863953
-0.67537916
-0.68127924
-0.6836613
-0.6776245
-0.6796695
-0.67507255
-0.6758805
-0.6839623
-0.68578327
-0.68040395
-0.67530495
-0.6852351
-0.68385
-0.68413794
-0.68114555
-0.67407686
-0.673481
-0.68102616
-0.67137897
-0.67883
-0.6899455
-0.6796097
-0.6810285
-0.68386924
-0.67518634
-0.68468213
-0.6885168
-0.6911167
-0.68774253
-0.6916484
-0.6903199
-0.68751156
-0.6857825
-0.69332576
-0.68039024
-0.6902076
-0.68889165
-0.6903184
-0.6916942
-0.6876289
-0.6869167
-0.6920687
-0.6834825
-0.6865081
-0.68707347
-0.6827889
-0.688714
-0.68382204
-0.6834652
-0.6871274
-0.68829745
-0.6852692
-0.6907497
-0.69338167
-0.683634
-0.690346
-0.6987404
-0.6864344
-0.6871823
-0.68139523
-0.69357145
-0.6959456
-0.6893581
-0.68742937
-0.6872747
-0.68795073
-0.69434327
-0.70017254
-0.6771407
-0.6850682
-0.6802681
-0.6852448
-0.69187224
-0.6917754
-0.6909142
-0.6923173
-0.67891264
-0.67952245
-0.6844382
-0.691917
-0.6992338
-0.69313943
-0.69006455
-0.69046
-0.68935394
-0.690593
-0.6929646
-0.6989541
-0.6944793
-0.69377553
-0.6909185
-0.7005016
-0.6917236
-0.6949872
-0.6905489
-0.6963569
-0.694025
-0.69622576
-0.69370604
-0.69279885
-0.6995621
-0.69792205
-0.68776345
-0.6957613
-0.69503176
-0.6979896
-0.6999643
-0.6989364
-0.6971076
-0.7012152
-0.69908834
-0.6949496
-0.6998835
-0.6913867
-0.6908945
-0.6931325
-0.699671
-0.69386274
-0.6983108
-0.69807494
-0.70814574
-0.70665777
-0.7040405
-0.69630635
-0.70406514
-0.69104457
-0.69236845
-0.6959033
-0.69068754
-0.69336516
-0.69033223
-0.6968609
-0.70105827
-0.69756484
-0.6895094
-0.6932377
-0.6959195
-0.6961743
-0.69476783
-0.6910466
-0.6943424
-0.7026871
-0.70593166
-0.6952115
-0.6911987
-0.7019233
-0.6984186
-0.69546497
-0.69194746
-0.6961394
-0.7020412
-0.69562376
-0.6990905
-0.6976936
-0.68870866
-0.6906709
-0.6985622
-0.69584686
-0.6811164
-0.68955827
-0.68931913
-0.691682
-0.6898678
-0.69027543
-0.69275486
-0.69199663
-0.70060515
-0.7020975
-0.69493395
-0.69170195
-0.68801624
-0.6965622
-0.7012427
-0.6994419
-0.7020051
-0.7000362
-0.6969505
-0.6996393
-0.6938516
-0.70369744
-0.70238185
-0.69737333
-0.700025
-0.69372344
-0.69436854
-0.6997812
-0.70338225
-0.6984507
-0.7026483
-0.7001968
-0.6989022
-0.69452167
-0.7012084
-0.7018726
-0.70592713
-0.7046819
-0.7047544
-0.7142161
-0.7065279
-0.71209395
-0.71073395
-0.7011681
-0.70144016
-0.71089715
-0.70642483
-0.69525003
-0.695572
-0.70609134
-0.7049697
-0.69726694
-0.6927773
-0.6997795
-0.70379966
-0.7014087
-0.708378
-0.70293915
-0.70840627
-0.7048882
-0.70856833
-0.6995604
-0.7066107
-0.706768
-0.7033916
-0.7113207
-0.6916565
-0.69396526
-0.7055097
-0.70400673
-0.70162034
-0.7070689
-0.7052016
-0.700033
-0.6943188
-0.6990485
-0.70405185
-0.6953254
-0.6990745
-0.6929474
-0.6919843
-0.69299257
-0.68291634
-0.69538313
-0.6939501
-0.69475955
-0.6918169
-0.68914956
-0.69941086
-0.6940719
-0.6986074
-0.69286376
-0.69657737
-0.70364475
-0.69920665
-0.70053935
-0.70794
-0.7022972
-0.7056227
-0.70398307
-0.7115008
-0.70040554
-0.7046545
-0.7035486
-0.7074268
-0.6999709
-0.7029551
-0.7031208
-0.70820874
-0.7101486
-0.7012939
-0.7102788
-0.7115282
-0.7095485
-0.7030081
-0.70279324
-0.7144354
-0.71588445
-0.71437883
-0.7105495
-0.7112222
-0.703609
-0.7081373
-0.7123819
-0.7116
-0.70954025
-0.7174201
-0.7135572
-0.71205354
-0.7064722
-0.7100789
-0.7157203
-0.71011597
-0.7030634
-0.7102573
-0.7088943
-0.7178619
-0.72142816
-0.71253943
-0.7169228
-0.70999706
-0.7106648
-0.70426077
-0.7158138
-0.7072271
-0.71498615
-0.7130378
-0.7175108
-0.7138469
-0.7152234
-0.7071564
-0.7093655
-0.71269846
-0.7146273
-0.7057353
-0.7105677
-0.7165998
-0.7125656
-0.71966684
-0.71208555
-0.71974945
-0.7116157
-0.7104436
-0.71904534
-0.7181855
-0.7233522
-0.714024
-0.71536624
-0.7184234
-0.70716846
-0.71678734
-0.71484256
-0.72105944
-0.7200271
-0.71794814
-0.7087598
-0.7202733
-0.71872246
-0.71941644
-0.70675945
-0.71887887
-0.7119312
-0.7115403
-0.7199573
-0.7175159
-0.72206086
-0.7214078
-0.7266262
-0.7166192
-0.71486175
-0.71191686
-0.7188532
-0.7181962
-0.7157969
-0.71180576
-0.722242
-0.7170756
-0.7216756
-0.7124203
-0.7196222
-0.71296144
-0.7142948
-0.72159237
-0.71964437
-0.72060865
-0.71726114
-0.72039235
-0.7188556
-0.72216153
-0.7214974
-0.7155985
-0.723274
-0.71936274
-0.7176205
-0.71772933
-0.71676916
-0.7169496
-0.7165269
-0.72387695
-0.71399117
-0.7207258
-0.7204852
-0.7135445
-0.71585035
-0.7139542
-0.7240103
-0.7239451
-0.724201
-0.715549
-0.713514
-0.71440077
-0.72410333
-0.71971184
-0.71723545
-0.72058576
-0.71883726
-0.7227149
-0.722276
-0.7229016
-0.72665477
-0.726671
-0.7217632
-0.7176313
-0.7196634
-0.72052324
-0.724654
-0.7250918
-0.72175175
-0.7229744
-0.72547346
-0.7277659
-0.7205045
-0.7180851
-0.7207079
-0.7245073
-0.71931165
-0.72116804
-0.7267134
-0.7291916
-0.7255447
-0.72495824
-0.7148443
-0.71959156
-0.7274849
-0.7163898
-0.7158397
-0.7148278
-0.7111167
-0.7131592
-0.7129058
-0.7146907
-0.7118931
-0.7240872
-0.7179948
-0.72028935
-0.70595837
-0.7098416
-0.7172768
-0.71495515
-0.7179061
-0.7163825
-0.7182065
-0.71200025
-0.7151999
-0.7178169
-0.7174942
-0.72276795
-0.72028005
-0.72404426
-0.7261251
-0.7113654
-0.71945304
-0.7235288
-0.7258798
-0.72419226
-0.7251089
-0.7253108
-0.72559845
-0.7260691
-0.7292414
-0.72051513
-0.72893906
-0.7265746
-0.722879
-0.71816313
-0.72425306
-0.7255322
-0.7237437
-0.72884744
-0.71919197
-0.7250114
-0.7279468
-0.7256043
-0.72185063
-0.7222508
-0.71946776
-0.7329568
-0.725514
-0.717025
-0.73266554
-0.72691983
-0.72994006
-0.72230375
-0.731156
-0.7309244
-0.7215293
-0.7281371
-0.73288864
-0.72191405
-0.72343546
-0.72625697
-0.726192
-0.7295411
-0.7231569
-0.7304827
-0.72503334
-0.7249769
-0.7270835
-0.7249329
-0.7234011
-0.72207946
-0.72004926
-0.7279415
-0.7284478
-0.72015053
-0.7205354
-0.7289125
-0.7252388
-0.7348674
-0.72783345
-0.72295547
-0.72500753
-0.7242631
-0.72826314
-0.72079617
-0.7247018
-0.7242976
-0.7291178
-0.7328342
-0.72653735
-0.73448306
-0.72391796
-0.7206327
-0.7274106
-0.72541064
-0.7200669
-0.71972215
-0.7278883
-0.7211682
-0.7243528
-0.7310043
-0.72443444
-0.7260323
-0.735817
-0.7313042
-0.7322539
-0.7272707
-0.7283979
-0.7276113
-0.73157614
-0.7306995
-0.72795594
-0.729768
-0.7268382
-0.72577006
-0.7270181
-0.72652006
-0.72116995
-0.7224986
-0.7235071
-0.7272669
-0.71963894
-0.7332924
-0.7281083
-0.73049283
-0.72436184
-0.72423
-0.72284305
-0.72389036
-0.72467184
-0.7218376
-0.7279427
-0.7276845
-0.7309547
-0.72431874
-0.73011196
-0.72988665
-0.720627
-0.7245279
-0.7211395
-0.72536033
-0.72961277
-0.7227651
-0.7183416
-0.7297287
-0.7368023
-0.73241174
-0.72965664
-0.7326015
-0.72666985
-0.73481804
-0.7273016
-0.7307528
-0.73124486
-0.7369776
-0.7378611
-0.73585594
-0.7398751
-0.73417336
-0.72709453
-0.7357311
-0.73759854
-0.73422843
-0.73889446
-0.72846574
-0.7266301
-0.7373376
-0.7327833
-0.73570204
-0.7368875
-0.7365455
-0.7306621
-0.7325827
-0.72852343
-0.73301667
-0.7254045
-0.7309719
-0.73271114
-0.7316964
-0.7327463
-0.7242359
-0.7364966
-0.73460776
-0.73803973
-0.7367841
-0.7310877
-0.7340615
-0.7359885
-0.73276985
-0.73529094
-0.72770417
-0.7345733
-0.73061603
-0.72780854
-0.72559214
-0.7296756
-0.73044074
-0.72247666
-0.72983885
-0.7173059
-0.71282876
-0.71972394
-0.7247059
-0.7235157
-0.71804965
-0.7297575
-0.7215992
-0.7205545
-0.72624516
-0.72306716
-0.72137195
-0.72067714
-0.7304731
-0.72983885
-0.71661097
-0.720176
-0.7193231
-0.72442085
-0.72182006
-0.7239939
-0.7117074
-0.72601366
-0.724008
-0.7287349
-0.7197089
-0.7281659
-0.72193056
-0.72289133
-0.7262681
-0.7238444
-0.7213091
-0.7263699
-0.71899545
-0.7251194
-0.7186301
-0.7189546
-0.7174017
-0.7239563
-0.7184803
-0.7217707
-0.7245136
-0.7270768
-0.73270196
-0.72507405
-0.7199535
-0.72108066
-0.7285038
-0.729229
-0.72414243
-0.7289722
-0.728879
-0.7365307
-0.7329346
-0.7296077
-0.7279942
-0.7276294
-0.73413074
-0.73645264
-0.7295343
-0.740119
-0.73080516
-0.72901064
-0.72460264
-0.7332717
-0.7302492
-0.7336087
-0.7352729
-0.72931397
-0.72894424
-0.7288507
-0.7322725
-0.7376318
-0.73400176
-0.7362021
-0.7358876
-0.73339576
-0.73938555
-0.7348027
-0.73633736
-0.7342541
-0.72927874
-0.7288792
-0.7369403
-0.7254418
-0.7310487
-0.73810184
-0.73111445
-0.7285737
-0.73696935
-0.7343405
-0.74213135
-0.734135
-0.73968226
-0.73757994
-0.7369535
-0.7427763
-0.7396208
-0.7391573
-0.7427837
-0.74441445
-0.7437105
-0.7346278
-0.74574584
-0.7408021
-0.73832095
-0.7410613
-0.73719156
-0.7407634
-0.74170846
-0.7369031
-0.74035347
-0.73182017
-0.74293363
-0.7408983
-0.7365988
-0.7452434
-0.7403554
-0.73970574
-0.7349894
-0.74133503
-0.7438178
-0.742286
-0.7382865
-0.7387192
-0.74301994
-0.7399322
-0.74192506
-0.7394949
-0.7402553
-0.7369085
-0.7344536
-0.7432702
-0.7424085
-0.73645747
-0.7421266
-0.746799
-0.7380217
-0.7446106
-0.74612075
-0.73950523
-0.7296926
-0.7302012
-0.7400944
-0.7349461
-0.73641074
-0.74364066
-0.73887926
-0.7364858
-0.72978485
-0.74369466
-0.73587084
-0.7421195
-0.74072766
-0.73857516
-0.73987186
-0.738152
-0.7361259
-0.73886657
-0.7329552
-0.7401714
-0.74005693
-0.7413365
-0.7454956
-0.7407294
-0.7373478
-0.73730123
-0.73584557
-0.7348839
-0.7380738
-0.7310937
-0.74193597
-0.7379197
-0.7401581
-0.7473699
-0.7425074
-0.7371453
-0.7402418
-0.73542696
-0.7412601
-0.7431203
-0.74138254
-0.73168904
-0.7391577
-0.73365146
-0.7335434
-0.7391857
-0.7307392
-0.7379179
-0.73725146
-0.7382051
-0.7379817
-0.7419947
-0.7410833
-0.7319673
-0.742372
-0.7354341
-0.74471587
-0.7377587
-0.7350892
-0.74163383
-0.74475074
-0.7437928
-0.7366123
-0.73732126
-0.74344265
-0.7409524
-0.7456479
-0.7466233
-0.73708606
-0.74068725
-0.74767196
-0.7411579
-0.7430304
-0.74050665
-0.73894465
-0.74388826
-0.7415469
-0.740043
-0.7353281
-0.7377468
-0.74019307
-0.746225
-0.7423923
-0.7442447
-0.7456162
-0.74749124
-0.7464083
-0.7461535
-0.7460859
-0.74550974
-0.7439974
-0.7501445
-0.73937035
-0.7450235
-0.74398834
-0.74829507
-0.7467772
-0.7492257
-0.74644977
-0.74864185
-0.7461145
-0.75352746
-0.7448467
-0.7475981
-0.74202645
-0.74535185
-0.7457032
-0.7515075
-0.7443877
-0.75350875
-0.75141597
-0.74951446
-0.74165976
-0.74837613
-0.7451698
-0.7473358
-0.74814487
-0.7469911
-0.74531287
-0.75514376
-0.7469047
-0.74793017
-0.7503851
-0.7478935
-0.7529394
-0.7451616
-0.7491584
-0.7511851
-0.7496995
-0.7435283
-0.7542427
-0.74591863
-0.7521854
-0.7506617
-0.7467625
-0.7477574
-0.75404537
-0.74649185
-0.7483755
-0.75653356
-0.7532506
-0.7450449
-0.7528455
-0.75225085
-0.7586858
-0.75527996
-0.7535309
-0.7463021
-0.7529483
-0.7511081
-0.7573141
-0.75870353
-0.7562216
-0.7523459
-0.74770486
-0.74957234
-0.755824
-0.7538469
-0.748997
-0.7471655
-0.75037646
-0.75571305
-0.7524662
-0.7604961
-0.75625634
-0.7527234
-0.7511632
-0.75111187
-0.75263214
-0.76374906
-0.75517625
-0.753188
-0.7555811
-0.7472481
-0.75376487
-0.7562914
-0.7568427
-0.7540783
-0.75300795
-0.75673944
-0.75077033
-0.7453033
-0.7499391
-0.7465253
-0.753993
-0.7544956
-0.75720394
-0.75523984
-0.76077986
-0.7508163
-0.75399566
-0.7552879
-0.75438416
-0.74853295
-0.756753
-0.7510954
-0.74906117
-0.743175
-0.7566471
-0.7474488
-0.7513784
-0.7524585
-0.7492517
-0.7495605
-0.75434655
-0.7466348
-0.7519908
-0.751162
-0.74771243
-0.74811554
-0.752513
-0.75220627
-0.74961734
-0.7448364
-0.74117506
-0.7514923
-0.75328225
-0.7414368
-0.7417027
-0.7477229
-0.7394538
-0.73847985
-0.7325834
-0.7458567
-0.7468752
-0.74927795
-0.7448494
-0.7424907
-0.748497
-0.7527507
-0.74409336
-0.75605243
-0.7515604
-0.75157356
-0.7559422
-0.7540186
-0.75232375
-0.74654996
-0.7432757
-0.75242
-0.7587864
-0.7556138
-0.75259674
-0.75342625
-0.7516251
-0.7514803
-0.7468167
-0.75271183
-0.75427634
-0.7540654
-0.751406
-0.7514137
-0.7401209
-0.74509716
-0.7475357
-0.7456247
-0.74248993
-0.7580427
-0.7493228
-0.7460228
-0.74972904
-0.7509983
-0.7532064
-0.75264204
-0.75846535
-0.7502175
-0.7442446
-0.7564197
-0.7550311
-0.75264937
-0.7544873
-0.7554143
-0.7520162
-0.7586167
-0.7551064
-0.75280833
-0.7602983
-0.75513494
-0.7558058
-0.7573212
-0.7565232
-0.7547097
-0.7523862
-0.75444555
-0.7570313
-0.75572246
-0.7519406
-0.75468594
-0.75568396
-0.7483835
-0.7497842
-0.7607353
-0.7534857
-0.7514753
-0.7561785
-0.75991064
-0.75874764
-0.7559158
-0.75296086
-0.75130427
-0.74986863
-0.7469145
-0.75210625
-0.7542753
-0.75432897
-0.7491181
-0.74659693
-0.7491206
-0.7496976
-0.74898225
-0.7470469
-0.753615
-0.7500662
-0.74459094
-0.7434053
-0.7504963
-0.7512843
-0.7541602
-0.75309026
-0.76045716
-0.7550437
-0.7561123
-0.7485659
-0.75030786
-0.7603648
-0.7522406
-0.74368006
-0.74669504
-0.75406504
-0.7535885
-0.74642384
-0.7572338
-0.7534887
-0.75746155
-0.751576
-0.7581
-0.76159185
-0.7564459
-0.75415003
-0.7543494
-0.7612814
-0.7605432
-0.7642921
-0.7587117
-0.7513912
-0.75601315
-0.7554374
-0.7555119
-0.75602686
-0.75735706
-0.7561407
-0.7634471
-0.75671744
-0.75668895
-0.75957036
-0.7553683
-0.75945544
-0.7618016
-0.7599262
-0.7574245
-0.7649838
-0.7636137
-0.7608376
-0.7586792
-0.75967145
-0.76302123
-0.7632394
-0.7637096
-0.7689268
-0.7605466
-0.76090467
-0.7648291
-0.7546327
-0.761714
-0.7593717
-0.7606636
-0.76304144
-0.7648547
-0.76128
-0.7602221
-0.76469237
-0.7602673
-0.76259875
-0.7602543
-0.76640004
-0.75729537
-0.75718445
-0.757929
-0.75756854
-0.76188385
-0.7650887
-0.7589178
-0.75771004
-0.7593636
-0.75898385
-0.76274276
-0.7602277
-0.75301206
-0.75492316
-0.75831735
-0.7537189
-0.75673765
-0.75475895
-0.76039535
-0.762329
-0.75940984
-0.7608322
-0.7601145
-0.76341325
-0.75779486
-0.76262885
-0.7647836
-0.76631784
-0.7539719
-0.75671536
-0.7602803
-0.76151884
-0.7589302
-0.7651252
-0.7652186
-0.7606033
-0.762231
-0.76125586
-0.7634601
-0.75384086
-0.74993527
-0.7474633
-0.74757075
-0.75119925
-0.75438976
-0.75062364
-0.7539926
-0.75206065
-0.7535093
-0.75694
-0.76352906
-0.7528368
-0.7590774
-0.75559247
-0.7517749
-0.75449085
-0.76371765
-0.750948
-0.7598244
-0.7583713
-0.7553476
-0.75176233
-0.7599521
-0.75421965
-0.75208014
-0.75293
-0.7532206
-0.7543225
-0.76439154
-0.75456417
-0.7548167
-0.75447017
-0.75312144
-0.75682664
-0.7537002
-0.757661
-0.758472
-0.754863
-0.76018685
-0.75724936
-0.7531334
-0.75483835
-0.75611424
-0.76174384
-0.75504166
-0.76251096
-0.75493586
-0.75879866
-0.76074535
-0.7584375
-0.75725895
-0.75856835
-0.7566768
-0.7634255
-0.76066977
-0.7527707
-0.76508176
-0.76055574
-0.755426
-0.75700545
-0.7590678
-0.75249964
-0.752516
-0.7569922
-0.75605035
-0.76118976
-0.7612554
-0.76238835
-0.75491
-0.754002
-0.7537786
-0.7598246
-0.75100565
-0.7543576
-0.7603685
-0.75925237
-0.75194055
-0.7547676
-0.7564541
-0.7592555
-0.7560686
-0.7581572
-0.74462926
-0.75117064
-0.7531615
-0.7561855
-0.75445855
-0.7527245
-0.74897265
-0.74433273
-0.7558187
-0.7509001
-0.75277203
-0.7601984
-0.7524574
-0.7564801
-0.76317734
-0.7572001
-0.760818
-0.7612908
-0.7596046
-0.7602195
-0.75926894
-0.7602863
-0.76041234
-0.76048446
-0.7578451
-0.75437284
-0.75602645
-0.757375
-0.7583895
-0.7479799
-0.75895023
-0.7550376
-0.7575735
-0.75245
-0.7557885
-0.7494024
-0.75524247
-0.75151205
-0.75794506
-0.76482576
-0.7616654
-0.7537606
-0.75941026
-0.75811523
-0.7568279
-0.76223934
-0.7600404
-0.7628983
-0.75106543
-0.7572228
-0.75662833
-0.7588229
-0.75617343
-0.7563986
-0.75803876
-0.7538406
-0.7594103
-0.7552226
-0.75217
-0.7577599
-0.757301
-0.7537964
-0.7565399
-0.76021135
-0.7590702
-0.7586992
-0.7528246
-0.7533294
-0.7623396
-0.762324
-0.7640619
-0.75557065
-0.76326746
-0.76173604
-0.75892824
-0.76426387
-0.75497067
-0.75770676
-0.7588398
-0.7524897
-0.7602153
-0.7611665
-0.760669
-0.7603613
-0.7605628
-0.758019
-0.7648186
-0.75864804
-0.7623878
-0.76591885
-0.76101875
-0.7603408
-0.7575962
-0.75745046
-0.7579541
-0.75459015
-0.7598232
-0.757216
-0.7592565
-0.7529854
-0.75470334
-0.7574698
-0.76476455
-0.75805455
-0.760653
-0.7527865
-0.7564474
-0.7609245
-0.7548097
-0.76370007
-0.7570523
-0.75852364
-0.7598623
-0.75908357
-0.7624054
-0.7626071
-0.7571432
-0.76062757
-0.75726163
-0.7611884
-0.76451534
-0.7647128
-0.76123524
-0.7616762
-0.761714
-0.75413173
-0.7615726
-0.76197416
-0.76566404
-0.7645687
-0.76239634
-0.77034694
-0.7715444
-0.75634944
-0.7652056
-0.7681186
-0.7659334
-0.7711111
-0.7633093
-0.76106435
-0.76341766
-0.7650592
-0.76168305
-0.7615405
-0.75448203
-0.76490086
-0.75765705
-0.7628601
-0.76734424
-0.7635643
-0.76424795
-0.7613461
-0.7591817
-0.76289684
-0.76391643
-0.764341
-0.7645525
-0.76184154
-0.75965846
-0.7661628
-0.7657192
-0.76743853
-0.7651129
-0.7640853
-0.76272327
-0.77337366
-0.7669027
-0.7684042
-0.7710506
-0.76673555
-0.7683865
-0.7632075
-0.7595227
-0.7619048
-0.77017695
-0.768592
-0.7666236
-0.7594336
-0.7650438
-0.76170105
-0.7722546
-0.7679897
-0.7706289
-0.7658986
-0.75838554
-0.76100814
-0.77242386
-0.76827085
-0.768276
-0.76360023
-0.77001196
-0.7723604
-0.7679171
-0.7658331
-0.7703749
-0.76142794
-0.7716283
-0.7673523
-0.7687842
-0.7657023
-0.77036977
-0.76310635
-0.76638657
-0.7697446
-0.77043253
-0.7713343
-0.7685126
-0.76908034
-0.77302176
-0.77342933
-0.773431
-0.77124375
-0.7670501
-0.7750466
-0.7720799
-0.77278996
-0.77022517
-0.77325195
-0.76809144
-0.76653314
-0.7776042
-0.77155095
-0.7674235
-0.77022755
-0.7696217
-0.77062225
-0.77037686
-0.76744395
-0.77279645
-0.77089024
-0.7673315
-0.7536562
-0.77244586
-0.76693356
-0.76562387
-0.77098215
-0.76898634
-0.76722157
-0.76568395
-0.7619741
-0.768629
-0.7722882
-0.7706297
-0.76861566
-0.7704477
-0.76684964
-0.76510227
-0.7734252
-0.77362174
-0.77160007
-0.7697851
-0.76692957
-0.76395285
-0.7639701
-0.77011466
-0.7679253
-0.7659611
-0.76959604
-0.769746
-0.7736713
-0.76819843
-0.76522017
-0.76161104
-0.76740557
-0.7648216
-0.76596594
-0.7736369
-0.7707975
-0.77335525
-0.771848
-0.7696967
-0.7716411
-0.77015346
-0.7721529
-0.7752217
-0.77324975
-0.77583796
-0.77112937
-0.7699581
-0.7714343
-0.77087647
-0.7672283
-0.77098846
-0.7755406
-0.7677137
-0.7678153
-0.7704849
-0.76763994
-0.76872814
-0.7748968
-0.77279466
-0.77859604
-0.77198684
-0.7765544
-0.77059925
-0.7760059
-0.77817345
-0.77717286
-0.7778667
-0.776558
-0.7756332
-0.7792715
-0.7744988
-0.76975375
-0.77634156
-0.7702983
-0.7744828
-0.7771878
-0.7649533
-0.77068424
-0.7732063
-0.77786875
-0.77248347
-0.7668589
-0.76231724
-0.7634504
-0.7736471
-0.7766571
-0.77425194
-0.7794948
-0.7697232
-0.7761083
-0.7752326
-0.76937073
-0.7741924
-0.7761049
-0.7755148
-0.7740729
-0.7718202
-0.78064126
-0.77493846
-0.77600783
-0.76934767
-0.7746548
-0.7704871
-0.77740407
-0.7758609
-0.7751948
-0.7707436
-0.77337533
-0.7771235
-0.77721035
-0.77570856
-0.76724625
-0.77441305
-0.77572024
-0.7683633
-0.77530575
-0.77368844
-0.7707188
-0.769187
-0.77745765
-0.77737767
-0.7730884
-0.7765466
-0.7764343
-0.77621275
-0.7737349
-0.7792377
-0.76394796
-0.7746216
-0.7714344
-0.7762445
-0.77176076
-0.76793766
-0.77397215
-0.76980793
-0.7729546
-0.7690415
-0.76863587
-0.771522
-0.7754966
-0.770933
-0.77483577
-0.7733856
-0.76479363
-0.771101
-0.76573074
-0.7732108
-0.771427
-0.77232045
-0.770176
-0.7733075
-0.7710862
-0.77305263
-0.7736541
-0.7744697
-0.76806295
-0.77481455
-0.7750747
-0.7710945
-0.77126265
-0.7776247
-0.7701347
-0.76602733
-0.76975137
-0.77690476
-0.76914203
-0.77082723
-0.76905817
-0.7744605
-0.773055
-0.7726996
-0.7704473
-0.7764847
-0.7750246
-0.7779397
-0.7736865
-0.7712625
-0.7767555
-0.77597266
-0.77644324
-0.7719366
-0.77998495
-0.7831172
-0.7802141
-0.77472055
-0.7811141
-0.7806204
-0.7757671
-0.7745036
-0.77961814
-0.77770716
-0.77350944
-0.7678571
-0.7699992
-0.7723451
-0.7698976
-0.7623374
-0.7675799
-0.7716573
-0.7692549
-0.76567936
-0.7698332
-0.7630538
-0.7573918
-0.7611637
-0.7712708
-0.7637933
-0.76124394
-0.76190907
-0.76097554
-0.75787556
-0.76034474
-0.76649165
-0.76693124
-0.75610316
-0.7608393
-0.7589109
-0.7660726
-0.76828855
-0.76901776
-0.7696127
-0.7619997
-0.7663293
-0.76573664
-0.76485085
-0.7752277
-0.76629704
-0.76610696
-0.7669481
-0.7646577
-0.7714002
-0.7758125
-0.77128255
-0.7720066
-0.7732571
-0.7703689
-0.77477396
-0.7675092
-0.76811945
-0.7699835
-0.77016217
-0.76806754
-0.77020484
-0.77354485
-0.7750232
-0.776621
-0.7659869
-0.7641829
-0.773176
-0.7701118
-0.7744904
-0.7706935
-0.7777835
-0.7722042
-0.7687146
-0.76760596
-0.7757132
-0.7723999
-0.7686917
-0.7681734
-0.77189386
-0.76709884
-0.7729206
-0.77551645
-0.7768137
-0.7713093
-0.77364033
-0.7713035
-0.7783283
-0.77162933
-0.7755218
-0.7719284
-0.77574897
-0.775485
-0.77614594
-0.78573567
-0.7726848
-0.7786587
-0.7769508
-0.7800985
-0.7747703
-0.77693963
-0.7770074
-0.77676815
-0.7746453
-0.7735418
-0.77305084
-0.7878563
-0.7816961
-0.7741548
-0.78036356
-0.7819989
-0.77534884
-0.7834545
-0.778596
-0.77669847
-0.77080065
-0.778769
-0.7810425
-0.7820905
-0.7788747
-0.7719246
-0.7706867
-0.77336335
-0.780402
-0.7802805
-0.77850306
-0.77598953
-0.7730269
-0.7754244
-0.77200145
-0.7686426
-0.7704847
-0.7718473
-0.77642506
-0.77737963
-0.78057647
-0.7753677
-0.7748915
-0.77702576
-0.78532916
-0.780614
-0.7746258
-0.7798967
-0.77930254
-0.7815274
-0.7823563
-0.77276653
-0.7752671
-0.7817971
-0.7813294
-0.7808953
-0.7759925
-0.7765482
-0.77536714
-0.780895
-0.77860755
-0.7835099
-0.78127664
-0.784511
-0.77791387
-0.78118896
-0.7785186
-0.77931935
-0.7808898
-0.7818906
-0.7776355
-0.77820957
-0.7813027
-0.77909446
-0.7771517
-0.7816885
-0.7804521
-0.7857108
-0.7794207
-0.783591
-0.78114486
-0.78441346
-0.78368926
-0.78545254
-0.7815599
-0.77614003
-0.782732
-0.78695184
-0.7776309
-0.7795138
-0.7776598
-0.77441776
-0.77785194
-0.778638
-0.77769315
-0.781275
-0.7823138
-0.78343356
-0.7806516
-0.7798886
-0.78615046
-0.7724222
-0.7814007
-0.78117156
-0.7737995
-0.78354114
-0.78628236
-0.783119
-0.7795821
-0.7732231
-0.77984697
-0.781372
-0.7810827
-0.7798771
-0.78049326
-0.7833847
-0.7786901
-0.77970743
-0.78640395
-0.7755523
-0.7821811
-0.7780521
-0.78440547
-0.78169286
-0.7805887
-0.7872596
-0.7844344
-0.7829422
-0.78727335
-0.78359056
-0.78753287
-0.78205085
-0.7762549
-0.7856711
-0.78315175
-0.78342056
-0.78281903
-0.78717506
-0.7789859
-0.78119934
-0.78594184
-0.77625567
-0.77986634
-0.77891946
-0.7844447
-0.77212745
-0.7763932
-0.78021556
-0.78691775
-0.77794886
-0.7751123
-0.77607334
-0.7705362
-0.7821778
-0.7698675
-0.7812943
-0.78053266
-0.7815074
-0.7781347
-0.7825336
-0.77945906
-0.7775695
-0.781321
-0.78424513
-0.778452
-0.77596647
-0.77860963
-0.7846332
-0.7806119
-0.7717098
-0.77824235
-0.77635574
-0.7837069
-0.77561617
-0.78250223
-0.78030294
-0.7809744
-0.77718234
-0.78065383
-0.7811695
-0.7798536
-0.7774234
-0.7827867
-0.78798765
-0.7869134
-0.78145814
-0.7869871
-0.7801645
-0.7784119
-0.77839786
-0.7832109
-0.78362095
-0.77989435
-0.78130007
-0.78233665
-0.7774138
-0.77817714
-0.7826062
-0.77691734
-0.7845263
-0.78185
-0.7845443
-0.7852257
-0.7890278
-0.7850166
-0.77906513
-0.7824962
-0.7801961
-0.7793199
-0.77763593
-0.7836682
-0.77808267
-0.78202546
-0.7856107
-0.78495204
-0.7843055
-0.77883196
-0.7861113
-0.7898401
-0.78358847
-0.78094137
-0.7817201
-0.78024095
-0.7834494
-0.7875072
-0.78580904
-0.7858376
-0.78477764
-0.78396064
-0.7792698
-0.7839097
-0.786386
-0.7845207
-0.7821219
-0.7784175
-0.7829909
-0.77954865
-0.783017
-0.77277726
-0.78419936
-0.7839056
-0.7861747
-0.78378975
-0.7874091
-0.7882812
-0.7837132
-0.7882184
-0.7872604
-0.78464043
-0.7885671
-0.7855488
-0.7843956
-0.78573656
-0.7830584
-0.7885821
-0.79516095
-0.7878652
-0.78781974
-0.7873591
-0.78008693
-0.784259
-0.79090756
-0.7841656
-0.7833178
-0.7867551
-0.7827645
-0.786388
-0.78097254
-0.7845001
-0.7811233
-0.7852144
-0.7888173
-0.7819802
-0.7832258
-0.7853009
-0.78201616
-0.78527963
-0.7833843
-0.7876791
-0.7844739
-0.7858578
-0.78643703
-0.7864919
-0.78902507
-0.78691465
-0.78862613
-0.78293717
-0.7877629
-0.79081047
-0.785316
-0.7806628
-0.7826151
-0.7834644
-0.78943944
-0.78602934
-0.7861801
-0.7754259
-0.7771256
-0.7818542
-0.7816023
-0.78005636
-0.7777856
-0.7786556
-0.7799367
-0.78006697
-0.77798367
-0.7738688
-0.78154546
-0.7775007
-0.78522575
-0.7824365
-0.7828838
-0.7843744
-0.7836662
-0.7896294
-0.78351593
-0.7835934
-0.7820547
-0.78353596
-0.7784889
-0.7813699
-0.7814849
-0.7808142
-0.78471726
-0.7904891
-0.7812966
-0.7851152
-0.7852409
-0.78030026
-0.78072804
-0.78177744
-0.77985954
-0.78440666
-0.7811481
-0.78524846
-0.7809778
-0.7803656
-0.7836397
-0.7797317
-0.78467673
-0.78815335
-0.7779602
-0.7869467
-0.7801309
-0.77776396
-0.7828083
-0.78117096
-0.78312904
-0.77702045
-0.77542293
-0.776768
-0.77431214
-0.7838274
-0.78014904
-0.7818718
-0.7838279
-0.78863955
-0.78381586
-0.7800281
-0.7854569
-0.78438354
-0.78146315
-0.78529185
-0.78840715
-0.7854813
-0.78211683
-0.78704673
-0.7868862
-0.7838786
-0.7846918
-0.78453416
-0.7920964
-0.7841787
-0.78633827
-0.7797888
-0.784531
-0.7868588
-0.7887998
-0.78407264
-0.7875382
-0.7917448
-0.78642976
-0.78389335
-0.79034203
-0.7879736
-0.78694284
-0.78536063
-0.7875948
-0.78357995
-0.7841002
-0.77575624
-0.78243405
-0.7809738
-0.7857778
-0.7825261
-0.7807943
-0.78551716
-0.7831261
-0.78766966
-0.7805146
-0.7858087
-0.790759
-0.7837044
-0.77621156
-0.7841912
-0.7834331
-0.784582
-0.7759536
-0.7839237
-0.779098
-0.78114665
-0.7863846
-0.7812288
-0.78357404
-0.78520614
-0.7852167
-0.78098106
-0.7805221
-0.78062785
-0.78782207
-0.7833402
-0.78234416
-0.7873839
-0.78057706
-0.7869036
-0.7902616
-0.7817148
-0.7856022
-0.7830356
-0.78570527
-0.7889254
-0.7848941
-0.7851465
-0.785605
-0.7919601
-0.78940946
-0.7871603
-0.78643143
-0.7859027
-0.78091526
-0.7845036
-0.7830482
-0.79044366
-0.79189897
-0.78641737
-0.7848486
-0.78782445
-0.78943944
-0.7779298
-0.7861232
-0.7828957
-0.7875563
-0.7808292
-0.78717905
-0.7844833
-0.7858686
-0.7853763
-0.7837986
-0.7875773
-0.78703403
-0.78581035
-0.785193
-0.78207064
-0.7901879
-0.7830923
-0.7822471
-0.78466606
-0.78187776
-0.7827868
-0.77884144
-0.77535063
-0.7806398
-0.78296614
-0.78560686
-0.78137267
-0.7814228
-0.7828368
-0.78157085
-0.7802606
-0.78233176
-0.7887075
-0.7821184
-0.7840333
-0.7897142
-0.78314424
-0.78688
-0.787468
-0.7892827
-0.7863145
-0.78618944
-0.78001326
-0.78182113
-0.78290355
-0.78270686
-0.78003097
-0.7832582
-0.7854486
-0.7894849
-0.7862525
-0.78683853
-0.7873377
-0.7913933
-0.7828406
-0.78670216
-0.7804511
-0.78619224
-0.7852285
-0.78690845
-0.78227395
-0.78134996
-0.78535527
-0.7843301
-0.78689736
-0.786661
-0.782379
-0.78381246
-0.7885307
-0.7801586
-0.7835041
-0.78047436
-0.7778347
-0.78253525
-0.7823368
-0.77649724
-0.7842627
-0.7800925
-0.7848811
-0.78808206
-0.7855279
-0.78603446
-0.78307617
-0.7827388
-0.78347707
-0.78322333
-0.7829232
-0.7887517
-0.78940165
-0.7818901
-0.7864841
-0.786999
-0.7834398
-0.7876601
-0.79138803
-0.7883847
-0.78776133
-0.78518134
-0.78683686
-0.7909989
-0.7909703
-0.781766
-0.78773063
-0.78262186
-0.78474844
-0.78706414
-0.7893455
-0.7918773
-0.7901886
-0.79282266
-0.7877967
-0.78897834
-0.7886363
-0.7903066
-0.78501195
-0.7893732
-0.79026717
-0.78747165
-0.78576714
-0.7904182
-0.79117376
-0.7978826
-0.79096985
-0.7896756
-0.7901967
-0.79441804
-0.79404616
-0.78709835
-0.79730445
-0.7892559
-0.7875442
-0.79100585
-0.7919011
-0.7913087
-0.7898999
-0.7930827
-0.7867923
-0.7848407
-0.7885357
-0.7887924
-0.79242665
-0.7892614
-0.78861976
-0.7894136
-0.788611
-0.78841263
-0.7916188
-0.7889282
-0.7868402
-0.78455144
-0.79225093
-0.7928775
-0.78752303
-0.78609127
-0.7908863
-0.78571063
-0.79041797
-0.79159683
-0.78396463
-0.7918264
-0.7838113
-0.79386544
-0.7899325
-0.78633654
-0.7780585
-0.7845834
-0.79171574
-0.796731
-0.7859386
-0.7904723
-0.7901333
-0.78375
-0.7873012
-0.7845776
-0.78693867
-0.78613114
-0.7887579
-0.7857356
-0.7856696
-0.78804034
-0.7841912
-0.78430426
-0.7849474
-0.78668094
-0.7837298
-0.788652
-0.7880047
-0.7875165
-0.7881049
-0.7858184
-0.7846589
-0.7875159
-0.7906819
-0.7934108
-0.78981483
-0.79152584
-0.7948573
-0.79197955
-0.7864568
-0.78388035
-0.7882374
-0.78504145
-0.7880251
-0.784484
-0.7936831
-0.7912291
-0.79184633
-0.7857723
-0.78466845
-0.7904004
-0.78730255
-0.789469
-0.78983086
-0.7892276
-0.78852546
-0.78938854
-0.7832384
-0.7892877
-0.7848249
-0.7878787
-0.79025817
-0.7869237
-0.78687733
-0.79298973
-0.789385
-0.78837
-0.78448457
-0.786829
-0.7895794
-0.7858763
-0.78697896
-0.78398705
-0.7825585
-0.7886812
-0.78815633
-0.78869027
-0.78514653
-0.7843906
-0.7900664
-0.7821948
-0.7907615
-0.7852178
-0.78759056
-0.7877577
-0.784027
-0.7849296
-0.78886074
-0.7916679
-0.78414106
-0.7892425
-0.7893972
-0.8005141
-0.7865506
-0.78970015
-0.78754175
-0.7872231
-0.79045516
-0.7916262
-0.79300463
-0.7957245
-0.78995466
-0.7947182
-0.7850506
-0.7857574
-0.7868524
-0.7896704
-0.7893366
-0.7884895
-0.79163945
-0.79336673
-0.7908023
-0.7851921
-0.79226017
-0.78840107
-0.7932092
-0.79384357
-0.79689157
-0.7888763
-0.78972083
-0.7943603
-0.7875117
-0.79059255
-0.7843085
-0.7873409
-0.7944265
-0.79130834
-0.79283035
-0.78850144
-0.790862
-0.7863351
-0.7881032
-0.78660935
-0.7904513
-0.79136294
-0.7870184
-0.794095
-0.7888048
-0.7882915
-0.7864707
-0.7882809
-0.79062015
-0.7926273
-0.7892425
-0.7845403
-0.7861341
-0.79449546
-0.79232526
-0.79669446
-0.79591715
-0.7934574
-0.7993536
-0.79455835
-0.79228836
-0.7947583
-0.79190326
-0.7966968
-0.79117924
-0.79592025
-0.78927594
-0.7915677
-0.7884886
-0.7897366
-0.78901523
-0.7863502
-0.788916
-0.79060847
-0.7916627
-0.79387915
-0.7918689
-0.78981394
-0.7936351
-0.7919104
-0.79153144
-0.7904782
-0.7931549
-0.7863175
-0.78772473
-0.79126984
-0.79184055
-0.7898793
-0.79341334
-0.78863245
-0.7894983
-0.78843385
-0.79262686
-0.79232407
-0.78981084
-0.7933354
-0.7954117
-0.7939975
-0.78799075
-0.7887415
-0.78646445
-0.7939782
-0.7935511
-0.7904171
-0.79141325
-0.78943974
-0.79189813
-0.788525
-0.79354584
-0.78901154
-0.78767097
-0.7926704
-0.7905399
-0.79267186
-0.78987795
-0.79092395
-0.79081017
-0.79239
-0.7920917
-0.79415536
-0.7961988
-0.79651654
-0.80196655
-0.7951609
-0.78978425
-0.79866266
-0.7884055
-0.79180896
-0.79317623
-0.79321474
-0.7969088
-0.7882482
-0.79153806
-0.7904622
-0.7939782
-0.79153425
-0.79377806
-0.78999114
-0.7897311
-0.79231024
-0.7936743
-0.79419553
-0.7932604
-0.78100145
-0.78873175
-0.7889108
-0.7944798
-0.7990103
-0.79501045
-0.78979945
-0.7964195
-0.7955107
-0.79168624
-0.7948116
-0.79122937
-0.79554254
-0.79317456
-0.7986845
-0.7977335
-0.794068
-0.7948582
-0.7951724
-0.79540944
-0.7985269
-0.7974498
-0.79560065
-0.794743
-0.79121035
-0.7926106
-0.7940916
-0.79411906
-0.79156595
-0.7830356
-0.78648466
-0.784732
-0.7925246
-0.78583133
-0.78891236
-0.78094804
-0.7876569
-0.7832314
-0.78524166
-0.78350025
-0.78417766
-0.7817081
-0.78135395
-0.78027856
-0.78511024
-0.78576976
-0.7841081
-0.78579336
-0.78635836
-0.7896767
-0.78653634
-0.7918318
-0.78593063
-0.78660816
-0.7793687
-0.77824706
-0.7763714
-0.7794478
-0.77834356
-0.7756698
-0.7751744
-0.7761145
-0.7765387
-0.777065
-0.7813283
-0.7834324
-0.7813568
-0.77903235
-0.78008074
-0.7802075
-0.7864342
-0.7806622
-0.78374416
-0.78233397
-0.7803889
-0.78957725
