-0.2673987
-0.29831234
-0.308694
-0.34224054
-0.37340826
-0.36612293
-0.3782962
-0.41294068
-0.4092743
-0.44078195
-0.4528941
-0.44898504
-0.48019534
-0.49326962
-0.49155638
-0.4980613
-0.5067958
-0.51470673
-0.5219693
-0.5222849
-0.5268703
-0.532002
-0.5242432
-0.54833984
-0.5400851
-0.54421806
-0.5491141
-0.54396605
-0.5524689
-0.54768217
-0.5538143
-0.55713505
-0.55146265
-0.54830456
-0.5633655
-0.5678412
-0.5699047
-0.562645
-0.57319444
-0.56636375
-0.57542425
-0.57853776
-0.57043636
-0.5683008
-0.57257557
-0.5737001
-0.57857805
-0.57427764
-0.57221514
-0.5833884
-0.5705213
-0.5837344
-0.5860609
-0.584229
-0.587012
-0.59375966
-0.59102184
-0.59190995
-0.58969647
-0.5967187
-0.5901489
-0.587746
-0.58987856
-0.58332384
-0.5955325
-0.6028696
-0.5943934
-0.6129519
-0.5952826
-0.60725397
-0.5967311
-0.60626507
-0.60930246
-0.5994915
-0.5937331
-0.60286295
-0.6144236
-0.6029568
-0.6189863
-0.6128072
-0.6071747
-0.60624117
-0.6204988
-0.61223656
-0.60985756
-0.6126225
-0.62452286
-0.6178944
-0.6236205
-0.63395584
-0.62106293
-0.6120068
-0.622513
-0.62975335
-0.6274494
-0.625082
-0.6273805
-0.6302062
-0.634223
-0.6298908
-0.63865453
-0.637939
-0.6294767
-0.6468922
-0.6397041
-0.6309591
-0.62593526
-0.65025866
-0.63271946
-0.6390848
-0.642705
-0.637372
-0.63803357
-0.6485848
-0.64181644
-0.64002097
-0.637379
-0.6378494
-0.6423133
-0.6409941
-0.64448047
-0.63926536
-0.6442053
-0.6415544
-0.6473982
-0.64339983
-0.64682657
-0.6453561
-0.6343119
-0.6415074
-0.64551795
-0.6517108
-0.65402627
-0.6441425
-0.65113777
-0.64808357
-0.6464705
-0.65018505
-0.64955866
-0.6402232
-0.6531228
-0.65031964
-0.6497558
-0.6530943
-0.64642024
-0.6524684
-0.65482384
-0.64773417
-0.6507007
-0.65094846
-0.6550007
-0.6512943
-0.6658526
-0.65703857
-0.6675452
-0.65549016
-0.6632805
-0.66017556
-0.65177995
-0.66119754
-0.6633285
-0.66308194
-0.6584463
-0.66199404
-0.66455436
-0.6645466
-0.6636712
-0.6627493
-0.6662461
-0.66199416
-0.6639233
-0.6664927
-0.6627988
-0.6657133
-0.6695157
-0.66818964
-0.66475314
-0.662154
-0.6699853
-0.6620978
-0.67943895
-0.65862316
-0.66475844
-0.6671482
-0.6650858
-0.6658791
-0.6670799
-0.6700418
-0.6652944
-0.6700881
-0.66781706
-0.66757935
-0.6665708
-0.6739274
-0.6697334
-0.6786573
-0.6726371
-0.665449
-0.66665715
-0.6728856
-0.67303276
-0.6675517
-0.67589045
-0.6710957
-0.67187756
-0.6681898
-0.67435795
-0.6708414
-0.67823803
-0.6763925
-0.6710524
-0.6697786
-0.6715432
-0.6747251
-0.6771982
-0.67552423
-0.67228013
-0.6739813
-0.6820024
-0.6772224
-0.6762481
-0.67215407
-0.6661327
-0.68467957
-0.6827355
-0.678108
-0.673727
-0.6771317
-0.67593694
-0.681055
-0.67956203
-0.67212254
-0.6798777
-0.6797263
-0.67672896
-0.6760722
-0.6747084
-0.6835609
-0.68026745
-0.6780368
-0.6768727
-0.6795807
-0.6874902
-0.6833987
-0.6753459
-0.6750077
-0.6870545
-0.68391114
-0.6875152
-0.68375057
-0.6910843
-0.6868502
-0.6829678
-0.67999065
-0.6894266
-0.6794681
-0.6825094
-0.67852455
-0.6850443
-0.6828595
-0.6871733
-0.6834039
-0.680971
-0.68808377
-0.68548286
-0.68585503
-0.6822506
-0.6880714
-0.6873665
-0.68669444
-0.68037343
-0.68780214
-0.6873238
-0.68817014
-0.6783482
-0.68700266
-0.68374383
-0.6881473
-0.69250655
-0.6815006
-0.6851676
-0.6806287
-0.67944396
-0.68335414
-0.6864675
-0.69912815
-0.6906959
-0.6848112
-0.6840442
-0.6829042
-0.693119
-0.69227976
-0.68500566
-0.6924471
-0.6917263
-0.6890399
-0.684167
-0.684555
-0.68976367
-0.6888064
-0.6941351
-0.6908011
-0.6890818
-0.68744814
-0.68691045
-0.6937386
-0.6927127
-0.68763405
-0.6849389
-0.69392353
-0.69200194
-0.6932579
-0.70045125
-0.69250566
-0.68698114
-0.6970741
-0.6810486
-0.6927649
-0.6997221
-0.69255424
-0.6870575
-0.6896791
-0.6849105
-0.6939655
-0.6904661
-0.6985507
-0.695549
-0.7000275
-0.7004807
-0.69863814
-0.6921049
-0.69543344
-0.6847476
-0.6966262
-0.7010073
-0.7000848
-0.69677484
-0.6920985
-0.6927918
-0.7013532
-0.6865568
-0.6884278
-0.69071764
-0.69428664
-0.70138896
-0.69612885
-0.6948834
-0.69890845
-0.6990954
-0.698782
-0.6969099
-0.7004151
-0.694695
-0.69259113
-0.70125526
-0.6953484
-0.6979463
-0.6920205
-0.69952226
-0.7003331
-0.7017308
-0.7066218
-0.70029193
-0.70140874
-0.6976847
-0.70889443
-0.69671345
-0.7014
-0.6960529
-0.7038752
-0.7051401
-0.70430505
-0.70357794
-0.7069921
-0.6938876
-0.6967684
-0.70152974
-0.7014224
-0.7064058
-0.7033484
-0.702404
-0.70500386
-0.7046951
-0.70267075
-0.7043237
-0.70995903
-0.70454115
-0.70485276
-0.6997859
-0.7049461
-0.70281005
-0.70355684
-0.6990211
-0.70552367
-0.7006416
-0.70319325
-0.6986091
-0.70551294
-0.70622176
-0.7039482
-0.69337934
-0.7051309
-0.70288855
-0.70523435
-0.70935243
-0.70735043
-0.7069481
-0.7098581
-0.7129505
-0.7011627
-0.7124988
-0.7084535
-0.7032884
-0.70414114
-0.70777756
-0.70326346
-0.7049514
-0.71176666
-0.71333516
-0.7126572
-0.7074988
-0.70938426
-0.71109533
-0.7101269
-0.70362306
-0.7096721
-0.70197546
-0.7114302
-0.7044735
-0.7104906
-0.7083332
-0.70813054
-0.7026072
-0.70582134
-0.7091322
-0.70708036
-0.7100147
-0.7047933
-0.70028603
-0.7085487
-0.71298724
-0.7083914
-0.708608
-0.71416485
-0.7071762
-0.7111636
-0.71059316
-0.7089005
-0.7115288
-0.70705396
-0.71025187
-0.71221495
-0.7100516
-0.7109688
-0.71260595
-0.7110977
-0.7069631
-0.70391655
-0.7057144
-0.7038676
-0.7093288
-0.71200866
-0.71146494
-0.7057559
-0.7149513
-0.71766645
-0.7117297
-0.7068177
-0.70775974
-0.7069212
-0.706308
-0.7073708
-0.7097512
-0.7091616
-0.7091381
-0.7092979
-0.70368916
-0.7111634
-0.7106175
-0.71136856
-0.71327066
-0.71017605
-0.7110056
-0.7160368
-0.71513456
-0.70552725
-0.7145529
-0.71701026
-0.7097897
-0.70586383
-0.71486235
-0.71082014
-0.7127351
-0.71312654
-0.71277237
-0.7164021
-0.7140573
-0.71387887
-0.71454203
-0.7114939
-0.7067345
-0.71464306
-0.71537286
-0.7106012
-0.70953864
-0.7112131
-0.7170107
-0.71290666
-0.7083514
-0.71663266
-0.7228229
-0.7176581
-0.72179157
-0.71462816
-0.7164346
-0.71478426
-0.7207655
-0.71612215
-0.71538377
-0.7142899
-0.71517694
-0.7237639
-0.7141855
-0.71502876
-0.7192017
-0.7219345
-0.72464186
-0.72521377
-0.71779996
-0.7255969
-0.7164643
-0.71667475
-0.7241043
-0.71667594
-0.7292961
-0.7194717
-0.71505654
-0.7136331
-0.7096226
-0.7222829
-0.7191901
-0.7126319
-0.71129435
-0.71347195
-0.715997
-0.7089989
-0.7126851
-0.71234393
-0.7110635
-0.724508
-0.71958494
-0.7229194
-0.72113705
-0.71805674
-0.72348344
-0.72154033
-0.7264525
-0.723233
-0.7234131
-0.7221067
-0.72108936
-0.7160851
-0.7218665
-0.7245963
-0.720108
-0.7234089
-0.71629685
-0.72634387
-0.7221529
-0.72427785
-0.71573764
-0.718039
-0.72375005
-0.7245406
-0.7248919
-0.72508943
-0.72276676
-0.7161618
-0.72569555
-0.72417146
-0.7183741
-0.7166708
-0.72896343
-0.7243369
-0.7166722
-0.71673787
-0.7167642
-0.7240054
-0.7167579
-0.7157005
-0.7165921
-0.7092717
-0.7221685
-0.7289339
-0.7171823
-0.71904826
-0.71472335
-0.71860266
-0.71990275
-0.72556114
-0.71485096
-0.7211805
-0.71648306
-0.72092843
-0.7206781
-0.72413826
-0.711228
-0.7046575
-0.7113499
-0.72274965
-0.71745336
-0.7198322
-0.7230977
-0.72050405
-0.7256493
-0.72086823
-0.7262749
-0.7164068
-0.7122652
-0.7190498
-0.7218565
-0.7253009
-0.7273766
-0.723259
-0.7278758
-0.7187902
-0.72720706
-0.7215234
-0.7233309
-0.7223214
-0.7277278
-0.7223324
-0.72623104
-0.72361475
-0.72732335
-0.71688807
-0.7245076
-0.7186256
-0.7198227
-0.72795844
-0.72532916
-0.7294012
-0.72375935
-0.7245973
-0.7214657
-0.7233481
-0.72079533
-0.71992755
-0.72019815
-0.72451204
-0.7254101
-0.7287502
-0.7229729
-0.72984755
-0.7194265
-0.72669333
-0.7186512
-0.71776944
-0.7251842
-0.720783
-0.7126992
-0.7131588
-0.7262456
-0.7222295
-0.7238663
-0.72240186
-0.7161404
-0.7243622
-0.72241086
-0.7196382
-0.726246
-0.72143966
-0.72204757
-0.7248183
-0.71833783
-0.713693
-0.7193882
-0.72203606
-0.72373956
-0.72538525
-0.72322464
-0.72349036
-0.73375654
-0.7325589
-0.72690886
-0.7210889
-0.7181791
-0.7250407
-0.7260529
-0.7216573
-0.7231151
-0.7228878
-0.726236
-0.72900844
-0.7266468
-0.73058534
-0.7270867
-0.72532725
-0.72185326
-0.71903694
-0.7221688
-0.72444916
-0.7213552
-0.71859866
-0.7211317
-0.7213582
-0.72145617
-0.7238728
-0.7151526
-0.7177342
-0.723355
-0.7243317
-0.7269337
-0.7254853
-0.72889525
-0.72563607
-0.72462666
-0.7237137
-0.7268182
-0.7313737
-0.73095256
-0.7293126
-0.7262554
-0.72486115
-0.7269259
-0.72236764
-0.72960263
-0.7228514
-0.7335999
-0.7324678
-0.7311349
-0.7228937
-0.72660357
-0.7279848
-0.7247039
-0.7314351
-0.7322101
-0.72975206
-0.72851485
-0.72596633
-0.72652406
-0.7265158
-0.72909844
-0.73680687
-0.7317943
-0.72920346
-0.72303
-0.7329738
-0.729469
-0.731194
-0.73409075
-0.73522586
-0.7346604
-0.73010445
-0.73337865
-0.7358474
-0.72660524
-0.73047584
-0.73397046
-0.73062235
-0.7256239
-0.7342794
-0.7347179
-0.73415995
-0.7328467
-0.7285271
-0.7337092
-0.72950447
-0.7305928
-0.72853345
-0.7321293
-0.72940236
-0.7423663
-0.734921
-0.73141325
-0.7371805
-0.73201144
-0.73346126
-0.7293575
-0.73951024
-0.7424535
-0.7301006
-0.7342904
-0.73788345
-0.73110396
-0.7311474
-0.73418826
-0.7304549
-0.7352854
-0.7344861
-0.73510814
-0.7327511
-0.73843783
-0.72652584
-0.73499674
-0.73497486
-0.73001075
-0.73155224
-0.7394529
-0.73906547
-0.7344872
-0.73310596
-0.7379463
-0.73788214
-0.7420479
-0.7364351
-0.73320657
-0.73699355
-0.72998416
-0.7351593
-0.7323967
-0.72883755
-0.7357061
-0.7396912
-0.74293447
-0.7303894
-0.7426219
-0.7365354
-0.7292881
-0.7341309
-0.7343959
-0.7341936
-0.72937113
-0.7319915
-0.73164487
-0.7320753
-0.73270744
-0.73851764
-0.7390758
-0.7390377
-0.7319739
-0.73663825
-0.73457646
-0.7322012
-0.73309773
-0.73376876
-0.73490596
-0.73479146
-0.7367806
-0.73706764
-0.7379988
-0.7340736
-0.73325235
-0.7288212
-0.7375885
-0.7322228
-0.737875
-0.7277065
-0.74235195
-0.7344369
-0.7401337
-0.7331707
-0.73729724
-0.7363494
-0.728604
-0.73303336
-0.7344222
-0.73313606
-0.7390718
-0.7379894
-0.73965544
-0.7425768
-0.74084103
-0.738023
-0.73846304
-0.73406947
-0.73563635
-0.73913234
-0.7325926
-0.73314434
-0.7402581
-0.7429744
-0.7385305
-0.7393682
-0.7394767
-0.73114026
-0.7384109
-0.7385663
-0.74085784
-0.7364947
-0.7413264
-0.74249226
-0.7425434
-0.7449444
-0.74328446
-0.73628545
-0.74311864
-0.74296415
-0.7371267
-0.7422097
-0.7360655
-0.73455983
-0.74642706
-0.74144113
-0.7461307
-0.74325025
-0.7404272
-0.7385688
-0.74190706
-0.74466354
-0.7399397
-0.73379946
-0.7410881
-0.74011856
-0.7369815
-0.73346466
-0.73306465
-0.7436025
-0.7409979
-0.74372894
-0.73937684
-0.7435708
-0.74282104
-0.7373823
-0.7386099
-0.7440209
-0.7352715
-0.74160373
-0.7368874
-0.7396078
-0.73786014
-0.7344022
-0.74098456
-0.735239
-0.743236
-0.7400656
-0.74155307
-0.7424227
-0.73836595
-0.7415275
-0.7362226
-0.7468107
-0.7400679
-0.74364614
-0.74382997
-0.74282867
-0.7385229
-0.73749745
-0.74390966
-0.7451037
-0.7346097
-0.7341621
-0.73578763
-0.7287192
-0.7351886
-0.7366743
-0.7304726
-0.73851055
-0.74030644
-0.742956
-0.7358865
-0.7418718
-0.73714745
-0.73466027
-0.73807436
-0.73827046
-0.7356066
-0.73907286
-0.7358893
-0.74225587
-0.7361545
-0.74012226
-0.7354059
-0.7381958
-0.7338524
-0.73957485
-0.743105
-0.74484766
-0.74235374
-0.7371827
-0.73552746
-0.7364114
-0.7386945
-0.74105906
-0.73892564
-0.7403261
-0.7388039
-0.74723077
-0.73848975
-0.7429545
-0.73887575
-0.7365137
-0.7434336
-0.75067276
-0.7364362
-0.7463202
-0.7439187
-0.7434767
-0.73797286
-0.74270666
-0.73866457
-0.73794883
-0.7384687
-0.74185395
-0.7428677
-0.7407345
-0.74097407
-0.743816
-0.7443364
-0.74313843
-0.7398391
-0.7389495
-0.74207515
-0.7430063
-0.7458339
-0.7451867
-0.7384244
-0.7351303
-0.74541837
-0.7409245
-0.7409732
-0.7477746
-0.7398174
-0.7313871
-0.7446368
-0.7389314
-0.74195135
-0.73360944
-0.73977506
-0.7408612
-0.7390614
-0.7403379
-0.73985386
-0.7375575
-0.7461527
-0.744983
-0.7433054
-0.7425555
-0.7435938
-0.7455499
-0.74321115
-0.7418497
-0.7406972
-0.7398247
-0.7478461
-0.7456158
-0.74902815
-0.73984957
-0.74717665
-0.7450483
-0.74341315
-0.74933517
-0.74892277
-0.74623567
-0.73893636
-0.7449194
-0.74388134
-0.74159014
-0.74434936
-0.7418981
-0.7464289
-0.7411204
-0.74430543
-0.7397225
-0.7463372
-0.74605644
-0.7453037
-0.74372673
-0.74366295
-0.7415656
-0.74451184
-0.7521038
-0.7437792
-0.7518795
-0.74647975
-0.749537
-0.74713373
-0.7506349
-0.75172436
-0.7479986
-0.7493345
-0.75493205
-0.75517446
-0.747098
-0.7482368
-0.7529801
-0.7460539
-0.7538966
-0.75270075
-0.7475021
-0.7503957
-0.75049317
-0.743636
-0.7483856
-0.749592
-0.754654
-0.7497768
-0.74681425
-0.7440375
-0.742561
-0.74528146
-0.7428252
-0.7410015
-0.74791163
-0.7477642
-0.74179935
-0.7462453
-0.74631184
-0.7491021
-0.7542226
-0.7521143
-0.7458721
-0.7490711
-0.7459398
-0.7431396
-0.7456952
-0.75117606
-0.7445537
-0.7474338
-0.74383175
-0.74793035
-0.74864155
-0.7402538
-0.75113297
-0.75055456
-0.7488224
-0.7502523
-0.7522065
-0.7541149
-0.75247353
-0.756664
-0.7483031
-0.7515186
-0.7448586
-0.74598277
-0.74742717
-0.7466843
-0.7463304
-0.74852556
-0.74813575
-0.7516722
-0.7503132
-0.7545086
-0.7488408
-0.7442047
-0.7488449
-0.7479474
-0.7472175
-0.7479223
-0.7487858
-0.7472931
-0.7536606
-0.75312734
-0.750115
-0.74687093
-0.74661356
-0.7468644
-0.749532
-0.741913
-0.7473549
-0.74955446
-0.75176483
-0.7535403
-0.7525771
-0.74986637
-0.7476369
-0.7455652
-0.7547153
-0.7491974
-0.7495682
-0.7473487
-0.74848604
-0.74942815
-0.74888563
-0.7489992
-0.74651355
-0.7436122
-0.75695586
-0.7493067
-0.7485625
-0.75011265
-0.7475564
-0.74672043
-0.7495854
-0.74430466
-0.75146914
-0.750719
-0.75040114
-0.7436553
-0.7500052
-0.7458439
-0.74755913
-0.7511415
-0.7535297
-0.74718463
-0.7566686
-0.7517101
-0.752579
-0.751049
-0.7523288
-0.7544362
-0.7477581
-0.7532856
-0.75120926
-0.75326097
-0.7531224
-0.7535124
-0.75191784
-0.75897604
-0.75410706
-0.74588966
-0.75213456
-0.7522971
-0.74954367
-0.7539536
-0.754498
-0.7493766
-0.74724096
-0.75623703
-0.75255
-0.7577788
-0.75895375
-0.7528496
-0.75045484
-0.7515287
-0.7512841
-0.75506526
-0.75760365
-0.75473
-0.75617474
-0.75484157
-0.75666183
-0.7555384
-0.7548403
-0.7522759
-0.75079024
-0.7534864
-0.76083934
-0.75786996
-0.7574667
-0.7584372
-0.7553021
-0.7547321
-0.7523613
-0.75598204
-0.762978
-0.7581376
-0.75535667
-0.75279933
-0.7501852
-0.7535634
-0.7588438
-0.757734
-0.7489135
-0.74936056
-0.7525788
-0.7504155
-0.748106
-0.7553742
-0.74910676
-0.7520236
-0.75073504
-0.75489944
-0.7536612
-0.75752205
-0.753561
-0.7565182
-0.75672287
-0.7564961
-0.7556759
-0.7614908
-0.7583073
-0.7524639
-0.7516692
-0.7563263
-0.75110006
-0.7538828
-0.7561975
-0.7533064
-0.7538075
-0.7566837
-0.7518754
-0.7535898
-0.75127584
-0.7507261
-0.7480594
-0.75153184
-0.7497783
-0.74645674
-0.74948055
-0.74924475
-0.75738543
-0.7554946
-0.75454164
-0.74931437
-0.75595105
-0.7552702
-0.754323
-0.751411
-0.75238836
-0.7511015
-0.7550763
-0.74991643
-0.75104094
-0.75006026
-0.75391495
-0.7448787
-0.75307477
-0.75144035
-0.75159067
-0.7552769
-0.75406706
-0.74832964
-0.7470644
-0.7436286
-0.7546471
-0.75450814
-0.750647
-0.7493061
-0.7524768
-0.75283974
-0.7508426
-0.7477403
-0.751693
-0.7566869
-0.7539347
-0.7523881
-0.7506149
-0.7479594
-0.7477932
-0.7504684
-0.750325
-0.74970716
-0.75862664
-0.75446105
-0.7493153
-0.7502296
-0.7497589
-0.7549531
-0.74857205
-0.7534942
-0.7471795
-0.74719036
-0.7516019
-0.7516242
-0.7507636
-0.75019336
-0.7533753
-0.7476404
-0.756454
-0.750865
-0.749298
-0.74631613
-0.75099087
-0.7484523
-0.7538249
-0.7492865
-0.7514539
-0.748231
-0.7464875
-0.7494972
-0.7521879
-0.74692637
-0.7525426
-0.747174
-0.7472119
-0.74709153
-0.7586745
-0.75344676
-0.7486179
-0.75788796
-0.75688434
-0.7554944
-0.75463927
-0.75366074
-0.75252974
-0.75475794
-0.7534223
-0.75420076
-0.7546883
-0.7582346
-0.75276357
-0.7546412
-0.7538991
-0.7526539
-0.7448928
-0.74517447
-0.75686765
-0.7535642
-0.7498956
-0.74724925
-0.75179374
-0.75544995
-0.76160437
-0.7577272
-0.7620043
-0.75571895
-0.7553366
-0.75875646
-0.75922436
-0.76166606
-0.7601982
-0.7548417
-0.7608913
-0.7619981
-0.7612604
-0.7561852
-0.7656342
-0.7630644
-0.75728226
-0.7562985
-0.7620754
-0.7679304
-0.75885373
-0.7538899
-0.76055926
-0.7643175
-0.7611503
-0.76150364
-0.76274043
-0.75241154
-0.76049155
-0.75803846
-0.7588477
-0.7622731
-0.7632699
-0.7584034
-0.76108754
-0.7619736
-0.7592338
-0.7652439
-0.76149803
-0.7607935
-0.76031667
-0.7597802
-0.76106757
-0.7654873
-0.76284045
-0.76480705
-0.76468337
-0.7599622
-0.77035254
-0.76634157
-0.7684378
-0.76897436
-0.76538014
-0.76218164
-0.7632114
-0.7585281
-0.7666179
-0.7621409
-0.7597595
-0.7619691
-0.76091456
-0.7647879
-0.76178825
-0.7599144
-0.75799716
-0.7625574
-0.7595776
-0.7622552
-0.7566297
-0.7537733
-0.7490137
-0.74740523
-0.75104237
-0.7562783
-0.74665815
-0.7479677
-0.75182086
-0.7508867
-0.75022316
-0.74800223
-0.7498637
-0.7481166
-0.7460405
-0.74897337
-0.75315386
-0.75231177
-0.75224584
-0.7473802
-0.75036764
-0.75429124
-0.7557602
-0.7562438
-0.7537791
-0.7544995
-0.75390613
-0.7561373
-0.744987
-0.74950874
-0.7539801
-0.7546129
-0.75245506
-0.7532979
-0.7569558
-0.7533903
-0.7556998
-0.7519459
-0.7561487
-0.752941
-0.7511422
-0.75419813
-0.74770975
-0.7535118
-0.7557029
-0.7578044
-0.7590601
-0.7558445
-0.75104254
-0.76281005
-0.76230806
-0.75808877
-0.76199496
-0.7579442
-0.75256884
-0.7571827
-0.76279765
-0.7527978
-0.75789666
-0.7605783
-0.754471
-0.749865
-0.76378924
-0.7589496
-0.7573795
-0.75496566
-0.75759494
-0.7584303
-0.7663323
-0.757477
-0.7593463
-0.7611029
-0.7610662
-0.7602058
-0.7533782
-0.7577808
-0.76226026
-0.75520205
-0.75799215
-0.7544519
-0.7540723
-0.7560517
-0.75911975
-0.76017505
-0.7571647
-0.7605688
-0.75702107
-0.76203406
-0.76007205
-0.75553566
-0.7599765
-0.7635305
-0.7600594
-0.7646627
-0.7543336
-0.75536615
-0.76341677
-0.76161206
-0.7577306
-0.7589118
-0.761698
-0.75658154
-0.7607592
-0.7562517
-0.7585975
-0.7611187
-0.76278615
-0.7612806
-0.75944155
-0.75836754
-0.75404763
-0.76166713
-0.75987273
-0.76104176
-0.7611391
-0.7613404
-0.7608526
-0.7623387
-0.75856596
-0.76491153
-0.75864863
-0.76788986
-0.7584559
-0.766955
-0.76116484
-0.7643292
-0.765137
-0.7653586
-0.76372856
-0.75947106
-0.7594949
-0.76146823
-0.76303136
-0.77168053
-0.7608101
-0.7585491
-0.76814187
-0.7602491
-0.7597444
-0.76435745
-0.76331586
-0.76413167
-0.7622079
-0.7639427
-0.7675464
-0.7660067
-0.7671348
-0.7608356
-0.7627602
-0.7599925
-0.76468545
-0.75507796
-0.76165104
-0.7568666
-0.7574652
-0.75764793
-0.7569227
-0.7561054
-0.7549237
-0.7498026
-0.7595715
-0.76332235
-0.76197517
-0.75348634
-0.7610912
-0.7606857
-0.764641
-0.76611185
-0.7646403
-0.76529914
-0.75253475
-0.75782585
-0.765068
-0.7631914
-0.759418
-0.7630132
-0.761975
-0.75917625
-0.7598226
-0.7582566
-0.7575359
-0.7600185
-0.76257944
-0.7648134
-0.7605842
-0.76254815
-0.76702625
-0.75985557
-0.7590778
-0.76040405
-0.7609529
-0.7630453
-0.7634958
-0.7613107
-0.7634688
-0.76444465
-0.76318836
-0.76572543
-0.7603926
-0.76287663
-0.7623227
-0.75817066
-0.76219344
-0.7597372
-0.76182365
-0.76233125
-0.75587213
-0.75509095
-0.7650685
-0.75561106
-0.7587807
-0.7588433
-0.75200295
-0.75664014
-0.7586286
-0.7573124
-0.7601841
-0.76132894
-0.76248527
-0.7610801
-0.7626453
-0.7596681
-0.76119167
-0.76448447
-0.7690781
-0.7649291
-0.76528084
-0.75930834
-0.7639985
-0.7651204
-0.75841004
-0.7654422
-0.759453
-0.7577255
-0.7636271
-0.76194584
-0.76167345
-0.7646363
-0.7572371
-0.76476395
-0.76091254
-0.7651189
-0.76663744
-0.7644029
-0.76359445
-0.7653757
-0.7618007
-0.75944793
-0.7624177
-0.76360416
-0.764303
-0.76527685
-0.7663406
-0.77332413
-0.7726105
-0.76032734
-0.7626677
-0.7658303
-0.76321304
-0.76819354
-0.7619026
-0.76634777
-0.7656173
-0.76180124
-0.7625636
-0.76099753
-0.76196617
-0.7653455
-0.7619165
-0.7599481
-0.7654538
-0.7601005
-0.761638
-0.7637293
-0.76085615
-0.76703984
-0.7684613
-0.7605011
-0.7632085
-0.76554775
-0.7624286
-0.76799685
-0.76660264
-0.769409
-0.7638709
-0.76500654
-0.7583402
-0.7664182
-0.75644594
-0.76588017
-0.7654582
-0.7612085
-0.7645481
-0.7611052
-0.75935626
-0.7661113
-0.7646387
-0.76846814
-0.7682416
-0.7650271
-0.7668084
-0.7629579
-0.7722884
-0.7701118
-0.7665661
-0.7645385
-0.7631556
-0.7666087
-0.76681376
-0.7629233
-0.76563555
-0.7632675
-0.7655623
-0.7667089
-0.7680213
-0.7626804
-0.77040607
-0.7605352
-0.7652683
-0.76240563
-0.7586503
-0.7560142
-0.7597741
-0.7612884
-0.7582503
-0.7631231
-0.7660152
-0.7665965
-0.76551557
-0.76485574
-0.76494884
-0.7620374
-0.761666
-0.7670928
-0.76510286
-0.7676412
-0.76218855
-0.7651791
-0.76504356
-0.77144223
-0.76391906
-0.76581955
-0.7679291
-0.7636662
-0.7633216
-0.76841605
-0.7639824
-0.7693807
-0.76581514
-0.7663266
-0.7691686
-0.76979846
-0.768233
-0.7626076
-0.76738137
-0.7658851
-0.76550746
-0.7748896
-0.76948386
-0.76806974
-0.7679586
-0.76404136
-0.7628135
-0.76929796
-0.7631406
-0.76140547
-0.76368535
-0.76587504
-0.7591103
-0.763953
-0.7654596
-0.7655586
-0.7681841
-0.7626722
-0.7654132
-0.7600703
-0.76976895
-0.7708318
-0.7660641
-0.768192
-0.76341
-0.7667922
-0.761109
-0.76306397
-0.7568406
-0.7618622
-0.7623302
-0.76140183
-0.7707113
-0.7673996
-0.76670986
-0.75782216
-0.7651288
-0.76711273
-0.76427937
-0.765609
-0.7713332
-0.7656025
-0.7676501
-0.7637178
-0.7655623
-0.76129735
-0.7690469
-0.76576954
-0.76844716
-0.76935446
-0.7624652
-0.76571107
-0.76831084
-0.76437575
-0.7615935
-0.7646553
-0.76263815
-0.7682191
-0.76491356
-0.7669211
-0.75761795
-0.76657975
-0.77034533
-0.76908255
-0.76690584
-0.7643725
-0.76575243
-0.7699968
-0.76851606
-0.76402146
-0.7670062
-0.7650112
-0.7673152
-0.77115756
-0.7599449
-0.76308334
-0.76598924
-0.772096
-0.76451516
-0.7639193
-0.7665678
-0.7617932
-0.76916337
-0.7675949
-0.7670302
-0.7680016
-0.7668148
-0.76528865
-0.76741916
-0.75825864
-0.7633465
-0.7664109
-0.77221084
-0.7673333
-0.76000494
-0.76745516
-0.763276
-0.7643846
-0.76744884
-0.766575
-0.7592266
-0.76578164
-0.7614877
-0.76950115
-0.7618468
-0.7699398
-0.7680455
-0.76678294
-0.77057564
-0.76376826
-0.77340806
-0.7728265
-0.76395696
-0.7729603
-0.76814926
-0.76543564
-0.766263
-0.7718939
-0.77015144
-0.76931214
-0.7673946
-0.76945627
-0.76822084
-0.7691085
-0.7683951
-0.76184726
-0.77023613
-0.766246
-0.76883274
-0.7715047
-0.7663785
-0.7687955
-0.7702494
-0.7703691
-0.7683468
-0.76780194
-0.76713514
-0.76688296
-0.7689583
-0.770443
-0.7727678
-0.76189643
-0.7627888
-0.7653198
-0.77340627
-0.76849806
-0.76240814
-0.768391
-0.76699185
-0.76774776
-0.7715824
-0.76862514
-0.7693036
-0.76784986
-0.77427375
-0.7693783
-0.7709858
-0.7668665
-0.76945794
-0.7678698
-0.7627852
-0.7680983
-0.7715695
-0.7686058
-0.77209634
-0.7671162
-0.77064115
-0.7696119
-0.7714866
-0.76803154
-0.7700918
-0.7683425
-0.7704837
-0.7685878
-0.7654689
-0.7717464
-0.7673913
-0.7671919
-0.7681085
-0.7715975
-0.76892924
-0.7661463
-0.7657539
-0.77287495
-0.76832366
-0.7687888
-0.7662852
-0.76578885
-0.76634103
-0.7654847
-0.76626045
-0.76735723
-0.7684987
