0.8678250692812033
0.8727427214200891
0.9574736236961047
0.782605677088017
0.7127012419257592
0.6410281239818937
0.6312554340808859
0.6757146821532919
0.6411780100433085
1.554741663969631
1.1057835595598113
0.6894034708575556
0.3755447440615633
0.538050464330559
0.5575205635599544
0.4576861410186387
0.3568751825819175
0.47402708707705604
0.46418010886102545
0.4867284366828425
0.6100130525781616
0.6939807414325391
0.8741388300991868
1.9790014536011837
1.5015340575722942
1.021484673069943
0.6173627419998856
0.47093071533574765
0.27364308674950616
0.24299732796142826
0.26032048567088634
0.19533594816665034
0.28879680871808433
0.3885070999148711
0.3410719138761102
0.5560299477530983
0.6288921574229375
0.7098461849906466
0.8972456038390563
1.1717180963365617
1.927024918261128
1.5445005584734866
0.7008404043171149
0.4314220823083075
0.5330349836414495
0.38899117988858084
0.2884759263689341
0.2408260068634357
0.15107317395433534
0.3403063244521089
0.28044704943444315
0.2723453757004655
0.43755239547802294
0.6547466263246272
0.6471421339635873
0.6300337605078001
0.7482360534881196
0.9301794581111847
1.2691206613859183
2.116142987483621
1.6162294841504559
0.6570907461160906
0.27279053049107954
0.4214180633508094
0.5681161512356125
0.49866445428679507
0.47335793582682006
0.44153842019191525
0.37517718073508727
0.3882996964964016
0.42267235146045284
0.23388677439653913
0.38809473231040226
0.4740005099081338
0.6187267038490876
0.7122570466746342
0.6618455596751208
0.8159807136198609
1.143276438673473
1.4572006321676412
2.3882615115243304
1.6807515764552987
0.8661636106332123
0.5603814252451055
0.5678774083192335
0.6777654331618277
0.8039302757226596
0.878227079006599
0.7611761192163845
0.5544008687789475
0.3591545461759038
0.22126533415821048
0.26473531376783804
0.3917676419742875
0.4075983313639503
0.42387680491301566
0.5463410945853565
0.6504235314959896
0.7152646483090478
0.8750588999162777
1.1348549601381617
1.2193593701272218
1.3838596673481123
1.7673475826301899
1.0164183334164527
0.5586842840514297
0.553154527914542
0.5152960710304045
0.5168345494924868
0.5488226526554973
0.907415191042519
0.7925854009973796
0.5720893917170997
0.36379378636928983
0.25732569100881103
0.06026445850137065
0.44741560188177726
0.4894457811801175
0.5160436175210136
0.46200051632863476
0.507025035291942
0.6549949378206116
0.8618582825072253
1.102643031786798
1.053201142357483
0.9404692452392819
1.2846616089332485
1.6024607958550596
1.1480612766021818
0.8718595259765182
0.7022924256878867
0.6858175497616047
0.6016714566533715
0.522834352770786
0.39904652641449584
0.5795584928079197
0.7534898081575959
0.813116505447757
0.583603923335699
0.43917100177613694
0.316779918112592
0.38901588970325257
0.584325464025906
0.5836907047351259
0.5560810627178513
0.6229734783703239
0.7438654241802936
0.8566348685728526
1.0405094686539538
1.007582327857351
1.104225917171972
1.3257079172189306
1.2580885144068088
0.8818237829545762
0.7221854496634089
0.7538115208719105
0.7885571167840161
0.6272740501406899
0.4775825286783654
0.3976774169285008
0.30046179947630347
0.6262346441150114
0.5222851440600087
0.574420937592503
0.6199891256581495
0.48848608524294884
0.32670743318111023
0.488254133559271
0.5877596439973761
0.5848693549512503
0.7287448372040517
0.8178154998858695
0.9690663833591951
0.9471933186739238
1.1457741699159323
1.3096172920825924
1.4710022310941884
1.7269540116959192
1.1873321750387325
0.9149813526039203
0.8398584320719403
0.7760898051406249
0.7418226523783483
0.9311974658277083
0.9293323287800077
0.7583238798559245
0.5015761377892005
0.16199825491101266
0.19340589892334328
0.49864901383462346
0.4778240421865634
0.467678862651561
0.5291605691702879
0.5556569122315207
0.3425476527421382
0.586235759078515
0.7086388256279756
0.7954401041458089
0.82119675678756
0.7119654889945456
0.8368124961865289
1.1327881292770376
1.371271138932152
1.520856892051644
1.6330949403010533
0.8854940077061172
0.6680031366438176
0.8612649392151078
0.8760599190459966
0.8771379671826944
0.9581415717129738
0.9212176264055201
0.9195406005807204
0.7056998838324612
0.34982440068559345
0.1082916907903578
0.30224784156166307
0.6067327107225065
0.5092261725238874
0.44921162924638974
0.6146930639818098
0.6473188588296606
0.5664238611262983
0.8077552325126508
0.8058830144087641
0.8184561801077934
0.7075913040636469
0.9271545335515333
1.1518820382406463
1.3327758158652647
1.4102303785842856
1.4682455683434086
0.9338043555097161
0.8852791862700522
0.9063646655483105
0.9138524941987003
1.0037994369217575
1.0257832798061224
0.9853776663284953
0.9382662472081968
0.8877043290818895
0.6251869375593757
0.2291760352034121
0.19151402248083926
0.5501299611606683
0.7460727702966115
0.6469841289284342
0.6108330889790027
0.7842627575648569
0.8071136613472213
0.799776580238061
0.9062553356740135
0.7898691423083676
0.951450575713752
0.9781238175459634
1.1101626777554081
1.2382266164640927
1.3156466595153602
1.4319150664616191
0.8233821571185894
0.8629767110836681
0.8457507094553475
0.8349695028361508
0.9022011386082979
0.9447805149685649
0.9580215125206439
0.8922280116140113
0.8667915471186315
0.7965319857593602
0.5592304891759236
0.18281930033267307
0.4475912520382784
0.9022574882219838
1.0041216015282153
0.8229935175478856
0.6704798469567427
0.6928475657275923
0.7002910526816426
1.0580363497742424
1.0740256935953971
0.9537027302814928
0.9740128668897088
1.0633139582856095
1.193418701091354
1.31524367295784
1.4157727285363253
0.696699718596511
0.8271162314933779
0.8236308655023036
0.8898959136874437
0.8853519738462475
0.8205408300306392
0.8505163891663434
0.9021018631164488
0.8399274701024279
0.7384949512203831
0.6075057724292808
0.40829624984228746
0.34600072737528953
0.7061657268785451
1.071195198403836
0.9478315960110072
0.7013262358359985
0.5062137721971133
0.49994529634796975
0.9496024037882912
1.140773688085958
1.0083456644231306
0.9656029636090382
1.0368014491962896
1.1884216756704977
1.398131886563605
1.4799308898571648
0.693299684498931
0.8088464396632571
0.7415381338127763
0.8348350383431486
0.7776093676457813
0.6227112623852287
0.6992590298199443
0.7623640712684532
0.7887594407967656
0.7301007403286944
0.6632381031389848
0.552393379545189
0.4829686779219015
0.5838585598826939
0.895399968622445
0.9895895963076403
0.8363493118958939
0.5662310429385544
0.4698491360668078
0.6439633617312261
1.0576203469066534
1.1776729137953017
1.0707283118969015
1.1361131500523505
1.2011693465755995
1.371905146132205
1.450991592431834
0.7792465004031591
0.7817378471646157
0.7498499211251883
0.7636928919263395
0.6906024147890544
0.5548532569949627
0.6996246379088987
0.7473649113749345
0.8047442128344475
0.6376280947203511
0.5266720937722127
0.5739455528633235
0.6151000303809832
0.6042139530974363
0.7585143325806639
0.9816144978760742
0.9096365534739296
0.7785542522687292
0.6354448015031019
0.6756301013239343
0.8514594244755758
1.1562318872036583
1.1593818478048081
1.1514147947950426
1.2572337184953837
1.2743022763969707
1.3031369935993797
0.6450433688398759
0.7186139457967429
0.8013569952528947
0.8388808098555638
0.7744334808462995
0.6897171391595094
0.6761462634403107
0.7379860465991133
0.7681373963421616
0.7049020751807805
0.5415758769376476
0.652354822151803
0.6586494639109154
0.6994491453732931
0.7024139555670509
0.6755956958226269
0.883786233039977
0.9683793477264707
0.8740512099089305
0.7353455051315249
0.8393579402937584
0.9892450168003547
1.197820010403807
1.1815316109065235
1.211238538789778
1.2638009494938143
1.2558471320631712
0.4642263198052657
0.5019486399943077
0.8931356928635679
1.04723843299992
0.9240759298049046
0.7949055981208203
0.6630143676161608
0.7042861129659521
0.77362157457891
0.8963464193961873
0.8152852207144178
0.7940429751628059
0.7397784873923376
0.7221456425618735
0.6212386977433831
0.5203950803946819
0.6752283642231537
0.9868304935979488
1.023687241433533
0.9888287643311664
0.9046558706025998
1.0184027865788483
1.2611922925370496
1.229752591395335
1.21634787019994
1.3515738270275082
1.373829755055386
0.44598614701876566
0.8878816233839176
1.0666619365346943
0.9891800290114373
0.8992090043367932
0.710432796983907
0.6769163320506552
0.7569340746701945
0.8332925187872088
1.0283902881340834
0.9936663428100126
0.8208478129265098
0.7052400016251721
0.7383813473222532
0.6776690089283484
0.6861295187078303
0.7573489644342688
0.9813654473001733
1.0619101413363914
1.042838976673676
1.1071704037826908
1.2346717031469243
1.354003010849616
1.2710070927300823
1.3131668890738915
1.5726289465651409
0.35030385623548094
0.79541516026089
1.0229427962177273
0.9359704126946714
0.928262703277407
0.7961501682546337
0.6970414855625512
0.7082546359735788
0.8625175377873852
0.9390330218160368
0.9237185817142388
0.9377455106044942
0.8868908490682049
0.8101453857540315
0.8778405388365692
0.815101957957877
0.7036188764318874
0.7612752232851003
1.0809386397824035
1.1371019056240945
1.1612094645916073
1.2842476842681214
1.3320992652559063
1.3886478454373217
1.3504459913787275
0.6425036185985815
0.8158268277285775
0.840697883413903
0.9047102636283201
0.939619503489494
0.8380601958280405
0.7618860822001294
0.8596141094392218
0.882578969667642
0.9062373549455224
0.9234082959764559
0.9734431360807397
1.0568235723703154
1.0511383072157727
0.9680635432006278
0.9574716558254697
0.9286803178798066
0.9849908828279597
1.2673081512505904
1.1661188555734456
1.1215781586737976
1.2116417030012208
1.314139407048111
1.482411443756983
0.5604039541809865
0.7378706088201082
0.9344865722185576
0.9381512579877509
0.9318088205437184
0.8425730033357549
0.8586309188212072
0.9757634145930715
1.003773077603483
0.9632965490392653
0.9504056382825459
1.0224208953151417
1.1332283658203628
1.1189444519227318
1.0684819617090076
1.0695299109415048
1.0703749202062292
0.9883007989637687
1.1725626324290312
1.3772392809852856
1.2083055693369595
1.3382590075746388
1.4810955951262563
0.6891391472987203
0.9006616698201078
0.9676995697695148
0.8443930519269244
0.8865182200690497
0.9899330791647859
1.108295383305341
1.0967108939883885
1.0477157052088815
0.9768164457630272
1.0338046920235813
0.9959599049537655
0.9391894078295819
0.9634133268051892
1.0604425448094543
1.1081927759983168
1.177615290530136
1.1710328103073193
1.2786517801782946
1.472943932938466
1.5147209028526158
0.8711402829146412
0.8908058720289945
0.7465833810173388
0.8387360525841188
1.0762645788713443
1.1046449924542643
1.1141328581587333
1.075431204861425
1.0744918504126697
1.0293748096249598
0.961795373105413
0.9095618308640402
0.9748451423214455
1.023737271689054
1.0629450190858285
1.2630568472072137
1.1956279968719152
1.233970229011934
1.4122275097403219
0.7598083959136811
0.8253774981587052
0.9337527569423996
1.0202631958305555
1.1076445626287201
1.1010345828436796
1.1144317971906093
1.1016347027659446
1.0464193682427279
0.9967190424964576
1.0479490690532207
1.0907934706845293
1.0889478521983365
1.1620393042978339
1.2112343189506969
1.2841505131874065
1.2996059052374085
0.9871043466638845
1.0877706472331437
1.0260729387697614
1.0754806280179436
1.1425012517896593
1.173352279793601
1.1180979491765481
1.0895840872391627
1.164150847223917
1.1888493338113812
1.1828897606013944
1.2804584001760422
1.2770492864883833
1.1085691213930395
1.1602903519507113
1.171015970609751
1.2751431470056425
1.1999601455569078
1.2420168500528488
1.2318515016873135
1.2404319166233955
1.3397676601603403
