-0.057169806
-0.2790832
-0.32193592
-0.3282852
-0.34344503
-0.40110347
-0.567537
-0.76392525
-0.7644264
-0.7715963
-0.78817004
-0.6182479
-0.82784426
-0.82869685
-0.83460784
-0.8331189
-0.8172328
-0.7991342
-0.80035585
-0.80465716
-0.7850524
-0.6829764
-0.8244603
-0.8228844
-0.82406133
-0.8196317
-0.8245302
-0.82597303
-0.82815933
-0.8352252
-0.84276456
-0.7434052
-0.85208386
-0.84133905
-0.8438806
-0.84512377
-0.8531858
-0.85912156
-0.87090194
-0.88416785
-0.895153
-0.8882972
-0.90280294
-0.90552706
-0.90643334
-0.8914628
-0.9122559
-0.90361655
-0.8957427
-0.90090984
-0.9144178
-0.92207325
-0.9212552
-0.9209406
-0.9223934
-0.9196782
-0.8690078
-0.91774094
-0.9005057
-0.8755613
-0.880263
-0.8860942
-0.8844059
-0.8821057
-0.88357455
-0.8840044
-0.8848943
-0.87475115
-0.88184595
-0.8748249
-0.874443
-0.8745279
-0.87376446
-0.86941
-0.8731831
-0.87163585
-0.87835187
-0.8763685
-0.88326067
-0.8876255
-0.89512277
-0.89816767
-0.9008625
-0.90878093
-0.9102044
-0.9117718
-0.9163536
-0.9206129
-0.9009152
-0.8423403
-0.9072754
-0.8990683
-0.8768259
-0.8400701
-0.8629131
-0.86174697
-0.86305803
-0.85045207
-0.84096986
-0.834647
-0.8302864
-0.8307435
-0.82337946
-0.836719
-0.83957696
-0.84464586
-0.8583336
-0.8597663
-0.860047
-0.86287266
-0.8615259
-0.8698994
-0.88089144
-0.8840241
-0.8925929
-0.90081686
-0.9045912
-0.9102814
-0.9220165
-0.92651355
-0.9365498
-0.943609
-0.9521043
-0.9555485
-0.9552866
-0.9458584
-0.92801034
-0.9441148
-0.92852813
-0.92632926
-0.9294491
-0.93276113
-0.9400765
-0.9464176
-0.9521087
-0.9533171
-0.9494138
-0.94538397
-0.9517466
-0.95748407
-0.96045405
-0.9608119
-0.96111596
-0.96361804
-0.9680024
-0.9579879
-0.9156866
-0.9526684
-0.9164643
-0.90910095
-0.90305775
-0.89879924
-0.9037923
-0.909587
-0.90961397
-0.91773355
-0.9187553
-0.9192535
-0.9165783
-0.9193014
-0.9228851
-0.91919637
-0.9197713
-0.9238683
-0.9303572
-0.93855804
-0.9366205
-0.9417248
-0.9480866
-0.9473828
-0.9491413
-0.95871896
-0.9608574
-0.96171683
-0.9622215
-0.9590085
-0.9594099
-0.96706414
-0.96317625
-0.9631672
-0.96633923
-0.96814114
-0.96420795
-0.96312296
-0.96377915
-0.96541786
-0.96796936
-0.9673597
-0.9692364
-0.97183836
-0.9728156
-0.97133195
-0.9742726
-0.9738077
-0.9733651
-0.9740431
-0.9762117
-0.97441876
-0.9787067
-0.97716546
-0.9797848
-0.9765698
-0.98044485
-0.9754147
-0.97967094
-0.97409195
-0.97365063
-0.96893114
-0.96466637
-0.971148
-0.97514987
-0.9740879
-0.9725121
-0.9740621
-0.97552747
-0.9779137
-0.9475527
-0.9562504
-0.9572074
-0.9416964
-0.9357766
-0.93006533
-0.9345344
-0.93360376
-0.9322983
-0.92981017
-0.93170387
-0.93814653
-0.93683743
-0.9392114
-0.94199175
-0.94759244
-0.948865
-0.95101523
-0.95444745
-0.9578148
-0.96161866
-0.96254534
-0.965405
-0.9651156
-0.96475065
-0.96793526
-0.9680235
-0.96802783
-0.9721445
-0.970461
-0.9699098
-0.9709291
-0.9695091
-0.9716203
-0.97131735
-0.97259164
-0.9740814
-0.973348
-0.97524744
-0.97527903
-0.97629905
-0.97745085
-0.97795063
-0.9769512
-0.98017365
-0.9807968
-0.9831941
-0.9833929
-0.9809264
-0.9803763
-0.9768583
-0.97991025
-0.9773862
-0.96867555
-0.96644485
-0.97267693
-0.97178334
-0.96904
-0.968605
-0.97097355
-0.97432786
-0.9747141
-0.97814304
-0.98074293
-0.98441124
-0.9797853
-0.9820108
-0.9790652
-0.98618484
-0.9815052
-0.97449076
-0.9755114
-0.97533405
-0.9807601
-0.9747996
-0.9709738
-0.969434
-0.9773572
-0.97034687
-0.97155625
-0.9780255
-0.9738234
-0.98064005
-0.9734648
-0.97321045
-0.9790149
-0.9722568
-0.9775154
-0.972175
-0.9736033
-0.97083855
-0.9684643
-0.96898675
-0.9715542
-0.9705539
-0.97450155
-0.9753703
-0.97564286
-0.98096603
-0.9739329
-0.9776469
-0.97291726
-0.97626865
-0.9746668
-0.9728604
-0.98071146
-0.9750233
-0.9823583
-0.9707891
-0.9716629
-0.9787354
-0.9694042
-0.9708822
-0.97649777
-0.96727943
-0.9630138
-0.9668165
-0.97331893
-0.96597505
-0.9653743
-0.9699343
-0.97085315
-0.97119826
-0.96683073
-0.9722015
-0.96307683
-0.97882444
-0.97098887
-0.9680243
-0.97067314
-0.9745446
-0.97008556
-0.9712483
-0.97455674
-0.9775936
-0.9765054
-0.9814961
-0.97780186
-0.9777251
-0.978244
-0.97950166
-0.9785087
-0.98175275
-0.98140645
-0.9765996
-0.98446435
-0.9850203
-0.96854335
-0.9768209
-0.96977586
-0.9718803
-0.9756981
-0.9720548
-0.9755516
-0.97162247
-0.96586734
-0.95772356
-0.9624234
-0.9581174
-0.9503441
-0.9512731
-0.95254433
-0.9553936
-0.95701486
-0.95410275
-0.9613822
-0.9582328
-0.96167314
-0.9667826
-0.95593375
-0.94440544
-0.90779763
-0.91219705
-0.91714543
-0.92199016
-0.93078554
-0.93671244
-0.93438035
-0.93885726
-0.93869156
-0.93534434
-0.93220484
-0.9291578
-0.9303621
-0.9358249
-0.9436868
-0.9499409
-0.9545274
-0.9570581
-0.9575132
-0.9576472
-0.9605529
-0.9669386
-0.972897
-0.96902907
-0.96851695
-0.9694628
-0.9695289
-0.96816164
-0.97293866
-0.974684
-0.97314674
-0.97760916
-0.97572875
-0.97352123
-0.9739341
-0.97569615
-0.9775193
-0.98051214
-0.97980684
-0.9795476
-0.97889197
-0.9784039
-0.9820476
-0.9822373
-0.9829088
-0.9830386
-0.98405546
-0.9839474
-0.9786055
-0.98318094
-0.9844507
-0.9805873
-0.9798458
-0.9833574
-0.9845266
-0.9814191
-0.9814032
-0.98164356
-0.98649937
-0.98947257
-0.98642534
-0.96238667
-0.96354663
-0.9610905
-0.95913553
-0.9521865
-0.9464735
-0.9439157
-0.94694763
-0.94699866
-0.9464876
-0.94716084
-0.9522116
-0.953061
-0.9539927
-0.96041983
-0.95646936
-0.95012105
-0.9397291
-0.93791443
-0.9484357
-0.96243525
-0.8918297
-0.9103189
-0.85911053
-0.84599656
-0.8374271
-0.82959765
-0.82859147
-0.8267995
-0.8263849
-0.83129025
-0.83515716
-0.84895694
-0.8556961
-0.8653458
-0.8661869
-0.87704396
-0.8775605
-0.8772978
-0.8659902
-0.87927425
-0.8803892
-0.8895897
-0.88800997
-0.89303297
-0.8965624
-0.8995207
-0.9030179
-0.9075818
-0.9132445
-0.91373616
-0.9197285
-0.92441106
-0.925903
-0.9312663
-0.9368663
-0.9430547
-0.91743845
-0.9497902
-0.9490169
-0.94854575
-0.9518494
-0.9568645
-0.9560556
-0.9554754
-0.95590526
-0.9613909
-0.95994884
-0.9624723
-0.96468985
-0.9658833
-0.9656648
-0.9667003
-0.9668231
-0.96613824
-0.9650123
-0.96694833
-0.96705127
-0.9674893
-0.96988213
-0.96983147
-0.9713641
-0.97255033
-0.9730324
-0.97531575
-0.97631466
-0.9749837
-0.9765941
-0.9771486
-0.97848237
-0.9794376
-0.98048794
-0.9804204
-0.9816674
-0.98243386
-0.9816021
-0.979566
-0.97986156
-0.98307306
-0.98207873
-0.97855955
-0.9762733
-0.98508596
-0.9832921
-0.9747754
-0.9844002
-0.96872693
-0.9719902
-0.97455716
-0.96935874
-0.9741833
-0.9761591
-0.9731837
-0.9795078
-0.9783941
-0.966743
-0.9705543
-0.963084
-0.96986955
-0.9681048
-0.96351945
-0.9590271
-0.95898604
-0.9620398
-0.96319944
-0.96553135
-0.9642074
-0.9695423
-0.97043437
-0.9688572
-0.9758414
-0.96934235
-0.9707897
-0.97317505
-0.9713728
-0.9719034
-0.9676828
-0.9768794
-0.9677386
-0.97371984
-0.9737159
-0.9732225
-0.9764331
-0.9749594
-0.97562546
-0.9816138
-0.9793771
-0.9813303
-0.9794388
-0.9814628
-0.9839386
-0.98152745
-0.9837527
-0.98378617
-0.98400486
-0.9839844
-0.98205185
-0.98403835
-0.98630303
-0.983691
-0.98550296
-0.98673064
-0.97576773
-0.98723334
-0.98920166
-0.98900414
-0.98388845
-0.98050064
-0.9698599
-0.983178
-0.9712568
-0.9685557
-0.97553104
-0.9755441
-0.9709903
-0.9778809
-0.97712535
-0.9772878
-0.9855337
-0.9777876
-0.98330015
-0.9727268
-0.97798854
-0.9751128
-0.96779215
-0.9788052
-0.9748103
-0.9690051
-0.97402465
-0.9795599
-0.9752964
-0.97629166
-0.98204756
-0.9738336
-0.9827835
-0.97365266
-0.9724463
-0.97904974
-0.9768544
-0.97620946
-0.98106027
-0.9735312
-0.9764732
-0.9717799
-0.97639495
-0.97037256
-0.9698533
-0.97739124
-0.9711216
-0.9715157
-0.9767174
-0.97557706
-0.9787838
-0.9804419
-0.975543
-0.98129445
-0.977281
-0.98227334
-0.9815215
-0.98033595
-0.9841668
-0.9845246
-0.9856173
-0.986434
-0.98629415
-0.98417526
-0.98528355
-0.98731846
-0.9862086
-0.9780279
-0.98553574
-0.986618
-0.9795269
-0.9836582
-0.9790887
-0.98543817
-0.977899
-0.98897904
-0.988832
-0.9816719
-0.989565
-0.9808021
-0.9843676
-0.9803737
-0.9877439
-0.98837507
-0.9819626
-0.98232615
-0.9857365
-0.99007595
-0.99008656
-0.974372
-0.98575586
-0.98107374
-0.9833296
-0.981418
-0.98801434
-0.98960173
-0.9811381
-0.98617935
-0.9803008
-0.9722094
-0.96640617
-0.9759299
-0.9727039
-0.96682805
-0.96543604
-0.9682004
-0.97159475
-0.9698282
-0.9689499
-0.9686501
-0.9714601
-0.9780674
-0.9809568
-0.9820715
-0.9803089
-0.96683806
-0.97508836
-0.96629804
-0.96123666
-0.95903647
-0.9642428
-0.9684263
-0.9635344
-0.9623369
-0.9689558
-0.97109175
-0.96785086
-0.9709763
-0.9782167
-0.976501
-0.9787352
-0.97474957
-0.974429
-0.9762742
-0.9739383
-0.97742426
-0.9782461
-0.98130625
-0.97853804
-0.9803997
-0.97765964
-0.9806479
-0.97764575
-0.9803643
-0.9800335
-0.9826768
-0.97867
-0.9812729
-0.98096114
-0.98104185
-0.985717
-0.97995853
-0.9862431
-0.9752564
-0.9859597
-0.9837967
-0.9819699
-0.9799378
-0.98859334
-0.9768157
-0.98947376
-0.97261965
-0.98472273
-0.9797878
-0.98010045
-0.98327124
-0.9745876
-0.9841201
-0.955868
-0.9672117
-0.9502501
-0.9465278
-0.9504187
-0.95543957
-0.95866185
-0.958422
-0.9530495
-0.9581407
-0.95749414
-0.9599656
-0.96218175
-0.9605542
-0.9609544
-0.9635023
-0.9665789
-0.96977055
-0.9703396
-0.9723358
-0.975202
-0.9795311
-0.9732964
-0.9732156
-0.96578896
-0.9688201
-0.97412354
-0.96923697
-0.9656465
-0.9697096
-0.97473174
-0.97058296
-0.9727117
-0.97823447
-0.9768281
-0.97708887
-0.9793402
-0.97910094
-0.98035824
-0.9808319
-0.98168737
-0.98297685
-0.9827526
-0.9863443
-0.9857978
-0.98173416
-0.9832576
-0.9850286
-0.9814291
-0.9881334
-0.987822
-0.9843997
-0.9849941
-0.9885569
-0.98945737
-0.9872556
-0.98207474
-0.98964393
-0.98952943
-0.985196
-0.98294586
-0.978063
-0.9892632
-0.969608
-0.97952414
-0.97357064
-0.9710619
-0.9774224
-0.97386914
-0.9724182
-0.97862864
-0.9794594
-0.9796374
-0.97884595
-0.9790458
-0.9740448
-0.9710763
-0.95771945
-0.95989203
-0.965602
-0.96806973
-0.96921915
-0.96648884
-0.96446633
-0.96342236
-0.9658603
-0.9697181
-0.96855706
-0.9728906
-0.9750143
-0.97540593
-0.9792072
-0.98247546
-0.98085785
-0.97996163
-0.9793358
-0.98158455
-0.9793858
-0.9833256
-0.9827951
-0.9825352
-0.98442334
-0.981856
-0.98113817
-0.9851786
-0.98333955
-0.986388
-0.98569936
-0.98638064
-0.9800875
-0.98682386
-0.98545325
-0.9884563
-0.98547137
-0.98657256
-0.98436826
-0.9729514
-0.9850731
-0.97293574
-0.9674792
-0.9688127
-0.9780442
-0.9787622
-0.97295725
-0.9768536
-0.9805064
-0.9785953
-0.97575116
-0.9803109
-0.9851175
-0.9886862
-0.9810257
-0.9825736
-0.9812695
-0.9820382
-0.98723
-0.97859263
-0.98593915
-0.9853615
-0.9852672
-0.98809177
-0.9886654
-0.98810196
-0.98388314
-0.98323053
-0.98960286
-0.98668015
-0.9888673
-0.98812544
-0.9728511
-0.975149
-0.9712827
-0.97078466
-0.9688943
-0.96449375
-0.9645996
-0.9663525
-0.9675149
-0.96656156
-0.9701898
-0.9712663
-0.9725163
-0.9770192
-0.9747638
-0.97590363
-0.9756298
-0.97735006
-0.9776418
-0.9767897
-0.9788822
-0.97909445
-0.9811656
-0.98103124
-0.98296714
-0.9835167
-0.98344
-0.98386586
-0.98371077
-0.98514855
-0.986771
-0.98656785
-0.98606575
-0.9877004
-0.9882508
-0.988092
-0.98936325
-0.9895113
-0.9903664
-0.988844
-0.98456335
-0.98095846
-0.9905079
-0.98244494
-0.97764415
-0.98636574
-0.9648944
-0.9660675
-0.9720882
-0.9772299
-0.97021407
-0.96959233
-0.96985126
-0.97132283
-0.97246504
-0.9723336
-0.9755789
-0.98085624
-0.97499484
-0.9704954
-0.9728996
-0.97602874
-0.96790004
-0.9594614
-0.9435305
-0.9403702
-0.9423774
-0.94979787
-0.9570875
-0.9593354
-0.95458096
-0.9532631
-0.9526858
-0.95237243
-0.95269275
-0.9548622
-0.95804477
-0.9618752
-0.96359015
-0.9637113
-0.9648202
-0.9665099
-0.9685183
-0.9740795
-0.9743516
-0.9667115
-0.9789272
-0.97130716
-0.970302
-0.970196
-0.9770475
-0.9735586
-0.97097313
-0.9735846
-0.9754145
-0.9795821
-0.97452706
-0.9773184
-0.9795536
-0.9781984
-0.9806159
-0.9823233
-0.98184717
-0.98406374
-0.9840297
-0.98529196
-0.9834359
-0.986952
-0.98752177
-0.98395187
-0.9875331
-0.98658955
-0.98607385
-0.984409
-0.9882772
-0.9904587
-0.9900699
-0.98686767
-0.9867837
-0.9869391
-0.9892314
-0.98862153
-0.98710746
-0.9891152
-0.99012405
-0.986199
-0.9845832
-0.9887536
-0.9921439
-0.9894912
-0.9745762
-0.9686301
-0.96134794
-0.96983826
-0.9618169
-0.95649236
-0.95301807
-0.9544908
-0.9556944
-0.9578879
-0.95702004
-0.9563525
-0.9569587
-0.9581434
-0.9606633
-0.9641449
-0.9668087
-0.9662271
-0.96791476
-0.97511387
-0.96600866
-0.9761231
-0.9711609
-0.97117877
-0.97408986
-0.97229105
-0.9728691
-0.97322726
-0.97624475
-0.97448754
-0.97756207
-0.9785719
-0.9799979
-0.98133266
-0.9810165
-0.9829401
-0.9808408
-0.98210776
-0.98343253
-0.98504174
-0.98575264
-0.98424804
-0.98433346
-0.9863727
-0.98615295
-0.98562706
-0.98537564
-0.98675466
-0.9883362
-0.98815954
-0.98496884
-0.98111737
-0.9793221
-0.98600715
-0.97421277
-0.9731475
-0.9779358
-0.9771975
-0.9751224
-0.98199224
-0.9754668
-0.9798471
-0.98247916
-0.97955275
-0.9862708
-0.98269445
-0.985388
-0.98549074
-0.9849009
-0.9853105
-0.98729986
-0.98738706
-0.9856729
-0.98724324
-0.98808193
-0.98734367
-0.98442775
-0.977075
-0.98329425
-0.9764829
-0.973364
-0.9820425
-0.97189087
-0.9732661
-0.9789457
-0.98047787
-0.9744397
-0.97562426
-0.9867823
-0.9803791
-0.9880344
-0.9792528
-0.9895231
-0.9777286
-0.9865704
-0.97579277
-0.97172683
-0.9826454
-0.97621423
-0.9697801
-0.97777045
-0.978926
-0.9747765
-0.97403634
-0.9786859
-0.98165613
-0.98107857
-0.9846454
-0.9808888
-0.9843743
-0.9730243
-0.9781557
-0.9798697
-0.9836232
-0.97959113
-0.9879684
-0.9773308
-0.97035754
-0.9644007
-0.9704073
-0.9742102
-0.968989
-0.9637522
-0.9664912
-0.97110206
-0.976102
-0.96939313
-0.97024316
-0.97771895
-0.97687995
-0.9754262
-0.9788734
-0.9799881
-0.9794339
-0.9791652
-0.982691
-0.9795255
-0.9852016
-0.97767127
-0.98465115
-0.9744921
-0.97306067
-0.98271745
-0.97180724
-0.9701817
-0.98040223
-0.97784895
-0.97590476
-0.9805101
-0.9794224
-0.9777814
-0.9859694
-0.9770862
-0.98267955
-0.9780995
-0.9737313
-0.982763
-0.97718793
-0.97507095
-0.9838707
-0.97913545
-0.9789899
-0.9863962
-0.97855175
-0.9827641
-0.9806607
-0.9828915
-0.981155
-0.980335
-0.98864806
-0.98122823
-0.99059886
-0.98119706
-0.9879844
-0.97791076
-0.9787533
-0.99012595
-0.97925663
-0.9851694
-0.9797105
-0.983537
-0.98240966
-0.9871779
-0.9784125
-0.977916
-0.98139733
-0.978943
-0.989225
-0.9761942
-0.9779735
-0.9802973
-0.9799004
-0.97639465
-0.9835705
-0.9853311
-0.9817804
-0.9857848
-0.98856866
-0.9852735
-0.9840983
-0.9881429
-0.9877163
-0.9845087
-0.9840081
-0.98394185
-0.98405445
-0.9907685
-0.9879263
-0.9868954
-0.9867648
-0.9907228
-0.99074453
-0.9867798
-0.98816997
-0.9871608
-0.99180794
-0.98684144
-0.9867141
-0.9882538
-0.99154484
-0.9853786
-0.9645126
-0.97190076
-0.973955
-0.9668943
-0.9648072
-0.9649046
-0.96677154
-0.9693313
-0.9700856
-0.9682625
-0.9706384
-0.97761965
-0.9757649
-0.9761601
-0.97856337
-0.9798083
-0.9784483
-0.9813156
-0.97934735
-0.98345685
-0.9831436
-0.98420453
-0.98238766
-0.9864122
-0.98481137
-0.98573613
-0.9834776
-0.9874315
-0.9838591
-0.98460305
-0.98640376
-0.9872155
-0.98836404
-0.98758024
-0.987319
-0.9878027
-0.9890009
-0.9903034
-0.9894527
-0.9901226
-0.99091536
-0.9910595
-0.99112374
-0.99156064
-0.99121755
-0.98979443
-0.98707694
-0.982526
-0.9857917
-0.98738396
-0.9907068
-0.98609704
-0.97799486
-0.9770842
-0.98440534
-0.9746146
-0.9698671
-0.9723625
-0.98167557
-0.9649415
-0.9830063
-0.9709391
-0.96567553
-0.96700203
-0.97818947
-0.96921605
-0.9767263
-0.97605425
-0.97516185
-0.9823695
-0.97548616
-0.97899264
-0.9753295
-0.9705482
-0.9801449
-0.9759165
-0.9745945
-0.97734475
-0.9768458
-0.9776045
-0.9753375
-0.9800964
-0.982043
-0.98024714
-0.9861768
-0.98160267
-0.9846002
-0.98328364
-0.9848317
-0.9806912
-0.9860085
-0.98070574
-0.98432153
-0.9864335
-0.9794129
-0.9866016
-0.9725918
-0.9723975
-0.98552376
-0.9736706
-0.97471315
-0.98142195
-0.9822107
-0.97737193
-0.98413765
-0.98064154
-0.9805977
-0.9864048
-0.9790902
-0.9885956
-0.9758517
-0.9802361
-0.9830915
-0.9778153
-0.98225254
-0.9841058
-0.9827491
-0.98867565
-0.981997
-0.9845692
-0.97893286
-0.9829599
-0.9762368
-0.9789664
-0.9836043
-0.97898835
-0.984581
-0.98236215
-0.9847325
-0.98527074
-0.98202425
-0.98536307
-0.98618627
-0.98465216
-0.9838627
-0.9859635
-0.98730993
-0.9891031
-0.98597
-0.9857483
-0.9880915
-0.986845
-0.98933774
-0.9893079
-0.99056655
-0.9910741
-0.98517936
-0.987126
-0.9895767
-0.9875647
-0.9825522
-0.9900552
-0.99074906
-0.98794484
-0.9848158
-0.9910535
-0.9917698
-0.9860677
-0.97811943
-0.985643
-0.97367793
-0.9703758
-0.9780273
-0.97885454
-0.9749731
-0.97830766
-0.98159194
-0.97885114
-0.98357844
-0.9813997
-0.98378515
-0.9646207
-0.9653327
-0.9657127
-0.96676034
-0.96238613
-0.9562903
-0.95307505
-0.9501739
-0.9521654
-0.9523317
-0.9517677
-0.95243835
-0.9524559
-0.951716
-0.9573166
-0.95895755
-0.95860434
-0.9627775
-0.96349883
-0.9662101
-0.96928257
-0.97117543
-0.9721557
-0.9738667
-0.97339064
-0.9743908
-0.975216
-0.9769175
-0.97796273
-0.9779384
-0.97966737
-0.97915894
-0.97978044
-0.9818858
-0.98334837
-0.9833474
-0.98544294
-0.9857206
-0.9854329
-0.9874987
-0.98740065
-0.9870367
-0.988989
-0.98795915
-0.98661345
-0.98679316
-0.98728776
-0.9871708
-0.989925
-0.9902832
-0.9877929
-0.9859517
-0.9880265
-0.9902626
-0.991764
-0.99176264
-0.9912872
-0.9904225
-0.9866386
-0.9826301
-0.98113817
-0.9839367
-0.97985095
-0.97918123
-0.98511267
-0.9815624
-0.98462486
-0.98255193
-0.98484796
-0.9802207
-0.98546594
-0.9787327
-0.984949
-0.9805497
-0.982654
-0.98415875
-0.98297256
-0.9883759
-0.98550457
-0.9881856
-0.9883013
-0.9841282
-0.99072874
-0.9867887
-0.986819
-0.9858601
-0.99085885
-0.9861768
-0.98121786
-0.9896984
-0.9719585
-0.9897811
-0.97037697
-0.96708804
-0.97671044
-0.9806769
-0.9731255
-0.9679066
-0.97834826
-0.97512287
-0.97097856
-0.97112703
-0.9743067
-0.9776033
-0.9801002
-0.9823664
-0.98748195
-0.9794139
-0.9855358
-0.98323953
-0.9893338
-0.98600817
-0.9902475
-0.9846835
-0.9872546
-0.9856478
-0.9893678
-0.98572737
-0.98963207
-0.98675585
-0.9899423
-0.98938113
-0.9902346
-0.9917138
-0.9904044
-0.99086636
-0.99114025
-0.99034584
-0.98747396
-0.9773404
-0.9832669
-0.976961
-0.97246385
-0.9773883
-0.9846939
-0.9746101
-0.9848884
-0.96701396
-0.97248656
-0.97581875
-0.97447497
-0.9716592
-0.97153866
-0.97224665
-0.9732267
-0.9735046
-0.9739113
-0.9774146
-0.978428
-0.97574735
-0.9784034
-0.9778323
-0.98135614
-0.98234665
-0.9807164
-0.98251754
-0.98235023
-0.9831331
-0.98457104
-0.98668206
-0.98391545
-0.97887355
-0.9834941
-0.9776126
-0.97635764
-0.98128223
-0.9811231
-0.97999245
-0.98368406
-0.9809132
-0.98328656
-0.9841055
-0.98416305
-0.98449063
-0.9867987
-0.9849845
-0.98620486
-0.9851328
-0.98867106
-0.9838858
-0.9894586
-0.9814897
-0.9852451
-0.9838544
-0.9866767
-0.98289233
-0.98483026
-0.9848928
-0.98238546
-0.9911194
-0.98270845
-0.9913701
-0.98699766
-0.98540425
-0.9911809
-0.98784524
-0.9858534
-0.98393816
-0.992304
-0.9828323
-0.99154174
-0.9892425
-0.9853221
-0.98969257
-0.98939997
-0.984423
-0.9858055
-0.9928141
-0.9855063
-0.98869574
-0.992841
-0.99226445
-0.99094623
-0.9888981
-0.98288435
-0.9916968
-0.9932384
-0.98931843
-0.9808539
-0.97542924
-0.97526497
-0.97769487
-0.97207516
-0.96936566
-0.97177213
-0.97485113
-0.97182304
-0.9732374
-0.978713
-0.9765431
-0.9801885
-0.979407
-0.98049515
-0.98018116
-0.9797252
-0.98191667
-0.9820827
-0.98418784
-0.9842997
-0.98663443
-0.98605955
-0.9848378
-0.9868476
-0.9856933
-0.9880499
-0.9869231
-0.9862232
-0.98810697
-0.98562276
-0.98828566
-0.9876267
-0.98785913
-0.98842365
-0.98595315
-0.9901947
-0.9878714
-0.98732924
-0.98907536
-0.98701453
-0.9912186
-0.99036664
-0.98912334
-0.99045813
-0.98732626
-0.9902283
-0.99223125
-0.99228334
-0.99120444
-0.9911831
-0.99168986
-0.9881112
-0.9868951
-0.98834467
-0.99055034
-0.9909539
-0.99059474
-0.9897985
-0.98830533
-0.9854104
-0.98935944
-0.9894732
-0.98911667
-0.98884577
-0.98804045
-0.9891694
-0.9916251
-0.9917464
-0.989082
-0.98760724
-0.98992264
-0.9896384
-0.99024945
-0.98990655
-0.9881472
-0.98330045
-0.9924639
-0.98833406
-0.9845472
-0.9858824
-0.9833874
-0.98885834
-0.98061067
-0.9807836
-0.98795235
-0.98291105
-0.9910789
-0.97761387
-0.98302174
-0.9770498
-0.97792375
-0.9840266
-0.9819801
-0.9795311
-0.985063
-0.98254454
-0.9832866
-0.98944247
-0.98127574
-0.9792825
-0.98023486
-0.9835057
-0.9792213
-0.9793238
-0.984852
-0.98495847
-0.9844955
-0.9880079
-0.98466307
-0.9883915
-0.985184
-0.98769516
-0.9876786
-0.99172086
-0.9891972
-0.99020416
-0.9896782
-0.99015594
-0.99202657
-0.99144065
-0.9917052
-0.991389
-0.99262327
-0.99266046
-0.9896815
-0.987784
-0.9902517
-0.9906807
-0.99273753
-0.99154073
-0.9904115
-0.98953086
-0.98646617
-0.98644745
-0.9930602
-0.9928113
-0.99016273
-0.99012834
-0.98379993
-0.98868775
-0.9912062
-0.9910819
-0.9907966
-0.9864178
-0.9852721
-0.99244356
-0.9905313
-0.98878413
-0.9895103
-0.9904821
-0.9933666
-0.9932474
-0.9880397
-0.9852574
-0.98130935
-0.9859121
-0.9820751
-0.9801522
-0.9871197
-0.9811922
-0.98183745
-0.9795929
-0.9844514
-0.98233694
-0.9773653
-0.9792654
-0.98306704
-0.9806636
-0.9817683
-0.98768616
-0.98223776
-0.9895319
-0.9801347
-0.98896307
-0.9781769
-0.9809062
-0.98728114
-0.98009115
-0.98464143
-0.9839981
-0.9809619
-0.9880836
-0.977552
-0.98013777
-0.98273844
-0.9764928
-0.98615485
-0.98004967
-0.976695
-0.9853387
-0.9815311
-0.9814085
-0.99013656
-0.9798742
-0.9865781
-0.9798777
-0.98082185
-0.98353577
-0.9811049
-0.9846124
-0.983255
-0.98121
-0.98763746
-0.981655
-0.9868191
-0.98737216
-0.98528206
-0.9894912
-0.98885477
-0.98591644
-0.9864903
-0.9877069
-0.98707706
-0.99007666
-0.9922371
-0.9885111
-0.9855614
-0.9898303
-0.9914232
-0.9897803
-0.9859647
-0.9925007
-0.9909785
-0.98636
-0.98894805
-0.99138975
-0.993178
-0.9897798
-0.9882448
-0.9881057
-0.9909789
-0.99310124
-0.99352187
-0.9895552
-0.98499113
-0.99110466
-0.99192184
-0.9855815
-0.9890745
-0.9926534
-0.99238163
-0.9871317
-0.9906912
-0.9919229
-0.9815577
-0.9687059
-0.96956027
-0.9741968
-0.9719269
-0.9669454
-0.9646058
-0.96501386
-0.9690087
-0.9705813
-0.96968865
-0.96916646
-0.9708761
-0.9758794
-0.97501326
-0.9751423
-0.9798352
-0.98179555
-0.98110306
-0.9827288
-0.9834768
-0.982737
-0.98424184
-0.9848698
-0.9862352
-0.9874944
-0.98707193
-0.98932046
-0.98981315
-0.9885214
-0.98779863
-0.991132
-0.9904436
-0.98879504
-0.99069077
-0.9921984
-0.99114424
-0.98917925
-0.9888605
-0.9915212
-0.9926336
-0.99130315
-0.98995316
-0.9905122
-0.99222034
-0.99258626
-0.99335206
-0.99275285
-0.99200535
-0.9908434
-0.9891575
-0.9904144
-0.9908469
-0.9918429
-0.99273854
-0.9933522
-0.99344105
-0.9938362
-0.9936741
-0.9936778
-0.99341536
-0.9923657
-0.9913498
-0.9893881
-0.98261017
-0.9914006
-0.98579544
-0.9894964
-0.9922415
-0.9924317
-0.9898287
-0.9875167
-0.99224347
-0.99171877
-0.9841106
-0.9862222
-0.9914396
-0.98750055
-0.98633933
-0.99157494
-0.9922613
-0.9856984
-0.989334
-0.9935716
-0.9922774
-0.98622686
-0.9877258
-0.9925776
-0.99005866
-0.9839021
-0.99243003
-0.9861595
-0.9847377
-0.9919133
-0.980905
-0.99065083
-0.97456867
-0.98381716
-0.96902347
-0.9810027
-0.97779787
-0.9743079
-0.97362524
-0.97461516
-0.972023
-0.972672
-0.97660196
-0.97451174
-0.97764856
-0.97792906
-0.9791543
-0.9815232
-0.97994775
-0.9815286
-0.9801303
-0.98100835
-0.97954255
-0.9820016
-0.9827469
-0.98450863
-0.98559433
-0.9870735
-0.9853872
-0.9856205
-0.98642063
-0.98822826
-0.9877439
-0.988407
-0.9889432
-0.9887436
-0.98999476
-0.9898254
-0.99022543
-0.9901581
-0.9907038
-0.9919221
-0.99164724
-0.99104196
-0.9914625
-0.99179906
-0.99213964
-0.99251634
-0.99284375
-0.9929118
-0.99289984
-0.9931484
-0.99212325
-0.98997545
-0.98962855
-0.9909069
-0.9894373
-0.98954356
-0.99100035
-0.9926848
-0.99225515
-0.99336714
-0.9933794
-0.9932043
-0.99322295
-0.9919048
-0.98751473
-0.9883687
-0.9920123
-0.99359125
-0.99100024
-0.98428524
-0.98690146
-0.9840909
-0.9878143
-0.9834504
-0.9886319
-0.9852597
-0.9890965
-0.9841237
-0.9878342
-0.98950285
-0.9867645
-0.9876052
-0.98545504
-0.98863256
-0.98022497
-0.9841022
-0.9742341
-0.98639596
-0.9804123
-0.9806876
-0.98184335
-0.97967947
-0.98109627
-0.9854666
-0.98293763
-0.98846555
-0.98343116
-0.9859422
-0.98507386
-0.9874684
-0.9873282
-0.990168
-0.9878259
-0.9892724
-0.9880137
-0.98915064
-0.9913349
-0.98961884
-0.98984694
-0.98968345
-0.9915576
-0.9917628
-0.99161476
-0.9924232
-0.9925171
-0.99170077
-0.99181813
-0.9925763
-0.99243766
-0.99205583
-0.9916502
-0.99072784
-0.9911727
-0.9914523
-0.9910767
-0.98812765
-0.9902914
-0.99133015
-0.9920808
-0.9910915
-0.9885788
-0.98578787
-0.9914637
-0.99253124
-0.98618156
-0.9884698
-0.99167615
-0.99321854
-0.9894322
-0.9893555
-0.992531
-0.99323
-0.9929834
-0.99318457
-0.99341613
-0.9936046
-0.9927295
-0.99152803
-0.987207
-0.9890492
-0.9920289
-0.9863572
-0.98623323
-0.9872997
-0.993233
-0.9919544
-0.986166
-0.98970133
-0.99322236
-0.9929052
-0.9901207
-0.9891782
-0.9924989
-0.9939967
-0.99338377
-0.99093467
-0.9843553
-0.9929053
-0.9900499
-0.98250514
-0.99119025
-0.9755458
-0.9927446
-0.9754216
-0.9803234
-0.9814367
-0.97466
-0.9767325
-0.98572093
-0.980426
-0.98360115
-0.9768129
-0.9755617
-0.97551966
-0.97911096
-0.97518194
-0.9722373
-0.97394276
-0.97857
-0.97679335
-0.97953475
-0.980238
-0.97876596
-0.98640263
-0.98091424
-0.9845547
-0.9816771
-0.984432
-0.98481834
-0.9855243
-0.98767924
-0.9884986
-0.9855983
-0.98866135
-0.9856484
-0.9902076
-0.9876487
-0.9892645
-0.9894835
-0.98809254
-0.9897632
-0.9913034
-0.9886128
-0.99097157
-0.9917973
-0.98935
-0.9911819
-0.99181944
-0.9915534
-0.9923647
-0.99167484
-0.99089044
-0.9920329
-0.9924483
-0.99214524
-0.99213976
-0.9915067
-0.9917422
-0.9915492
-0.9918682
-0.99316335
-0.9931486
-0.9928441
-0.9926633
-0.9920791
-0.98755443
-0.98941743
-0.9925044
-0.99274814
-0.9873878
-0.9770444
-0.9855796
-0.9820252
-0.97990686
-0.98546106
-0.98449713
-0.9831083
-0.9855826
-0.98484033
-0.98822063
-0.9876581
-0.98503625
-0.9915933
-0.98607904
-0.99223524
-0.98977125
-0.98757565
-0.98820114
-0.9901808
-0.99265283
-0.9889079
-0.9887552
-0.99389946
-0.9903613
-0.9859233
-0.9929073
-0.99073046
-0.9861056
-0.9903131
-0.99235606
-0.98788923
-0.9838435
-0.9923722
-0.97980773
-0.99135625
-0.98994493
-0.98347074
-0.99131835
-0.9718247
-0.9922194
-0.9766499
-0.9829204
-0.9805258
-0.9790633
-0.98300093
-0.98398846
-0.98299116
-0.9905327
-0.9820796
-0.99076253
-0.9828171
-0.9897886
-0.9850691
-0.98636967
-0.9876396
-0.9897852
-0.9874569
-0.990488
-0.98649764
-0.9925994
-0.9860626
-0.9897533
-0.98594207
-0.99068284
-0.98560506
-0.9931524
-0.98490036
-0.99272454
-0.9841052
-0.98976487
-0.9831757
-0.98841894
-0.9809847
-0.97912645
-0.99135613
-0.97796154
-0.97691745
-0.9902855
-0.9767688
-0.97542584
-0.9891025
-0.97446483
-0.9693732
-0.98835945
-0.9759333
-0.96875423
-0.96864676
-0.97360647
-0.9770576
-0.97551817
-0.9748259
-0.9734694
-0.97409964
-0.9776919
-0.9842433
-0.9804373
-0.9837789
-0.98463184
-0.9800669
-0.9845521
-0.98715997
-0.9849267
-0.98991084
-0.98479587
-0.9895976
-0.98674065
-0.9887155
-0.9893244
-0.9897733
-0.98847973
-0.9919919
-0.9894784
-0.99216574
-0.9903966
-0.99256855
-0.9914066
-0.9916051
-0.9915231
-0.99187773
-0.99289167
-0.991804
-0.99223703
-0.9919123
-0.9914414
-0.9926844
-0.99356496
-0.993165
-0.99263686
-0.99189985
-0.99129987
-0.99241024
-0.9934831
-0.99404293
-0.9942758
-0.9942968
-0.9941832
-0.99393713
-0.9931042
-0.9914172
-0.9895525
-0.9920582
-0.99412924
-0.9939812
-0.9927722
-0.98658895
-0.9873766
-0.98947924
-0.98414135
-0.9927052
-0.98116
-0.9818182
-0.9869888
-0.97974825
-0.9777588
-0.9840697
-0.98042315
-0.98527056
-0.97961366
-0.9813135
-0.9813545
-0.984473
-0.975992
-0.97059536
-0.983698
-0.96907866
-0.96248037
-0.97786415
-0.97320026
-0.9645563
-0.96244663
-0.9621532
-0.9687378
-0.9735952
-0.97517276
-0.9708231
-0.9706573
-0.975677
-0.9859317
-0.976075
-0.9838231
-0.97985756
-0.9738408
-0.97951484
-0.9837951
-0.98429745
-0.9870978
-0.9832014
-0.9865092
-0.9857614
-0.9892857
-0.98763996
-0.9871752
-0.99013764
-0.9870247
-0.990803
-0.9903562
-0.9885334
-0.9899476
-0.99037904
-0.9905619
-0.99275297
-0.9926484
-0.9916502
-0.9917413
-0.9918136
-0.99239707
-0.99294084
-0.9924659
-0.9905508
-0.98681015
-0.99202234
-0.9924753
-0.98696256
-0.9914006
-0.9937048
-0.9908796
-0.9895596
-0.9929644
-0.993798
-0.9914726
-0.9891802
-0.99235666
-0.9939851
-0.99358034
-0.99183446
-0.9881021
-0.99202627
-0.99435794
-0.9938077
-0.99170846
-0.9904488
-0.9929837
-0.994119
-0.9939725
-0.99288034
-0.9907568
-0.99135417
-0.99203
-0.9934438
-0.9941737
-0.99455416
-0.99421734
-0.99380034
-0.9932924
-0.9924587
-0.9924125
-0.9925381
-0.99371445
-0.99437845
-0.9946154
-0.99360627
-0.9914029
-0.99014795
-0.99195063
-0.9941554
-0.9945185
-0.9930182
-0.9913328
-0.9882483
-0.9919933
-0.994034
-0.99124014
-0.9882986
-0.986896
-0.99227995
-0.9919847
-0.9883148
-0.99160075
-0.99378514
-0.99248147
-0.98897535
-0.9927732
-0.99275
-0.98773897
-0.98832905
-0.9932538
-0.9863214
-0.9871149
-0.9898836
-0.98712754
-0.9918077
-0.9897508
-0.9890916
-0.98869795
-0.9920559
-0.9862622
-0.99250895
-0.9852187
-0.99316525
-0.9867223
-0.9829574
-0.9898147
-0.9815998
-0.988098
-0.9777245
-0.97461236
-0.9884048
-0.98326534
-0.9837344
-0.98892266
-0.98252624
-0.9929777
-0.9813421
-0.99330574
-0.9834146
-0.992615
-0.98660994
-0.9904835
-0.9929475
-0.98674834
-0.9915855
-0.9917113
-0.9864174
-0.99080193
-0.9912269
-0.9883765
-0.9924195
-0.9930708
-0.99030304
-0.99056256
-0.99370503
-0.9930817
-0.9907523
-0.9912226
-0.99313563
-0.99388367
-0.99269426
-0.99120325
-0.9922696
-0.9942836
-0.9943084
-0.99338263
-0.99253845
-0.9920929
-0.9935847
-0.9946092
-0.9937804
-0.9923097
-0.9908192
-0.9922353
-0.9940837
-0.9945246
-0.99296135
-0.98971057
-0.9903894
-0.9939518
-0.993059
-0.9892529
-0.98584944
-0.994045
-0.98909706
-0.9913415
-0.9934166
-0.99291885
-0.9887629
-0.98943496
-0.9938098
-0.9927468
-0.98845786
-0.9869829
-0.9932467
-0.98958105
-0.9892865
-0.9931964
-0.9929874
-0.9902031
-0.99176764
-0.9940591
-0.9920365
-0.9903199
-0.9923978
-0.99424016
-0.99421954
-0.9931644
-0.9922651
-0.99236315
-0.99366003
-0.9944699
-0.9942471
-0.9935415
-0.9930373
-0.99304974
-0.99353313
-0.99416244
-0.99466485
-0.9945588
-0.9942591
-0.99398303
-0.99404496
-0.99409777
-0.99450046
-0.99462026
-0.99456036
-0.9946809
-0.99462837
-0.9946532
-0.9946973
-0.994626
-0.9946555
-0.9946534
-0.9946006
-0.9945534
-0.9943981
-0.9945231
-0.99451935
-0.9945153
-0.9944833
-0.99460566
-0.9945248
-0.99446523
-0.99461734
-0.9947192
-0.9947458
-0.9945631
-0.99432707
-0.99414957
-0.99414563
-0.99402905
-0.9934782
-0.9927815
-0.99256134
-0.993037
-0.99277467
-0.9933857
-0.99414736
-0.99458647
-0.9944663
-0.99407643
-0.99285066
-0.99135995
-0.9921447
-0.99359274
-0.9946727
-0.9945242
-0.99324834
-0.99224716
-0.99237734
-0.99353796
-0.9943608
-0.99469995
-0.9939929
-0.9917764
-0.9895919
-0.99163306
-0.99388725
-0.9928047
-0.9892186
-0.99041706
-0.9911649
-0.99331135
-0.99405754
-0.9926258
-0.99201316
-0.9925585
-0.99235725
-0.9930498
-0.9941906
-0.9941114
-0.9935972
-0.99284863
-0.9905925
-0.9918101
-0.9940733
-0.9933016
-0.98993737
-0.9850013
-0.99108994
-0.9886772
-0.988726
-0.992621
-0.99090725
-0.98599976
-0.99153346
-0.9907062
-0.988407
-0.99337643
-0.99141175
-0.98656493
-0.99340546
-0.99303067
-0.9885419
-0.9917448
-0.99379444
-0.99262094
-0.9905278
-0.99106085
-0.99417806
-0.993301
-0.9904628
-0.99181247
-0.9937379
-0.9944746
-0.99330974
-0.99013734
-0.99205893
-0.99387825
-0.99445015
-0.99382365
-0.9923925
-0.9925607
-0.99334705
-0.99414283
-0.9947976
-0.9942808
-0.99331504
-0.99250686
-0.9923422
-0.99326795
-0.99460286
-0.99454236
-0.9936035
-0.9925224
-0.9908585
-0.9923344
-0.9944186
-0.99332356
-0.98919916
-0.98296565
-0.99040896
-0.98234
-0.9832135
-0.9893289
-0.9864603
-0.98869354
-0.986556
-0.99266034
-0.9856062
-0.9932478
-0.99029833
-0.986794
-0.9940327
-0.9900738
-0.98646414
-0.9908788
-0.9913859
-0.99022794
-0.99081856
-0.9924352
-0.9941273
-0.9938473
-0.99271923
-0.9936793
-0.99427634
-0.9939219
-0.9937841
-0.9937555
-0.9939003
-0.99385774
-0.9945783
-0.9947007
-0.994313
-0.99439263
-0.9944397
-0.99421936
-0.99450535
-0.99449897
-0.9945204
-0.99458253
-0.9945362
-0.9946878
-0.9946234
-0.9945278
-0.9946093
-0.9947306
-0.9946548
-0.9947115
-0.994613
-0.9947657
-0.99485606
-0.99465346
-0.99476856
-0.99460745
-0.9946324
-0.99479645
-0.99474525
-0.99464107
-0.99462855
-0.9946619
-0.994395
-0.9942898
-0.99434835
-0.994418
-0.99423784
-0.9943312
-0.9943885
-0.9943541
-0.9943692
-0.99441415
-0.99455434
-0.99450976
-0.9945168
-0.994563
-0.9947808
-0.99478686
-0.9948134
-0.9947185
-0.9944134
-0.9941009
-0.99400467
-0.9939168
-0.9940606
-0.99405265
-0.9941373
-0.99412733
-0.9942746
-0.99452484
-0.99465734
-0.99479556
-0.99480015
-0.9947494
-0.9946203
-0.9946163
-0.9944668
-0.9942635
-0.9937449
-0.9933969
-0.99275535
-0.9930166
-0.9932555
-0.99375033
-0.99403447
-0.9943733
-0.9947339
-0.99473053
-0.9947047
-0.99475694
-0.99453485
-0.99408466
-0.9937203
-0.99314857
-0.9931404
-0.9931826
-0.9933247
-0.992542
-0.9921847
-0.9926783
-0.99360716
-0.99418813
-0.9944505
-0.99471563
-0.99465454
-0.99441516
-0.99450886
-0.9944413
-0.99427944
-0.9938259
-0.99340653
-0.99310887
-0.9923916
-0.9920175
-0.9914416
-0.99257255
-0.9942561
-0.9947724
-0.99444085
-0.99335605
-0.9918735
-0.9897508
-0.9916069
-0.9940411
-0.99464834
-0.9940405
-0.99181736
-0.98886
-0.9917101
-0.994039
-0.9920591
-0.9859295
-0.99326587
-0.9934
-0.9904204
-0.9907544
-0.9918226
-0.99304426
-0.9936627
-0.99150914
-0.98978204
-0.99292576
-0.9943522
-0.9923205
-0.9862283
-0.9922738
-0.99234325
-0.99010664
-0.98986965
-0.9887181
-0.9940479
-0.9925553
-0.9858819
-0.99351704
-0.99246764
-0.98626935
-0.99339026
-0.9898993
-0.98260295
-0.98834735
-0.98320097
-0.98160416
-0.99023443
-0.98140293
-0.9917316
-0.9791545
-0.98254895
-0.987324
-0.98188466
-0.9893917
-0.9811204
-0.9837374
-0.98447156
-0.9818833
-0.9882875
-0.9820313
-0.98516244
-0.9830699
-0.98302215
-0.9847831
-0.9825053
-0.98734754
-0.986564
-0.98720443
-0.9849958
-0.98950666
-0.98455274
-0.98666656
-0.98398334
-0.9857099
-0.98676926
-0.98707736
-0.98873323
-0.9898192
-0.98864293
-0.99031746
-0.9861137
-0.9931665
-0.9872795
-0.9923349
-0.9857328
-0.99269795
-0.98388463
-0.99139386
-0.9835137
-0.9859193
-0.9896388
-0.9878888
-0.9849576
-0.9860108
-0.9877165
-0.9863088
-0.98869985
-0.9905804
-0.9863867
-0.9898697
