-0.51295507
-0.52240276
-0.5167873
-0.5146426
-0.52803475
-0.52638423
-0.52921265
-0.5444246
-0.52683216
-0.54105604
-0.54930437
-0.5408909
-0.5317689
-0.546558
-0.54806775
-0.5418165
-0.5405364
-0.5401505
-0.55713445
-0.5531653
-0.552537
-0.5538586
-0.55359876
-0.54906815
-0.5736806
-0.5697146
-0.56693137
-0.57080585
-0.565904
-0.56719387
-0.5686682
-0.57223165
-0.5705693
-0.5755145
-0.5724609
-0.5744946
-0.57962847
-0.58517545
-0.575387
-0.59785664
-0.59953624
-0.59503734
-0.5817793
-0.5972008
-0.59718305
-0.6057013
-0.60148036
-0.6048035
-0.62199783
-0.6090231
-0.60930526
-0.6017655
-0.61462337
-0.6024688
-0.6184778
-0.6150099
-0.605637
-0.60895264
-0.60418695
-0.61539066
-0.6135571
-0.6217165
-0.6102077
-0.6244623
-0.6227835
-0.6188178
-0.62069446
-0.6382118
-0.63248754
-0.61289257
-0.62600607
-0.62039447
-0.6198059
-0.6311443
-0.63541317
-0.6342812
-0.6307246
-0.61969066
-0.62078893
-0.61752546
-0.6306466
-0.63078386
-0.6279152
-0.6327054
-0.62653506
-0.6383037
-0.6268314
-0.6325742
-0.6203642
-0.6372043
-0.6388589
-0.62163484
-0.63189787
-0.64145154
-0.6358241
-0.62315696
-0.62890023
-0.645729
-0.629756
-0.6354966
-0.63912624
-0.6233722
-0.6318382
-0.64182496
-0.6373982
-0.631964
-0.62714785
-0.63518614
-0.6367033
-0.63974565
-0.6403289
-0.64872783
-0.6312059
-0.62945104
-0.6255448
-0.6442019
-0.6329178
-0.6351032
-0.6442875
-0.6390609
-0.6533804
-0.63660586
-0.6342165
-0.6445072
-0.6451595
-0.6423942
-0.63329816
-0.63276607
-0.64821523
-0.6367114
-0.6293218
-0.6346456
-0.64463377
-0.6479454
-0.63472533
-0.62671274
-0.6445471
-0.6301192
-0.6383737
-0.6494779
-0.635022
-0.6472793
-0.64097726
-0.64843315
-0.6357549
-0.64187145
-0.64355344
-0.644936
-0.64796495
-0.64486873
-0.6428005
-0.6517028
-0.6341025
-0.64470637
-0.63684833
-0.6515227
-0.6359477
-0.6462236
-0.6579263
-0.64275646
-0.6571386
-0.6485186
-0.6457098
-0.644728
-0.6415399
-0.6398544
-0.65137434
-0.64772546
-0.6476761
-0.63214135
-0.6504632
-0.66204685
-0.6613207
-0.637289
-0.64853084
-0.65626943
-0.6493526
-0.6489551
-0.65781754
-0.6586876
-0.6569409
-0.638133
-0.6619729
-0.6485125
-0.6565949
-0.655131
-0.6479208
-0.65370876
-0.65650076
-0.6529678
-0.6571682
-0.66289806
-0.6582122
-0.648234
-0.6528621
-0.6509332
-0.65195626
-0.6627624
-0.65677327
-0.6557968
-0.6606172
-0.64874184
-0.65443736
-0.6514478
-0.6644071
-0.6605621
-0.6716814
-0.6524048
-0.6657027
-0.66042256
-0.6431202
-0.6638893
-0.65117854
-0.660209
-0.6676097
-0.66182333
-0.66414684
-0.6718318
-0.6688767
-0.667743
-0.64563483
-0.6629179
-0.6619637
-0.6632814
-0.66534287
-0.66053075
-0.6538508
-0.6708304
-0.66052103
-0.6519971
-0.67157686
-0.6656032
-0.65425384
-0.665295
-0.6675409
-0.65183836
-0.6680301
-0.6737999
-0.6748465
-0.66562754
-0.6726016
-0.6716234
-0.6851156
-0.6704562
-0.66955215
-0.67485
-0.6702315
-0.6690567
-0.6745257
-0.6742379
-0.66969776
-0.6621261
-0.67171997
-0.66849154
-0.6717607
-0.6693992
-0.6689385
-0.6681585
-0.6766807
-0.6725773
-0.67351526
-0.6849008
-0.6738635
-0.67094046
-0.6648907
-0.6683704
-0.66601187
-0.67525864
-0.67555225
-0.66667676
-0.6787609
-0.6773032
-0.6641566
-0.6727782
-0.67201704
-0.6769049
-0.674727
-0.68010056
-0.6705595
-0.68335176
-0.671231
-0.6692331
-0.6734146
-0.68594664
-0.6698533
-0.67445505
-0.6776971
-0.6605712
-0.6778274
-0.6841618
-0.68967706
-0.67727095
-0.67007273
-0.6890347
-0.6754477
-0.6705723
-0.6802313
-0.6770195
-0.68281704
-0.68132585
-0.6800321
-0.67503357
-0.6839131
-0.6779483
-0.67434514
-0.68377423
-0.6688334
-0.6753453
-0.6835912
-0.69386685
-0.69065166
-0.6776465
-0.68485457
-0.69547975
-0.69514537
-0.68022513
-0.6870706
-0.6938788
-0.6935033
-0.67719907
-0.691906
-0.6873705
-0.69783413
-0.6963444
-0.679506
-0.6864054
-0.69394714
-0.6950767
-0.68622816
-0.6825913
-0.687985
-0.68924916
-0.68009645
-0.68119484
-0.69543886
-0.679032
-0.6842698
-0.6910723
-0.6898301
-0.6862501
-0.6965994
-0.6900974
-0.694903
-0.69223964
-0.68765277
-0.68634754
-0.68372136
-0.70240647
-0.6946819
-0.6895469
-0.69611526
-0.692596
-0.693588
-0.68437743
-0.6915957
-0.6906668
-0.68533987
-0.6905361
-0.696149
-0.69983643
-0.68109256
-0.69974077
-0.70356905
-0.69746363
-0.6992648
-0.6976893
-0.6886328
-0.7014611
-0.70000684
-0.68939215
-0.70209783
-0.7045185
-0.69377905
-0.6933712
-0.6993873
-0.6917566
-0.6964146
-0.69411963
-0.6959199
-0.6934952
-0.69819057
-0.695792
-0.6974135
-0.69738203
-0.70130414
-0.6958382
-0.7075829
-0.70040274
-0.7018558
-0.7046114
-0.6954035
-0.7099146
-0.7085891
-0.6995671
-0.70747167
-0.7021372
-0.69892645
-0.70262563
-0.69761777
-0.71547484
-0.7102317
-0.6987139
-0.70523
-0.70464385
-0.69718766
-0.6984088
-0.70540345
-0.7041878
-0.7057251
-0.6902288
-0.703705
-0.70510405
-0.7082729
-0.7050253
-0.7099459
-0.70458525
-0.6952963
-0.69127446
-0.70920163
-0.707935
-0.7065737
-0.70987594
-0.69888866
-0.71315527
-0.7056314
-0.7109809
-0.7132479
-0.69420934
-0.7119539
-0.702987
-0.7096274
-0.70048004
-0.69998336
-0.7053995
-0.7078287
-0.7224374
-0.7016083
-0.7100877
-0.7100868
-0.7094794
-0.7093311
-0.7060265
-0.70947826
-0.70750314
-0.7018261
-0.7154315
-0.7171394
-0.70533013
-0.71213496
-0.70644385
-0.7030316
-0.7184958
-0.72025377
-0.70072156
-0.7223345
-0.7065022
-0.72102594
-0.71767575
-0.705829
-0.70954645
-0.71272457
-0.6964964
-0.7214199
-0.7083833
-0.7200897
-0.7105738
-0.71276504
-0.71859753
-0.71510553
-0.7096078
-0.7117357
-0.715772
-0.7154119
-0.70926005
-0.7223459
-0.7105453
-0.7019837
-0.7075078
-0.7212999
-0.7135312
-0.7123968
-0.7212134
-0.71955997
-0.7071289
-0.72870094
-0.71496016
-0.71487826
-0.72364706
-0.7239471
-0.7208123
-0.70344096
-0.7205576
-0.7133596
-0.7129311
-0.7206885
-0.71005917
-0.71622723
-0.72467417
-0.7064427
-0.72659475
-0.7162563
-0.7224268
-0.7170402
-0.72230756
-0.72739667
-0.7306001
-0.72360724
-0.7294857
-0.7274398
-0.7206931
-0.72703505
-0.72539437
-0.7159103
-0.7147713
-0.72650594
-0.7213648
-0.7199707
-0.7207199
-0.71977955
-0.7223599
-0.7201819
-0.72664857
-0.72484595
-0.72815466
-0.72533524
-0.7269287
-0.728449
-0.7255752
-0.7276225
-0.72345406
-0.7277563
-0.7114367
-0.71976054
-0.7282804
-0.73288333
-0.7341041
-0.7227387
-0.71740264
-0.72975147
-0.7292693
-0.72713864
-0.7270952
-0.72992307
-0.7153604
-0.7376701
-0.729725
-0.7342011
-0.7316749
-0.7257327
-0.7315546
-0.72050947
-0.7349384
-0.73701686
-0.7281899
-0.72530335
-0.7354594
-0.72926795
-0.7276053
-0.7368995
-0.7227128
-0.7437418
-0.73003024
-0.73304814
-0.7371156
-0.73544073
-0.72879845
-0.73064643
-0.7306073
-0.7336646
-0.7260706
-0.7305372
-0.735866
-0.73056984
-0.7383459
-0.7304767
-0.73341197
-0.72499746
-0.7282229
-0.73391944
-0.72791976
-0.7263539
-0.7279481
-0.7355898
-0.73132837
-0.7412176
-0.7328291
-0.7433016
-0.7298941
-0.74298507
-0.72995496
-0.73474413
-0.74645495
-0.7304669
-0.7298529
-0.7309918
-0.74157506
-0.73528355
-0.72916824
-0.7419376
-0.73738253
-0.7327868
-0.7344692
-0.7533741
-0.73545164
-0.7376273
-0.73973304
-0.7324686
-0.7363562
-0.7339661
-0.73450476
-0.7458289
-0.7414929
-0.733313
-0.73852175
-0.73874617
-0.745852
-0.7396223
-0.7359481
-0.73967505
-0.7396633
-0.7345643
-0.7310966
-0.74244225
-0.7287794
-0.7344262
-0.7303562
-0.7417394
-0.7354089
-0.7326944
-0.7315398
-0.74112225
-0.74638915
-0.7366328
-0.7491477
-0.7402315
-0.7432072
-0.7438545
-0.7465714
-0.7513582
-0.7435943
-0.74696964
-0.7378456
-0.7517894
-0.7454832
-0.7457751
-0.7441527
-0.7384274
-0.7421448
-0.73706365
-0.7386544
-0.747159
-0.7378641
-0.7441197
-0.75647324
-0.74435824
-0.74319977
-0.7370166
-0.7488767
-0.74276316
-0.7431816
-0.7471088
-0.74049944
-0.7394834
-0.74189717
-0.74504095
-0.7499161
-0.75005084
-0.738084
-0.7473928
-0.7534329
-0.74847865
-0.74517065
-0.7523673
-0.7332513
-0.74708533
-0.75374246
-0.74948585
-0.7482681
-0.7548103
-0.742031
-0.7477337
-0.752907
-0.74634695
-0.74493796
-0.7523167
-0.75078005
-0.74618345
-0.7453068
-0.74317944
-0.75935787
-0.7534884
-0.743311
-0.7510296
-0.74875027
-0.7423763
-0.7501778
-0.7514188
-0.74887246
-0.7508735
-0.7518794
-0.75189734
-0.7499918
-0.7555319
-0.74952805
-0.748073
-0.75456756
-0.75047684
-0.7567346
-0.7507052
-0.75623107
-0.74607545
-0.75173235
-0.75412565
-0.7407417
-0.74017763
-0.7497026
-0.7414144
-0.7448138
-0.7545375
-0.74792653
-0.7430955
-0.74768394
-0.740467
-0.7479198
-0.7477971
-0.7481081
-0.7544227
-0.7438399
-0.7523525
-0.7655779
-0.7533019
-0.75446796
-0.7449336
-0.7507135
-0.7469005
-0.7435955
-0.7433743
-0.7459705
-0.75228035
-0.75029325
-0.75373894
-0.7530414
-0.7530265
-0.7568956
-0.7515886
-0.74478036
-0.751121
-0.7515604
-0.75431323
-0.75304663
-0.7555265
-0.7466272
-0.74945784
-0.7528323
-0.74907184
-0.74882114
-0.7495379
-0.7526153
-0.7489099
-0.74875087
-0.74870825
-0.7577185
-0.7484238
-0.75215435
-0.74402297
-0.7548342
-0.7557878
-0.75405777
-0.7557601
-0.7478728
-0.74407655
-0.7480161
-0.7545269
-0.75045574
-0.746055
-0.753853
-0.754265
-0.7424149
-0.7495459
-0.7577211
-0.7551757
-0.7540695
-0.7572388
-0.75179255
-0.75690603
-0.75907147
-0.7519304
-0.7584189
-0.7531116
-0.7538032
-0.75631297
-0.74389964
-0.7544977
-0.75915504
-0.7557701
-0.75406116
-0.7603592
-0.7422915
-0.76612294
-0.7526613
-0.75256115
-0.7559314
-0.75635284
-0.75614965
-0.7573392
-0.7455235
-0.74375683
-0.75818473
-0.7484491
-0.7608547
-0.7476635
-0.7614271
-0.7621707
-0.7638044
-0.75711817
-0.75452197
-0.7627508
-0.7527811
-0.757622
-0.7549199
-0.75189906
-0.7574537
-0.75101966
-0.7598416
-0.7582116
-0.76466954
-0.74411905
-0.76044756
-0.75445575
-0.7536887
-0.7595246
-0.74844944
-0.7546981
-0.7612158
-0.7493835
-0.7658396
-0.7561055
-0.7540437
-0.7541189
-0.749236
-0.7559293
-0.75365615
-0.7567074
-0.7633579
-0.7648546
-0.75485915
-0.7515147
-0.74335897
-0.7513865
-0.7572182
-0.74815685
-0.75342625
-0.7484969
-0.761603
-0.7581339
-0.749788
-0.7509399
-0.7608603
-0.7551106
-0.749804
-0.7473626
-0.76035464
-0.75532424
-0.75854653
-0.7585516
-0.74850225
-0.7553491
-0.7534554
-0.7529182
-0.7431436
-0.757736
-0.7584749
-0.76208466
-0.76402384
-0.7601488
-0.7551577
-0.7622436
-0.7617389
-0.75639194
-0.7625721
-0.7573513
-0.7568089
-0.76371974
-0.76333994
-0.75542283
-0.7564726
-0.75032884
-0.75439864
-0.76012284
-0.7566971
-0.7638655
-0.75590634
-0.75958574
-0.75437
-0.7646878
-0.7557606
-0.7617291
-0.76279277
-0.7549756
-0.75378615
-0.7533521
-0.76698065
-0.7622158
-0.7565868
-0.7575354
-0.76278913
-0.75062275
-0.7537535
-0.7562297
-0.74214077
-0.75474083
-0.7535179
-0.7562289
-0.76229537
-0.7654118
-0.7596094
-0.7602209
-0.7606743
-0.7612682
-0.7564614
-0.7525193
-0.7469363
-0.7563063
-0.7581657
-0.7695344
-0.7559642
-0.75537616
-0.7644588
-0.7664088
-0.76276726
-0.7518931
-0.75242925
-0.76222825
-0.7592875
-0.76200205
-0.7574878
-0.76297927
-0.75800693
-0.75594956
-0.76703745
-0.7542526
-0.7631771
-0.76253474
-0.7576456
-0.75594866
-0.7642635
-0.758446
-0.76009494
-0.76120174
-0.76499176
-0.76405907
-0.7598834
-0.76066685
-0.76579595
-0.7641299
-0.7635377
-0.75975204
-0.7689543
-0.7600509
-0.7668786
-0.7692807
-0.76332355
-0.7634655
-0.766167
-0.76646656
-0.7676215
-0.7738467
-0.75598246
-0.7619698
-0.76505005
-0.75942093
-0.7597039
-0.75358635
-0.766043
-0.75516784
-0.7614328
-0.76202935
-0.7634991
-0.75776404
-0.7689463
-0.76932496
-0.7533484
-0.7654583
-0.75915104
-0.76666206
-0.7599504
-0.75825
-0.76099336
-0.7681548
-0.7632478
-0.75813687
-0.7702978
-0.7643946
-0.7655039
-0.7608039
-0.7666492
-0.7538491
-0.7693431
-0.7755541
-0.7636953
-0.75873524
-0.75826824
-0.7652426
-0.7625242
-0.76562935
-0.7740727
-0.76674104
-0.7611282
-0.76958567
-0.7669992
-0.75639313
-0.7634121
-0.76533324
-0.7623025
-0.7698163
-0.7583913
-0.764775
-0.7678015
-0.7677428
-0.76025766
-0.7839489
-0.76962346
-0.76856685
-0.764993
-0.7720931
-0.7569065
-0.7632871
-0.76429766
-0.766791
-0.7613036
-0.76370746
-0.76766723
-0.76812816
-0.7631179
-0.7674899
-0.7626625
-0.76972795
-0.78344095
-0.7652203
-0.77463454
-0.7620755
-0.77130103
-0.766996
-0.77062017
-0.7731422
-0.7571584
-0.76869535
-0.7688116
-0.7550209
-0.7707475
-0.764056
-0.7679905
-0.7794829
-0.76713884
-0.7786384
-0.75739485
-0.76286596
-0.77611774
-0.7637944
-0.7644351
-0.7769423
-0.77898186
-0.769487
-0.76080567
-0.7645203
-0.76648945
-0.77547765
-0.7747674
-0.7726138
-0.76863456
-0.7690007
-0.7734103
-0.76291525
-0.77486795
-0.775126
-0.769377
-0.772308
-0.7737221
-0.7734491
-0.77249813
-0.76826
-0.7746898
-0.77135265
-0.7647801
-0.7718453
-0.777127
-0.7777118
-0.7768766
-0.7737946
-0.77555144
-0.7726772
-0.76123106
-0.7724259
-0.7772348
-0.7860698
-0.7757238
-0.7729203
-0.77857125
-0.7738873
-0.77376944
-0.7710846
-0.7733217
-0.78261906
-0.77110285
-0.77988464
-0.7722808
-0.7804971
-0.77520055
-0.76977694
-0.7626889
-0.7830311
-0.7768621
-0.77588326
-0.77875483
-0.77761805
-0.769726
-0.7843927
-0.7710686
-0.77358335
-0.7697404
-0.77246964
-0.78082293
-0.7786994
-0.7715294
-0.7803259
-0.77414656
-0.7805568
-0.77364814
-0.77506924
-0.77538824
-0.7764321
-0.7798607
-0.7715688
-0.77228767
-0.77313536
-0.78442365
-0.77919817
-0.7761238
-0.7614009
-0.7718801
-0.7804916
-0.78183514
-0.7778466
-0.7752733
-0.775748
-0.7695515
-0.7764056
-0.77813876
-0.7807791
-0.78733385
-0.77013046
-0.7733486
-0.78126985
-0.7771609
-0.7744102
-0.7799865
-0.7785319
-0.78000075
-0.77774674
-0.78534734
-0.7709837
-0.776889
-0.77634287
-0.7780832
-0.7836943
-0.78231174
-0.78074974
-0.78715134
-0.78102016
-0.775405
-0.78449994
-0.781272
-0.7818645
-0.77748466
-0.7778309
-0.7760756
-0.7792272
-0.7827861
-0.7741208
-0.7668306
-0.7820076
-0.77786064
-0.7845265
-0.7799834
-0.7835864
-0.78215545
-0.7826446
-0.7748432
-0.7851318
-0.77813363
-0.7837485
-0.78088474
-0.78377724
-0.7834017
-0.7714355
-0.78959346
-0.77476734
-0.7812204
-0.7845115
-0.79158896
-0.7862896
-0.78791636
-0.7816059
-0.78610355
-0.78584486
-0.7786049
-0.7857036
-0.7817209
-0.78955483
-0.7855445
-0.77507466
-0.7805258
-0.7855833
-0.78970593
-0.78778887
-0.77989906
-0.77807635
-0.78755164
-0.78143173
-0.7790839
-0.7813406
-0.77476734
-0.77932596
-0.7864995
-0.78573215
-0.786224
-0.7864757
-0.7934606
-0.78147244
-0.78055054
-0.7869537
-0.78295654
-0.77512234
-0.78506374
-0.7879511
-0.78571296
-0.79173166
-0.78458023
-0.78090847
-0.783427
-0.78401834
-0.78867257
-0.78420633
-0.77988094
-0.79252535
-0.7804151
-0.7840817
-0.78537995
-0.79568684
-0.7974478
-0.7848488
-0.7887487
-0.7769779
-0.79014945
-0.78687555
-0.77718395
-0.7927296
-0.7812372
-0.78174114
-0.78825575
-0.7880158
-0.7790758
-0.78912205
-0.7902748
-0.79270655
-0.78989416
-0.7921875
-0.79018927
-0.7758289
-0.7885654
-0.78403264
-0.7840905
-0.7828224
-0.790853
-0.7875094
-0.7893426
-0.7852052
-0.7814
-0.78361547
-0.7819816
-0.79364216
-0.7798894
-0.7916653
-0.7845013
-0.79011476
-0.78814787
-0.7931577
-0.781603
-0.782957
-0.7880785
-0.7887092
-0.7885643
-0.78232133
-0.7933908
-0.791583
-0.79019713
-0.7932925
-0.78805846
-0.7916661
-0.7901866
-0.79943025
-0.7864368
-0.7900892
-0.7903996
-0.7777721
-0.772765
-0.8006759
-0.78899014
-0.7880074
-0.7911798
-0.7948347
-0.8028967
-0.7808721
-0.7914875
-0.79457796
-0.786954
-0.7920965
-0.7901951
-0.79223067
-0.7875388
-0.7946552
-0.794176
-0.7919437
-0.7876054
-0.78791964
-0.79752135
-0.78888446
-0.79203457
-0.7944642
-0.7863645
-0.79111385
-0.7913042
-0.78635615
-0.7870319
-0.79034185
-0.79423976
-0.7936908
-0.7849861
-0.79786813
-0.7966305
-0.79163486
-0.7914612
-0.7899376
-0.7863462
-0.7956599
-0.79419714
-0.7996216
-0.79459643
-0.7860025
-0.7953918
-0.79203135
-0.7980905
-0.78992623
-0.78999335
-0.7970015
-0.7961511
-0.8011518
-0.7876452
-0.79544514
-0.7891809
-0.78988665
-0.7890662
-0.7976486
-0.7817229
-0.7848501
-0.7935396
-0.7888385
-0.7982119
-0.7927047
-0.7982024
-0.79126596
-0.7914761
-0.79188097
-0.80048174
-0.7848203
-0.7973271
-0.7955695
-0.787976
-0.79375947
-0.783939
-0.7937173
-0.79164183
-0.7904317
-0.7844691
-0.8002268
-0.7949077
-0.7917696
-0.78995013
-0.78673756
-0.7912486
-0.79849005
-0.78977543
-0.7990799
-0.7978042
-0.7953246
-0.78780717
-0.7954793
-0.78610164
-0.7943187
-0.7995591
-0.78165734
-0.79241115
-0.79124725
-0.80600786
-0.7906301
-0.8062578
-0.79065955
-0.7932956
-0.7959478
-0.79907125
-0.7871687
-0.79540956
-0.80023396
-0.7991431
-0.7987214
-0.7993642
-0.8002754
-0.7888271
-0.7941624
-0.78747237
-0.79751325
-0.7894248
-0.7963975
-0.7916967
-0.7824983
-0.7993055
-0.7919301
-0.78948176
-0.78640664
-0.7836954
-0.7943519
-0.7914171
-0.79055154
-0.78822523
-0.7875378
-0.7911386
-0.799604
-0.7877794
-0.7921702
-0.79591715
-0.7965055
-0.79388326
-0.80174905
-0.7913118
-0.7977343
-0.7932637
-0.7948801
-0.7946287
-0.78707093
-0.78824323
-0.7926362
-0.791652
-0.7897069
-0.7942539
-0.7923452
-0.791363
-0.79808354
-0.793081
-0.7900562
-0.7836384
-0.79470724
-0.8016768
-0.7919234
-0.80602574
-0.79546654
-0.7958668
-0.79200727
-0.79650074
-0.79371786
-0.79271907
-0.7980866
-0.7904977
-0.8015484
-0.80107087
-0.79815096
-0.7962719
-0.7871571
-0.78493
-0.7971393
-0.7908082
-0.79597485
-0.8005659
-0.7948738
-0.79581594
-0.79828084
-0.8019387
-0.78636205
-0.7888006
-0.80302775
-0.79495573
-0.7924756
-0.79795164
-0.80003995
-0.7906478
-0.80465513
-0.8027052
-0.7902421
-0.7999134
-0.782228
-0.80397654
-0.79532766
-0.80186343
-0.7951258
-0.7971291
-0.7938828
-0.79068106
-0.79514927
-0.79512143
-0.7982007
-0.7905122
-0.79826826
-0.79681695
-0.7914084
-0.8008497
-0.7975939
-0.797673
-0.7933935
-0.80149776
-0.8004262
-0.80325556
-0.81122434
-0.7956972
-0.8066617
-0.7984447
-0.7984817
-0.7924018
-0.78970623
-0.8098105
-0.7940178
-0.7928579
-0.80317765
-0.79315764
-0.8015633
-0.7910898
-0.80412406
-0.7994898
-0.7956477
-0.7948204
-0.80445796
-0.7983582
-0.79616916
-0.7923479
-0.7862574
-0.8036134
-0.79119486
-0.8109228
-0.80349106
-0.7946446
-0.7913844
-0.80953634
-0.7900852
-0.7907064
-0.798286
-0.784451
-0.7987214
-0.7968528
-0.79690135
-0.804894
-0.80050606
-0.80242234
-0.7864346
-0.79365796
-0.80929166
-0.79732525
-0.8053079
-0.79643244
-0.7943955
-0.8007905
-0.8018853
-0.8035503
-0.7993021
-0.797851
-0.7980025
-0.7917756
-0.79722357
-0.7924488
-0.79974234
-0.7944079
-0.7901899
-0.80290174
-0.79916424
-0.79512435
-0.80278116
-0.7978572
-0.78492063
-0.79787844
-0.80043346
-0.7980207
-0.7993537
-0.80438393
-0.79866415
-0.8004894
-0.8052573
-0.80986756
-0.799481
-0.80746907
-0.79834646
-0.7988199
-0.8128432
-0.80056447
-0.8018181
-0.80765057
-0.8091082
-0.8005824
-0.80010736
-0.7974678
-0.7954418
-0.7987841
-0.7976775
-0.7989987
-0.7942994
-0.78972435
-0.8022673
-0.79231036
-0.7988987
-0.7967451
-0.8049764
-0.7976038
-0.7970091
-0.7977588
-0.7991209
-0.79895395
-0.8054219
-0.80219775
-0.80556095
-0.8055767
-0.81329066
-0.80276173
-0.80354536
-0.79517317
-0.7971888
-0.8039855
-0.79771006
-0.79852724
-0.80937696
-0.8048552
-0.7949514
-0.8025607
-0.7977852
-0.7960641
-0.7963437
-0.8058869
-0.8034527
-0.8186939
-0.8097118
-0.8087768
-0.80871135
-0.79784316
-0.81182617
-0.80519724
-0.8036486
-0.8022178
-0.8074453
-0.7957005
-0.8126075
-0.8080157
-0.79917955
-0.79592514
-0.8066767
-0.7985471
-0.8016994
-0.8007493
-0.8021964
-0.81138575
-0.79613006
-0.8020914
-0.80672896
-0.8023053
-0.8044224
-0.8057344
-0.79344404
-0.801918
-0.803703
-0.8050189
-0.80269754
-0.80248374
-0.80474985
-0.7952776
-0.8053855
-0.80131173
-0.801275
-0.81183183
-0.8003432
-0.81023
-0.7936311
-0.8010137
-0.790296
-0.8111554
-0.7967375
-0.7975719
-0.7907883
-0.79646885
-0.8045392
-0.8007051
-0.7944695
-0.8058806
-0.8126871
-0.80056137
-0.8036126
-0.8011883
-0.8101531
-0.7927586
-0.80643135
-0.8021354
-0.8094143
-0.79879826
-0.8069156
-0.79975635
-0.8107071
-0.81061697
-0.8031179
-0.79685336
-0.81217444
-0.80378526
-0.8000971
-0.803561
-0.79795647
-0.8035884
-0.81055444
-0.8061693
-0.80670106
-0.7962035
-0.7969351
-0.8001805
-0.8038533
-0.7979657
-0.8165605
-0.80428094
-0.80803114
-0.80507237
-0.79810655
-0.803933
-0.81084853
-0.8166768
-0.80306077
-0.8021727
-0.8067604
-0.8017847
-0.8035807
-0.8060893
-0.80367523
-0.8013937
-0.79634213
-0.79695505
-0.8114892
-0.80993533
-0.8051283
-0.8046235
-0.8113275
-0.79970014
-0.7982021
-0.8060921
-0.8128112
-0.80182755
-0.81826955
-0.8017943
-0.8085014
-0.8008444
-0.808879
-0.80927444
-0.79158527
-0.8054138
-0.8074516
-0.7970523
-0.8063909
-0.8146463
-0.7973705
-0.813146
-0.8147841
-0.80076206
-0.8105309
-0.8095445
-0.8075717
-0.8158133
-0.814778
-0.8104076
-0.80228573
-0.81084055
-0.80642426
-0.79819673
-0.7964532
-0.80040103
-0.8069912
-0.80552745
-0.8046816
-0.81742066
-0.8048425
-0.8055276
-0.8111885
-0.8030538
-0.81030226
-0.8046277
-0.8090241
-0.7967481
-0.7981041
-0.80324626
-0.8056356
-0.8115107
-0.81123805
-0.7999236
-0.80465907
-0.8055332
-0.8005593
-0.81293327
-0.80849504
-0.80047834
-0.80795616
-0.8074079
-0.8175293
-0.80505306
-0.8111762
-0.8060101
-0.8121009
-0.8097718
-0.80707306
-0.81206185
-0.8120844
-0.8003103
-0.80596423
-0.8075183
-0.79956573
-0.8040255
-0.79623604
-0.80569756
-0.82090074
-0.80739284
-0.8176728
-0.8094925
-0.80793965
-0.8089428
-0.8126639
-0.79722685
-0.8047406
-0.8079855
-0.8055626
-0.80244744
-0.80369127
-0.81164175
-0.80650383
-0.8031237
-0.8107578
-0.80459183
-0.80466694
-0.8090478
-0.8120426
-0.80618995
-0.8075972
-0.8033582
-0.808033
-0.8143278
-0.8031538
-0.816893
-0.8044926
-0.8123862
-0.8084623
-0.7996065
-0.7960799
-0.8045811
-0.8070147
-0.81227124
-0.8036858
-0.7994665
-0.8091526
-0.80310005
-0.8101134
-0.805343
-0.81302816
-0.8069623
-0.80437696
-0.81002456
-0.8074809
-0.81133586
-0.8092468
-0.807962
-0.8033835
-0.8044111
-0.8006035
-0.80926985
-0.81162727
-0.80998105
-0.805883
-0.80959547
-0.80339205
-0.8122196
-0.80265236
-0.81217146
-0.8137582
-0.8015829
-0.80986714
-0.8082805
-0.805982
-0.80654603
-0.814264
-0.8106192
-0.8051011
-0.80729944
-0.8049426
-0.80937374
-0.81083655
-0.8077003
-0.79903173
-0.81129915
-0.8175447
-0.8064571
-0.8110736
-0.8088082
-0.8104606
-0.81978726
-0.804929
-0.7965675
-0.8150817
-0.816701
-0.8142314
-0.81121874
-0.8093684
-0.8135937
-0.81228024
-0.8132799
-0.8056059
-0.80924386
-0.81268865
-0.8134132
-0.8013064
-0.8153098
-0.8172308
-0.81277716
-0.81072044
-0.809898
-0.8158659
-0.8208971
-0.8090946
-0.8187377
-0.8025139
-0.8177443
-0.8124123
-0.8057552
-0.8057889
-0.8104704
-0.8131842
-0.8043192
-0.8103384
-0.8120822
-0.8152322
-0.807682
-0.80850655
-0.80688846
-0.8022404
-0.8069808
-0.8069101
-0.8216761
-0.8131986
-0.80759007
-0.80781263
-0.8129205
-0.8039184
-0.80118287
-0.80227107
-0.8086373
-0.8075364
-0.8115455
-0.79794544
-0.8123681
-0.811277
-0.8040843
-0.813914
-0.81063104
-0.8058951
-0.8147769
-0.79872006
-0.8083347
-0.8158712
-0.81551045
-0.8025757
-0.8133141
-0.81033856
-0.81377053
-0.7977183
-0.80519885
-0.82006043
-0.8212223
-0.8070334
-0.81021816
-0.8097826
-0.8148761
-0.80779874
-0.81319106
-0.8121576
-0.80574375
-0.81545323
-0.81317884
-0.81496054
-0.8133158
-0.8117871
-0.80376214
-0.8111165
-0.8010833
-0.8088119
-0.81502444
-0.81790674
-0.8075895
-0.8140123
-0.815782
-0.8057598
-0.81091464
-0.80837387
-0.82234424
-0.81116253
-0.81635946
-0.8035949
-0.81090623
-0.8020991
-0.8043487
-0.81377727
-0.8047669
-0.8019093
-0.8105249
-0.8170374
-0.80308247
-0.82214004
-0.80489373
-0.8052915
-0.8106959
-0.8088431
-0.80393827
-0.8133991
-0.8048092
-0.81426704
-0.8110946
-0.815637
-0.8100275
-0.81079197
-0.81787866
-0.81247854
-0.8105933
-0.8114413
-0.8103112
-0.82194513
-0.81307924
-0.80728215
-0.8106603
-0.8296547
-0.8045851
-0.81045705
-0.82133406
-0.8070366
-0.8149665
-0.8126064
-0.8103076
-0.8149579
-0.8141607
-0.8087363
-0.8131087
-0.8041638
-0.82096267
-0.81092936
-0.8188112
-0.8082515
-0.8110624
-0.81324166
-0.8138092
-0.8103005
-0.80487144
-0.8061112
-0.81144685
-0.8124271
-0.81102943
-0.81943494
-0.813129
-0.8138871
-0.8173973
-0.80560774
-0.8061334
-0.80900466
-0.8139197
-0.8124111
-0.79972017
-0.8129749
-0.81323266
-0.8186096
-0.8137565
-0.8115506
-0.8140801
-0.8148234
-0.8137011
-0.8026416
-0.8217711
-0.8318281
-0.8172345
-0.8102738
-0.8115875
-0.814803
-0.8011217
-0.817501
-0.8131287
-0.81553555
-0.8105335
-0.82185096
-0.8139643
-0.8226121
-0.8133893
-0.8148287
-0.8186427
-0.8155724
-0.8011945
-0.81515867
-0.8247572
-0.8121934
-0.81876355
-0.8101828
-0.8107043
-0.8138139
-0.8114668
-0.79794633
-0.8112613
-0.8218083
-0.81728876
-0.81805396
-0.8137935
-0.8153548
-0.81051856
-0.81545424
-0.81019735
-0.8097504
-0.80783254
-0.8164499
-0.8145097
-0.8071364
-0.8168803
-0.81614226
-0.82088035
-0.8123369
-0.81724215
-0.82005984
-0.81412244
-0.8012534
-0.8164617
-0.8092698
-0.8117802
-0.80968964
-0.8092953
-0.81101495
-0.81396073
-0.81527513
-0.8239448
-0.80388796
-0.8068477
-0.8116792
-0.80398124
-0.81190276
-0.81921005
-0.8139977
-0.8158763
-0.82073224
-0.813051
-0.81476456
-0.8185932
-0.81996614
-0.8189355
-0.8163806
-0.81665087
-0.8101793
-0.8177858
-0.8116667
-0.8113898
-0.81442523
-0.81892955
-0.8127026
-0.8123479
-0.80907387
-0.81066406
-0.8052856
-0.81697446
-0.8138683
-0.81218785
-0.8166558
-0.82063806
-0.82077336
-0.8158501
-0.8135774
-0.81388485
-0.8191241
-0.82512456
-0.8211015
-0.8160707
-0.81848294
-0.81541586
-0.8188238
-0.8205849
-0.8118588
-0.8192774
-0.8168555
-0.8175228
-0.8136859
-0.81150585
-0.8226963
-0.8206018
-0.82061625
-0.8120832
-0.8121325
-0.81120175
-0.82384753
-0.81301266
-0.818795
-0.81717277
-0.805998
-0.81137127
-0.81740355
-0.81626964
-0.821077
-0.8178379
-0.82632
-0.8125967
-0.8174269
-0.8188438
-0.8188108
-0.82090664
-0.8146259
-0.8174698
-0.8239683
-0.8149836
-0.8133062
-0.8112092
-0.8241733
-0.81737125
-0.82411075
-0.8181792
-0.81581396
-0.82426494
-0.81046784
-0.8153833
-0.813198
-0.81680053
-0.81774724
-0.8143898
-0.8254428
-0.82315326
-0.8175743
-0.80205697
-0.8191327
-0.81827635
-0.8142046
-0.82431346
-0.8167638
-0.8155745
-0.81688344
-0.81500006
-0.82057476
-0.80861974
-0.81774014
-0.8157219
-0.8077921
-0.82435083
-0.8171305
-0.8240552
-0.8247959
-0.8157929
-0.81186324
-0.8164629
-0.82273024
-0.8138683
-0.8204966
-0.81439763
-0.81140065
-0.8200543
-0.81884646
-0.8180875
-0.8127075
-0.81604254
-0.8121073
-0.82218254
-0.81940705
-0.8119437
-0.8214101
-0.81558096
-0.8161931
-0.82650685
-0.8284703
-0.8109677
-0.816586
-0.8155855
-0.8175207
-0.81868434
-0.8249835
-0.8198082
-0.8207007
-0.81383455
-0.82297397
-0.82325435
-0.81938994
-0.8187375
-0.8135741
-0.81779456
-0.8144315
-0.8109805
-0.82084423
-0.8211606
-0.8240367
-0.81817967
-0.8222772
-0.82173795
-0.8208377
-0.82519156
-0.82122976
-0.81787324
-0.81754404
-0.8207808
-0.8094514
-0.82699066
-0.8290347
-0.82511663
-0.814338
-0.8200924
-0.8228268
-0.8163875
-0.8216924
-0.8177991
-0.81592065
-0.8289699
-0.815482
-0.8206761
-0.81660765
-0.81637317
-0.8164611
-0.82227916
-0.82456696
-0.81608886
-0.81371355
-0.8236634
-0.82304054
-0.81799257
-0.8199894
-0.8146733
-0.8210871
-0.8239705
-0.8144443
-0.8215318
-0.81644034
-0.81878024
-0.82085043
-0.8111864
-0.8171288
-0.8164116
-0.81717235
-0.8236279
-0.807196
-0.8171146
-0.8207781
-0.8203966
-0.82069
-0.8237297
-0.82159245
-0.81345415
-0.818086
-0.8194648
-0.8139676
-0.81789064
-0.8186735
-0.8124377
-0.81685776
-0.8246287
-0.8165546
-0.81389034
-0.8203254
-0.8254346
-0.819395
-0.81829673
-0.83176315
-0.82268137
-0.8119895
-0.816086
-0.81863266
-0.811888
-0.827403
-0.8249828
-0.8265098
-0.8146816
-0.817536
-0.81567085
-0.8119099
-0.8181294
-0.8205473
-0.81819844
-0.8152347
-0.8193929
-0.8169457
-0.815646
-0.816187
-0.8201784
-0.8217188
-0.8173693
-0.8236287
-0.8188781
-0.8268072
-0.82801616
-0.81191266
-0.8148372
-0.81455433
-0.81584
-0.81460756
-0.81992376
-0.8233943
-0.8220957
-0.8276588
-0.82014334
-0.821463
-0.826065
-0.81532156
-0.81990284
-0.82230204
-0.81437796
-0.8261559
-0.82817143
-0.8271125
-0.831252
-0.8266389
-0.81594145
-0.81929916
-0.83367413
-0.8212126
-0.81583595
-0.82297796
-0.823439
-0.8284724
-0.8238303
-0.82227826
-0.8232783
-0.83029246
-0.8317485
-0.81691974
-0.8268595
-0.81590116
-0.8052621
-0.8177479
-0.82373595
-0.8231078
-0.8265432
-0.8093792
-0.8238277
-0.83197623
-0.80943424
-0.81208265
-0.8259064
-0.8116978
-0.81773907
-0.82288426
-0.8148138
-0.8251459
-0.8302341
-0.81438494
-0.8133123
-0.8232327
-0.81617093
-0.8280735
-0.82691556
-0.8219047
-0.8194386
-0.815735
-0.8260379
-0.8123029
-0.82739973
-0.82396746
-0.81419843
-0.82415104
-0.8165357
-0.83251417
-0.81438947
-0.81887996
-0.8282039
-0.8259391
-0.82335454
-0.8270562
-0.828858
-0.8229335
-0.831047
-0.83534473
-0.81682897
-0.8242682
-0.8227495
-0.83033764
-0.82480544
-0.8216846
-0.831591
-0.8154933
-0.8145342
-0.8310469
-0.8273614
-0.83238673
-0.82768536
-0.8244721
-0.82262045
-0.8179789
-0.8215993
-0.81928873
-0.8166749
-0.8225068
-0.8272592
-0.8241313
-0.8323588
-0.8224595
-0.8264055
-0.8160631
-0.8228643
-0.8303925
-0.827634
-0.82968384
-0.82042354
-0.82424456
-0.8175915
-0.821071
-0.82157266
-0.8399805
-0.8286718
-0.8219419
-0.81179124
-0.8176211
-0.81991714
-0.831642
-0.8234079
-0.8218496
-0.8225257
-0.82030404
-0.829246
-0.8284412
-0.8225311
-0.81952333
-0.82126963
-0.81990457
-0.8141409
-0.8166207
-0.8138757
-0.8267832
-0.8246234
-0.82502055
-0.8200791
-0.83057064
-0.81454825
-0.8274614
-0.8226227
-0.82632107
-0.82912964
-0.8236308
-0.82749283
-0.816847
-0.8182039
-0.8226441
-0.82109314
-0.81999063
-0.8265061
-0.80673534
-0.82039976
-0.8214124
-0.81437814
-0.8265334
-0.82526296
-0.8214494
-0.81997037
-0.83394253
-0.82118964
-0.8215221
-0.81862485
-0.8154161
-0.8242651
-0.82820094
-0.81742764
-0.8283425
-0.8167829
-0.8196544
-0.8262646
-0.82347673
-0.82535213
-0.8240256
-0.82626677
-0.8193994
-0.8246296
-0.828668
-0.8217173
-0.8331587
-0.82563436
-0.8229757
-0.82687575
-0.81788486
-0.8260168
-0.83408844
-0.82920897
-0.8240216
-0.8286376
-0.82236415
-0.8300069
-0.8190511
-0.8283986
-0.8189756
-0.82580924
-0.83150977
-0.82474244
-0.8270698
-0.81839335
-0.82612497
-0.8212763
-0.82575613
-0.82762253
-0.8271983
-0.8277773
-0.8284908
-0.8260818
-0.82286704
-0.83207756
-0.8364014
-0.827787
-0.8284653
-0.823176
-0.82147187
-0.8302276
-0.81788933
-0.82422316
-0.8290626
-0.81973743
-0.8235971
-0.821193
-0.8130103
-0.82341284
-0.82471997
-0.82655233
-0.8253826
-0.82561713
-0.822603
-0.82207996
-0.8213462
-0.8264355
-0.82715726
-0.830721
-0.82882375
-0.8286654
-0.8284956
-0.8208129
-0.82533026
-0.8169375
-0.82514083
-0.8233371
-0.8302122
-0.8238821
-0.8275865
-0.8242889
-0.8282306
-0.8259153
-0.826241
-0.82489
-0.8251332
-0.8239457
-0.8325982
-0.82456493
-0.8215768
-0.8228905
-0.8309096
-0.82542557
-0.822108
-0.8238746
-0.8155765
-0.82397175
-0.8272244
-0.8189305
-0.82594913
-0.8211845
-0.824725
-0.8287245
-0.83689773
-0.83105516
-0.81790125
-0.813478
-0.83207166
-0.8169072
-0.81339175
-0.82538915
-0.8362819
-0.82389367
-0.81171995
-0.81096375
-0.83002627
-0.82099825
-0.8182181
-0.8234731
-0.81473005
-0.8230791
-0.8206034
-0.8196529
-0.821117
-0.83054715
-0.8253711
-0.8243144
-0.82254547
-0.8208748
-0.82600266
-0.82425827
-0.8211191
-0.8155248
-0.8200626
-0.8315445
-0.8224199
-0.8190905
-0.81995183
-0.820863
-0.8211595
-0.8332799
-0.82130486
-0.8297591
-0.8141742
-0.8234227
-0.8148424
-0.82155013
-0.8223634
-0.8259867
-0.82592064
-0.8197589
-0.8218858
-0.81976616
-0.8278089
-0.82942975
-0.8261049
-0.82261753
-0.8218158
-0.8183633
-0.82933104
-0.8247998
-0.8249374
-0.82352614
-0.8252433
-0.83167535
-0.80799156
-0.8304218
-0.81585383
-0.82114625
-0.83161944
-0.82023585
-0.8242738
-0.82464653
-0.81030244
-0.82016724
-0.8233995
-0.83434147
-0.8246189
-0.8287952
-0.8150175
-0.8206527
-0.82570297
-0.8189754
-0.81937945
-0.8235428
-0.82589835
-0.8196716
-0.81867784
-0.8192638
-0.82645255
-0.8255389
-0.8197934
-0.82258976
-0.8163128
-0.8238619
-0.8242889
-0.82911015
-0.819328
-0.8234909
-0.8232981
-0.8200268
-0.8322334
-0.82124615
-0.82196486
-0.82268363
-0.822599
-0.8264259
-0.82595503
-0.8387347
-0.82451206
-0.81607985
-0.8250732
-0.82777065
-0.8148944
-0.82025325
-0.83191496
-0.831062
-0.82333344
-0.8202225
-0.82204163
-0.81693184
-0.81297565
-0.82541656
-0.8297465
-0.8264294
-0.8301368
-0.82060516
-0.81808513
-0.8275472
-0.8225076
-0.82874125
-0.83582157
-0.8297349
-0.82892096
-0.8321979
-0.82269025
-0.82450455
-0.8154967
-0.8185846
-0.8217264
-0.82915145
-0.8232115
-0.82838196
-0.82316065
-0.82465184
-0.8202034
-0.8175081
-0.8244417
-0.82922554
-0.8255688
-0.82628024
-0.82335687
-0.8183271
-0.81888604
-0.82044876
-0.8276921
-0.8226213
-0.82101834
-0.8302884
-0.82091117
-0.8262924
-0.82519394
-0.8285899
-0.83329546
-0.8310033
-0.82145613
-0.81589353
-0.8218308
-0.8221175
-0.8219073
-0.83099693
-0.8289746
-0.82676023
-0.82691556
-0.8252809
-0.8258583
-0.82218266
-0.83021796
-0.82362026
-0.8175577
-0.83618593
-0.82716376
-0.81963694
-0.8256872
-0.81745005
-0.8329147
-0.83550096
-0.8084442
-0.8265495
-0.83041644
-0.81471175
-0.8216
-0.82176256
-0.82175845
-0.82278377
-0.8149127
-0.83540314
-0.8192573
-0.82317364
-0.8229745
-0.82455623
-0.8248212
-0.8229881
-0.8240545
-0.8211699
-0.8319494
-0.81829786
-0.8327157
-0.81460994
-0.82445323
-0.830765
-0.82976913
-0.8259702
-0.8332676
-0.83002764
-0.8240471
-0.82084316
-0.8231069
-0.8297319
-0.83238643
-0.8210767
-0.8250453
-0.8218737
-0.8165964
-0.83028656
-0.8265858
-0.8209575
-0.8238282
-0.8258635
-0.83588815
-0.8375912
-0.82314485
-0.8296911
-0.8206207
-0.8202826
-0.83573335
-0.8256989
-0.81989616
-0.8104415
-0.81648374
-0.8327471
-0.821641
-0.8250283
-0.8249258
-0.82780313
-0.8319556
-0.82596034
-0.83083326
-0.8259515
-0.83498526
-0.8382274
-0.8153844
-0.828665
-0.8269579
-0.82617724
-0.8290306
-0.8255226
-0.8209531
-0.8240987
-0.81909746
-0.8282293
-0.8316534
-0.8285067
-0.820538
-0.8244316
-0.8190771
-0.828944
-0.8249772
-0.819886
-0.83157605
-0.8288151
-0.8258765
-0.8236841
-0.82447124
-0.8201089
-0.8297878
-0.82819754
-0.83369744
-0.82126546
-0.8216857
-0.83068085
-0.83082867
-0.82656425
-0.8338732
-0.8351276
-0.83206713
-0.8262033
-0.8230249
-0.82248574
-0.8279897
-0.8354827
-0.82456374
-0.83118963
-0.825108
-0.81596696
-0.83269554
-0.8262259
-0.8334888
-0.8201346
-0.8285451
-0.82154155
-0.8251688
-0.8252986
-0.8241242
-0.8171056
-0.83085173
-0.831013
-0.82367647
-0.8255178
-0.8278793
-0.8234495
-0.82590055
-0.8180998
-0.8179404
-0.8280154
-0.826834
-0.8266585
-0.83007324
-0.83018243
-0.8316811
-0.8203857
-0.8308963
-0.82293636
-0.8261883
-0.8290085
-0.8199019
-0.83055913
-0.82549584
-0.82931626
-0.83323705
-0.8243936
-0.8339128
-0.8207767
-0.8257981
-0.8292929
-0.8214964
-0.81489193
-0.8260935
-0.82391435
