15.441525237563049
12.349665243331177
9.944658610221634
8.30188712373939
6.966404996768211
6.7620351516788775
6.859249050199256
7.341591028057899
8.385817004295914
16.885779209079825
12.963651716909174
10.16440380974413
7.768789362069577
6.477717505923215
5.701809157666988
4.8072436440736785
4.1923454068455
4.244269488417625
4.025037733478952
4.834952282087633
5.321978313059134
6.876406395758459
10.32415186649731
18.59957663884556
14.006623181134321
10.899197560183552
8.485131042392002
6.906916614980736
5.892430144813064
4.961649469425163
4.114581311354156
3.238272867896664
2.6974175594506113
2.9551129658166597
2.29642809009058
2.023106258997187
2.2089845962632193
2.856623666651597
4.249771751705242
6.978593587515038
15.648315686665343
11.766212562090693
8.790868504137288
6.606799108450767
5.723327968823195
4.663108032421158
4.157669572302575
3.832882301901085
2.9614711225082018
2.631510473872668
2.1762102186335035
1.6983943943176087
0.8010844899730946
1.1698322833905848
2.5385155908538297
2.760374333314364
3.0197000015113105
3.64182137056533
5.227071324714126
13.091848154106811
9.554000361965468
7.187129831837428
6.289607528600058
4.81560370681311
3.6879584004842267
3.7822880182540826
3.857149486473297
3.5273611912101246
2.6190723879000233
1.8037021726085563
1.6966347240924513
1.3042198136790881
0.6478731629973373
0.3569991306254011
1.4975226127802699
2.5478918603816805
3.349923111189466
3.732542619935847
4.000759304941461
6.650818085084174
12.911519541733004
8.749493408769998
7.178190264311565
5.329166841699517
4.122260683855119
3.4456098259119297
3.0212687660604827
2.9385135413591303
3.5124161427236733
3.347540338011076
2.507880883348315
1.6776013391058302
1.1869452314202593
1.5422577268302862
1.4836079046018256
1.364751840957313
1.2594774345125157
1.829991606927661
2.879365578680883
3.7273282207861547
4.523722636099001
4.813690303372618
8.999324588045734
9.2046592108791
6.439882252676291
5.592743650871946
3.784364391480291
2.392097551983727
1.5762469536921564
1.8953753254588606
2.8755713055650505
4.097119058251316
4.0710099016846595
2.9277517056583684
1.8780752710763606
1.8268916706121228
1.8544096045850276
2.1437412466001455
2.434895282845683
2.210951537588085
2.130666799038426
2.3170747854731544
3.0961175873037843
4.195143862841642
5.2260359564172365
6.964684876149375
11.954144954429484
8.805867241099108
6.376621841492241
5.239898408846078
4.411639085714419
3.19996692209943
2.053860378125355
1.1988409098023454
2.0984143692146944
3.8336335030610993
4.383927889644065
4.0280463031037295
3.6110032667226175
3.5616017722616076
3.8656889031377264
2.866705256661923
2.432029609641391
3.090418766841195
3.4756148791451076
3.1155909962982626
2.200918854935779
2.631021804263299
3.5576858168052476
4.979372117437488
6.1109276242338195
9.594473070049697
5.282250758841642
4.721411411110194
4.393588579144806
3.7619455605801697
3.0978412022284805
2.043695233000341
1.1769285557492886
2.0919219573490353
3.433380912574214
3.994468633739916
4.504668043190926
5.028771117061511
5.191819833737977
5.0210586475222
4.69050121842066
4.31271437026937
4.183670325419408
4.085420522223039
3.6471009022218523
2.7476184489964046
2.532829987870992
3.4332952751534886
4.366299109404341
5.457423841941714
8.646480156505856
13.111704289954776
4.9206515259920005
2.4383192783938568
2.6571907003179525
3.652740903369066
3.168162077811023
2.8274542845383155
1.7771084261400703
1.343860824863327
1.9321374263582243
3.3890643185765317
4.196212946551039
5.183056090689961
5.201625172249463
4.81152942668826
4.937286416352141
4.516174326104139
4.340602492365124
4.364270119535354
4.473914902332578
4.161819567728023
3.7765895801523772
3.198875977249526
3.364247459113149
4.4661793984548455
5.886076336334592
8.686974741463526
12.5180702868944
3.5086417833376298
0.4732393111807788
1.452867188950128
2.1506500893278355
2.389663981356336
2.219498447571167
1.4834125554466506
1.7252965011557089
2.55197015699863
3.4809981919484527
4.149907024834876
4.4062348437037
4.433946281215363
4.581560145034383
4.59376484003215
4.637537895214236
4.288305730342756
4.024909431601626
3.8059254063509442
3.737168923007578
3.5343553336466758
3.335159776598916
3.4600343301037513
4.4991876910341615
6.131590766691695
8.705804971912059
12.132064784700596
3.1066784823666542
1.2389875899262994
1.6576408592321066
1.755368067316422
1.015494246574503
1.3696944365812171
1.5523716399594478
2.0754420926899657
2.85459536109874
3.4693701108366617
3.430140376140073
3.2964539221853735
3.371486945174021
4.175848277605903
4.315726907101936
4.417743292025191
4.397109673352491
3.876761742396796
3.3105118042114965
2.9237920393358743
3.216449386730945
3.336651679030384
3.612119471039347
4.176588437805453
6.521349284329824
7.7068187931599645
9.65144634710482
1.8440610398762842
1.669827260451682
3.411831429043666
2.700605067355999
0.9057628633690558
0.2687173574957394
1.2343409963759095
2.0784051129664505
3.018359145861127
2.9965872862065632
2.723608163980688
2.4044105687804076
2.5516401850021255
3.498430602533264
3.8733902615777347
3.791241119663748
3.9267851942615777
3.8995926537440195
3.2290117480630247
2.6394890255075882
2.58803214853528
3.349181999144308
3.7735608830840928
4.561683897534723
5.057166300474021
5.320363051392237
7.126661187976432
0.7557767262258479
2.4432932142307373
4.734240263014806
4.556675013790933
3.1755825744642703
2.474376910521295
1.564839694451378
1.7032202741879188
2.469984475429546
2.078978598520436
1.8924386455759332
1.5087688689943328
2.1081878246117105
2.869477502875953
2.7582881132913353
2.9044782154682567
3.4269688867089894
3.7691709866090273
3.6833732097451723
3.1243007042815933
2.8472664378392896
3.160134569323823
3.2766723336608994
3.8189258031230753
3.8399256578911443
3.559338170083979
5.4222131643852745
1.5582281198225714
2.5063858727502413
5.835687362377667
6.406894580048937
5.235773703437761
4.019834335045065
3.340145336123917
3.444353049844226
3.2382687590057295
1.9720232290662059
0.6603314823090485
0.9071892197221937
1.9105588881378317
2.2289512424934683
2.1528718027932974
2.4253447913652155
3.096804355919189
3.5672350864947875
3.855092024954536
3.89062247936469
3.9305950940270606
3.0698770378346447
2.6086616461806904
3.2746341236138936
3.5789405018977325
2.7879773585467915
5.060393513321926
3.826353806380012
1.997051303385917
6.692714867898907
8.041409151233479
7.2462177335877245
6.033590292311316
4.899077052225933
4.293813147442287
3.7052353812644707
2.70514528308871
1.9107429623445271
2.215863903716598
2.8266888327761297
2.0546116369569343
1.7261716328833356
2.1725888399613464
2.4738364969179414
3.2241562755929585
3.5136493730611695
3.893488393929003
3.424083621847352
3.1941807850868678
3.0039248261017106
3.1451507624322064
2.9427798335286495
2.605792061870479
5.93402777441374
6.264077808218123
2.433229409904952
6.856269931063158
8.576282629752166
8.239477860960896
7.145242326433189
5.8533603447199765
4.030070166783143
3.3549015680783856
2.6028972454132617
2.616711552258155
2.9920338852273654
3.400613856305934
3.130882314854581
2.710442485964384
2.6463858906847793
2.427581345944348
2.1872580547206826
2.5416424160213498
2.7225308117325877
3.1903881632282602
3.195081726180584
3.694055779625566
2.948313735381285
2.1727487562384384
2.9754527317322497
7.350184592904602
9.026945052676973
2.6703914989172963
6.657210592822208
9.366830875941094
8.962041354403116
7.569778228504797
6.23219384736696
4.561511017267927
2.845116113712165
2.7652068978831674
2.8169061211140196
3.2184921043975367
3.246858111454383
3.3931260036086233
3.936781120637418
4.103545557301774
3.2620964342155645
2.301587603054137
1.6186551823664728
1.8025132132868198
2.4337166388930256
3.133741847131227
3.373445967831477
2.408587929042272
1.0689739665234606
4.188128495536248
9.353706194658862
4.952183361820683
5.7379158827584025
8.47810295031897
9.030440007703302
7.43930605492029
6.5777125568597885
4.965017293815676
2.845776706172311
2.9777592465115537
2.8666056513145355
3.4966033517300197
3.801802719065567
4.0090843045213855
4.477805730631452
4.234974777760258
3.4221475432231427
2.889989899582938
2.5429406685998845
2.2022603065070574
2.670748854486812
3.158117876937974
2.86608647837311
1.675478052540854
1.540534730035675
6.270783811780771
12.261649867884847
8.64874845608519
5.258964393633257
6.075798068565166
7.51365074853967
6.6575270656030225
5.77617890927959
4.529197263918471
3.3085162425853296
2.653135161946002
3.1681536661150833
3.3997572960424045
4.0360808977088745
4.214993913845602
3.945681067241971
3.501064624224175
3.6453566796997463
3.6090467083409705
3.181621836526548
3.1497173221697876
4.005910236947802
4.532356463964542
4.099889228477264
2.6650452678267365
3.4427479864608053
9.489376207435843
6.274249669379352
4.863635618604045
5.672012931537461
5.887805894733486
4.811325115715862
4.751822263263795
3.8547351176555633
2.7777767317547264
3.133675027630282
3.824281150933222
3.7062802261482206
3.657562094751558
3.3348970738534787
3.3825041941711653
3.4213470280512737
3.536976205897152
3.686883527575035
4.428492404631669
4.962093855906659
5.551671239318112
5.3193794923422155
3.835198148951625
5.74549976280237
12.400490685527446
9.7266141918968
5.000299428922609
4.158637622062458
5.21413814491438
4.837388919789963
5.080506493567462
3.9949150768484127
3.267461453649359
3.5061849993377883
3.2113488705843514
3.5453833004521753
3.4220499265340334
3.05860394363092
2.9551462783023226
3.074107839931061
3.2712039040783236
4.099132060017885
5.331939297043629
6.0919130604299525
6.13570818691307
6.1332173217829675
5.885779558401416
9.401598083219078
8.796283901282846
4.407835991128071
3.640956809078168
4.8874031196872325
4.980027375530566
4.072178654452868
3.4619368276746214
3.5533684581601532
3.8393544251041694
3.5613738878004813
3.136740718041943
3.1229152732264134
2.8506647122286384
2.631025138701322
3.1598022071036
4.415594261749276
5.542750567788889
6.312728271208533
6.409760945797009
5.910015102893274
9.374889559477799
9.060725676410296
3.88481301443977
3.3658350958494343
3.8906107252352395
3.4395667725298895
3.6028888411141997
4.100333409275481
4.11661778939663
3.8525992250910797
3.201603904598856
3.0456688440172406
3.029046839549317
2.7877972437299485
3.5137521211319904
4.423953324815485
5.24008451098728
4.86939223951807
3.9262360144047532
6.2638404954238
8.534616669918075
4.141217942951716
2.237216960574081
2.113317884174563
3.5519737536477916
4.045124021156191
3.8517572897899863
3.766459555768502
3.0245013975502695
2.515964110676521
2.3999521340089833
3.4874226168072866
4.2402706013427265
5.0723507913707735
3.973981853695986
2.13185564661226
3.4717790159501014
4.398402783587035
1.521630814705139
2.001294940773311
2.7466840872259515
2.5448649325341672
2.773193091924493
2.7103131461128895
2.2729477130421323
2.6399054144553546
3.611193243058352
4.114979548470615
2.795190369223597
2.5459221471677465
2.0260712659715665
0.9314410873489464
0.7219198351381786
1.2330754447698342
0.8759873938808779
0.2132207337675036
0.21124800272491684
0.5642350714349298
1.6007412290211036
