-0.2778734
-0.43434247
-0.4318807
-0.4398909
-0.48378477
-0.48455802
-0.4626937
-0.500525
-0.497134
-0.5137553
-0.5402252
-0.5377166
-0.5602438
-0.5717075
-0.5887417
-0.5883017
-0.59517574
-0.59128076
-0.600724
-0.5907408
-0.59836304
-0.6024735
-0.6144551
-0.62496126
-0.6121734
-0.6132793
-0.6091174
-0.63044566
-0.6251452
-0.6283602
-0.63107747
-0.639155
-0.6238996
-0.61911064
-0.6243429
-0.6456849
-0.65546983
-0.64630634
-0.64844346
-0.65624505
-0.64621216
-0.6498771
-0.6542901
-0.64786196
-0.66203374
-0.66900533
-0.6560716
-0.6669674
-0.669624
-0.67026156
-0.67192787
-0.6619992
-0.6783036
-0.6726825
-0.6558355
-0.6586815
-0.6469193
-0.66874474
-0.6667537
-0.65227175
-0.65985173
-0.6848621
-0.6728313
-0.68402857
-0.6916214
-0.6986359
-0.69362956
-0.6968129
-0.7152645
-0.74575704
-0.76358056
-0.78277016
-0.7948169
-0.8139582
-0.83588076
-0.81575453
-0.78338575
-0.7538328
-0.74732894
-0.7643148
-0.77236766
-0.7631901
-0.7602778
-0.77924067
-0.7906558
-0.7806899
-0.79385483
-0.7600401
-0.7135525
-0.728042
-0.76075065
-0.7887763
-0.7687384
-0.7633598
-0.7907964
-0.8173306
-0.82247835
-0.8157056
-0.82480687
-0.8333815
-0.8600704
-0.857831
-0.86042744
-0.87958604
-0.8491141
-0.8872225
-0.87356156
-0.85688734
-0.8708924
-0.8813377
-0.867162
-0.85186714
-0.86617434
-0.884589
-0.87527025
-0.87431526
-0.8829656
-0.8889345
-0.8984965
-0.8942693
-0.9071185
-0.90323
-0.8964595
-0.9030506
-0.8380601
-0.8466016
-0.80384034
-0.81676173
-0.8675938
-0.87577635
-0.83574325
-0.82036936
-0.79597855
-0.7787598
-0.7864086
-0.8094819
-0.8488621
-0.8385917
-0.813543
-0.80286425
-0.80889916
-0.8301807
-0.8736854
-0.88143
-0.8685097
-0.86481774
-0.89286095
-0.91045046
-0.89024645
-0.8751501
-0.891921
-0.9091363
-0.9063726
-0.9111285
-0.9224181
-0.91866136
-0.90990233
-0.91633964
-0.92914295
-0.9266129
-0.92849535
-0.93631345
-0.9369424
-0.9405414
-0.94257534
-0.9387133
-0.94546664
-0.9422428
-0.9422163
-0.9408498
-0.9418059
-0.9465138
-0.94974756
-0.94854546
-0.94901395
-0.9315278
-0.9174091
-0.9283698
-0.9175322
-0.9119698
-0.91260606
-0.9327571
-0.92842263
-0.92317545
-0.94475585
-0.9364404
-0.9332929
-0.94836825
-0.9430068
-0.9216133
-0.8173415
-0.84309345
-0.8839719
-0.8336991
-0.79572767
-0.7724775
-0.7577477
-0.7516621
-0.7610549
-0.7670629
-0.7640007
-0.7543516
-0.7642334
-0.76842725
-0.76944065
-0.7853418
-0.8049017
-0.82480705
-0.82005614
-0.8277152
-0.8413958
-0.8591547
-0.876239
-0.87986153
-0.8884199
-0.88923204
-0.89304143
-0.9025745
-0.8899828
-0.899554
-0.88919204
-0.8886528
-0.8942363
-0.88950366
-0.89654267
-0.8992415
-0.9040083
-0.9083179
-0.9087169
-0.919506
-0.922417
-0.9239175
-0.92709154
-0.9296561
-0.9088987
-0.87772876
-0.80070615
-0.8581627
-0.848371
-0.82170075
-0.7989794
-0.7823008
-0.7602674
-0.78124654
-0.78638554
-0.7937687
-0.798449
-0.7968338
-0.8060394
-0.8252305
-0.83366334
-0.847986
-0.8567719
-0.8620486
-0.87659925
-0.87408483
-0.87952393
-0.8644593
-0.87955016
-0.852552
-0.84953785
-0.8564827
-0.88352436
-0.90778714
-0.9058033
-0.8411358
-0.9044951
-0.8567497
-0.8150093
-0.82179403
-0.830628
-0.8592452
-0.87870646
-0.8704714
-0.85380614
-0.8419815
-0.8550483
-0.86496353
-0.8839771
-0.88773566
-0.8756879
-0.8660081
-0.87437415
-0.89527303
-0.9057995
-0.89155066
-0.8867418
-0.89236575
-0.904891
-0.91039073
-0.9022288
-0.89696693
-0.9025224
-0.91391903
-0.9177412
-0.9155274
-0.9164686
-0.9225871
-0.9262514
-0.92371416
-0.91698855
-0.92658687
-0.92878884
-0.9264423
-0.93178415
-0.92914474
-0.93236196
-0.93875295
-0.93537253
-0.93437684
-0.94077
-0.9428134
-0.9422659
-0.94403666
-0.94570017
-0.9475663
-0.9429149
-0.9465111
-0.95149314
-0.9444361
-0.94599223
-0.9510405
-0.9497653
-0.94931364
-0.952146
-0.95316756
-0.9503743
-0.9547854
-0.9542673
-0.9516018
-0.95594496
-0.956714
-0.9546563
-0.95738655
-0.953661
-0.95509756
-0.95849043
-0.95358205
-0.95832187
-0.95549035
-0.95838
-0.95807856
-0.95729804
-0.9589001
-0.9600402
-0.95916873
-0.9605743
-0.9626209
-0.9618316
-0.9603629
-0.9629944
-0.95973605
-0.9631358
-0.96226084
-0.9615666
-0.9646759
-0.967079
-0.96731025
-0.96485376
-0.9630991
-0.96410286
-0.96686405
-0.9628625
-0.96547526
-0.96999216
-0.9708212
-0.964026
-0.96776795
-0.9647415
-0.96967065
-0.96754116
-0.9665551
-0.96820104
-0.95974386
-0.96715885
-0.9437638
-0.931495
-0.9261082
-0.9273829
-0.9169224
-0.91168344
-0.9036835
-0.9078574
-0.9082945
-0.905639
-0.91087705
-0.9237
-0.9320837
-0.92150134
-0.9415946
-0.8024533
-0.8383748
-0.75045025
-0.6953337
-0.7108508
-0.72713494
-0.7725698
-0.8106229
-0.83378637
-0.8259443
-0.78543824
-0.76551837
-0.78144604
-0.79492235
-0.83679205
-0.85794485
-0.857184
-0.8498956
-0.845805
-0.8550826
-0.8799637
-0.90876234
-0.90819675
-0.8925416
-0.8875047
-0.89979154
-0.8694251
-0.8893958
-0.8899668
-0.899325
-0.9086821
-0.9052449
-0.89537287
-0.89181846
-0.8999701
-0.9021899
-0.91124547
-0.9092358
-0.9085108
-0.90975374
-0.91766083
-0.9253377
-0.92026496
-0.9216197
-0.9289446
-0.9332995
-0.93108886
-0.9203831
-0.8955088
-0.8373098
-0.8259188
-0.836707
-0.8653941
-0.8758846
-0.86080796
-0.83563036
-0.8386199
-0.8437998
-0.85475206
-0.8743459
-0.8905914
-0.89320064
-0.8810356
-0.88903254
-0.91343844
-0.92309695
-0.9122159
-0.912666
-0.9263685
-0.9089502
-0.9243059
-0.9209059
-0.92872876
-0.9350753
-0.93380916
-0.9332955
-0.9306518
-0.9391979
-0.9428363
-0.93789715
-0.94025797
-0.94709665
-0.9484241
-0.94593257
-0.94950557
-0.9532314
-0.94742477
-0.9503866
-0.9562464
-0.9565375
-0.95664024
-0.95794183
-0.95515287
-0.9566346
-0.9583085
-0.9592625
-0.9582794
-0.9576274
-0.9600718
-0.95845175
-0.9629336
-0.9610164
-0.96098673
-0.96285427
-0.9577597
-0.9610349
-0.9617768
-0.96299064
-0.9630536
-0.96191525
-0.96215725
-0.96436363
-0.9603987
-0.9650432
-0.96179134
-0.96505034
-0.9659049
-0.9654246
-0.966115
-0.9657718
-0.96758014
-0.9642325
-0.9648419
-0.96800405
-0.9646454
-0.9684079
-0.967859
-0.9691425
-0.9658044
-0.96999604
-0.96229535
-0.9663305
-0.9672865
-0.9588821
-0.9664064
-0.95257276
-0.9526681
-0.9642652
-0.9598463
-0.96068925
-0.9646063
-0.95888865
-0.9607645
-0.9622668
-0.96282697
-0.95542777
-0.9154332
-0.9037168
-0.92268276
-0.9073868
-0.88693386
-0.88494885
-0.8904275
-0.895191
-0.8933702
-0.89431214
-0.90541583
-0.901535
-0.9155798
-0.9033801
-0.8938486
-0.90623444
-0.9098525
-0.90966433
-0.84732234
-0.81258863
-0.6829864
-0.683479
-0.6966867
-0.77326965
-0.8317305
-0.85397553
-0.82579947
-0.78334117
-0.75655264
-0.7474448
-0.7842033
-0.8128891
-0.83282083
-0.84090644
-0.82776046
-0.8328028
-0.8386783
-0.846718
-0.8620839
-0.8797697
-0.8889411
-0.89654607
-0.8962496
-0.90820986
-0.917924
-0.9199079
-0.9163954
-0.9194035
-0.9186774
-0.9250632
-0.9102041
-0.93033296
-0.92771786
-0.9281091
-0.93294364
-0.93689865
-0.93870825
-0.9366362
-0.9441435
-0.94472015
-0.9429675
-0.94558805
-0.94993776
-0.94731295
-0.94570285
-0.9486703
-0.94754386
-0.9494999
-0.95090806
-0.9512719
-0.9524093
-0.951685
-0.952863
-0.95346206
-0.9518855
-0.956117
-0.95264566
-0.9566611
-0.95673376
-0.95514655
-0.95832443
-0.95833594
-0.95818925
-0.9603256
-0.95849615
-0.9610989
-0.95995384
-0.9608255
-0.9619116
-0.9618412
-0.96308714
-0.96162343
-0.9643894
-0.96248883
-0.9650956
-0.9625511
-0.96453506
-0.96498084
-0.9655053
-0.9650627
-0.96622294
-0.9667308
-0.96556586
-0.9674841
-0.9651053
-0.96686935
-0.967552
-0.9684157
-0.9676612
-0.9702221
-0.96727836
-0.9690074
-0.96566707
-0.968576
-0.9617135
-0.97052425
-0.9582476
-0.9640515
-0.96164376
-0.96042424
-0.9671817
-0.9677548
-0.96269757
-0.9714027
-0.9594373
-0.9633753
-0.91706973
-0.7732377
-0.76128495
-0.8184979
-0.7742655
-0.7344628
-0.70281744
-0.6779079
-0.6579359
-0.66487634
-0.6781579
-0.67224133
-0.66426456
-0.66151345
-0.65412104
-0.65408415
-0.65522105
-0.6713684
-0.67008114
-0.67240936
-0.6675561
-0.67649513
-0.68783337
-0.68567306
-0.6929349
-0.7046573
-0.7132381
-0.7235801
-0.71755356
-0.7289458
-0.7387449
-0.7501805
-0.7570737
-0.7548115
-0.77267313
-0.78000724
-0.78552836
-0.79077137
-0.8011414
-0.8109908
-0.8266107
-0.83615917
-0.83845705
-0.84447473
-0.8616184
-0.8716293
-0.8787618
-0.8815193
-0.8961567
-0.90086275
-0.9026505
-0.9064722
-0.9127171
-0.9139702
-0.9059268
-0.9130993
-0.92157763
-0.92388654
-0.9278409
-0.9203083
-0.9228986
-0.9249147
-0.9269202
-0.93020093
-0.9357935
-0.93695056
-0.94214153
-0.93945
-0.9434123
-0.9420455
-0.93933105
-0.94418484
-0.94676274
-0.9470082
-0.94757855
-0.9491776
-0.9504769
-0.94993097
-0.9509102
-0.9499503
-0.9501791
-0.9527469
-0.95355016
-0.9565243
-0.95648223
-0.9564697
-0.95851654
-0.9563868
-0.9582011
-0.95874
-0.9606755
-0.9585788
-0.96154386
-0.96088344
-0.9609208
-0.9608188
-0.9635837
-0.96158504
-0.9617544
-0.96338254
-0.9612841
-0.9642625
-0.9656043
-0.9667602
-0.9657658
-0.96683335
-0.9673005
-0.9683736
-0.96829474
-0.96523637
-0.9680184
-0.9659996
-0.968923
-0.96559024
-0.9682256
-0.96566063
-0.96922433
-0.96895635
-0.96657616
-0.9613735
-0.9642894
-0.9616643
-0.9648955
-0.9652257
-0.96766156
-0.9602827
-0.9656735
-0.9617451
-0.95550585
-0.84305835
-0.8362953
-0.7571208
-0.69396716
-0.6488936
-0.6330472
-0.6360642
-0.6632751
-0.6883217
-0.71218896
-0.72059643
-0.71269435
-0.6959314
-0.6875017
-0.6669636
-0.6877287
-0.7069284
-0.7276236
-0.7462538
-0.7611358
-0.76468
-0.77919596
-0.7841806
-0.8068832
-0.81413025
-0.82685703
-0.84488815
-0.8421456
-0.8555272
-0.861513
-0.8647669
-0.8589143
-0.8803568
-0.8605223
-0.862918
-0.86007977
-0.8582553
-0.8694838
-0.87822473
-0.8786894
-0.8764843
-0.86991954
-0.8728504
-0.87976277
-0.89608485
-0.89464736
-0.892497
-0.89853907
-0.90778756
-0.9155452
-0.91767246
-0.91809756
-0.921582
-0.92916214
-0.931245
-0.9273584
-0.92718077
-0.9300174
-0.9326004
-0.92902416
-0.9339648
-0.9391534
-0.9381549
-0.93738717
-0.9406287
-0.9440802
-0.9420892
-0.9414373
-0.94332695
-0.9434887
-0.9446592
-0.944948
-0.9451941
-0.9458709
-0.94417113
-0.9482374
-0.9485046
-0.94756174
-0.9493408
-0.95001024
-0.94673383
-0.9493928
-0.95118856
-0.9510572
-0.95174104
-0.9528722
-0.9534104
-0.95422345
-0.953039
-0.953639
-0.9543688
-0.95521057
-0.9550562
-0.95612955
-0.95494485
-0.9569765
-0.9572023
-0.9558698
-0.95737755
-0.9554296
-0.95932144
-0.9581498
-0.959773
-0.95754296
-0.96063703
-0.9594294
-0.95993227
-0.9598045
-0.95935714
-0.96044075
-0.9539506
-0.9621346
-0.95266974
-0.9544149
-0.9602608
-0.9542113
-0.9579933
-0.9590542
-0.95919824
-0.96170384
-0.9620565
-0.9646285
-0.96318984
-0.95616704
-0.95891964
-0.96129644
-0.96232975
-0.95823604
-0.96217346
-0.9580397
-0.96278405
-0.9583865
-0.96235543
-0.9589919
-0.95901734
-0.9585492
-0.96152127
-0.9534009
-0.9600295
-0.9617465
-0.96513474
-0.95708084
-0.95980966
-0.9575259
-0.95930713
-0.9575071
-0.95645744
-0.96723443
-0.9590846
-0.9666162
-0.95430726
-0.94968396
-0.9687662
-0.95214826
-0.9686811
-0.9522788
-0.9524054
-0.9662461
-0.95288235
-0.9590966
-0.96031046
-0.9475654
-0.96474284
-0.945175
-0.9432551
-0.9646003
-0.92385614
-0.8757436
-0.8163786
-0.85853225
-0.8380028
-0.8156971
-0.77948606
-0.7645748
-0.7468893
-0.7456678
-0.7380103
-0.74594516
-0.75266933
-0.73691547
-0.7512366
-0.76260954
-0.7807386
-0.79029596
-0.8112415
-0.820841
-0.8409574
-0.86080265
-0.8769203
-0.8973645
-0.9051744
-0.91346794
-0.92415273
-0.92881167
-0.9063098
-0.89713603
-0.81443423
-0.8338811
-0.74809057
-0.6916861
-0.66154647
-0.6578476
-0.696557
-0.74566364
-0.7941599
-0.8288669
-0.834753
-0.8088171
-0.792192
-0.7672328
-0.7701433
-0.7810395
-0.8062533
-0.82629913
-0.84589624
-0.850057
-0.84764856
-0.8343971
-0.830015
-0.8545778
-0.88094753
-0.9001244
-0.8964938
-0.88583475
-0.88688666
-0.8927603
-0.91243035
-0.9290049
-0.9045572
-0.9104271
-0.9029751
-0.90211254
-0.9072343
-0.9161435
-0.9150838
-0.9208016
-0.91911477
-0.9214308
-0.9272471
-0.9372832
-0.93121964
-0.908596
-0.9054465
-0.85385835
-0.81088895
-0.80384
-0.81878537
-0.84896153
-0.8765513
-0.89077437
-0.8758363
-0.85662115
-0.84978294
-0.85153836
-0.8616622
-0.8832639
-0.90038806
-0.8999156
-0.8952724
-0.88766164
-0.88470185
-0.8979145
-0.91679215
-0.9223158
-0.91782576
-0.9119392
-0.9157387
-0.925355
-0.93062633
-0.9238244
-0.93476856
-0.93108416
-0.93085265
-0.93873394
-0.9360638
-0.93220997
-0.92762595
-0.9326997
-0.9405669
-0.9446293
-0.9401884
-0.9414424
-0.9472851
-0.94812876
-0.94436336
-0.94682676
-0.94951123
-0.951385
-0.95051724
-0.9537113
-0.9541152
-0.9545409
-0.95235294
-0.9551809
-0.95697516
-0.95415723
-0.95538795
-0.95785505
-0.9578289
-0.95680034
-0.96048504
-0.9595903
-0.95881444
-0.9600674
-0.96096456
-0.9617916
-0.9614844
-0.959672
-0.9602369
-0.96332175
-0.9628957
-0.9644495
-0.962006
-0.96274775
-0.96521914
-0.96319747
-0.9668835
-0.96490467
-0.9660525
-0.9646826
-0.9654701
-0.9657247
-0.9665022
-0.96609205
-0.9676158
-0.966322
-0.96720994
-0.9664373
-0.9687097
-0.9692366
-0.96860546
-0.96881926
-0.9697447
-0.96762973
-0.9692114
-0.9671245
-0.9694128
-0.9670347
-0.9692512
-0.96633387
-0.9698741
-0.96291095
-0.9639974
-0.96544707
-0.962824
-0.9669796
-0.96002746
-0.9653969
-0.96657366
-0.9663891
-0.967603
-0.96213347
-0.96909034
-0.9617326
-0.96757203
-0.9631294
-0.96328115
-0.96447456
-0.964804
-0.9697421
-0.9617264
-0.9678047
-0.96036106
-0.95715815
-0.93438274
-0.9477368
-0.9340673
-0.91966385
-0.91683954
-0.91370857
-0.91269386
-0.9069232
-0.90851873
-0.9109784
-0.9196937
-0.92124647
-0.93042403
-0.9322461
-0.9375647
-0.94014776
-0.9449191
-0.9440211
-0.9457862
-0.9475023
-0.9476096
-0.94793916
-0.95041984
-0.94935006
-0.9484747
-0.94962966
-0.9513194
-0.953735
-0.9550285
-0.9572947
-0.95777166
-0.9580409
-0.95664567
-0.9586499
-0.95789874
-0.9594877
-0.95857537
-0.9602154
-0.9600496
-0.96227926
-0.9631264
-0.96388984
-0.96324843
-0.965778
-0.9654571
-0.965514
-0.96531314
-0.96711344
-0.9657575
-0.96682787
-0.9622824
-0.9666909
-0.95854217
-0.95666444
-0.97136474
-0.956156
-0.95715535
-0.97014123
-0.95185333
-0.9471732
-0.92314714
-0.92967904
-0.93726546
-0.9377869
-0.93030983
-0.92884904
-0.9317915
-0.94267285
-0.9530751
-0.948755
-0.95246136
-0.9629223
-0.9531332
-0.9453612
-0.9557744
-0.95630985
-0.95434976
-0.96062917
-0.96281976
-0.9602636
-0.960756
-0.96243495
-0.9615176
-0.9638035
-0.9647698
-0.96493065
-0.9665533
-0.96364236
-0.96551824
-0.9685859
-0.96774656
-0.9705362
-0.9688119
-0.9713984
-0.96990556
-0.96799606
-0.96930474
-0.9710378
-0.96919125
-0.9711024
-0.96952
-0.9643817
-0.96596867
-0.9595181
-0.9611467
-0.9675588
-0.96620303
-0.9628287
-0.9632879
-0.96295637
-0.9553968
-0.9663109
-0.9610692
-0.95511436
-0.9640628
-0.96050537
-0.9606535
-0.9606939
-0.9635243
-0.9610502
-0.96747714
-0.9631634
-0.96906626
-0.9581538
-0.9544832
-0.9722499
-0.953399
-0.9550865
-0.96973413
-0.9608618
-0.9571533
-0.9710787
-0.95775247
-0.95553124
-0.97370183
-0.9552677
-0.9576887
-0.97383666
-0.9512048
-0.94695634
-0.9704986
-0.9439645
-0.9319968
-0.96483505
-0.93250436
-0.91956586
-0.9367855
-0.9578871
-0.9517298
-0.93713975
-0.9508293
-0.9606168
-0.94387245
-0.9406052
-0.960908
-0.9555502
-0.94472843
-0.9531222
-0.96195894
-0.9049093
-0.88343734
-0.83509576
-0.82654494
-0.81560594
-0.8060985
-0.7913987
-0.78227174
-0.7572882
-0.74501723
-0.7320299
-0.7321441
-0.7421426
-0.74256593
-0.7461433
-0.7482945
-0.76595086
-0.7686121
-0.7832156
-0.7907047
-0.80485004
-0.8108493
-0.81688434
-0.8247677
-0.838718
-0.83947605
-0.84914255
-0.86189985
-0.86760557
-0.86680007
-0.8777969
-0.87784386
-0.88267314
-0.8886871
-0.883947
-0.89671296
-0.90478265
-0.9097405
-0.91833127
-0.920799
-0.9112991
-0.9092845
-0.894357
-0.89129335
-0.9056528
-0.92486787
-0.92656726
-0.9229026
-0.9188909
-0.9229471
-0.93753946
-0.9358004
-0.9290558
-0.93029284
-0.9345373
-0.941674
-0.9405313
-0.9366706
-0.9431014
-0.948966
-0.94939536
-0.94929504
-0.9502969
-0.95203847
-0.9505955
-0.9515672
-0.95015645
-0.9528757
-0.9561882
-0.95641243
-0.9578537
-0.9588581
-0.9585061
-0.95932084
-0.9591746
-0.96082455
-0.96154606
-0.9625367
-0.96209174
-0.96377105
-0.96241856
-0.9636603
-0.96520525
-0.9632312
-0.964181
-0.9644528
-0.9643122
-0.9653995
-0.964763
-0.9651311
-0.96623313
-0.9646838
-0.9671567
-0.9624418
-0.9680682
-0.96534276
-0.96846175
-0.96551603
-0.9667298
-0.9664326
-0.9687328
-0.9666724
-0.9693643
-0.96818703
-0.9702181
-0.966089
-0.96767664
-0.9665871
-0.9716047
-0.9694779
-0.96505713
-0.9684273
-0.96716416
-0.96937054
-0.96885335
-0.9687269
-0.9618915
-0.96449095
-0.963066
-0.9663046
-0.9650441
-0.9678249
-0.96939796
-0.96131593
-0.9628465
-0.96884775
-0.96527255
-0.96347165
-0.9683745
-0.9583797
-0.95902056
-0.95486695
-0.9549152
-0.97032636
-0.95435554
-0.9648219
-0.95556325
-0.9606812
-0.95972717
-0.9603611
-0.96589047
-0.96605164
-0.96543497
-0.9667629
-0.962887
-0.9677729
-0.967918
-0.9664738
-0.96521795
-0.968547
-0.9629135
-0.9687743
-0.9623443
-0.96417814
-0.9679316
-0.9672747
-0.96867144
-0.9645877
-0.96712697
-0.9669423
-0.9720745
-0.9663509
-0.96897465
-0.9662179
-0.9697565
-0.97016746
-0.97088426
-0.96910965
-0.96951836
-0.96771485
-0.966444
-0.9683826
-0.95945823
-0.9625875
-0.96327007
-0.96366704
-0.96552545
-0.96856797
-0.96298444
-0.9651017
-0.9601959
-0.9648531
-0.95987505
-0.9699211
-0.95306545
-0.9531754
-0.9625161
-0.957074
-0.9555218
-0.96389675
-0.9640302
-0.9592093
-0.967165
-0.9632583
-0.9625581
-0.97166973
-0.9726127
-0.9696785
-0.970601
-0.96718943
-0.9665323
-0.9690526
-0.9700582
-0.95553213
-0.9552083
-0.96730304
-0.9539146
-0.96298397
-0.959414
-0.95569927
-0.9652676
-0.95871013
-0.9558801
-0.960346
-0.96594983
-0.96086186
-0.9703123
-0.9631085
-0.9684624
-0.9567475
-0.95938873
-0.9664489
-0.96594745
-0.9601014
-0.9608667
-0.9683026
-0.9664244
-0.9655653
-0.96706796
-0.967798
-0.9663925
-0.9717462
-0.96733934
-0.9661547
-0.97185516
-0.962588
-0.963697
-0.96740377
-0.9686032
-0.9659892
-0.9650315
-0.97238064
-0.9614017
-0.97073203
-0.9335257
-0.94172895
-0.9159235
-0.9132308
-0.92029333
-0.9163663
-0.9094528
-0.9017726
-0.8993636
-0.9066488
-0.91101056
-0.9164779
-0.91478276
-0.9143036
-0.926567
-0.93408775
-0.9333532
-0.93698823
-0.9453662
-0.8150149
-0.79452693
-0.54157573
-0.63869905
-0.62489516
-0.63936436
-0.67121243
-0.72059935
-0.7459753
-0.728521
-0.6868966
-0.65235466
-0.63408107
-0.6272193
-0.6267184
-0.65706086
-0.6799901
-0.69829166
-0.74128187
-0.75227326
-0.7593691
-0.7519613
-0.7558541
-0.76175606
-0.7787785
-0.7860043
-0.8116942
-0.82279575
-0.8341711
-0.84818405
-0.85088617
-0.8506418
-0.8635902
-0.87862587
-0.89926094
-0.90753406
-0.9090092
-0.8733377
-0.9060837
-0.8888738
-0.8803594
-0.84802806
-0.8894891
-0.9081854
-0.9145306
-0.9089216
-0.9046931
-0.9002459
-0.90731287
-0.9216232
-0.9308217
-0.92792344
-0.9233793
-0.92728895
-0.93809545
-0.9367191
-0.9300752
-0.93247354
-0.93590206
-0.9402705
-0.94081813
-0.9388046
-0.94153374
-0.9463674
-0.947673
-0.945552
-0.9451421
-0.94781584
-0.9486131
-0.94840646
-0.9476571
-0.95200086
-0.9515664
-0.9506228
-0.9529648
-0.9552055
-0.95343506
-0.9533929
-0.9557929
-0.95988685
-0.95475256
-0.95611554
-0.9585305
-0.9591599
-0.95732415
-0.96129644
-0.96205634
-0.9611958
-0.9629341
-0.96265453
-0.96463686
-0.96440715
-0.9664048
-0.96679866
-0.9668486
-0.96673346
-0.96808857
-0.96677566
-0.96767133
-0.96741194
-0.9696584
-0.9669914
-0.96958774
-0.9672492
-0.96990216
-0.9692699
-0.9704764
-0.969944
-0.9702806
-0.9712187
-0.9678726
-0.9704634
-0.9738046
-0.97331184
-0.96894145
-0.97165954
-0.97189164
-0.9713009
-0.97124153
-0.9715727
-0.97110826
-0.9683963
-0.9735759
-0.96168494
-0.97019196
-0.95463437
-0.9462043
-0.96541893
-0.94918483
-0.9411833
-0.9610434
-0.9601126
-0.9491066
-0.965152
-0.95805794
-0.9502175
-0.96584374
-0.9560384
-0.94196534
-0.93729
-0.89685
-0.89027077
-0.9131612
-0.9333444
-0.9263635
-0.89221686
-0.8779803
-0.870772
-0.8549023
-0.84882987
-0.8497461
-0.84551615
-0.851443
-0.8501064
-0.8423131
-0.83413416
-0.8278261
-0.8507917
-0.8551483
-0.85543627
-0.8492752
-0.8493964
-0.8600855
-0.8725177
-0.8791622
-0.8856698
-0.88105977
-0.8847607
-0.8975688
-0.9115496
-0.9150496
-0.9233059
-0.9288694
-0.9374909
-0.9408178
-0.9444351
-0.94644266
-0.94695926
-0.93373615
-0.9170925
-0.9311076
-0.93007976
-0.925758
-0.92284083
-0.91563195
-0.917749
-0.910662
-0.91478556
-0.9197035
-0.9246828
-0.9288182
-0.9345573
-0.9291761
-0.93218446
-0.9380661
-0.93966436
-0.9370053
-0.9420519
-0.9451841
-0.9476226
-0.9473511
-0.9422338
-0.9469543
-0.9284235
-0.9279555
-0.9397406
-0.95504296
-0.9448725
-0.93361866
-0.9384442
-0.9525941
-0.9499408
-0.94075316
-0.94328094
-0.9544418
-0.9525406
-0.946481
-0.95185864
-0.9610877
-0.9552912
-0.95293415
-0.9604875
-0.95962214
-0.9542675
-0.9578864
-0.9641112
-0.9575564
-0.9577756
-0.9628837
-0.9624447
-0.9597359
-0.9657014
-0.96561706
-0.96449286
-0.96680856
-0.96509993
-0.9666321
-0.9681456
-0.96130335
-0.9645118
-0.9683792
-0.9631532
-0.96783
-0.9680904
-0.96755844
-0.9688245
-0.966694
-0.9694566
-0.9685036
-0.9699583
-0.9696244
-0.9718384
-0.97163415
-0.97147834
-0.9713107
-0.9701033
-0.97270477
-0.9693958
-0.9724641
-0.97204363
-0.9717926
-0.9731176
-0.97240937
-0.9704297
-0.96927243
-0.96905154
-0.9750737
-0.972292
-0.96340185
-0.96773773
-0.96082187
-0.9723452
-0.95302945
-0.95006055
-0.9667712
-0.95367193
-0.9418144
-0.9549869
-0.9639154
-0.95111424
-0.958123
-0.9673931
-0.96016604
-0.96233016
-0.9599615
-0.951473
-0.9351252
-0.94611186
-0.94520843
-0.9340482
-0.92801666
-0.9381455
-0.9472033
-0.94743365
-0.94902295
-0.95355517
-0.96188235
-0.9556564
-0.9519698
-0.9568362
-0.95678794
-0.9629619
-0.96293825
-0.9495295
-0.95945257
-0.95556974
-0.9535823
-0.9573951
-0.9615179
-0.95537204
-0.962754
-0.9573641
-0.9643637
-0.9568562
-0.9515397
-0.96235216
-0.95641804
-0.9542769
-0.967844
-0.9577503
-0.9568392
-0.9657355
-0.9549269
-0.9524585
-0.9702702
-0.95542717
-0.95209366
-0.9660387
-0.9535995
-0.9453737
-0.95719486
-0.9635206
-0.95738673
-0.96328616
-0.96605253
-0.96448565
-0.9656227
-0.96729136
-0.96727717
-0.96812135
-0.9674508
-0.96472925
-0.96462214
-0.97341734
-0.96249694
-0.9682697
-0.9661065
-0.9634903
-0.97338444
-0.9633787
-0.9645422
-0.9677185
-0.9689394
-0.9663588
-0.96918446
-0.9667775
-0.9681227
-0.9604015
-0.9590645
-0.9736
-0.95898044
-0.9568218
-0.97511506
-0.9578474
-0.95830303
-0.9765698
-0.9571816
-0.96103233
-0.9737288
-0.9734357
-0.9655187
-0.9694243
-0.9648
-0.95948195
-0.9715379
-0.96535915
-0.96868736
-0.9671431
-0.9691692
-0.96336335
-0.96277577
-0.97537863
-0.9643801
-0.9737837
-0.9576475
-0.95152014
-0.9678801
-0.9491134
-0.93643457
-0.95374453
-0.9639507
-0.9492498
-0.9608886
-0.9610963
-0.95043343
-0.9533916
-0.96356916
-0.95792836
-0.958835
-0.96702707
-0.95840573
-0.9594805
-0.9668639
-0.95985335
-0.9641027
-0.9678206
-0.9638326
-0.9656738
-0.9713917
-0.96361405
-0.9656548
-0.9660965
-0.96508867
-0.9666231
-0.9634491
-0.9678002
-0.96588004
-0.96923745
-0.9623655
-0.95788723
-0.97251654
-0.9557444
-0.95503956
-0.9752902
-0.94154775
-0.96270317
-0.9437311
-0.93399096
-0.9417201
-0.9452475
-0.9438502
-0.94190574
-0.9431498
-0.9506158
-0.9646458
-0.9516013
-0.9580706
-0.95185775
-0.95404315
-0.9605965
-0.9612278
-0.9550176
-0.95915663
-0.966484
-0.9555984
-0.9594537
-0.97075516
-0.96106327
-0.9612841
-0.9702691
-0.95975184
-0.9609538
-0.96722317
-0.9649186
-0.9699235
-0.9606855
-0.9615315
-0.97194064
-0.9646456
-0.9680411
-0.96163714
-0.9585867
-0.9714131
-0.9621142
-0.97120094
-0.9569916
-0.9546594
-0.9701538
-0.9508096
-0.9455949
-0.9621663
-0.96224695
-0.9501835
-0.96440595
-0.9577304
-0.9496155
-0.9606886
-0.96113944
-0.95281726
-0.9603594
-0.9607391
-0.961376
-0.9603859
-0.9622665
-0.96350986
-0.9631891
-0.9661001
-0.9644406
-0.96686643
-0.9676525
-0.9652525
-0.9686162
-0.9678321
-0.9699807
-0.96768373
-0.96942204
-0.9690639
-0.966962
-0.9706155
-0.9684242
-0.9706126
-0.9709958
-0.9683728
-0.9712671
-0.958604
-0.95586485
-0.9745342
-0.9471218
-0.953217
-0.966157
-0.9497137
-0.94183683
-0.9563135
-0.96057177
-0.9509309
-0.96005285
-0.9658694
-0.9585937
-0.971531
-0.9562075
-0.9557185
-0.97061455
-0.9328982
-0.9335539
-0.8988023
-0.88370335
-0.88453186
-0.894669
-0.90115446
-0.8955809
-0.8801866
-0.8713801
-0.86874086
-0.87954104
-0.8949639
-0.9013213
-0.8974837
-0.89474845
-0.89168125
-0.9035597
-0.9099476
-0.90974236
-0.9054804
-0.9040551
-0.9138942
-0.9252169
-0.92931455
-0.890942
-0.9037143
-0.85216045
-0.81305414
-0.79571617
-0.80230206
-0.82270986
-0.8537558
-0.8816308
-0.8808288
-0.8337195
-0.8460918
-0.84082
-0.8461241
-0.8565631
-0.88153845
-0.8912869
-0.8843253
-0.8734498
-0.86390096
-0.8736619
-0.88779074
-0.9011303
-0.910997
-0.9084478
-0.904712
-0.9156758
-0.930083
-0.93930334
-0.92598164
-0.94881105
-0.9333629
-0.926174
-0.92436814
-0.9303782
-0.9422007
-0.9289364
-0.9126545
-0.91256243
-0.911513
-0.92174035
-0.929579
-0.92717636
-0.9249988
-0.9233386
-0.9251111
-0.93071723
-0.93830365
-0.94295317
-0.94137406
-0.9400615
-0.9496469
-0.95145893
-0.9478865
-0.94875276
-0.9493244
-0.9506422
-0.9506061
-0.95129806
-0.95386815
-0.9578271
-0.958259
-0.95920694
-0.9608573
-0.96278256
-0.9608179
-0.96048576
-0.9605791
-0.9617538
-0.9629641
-0.9638333
-0.9664599
-0.9652436
-0.96574813
-0.96580184
-0.96473724
-0.965443
-0.9675221
-0.96577364
-0.9675647
-0.9619619
-0.96169555
-0.9687276
-0.9651902
-0.9708249
-0.96680605
-0.96451265
-0.96850485
-0.9627494
-0.96356416
-0.9686454
-0.9636942
-0.9623663
-0.971258
-0.9597752
-0.97238714
-0.96579754
-0.966715
-0.9664829
-0.96708196
-0.96793383
-0.96943295
-0.9693698
-0.9714575
-0.9671825
-0.97178453
-0.96757364
-0.97276497
-0.9683496
-0.97053754
-0.9713777
-0.9747976
-0.97432625
-0.9708924
-0.97246957
-0.97131604
-0.97106045
-0.96906
-0.9729749
-0.96152717
-0.9619226
-0.975293
-0.9700528
-0.9705268
-0.972437
-0.96414495
-0.965246
-0.9671783
-0.9676712
-0.9651604
-0.9609683
-0.9695907
-0.9576692
-0.95313627
-0.9677361
-0.955484
-0.94721794
-0.96116465
-0.9618868
-0.95182055
-0.960632
-0.96474993
-0.9588188
-0.9652094
-0.96606576
-0.9673041
-0.96471393
-0.96239763
-0.9738415
-0.9567941
-0.95577395
-0.9700018
-0.9592375
-0.9577976
-0.9710933
-0.9574057
-0.9537664
-0.9722023
-0.947498
-0.90361017
-0.8829826
-0.8521461
-0.82583183
-0.81737024
-0.82121044
-0.8260799
-0.82826346
-0.8244438
-0.7992126
-0.78580385
-0.7834064
-0.7881552
-0.8034244
-0.80907995
-0.81470764
-0.8178991
-0.8202178
-0.81916344
-0.82116836
-0.8275194
-0.840846
-0.84343815
-0.8507029
-0.853913
-0.8557655
-0.8604503
-0.86593205
-0.87427205
-0.8807864
-0.88742036
-0.89508057
-0.90162736
-0.90614504
-0.91257256
-0.91704637
-0.9211742
-0.92859775
-0.93733215
-0.9413134
-0.9432757
-0.9410119
-0.9388589
-0.9352824
-0.93125623
-0.9387224
-0.94767225
-0.9461187
-0.93855697
-0.9398548
-0.9406647
-0.94756967
-0.94985944
-0.94759625
-0.9504922
-0.95796037
-0.9585304
-0.95456845
-0.9610166
-0.9592359
-0.9587348
-0.96125865
-0.9620883
-0.9636252
-0.962047
-0.96348464
-0.96681947
-0.960009
-0.9623765
-0.9639494
-0.960295
-0.96635073
-0.96297735
-0.9646959
-0.9639655
-0.964699
-0.96159273
-0.9633694
-0.9670826
-0.96719265
-0.9681703
-0.9688083
-0.96585804
-0.96844727
-0.9703379
-0.9694186
-0.97116834
-0.9670296
-0.97110945
-0.97182417
-0.970141
-0.9715005
-0.96904933
-0.9724754
-0.9727759
-0.9710615
-0.9740006
-0.96889037
-0.97389334
-0.96848136
-0.9724356
-0.9632601
-0.9685598
-0.9627195
-0.961059
-0.96407473
-0.96620995
-0.96211183
-0.96840304
-0.96293634
-0.9565082
-0.9665544
-0.9578452
-0.95802116
-0.96169144
-0.963019
-0.95997006
-0.9668294
-0.95978403
-0.95235217
-0.9685861
-0.9522425
-0.9387261
-0.96620965
-0.9488384
-0.9393515
-0.9588889
-0.9600628
-0.9468484
-0.94484496
-0.960483
-0.9588636
-0.9532805
-0.96314955
-0.96741277
-0.9624713
-0.9681255
-0.964065
-0.96712464
-0.970605
-0.9702961
-0.97146386
-0.97348297
-0.9703241
-0.9705078
-0.9697142
-0.9664544
-0.97115684
-0.9558206
-0.95037985
-0.97165924
-0.94934213
-0.95207936
-0.96947825
-0.95732284
-0.9502123
-0.96065027
-0.9625958
-0.9507947
-0.952971
-0.9680147
-0.95544547
-0.94387025
-0.9633895
-0.9614822
-0.9493535
-0.95789343
-0.966555
-0.95815927
-0.95964617
-0.9700723
-0.96140826
-0.9621278
-0.97071964
-0.9728058
-0.962536
-0.96378917
-0.96856767
-0.96569407
-0.97021604
-0.96376586
-0.96450883
-0.9715614
-0.9655479
-0.9742453
-0.96382487
-0.96356744
-0.9674679
-0.9636108
-0.9636495
-0.9696196
-0.96723515
-0.97027093
-0.96992856
-0.970769
-0.97296864
-0.9695908
-0.9698645
-0.9682255
-0.9719576
-0.96978486
-0.96749
-0.9702722
-0.95905364
-0.95703256
-0.9743021
-0.9449194
-0.962437
-0.95904976
-0.94824797
-0.95223296
-0.95793676
-0.9556649
-0.9569353
-0.96341443
-0.9457868
-0.66359335
-0.8997036
-0.8505632
-0.79827756
-0.7517726
-0.73210716
-0.706265
-0.7088062
-0.70623916
-0.701384
-0.7028792
-0.69954795
-0.7052709
-0.71263605
-0.7322145
-0.7336341
-0.74855226
-0.74586207
-0.7732531
-0.79150224
-0.800675
-0.8207438
-0.8374811
-0.86160225
-0.8657629
-0.88733006
-0.88703847
-0.8848811
-0.8916955
-0.91470474
-0.9213699
-0.9171309
-0.8923285
-0.89371175
-0.8624927
-0.84943205
-0.86725
-0.8847327
-0.91781294
-0.9377551
-0.9115667
-0.9386339
-0.9404618
-0.9243067
-0.9149559
-0.91871196
-0.9286256
-0.93304634
-0.9283632
-0.92188835
-0.9293981
-0.93295157
-0.94477564
-0.9443086
-0.9376709
-0.9381856
-0.9394864
-0.94838583
-0.94599146
-0.9407089
-0.94509256
-0.9514611
-0.952463
-0.9493774
-0.95006734
-0.95243114
-0.95367855
-0.9512343
-0.9509227
-0.9514048
-0.9552607
-0.9572164
-0.9541334
-0.9546456
-0.9587569
-0.9558132
-0.9597132
-0.960726
-0.9607681
-0.9596799
-0.9600091
-0.96144557
-0.96031404
-0.96319
-0.96454126
-0.9636644
-0.9650158
-0.9640044
-0.96482736
-0.96502596
-0.96588564
-0.9671307
-0.967229
-0.9676838
-0.96667594
-0.9683007
-0.96814936
-0.9692124
-0.9696832
-0.9694288
-0.9707607
-0.9706977
-0.9701445
-0.9683278
-0.970193
-0.97167385
-0.97066927
-0.97148746
-0.9689136
-0.96795535
-0.9730496
-0.9702235
-0.96718556
-0.9707462
-0.96912056
-0.97006917
-0.97227645
-0.968801
-0.9685635
-0.97020984
-0.96357524
-0.96559834
-0.9650203
-0.9657944
-0.9674171
-0.9636644
-0.9687029
-0.96464556
-0.9652896
-0.96826893
-0.9669128
-0.97249955
-0.9636811
-0.9731279
-0.9521042
-0.9583105
-0.9637694
-0.95346946
-0.95117223
-0.9619982
-0.955823
-0.9550656
-0.9689399
-0.94321394
-0.94255656
-0.92245436
-0.9226002
-0.9293248
-0.9323355
-0.9289227
-0.9248565
-0.9186407
-0.921104
-0.9307658
-0.9441183
-0.9484213
-0.94476074
-0.9496537
-0.9633502
-0.9515459
-0.94814783
-0.9545923
-0.9255767
-0.9117982
-0.88451064
-0.86750007
-0.882952
-0.9003112
-0.9100683
-0.90026057
-0.882679
-0.87782264
-0.87829196
-0.88400996
-0.8927897
-0.89620733
-0.8925946
-0.88326365
-0.88532776
-0.88638777
-0.8971237
-0.91014344
-0.9152142
-0.9173173
-0.91525644
-0.9178761
-0.9264497
-0.9338494
-0.9320415
-0.9273795
-0.93961406
-0.94425285
-0.936676
-0.9390056
-0.94504166
-0.9512288
-0.9499899
-0.9445432
-0.9490534
-0.94911104
-0.9477978
-0.9460866
-0.9442039
-0.9553928
-0.94847465
-0.94481945
-0.95299715
-0.9610161
-0.95723224
-0.951746
-0.9579249
-0.96745354
-0.9602829
-0.96189094
-0.96697986
-0.95933604
-0.96322685
-0.9690398
-0.9636204
-0.96475655
-0.96703506
-0.96139675
-0.968287
-0.9685419
-0.9662502
-0.97104025
-0.9677014
-0.9695996
-0.9693401
-0.9712483
-0.96641743
-0.969797
-0.9699384
-0.9706525
-0.97232836
-0.9693188
-0.96875256
-0.9671409
-0.9730076
-0.96541715
-0.9698384
-0.96422553
-0.95972824
-0.96860844
-0.9622269
-0.95852447
-0.97119254
-0.9631579
-0.9655216
-0.9689964
-0.962902
-0.9692804
-0.9603986
-0.954025
-0.9659967
-0.9612661
-0.95482105
-0.96339524
-0.96760714
-0.9601231
-0.96530485
-0.96787906
-0.9632456
-0.9683988
-0.9652358
-0.9633392
-0.9733588
-0.9646126
-0.96407866
-0.97258544
-0.9625305
-0.96795154
-0.9597728
-0.95176136
-0.96667165
-0.95475495
-0.9482472
-0.95925486
-0.94458365
-0.9400821
-0.9501214
-0.95417464
-0.9471397
-0.94289094
-0.9501638
-0.9626852
-0.9512296
-0.9122561
-0.8220124
-0.71319926
-0.8136049
-0.8064695
-0.78621715
-0.7653697
-0.7361156
-0.71302813
-0.68503654
-0.6844023
-0.6768259
-0.671573
-0.6786023
-0.69640625
-0.6904465
-0.7115455
-0.7381733
-0.73892665
-0.7408911
-0.7418111
-0.73734885
-0.7571115
-0.7721895
-0.78285116
-0.80715317
-0.8245239
-0.81920624
-0.8333492
-0.84083813
-0.848878
-0.85416025
-0.866829
-0.87544835
-0.87813777
-0.88365346
-0.8944857
-0.900897
-0.8981204
-0.9184236
-0.9145475
-0.91339767
-0.9120141
-0.9136189
-0.9144388
-0.91466504
-0.9110975
-0.9178381
-0.92447895
-0.9235867
-0.92812794
-0.9284026
-0.93166715
-0.9348288
-0.93741465
-0.936764
-0.9376977
-0.9394846
-0.937247
-0.93529296
-0.93567103
-0.9374807
-0.9402874
-0.9422349
-0.94283634
-0.9441771
-0.94724876
-0.947346
-0.94693875
-0.9478481
-0.94875467
-0.9480562
-0.9494373
-0.9519406
-0.9500139
-0.9513877
-0.9533975
-0.95242196
-0.9546421
-0.9524655
-0.95194876
-0.9538833
-0.9539393
-0.9546383
-0.9563161
-0.9563514
-0.95731956
-0.95671827
-0.95702523
-0.95626324
-0.9565944
-0.9586859
-0.95621765
-0.9587455
-0.9591176
-0.9578712
-0.9594747
-0.96021545
-0.9614116
-0.9618216
-0.9613674
-0.9616876
-0.9628313
-0.96245104
-0.9630362
-0.961219
-0.96264696
-0.9635277
-0.9626414
-0.96284777
-0.96443105
-0.9640996
-0.96387976
-0.963921
-0.9654817
-0.9652567
-0.9642582
-0.96461535
-0.96567607
-0.9664317
-0.96264994
-0.9639506
-0.96267104
-0.9668318
-0.9629317
-0.9674598
-0.96335363
-0.9654001
-0.96261203
-0.9653122
-0.96285963
-0.96621853
-0.96380085
-0.96651953
-0.9656869
-0.9655518
-0.9669617
-0.96636975
-0.96504587
-0.9665421
-0.96963066
-0.9646148
-0.9679616
-0.96099013
-0.9660422
-0.9598355
-0.95653343
-0.9685379
-0.95543873
-0.9520086
-0.966913
-0.95197886
-0.944135
-0.963882
-0.9536221
-0.9471061
-0.96056193
-0.96186686
-0.9537858
-0.9601842
-0.9648658
-0.9585223
-0.9635344
-0.9670926
-0.96464175
-0.96713084
-0.9658502
-0.9662194
-0.96832085
-0.9647552
-0.96742046
-0.9639625
-0.967161
-0.9674807
-0.9677469
-0.9708836
-0.9707719
-0.9664273
-0.9687375
-0.96556205
-0.96856695
-0.9672205
-0.9669659
-0.9679083
-0.96700305
-0.9705915
-0.96802646
-0.9692903
-0.9707471
-0.96928054
-0.9691559
-0.9682193
-0.9716322
-0.9720646
-0.96907413
-0.9723557
-0.9663933
-0.9677478
-0.9664278
-0.9671325
-0.97259086
-0.9678373
-0.97266936
-0.9709189
-0.97117126
-0.97289234
-0.9705709
-0.96931005
-0.97448415
-0.9721051
-0.97301316
-0.9686238
-0.9731363
-0.9750199
