-0.21525273
-0.20737073
-0.2090093
-0.2165371
-0.2113278
-0.21721417
-0.2221293
-0.22229984
-0.22214918
-0.21445304
-0.22169913
-0.23037617
-0.2328191
-0.22369742
-0.2344335
-0.23488365
-0.23168379
-0.23448744
-0.2320725
-0.22674076
-0.23830546
-0.23902503
-0.2397546
-0.24744609
-0.24465959
-0.24295662
-0.24686362
-0.25019976
-0.248047
-0.26041964
-0.2530571
-0.25699878
-0.2537084
-0.26203495
-0.26149282
-0.2555687
-0.26936355
-0.2713456
-0.26938325
-0.26571578
-0.27403182
-0.27283087
-0.2722992
-0.26689333
-0.27182025
-0.2818698
-0.27262893
-0.27539328
-0.27412143
-0.26766214
-0.28350082
-0.27963307
-0.28138545
-0.2801181
-0.28497183
-0.27880645
-0.28052577
-0.2898909
-0.2881308
-0.28621563
-0.28475738
-0.28931594
-0.29208398
-0.28066462
-0.29260948
-0.2904237
-0.2939051
-0.2934442
-0.30403504
-0.29636198
-0.3010377
-0.29883927
-0.28853205
-0.29989386
-0.29298493
-0.29916918
-0.30401754
-0.30532143
-0.30065534
-0.30568293
-0.30989277
-0.30882108
-0.29799077
-0.30833215
-0.29874104
-0.30391443
-0.31547797
-0.311713
-0.3049745
-0.30671525
-0.29917488
-0.3095665
-0.31070468
-0.30699077
-0.3112328
-0.3081466
-0.31620225
-0.3131236
-0.3086733
-0.31482464
-0.30544955
-0.31787035
-0.31641668
-0.31626925
-0.31523103
-0.3173618
-0.32413164
-0.31716138
-0.3256287
-0.3208776
-0.312737
-0.32219985
-0.32553378
-0.31924728
-0.31924343
-0.3222493
-0.32475024
-0.33123854
-0.32412326
-0.32268864
-0.324657
-0.3231208
-0.33217618
-0.33537897
-0.3207056
-0.32170126
-0.33424097
-0.32717586
-0.3356159
-0.32910258
-0.32863626
-0.33249447
-0.3312301
-0.3268966
-0.33103743
-0.33017856
-0.3352407
-0.33593848
-0.32763278
-0.33046103
-0.3346851
-0.32688105
-0.34310082
-0.33242023
-0.33736843
-0.32691616
-0.33632967
-0.34017277
-0.33615023
-0.334338
-0.33719614
-0.33838174
-0.33123183
-0.34077293
-0.33875835
-0.33620107
-0.34502313
-0.34104902
-0.33754337
-0.33971208
-0.34606057
-0.34427992
-0.33913213
-0.34023708
-0.33875194
-0.34175628
-0.34867376
-0.33827543
-0.34791675
-0.34825164
-0.34071246
-0.3492801
-0.35007095
-0.35217163
-0.35982966
-0.3469249
-0.34689626
-0.35351452
-0.35214484
-0.35165823
-0.35053492
-0.35740322
-0.35203072
-0.35471854
-0.35807535
-0.35050166
-0.35697815
-0.36127675
-0.36503848
-0.36937585
-0.36482236
-0.35746387
-0.35901573
-0.36551565
-0.36799523
-0.36518195
-0.3696227
-0.3754536
-0.37153575
-0.37067357
-0.37325966
-0.37257227
-0.36968777
-0.37948504
-0.37139717
-0.3750035
-0.37218118
-0.37700444
-0.36834833
-0.3734592
-0.3743296
-0.3875347
-0.3773014
-0.38495633
-0.3783986
-0.38823035
-0.37725314
-0.39345837
-0.38215104
-0.38979805
-0.38572875
-0.38794792
-0.39097896
-0.3929056
-0.38816133
-0.39467645
-0.38857618
-0.38504016
-0.38847643
-0.392374
-0.39850515
-0.39070904
-0.40285337
-0.40202594
-0.40741384
-0.3919451
-0.4029953
-0.39942396
-0.40122283
-0.4064975
-0.40395805
-0.40748453
-0.40833583
-0.414341
-0.41094792
-0.41223717
-0.41318917
-0.41014317
-0.4116511
-0.41459206
-0.41874504
-0.41554138
-0.41696543
-0.41866964
-0.42554817
-0.43256727
-0.42128113
-0.42378873
-0.41927892
-0.42650908
-0.4167998
-0.42543766
-0.4205298
-0.4307515
-0.43200746
-0.43544832
-0.43172315
-0.43552077
-0.43383503
-0.4318886
-0.4255477
-0.4329989
-0.4386856
-0.4316397
-0.4398194
-0.4457407
-0.43972456
-0.44496638
-0.44337857
-0.44109598
-0.44458285
-0.44577283
-0.44518384
-0.45003855
-0.44230622
-0.45051727
-0.4468868
-0.4539059
-0.4533518
-0.4475694
-0.4432618
-0.45094335
-0.4542807
-0.44664145
-0.45503685
-0.45033395
-0.4540434
-0.4587155
-0.4612929
-0.4616701
-0.4618631
-0.4603437
-0.45670882
-0.46844316
-0.45715418
-0.46815488
-0.4716659
-0.4744981
-0.46671653
-0.46351138
-0.47773784
-0.47265813
-0.46969
-0.46965328
-0.46946633
-0.47520596
-0.47172233
-0.47459152
-0.4829836
-0.47591653
-0.4771974
-0.48332798
-0.4813568
-0.47710064
-0.49052712
-0.48508188
-0.48583663
-0.48802477
-0.48094556
-0.48280615
-0.48430318
-0.48834273
-0.48650357
-0.49474898
-0.5040268
-0.48844308
-0.4962568
-0.49970868
-0.49718305
-0.49009708
-0.49633884
-0.50067985
-0.4922963
-0.5018497
-0.49955538
-0.50160825
-0.49560294
-0.49973094
-0.5030658
-0.5072788
-0.4986526
-0.5108956
-0.50590086
-0.5102325
-0.5109018
-0.5103882
-0.50578547
-0.51169413
-0.51671815
-0.5077175
-0.5143833
-0.5138669
-0.5144398
-0.514774
-0.51700264
-0.52074325
-0.5136419
-0.5225304
-0.52200365
-0.5207616
-0.52582437
-0.5236809
-0.52717423
-0.5292981
-0.53066164
-0.5240511
-0.5308304
-0.52397525
-0.5315462
-0.53261167
-0.5318235
-0.5312936
-0.53749305
-0.5321063
-0.5291275
-0.54006845
-0.5413813
-0.5365294
-0.53720725
-0.5390327
-0.544812
-0.5381982
-0.5390741
-0.53652143
-0.54134613
-0.53741723
-0.5421311
-0.5537127
-0.5495578
-0.54025346
-0.5470212
-0.54739386
-0.5537189
-0.5463938
-0.5473421
-0.551059
-0.5499117
-0.5542557
-0.5504858
-0.5621249
-0.55215085
-0.559399
-0.55579305
-0.5503792
-0.55721295
-0.55254376
-0.55499095
-0.5522039
-0.5580836
-0.5592456
-0.55501777
-0.55896866
-0.56233877
-0.5578013
-0.5572487
-0.5614271
-0.5612758
-0.5675955
-0.566403
-0.5681511
-0.56277984
-0.5667919
-0.5669281
-0.5577686
-0.5607784
-0.56066436
-0.56907636
-0.5685644
-0.5649059
-0.5681205
-0.5699894
-0.5694671
-0.57039267
-0.5774567
-0.5730007
-0.5721987
-0.5728753
-0.5731871
-0.57729596
-0.5765562
-0.5807719
-0.57080644
-0.57329893
-0.579426
-0.5777914
-0.57973754
-0.57915246
-0.5757943
-0.57688546
-0.57590073
-0.57545453
-0.5794738
-0.58395904
-0.5748837
-0.5865232
-0.5735481
-0.5864021
-0.57842326
-0.58929104
-0.58142906
-0.5787417
-0.58276516
-0.5768796
-0.5782196
-0.5824104
-0.57944024
-0.58875555
-0.5881678
-0.58857906
-0.5855482
-0.58413
-0.58094794
-0.5873898
-0.58744997
-0.5835775
-0.5891224
-0.58984584
-0.5827348
-0.5883682
-0.59193915
-0.5870353
-0.588899
-0.5831703
-0.58759034
-0.58984536
-0.5878278
-0.5903802
-0.59020287
-0.5941532
-0.5908161
-0.589561
-0.59460926
-0.59284097
-0.5940114
-0.5950342
-0.59855354
-0.5937583
-0.5962995
-0.59517086
-0.5927381
-0.59863603
-0.5921068
-0.5955676
-0.5857754
-0.5971995
-0.6004833
-0.5942089
-0.58669376
-0.6009452
-0.5907493
-0.5917211
-0.5968466
-0.59093803
-0.59551054
-0.59834737
-0.5985526
-0.59775215
-0.59925187
-0.5910787
-0.5969021
-0.59546274
-0.59660095
-0.59851325
-0.5947923
-0.5992265
-0.5959195
-0.5998912
-0.59710824
-0.603532
-0.5927934
-0.6003556
-0.59926105
-0.60074186
-0.61014116
-0.59709734
-0.60390943
-0.60578716
-0.6065248
-0.6055978
-0.6025995
-0.6009585
-0.60376596
-0.5984127
-0.60632026
-0.6024644
-0.6028263
-0.60458404
-0.6053501
-0.60503983
-0.6055655
-0.6030435
-0.60653764
-0.605941
-0.6114376
-0.6058304
-0.60888237
-0.6063159
-0.6130639
-0.6104261
-0.61513186
-0.6042792
-0.6117411
-0.6120646
-0.6123531
-0.6151772
-0.6083624
-0.6195386
-0.61803305
-0.612089
-0.6119395
-0.61885995
-0.6163267
-0.61868906
-0.6135163
-0.61822075
-0.60462934
-0.61247396
-0.61419195
-0.6189309
-0.61220187
-0.62344944
-0.619157
-0.6129528
-0.615973
-0.6132876
-0.6160044
-0.6222565
-0.6166814
-0.61925054
-0.6158179
-0.6115465
-0.6194577
-0.614745
-0.62368417
-0.62457937
-0.626
-0.61570954
-0.62087226
-0.61341447
-0.6224867
-0.6201514
-0.6216596
-0.6203094
-0.6207662
-0.62366146
-0.6225168
-0.62044036
-0.6247632
-0.61969376
-0.6196033
-0.6294487
-0.6245087
-0.627877
-0.6252306
-0.62258756
-0.6210092
-0.6322125
-0.6215013
-0.6217972
-0.6240673
-0.62369347
-0.6280192
-0.6281579
-0.62811935
-0.62274915
-0.6173775
-0.6287781
-0.6206299
-0.6299202
-0.6317374
-0.62907225
-0.61476046
-0.62453556
-0.62782514
-0.6306235
-0.6229822
-0.6305357
-0.63155943
-0.63335043
-0.6294238
-0.62128246
-0.6306214
-0.62621534
-0.6201637
-0.6292632
-0.6286838
-0.62875575
-0.6280312
-0.6289133
-0.6258047
-0.6202117
-0.6276861
-0.6278855
-0.62815636
-0.62904584
-0.63531363
-0.6258881
-0.62828726
-0.6380784
-0.6305984
-0.62785923
-0.62558335
-0.627366
-0.6264637
-0.6336511
-0.63442284
-0.62708586
-0.63416964
-0.62793535
-0.6355938
-0.6311019
-0.6345901
-0.6389194
-0.6275493
-0.62733066
-0.63098764
-0.62957966
-0.63244134
-0.62758934
-0.6392838
-0.63597184
-0.6296089
-0.6278576
-0.6340697
-0.6346535
-0.6363357
-0.6303003
-0.63251334
-0.6298531
-0.6401386
-0.6307701
-0.63209575
-0.6282701
-0.63057137
-0.63252985
-0.6360682
-0.63601935
-0.6321542
-0.6284717
-0.6328973
-0.6347185
-0.63494736
-0.63907045
-0.6429937
-0.6401123
-0.6391391
-0.6343677
-0.6350559
-0.63569796
-0.6340223
-0.63231003
-0.6390424
-0.63651127
-0.64020276
-0.6338112
-0.6360751
-0.63115525
-0.64432317
-0.639586
-0.6435107
-0.63241994
-0.63968194
-0.63584954
-0.6344037
-0.6344675
-0.64007044
-0.6389112
-0.63874125
-0.63578856
-0.64692974
-0.635768
-0.6397753
-0.63417673
-0.6405894
-0.6377285
-0.6352041
-0.6337829
-0.643524
-0.6385256
-0.6400834
-0.64017695
-0.6341661
-0.64981794
-0.6427593
-0.63685715
-0.64184034
-0.6424704
-0.6433155
-0.64281386
-0.64526033
-0.6355462
-0.65018183
-0.645208
-0.6436593
-0.6402043
-0.642016
-0.63400435
-0.6407898
-0.6343785
-0.6382453
-0.64365166
-0.64636153
-0.6472923
-0.6357268
-0.6421697
-0.6403232
-0.63925344
-0.6346918
-0.6363261
-0.6392955
-0.64206415
-0.642347
-0.6471326
-0.64421153
-0.6427859
-0.64060414
-0.638741
-0.6405101
-0.6408946
-0.6395894
-0.6480054
-0.64353055
-0.63972604
-0.6346627
-0.6467071
-0.6418727
-0.6445571
-0.64581865
-0.64269394
-0.64175946
-0.646348
-0.64115834
-0.643239
-0.64782214
-0.6440036
-0.64264673
-0.6425178
-0.64414907
-0.64151436
-0.64387786
-0.64280856
-0.64333713
-0.63980347
-0.6395563
-0.6446673
-0.64414257
-0.6433127
-0.64292836
-0.6425726
-0.6432252
-0.64672726
-0.6475017
-0.6429779
-0.64307714
-0.64414495
-0.6457801
-0.6432481
-0.6394215
-0.6457519
-0.64001787
-0.64255774
-0.6490735
-0.64177966
-0.6466868
-0.6431868
-0.6481491
-0.6492183
-0.6499594
-0.640617
-0.64088506
-0.63864815
-0.6462103
-0.64737004
-0.64893514
-0.6440098
-0.63612914
-0.648974
-0.639236
-0.64590615
-0.65052086
-0.6488549
-0.64850795
-0.6445839
-0.6448545
-0.64342135
-0.65088105
-0.645951
-0.64508605
-0.6520656
-0.6437382
-0.6453188
-0.6469626
-0.6510477
-0.6447047
-0.64879274
-0.6426582
-0.65033317
-0.64567137
-0.64808565
-0.6395202
-0.64913017
-0.64704114
-0.6455735
-0.64706457
-0.6470259
-0.6428415
-0.64412075
-0.64609283
-0.6484904
-0.6492845
-0.64851207
-0.6498438
-0.64266664
-0.6503917
-0.6513752
-0.63899255
-0.643113
-0.6513229
-0.65152377
-0.6499761
-0.64144385
-0.6413891
-0.64647204
-0.64559656
-0.65085256
-0.6459766
-0.64492166
-0.64940834
-0.6448405
-0.64677435
-0.652643
-0.64086276
-0.64729583
-0.648235
-0.6479712
-0.6536297
-0.65153694
-0.65232885
-0.65030086
-0.65030724
-0.6496025
-0.6452718
-0.65088534
-0.6503325
-0.6503005
-0.65234447
-0.6484429
-0.64753234
-0.64601547
-0.6513109
-0.6475096
-0.64634126
-0.64259076
-0.64721316
-0.6508854
-0.65316457
-0.6491669
-0.6424692
-0.6426706
-0.64829093
-0.64895046
-0.64993685
-0.65078866
-0.647575
-0.64588296
-0.6501198
-0.6474021
-0.6492635
-0.6477159
-0.6535254
-0.6505384
-0.646785
-0.6472285
-0.654357
-0.64604837
-0.65145785
-0.64991707
-0.6512894
-0.64430124
-0.6472854
-0.646072
-0.6525191
-0.65021354
-0.65098274
-0.6469937
-0.64813304
-0.6546027
-0.6490505
-0.65336734
-0.646212
-0.64742666
-0.64677215
-0.645502
-0.64922076
-0.6474778
-0.6477438
-0.64753795
-0.6451759
-0.6573255
-0.65112644
-0.64928967
-0.64772075
-0.65262944
-0.64726645
-0.6474421
-0.65013796
-0.6472396
-0.65288675
-0.64592904
-0.6464851
-0.64550066
-0.65621924
-0.6520205
-0.65009886
-0.64871436
-0.6531645
-0.65200835
-0.653052
-0.64830947
-0.6480256
-0.650105
-0.6539908
-0.6518568
-0.6478629
-0.64306456
-0.6507659
-0.6498019
-0.65448475
-0.6501948
-0.65287286
-0.6526047
-0.6547294
-0.64821076
-0.6541685
-0.65050197
-0.65891504
-0.6475241
-0.65148175
-0.64840186
-0.6500352
-0.6514473
-0.6527596
-0.6506617
-0.6428803
-0.64975756
-0.64788586
-0.6546151
-0.6498296
-0.6541798
-0.6560685
-0.6487542
-0.6536972
-0.6556945
-0.65539926
-0.65413696
-0.6430087
-0.6557508
-0.65215874
-0.6568793
-0.6554365
-0.6541127
-0.6432356
-0.65972555
-0.65015996
-0.6464619
-0.65306354
-0.6580579
-0.6506414
-0.65295464
-0.65268064
-0.6587564
-0.656753
-0.6586232
-0.6568795
-0.6464241
-0.6561831
-0.6555325
-0.65445375
-0.6515892
-0.6497934
-0.6528848
-0.6492985
-0.6516447
-0.6544439
-0.6512044
-0.6466328
-0.64927727
-0.6533228
-0.65313417
-0.6545182
-0.6609939
-0.654968
-0.65656227
-0.64653903
-0.6521624
-0.65618575
-0.6526393
-0.6586341
-0.6506512
-0.6551197
-0.6565195
-0.65567005
-0.6546509
-0.6512776
-0.65462273
-0.649715
-0.65697277
-0.6606771
-0.65085566
-0.6531505
-0.6518074
-0.6522953
-0.6544295
-0.65255344
-0.65330374
-0.65596086
-0.6505485
-0.6566766
-0.65291476
-0.65630966
-0.6519287
-0.6599945
-0.65583724
-0.6560116
-0.6522403
-0.6609596
-0.6594741
-0.6516026
-0.6566057
-0.6595825
-0.655168
-0.6559937
-0.6584591
-0.6609176
-0.65187716
-0.65462554
-0.65514565
-0.64781827
-0.65472835
-0.654249
-0.658844
-0.65138996
-0.6558321
-0.65141773
-0.65490866
-0.6536057
-0.65446097
-0.6559415
-0.656187
-0.6535875
-0.65871435
-0.65276927
-0.6533105
-0.65364707
-0.6537747
-0.65228283
-0.65514606
-0.6593556
-0.663274
-0.65875524
-0.66122717
-0.6585266
-0.6607446
-0.6589554
-0.66041625
-0.65851367
-0.6653067
-0.65916204
-0.65976
-0.65930593
-0.66168356
-0.6609087
-0.6613899
-0.66331905
-0.65480816
-0.65566117
-0.6631185
-0.6588361
-0.65353745
-0.6561164
-0.65315205
-0.65767556
-0.66496754
-0.662992
-0.6609292
-0.65427107
-0.6574412
-0.6595743
-0.65169984
-0.6570046
-0.660785
-0.66032207
-0.6563449
-0.6558902
-0.65738106
-0.66038305
-0.6628658
-0.66594124
-0.6565222
-0.65976137
-0.6614417
-0.6564705
-0.662799
-0.65513444
-0.65658796
-0.6591612
-0.6568834
-0.66386455
-0.65477055
-0.6651326
-0.6560284
-0.6589149
-0.6532161
-0.658336
-0.6539563
-0.6598957
-0.6509947
-0.6605856
-0.65733993
-0.6613959
-0.6573211
-0.6514434
-0.66070086
-0.6584956
-0.66362387
-0.6651488
-0.6658203
-0.66011244
-0.6608761
-0.65909946
-0.6627805
-0.656724
-0.6667955
-0.65808815
-0.6607756
-0.661558
-0.6614538
-0.6557912
-0.6588637
-0.65292525
-0.6595088
-0.65948755
-0.65653384
-0.65895706
-0.65884554
-0.6606055
-0.6642425
-0.6597978
-0.65771616
-0.65953016
-0.66006297
-0.65684015
-0.66120225
-0.66087496
-0.65935194
-0.65631914
-0.6608992
-0.65655214
-0.6604223
-0.6636838
-0.6597211
-0.6573812
-0.6560714
-0.6608536
-0.65347093
-0.66273713
-0.66021574
-0.659652
-0.6568649
-0.65401274
-0.66453946
-0.66243505
-0.65772897
-0.6687473
-0.66182244
-0.657262
-0.66141367
-0.6612664
-0.6531128
-0.6581938
-0.66122276
-0.66881436
-0.6630124
-0.66304666
-0.6628619
-0.6573059
-0.6599479
-0.66665846
-0.6591837
-0.65315783
-0.66399044
-0.6610107
-0.66210264
-0.6546386
-0.6584631
-0.66201353
-0.6603982
-0.65821594
-0.6591132
-0.66288304
-0.6655128
-0.66409975
-0.6600462
-0.66010225
-0.6669804
-0.6564972
-0.6629893
-0.6638786
-0.6567018
-0.6634871
-0.66332906
-0.6623325
-0.6562443
-0.66248924
-0.662381
-0.66714185
-0.6747927
-0.6629425
-0.6585755
-0.6659497
-0.6685021
-0.6651268
-0.6659939
-0.66324085
-0.66162455
-0.66560626
-0.66601473
-0.66194385
-0.6647312
-0.66323334
-0.6656457
-0.66184705
-0.66433966
-0.66117686
-0.6620773
-0.6620921
-0.66306585
-0.65554273
-0.66048884
-0.66172844
-0.6622854
-0.6615506
-0.6555038
-0.6605943
-0.65724045
-0.6635568
-0.6656347
-0.6643881
-0.66752946
-0.66403925
-0.66497743
-0.66881317
-0.6598363
-0.6704361
-0.66860205
-0.66144186
-0.6632008
-0.66093004
-0.6639683
-0.6614511
-0.6634272
-0.6604973
-0.6669098
-0.66436756
-0.6649561
-0.6665701
-0.6654382
-0.6588634
-0.66243964
-0.6684236
-0.66655713
-0.6638206
-0.66289824
-0.66645724
-0.65794796
-0.6621361
-0.66322464
-0.6664191
-0.6646476
-0.6679986
-0.6697281
-0.6598991
-0.66325796
-0.66476643
-0.6636142
-0.66427684
-0.6634575
-0.6660736
-0.66941965
-0.6639227
-0.66564137
-0.6626284
-0.66601217
-0.6665068
-0.6685089
-0.662673
-0.67034864
-0.66263187
-0.6680897
-0.67262715
-0.6611818
-0.6662056
-0.66260344
-0.66759634
-0.6655305
-0.6634845
-0.6651866
-0.6739347
-0.6667205
-0.6714227
-0.6659524
-0.6640841
-0.6624977
-0.66598076
-0.664515
-0.6681333
-0.669427
-0.662226
-0.66179425
-0.664494
-0.6748869
-0.66628855
-0.66954654
-0.66855997
-0.6687368
-0.6712102
-0.66657233
-0.66915554
-0.6751735
-0.67179775
-0.6655703
-0.6678581
-0.6704004
-0.66728055
-0.6653658
-0.6699724
-0.6678198
-0.66571337
-0.6733973
-0.67553926
-0.6665454
-0.67189425
-0.66887975
-0.66979766
-0.6689062
-0.67103523
-0.6631443
-0.675241
-0.6711809
-0.6720558
-0.661193
-0.66617495
-0.66510063
-0.6649463
-0.6642749
-0.67024904
-0.67013
-0.6670179
-0.6710974
-0.671275
-0.66956085
-0.6741882
-0.6711311
-0.6656728
-0.66976595
-0.6770509
-0.66567624
-0.6640357
-0.67046016
-0.6736532
-0.667366
-0.6725815
-0.6707463
-0.6693285
-0.6702717
-0.67290956
-0.6719035
-0.6706339
-0.6736708
-0.6815648
-0.6752413
-0.66745985
-0.66840774
-0.6710105
-0.6728909
-0.6654857
-0.6718114
-0.66494125
-0.67008734
-0.6634915
-0.6727187
-0.6696638
-0.672935
-0.6689907
-0.66988796
-0.67174226
-0.67159146
-0.670223
-0.67329156
-0.67278695
-0.6676885
-0.668578
-0.6729418
-0.6723738
-0.6737007
-0.6789517
-0.6711056
-0.67346096
-0.6797285
-0.6747716
-0.67606694
-0.6762046
-0.67944604
-0.6763958
-0.6741806
-0.68047816
-0.6781343
-0.67301345
-0.67188454
-0.66999745
-0.67870677
-0.67456836
-0.66910964
-0.6799432
-0.66787714
-0.67628795
-0.6736476
-0.6682778
-0.67643166
-0.677644
-0.67609495
-0.6782267
-0.6816117
-0.67595917
-0.67823607
-0.6782463
-0.6786129
-0.6717694
-0.67225224
-0.67813635
-0.6796149
-0.67082375
-0.67210686
-0.67647326
-0.6754553
-0.67093647
-0.67759323
-0.6769549
-0.66836524
-0.6842591
-0.6780694
-0.67850304
-0.67841655
-0.6770922
-0.67049015
-0.6746505
-0.6753932
-0.67294765
-0.67573065
-0.6809986
-0.670198
-0.6746201
-0.67824894
-0.67594105
-0.67723465
-0.68105716
-0.6733338
-0.67413884
-0.67643285
-0.67290765
-0.6831601
-0.6764744
-0.6801051
-0.67430604
-0.6761691
-0.68108636
-0.6745932
-0.6831855
-0.68370897
-0.6747939
-0.6772561
-0.6803072
-0.6750684
-0.6787309
-0.6803261
-0.6781895
-0.67400056
-0.6739315
-0.67343926
-0.67312217
-0.6745916
-0.67705435
-0.6752144
-0.68090343
-0.6790998
-0.6784755
-0.67958313
-0.67804676
-0.6758882
-0.68482447
-0.68385607
-0.68182546
-0.67880243
-0.681472
-0.6813586
-0.68061846
-0.6794923
-0.6814852
-0.6774163
-0.680992
-0.680714
-0.68069035
-0.6789756
-0.67685527
-0.6801784
-0.6783006
-0.67621917
-0.68152755
-0.6811633
-0.6849998
-0.6788115
-0.68005824
-0.68266726
-0.67160916
-0.6810587
-0.6829733
-0.68285036
-0.6825856
-0.6795186
-0.68263173
-0.68091375
-0.68212134
-0.68169713
-0.679024
-0.6839455
-0.6781087
-0.6828086
-0.67860484
-0.67799497
-0.6817819
-0.6805903
-0.68141073
-0.67734087
-0.68313986
-0.6796923
-0.6760867
-0.6762805
-0.67510164
-0.6894365
-0.68526095
-0.676621
-0.67529124
-0.67959774
-0.67975825
-0.6726926
-0.682252
-0.6847916
-0.67675483
-0.6745494
-0.67771536
-0.6811559
-0.6772701
-0.6795342
-0.6779579
-0.68008006
-0.6779737
-0.6828078
-0.6774012
-0.6749381
-0.6789458
-0.6812087
-0.68091667
-0.6754533
-0.67707217
-0.68257725
-0.67960745
-0.67844856
-0.6770144
-0.6805648
-0.68157494
-0.6780584
-0.6745067
-0.68040484
-0.680012
-0.68144447
-0.68534625
-0.6776072
-0.6782255
-0.67957276
-0.68054354
-0.6797552
-0.6760447
-0.6789026
-0.6720485
-0.6829464
-0.6785946
-0.6810475
-0.67844176
-0.6811788
-0.6720053
-0.6814196
-0.67694354
-0.6786402
-0.67741305
-0.6811288
-0.68552756
-0.6828568
-0.6857941
-0.6778891
-0.6820505
-0.6880496
-0.6768578
-0.67968917
-0.6836231
-0.6812574
-0.6846056
-0.68035525
-0.6797748
-0.68175757
-0.68027794
-0.68186134
-0.6823853
-0.6829092
-0.68509847
-0.6841465
-0.6851835
-0.67971516
-0.6845572
-0.6821804
-0.68302006
-0.68296117
-0.6820001
-0.67675126
-0.67769325
-0.6813054
-0.6812481
-0.6758301
-0.6831033
-0.6804915
-0.6838293
-0.6869136
-0.6821779
-0.67885774
-0.6802248
-0.67963815
-0.67914766
-0.68784875
-0.6776207
-0.6801181
-0.6827179
-0.6785966
-0.689569
-0.67855245
-0.6801949
-0.67952335
-0.68481064
-0.68155247
-0.68088824
-0.6778091
-0.68974495
-0.6788098
-0.68376243
-0.680699
-0.6813409
-0.6871901
-0.68444914
-0.6788831
-0.68004376
-0.6817137
-0.6876194
-0.6868192
-0.6782188
-0.6810836
-0.68266386
-0.6852493
-0.68440634
-0.6781969
-0.68005323
-0.6788317
-0.690172
-0.6759754
-0.6893141
-0.68627155
-0.6872137
-0.68474996
-0.6865736
-0.6879925
-0.6773709
-0.68341434
-0.68274355
-0.68321896
-0.6806792
-0.67736566
-0.6867905
-0.6812431
-0.68999946
-0.6864666
-0.68391776
-0.68474954
-0.68063647
-0.6802844
-0.6835909
-0.68466
-0.67943835
-0.681316
-0.68583184
-0.6826336
-0.6857495
-0.6875832
-0.68179786
-0.6863145
-0.68379456
-0.68342423
-0.6857328
-0.6831121
-0.68394244
-0.68660885
-0.6937578
-0.6883712
-0.6867699
-0.6815533
-0.6819625
-0.6829399
-0.6828626
-0.68165547
-0.6791207
-0.6814456
-0.68455654
-0.68502384
-0.6921838
-0.6895787
-0.6814836
-0.68637466
-0.6812825
-0.6816913
-0.6821516
-0.68490314
-0.6920639
-0.68624115
-0.6863047
-0.6841435
-0.68211937
-0.68007964
-0.68480885
-0.67665166
-0.6750734
-0.6829592
-0.6888163
-0.684975
-0.6833147
-0.68675023
-0.6828445
-0.67873186
-0.6854774
-0.6822278
-0.67956376
-0.6886599
-0.6887252
-0.68947285
-0.68824166
-0.68168503
-0.6842589
-0.6770558
-0.6844793
-0.6826795
-0.67735153
-0.6866531
-0.68536687
-0.68550235
-0.68816745
-0.686069
-0.68588746
-0.6853735
-0.67867124
-0.68393797
-0.684461
-0.6808931
-0.68384254
-0.68697053
-0.6889556
-0.6901727
-0.68475926
-0.6815486
-0.68497586
-0.68351907
-0.6848962
-0.68228006
-0.68778
-0.6848736
-0.68036795
-0.6855279
-0.6832798
-0.68213284
-0.6828366
-0.68866706
-0.6833649
-0.6890969
-0.6784945
-0.68403935
-0.6887377
-0.6861999
-0.68942416
-0.68494284
-0.6868792
-0.6888363
-0.6856849
-0.6854631
-0.6842054
-0.6914236
-0.68629616
-0.6900881
-0.6833123
-0.6818464
-0.6839887
-0.6896679
-0.6882566
-0.6827944
-0.68414855
-0.68651
-0.68758905
-0.6854676
-0.69072723
-0.68293136
-0.68280375
-0.684713
-0.684993
-0.68236053
-0.68611985
-0.6840809
-0.6802971
-0.6908639
-0.6861187
-0.6956454
-0.6901717
-0.6832475
-0.6862728
-0.68852174
-0.6860172
-0.68985933
-0.69032276
-0.6896287
-0.6919023
-0.6913928
-0.6859904
-0.6897583
-0.6876596
-0.6864581
-0.6951377
-0.6938241
-0.68390775
-0.6868224
-0.6903192
-0.68336153
-0.68837696
-0.69557476
-0.68860126
-0.6853589
-0.69586366
-0.69169766
-0.6901289
-0.6927805
-0.69279295
-0.69293875
-0.68484455
-0.68455434
-0.68837625
-0.6801339
-0.6851235
-0.6900802
-0.6807228
-0.688755
-0.6887232
-0.6838164
-0.68763465
-0.6859105
-0.6905708
-0.685517
-0.69254446
-0.6895224
-0.68937594
-0.68312955
-0.68816054
-0.6889281
-0.68332815
-0.6914407
-0.6871147
-0.68981314
-0.6888982
-0.68979925
-0.69023067
-0.6910455
-0.6874452
-0.68699515
-0.69183654
-0.68272454
-0.6897594
-0.69439965
-0.68967247
-0.6874776
-0.69349444
-0.6901466
-0.6905902
-0.6882862
-0.6935803
-0.6909418
-0.68428826
-0.6914666
-0.6882993
-0.6860638
-0.68938917
-0.68358123
-0.69210905
-0.68542254
-0.6920942
-0.6850464
-0.6877896
-0.68642426
-0.68954957
-0.6858883
-0.6896894
-0.6898761
-0.69292325
-0.6916432
-0.690416
-0.6900733
-0.6901166
-0.68842226
-0.694346
-0.685522
-0.6918848
-0.6871453
-0.6915071
-0.68658435
-0.68704075
-0.6843729
-0.68551403
-0.68840045
-0.6909388
-0.6926297
-0.69269323
-0.690713
-0.6868484
-0.6835046
-0.6865018
-0.68896925
-0.68740696
-0.68626785
-0.6859683
-0.6883638
-0.6908913
-0.6889175
-0.6900458
-0.6878591
-0.6881055
-0.6864201
-0.6921759
-0.68523157
-0.6851003
-0.6949075
-0.6939891
-0.69679487
-0.6818072
-0.694967
-0.6908985
-0.6908803
-0.69296026
-0.6840854
-0.69157976
-0.68690413
-0.6925947
-0.6851266
-0.69363075
-0.6920625
-0.69200194
-0.6896954
-0.69283354
-0.6896099
-0.6896972
-0.6903438
-0.6916485
-0.6873303
-0.6874526
-0.69070804
-0.69248796
-0.6948583
-0.68932885
-0.6911987
-0.70002323
-0.6863225
-0.6904797
-0.6861653
-0.6852672
-0.6903638
-0.6924671
-0.68796736
-0.68500584
-0.69073725
-0.6880372
-0.6909051
-0.695626
-0.6894187
-0.6910325
-0.6861938
-0.69047517
-0.68515843
-0.69550794
-0.69676155
-0.6946751
-0.693631
-0.6955188
-0.68947214
-0.6891964
-0.68784285
-0.6873878
-0.6832225
-0.6912364
-0.6934456
-0.69579387
-0.68978757
-0.68609715
-0.68927836
-0.68612367
-0.6934751
-0.68990076
-0.6928968
-0.6945816
-0.6966962
-0.6897087
-0.68927544
-0.6955197
-0.6950749
-0.6938692
-0.6906981
-0.690308
-0.69020903
-0.6883518
-0.69799995
-0.687679
-0.68874395
-0.6927042
-0.6954068
-0.69190365
-0.6903669
-0.6920681
-0.6883885
-0.6909433
-0.68528414
-0.69461465
-0.6880447
-0.6906724
-0.6947022
-0.69503397
-0.69282836
-0.69285154
-0.68959874
-0.69428545
-0.6924286
-0.68787944
-0.695339
-0.69781214
-0.6958088
-0.6966524
-0.69190913
-0.691063
-0.689944
-0.6918249
-0.6878399
-0.6859687
-0.6842216
-0.6954266
-0.6899317
-0.68964523
-0.69000065
-0.68677956
-0.6967731
-0.6913953
-0.6850812
-0.6895825
-0.68708265
-0.6956716
-0.6916579
-0.68774164
-0.6972109
-0.6903288
-0.6959306
-0.69432616
-0.6903822
-0.6950208
-0.6935004
-0.6939936
-0.6890091
-0.68748486
-0.68445015
-0.68763703
-0.69390213
-0.6885124
-0.69299364
-0.6952353
-0.6935016
-0.6909432
-0.69488513
-0.6917564
-0.69348764
-0.69608593
-0.6894068
-0.68531245
-0.6925414
-0.69551414
-0.6909166
-0.6869334
-0.6927768
-0.6894042
-0.6929515
-0.68782157
-0.6934087
-0.68662775
-0.69167256
-0.69000494
-0.68951887
-0.6898761
-0.6860862
-0.6902266
-0.6884641
-0.69331264
-0.6973953
-0.68852276
-0.6932073
-0.68455434
-0.6864029
-0.69287395
-0.6869532
-0.6949267
-0.6936998
-0.6999364
-0.69751054
-0.69335026
-0.69482446
-0.6957618
-0.70170385
-0.6980008
-0.69059926
-0.6917569
-0.6924558
-0.693886
-0.6897912
-0.7027682
-0.6948773
-0.6932059
-0.6901756
-0.69478065
-0.69141114
-0.6953514
-0.6961458
-0.69915694
-0.69744706
-0.6965386
-0.693274
-0.692374
-0.6934893
-0.6942381
-0.6928712
-0.6946096
-0.69142634
-0.69690484
-0.6966753
-0.6906288
-0.6970219
-0.6951007
-0.69357914
-0.6911723
-0.6946417
-0.69276917
-0.6901961
-0.6959781
-0.69991666
-0.69485515
-0.69201034
-0.6898563
-0.69380593
-0.6969831
-0.6975129
-0.6970654
-0.6943258
-0.6956354
-0.69690377
-0.6986927
-0.6955883
-0.6935254
-0.69485384
-0.690426
-0.69463706
-0.69341445
-0.68665814
-0.6956929
-0.69274586
-0.6988927
-0.6918954
-0.69157743
-0.6922708
-0.69673854
-0.6932618
-0.6983787
-0.69430816
-0.6888156
-0.6928586
-0.68852854
-0.69609284
-0.6933325
-0.69178665
-0.69636583
-0.69389504
-0.6939862
-0.6950347
-0.7020778
-0.69158983
-0.68913925
-0.6940003
-0.692158
-0.69008815
-0.693456
-0.68966234
-0.69771
-0.7012277
-0.6973959
-0.69384414
-0.69115114
-0.697809
-0.69763964
-0.695191
-0.69214374
-0.69644153
-0.6969643
-0.692626
-0.6895528
-0.6937814
-0.6967665
-0.692329
-0.6981239
-0.69472843
-0.69522923
-0.69313985
-0.6980943
-0.69600815
-0.69693947
-0.6975429
-0.70393836
-0.69253385
-0.6905462
-0.69348526
-0.68864465
-0.6923765
-0.6918103
-0.68933535
-0.6983163
-0.697574
-0.6948396
-0.68821996
-0.6929323
-0.6988658
-0.69234693
-0.69508946
-0.69432604
-0.6962581
-0.6948714
-0.6960585
-0.6889868
-0.7014731
-0.6976114
-0.69704527
-0.6950754
-0.6946146
-0.6961875
-0.6987305
-0.69401616
-0.6929036
-0.6952815
-0.6895444
-0.6947728
-0.6952308
-0.693009
-0.6941902
-0.69629186
-0.69249314
-0.6952863
-0.69634503
-0.6934817
-0.6884619
-0.6936902
-0.70246536
-0.6942666
-0.69304895
-0.69045764
-0.6940247
-0.6959268
-0.695082
-0.6888155
-0.6928852
-0.69079715
-0.70379925
-0.69949836
-0.6971201
-0.6960118
-0.6957509
-0.6933156
-0.6860039
-0.6956571
-0.7008103
-0.7045686
-0.68997294
-0.69033647
-0.6983148
-0.6919441
-0.69796664
-0.69645154
-0.69376725
-0.6937837
-0.6969866
-0.6927739
-0.6944749
-0.69814825
-0.69848216
-0.6927486
-0.6943865
-0.6990846
-0.69534415
-0.6927266
-0.69483876
-0.6918656
-0.69369465
-0.6973623
-0.6978165
-0.6996887
-0.6950425
-0.6969109
-0.68982124
-0.69619703
-0.68968564
-0.68854594
-0.69947803
-0.7005187
-0.69727546
-0.692785
-0.69401604
-0.7006863
-0.6917848
-0.7004754
-0.7004481
-0.68959934
-0.69411385
-0.69489473
-0.6909408
-0.6958291
-0.69243777
-0.69948983
-0.7042758
-0.69482815
-0.6973476
-0.69929034
-0.70225906
-0.6894854
-0.6965119
-0.6892021
-0.6930857
-0.6917659
-0.6915911
-0.7031407
-0.6914504
-0.6994717
-0.6944669
-0.6949206
-0.70030767
-0.69902915
-0.69543767
-0.6914257
-0.6980474
-0.6970794
-0.6945714
-0.6975065
-0.69898665
-0.6913417
-0.69522345
-0.6966712
-0.70009065
-0.7022933
-0.70126456
-0.69565296
-0.69556516
-0.698076
-0.6930644
-0.697099
-0.6965303
-0.6974099
-0.70028377
-0.7001151
-0.7026996
-0.6889141
-0.69892853
-0.69404954
-0.69634354
-0.69814354
-0.6974021
-0.69070804
-0.69727546
-0.69641495
-0.70135707
-0.6987053
-0.69680446
-0.70274466
-0.69853336
-0.69464207
-0.6930314
-0.69919044
-0.69624114
-0.6971437
-0.69850063
-0.69947636
-0.7021252
-0.70221263
-0.6944237
-0.6986684
-0.69375247
-0.69230485
-0.6970642
-0.6937069
-0.69529915
-0.69660777
-0.70142573
-0.69674844
-0.6996837
-0.7021872
