-0.7251386
-0.7323085
-0.73190755
-0.7411682
-0.741996
-0.74702495
-0.7520119
-0.75864625
-0.7665269
-0.76879877
-0.77599424
-0.787889
-0.78849113
-0.79406965
-0.798557
-0.8070942
-0.81396794
-0.8162333
-0.82140523
-0.8272292
-0.8300655
-0.83296686
-0.83723676
-0.83984077
-0.84934944
-0.8488173
-0.846298
-0.8544053
-0.8523849
-0.8545358
-0.8624565
-0.8670744
-0.86929107
-0.8696222
-0.87309545
-0.88055414
-0.8737964
-0.8781847
-0.88174677
-0.8860002
-0.884089
-0.8811168
-0.88314885
-0.88423187
-0.88752466
-0.8894624
-0.8917608
-0.89166254
-0.8935523
-0.89402986
-0.9005813
-0.89422506
-0.89872754
-0.9017985
-0.89587694
-0.9011145
-0.9058601
-0.9025596
-0.9053722
-0.90548253
-0.9020982
-0.90938073
-0.9080618
-0.90774006
-0.91171676
-0.9093702
-0.9101722
-0.908901
-0.9093596
-0.9095528
-0.9102504
-0.91259813
-0.9147273
-0.91022116
-0.9121165
-0.9135797
-0.90977734
-0.91698575
-0.9117173
-0.91523135
-0.9135971
-0.91701084
-0.9149951
-0.91411775
-0.91668534
-0.9176163
-0.91676366
-0.919911
-0.9181212
-0.9156878
-0.92056704
-0.91870695
-0.9174073
-0.9177661
-0.9195727
-0.9226602
-0.9201471
-0.9190046
-0.91977286
-0.9167923
-0.9229087
-0.91878814
-0.91891813
-0.9198013
-0.9215767
-0.92157066
-0.9217555
-0.92100185
-0.92032015
-0.9238727
-0.9215383
-0.92018765
-0.9224152
-0.92337674
-0.9246343
-0.9236353
-0.92334884
-0.9225248
-0.9227311
-0.9219552
-0.92412794
-0.92246765
-0.9254528
-0.9243637
-0.9225489
-0.9239543
-0.9246396
-0.92521304
-0.9251
-0.9257905
-0.92401415
-0.9264769
-0.9235268
-0.9238143
-0.92466766
-0.92547554
-0.9263243
-0.9252222
-0.92429423
-0.9241262
-0.92536485
-0.9269212
-0.92587394
-0.9242285
-0.9278108
-0.9262687
-0.9263083
-0.9276469
-0.92788386
-0.9260319
-0.92410123
-0.9268066
-0.92540973
-0.92618304
-0.92682683
-0.92579967
-0.9264611
-0.9261237
-0.9262836
-0.9265963
-0.9278535
-0.9253703
-0.9277826
-0.9267061
-0.9268316
-0.92730254
-0.9280361
-0.927227
-0.9275866
-0.9281944
-0.9307478
-0.92733896
-0.92611647
-0.9269259
-0.928205
-0.9277426
-0.9277887
-0.9283264
-0.9275245
-0.9247043
-0.92973775
-0.9287781
-0.9281231
-0.9302676
-0.9292374
-0.9293657
-0.9307897
-0.9286544
-0.9297013
-0.9269968
-0.92736727
-0.92950135
-0.92814565
-0.9290039
-0.9300079
-0.9267799
-0.9293805
-0.9271722
-0.92838645
-0.9287165
-0.9286549
-0.9282624
-0.9307153
-0.9302912
-0.9290173
-0.9293432
-0.9316016
-0.9283133
-0.93103635
-0.93065965
-0.9291819
-0.92954147
-0.92866415
-0.9294031
-0.930739
-0.92590183
-0.9284544
-0.9294064
-0.929811
-0.92947114
-0.9295713
-0.92963946
-0.92954755
-0.9297404
-0.9306863
-0.93086475
-0.9308476
-0.93075097
-0.9295078
-0.92798
-0.93029916
-0.93137854
-0.93007106
-0.930164
-0.93228
-0.92948323
-0.9303844
-0.93071324
-0.93076557
-0.92981297
-0.9306118
-0.92988604
-0.93328184
-0.92959356
-0.9296043
-0.9302635
-0.9307123
-0.9326727
-0.9281237
-0.9291238
-0.93323874
-0.9304959
-0.9299399
-0.9320779
-0.9275935
-0.92745084
-0.932051
-0.9295588
-0.9311629
-0.9291133
-0.9314587
-0.9314182
-0.9288818
-0.92981744
-0.9303092
-0.9309637
-0.931508
-0.92934793
-0.92920643
-0.93062645
-0.9287599
-0.931434
-0.93060154
-0.9317276
-0.9289848
-0.9311613
-0.92938364
-0.93130565
-0.93246454
-0.93222064
-0.93168837
-0.9315168
-0.9312744
-0.9302241
-0.9333127
-0.9313671
-0.9333101
-0.9334209
-0.9319532
-0.93100053
-0.93126154
-0.93106115
-0.929113
-0.93096596
-0.93243057
-0.9329496
-0.93169117
-0.93290585
-0.93209
-0.9315675
-0.93221545
-0.9328149
-0.9322886
-0.9323046
-0.93316346
-0.93124455
-0.93178236
-0.9315491
-0.93125385
-0.93265116
-0.9306145
-0.9345207
-0.93308884
-0.93189085
-0.93289566
-0.9321394
-0.93206203
-0.93211603
-0.93227977
-0.9316681
-0.9308077
-0.9324819
-0.9330003
-0.93359613
-0.9334197
-0.93293864
-0.92955106
-0.93419844
-0.9328348
-0.9328687
-0.92873824
-0.9319424
-0.9315175
-0.9332795
-0.9326853
-0.93028194
-0.93293434
-0.93037075
-0.9334958
-0.9326122
-0.9346145
-0.9312945
-0.93157136
-0.9323273
-0.93258196
-0.93104225
-0.9321656
-0.9338257
-0.9337366
-0.93263984
-0.9307628
-0.93424195
-0.9316014
-0.9310399
-0.93424714
-0.9339487
-0.9307316
-0.9332694
-0.93257415
-0.93101144
-0.9315928
-0.9325881
-0.93146986
-0.93261325
-0.93240833
-0.9333306
-0.931703
-0.9314537
-0.9328889
-0.9282754
-0.93289447
-0.9324738
-0.9336789
-0.93474716
-0.93224835
-0.93305415
-0.9349566
-0.9338108
-0.93232733
-0.9322004
-0.93138564
-0.93444103
-0.9337928
-0.93116164
-0.9340407
-0.9329086
-0.933104
-0.93099993
-0.9323538
-0.9334068
-0.9312109
-0.93297064
-0.93225926
-0.9337743
-0.9340099
-0.9338722
-0.93475497
-0.9342586
-0.9350344
-0.9312177
-0.932256
-0.9301561
-0.935747
-0.9337953
-0.9324258
-0.9316825
-0.9312949
-0.9332055
-0.9326864
-0.932643
-0.9340109
-0.93176126
-0.93355507
-0.93437874
-0.9332155
-0.9334247
-0.9323095
-0.93302
-0.9333667
-0.9340649
-0.9325244
-0.93325293
-0.93207926
-0.9353714
-0.9333265
-0.932334
-0.9334394
-0.9313221
-0.93258035
-0.9333266
-0.93294215
-0.9353388
-0.934796
-0.9330944
-0.93305516
-0.9338702
-0.93301314
-0.93257225
-0.93408525
-0.9341964
-0.9352267
-0.9340964
-0.9331664
-0.93094224
-0.9346038
-0.9340667
-0.9335669
-0.9343507
-0.93475395
-0.9335426
-0.9351016
-0.93542105
-0.9329157
-0.9356146
-0.93460286
-0.934637
-0.93269444
-0.93240404
-0.9335814
-0.9329588
-0.9338671
-0.9342169
-0.93485177
-0.9344871
-0.9369755
-0.93366426
-0.9336652
-0.93411696
-0.9334806
-0.93439883
-0.9320089
-0.9363302
-0.9366256
-0.93416166
-0.93431056
-0.93323463
-0.93482256
-0.9336521
-0.9322074
-0.9353952
-0.9340894
-0.932329
-0.93310326
-0.9329585
-0.9339353
-0.93356663
-0.9331136
-0.932939
-0.93454117
-0.9325082
-0.9347815
-0.9329083
-0.9338171
-0.9343209
-0.9321989
-0.93396175
-0.934471
-0.931284
-0.93142223
-0.934265
-0.9334168
-0.9299063
-0.92773336
-0.9273018
-0.93227637
-0.93457085
-0.9348256
-0.9329023
-0.9320013
-0.93253624
-0.9341995
-0.9338902
-0.9340823
-0.93158156
-0.9340092
-0.93493
-0.93300396
-0.9344804
-0.9318725
-0.93347615
-0.9341783
-0.93467206
-0.9343885
-0.93269545
-0.9336385
-0.9344828
-0.9325483
-0.93623614
-0.93385154
-0.932855
-0.9353222
-0.934645
-0.93538386
-0.9336697
-0.93138653
-0.93491477
-0.93448615
-0.9348871
-0.93468535
-0.93617606
-0.9346381
-0.9335697
-0.9342756
-0.9339685
-0.93461573
-0.9333063
-0.9339738
-0.9346413
-0.932952
-0.93610585
-0.93478847
-0.9355754
-0.93511564
-0.9330621
-0.9308776
-0.9351292
-0.93270504
-0.93541926
-0.93356496
-0.9341328
-0.93487096
-0.93368167
-0.9341994
-0.93419766
-0.93383676
-0.93330795
-0.93416315
-0.9349195
-0.93461657
-0.9351395
-0.9346908
-0.93352675
-0.93655854
-0.93301857
-0.9371688
-0.93555045
-0.9343103
-0.9347809
-0.93157685
-0.9347527
-0.93435067
-0.9335663
-0.9341044
-0.93398225
-0.9349882
-0.9335106
-0.9324171
-0.9350533
-0.9349239
-0.93347853
-0.9346066
-0.9338088
-0.9335671
-0.9351087
-0.9335469
-0.9364238
-0.93448853
-0.9350885
-0.9353749
-0.93314224
-0.9369201
-0.93382025
-0.93520015
-0.9358575
-0.9359701
-0.93589556
-0.93367773
-0.93225235
-0.9350363
-0.9345308
-0.93501246
-0.93616575
-0.9367887
-0.9322847
-0.9349689
-0.93514127
-0.93495864
-0.9342758
-0.93284655
-0.93335766
-0.9344498
-0.93555117
-0.9342611
-0.9324213
-0.9337509
-0.9334764
-0.933915
-0.9361158
-0.9332199
-0.93342984
-0.93439627
-0.9336864
-0.93554956
-0.9367857
-0.93522763
-0.93452793
-0.93326384
-0.93410283
-0.93271154
-0.9346082
-0.93361086
-0.9354857
-0.93585914
-0.9359433
-0.9313926
-0.9356234
-0.9354191
-0.93701375
-0.936203
-0.934261
-0.9345473
-0.93454903
-0.9343304
-0.9356019
-0.9363918
-0.9348753
-0.9349772
-0.9347928
-0.9332047
-0.9344392
-0.93347925
-0.9363867
-0.9363167
-0.9332277
-0.9323729
-0.9344839
-0.9345036
-0.9355783
-0.9369344
-0.93425107
-0.93720025
-0.93576074
-0.93468195
-0.9349759
-0.93582284
-0.9358664
-0.9349018
-0.93487227
-0.93534005
-0.9373495
-0.934406
-0.93477434
-0.9339241
-0.93361807
-0.93486303
-0.93378186
-0.933536
-0.9364026
-0.93589115
-0.93558246
-0.9364696
-0.9349029
-0.9355659
-0.93627703
-0.9337525
-0.9369909
-0.9342538
-0.93517536
-0.93301785
-0.93560976
-0.9363509
-0.93358743
-0.93588436
-0.9349713
-0.93599427
-0.93368876
-0.93553233
-0.9345926
-0.9363147
-0.9341014
-0.936225
-0.93483055
-0.9361199
-0.93459857
-0.9325365
-0.933826
-0.9346649
-0.9343816
-0.93519753
-0.93521
-0.9339608
-0.93446606
-0.9358925
-0.9322512
-0.934259
-0.93488526
-0.9347495
-0.9354275
-0.9335514
-0.93321836
-0.9344467
-0.9343604
-0.9345342
-0.9332219
-0.93502855
-0.9350396
-0.9358122
-0.93587667
-0.9336206
-0.9322502
-0.934103
-0.93374115
-0.93489724
-0.9338615
-0.9331936
-0.93404573
-0.9324159
-0.9364201
-0.9361045
-0.9370042
-0.93402946
-0.933207
-0.93644494
-0.9358792
-0.9365016
-0.9341433
-0.9334479
-0.9357256
-0.9341746
-0.9355334
-0.9352829
-0.93427724
-0.9347247
-0.93448836
-0.9376474
-0.9338674
-0.93493986
-0.9351502
-0.93511987
-0.93385744
-0.93670154
-0.9343382
-0.93276286
-0.93559986
-0.93584025
-0.93654984
-0.9345407
-0.9350555
-0.9337068
-0.93469703
-0.9355957
-0.9351097
-0.9350845
-0.9363263
-0.93530107
-0.9353665
-0.93464506
-0.93420696
-0.93447644
-0.9341086
-0.9323657
-0.9326451
-0.93445134
-0.9322658
-0.9360846
-0.9320256
-0.9350054
-0.9358912
-0.93405205
-0.93529433
-0.9339879
-0.9345353
-0.9337401
-0.9346407
-0.93438494
-0.9334236
-0.93610746
-0.9330564
-0.9356145
-0.93364215
-0.9334081
-0.9351355
-0.9344918
-0.9356842
-0.9338993
-0.9352198
-0.9365893
-0.93290466
-0.93610305
-0.9339993
-0.9354761
-0.9350857
-0.9346376
-0.93326217
-0.9344502
-0.935533
-0.93575805
-0.9361796
-0.9325383
-0.9362987
-0.9344655
-0.9353414
-0.93415195
-0.93530315
-0.93479145
-0.9344077
-0.93599004
-0.9354635
-0.93575853
-0.9342409
-0.9344059
-0.9371187
-0.9361358
-0.9346204
-0.9342171
-0.93410486
-0.93643904
-0.9344196
-0.93672127
-0.9358264
-0.9362018
-0.93514943
-0.9342496
-0.9355195
-0.9359266
-0.93571496
-0.93584853
-0.93619853
-0.93465656
-0.936013
-0.936151
-0.9337358
-0.933717
-0.93623143
-0.93340164
-0.9333868
-0.932943
-0.936172
-0.9339159
-0.9339439
-0.93478626
-0.9346274
-0.9341269
-0.9350753
-0.9362061
-0.93436825
-0.9347798
-0.9347073
-0.9355338
-0.9349982
-0.9364026
-0.9344763
-0.9355813
-0.936933
-0.9360757
-0.9374973
-0.9349123
-0.93447274
-0.9374333
-0.9359818
-0.9344076
-0.9369986
-0.9358
-0.93678683
-0.93407613
-0.9358663
-0.93637663
-0.93605536
-0.9339087
-0.9352132
-0.93338054
-0.93545157
-0.93857044
-0.9350409
-0.9373589
-0.93276054
-0.93421555
-0.935503
-0.93747777
-0.9355844
-0.9324909
-0.9367344
-0.9360079
-0.9341291
-0.93679464
-0.9361839
-0.93479776
-0.93609625
-0.9349609
-0.9358617
-0.9344482
-0.93529874
-0.9356115
-0.93770534
-0.9330223
-0.93596405
-0.9345021
-0.9343477
-0.9387949
-0.9333723
-0.93680716
-0.93457747
-0.93704057
-0.9374432
-0.9349804
-0.93615663
-0.9353455
-0.9348618
-0.9349004
-0.9339604
-0.9357214
-0.93636775
-0.9351398
-0.9344307
-0.9347703
-0.93604875
-0.9375425
-0.9370959
-0.93453825
-0.9333074
-0.93533134
-0.9352322
-0.93483925
-0.93832713
-0.9340542
-0.9355941
-0.9325765
-0.9355312
-0.93592477
-0.9353607
-0.93691224
-0.9356041
-0.9356367
-0.935743
-0.9343228
-0.9339565
-0.93581617
-0.93654054
-0.9363044
-0.9359988
-0.9353279
-0.93622816
-0.93469894
-0.93690836
-0.93530816
-0.9351268
-0.9338063
-0.9340444
-0.9362499
-0.9363015
-0.934528
-0.93595326
-0.93634903
-0.9345707
-0.9362419
-0.9364027
-0.9337265
-0.935905
-0.93447065
-0.9338354
-0.9367355
-0.9352726
-0.9349443
-0.9337097
-0.9362983
-0.9353281
-0.93708545
-0.9332535
-0.9346095
-0.9353992
-0.9351691
-0.9366169
-0.93703
-0.934599
-0.9353846
-0.9349814
-0.93369806
-0.93490785
-0.9339197
-0.936144
-0.9355491
-0.9353373
-0.93560207
-0.9336504
-0.93711036
-0.9352885
-0.93623394
-0.93555695
-0.93627715
-0.93539816
-0.93545336
-0.93562496
-0.93548715
-0.9379045
-0.9371421
-0.9364536
-0.9360883
-0.9362344
-0.9348632
-0.9365383
-0.9343322
-0.9341428
-0.9366065
-0.9347291
-0.9356589
-0.9360084
-0.9340163
-0.93697387
-0.93444735
-0.93516403
-0.9359364
-0.9351368
-0.9335664
-0.9360354
-0.9345678
-0.9356414
-0.9369351
-0.93535244
-0.9361475
-0.9381719
-0.9347404
-0.9345052
-0.93734306
-0.9382085
-0.9342411
-0.93697935
-0.9359307
-0.93598056
-0.9332927
-0.93563646
-0.9343268
-0.93424416
-0.9381267
-0.9349679
-0.9349659
-0.93688136
-0.93753284
-0.9354238
-0.9370592
-0.9357146
-0.9377004
-0.93835354
-0.93544436
-0.93790615
-0.9376024
-0.93634164
-0.9346506
-0.9357932
-0.9354668
-0.9345737
-0.9373354
-0.9356346
-0.9372787
-0.9360684
-0.93614775
-0.9364311
-0.93605727
-0.93468493
-0.93613535
-0.9344421
-0.93642855
-0.93546027
-0.93613815
-0.9359127
-0.93550867
-0.9331211
-0.93469083
-0.9374546
-0.9352139
-0.9341309
-0.93360275
-0.9367979
-0.9359055
-0.93619424
-0.9353341
-0.93704945
-0.9373697
-0.9362034
-0.9362548
-0.9363488
-0.9352882
-0.93706214
-0.93615407
-0.9382151
-0.93584836
-0.9368882
-0.9359957
-0.9350564
-0.9368955
-0.93568987
-0.9341827
-0.9356271
-0.93710726
-0.935971
-0.9353043
-0.93618244
-0.9355526
-0.9344476
-0.9357345
-0.9350589
-0.93591344
-0.9368113
-0.9369014
-0.93418515
-0.9381266
-0.9353791
-0.9341086
-0.9367648
-0.9361512
-0.93903214
-0.93619585
-0.9363877
-0.93490565
-0.9364719
-0.9352773
-0.9360763
-0.935989
-0.9355398
-0.9358507
-0.93620837
-0.93586326
-0.93559825
-0.9352661
-0.9365539
-0.9363579
-0.93682647
-0.93547654
-0.93572176
-0.9369533
-0.93632066
-0.93651223
-0.9355493
-0.934982
-0.93633586
-0.9373094
-0.9370884
-0.9387438
-0.9355007
-0.93507427
-0.9376781
-0.9365018
-0.9357966
-0.93791085
-0.93502325
-0.9351572
-0.9359927
-0.9365664
-0.93555427
-0.93680847
-0.93628454
-0.9337656
-0.9354649
-0.93507624
-0.93532944
-0.9351368
-0.9352497
-0.936537
-0.93672353
-0.93684417
-0.93357384
-0.9368789
-0.9353216
-0.93606037
-0.9358638
-0.9342809
-0.9355826
-0.9357176
-0.93449515
-0.9376317
-0.935649
-0.9342881
-0.9372082
-0.9344158
-0.9355037
-0.934728
-0.9369797
-0.93460417
-0.93670374
-0.9350402
-0.93472093
-0.93557185
-0.93656355
-0.9359499
-0.93589324
-0.9364797
-0.9356314
-0.93423396
-0.9367918
-0.9350705
-0.936581
-0.93517464
-0.9365735
-0.9329781
-0.93667775
-0.9368891
-0.9355637
-0.9370215
-0.9355634
-0.9362389
-0.93712527
-0.93430036
-0.9355407
-0.93548554
-0.93626904
-0.93649393
-0.9353832
-0.93671143
-0.93422204
-0.93646485
-0.93604803
-0.9380885
-0.93459713
-0.9359877
-0.9354713
-0.9346548
-0.9363828
-0.9357217
-0.93593836
-0.9356019
-0.9371585
-0.93584806
-0.9357421
-0.9372903
-0.9362321
-0.9322634
-0.9342864
-0.93580353
-0.9382146
-0.93580014
-0.93530166
-0.93592626
-0.9352898
-0.93576044
-0.9360612
-0.93479556
-0.93637407
-0.9371194
-0.9320654
-0.93631566
-0.9364958
-0.93464375
-0.93535215
-0.93779755
-0.937029
-0.9372748
-0.93522453
-0.935741
-0.9356843
-0.93649757
-0.93527365
-0.9360288
-0.93504834
-0.93447703
-0.9345993
-0.9347955
-0.93675995
-0.9363395
-0.93753886
-0.93795097
-0.93559223
-0.93654025
-0.93645966
-0.9344095
-0.93482035
-0.93495303
-0.9371975
-0.93729734
-0.93870705
-0.9341603
-0.93716127
-0.9349431
-0.9377257
-0.93662935
-0.9351777
-0.9353786
-0.9386373
-0.9366537
-0.9343254
-0.93698734
-0.9356556
-0.9355123
-0.9350004
-0.93642586
-0.9359118
-0.93580645
-0.9345643
-0.9369544
-0.9333649
-0.93515325
-0.9369886
-0.93695706
-0.93690515
-0.93568027
-0.9351518
-0.9362483
-0.93546075
-0.93888277
-0.936729
-0.93548244
-0.9365245
-0.93550414
-0.9366134
-0.93655884
-0.9366855
-0.9363775
-0.93732363
-0.937003
-0.9357129
-0.9333499
-0.9356125
-0.9350182
-0.9346161
-0.93649095
-0.9360836
-0.93673974
-0.9363892
-0.9375928
-0.9358887
-0.9349871
-0.935339
-0.93540174
-0.9364579
-0.9346173
-0.9376819
-0.936034
-0.9361779
-0.9390634
-0.93638796
-0.9359841
-0.93659383
-0.93403345
-0.93680614
-0.93397295
-0.935548
-0.9364119
-0.93411726
-0.938996
-0.93563765
-0.9350746
-0.9359984
-0.93600434
-0.9355969
-0.93564296
-0.9348802
-0.93645173
-0.93775666
-0.9338961
-0.9371159
-0.93530613
-0.9372353
-0.93648577
-0.9369254
-0.93621147
-0.93635356
-0.93542945
-0.9358172
-0.93722594
-0.9369331
-0.9339686
-0.9366948
-0.933799
-0.9362641
-0.93742484
-0.9360725
-0.934612
-0.93722725
-0.9361007
-0.9364271
-0.9348853
-0.9333281
-0.93567836
-0.9351811
-0.9350784
-0.93327576
-0.93463796
-0.93758935
-0.93589216
-0.93651426
-0.93681926
-0.9354862
-0.9358772
-0.93624985
-0.9339732
-0.93770176
-0.9356051
-0.93720275
-0.93682003
-0.93441594
-0.9334048
-0.93485403
-0.9359241
-0.935391
-0.93513834
-0.93680704
-0.93504685
-0.9359948
-0.9356398
-0.9329026
-0.93663365
-0.93605924
-0.93612325
-0.9348332
-0.93633443
-0.9363895
-0.93502617
-0.9353457
-0.937237
-0.9364718
-0.93631047
-0.938028
-0.93589664
-0.93745303
-0.9340903
-0.9362563
-0.9351451
-0.9342136
-0.93688124
-0.93562096
-0.9364765
-0.9355409
-0.93714184
-0.935779
-0.9374972
-0.9372645
-0.93688667
-0.9338345
-0.9345959
-0.93789136
-0.93618214
-0.9354814
-0.9367538
-0.9362548
-0.93601304
-0.93541396
-0.93730253
-0.93644565
-0.9380877
-0.93614614
-0.93496376
-0.93674695
-0.93462485
-0.9349952
-0.93668133
-0.93634903
-0.93578976
-0.9375306
-0.9366343
-0.9366863
-0.93680066
-0.93664
-0.9397106
-0.938417
-0.9355516
-0.93438035
-0.9356236
-0.93581575
-0.9349725
-0.9371172
-0.9350812
-0.9357228
-0.9378149
-0.9358897
-0.93793106
-0.93465513
-0.9382631
-0.93630385
-0.9351128
-0.93488103
-0.9339794
-0.9357742
-0.93565404
-0.93605924
-0.93531156
-0.9380405
-0.93457115
-0.93408275
-0.9356445
-0.9371682
-0.937587
-0.93502337
-0.9355085
-0.9368877
-0.934954
-0.93605834
-0.935612
-0.93513787
-0.93757325
-0.93691385
-0.9374434
-0.9360793
-0.9362879
-0.9376147
-0.93768585
-0.9366851
-0.93479747
-0.9343786
-0.9367284
-0.93465304
-0.93541425
-0.9355886
-0.936122
-0.9356845
-0.93738157
-0.93482417
-0.9361133
-0.9362271
-0.9371225
-0.93615985
-0.9371114
-0.93701917
-0.93700993
-0.93542683
-0.935896
-0.93676174
-0.934454
-0.93634003
-0.9386806
-0.93241715
-0.93499285
-0.93629104
-0.9363525
-0.93600905
-0.9345142
-0.9361463
-0.93572456
-0.9374911
-0.9329648
-0.936634
-0.9334782
-0.93444747
-0.93667704
-0.93621314
-0.936083
-0.93406737
-0.936895
-0.9344314
-0.9346275
-0.93419605
-0.9341359
-0.9356062
-0.9367085
-0.935336
-0.93504834
-0.9346793
-0.9340826
-0.93413407
-0.9340929
-0.9383504
-0.9349009
-0.9353869
-0.9366078
-0.9350118
-0.9352336
-0.9361787
-0.9366725
-0.9354786
-0.9352012
-0.9352658
-0.93650395
-0.9356871
-0.93591094
-0.93679595
-0.9371625
-0.93720084
-0.93656373
-0.935815
-0.9342932
-0.93736047
-0.93404824
-0.9362956
-0.936646
-0.93510425
-0.9359717
-0.93505585
-0.9337261
-0.9378365
-0.9363452
-0.93607336
-0.9366595
-0.93699336
-0.93399113
-0.93417484
-0.93603325
-0.9362403
-0.93651044
-0.93794703
-0.93474615
-0.9355895
-0.93531054
-0.9369732
-0.9350775
-0.933534
-0.9344647
-0.93449795
-0.9328146
-0.9362915
-0.9356581
-0.93444157
-0.9366278
-0.9343049
-0.93580383
-0.9372602
-0.9356889
-0.9333337
-0.93532425
-0.9360481
-0.93496114
-0.9358294
-0.9385166
-0.93711686
-0.93776184
-0.93574494
-0.9368034
-0.9357417
-0.9362391
-0.9352809
-0.9360166
-0.9373098
-0.93651956
-0.9369805
-0.9344718
-0.9366227
-0.93628293
-0.93661785
-0.93420005
-0.9373421
-0.9368677
-0.9355257
-0.9356827
-0.93676513
-0.9359735
-0.9348922
-0.9372314
-0.937056
-0.9368796
-0.9370853
-0.93703413
-0.93664587
-0.9357182
-0.935116
-0.936344
-0.9365795
-0.9359283
-0.93779755
-0.9391408
-0.93578553
-0.93477726
-0.93774843
-0.9364922
-0.9351381
-0.93718356
-0.937727
-0.9373459
-0.9385021
-0.9344084
-0.93632704
-0.9363531
-0.93481326
-0.9362771
-0.9371748
-0.9378851
-0.9356527
-0.9372239
-0.93545896
-0.93404245
-0.9381698
-0.9354818
-0.93532664
-0.93668634
-0.9341289
-0.9367636
-0.9378147
-0.9367747
-0.9356532
-0.9384261
-0.9362133
-0.93784565
-0.9356703
-0.93841577
-0.9364823
-0.9361633
-0.93581
-0.9373163
-0.93475604
-0.93571943
-0.9361605
-0.9351238
-0.9390278
-0.9369524
-0.9366633
-0.93766415
-0.93714184
-0.93502456
-0.9361406
-0.9343693
-0.9344351
-0.9388028
-0.9357297
-0.9371861
-0.9360037
-0.93583363
-0.9368074
-0.93715894
-0.936709
-0.93606126
-0.93496555
-0.9358564
-0.9336347
-0.9365724
-0.9363825
-0.93575495
-0.93652534
-0.9362932
-0.93505263
-0.9375946
-0.93648225
-0.93558484
-0.93667376
-0.9368395
-0.93544066
-0.9355037
-0.9372793
-0.9347965
-0.9364706
-0.9341624
-0.9367715
-0.9350232
-0.93579465
-0.9355039
-0.93639624
-0.93751305
-0.9393898
-0.93681824
-0.9334645
-0.9327408
-0.9356922
-0.9351963
-0.9358859
-0.93572235
-0.9349092
-0.9361574
-0.93622947
-0.93314826
-0.935583
-0.93644094
-0.936548
-0.9360969
-0.9367026
-0.93431735
-0.93779796
-0.9361925
-0.93452936
-0.93691105
-0.9357904
-0.93630534
-0.93783754
-0.93471384
-0.9364161
-0.93568736
-0.93532914
-0.93756276
-0.9372208
-0.93887943
-0.93646556
-0.93542576
-0.93662506
-0.9368422
-0.93597263
-0.93758655
-0.93787295
-0.93724066
-0.93352014
-0.9344357
-0.9369782
-0.93640554
-0.93650526
-0.9364845
-0.9365668
-0.9387112
-0.93478525
-0.93565524
-0.93341744
-0.9373804
-0.93870574
-0.9349268
-0.93582153
-0.937516
-0.937711
-0.9391896
-0.9345793
-0.9338061
-0.93777066
-0.937263
-0.93669355
-0.9354417
-0.93634224
-0.93648535
-0.9392824
-0.93740153
-0.9372429
-0.93494123
-0.9363642
-0.9346746
-0.9366076
-0.93851745
-0.93655926
-0.937297
-0.9369842
-0.9375356
-0.93880886
-0.937575
-0.93629223
-0.9374048
-0.93530893
-0.9373539
-0.93703383
-0.93482286
-0.9362664
-0.93737525
-0.93688345
-0.9360156
-0.93420404
-0.9345524
-0.9364361
-0.9364465
-0.9366667
-0.93675035
-0.9370696
-0.9353924
-0.9367889
-0.9375615
-0.93621564
-0.9378178
-0.9364391
-0.938536
-0.9350785
-0.93477404
-0.93718284
-0.93560046
-0.9361154
-0.9352317
-0.93506837
-0.935787
-0.9346217
-0.93699586
-0.9380566
-0.935805
-0.93755555
-0.9377828
-0.9373489
-0.93500507
-0.9365012
-0.9355186
-0.9371102
-0.9389236
-0.93655044
-0.93695223
-0.9358177
-0.9357276
-0.934731
-0.936929
-0.93757254
-0.9365162
-0.9367787
-0.93316585
-0.9353984
-0.93693006
-0.93612385
-0.9347181
-0.9362244
-0.93903184
-0.93603194
-0.93619746
-0.9362246
-0.9356934
-0.9371818
-0.9386676
-0.93637764
-0.9368721
-0.9367916
-0.9371234
-0.9379533
-0.9364423
-0.9371866
-0.93692446
-0.9370711
-0.9379288
-0.9371289
-0.93597823
-0.937322
-0.93794453
-0.9361054
-0.93612653
-0.9372748
-0.93598527
-0.9356471
-0.9362911
-0.93683314
-0.93674594
-0.937693
-0.9325537
-0.93575805
-0.93594617
-0.9352842
-0.9357473
-0.93639725
-0.9366679
-0.93602484
-0.93635803
-0.93646103
-0.9357552
-0.9360286
-0.9378188
-0.9363474
-0.93807673
-0.93659824
-0.9357359
-0.93775874
-0.93754035
-0.9371447
-0.9363717
-0.9388863
-0.93580234
-0.93628454
-0.93483835
-0.9339294
-0.9368508
-0.934927
-0.936775
-0.93760264
-0.9349306
-0.93608904
-0.93553454
-0.9359619
-0.93765277
-0.9353154
-0.93594027
-0.93648183
-0.93852687
-0.93756825
-0.9349821
-0.9372871
-0.9365753
-0.9372635
-0.93572783
-0.93675196
-0.93646026
-0.9375867
-0.937314
-0.9345475
-0.93510115
-0.93739635
-0.93758523
-0.93818694
-0.936029
-0.9352664
-0.93627024
-0.93583685
-0.93620145
-0.93761164
-0.9380048
-0.9371409
-0.93676496
-0.9365205
-0.9359428
-0.936512
-0.93767923
-0.9362625
-0.9371852
-0.9353081
-0.93830484
-0.9373614
-0.9367767
-0.9350531
-0.93750143
-0.93574
-0.93470836
-0.9368837
-0.93574697
-0.9358936
-0.9359413
-0.9343274
-0.9360839
-0.93716955
-0.93617827
-0.9369097
-0.9379663
-0.93956584
-0.9378393
-0.9391414
-0.93658817
-0.9359859
-0.93535995
-0.93643814
-0.93612635
-0.93718725
-0.93686885
-0.9365454
-0.9373188
-0.9370226
-0.93603593
-0.93480253
-0.9363782
-0.93555516
-0.9361504
-0.9361084
-0.9371338
-0.938294
-0.93535227
-0.936491
-0.93584853
-0.9353883
-0.93471944
-0.9368412
-0.9345226
-0.9365125
-0.9370841
-0.9371138
-0.93595326
-0.9376593
-0.9345094
-0.93772286
-0.93880665
-0.93539006
-0.9359657
-0.93631494
-0.936789
-0.937984
-0.937075
-0.9370098
-0.93707705
-0.93771917
-0.93645954
-0.93398225
-0.936773
-0.93514484
-0.9367428
-0.9359486
-0.93796295
-0.93667275
-0.936097
-0.93674314
-0.9366165
-0.93378145
-0.93799514
-0.9359692
-0.9354907
-0.9351759
-0.93642503
-0.9353804
-0.937745
-0.93535703
-0.9364727
-0.9361264
-0.9370885
-0.93573207
-0.93627626
-0.935824
-0.93848664
-0.93677586
-0.93653846
-0.9355765
-0.9358131
-0.9335289
-0.93385834
-0.9364081
-0.9362554
-0.93785936
-0.93586934
-0.9360617
-0.9374461
-0.935036
-0.9376517
-0.93686754
-0.9373253
-0.9361832
-0.9363688
-0.93693054
-0.9377029
-0.9369994
-0.9375951
-0.93720275
-0.9361788
-0.93756187
-0.9370694
-0.9358802
-0.9377997
-0.9364928
-0.9368882
-0.93591547
-0.9353939
-0.93480456
-0.9371521
-0.93656045
-0.93704754
-0.93871874
-0.93620384
-0.9376483
-0.93552667
-0.9363073
-0.93653786
-0.93445486
-0.93526393
-0.93600875
-0.9356864
-0.9368961
-0.9344345
-0.9351897
-0.9355735
-0.938028
-0.9372358
-0.93679106
-0.9366608
-0.93653965
-0.9355742
-0.937042
-0.93715495
-0.93667364
-0.93482864
-0.9362517
-0.9382713
-0.9373481
-0.93746597
-0.93727076
-0.9358111
-0.934861
-0.9352719
-0.93478036
-0.93782693
-0.93547535
-0.93695927
-0.9379746
-0.93697584
-0.9373601
-0.93704116
-0.93834144
-0.9377944
-0.9360978
-0.93498063
-0.9380668
-0.9361754
-0.9363259
-0.9357112
-0.9362311
-0.9341226
-0.93654585
-0.9359541
-0.9354771
-0.9347151
-0.9365379
-0.9361193
-0.9393784
-0.9383676
-0.93549657
-0.9349368
-0.9357223
-0.9357574
-0.93569285
-0.93711305
-0.937872
-0.9370928
-0.9363314
-0.93707216
-0.93562067
-0.9374222
-0.9375285
-0.9363201
-0.93705386
-0.9352131
-0.93528
-0.935118
-0.9370794
-0.93645084
-0.935283
-0.93402183
-0.9366588
-0.93826956
-0.93736017
-0.93496037
-0.93563086
-0.935552
-0.9336333
-0.9370517
-0.93591136
-0.9355935
-0.9383259
-0.93541133
-0.9357403
-0.9367201
-0.9355426
-0.9371297
-0.93806773
-0.9367286
-0.9322632
-0.9364863
-0.9362716
-0.937727
-0.9363816
-0.93582845
-0.9345542
-0.9373614
-0.9373164
-0.93406683
-0.9358911
-0.9367006
-0.93881553
-0.9376609
-0.9366507
-0.9355333
-0.9347582
-0.93701786
-0.9393633
-0.93546724
-0.93749714
-0.9361795
-0.9366153
-0.9366985
-0.9364996
-0.9348148
-0.9378062
-0.9386121
-0.9341529
-0.93722427
-0.93638563
-0.93724394
-0.938531
-0.93838143
-0.9371453
-0.9354325
-0.93679124
-0.9374236
-0.9357773
-0.936958
-0.93573964
-0.9374742
-0.9370815
-0.9371475
-0.9371487
-0.9360867
-0.93428177
-0.9356315
-0.93828917
-0.93778
-0.9367201
-0.93426454
-0.9380436
-0.9357437
-0.93717694
-0.93622196
-0.9363673
-0.9367799
-0.9365071
-0.93618894
-0.9368681
-0.9353819
-0.9370143
-0.9374162
-0.9360159
-0.9349913
-0.93677366
-0.935949
-0.9369815
-0.93526495
-0.93639076
-0.9381937
-0.9374742
-0.9365597
-0.9368685
-0.9360581
-0.93740565
-0.9369608
-0.9366215
-0.93430364
-0.936165
-0.9353408
-0.93621427
-0.9353318
-0.93675745
-0.93598145
-0.9369614
-0.93832994
-0.9376658
-0.93880165
-0.9378839
-0.9362068
-0.93604255
-0.93646276
-0.9366438
-0.93480104
-0.93729424
-0.9384829
-0.93532217
-0.937488
-0.93664646
-0.93494374
-0.9372238
-0.93531525
-0.9378309
-0.9391921
-0.9361762
-0.93779296
-0.9369815
-0.937269
-0.9378068
-0.93771505
-0.93660456
-0.93619514
-0.9353446
-0.93618625
-0.93764204
-0.93621826
-0.93803805
-0.93410236
-0.93587965
-0.9362389
-0.9355261
-0.93779606
-0.93769187
-0.93778455
-0.9355962
-0.9386899
-0.9340946
-0.9360206
-0.9359968
-0.9366999
-0.938928
-0.935837
-0.9375107
-0.93653286
-0.9368878
-0.9367259
-0.9367558
-0.93827224
-0.9368732
-0.9355898
-0.93500966
-0.936178
-0.9359921
-0.93712264
-0.9343657
-0.93599534
-0.938473
-0.9386513
-0.93566805
-0.93763185
-0.93580437
-0.9367258
-0.93811536
-0.9358741
-0.9365767
-0.9353343
-0.9358808
-0.9385408
-0.9338773
-0.9369527
-0.9348387
-0.93638086
-0.9354102
-0.9352755
-0.9371017
-0.9354541
-0.9359443
-0.9373779
-0.9362851
-0.9363957
-0.93592274
-0.93669564
-0.9342155
-0.93805736
-0.9368551
-0.9353139
-0.93670756
-0.9366988
-0.93724847
-0.9378509
-0.9374188
-0.9375814
-0.93577915
-0.93705297
-0.9366676
-0.93651825
-0.9365832
-0.9363579
-0.9371928
-0.937785
-0.93786913
-0.937703
-0.9394008
-0.9379721
-0.93621916
-0.9372235
-0.93678355
-0.93537986
-0.9371674
-0.9357625
-0.93339497
-0.93701035
-0.9352882
-0.9361582
-0.9374383
-0.93702817
-0.93627167
-0.9376439
-0.9381695
-0.93598837
-0.93726504
-0.93440896
-0.9375167
-0.9367347
-0.938792
-0.9344292
-0.93637735
-0.93675995
-0.9381121
-0.93706965
-0.9367739
-0.9381465
-0.9387185
-0.9372829
-0.935817
-0.93602115
-0.93542427
-0.93475556
-0.93554974
-0.93699354
-0.9370222
-0.9357119
-0.93762517
-0.9349089
-0.93562853
-0.9364831
-0.9365732
-0.93636686
-0.9363397
-0.9358849
-0.93711954
-0.93643624
-0.9383016
-0.93869114
-0.9359962
-0.9368885
-0.9368759
-0.9380548
-0.9370926
-0.9360198
-0.9383275
-0.9378367
-0.9386166
-0.9367366
-0.93951076
-0.9383544
-0.9372672
-0.9362524
-0.93641067
-0.93816787
-0.93797284
-0.9372601
-0.93902814
-0.9375005
-0.93860775
-0.9369206
-0.93618643
-0.93757814
-0.93477887
-0.9362229
-0.93620795
-0.93563646
-0.935238
-0.9350267
-0.94003063
