-0.51647604
-0.5191959
-0.5181221
-0.5188742
-0.52320755
-0.53606665
-0.53580993
-0.5430381
-0.53584784
-0.5409787
-0.5441418
-0.54656845
-0.53374124
-0.546787
-0.54982495
-0.5438727
-0.5522799
-0.5474266
-0.5625925
-0.5607897
-0.55481696
-0.5564265
-0.56161374
-0.5599911
-0.57542676
-0.5747682
-0.5755081
-0.5808811
-0.5761472
-0.58169776
-0.575246
-0.59005064
-0.58397114
-0.6001686
-0.5957178
-0.59465104
-0.5957135
-0.600668
-0.6057437
-0.6129626
-0.6074064
-0.6105859
-0.5996608
-0.6147622
-0.6177111
-0.6274264
-0.6208407
-0.6205743
-0.63255775
-0.6291223
-0.6297361
-0.6295785
-0.63395953
-0.6203337
-0.6271727
-0.62441784
-0.62455297
-0.63102657
-0.61969244
-0.625575
-0.6259723
-0.6325765
-0.6271174
-0.63632303
-0.63787335
-0.62878704
-0.6377222
-0.6426881
-0.641969
-0.6338211
-0.6397006
-0.63905156
-0.6371332
-0.63883144
-0.645149
-0.6412704
-0.63823813
-0.63364476
-0.6370723
-0.6359397
-0.64716804
-0.6445146
-0.6409463
-0.6367598
-0.6434703
-0.64557207
-0.6387009
-0.6442233
-0.63927305
-0.64863837
-0.6489877
-0.6437144
-0.64211816
-0.6475508
-0.6433991
-0.63543195
-0.6421665
-0.65103406
-0.6432344
-0.6399708
-0.64596754
-0.6501675
-0.64134014
-0.64776677
-0.64574164
-0.65599096
-0.6392365
-0.65183765
-0.645799
-0.64893615
-0.6482743
-0.6522006
-0.64690226
-0.64463097
-0.64415574
-0.64755744
-0.6530527
-0.6521432
-0.6581647
-0.646172
-0.6558955
-0.64945936
-0.6509825
-0.6569922
-0.65899396
-0.64630526
-0.6509864
-0.64922875
-0.6587369
-0.64737606
-0.65059626
-0.64710116
-0.6590146
-0.6590713
-0.65651095
-0.6468545
-0.6581418
-0.64907825
-0.6590231
-0.65264
-0.6515538
-0.6655285
-0.6537512
-0.66698813
-0.65269506
-0.6600677
-0.65831584
-0.66285336
-0.65489554
-0.66044086
-0.66191226
-0.6623025
-0.6561214
-0.6578949
-0.65896267
-0.66082764
-0.6517693
-0.65296113
-0.67131835
-0.66036814
-0.66592354
-0.6655572
-0.6638304
-0.6590873
-0.6603278
-0.655165
-0.6662186
-0.6619593
-0.6621145
-0.6542399
-0.66466576
-0.6670899
-0.67154837
-0.6601897
-0.66346043
-0.6673232
-0.66402644
-0.66205263
-0.6697076
-0.67167944
-0.6687204
-0.65532404
-0.6719409
-0.6710817
-0.6712085
-0.67229813
-0.66508394
-0.67327577
-0.6736042
-0.66723
-0.67035663
-0.67340297
-0.6731453
-0.6702845
-0.6718586
-0.669106
-0.67083573
-0.6743589
-0.6723184
-0.67245823
-0.6767377
-0.67112374
-0.6711744
-0.6732366
-0.67945343
-0.68044096
-0.6782488
-0.6766634
-0.68204176
-0.6794256
-0.6709739
-0.6734182
-0.6732481
-0.67208135
-0.6848081
-0.6804538
-0.68066233
-0.681594
-0.679272
-0.6854892
-0.6751473
-0.68455124
-0.6854774
-0.68537116
-0.68024415
-0.68062884
-0.67700887
-0.6867784
-0.681652
-0.683696
-0.68373024
-0.6829089
-0.6768755
-0.6830986
-0.69015956
-0.68107677
-0.68863416
-0.68677443
-0.68531054
-0.6847999
-0.68597645
-0.69161934
-0.68881035
-0.68247783
-0.68624854
-0.6847614
-0.6862688
-0.6867115
-0.68965495
-0.6867986
-0.68648356
-0.68412566
-0.6888045
-0.6893308
-0.6858116
-0.68651754
-0.6910721
-0.68908554
-0.69297576
-0.6847084
-0.68512195
-0.694632
-0.6945784
-0.69562745
-0.68429434
-0.69265306
-0.6957325
-0.6949358
-0.69432074
-0.6913232
-0.69595057
-0.69483757
-0.68945754
-0.6936033
-0.69659305
-0.69188964
-0.6898882
-0.7012859
-0.6959635
-0.7027537
-0.69973624
-0.6980556
-0.6934735
-0.6956175
-0.6938181
-0.69416076
-0.7046435
-0.6954522
-0.6983127
-0.70340794
-0.7047464
-0.7083772
-0.6895092
-0.69947827
-0.6961604
-0.7033332
-0.7057214
-0.7010969
-0.70214635
-0.6998482
-0.70717585
-0.6975602
-0.6982933
-0.70645326
-0.7051419
-0.7060026
-0.6969621
-0.70338625
-0.704803
-0.7071988
-0.7093102
-0.70318806
-0.70353967
-0.71020603
-0.7118851
-0.70490247
-0.7056805
-0.71259606
-0.70979756
-0.69951177
-0.7111724
-0.71198905
-0.7117193
-0.70681494
-0.70215213
-0.70834994
-0.7073853
-0.71254474
-0.70469755
-0.7089189
-0.71054524
-0.7080217
-0.7073516
-0.70935416
-0.720358
-0.7073749
-0.70464903
-0.7128824
-0.71161383
-0.71290636
-0.716597
-0.7175071
-0.7121572
-0.71509254
-0.71411365
-0.7081512
-0.7181639
-0.7179083
-0.7170906
-0.7180797
-0.71566767
-0.7214456
-0.7201707
-0.7137622
-0.71977806
-0.7127388
-0.7134215
-0.7135066
-0.7174148
-0.72305363
-0.7180508
-0.7223406
-0.718529
-0.7212416
-0.7212142
-0.7194663
-0.7165035
-0.7254781
-0.72473437
-0.721997
-0.724978
-0.72323364
-0.7172675
-0.721717
-0.7213483
-0.7215346
-0.7239252
-0.72039336
-0.7206184
-0.7201097
-0.71974105
-0.7251261
-0.7181499
-0.7224319
-0.7238024
-0.722615
-0.72595334
-0.73034495
-0.7239111
-0.7303463
-0.7282639
-0.73145837
-0.7270407
-0.72633106
-0.730285
-0.7291014
-0.7274998
-0.7266497
-0.73050284
-0.7318762
-0.7326015
-0.7268969
-0.726137
-0.7276135
-0.7260767
-0.7324366
-0.73139626
-0.7281744
-0.72633624
-0.72487766
-0.73177886
-0.7243107
-0.7311718
-0.72870255
-0.7317549
-0.7358481
-0.7325021
-0.7308626
-0.7369896
-0.73262066
-0.73097813
-0.73495024
-0.73080206
-0.733283
-0.7315546
-0.7293209
-0.7344666
-0.7295896
-0.73153716
-0.736348
-0.73696923
-0.7379328
-0.7393457
-0.73391753
-0.7402723
-0.73901325
-0.72801113
-0.73474276
-0.7380245
-0.73622084
-0.7339404
-0.7362847
-0.7381498
-0.7367055
-0.7365995
-0.7346767
-0.7392399
-0.73601526
-0.74092937
-0.73926246
-0.7298481
-0.7420532
-0.73944646
-0.7384611
-0.7460324
-0.7350939
-0.74530524
-0.7445354
-0.7343802
-0.7393782
-0.73914295
-0.73266506
-0.74582046
-0.73644346
-0.7415398
-0.7377231
-0.74030864
-0.74460095
-0.7450084
-0.73734415
-0.73953694
-0.7421229
-0.743864
-0.74220204
-0.7396628
-0.7472966
-0.73810965
-0.73920506
-0.73951554
-0.7426996
-0.7452934
-0.74345416
-0.74700683
-0.74215394
-0.7461906
-0.7391392
-0.7454154
-0.74637717
-0.74390066
-0.7445492
-0.74420726
-0.7502736
-0.7469072
-0.74695206
-0.7449281
-0.7452312
-0.75040793
-0.74745196
-0.7399612
-0.7474678
-0.74829966
-0.75149
-0.7476046
-0.74823594
-0.746948
-0.7475324
-0.74547803
-0.7477948
-0.74957496
-0.7499962
-0.7493248
-0.7487136
-0.7502094
-0.7480086
-0.7510304
-0.74482965
-0.74788874
-0.75256956
-0.74379826
-0.74909234
-0.7463279
-0.7513645
-0.75088316
-0.74688363
-0.7509308
-0.7478735
-0.7505277
-0.75156075
-0.7519047
-0.7546037
-0.7514282
-0.7452823
-0.75244325
-0.7554968
-0.75031954
-0.74997574
-0.7498575
-0.7504708
-0.75466293
-0.7507918
-0.74826074
-0.7477781
-0.7527857
-0.74324703
-0.75531507
-0.7466096
-0.75439703
-0.754986
-0.74783385
-0.74977654
-0.75336677
-0.7516907
-0.75348616
-0.75166065
-0.7500645
-0.75956106
-0.74748904
-0.75355643
-0.74471414
-0.7457864
-0.7572202
-0.7538042
-0.7483541
-0.75152665
-0.7514459
-0.75373065
-0.75189066
-0.7514859
-0.7514021
-0.74533284
-0.74946755
-0.75357
-0.7504895
-0.74717265
-0.7521085
-0.7509957
-0.7495825
-0.7452738
-0.74958414
-0.75276893
-0.74942845
-0.7501163
-0.7543632
-0.75325745
-0.7506151
-0.7532958
-0.7551289
-0.7562804
-0.75717354
-0.7526549
-0.7499464
-0.75375396
-0.75208867
-0.7539498
-0.7577964
-0.7542413
-0.7551573
-0.7566765
-0.7591343
-0.7546926
-0.7532442
-0.7549315
-0.7573322
-0.7536555
-0.7592156
-0.7545295
-0.7491357
-0.75341845
-0.7546403
-0.75107455
-0.7506515
-0.75096506
-0.7512294
-0.7507653
-0.7553712
-0.7554353
-0.7554779
-0.7584842
-0.7590385
-0.75733805
-0.75377554
-0.75539577
-0.758022
-0.75124776
-0.75933504
-0.7576703
-0.7589432
-0.75579774
-0.7510122
-0.75306475
-0.7593637
-0.7555438
-0.75819206
-0.75912607
-0.7575104
-0.756042
-0.7584385
-0.76321733
-0.7582903
-0.75772494
-0.76267487
-0.75821775
-0.76012486
-0.7603874
-0.75671256
-0.76360464
-0.7615439
-0.7634058
-0.7562024
-0.7589131
-0.76094055
-0.7606917
-0.7641726
-0.760884
-0.76026917
-0.7565356
-0.76457846
-0.7577869
-0.76021546
-0.76235867
-0.7564141
-0.7634299
-0.7546185
-0.76334155
-0.7575291
-0.76125884
-0.76401806
-0.76147604
-0.76630646
-0.76354784
-0.7622725
-0.75698256
-0.7628548
-0.75914174
-0.76503223
-0.7647152
-0.77031124
-0.766118
-0.770131
-0.7600189
-0.76212674
-0.7646306
-0.7694264
-0.7637647
-0.7678765
-0.7698646
-0.76586646
-0.7665745
-0.7657578
-0.77249545
-0.7621092
-0.76810986
-0.7711822
-0.76812094
-0.7630131
-0.76338065
-0.76763225
-0.7671618
-0.7688553
-0.769355
-0.7692631
-0.7694479
-0.769545
-0.7678585
-0.76667327
-0.7628113
-0.7676763
-0.76499856
-0.771126
-0.77255464
-0.7666692
-0.7672491
-0.77076244
-0.76485276
-0.7677847
-0.7645545
-0.7656226
-0.7632398
-0.77323353
-0.7682478
-0.7680656
-0.77038264
-0.76692504
-0.76966155
-0.76330537
-0.771839
-0.7770366
-0.76632696
-0.77159584
-0.77533275
-0.76769054
-0.7709512
-0.76564026
-0.7706702
-0.7683158
-0.76830196
-0.7630604
-0.76981753
-0.77535605
-0.77017033
-0.7730109
-0.7708066
-0.7648556
-0.775209
-0.77052295
-0.7727487
-0.7707255
-0.7767983
-0.7730984
-0.76976204
-0.7761659
-0.77677345
-0.77642095
-0.7727232
-0.7769728
-0.77698624
-0.77421755
-0.7783787
-0.7720627
-0.77414393
-0.7734397
-0.77241147
-0.77187896
-0.7761889
-0.7751936
-0.7726571
-0.7754258
-0.78168535
-0.7764258
-0.77465284
-0.775792
-0.7734403
-0.7725381
-0.7774429
-0.7751236
-0.7756384
-0.7825827
-0.7724741
-0.77763915
-0.77746373
-0.78092283
-0.7769171
-0.77776873
-0.7797824
-0.7799995
-0.7779635
-0.7776557
-0.7773525
-0.78420466
-0.77523327
-0.77970153
-0.78171587
-0.7805062
-0.7804202
-0.78059256
-0.77855575
-0.7871225
-0.7788945
-0.78335327
-0.7806987
-0.78844374
-0.78275186
-0.77523434
-0.7856457
-0.78766793
-0.78200555
-0.7792086
-0.78510004
-0.7786978
-0.78773946
-0.7807238
-0.7901375
-0.7853302
-0.78763217
-0.78385246
-0.7870014
-0.7821112
-0.7818163
-0.7837395
-0.7829635
-0.7820788
-0.79138166
-0.78225005
-0.78131646
-0.7831613
-0.78815067
-0.78438604
-0.7868778
-0.7836338
-0.78781813
-0.7845368
-0.78219664
-0.78732973
-0.7863672
-0.78274995
-0.7865823
-0.78517765
-0.78594565
-0.78534025
-0.78589517
-0.7860311
-0.7876035
-0.7890634
-0.7906102
-0.7870585
-0.78916365
-0.7855814
-0.78737277
-0.78597873
-0.7900762
-0.7868778
-0.78868973
-0.78730077
-0.79112464
-0.7906652
-0.79135126
-0.788576
-0.78600997
-0.785249
-0.78512335
-0.7836131
-0.78611535
-0.7893965
-0.7876508
-0.7918975
-0.7924156
-0.7825877
-0.78781253
-0.7909588
-0.782532
-0.78467333
-0.7910617
-0.79231066
-0.78925395
-0.7936226
-0.7901513
-0.7936692
-0.7903552
-0.79100895
-0.7924349
-0.7948581
-0.7889714
-0.78831685
-0.7948685
-0.78548247
-0.78698474
-0.7872113
-0.7914158
-0.7856087
-0.7866798
-0.7910958
-0.79363817
-0.7931154
-0.7905474
-0.7899715
-0.7844149
-0.79089713
-0.79072636
-0.79160154
-0.79002917
-0.7895361
-0.79006535
-0.793539
-0.78597355
-0.79275787
-0.7908223
-0.7911182
-0.7875797
-0.7936003
-0.78587526
-0.79409903
-0.7897712
-0.7962363
-0.79482424
-0.7950635
-0.7982323
-0.7991216
-0.7929382
-0.7923785
-0.7908506
-0.7883044
-0.7906927
-0.7929329
-0.794983
-0.7902744
-0.7878339
-0.794048
-0.79562265
-0.7917618
-0.7935587
-0.7929205
-0.79264903
-0.79363126
-0.7954475
-0.79538846
-0.795026
-0.7948692
-0.79380494
-0.7932058
-0.79266745
-0.7855074
-0.79857236
-0.7877874
-0.791874
-0.79164463
-0.7944027
-0.78676164
-0.791062
-0.79634184
-0.7897049
-0.79053336
-0.7916179
-0.7951731
-0.79414135
-0.79004323
-0.79168683
-0.79136205
-0.79663813
-0.79091054
-0.7923348
-0.79786044
-0.79532164
-0.79665226
-0.79353714
-0.79513174
-0.7929663
-0.7988369
-0.79250485
-0.789612
-0.7976364
-0.79570115
-0.79154104
-0.7894961
-0.7941138
-0.79284567
-0.79289514
-0.79609793
-0.79290175
-0.7941118
-0.8004425
-0.79416645
-0.79388523
-0.79538774
-0.7999165
-0.795504
-0.78902644
-0.7919643
-0.79171896
-0.79324925
-0.7951297
-0.7915536
-0.7955138
-0.7926143
-0.7948905
-0.7942937
-0.7970925
-0.793853
-0.79468346
-0.79494214
-0.7976955
-0.79548764
-0.7911213
-0.8008775
-0.8001077
-0.79723287
-0.80050004
-0.7920602
-0.78903
-0.79649806
-0.7934673
-0.791388
-0.79476756
-0.7987859
-0.7995345
-0.79625416
-0.7980341
-0.79666346
-0.801357
-0.7930976
-0.79267967
-0.80289745
-0.80061877
-0.8001542
-0.79851466
-0.79679275
-0.79088867
-0.7972825
-0.7963275
-0.8046977
-0.79266393
-0.7989031
-0.7934656
-0.7968396
-0.7950857
-0.79410326
-0.79914606
-0.8022232
-0.80490476
-0.79855216
-0.79027987
-0.79583496
-0.79646695
-0.7935038
-0.799385
-0.80085665
-0.7924527
-0.7986967
-0.7963898
-0.79183084
-0.799622
-0.7950426
-0.79209375
-0.8028459
-0.79824626
-0.800926
-0.7947166
-0.79694766
-0.7982481
-0.79611236
-0.7975441
-0.7989413
-0.79789674
-0.80258864
-0.7954972
-0.7954398
-0.79416883
-0.79826164
-0.80131495
-0.79942864
-0.79376686
-0.7936073
-0.7942832
-0.7961972
-0.79583067
-0.7992687
-0.79671144
-0.7954287
-0.7980283
-0.7980796
-0.8004616
-0.80031025
-0.7971291
-0.79931873
-0.79257363
-0.79957974
-0.80033004
-0.7972858
-0.80050975
-0.79890394
-0.79750013
-0.8045461
-0.79717475
-0.7939198
-0.80039483
-0.79955953
-0.79895633
-0.7985451
-0.8007557
-0.80428165
-0.80167675
-0.7963023
-0.7995671
-0.8006034
-0.7999831
-0.801464
-0.799552
-0.803725
-0.8009818
-0.7986253
-0.80027294
-0.8087585
-0.79982203
-0.80147684
-0.810234
-0.8008245
-0.7999825
-0.8015648
-0.80218166
-0.80166316
-0.79951835
-0.8012248
-0.79891986
-0.8016821
-0.80425805
-0.80216295
-0.8036768
-0.797151
-0.8022065
-0.80161643
-0.8064581
-0.80279243
-0.8026583
-0.80088264
-0.7975202
-0.8042423
-0.8022023
-0.8025496
-0.8001963
-0.8038169
-0.79896706
-0.8044854
-0.8066561
-0.8027615
-0.8015132
-0.802801
-0.80023396
-0.8042176
-0.80581975
-0.8041106
-0.8089162
-0.80392563
-0.8046662
-0.8049513
-0.8047769
-0.8024741
-0.80898875
-0.80125326
-0.80183005
-0.8054319
-0.80288106
-0.80821043
-0.8015816
-0.8019975
-0.79937047
-0.8036461
-0.80485624
-0.8068426
-0.80698943
-0.8066322
-0.7929537
-0.8055459
-0.8100247
-0.80408305
-0.8023355
-0.80850756
-0.8032978
-0.80588216
-0.80604494
-0.8068737
-0.8024048
-0.8107011
-0.7988149
-0.8015713
-0.8010339
-0.8097521
-0.80498326
-0.80110514
-0.79877245
-0.8034316
-0.8060478
-0.80676454
-0.8049455
-0.8064127
-0.80472815
-0.80152065
-0.80789036
-0.80039054
-0.8072253
-0.80683494
-0.80333716
-0.80637544
-0.7997433
-0.8012995
-0.8061375
-0.8093288
-0.8023322
-0.80005467
-0.804429
-0.80876154
-0.80710554
-0.7968018
-0.80535287
-0.8100986
-0.8067666
-0.8059535
-0.803166
-0.8043407
-0.8071994
-0.80896217
-0.8035536
-0.80196786
-0.80319744
-0.80255955
-0.8008413
-0.80602914
-0.8055528
-0.8047973
-0.8090424
-0.80684674
-0.807308
-0.80632395
-0.80576736
-0.80165887
-0.808872
-0.8061994
-0.8114814
-0.80554867
-0.80221057
-0.8051161
-0.8094609
-0.80429596
-0.81160355
-0.8123633
-0.80710286
-0.8175483
-0.80640817
-0.8091399
-0.8101193
-0.8127617
-0.81220216
-0.8068893
-0.8088923
-0.8048456
-0.802081
-0.8065978
-0.8015747
-0.80970407
-0.8098723
-0.81071633
-0.804988
-0.8070797
-0.80565155
-0.8056639
-0.81002903
-0.80765593
-0.80895615
-0.80668366
-0.8083241
-0.80252784
-0.8032339
-0.8103391
-0.8062248
-0.8069037
-0.8097321
-0.809586
-0.8097706
-0.80568886
-0.8058019
-0.8103108
-0.8006867
-0.8106332
-0.80609846
-0.8092225
-0.8070654
-0.81125355
-0.8040192
-0.8165344
-0.80629474
-0.7993388
-0.80415523
-0.8016752
-0.80236465
-0.8055427
-0.80824465
-0.80482477
-0.81061476
-0.8079793
-0.81031394
-0.8122305
-0.8099197
-0.8133491
-0.81064874
-0.8113241
-0.81012607
-0.8103606
-0.80358946
-0.8175227
-0.8097253
-0.80595255
-0.8105654
-0.81128454
-0.81126845
-0.80417174
-0.8112504
-0.81440085
-0.8101447
-0.8077709
-0.80863893
-0.81440526
-0.8153395
-0.818943
-0.80998725
-0.8109566
-0.80947185
-0.81058294
-0.81535244
-0.8071071
-0.81037545
-0.81235594
-0.8132482
-0.8107454
-0.8103578
-0.81347567
-0.8080014
-0.809512
-0.8102664
-0.8061981
-0.8065518
-0.8088875
-0.80689824
-0.81144476
-0.81089276
-0.81110513
-0.8036324
-0.81179595
-0.81254864
-0.8154016
-0.8143433
-0.81328577
-0.8111972
-0.8142594
-0.8141451
-0.81883633
-0.8130923
-0.82040197
-0.8120564
-0.8101381
-0.81101286
-0.8094458
-0.8101416
-0.80964655
-0.8119197
-0.8167243
-0.8034066
-0.8037844
-0.81443036
-0.81188434
-0.82102555
-0.81683284
-0.81434375
-0.8124479
-0.8140198
-0.8079453
-0.8155895
-0.8064252
-0.8099573
-0.8113408
-0.80878484
-0.80959654
-0.80203116
-0.8114395
-0.80768794
-0.8143474
-0.80753833
-0.81207746
-0.80992204
-0.8120805
-0.8136352
-0.81123316
-0.8153259
-0.81107527
-0.809304
-0.8101958
-0.81269616
-0.8162593
-0.8136938
-0.81550354
-0.8112188
-0.8145019
-0.8133113
-0.8106567
-0.813239
-0.8128675
-0.81766236
-0.8136229
-0.8158267
-0.81074005
-0.81425256
-0.81309414
-0.817451
-0.8071384
-0.81171954
-0.8170555
-0.8158663
-0.81698793
-0.8157331
-0.81100243
-0.8130788
-0.8152086
-0.8156356
-0.8154453
-0.80883956
-0.813232
-0.8148514
-0.81209064
-0.8178013
-0.81528044
-0.8101953
-0.8106295
-0.8069016
-0.81186944
-0.81331295
-0.811561
-0.8116284
-0.81242925
-0.81733376
-0.8159805
-0.8155878
-0.8067348
-0.81664574
-0.812646
-0.8151969
-0.8134275
-0.8180192
-0.8085203
-0.8152038
-0.8184556
-0.81054753
-0.8124276
-0.813884
-0.81365836
-0.80846703
-0.8086966
-0.81188166
-0.8127376
-0.8082394
-0.81652147
-0.8138492
-0.80628616
-0.8079519
-0.81322205
-0.8151151
-0.811192
-0.8168516
-0.8128369
-0.81318295
-0.81658745
-0.813927
-0.8100737
-0.80914956
-0.8170211
-0.8143814
-0.8238258
-0.8172775
-0.81730616
-0.82084656
-0.8110063
-0.8085052
-0.82308686
-0.81052345
-0.8178525
-0.8174005
-0.8181174
-0.8121014
-0.81186026
-0.81572086
-0.8142663
-0.8109062
-0.81700563
-0.8144983
-0.81676173
-0.81706744
-0.8138487
-0.8189074
-0.8148418
-0.81314677
-0.8151104
-0.8197161
-0.81277615
-0.815591
-0.81951696
-0.82153034
-0.8191935
-0.8169395
-0.816451
-0.813549
-0.81678784
-0.8152077
-0.81535727
-0.8129629
-0.8137667
-0.8126692
-0.8188998
-0.8165152
-0.8135083
-0.8176863
-0.81685704
-0.81570774
-0.81614816
-0.8184073
-0.8238873
-0.8128431
-0.8202939
-0.8190982
-0.8157689
-0.81612813
-0.81128544
-0.82125366
-0.81557614
-0.8197999
-0.8188817
-0.8157835
-0.8214436
-0.81778824
-0.81679827
-0.8167042
-0.8143708
-0.815259
-0.8136143
-0.8179447
-0.82008517
-0.8187639
-0.81178254
-0.8254903
-0.8209893
-0.8195061
-0.8191962
-0.8170562
-0.8187883
-0.8208648
-0.8150013
-0.81574625
-0.8191663
-0.8125574
-0.8145264
-0.8224998
-0.8148949
-0.81947345
-0.82026094
-0.8169408
-0.8169816
-0.8137446
-0.81968457
-0.82095885
-0.8198148
-0.820054
-0.8121895
-0.8181702
-0.8189337
-0.8187632
-0.82289004
-0.8149126
-0.82030874
-0.8206911
-0.8232003
-0.8106118
-0.82097584
-0.81929487
-0.8225676
-0.8237107
-0.8197304
-0.8165125
-0.8222883
-0.815888
-0.81270295
-0.81456584
-0.81894463
-0.8153632
-0.81687623
-0.8171216
-0.8231802
-0.82250875
-0.8180359
-0.8239288
-0.81908166
-0.8165324
-0.814448
-0.8207464
-0.8178679
-0.81389236
-0.818049
-0.8205988
-0.819701
-0.8121137
-0.8123681
-0.819942
-0.8212563
-0.8212933
-0.819244
-0.8187146
-0.8251814
-0.8194442
-0.8172222
-0.8168518
-0.82095575
-0.812759
-0.82446843
-0.8173755
-0.82202166
-0.81826437
-0.81339777
-0.81932205
-0.82058805
-0.81713796
-0.81500894
-0.82412463
-0.82801694
-0.81877804
-0.8186176
-0.8267304
-0.8147732
-0.82197237
-0.81859344
-0.81931204
-0.8219198
-0.82546186
-0.81716895
-0.821163
-0.81689036
-0.8146424
-0.8191814
-0.8177765
-0.81510305
-0.8197288
-0.8261104
-0.8219633
-0.8166758
-0.81415236
-0.8255505
-0.8161252
-0.8192129
-0.8203724
-0.82416195
-0.82076365
-0.8249414
-0.82100916
-0.8190306
-0.8181001
-0.82070047
-0.8182077
-0.8213087
-0.8198472
-0.8193629
-0.81969875
-0.8194311
-0.8236652
-0.8223864
-0.81756794
-0.817853
-0.81822896
-0.8206276
-0.82333493
-0.82095253
-0.8217917
-0.82430595
-0.8178352
-0.8219996
-0.8168537
-0.82463825
-0.82258135
-0.82554877
-0.823261
-0.82027656
-0.8294748
-0.81972003
-0.8178199
-0.82172316
-0.8288935
-0.8248727
-0.82123554
-0.8117724
-0.8209206
-0.822621
-0.81751317
-0.8193509
-0.8259753
-0.8215615
-0.81512237
-0.8226448
-0.8220667
-0.82127136
-0.8209127
-0.8241566
-0.81785125
-0.8239765
-0.8195135
-0.82868505
-0.82313037
-0.82464796
-0.82676214
-0.82509
-0.82359153
-0.8261254
-0.8261019
-0.81766635
-0.81569535
-0.81823033
-0.82402027
-0.8199645
-0.82439643
-0.8220363
-0.8212458
-0.81894726
-0.8235584
-0.8269171
-0.8244326
-0.827178
-0.8204493
-0.8259594
-0.821261
-0.82226145
-0.8255653
-0.8257599
-0.82923126
-0.8173252
-0.8187223
-0.8212928
-0.81954646
-0.81917965
-0.8223058
-0.82354254
-0.8160955
-0.8206108
-0.82055926
-0.82671225
-0.82514393
-0.8259468
-0.8267985
-0.8260969
-0.8195644
-0.8227321
-0.82504195
-0.8253395
-0.82513505
-0.828735
-0.823209
-0.8238484
-0.8170106
-0.8203862
-0.82572067
-0.81971526
-0.8186152
-0.8187083
-0.818563
-0.8260125
-0.8283959
-0.8249027
-0.83177006
-0.8246252
-0.8200495
-0.82803106
-0.82841253
-0.81923926
-0.82841796
-0.82643193
-0.82890147
-0.8196623
-0.829191
-0.82773316
-0.81746346
-0.81898654
-0.8270574
-0.8178847
-0.82411695
-0.8267929
-0.8264731
-0.8252049
-0.8220008
-0.8295846
-0.8239459
-0.8294674
-0.8258923
-0.82559234
-0.8189483
-0.8244886
-0.8193928
-0.81987756
-0.8240621
-0.823028
-0.8177497
-0.82476795
-0.8200154
-0.81735176
-0.82572186
-0.8227917
-0.81999296
-0.82349676
-0.826161
-0.8281232
-0.8241594
-0.8271357
-0.8217899
-0.8227723
-0.8282064
-0.8263806
-0.82360363
-0.82993907
-0.82744324
-0.8296044
-0.8238684
-0.82321644
-0.8287411
-0.8249159
-0.82766676
-0.82909477
-0.8275885
-0.8251875
-0.8244799
-0.82602537
-0.8228898
-0.82556576
-0.8209294
-0.8208343
-0.82714885
-0.827116
-0.82362324
-0.8274689
-0.8297241
-0.82647717
-0.8275039
-0.82815546
-0.82358295
-0.8231603
-0.8258436
-0.82970184
-0.828189
-0.8293437
-0.8222481
-0.8276288
-0.8281552
-0.8239964
-0.8265285
-0.8260896
-0.8246669
-0.8263543
-0.8204857
-0.81827587
-0.81873196
-0.8259867
-0.8268319
-0.82589394
-0.8199985
-0.82818025
-0.81776726
-0.83064395
-0.8282647
-0.82563967
-0.8262135
-0.82061857
-0.82120115
-0.822698
-0.8267285
-0.82784915
-0.8258086
-0.8256179
-0.8257012
-0.82138246
-0.82468295
-0.8249648
-0.8274849
-0.82597184
-0.8294656
-0.82829326
-0.82682395
-0.82781863
-0.8257698
-0.8299087
-0.8186631
-0.8238947
-0.8307358
-0.82548344
-0.8258141
-0.8299218
-0.82843244
-0.8266307
-0.8254116
-0.82450116
-0.82330716
-0.8255989
-0.82561946
-0.82499295
-0.824509
-0.827741
-0.82793146
-0.8262634
-0.82091254
-0.8264229
-0.82887036
-0.82052654
-0.8248154
-0.8276286
-0.8292552
-0.8319555
-0.82375824
-0.8308576
-0.8284332
-0.8275875
-0.8288457
-0.8265383
-0.8258381
-0.82820064
-0.8289073
-0.825335
-0.82659626
-0.8255062
-0.83078676
-0.82428634
-0.8263389
-0.82677466
-0.824833
-0.82877296
-0.8310214
-0.8255261
-0.8264107
-0.8240475
-0.8252227
-0.8293818
-0.82719713
-0.82324404
-0.8214332
-0.8264527
-0.82944936
-0.82798034
-0.82632613
-0.8264141
-0.8271378
-0.8205291
-0.8221312
-0.82709605
-0.8327798
-0.8290168
-0.8228715
-0.82538414
-0.8235651
-0.822279
-0.82505476
-0.8241205
-0.8250712
-0.82542443
-0.8291829
-0.822843
-0.8281468
-0.82677007
-0.828523
-0.8264479
-0.8302355
-0.82630706
-0.8280782
-0.82629764
-0.8236561
-0.82899934
-0.8308386
-0.83087796
-0.82849926
-0.8266901
-0.822039
-0.82422733
-0.82157487
-0.83305305
-0.832364
-0.8266885
-0.8234242
-0.8264782
-0.83523875
-0.8226721
-0.83206743
-0.82738733
-0.82710725
-0.8276396
-0.8304911
-0.8336595
-0.8284317
-0.82777745
-0.8260639
-0.82630664
-0.8232837
-0.8253326
-0.83348745
-0.8330106
-0.8250186
-0.8298309
-0.8272145
-0.82597125
-0.8263673
-0.83097816
-0.83545226
-0.82736295
-0.8273511
-0.82620597
-0.8282146
-0.82170296
-0.82833964
-0.82852393
-0.82501495
-0.82005554
-0.8288867
-0.82654834
-0.82931316
-0.83043367
-0.83177674
-0.8234443
-0.8277423
-0.82893336
-0.82934195
-0.83563024
-0.8230986
-0.8267351
-0.82760483
-0.83371764
-0.8290426
-0.82978374
-0.827702
-0.82831675
-0.83305943
-0.8265625
-0.8280016
-0.83558637
-0.8294573
-0.82268405
-0.82845086
-0.8292637
-0.82679754
-0.8317895
-0.83164567
-0.82780904
-0.83038414
-0.82725316
-0.83045614
-0.83483046
-0.8280922
-0.8246354
-0.8288149
-0.82237494
-0.83384657
-0.8283421
-0.82882196
-0.8261932
-0.8296443
-0.8313029
-0.83126813
-0.8291695
-0.83050156
-0.83108157
-0.83187926
-0.8277365
-0.83057785
-0.83118063
-0.8308993
-0.8316868
-0.8315334
-0.8290128
-0.82969344
-0.8265687
-0.82944083
-0.822985
-0.8221418
-0.82718575
-0.8273436
-0.8344257
-0.8318553
-0.82887846
-0.8311453
-0.82895577
-0.83457696
-0.8213192
-0.8366725
-0.83258724
-0.829642
-0.8271257
-0.82899415
-0.8235164
-0.82621264
-0.83011997
-0.82643795
-0.8300128
-0.8279097
-0.83077914
-0.8281552
-0.8319641
-0.83016616
-0.83028406
-0.82607675
-0.82808036
-0.82716894
-0.82940453
-0.8332421
-0.8270638
-0.83078015
-0.82540387
-0.8269479
-0.82870686
-0.8250495
-0.8210876
-0.82903326
-0.8282434
-0.82830447
-0.83092606
-0.8325672
-0.8264018
-0.82796586
-0.82969457
-0.8266272
-0.82667977
-0.82589585
-0.8288029
-0.82839876
-0.827645
-0.82769006
-0.83148956
-0.83167094
-0.83262426
-0.83442044
-0.82794535
-0.8308211
-0.8276275
-0.82979053
-0.82530624
-0.8267888
-0.82615614
-0.83052576
-0.826557
-0.827742
-0.82698345
-0.83556134
-0.82406646
-0.82776916
-0.83124685
-0.8191722
-0.82904416
-0.8333415
-0.830426
-0.83182317
-0.8333367
-0.82823694
-0.830719
-0.83297056
-0.82782775
-0.83544606
-0.8277973
-0.8340534
-0.8322277
-0.8320455
-0.8279405
-0.8282597
-0.83135414
-0.832383
-0.828796
-0.83203536
-0.83328265
-0.82667065
-0.8206446
-0.8256578
-0.8274351
-0.8271327
-0.8274926
-0.8324022
-0.83104634
-0.8295022
-0.8285183
-0.83318895
-0.8280307
-0.8374881
-0.82857734
-0.8290183
-0.82758677
-0.8279033
-0.83296955
-0.8338436
-0.827998
-0.8319382
-0.826381
-0.8357438
-0.82916415
-0.83157116
-0.83095
-0.83523875
-0.8376
-0.82766175
-0.83516353
-0.82807374
-0.8314965
-0.830067
-0.8298297
-0.8301185
-0.8259793
-0.8301863
-0.8274248
-0.8349021
-0.83371305
-0.8306473
-0.83326817
-0.8284085
-0.8271927
-0.8306751
-0.83082587
-0.8274407
-0.8304499
-0.83017266
-0.83344626
-0.8303885
-0.82516044
-0.8328752
-0.82977366
-0.8347601
-0.8339235
-0.8301381
-0.8317864
-0.8352044
-0.82528174
-0.8269919
-0.83135766
-0.83008724
-0.83257234
-0.82731825
-0.8358547
-0.8318446
-0.82896525
-0.82822907
-0.8314042
-0.83022505
-0.83540654
-0.83642423
-0.8303231
-0.82547325
-0.82664895
-0.8269478
-0.8339888
-0.8244494
-0.83113575
-0.8299183
-0.8265028
-0.83654696
-0.8344008
-0.8284834
-0.83490616
-0.8292087
-0.8306553
-0.82825387
-0.84141684
-0.82964903
-0.83348
-0.82994545
-0.83189446
-0.8295034
-0.8325158
-0.82808715
-0.8315323
-0.8300846
-0.83036613
-0.83411884
-0.83404404
-0.82856154
-0.83590984
-0.83221
-0.8340906
-0.83921355
-0.836261
-0.8292084
-0.8280958
-0.8293563
-0.8375297
-0.8365934
-0.8336589
-0.8359648
-0.8308128
-0.82744414
-0.8298277
-0.8332459
-0.8301755
-0.8333065
-0.8328591
-0.83196497
-0.8315599
-0.832107
-0.8328398
-0.8377872
-0.83240116
-0.83119226
-0.83513933
-0.8287406
-0.8339945
-0.83161086
-0.8349747
-0.8309236
-0.8327882
-0.8372589
-0.8294284
-0.83786905
-0.83248836
-0.83543503
-0.83237743
-0.8328904
-0.8345208
-0.8266832
-0.8340456
-0.82945037
-0.8257244
-0.8336801
-0.82855034
-0.83442
-0.8270505
-0.8300619
-0.8287029
-0.8319052
-0.8338021
-0.8307048
-0.8265706
-0.8347723
-0.83731
-0.8360606
-0.8317151
-0.8335392
-0.834714
-0.8352494
-0.82685405
-0.83469677
-0.83698916
-0.8314685
-0.8334222
-0.82942206
-0.8308477
-0.8346146
-0.8278351
-0.8355194
-0.82416564
-0.82921124
-0.8329631
-0.8346556
-0.8279317
-0.84043336
-0.8334881
-0.8316442
-0.8353899
-0.8310055
-0.83596087
-0.82907784
-0.828419
-0.83085585
-0.8358217
-0.8327207
-0.8362581
-0.82989955
-0.8308858
-0.83228916
-0.8317781
-0.8313842
-0.84094125
-0.83659303
-0.8302562
-0.8345475
-0.83116895
-0.8331814
-0.83104557
-0.83204776
-0.83827305
-0.824965
-0.834058
-0.8288356
-0.83002687
-0.8335684
-0.83125454
-0.8321162
-0.83236974
-0.8335029
-0.83432865
-0.8336515
-0.83633846
-0.83236855
-0.8325305
-0.83060294
-0.8319812
-0.8279386
-0.8336165
-0.83743185
-0.8347481
-0.83374894
-0.8310953
-0.83591765
-0.8283035
-0.83136386
-0.8287196
-0.8322802
-0.83753103
-0.83503324
-0.8380098
-0.8356006
-0.83543295
-0.83369493
-0.83256274
-0.834924
-0.8345764
-0.8359878
-0.83396083
-0.83844656
-0.8391004
-0.8341186
-0.8376588
-0.83195984
-0.82756233
-0.8363559
-0.8371876
-0.8366863
-0.83656514
-0.83802223
-0.831675
-0.8327306
-0.8406821
-0.8408349
-0.8335957
-0.83802545
-0.8326345
-0.8306528
-0.8325338
-0.8383504
-0.8381511
-0.8402109
-0.83289474
-0.82915694
-0.834266
-0.82983226
-0.82870036
-0.83306575
-0.82666683
-0.8342269
-0.8363684
-0.8318349
-0.83568233
-0.83591247
-0.831548
-0.82726145
-0.83440846
-0.82734406
-0.8354826
-0.83426934
-0.8290679
-0.83775395
-0.82947356
-0.82710713
-0.8320176
-0.8360496
-0.83835644
-0.8283756
-0.83433646
-0.8309951
-0.83869576
-0.8296953
-0.83103925
-0.83179057
-0.8339438
-0.8297342
-0.8331976
-0.8377771
-0.8344238
-0.83646154
-0.83967113
-0.83473915
-0.83732057
-0.8337992
-0.8369473
-0.8324514
-0.8344153
-0.8349681
-0.83331394
-0.830773
-0.8391759
-0.8383339
-0.8375883
-0.8378046
-0.8394859
-0.832589
-0.83429253
-0.8379304
-0.8358124
-0.831943
-0.83587635
-0.8351014
-0.8350424
-0.83606464
-0.83893085
-0.8316161
-0.8362864
-0.8313928
-0.8393922
-0.83728343
-0.8342363
-0.8354039
-0.8316115
-0.8378362
-0.8341107
-0.83241934
-0.84242743
-0.8326717
-0.833038
-0.8326774
-0.8334075
-0.83305794
-0.8365754
-0.8323374
-0.83163565
-0.8324264
-0.83355033
-0.8336435
-0.83544976
-0.8334727
-0.8357075
-0.83567953
-0.8339037
-0.8323762
-0.8306204
-0.8334856
-0.8402386
-0.83543956
-0.83687633
-0.833032
-0.8406272
-0.83162296
-0.8320495
-0.8350562
-0.83546084
-0.8383223
-0.8385889
-0.83194506
-0.8332314
-0.8333066
-0.8334166
-0.8319779
-0.8335558
-0.8386746
-0.82816637
-0.83222055
-0.8367898
-0.8328515
-0.8393995
-0.8381805
-0.8365029
-0.8358688
-0.8415259
-0.8335532
-0.8355859
-0.8319214
-0.83550143
-0.83891785
-0.8358287
-0.8320078
-0.8445781
-0.8348075
-0.828165
-0.8360428
-0.8322739
-0.83833915
-0.83832115
-0.8332271
-0.83511674
-0.8318407
-0.8352617
-0.8327522
-0.8392188
-0.83477116
-0.83524454
-0.83897877
-0.83275145
-0.8363932
-0.8431248
-0.8377892
-0.8373533
-0.8362902
-0.83469886
-0.8335798
-0.83686
-0.8369569
-0.83813757
-0.83813614
-0.83487016
-0.83539575
-0.8330614
-0.8340583
-0.8310775
-0.83483064
-0.8363807
-0.8347106
-0.8336721
-0.8358663
-0.82960314
-0.8371557
-0.8374494
-0.8398361
-0.8389026
-0.8388316
-0.83138514
-0.8368349
-0.8410949
-0.8325923
-0.833197
-0.8348262
-0.84009415
-0.8364342
-0.83722115
-0.83985794
-0.8362581
-0.83514243
-0.83649546
-0.8352912
-0.83920217
-0.83729905
-0.83785915
-0.8343645
-0.83681726
-0.83461726
-0.8386796
-0.84030294
-0.83828986
-0.83782864
-0.83759177
-0.8375104
-0.83547366
-0.8336397
-0.8365718
-0.8432452
-0.8383404
-0.83770484
-0.8373102
-0.8376977
-0.839121
-0.8373503
-0.83217937
-0.835534
-0.8397217
-0.8338455
-0.8354193
-0.83395517
-0.83959043
-0.83620363
-0.841218
-0.83822227
-0.8337917
-0.8361955
-0.8306418
-0.83655345
-0.8333969
-0.83887726
-0.8363358
-0.8369535
-0.8348488
-0.8336295
-0.83840364
-0.8379552
-0.83741075
-0.8304848
-0.8378318
-0.83250314
-0.82772416
-0.83841234
-0.84008324
-0.833971
-0.8326656
-0.83786106
-0.8376165
-0.83333623
-0.83529097
-0.83526635
-0.8354253
-0.83622074
-0.8395227
-0.8349171
-0.8347046
-0.8363409
-0.83669907
-0.83944803
-0.8348608
-0.84036636
-0.8344294
-0.8319513
-0.8380451
-0.8404959
-0.8338611
-0.8389111
-0.8366029
-0.832499
-0.8339306
-0.8303226
-0.8376013
-0.8427567
-0.83561575
-0.83664113
-0.83189166
-0.84000015
-0.8356261
-0.83564967
-0.8357081
-0.83737445
-0.83476627
-0.83779174
-0.83099043
-0.8398852
-0.8389471
-0.8365635
-0.83559775
-0.83744437
-0.83934194
-0.83271754
-0.84124845
-0.8387471
-0.83572376
-0.8336043
-0.83498734
-0.84492207
-0.83161783
-0.83865136
-0.8344113
-0.83853513
-0.8371718
-0.8383439
-0.8363562
-0.84052044
-0.83365506
-0.8335481
-0.83850795
-0.83654326
-0.83766866
-0.8384645
-0.8306208
-0.8386376
-0.84386486
-0.8380664
-0.8335518
-0.83494157
-0.83740216
-0.8354545
-0.8333145
-0.8355459
-0.837278
-0.8311878
-0.8388731
-0.83752465
-0.8335792
-0.833575
-0.8387186
-0.84016836
-0.8372105
-0.8337024
-0.83567375
-0.8335935
-0.84006965
-0.8363747
-0.834517
-0.8367552
-0.836097
-0.84067875
-0.84376603
-0.8431572
-0.840067
-0.833518
-0.83537287
-0.84096444
-0.8326372
-0.8391006
-0.83840173
-0.834648
-0.8378391
-0.83177763
-0.8355022
-0.8398456
-0.83226216
-0.83756346
-0.8390891
-0.84257805
-0.8377773
-0.83237165
-0.83354783
-0.84038633
-0.83347875
-0.84111494
-0.8370225
-0.84020585
-0.8422936
-0.8403154
-0.8344583
-0.8373335
-0.8371205
-0.8374956
-0.8362787
-0.8403254
-0.83545554
-0.8386279
-0.83718854
-0.8375453
-0.83201665
-0.8323606
-0.83807325
-0.83666956
-0.839109
-0.8390997
-0.8414232
-0.83374226
-0.8353811
-0.83998907
-0.83964765
-0.839016
-0.8388366
-0.8448111
-0.8349273
-0.8413348
-0.82958555
-0.839941
-0.83590746
-0.8439697
-0.8372597
-0.8392347
-0.83984345
-0.8389493
-0.83356
-0.84230435
-0.83415115
-0.83939123
-0.83753777
-0.8342982
-0.83927935
-0.83794355
-0.83759296
-0.83671784
-0.83682436
-0.837364
-0.8322296
-0.83498573
-0.8369088
-0.8345404
-0.83721745
-0.8391551
-0.83367234
-0.8374341
-0.837887
-0.8346907
-0.8395403
-0.83941126
-0.83776575
-0.8340203
-0.8363562
-0.8371972
-0.83525705
-0.83591247
-0.8377266
-0.83760095
-0.8407659
-0.8413976
-0.84002435
-0.8406514
-0.83928645
-0.83778214
-0.83833617
-0.83640414
-0.83886606
-0.84138817
-0.83785844
-0.836203
-0.83985525
-0.8456929
-0.8350807
-0.83853495
-0.83829546
-0.83710086
-0.8405353
-0.838889
-0.83819705
-0.83685094
-0.82906204
-0.8438855
-0.8353136
-0.8365813
-0.83439934
-0.8380205
-0.8418751
-0.83827555
-0.83843297
-0.8384741
-0.83590657
-0.83401334
-0.84247667
-0.8361493
-0.8371476
-0.83353513
-0.8359297
-0.83625233
-0.8278651
-0.83916223
-0.84141666
-0.8385316
-0.8386815
-0.8442996
-0.8402172
-0.83822495
-0.8381683
-0.8429143
-0.8357634
-0.8414619
-0.8394109
-0.84206635
-0.8406252
-0.83478504
-0.83785963
-0.8330774
-0.8369306
-0.8388523
-0.8376263
-0.84211063
-0.8334935
-0.83761376
-0.83316135
-0.8440167
-0.8402041
-0.83328575
-0.8410082
-0.8418163
-0.8420128
-0.8392065
-0.8358051
-0.8336655
-0.841823
-0.8396252
-0.8431548
-0.8366042
-0.8422357
-0.8405731
-0.84237915
-0.8381208
-0.8374513
-0.8422413
-0.84355146
-0.83454144
-0.8377918
-0.8373983
-0.84342694
-0.84074795
-0.84031236
-0.83647096
-0.8389578
-0.8352731
-0.83667237
-0.83848697
-0.8410846
-0.8374662
-0.8378221
-0.8354506
-0.8358058
-0.8331238
-0.8354121
-0.8362792
-0.8393217
-0.83555776
-0.8393742
-0.8342363
-0.8389016
-0.8355984
-0.83848274
-0.8353948
-0.83427495
-0.8382648
-0.84008265
-0.8414275
-0.83400947
-0.84615725
-0.8440005
-0.8321241
-0.8417857
-0.8397221
-0.8396526
-0.835828
-0.8357971
-0.83817744
-0.83441705
-0.8353997
-0.84797955
-0.8390769
-0.8451824
-0.83604485
-0.838301
-0.84077686
-0.8313294
-0.83440596
-0.8429602
-0.83635443
