10.743056304665547
10.709126771596448
10.447513489526752
11.35367306884737
12.51614750821748
13.676559454892502
14.311876713943759
14.868353625822554
15.563022693594554
7.549513057183553
7.482864652973497
7.307807634451857
6.907647675638728
7.725054358261474
8.716671828500289
9.579596929387598
10.344721585828502
10.698284407063985
10.959845915322097
11.669344128487856
13.55260125568519
16.517581898394784
19.73019112980887
6.860410733447879
4.929139490841028
4.391600270234282
4.6502336504484685
4.60482118136967
5.430950308027961
6.269195014932399
6.708296080957669
7.184069536023259
7.201197593438814
7.606322107503581
8.24511748156217
9.843479616823082
12.105521087189985
14.53082245714533
17.49922822967429
19.673735288600472
7.672234155062712
5.058586226048322
3.228632500268263
2.4783253100788136
2.625632562858755
4.13582524398616
5.869708241298024
6.2703844985536845
6.422151588306114
6.132087786690118
6.265026279759235
6.967066072859588
7.898935022192401
8.896618085541151
10.603788357745177
12.756956603677272
14.876989761217322
16.66025442524276
18.12302794663953
8.47455932945931
5.707694823616415
3.64925137001122
2.077450202050761
0.9765166467130316
2.4076195408459156
3.563338107636315
4.4338019590806885
5.256714082832867
6.170808501596028
6.4695134949066375
6.689322831402815
6.9986516880372305
7.261142846691667
8.065862168343493
9.293543585841421
10.63407121810452
11.981639998703265
13.780145281385767
15.026785696625916
16.301312876528083
9.120572736429017
6.245862459389337
3.694765516194786
1.609656089599592
0.393095389791066
1.3569805173178906
2.5685105886581847
3.501052124787623
4.098959061285679
4.719856929134828
5.376638653249631
6.0560357094623685
6.465790632891262
6.436540629506608
6.417233344711957
6.700891588369769
7.190251895470357
8.041190813728642
9.257075521453757
10.761666715651039
12.07466642321134
13.341775036171116
15.546903482367663
6.2170623910973175
3.44028385375489
1.0990556297878498
1.0165986554181226
2.4134583240797913
2.8911776926166177
3.1425576971842073
3.5073105633562114
3.790012237459398
4.205439984442554
4.616630235253822
4.942801059338116
5.331707368223195
5.725653461837093
5.98590381441106
5.911485875126645
6.1611607817360445
6.6844908710406505
7.196031883468001
7.945515306700268
9.267177838334712
11.253304813766915
13.69959788845594
16.60294278047269
6.057595382307315
3.574896804155626
1.7171997773489434
2.0539562456541036
2.845461786250719
3.2890155627850635
3.7402023064576735
3.7756845460694946
3.73368966305334
3.677334363878389
3.605095125373377
3.747165684856673
3.9733193568606344
4.356044164505439
4.742831714908675
5.234501334733762
5.461030980293925
5.641595823591461
5.68206199695405
6.2288124768752695
6.551004895704818
7.357816815038839
9.149934198876828
11.774382144238803
14.789415562070005
3.41105482899174
1.8247561047260556
2.1415941681282376
3.054594393495471
3.3428716598249
3.5445845934473375
3.816968506337924
4.2020332084938
4.2150140017186315
4.004797860552299
3.6052556470902273
3.3569033634277328
3.550284829381548
3.7520725111041373
3.963856549504768
4.320536213457973
4.7948659767395245
4.8024726536156885
5.093101026312305
5.938783309583958
6.648570150114149
7.014460159780219
8.02685197285342
10.340428758866906
13.376686834411048
16.709980637736532
3.932780071874312
0.9871814766881793
1.4280020967470772
2.0077736953827916
2.8238500405029288
3.540555041607184
4.059916705691802
4.319042755313347
4.485901520514242
4.552170088760742
4.334744151092311
4.030638333209361
3.547858119286189
3.1892347887665293
3.3760689271880024
3.5359958058521865
3.7144936029438176
3.9141943279353724
4.368070211396347
4.487912764554317
5.080376863534071
6.595168095079948
7.623237772414543
7.892380538243831
9.550990708362955
12.488733976874672
16.012912574239582
2.30187066133104
0.9302356911641757
2.132630189857944
2.836158028357973
3.230532234111339
3.8504521453258995
4.367579811372624
4.77763934086662
4.912645444779142
4.815239611630337
4.812419802361305
4.58519095219463
4.2441840249804645
3.6639661137615915
3.303826903770049
3.355266750869536
3.5539256056272026
3.711366525382407
3.9751715354225103
4.331845497440568
4.886877705446008
5.895419335208713
7.433163016777197
8.355981510833969
9.63497504909713
12.274518459926648
15.669007268485947
2.1573168500833546
2.395490580340201
3.3803940203944323
4.066486088402236
4.213028245757514
4.395995409004663
4.50233096179482
4.7118636521797965
4.868127084823171
4.938545769264993
4.970760786831857
5.056634924149217
4.776993157450194
4.3984744977424235
3.75882688511405
3.6373136917485263
3.5354616176932625
3.6364194111449493
3.746685529374982
4.121746555491694
5.059378281276572
5.603722160281349
6.7344344027754035
8.223855024108268
9.581118915130396
12.518081263926002
15.93931656721136
3.689537671100194
4.152657761542542
4.731629466294208
5.241074332750792
5.139789018903768
4.99771866393478
4.873885644960783
4.705533487759132
4.756314401840267
4.908317091308399
4.913736105459256
4.918320749965267
4.905977736798282
4.750235353400496
4.608987666768093
4.135489041532268
3.829623777637391
3.6424189239662383
3.4992858023311353
3.922766252149443
4.5565544657507004
5.8907530933749666
6.879164490827982
8.200154660505671
9.80546827693532
12.244360283802948
15.631373685074013
5.480304001198848
5.308765311246774
6.034812757186989
6.177655772228937
5.8745559156900935
5.575679784907924
5.219955020748712
5.074290238993834
4.926334415840711
4.841410628630406
4.9334614456009325
4.892339459982434
4.824844777955439
4.944268132388534
4.950341919012052
4.771985230111943
4.1948651506691155
3.859990173229886
3.5940372617130727
3.7396616431479868
4.589236772228312
5.831246468065466
7.181776971685994
8.509691295982606
10.034555483741366
12.34314319215637
15.550432282390902
7.062757313556257
5.696322266029682
6.573029864449807
6.665962912073694
6.212166755539713
6.153562458597763
5.958748716068767
5.581464040147721
5.424062691134711
5.270777877149071
5.0747324497311235
4.96595242345299
4.944197771134635
5.037619781860998
5.148946177540298
4.793521133174959
4.49937822382695
3.8049518024520417
3.9034743080784415
4.211527192269644
4.545025462193306
5.432901217518402
6.706078427634494
8.263589347720828
9.949296127931587
11.970757889391482
15.517386149860911
7.925741930259889
5.953293904515976
6.527100637730419
6.489817953881384
6.32069957799618
6.437556779869726
6.486904286114263
6.332912386928026
5.814260314179687
5.644593366784224
5.4094192059872075
5.00001512446056
4.863996935131892
4.980426939113442
5.122586968932121
4.721272115330114
4.191177294752952
4.0714422257485845
4.0397229069863965
4.569183888130573
4.800490253529428
5.202365715659651
6.392507100310241
7.978484709624025
9.687431427725128
11.930250993153761
15.334830820745085
8.787029428608438
6.430634304354042
6.071625489453423
6.227475472051841
6.076018558238684
6.23037752802087
6.3172395253580955
6.4478624420493365
6.486248305969688
6.049993731256356
5.628624479542484
5.322254888090557
5.119722876484464
5.003301389665709
4.996352826522073
4.403448283092112
3.9758439647527024
4.088261573415258
4.768181978945207
4.800380448587074
5.000942081767974
5.2742784747136175
6.106452155302155
7.415290318596411
9.367835603753477
11.86202316993896
15.501983121763974
9.397788230096452
6.849363926916534
5.58849822395236
5.954919733003599
6.1021766394817
5.986138564673032
6.057555655432011
6.141000846953869
6.211956364201696
6.1018717061467
5.623743279757101
5.641887442889443
5.6741232527676475
5.509250027839742
4.859882928316081
4.099787293041227
3.731194341022549
4.575569188365537
5.131541621088644
5.298711305209728
5.27266641768736
5.70802908861568
6.199044086787258
7.320561433056743
8.970936214408217
11.293586900041928
15.152585530539957
7.2432534234412005
5.959947762939213
5.306278255173925
5.706930863298246
5.931340113097407
5.804452913216736
5.742250218579905
5.65854024205161
5.614372715481063
5.767331047248208
5.701418933017277
5.648898513704404
5.523188455722223
5.082786018455333
4.255835672369523
4.175130466563377
5.161347389879818
5.536579885628147
5.74171516330158
5.9067852531869445
6.155987731322756
6.503533330409003
7.3290631584604355
9.05610170016279
11.208931055601887
14.722475625046233
7.904657860485816
6.366877713971444
5.33399266088098
5.193674507387005
5.6698355671159195
5.704849799951643
5.349001260152824
5.208949760327646
5.388269179722282
5.562522236901009
5.640290526783633
5.567578295804882
5.173346330501509
4.638158787514403
4.5555121119726945
5.161768701261555
5.4915033761130685
5.79454978094315
6.190475245652152
6.718373872904715
6.960723240951857
7.036612983875816
7.6788501462875525
9.264082318827175
11.75425891014195
7.165563212038182
6.152833005679151
5.690720212271982
5.952779924147119
5.7243470666293845
5.496620609393292
5.116929799738185
5.077830047734978
5.301505996080924
5.41145513050458
5.400260385315055
5.09147027160062
4.529981404951105
4.894502990848542
5.482322424536498
5.7484486254013865
6.172097257111855
6.692236366769363
7.367815696880608
7.944910359313932
8.017211445754375
8.454196142851192
9.91413742881169
12.934999404341703
8.237368508702502
6.766250326915102
6.3237555739370075
6.27526483349093
6.707065562656082
6.033823141765135
5.830861135455062
5.358992934465678
5.144716323829044
5.153390506955358
5.138640295520048
4.907026511998284
5.076444859624242
5.751205729186781
5.554591775648007
5.745844778681172
6.304050385914035
7.0196609932197935
7.745423906928732
8.516827037963726
9.309261646147805
9.6032360058803
11.185889981956414
8.21499475535235
6.788805131216483
6.6422767291712015
6.854509430505855
6.9936174773670485
6.539243321271586
6.332231108433085
5.723133465986721
5.293973042320998
5.165774015046312
5.145171005583645
5.516490939604208
6.040199581705002
5.951122670308456
6.01786417884968
6.578072910799474
7.31277978966831
8.03393825818899
8.818427847531431
10.06689696679445
11.807067081538545
8.761032868349602
7.294386995698124
6.638622347104123
7.3796729532749925
7.509344677032082
6.989213154730298
6.542519543284321
6.094002448147002
6.072166323272089
6.120398056517651
6.488526427813318
6.153637272398891
6.005872278024404
6.476119146137711
7.254410017074954
7.730217938602776
8.383076085006198
9.573090998825506
11.165945722002226
9.048820498522199
8.446475529366527
8.166286453511757
8.031449720729421
7.901374705608471
7.502486579268385
7.085649385533685
7.269286151648403
7.2695532292189045
7.433542041126509
7.0298332592266215
6.668033249650054
6.826203059791993
7.598598945923608
8.362844374824684
9.74705423161742
11.268436618241292
9.873984236863361
9.52842651367788
8.862196646327735
8.59541608916728
8.920398292615817
8.594629533359926
8.648417259199396
8.272987821377424
7.965415717602673
7.891993252581229
8.177029611766827
8.784180872483752
9.984600688173135
10.725472269821934
10.832884284122672
10.768654555494454
10.667050883353205
10.300924628911668
9.611780553151224
9.423236170881836
9.500093340207657
10.192287186143805
