-0.6769125
-0.8193879
-0.84129626
-0.8740751
-0.87456965
-0.8788711
-0.8876657
-0.8914561
-0.8941604
-0.90159386
-0.9066336
-0.91216135
-0.9191678
-0.9139614
-0.9227412
-0.9221411
-0.92963445
-0.9340946
-0.9321178
-0.93341184
-0.9365546
-0.94176644
-0.9483378
-0.94961065
-0.95246494
-0.9564887
-0.9643535
-0.93002015
-0.95856684
-0.96043736
-0.9605357
-0.9611006
-0.9633871
-0.965376
-0.9629993
-0.9426213
-0.9553321
-0.9612821
-0.96386063
-0.96466905
-0.9620734
-0.96255714
-0.963443
-0.96424884
-0.9646108
-0.96488154
-0.96665776
-0.96864873
-0.9716316
-0.97286266
-0.97548264
-0.97791594
-0.98040074
-0.9811937
-0.9810623
-0.9813058
-0.9788624
-0.9836358
-0.98317647
-0.97842026
-0.98037416
-0.9828261
-0.98150486
-0.98142266
-0.9840632
-0.9822267
-0.98328334
-0.98483276
-0.9825073
-0.9829497
-0.9849179
-0.9863782
-0.9867783
-0.98715734
-0.98797756
-0.98046356
-0.98497933
-0.98713875
-0.98776424
-0.9861702
-0.98865366
-0.9859992
-0.9878135
-0.9874203
-0.9864784
-0.9896646
-0.9871513
-0.9866366
-0.98599875
-0.9889042
-0.99022585
-0.99089825
-0.9906151
-0.9909246
-0.9903045
-0.9908634
-0.990544
-0.99141675
-0.99135417
-0.99099493
-0.99194497
-0.9913105
-0.9913999
-0.99181914
-0.99037945
-0.99216986
-0.9910632
-0.9922658
-0.9925308
-0.99073195
-0.99180883
-0.9924831
-0.9915266
-0.99150395
-0.9912809
-0.99244654
-0.9913876
-0.9906408
-0.9926793
-0.9917367
-0.9908718
-0.99125814
-0.9923708
-0.9898857
-0.99159616
-0.99201775
-0.9920982
-0.9916777
-0.99258024
-0.9919558
-0.99249536
-0.99297166
-0.99173373
-0.9927576
-0.99316007
-0.9929208
-0.99217975
-0.9928116
-0.9932787
-0.99301225
-0.9926125
-0.9917109
-0.9932292
-0.9932376
-0.9928232
-0.9911724
-0.99154216
-0.9905172
-0.99010193
-0.99030477
-0.9915859
-0.98879313
-0.99020267
-0.9910261
-0.99020493
-0.99119383
-0.99216765
-0.9906918
-0.99090844
-0.99214613
-0.99093443
-0.989459
-0.9927906
-0.9897675
-0.99078256
-0.9915241
-0.9919413
-0.9893902
-0.9912811
-0.990908
-0.99049675
-0.99218225
-0.9922293
-0.9898317
-0.99153256
-0.9899476
-0.9923272
-0.9892207
-0.9918853
-0.9890413
-0.98903525
-0.9914197
-0.98844975
-0.9928185
-0.98571104
-0.9920899
-0.9870615
-0.98657066
-0.99103105
-0.98746353
-0.989455
-0.9883429
-0.989121
-0.99079037
-0.9885596
-0.99157757
-0.9856309
-0.9883825
-0.9869618
-0.98935217
-0.98669016
-0.99097216
-0.98675615
-0.9922156
-0.9841266
-0.99080133
-0.9750893
-0.9789341
-0.9667442
-0.96810687
-0.9755689
-0.97559506
-0.96819925
-0.96633214
-0.96854824
-0.9733147
-0.9702825
-0.9711367
-0.9712279
-0.9720635
-0.97625756
-0.9763556
-0.9756432
-0.9775833
-0.983169
-0.9822755
-0.985622
-0.9848911
-0.987151
-0.98520625
-0.98535985
-0.9862984
-0.9858728
-0.98406917
-0.9875443
-0.9892305
-0.9861639
-0.98709023
-0.98876256
-0.98687124
-0.9876652
-0.99091816
-0.9887286
-0.9876715
-0.98892486
-0.984457
-0.9782147
-0.96682936
-0.9650456
-0.96993196
-0.9751032
-0.9741061
-0.9668943
-0.9636438
-0.9655458
-0.970824
-0.97609276
-0.97683674
-0.97459865
-0.9732411
-0.97565705
-0.98016864
-0.98215705
-0.9757902
-0.98054475
-0.9814486
-0.9795569
-0.97295743
-0.9808436
-0.9778217
-0.9779319
-0.9805215
-0.9811887
-0.9809828
-0.9832707
-0.9861409
-0.9841747
-0.98673815
-0.9888315
-0.9866865
-0.9879588
-0.9892958
-0.9892722
-0.9906253
-0.9904606
-0.98989743
-0.99037415
-0.9898525
-0.9903064
-0.9907673
-0.9913461
-0.9914418
-0.991472
-0.9915065
-0.9911013
-0.99188554
-0.9919613
-0.9914562
-0.9923366
-0.9928129
-0.9914256
-0.99155414
-0.9919969
-0.99101233
-0.9926088
-0.9892237
-0.9911091
-0.9889606
-0.9903847
-0.9894144
-0.9912534
-0.98843926
-0.99025303
-0.9885122
-0.98878664
-0.9888865
-0.98822725
-0.9899211
-0.98892385
-0.9909295
-0.98972774
-0.99174774
-0.9913312
-0.991641
-0.99309003
-0.98898256
-0.99145365
-0.987446
-0.9859609
-0.98483914
-0.9905272
-0.9880611
-0.98422843
-0.98795575
-0.9886595
-0.98694205
-0.98647124
-0.98995715
-0.9892079
-0.98849237
-0.98977757
-0.9910443
-0.98986894
-0.99229014
-0.9899658
-0.9882044
-0.98496914
-0.97506887
-0.982946
-0.98677295
-0.9823014
-0.97814405
-0.9789522
-0.9817505
-0.9852777
-0.98262936
-0.9819442
-0.9836336
-0.9868353
-0.9896758
-0.98305464
-0.98226315
-0.9781273
-0.9779209
-0.9798096
-0.98044235
-0.9812289
-0.97786903
-0.9779211
-0.98077184
-0.9821226
-0.9800312
-0.979635
-0.97963095
-0.98304135
-0.98489785
-0.9848157
-0.9852908
-0.9885175
-0.98381174
-0.9799922
-0.98200107
-0.97874725
-0.9782552
-0.98092484
-0.9789601
-0.9749066
-0.9756452
-0.97945863
-0.9849637
-0.98132384
-0.98079544
-0.985391
-0.9864941
-0.98520017
-0.98553586
-0.9854931
-0.9868259
-0.98115075
-0.9803536
-0.97066927
-0.96548605
-0.96886986
-0.9746005
-0.97679716
-0.9732516
-0.96987253
-0.9706829
-0.9721568
-0.97173285
-0.97375363
-0.97933215
-0.9822207
-0.98009837
-0.9764657
-0.9832348
-0.9845681
-0.9825618
-0.9797878
-0.9812743
-0.9864679
-0.9882519
-0.9879555
-0.9891934
-0.9876882
-0.9866422
-0.9876876
-0.98912066
-0.9886422
-0.98923844
-0.99020606
-0.9891619
-0.98932284
-0.9901059
-0.9902798
-0.99061656
-0.99127114
-0.99018353
-0.9913549
-0.9902992
-0.99088085
-0.9914532
-0.9912072
-0.99094576
-0.9914804
-0.9907383
-0.9924786
-0.99121207
-0.9914374
-0.9918768
-0.99098426
-0.99220717
-0.99162424
-0.9927366
-0.9926875
-0.9915011
-0.99286
-0.9920878
-0.99153954
-0.99237967
-0.9896435
-0.9924999
-0.9880463
-0.9912765
-0.9886272
-0.99105674
-0.9887435
-0.9901407
-0.9897563
-0.99042225
-0.9896037
-0.9897687
-0.99077284
-0.98996764
-0.99086356
-0.9903881
-0.9909108
-0.9912763
-0.99060947
-0.9908001
-0.9911421
-0.9920638
-0.9895306
-0.99189687
-0.98962766
-0.99087864
-0.9899305
-0.9902574
-0.99076235
-0.99083126
-0.9911089
-0.99220717
-0.990385
-0.99231166
-0.9893487
-0.9906905
-0.98974377
-0.99070746
-0.99064904
-0.9910515
-0.9908056
-0.99145156
-0.9900287
-0.9910266
-0.99080926
-0.9917935
-0.9905743
-0.99184597
-0.98945
-0.9911876
-0.98937887
-0.9900356
-0.9900159
-0.9886756
-0.9911609
-0.98871934
-0.9924796
-0.98938775
-0.99279493
-0.989779
-0.99292475
-0.99073166
-0.99273485
-0.9906169
-0.99240875
-0.9909153
-0.9918123
-0.99102205
-0.99218965
-0.99182135
-0.9928049
-0.9931312
-0.9913621
-0.99342906
-0.98988223
-0.99222267
-0.9863383
-0.9869176
-0.9908214
-0.98828995
-0.9928779
-0.9909186
-0.9926737
-0.99180067
-0.99200284
-0.99167305
-0.9909446
-0.9919145
-0.9915833
-0.99222034
-0.99168897
-0.99198276
-0.9923297
-0.991638
-0.9931218
-0.9912522
-0.9923253
-0.991179
-0.99207944
-0.9918483
-0.99133176
-0.9927661
-0.98831105
-0.9873883
-0.9836867
-0.9860656
-0.9873743
-0.98529917
-0.9837659
-0.98555434
-0.9881147
-0.9868883
-0.9856616
-0.98876005
-0.9908737
-0.9865697
-0.9864503
-0.9823866
-0.9880234
-0.9866921
-0.98328567
-0.9847603
-0.985973
-0.98684263
-0.9878159
-0.98565304
-0.9894596
-0.9879976
-0.98744303
-0.99157345
-0.98791474
-0.99008465
-0.98952234
-0.98790944
-0.9910063
-0.98897904
-0.99116635
-0.98941827
-0.9914889
-0.99054
-0.99209446
-0.9905995
-0.99167615
-0.9905384
-0.9914472
-0.9908009
-0.9908179
-0.991688
-0.9917518
-0.9907675
-0.99216455
-0.9901871
-0.9919326
-0.98943514
-0.99143094
-0.9897714
-0.9903691
-0.99075776
-0.9903457
-0.9913376
-0.99098235
-0.9920795
-0.991642
-0.9912454
-0.99241567
-0.9901188
-0.9913381
-0.990298
-0.9916611
-0.9900086
-0.99196666
-0.9895917
-0.9907958
-0.9883243
-0.9888476
-0.9906168
-0.9894576
-0.9923832
-0.991154
-0.9919082
-0.9915912
-0.99172574
-0.9919084
-0.99031687
-0.9919356
-0.9892257
-0.99059004
-0.98907703
-0.989481
-0.99151015
-0.98988956
-0.99205256
-0.99101305
-0.9924505
-0.9931346
-0.9904314
-0.9919804
-0.9899379
-0.99067795
-0.99050444
-0.9903418
-0.99129355
-0.9907518
-0.9916054
-0.9904667
-0.992382
-0.99056655
-0.99295497
-0.99215734
-0.99288213
-0.99356353
-0.9928583
-0.9923475
-0.9930216
-0.9932353
-0.99281186
-0.9916286
-0.99262416
-0.99094474
-0.99143666
-0.9919232
-0.991058
-0.99235576
-0.9913378
-0.99178886
-0.99276036
-0.9923639
-0.9930973
-0.9924784
-0.9933677
-0.99282455
-0.99325293
-0.99277896
-0.9922925
-0.9932754
-0.9912637
-0.99210936
-0.99164903
-0.99076957
-0.99198365
-0.99024385
-0.991013
-0.9915075
-0.991328
-0.9920518
-0.9919519
-0.9921841
-0.9920072
-0.9926708
-0.9901374
-0.9907984
-0.9917859
-0.991249
-0.9920814
-0.9917549
-0.9910427
-0.9933956
-0.99312305
-0.9911923
-0.99291843
-0.9889088
-0.9928417
-0.98840296
-0.99144316
-0.9890419
-0.9902829
-0.9903083
-0.9907291
-0.9909444
-0.9914651
-0.99130857
-0.99127024
-0.9910814
-0.9912711
-0.9919371
-0.99311864
-0.9920258
-0.993425
-0.990145
-0.99179244
-0.99134034
-0.9912933
-0.99170214
-0.9914907
-0.9912726
-0.9922225
-0.9924322
-0.99263376
-0.9925087
-0.99279165
-0.9934869
-0.99197006
-0.9939696
-0.9902839
-0.9921905
-0.9886973
-0.99207324
-0.9901772
-0.9913672
-0.9905073
-0.99014515
-0.990577
-0.9913026
-0.99082565
-0.9927059
-0.99089855
-0.9909778
-0.99286765
-0.98920935
-0.993118
-0.9905905
-0.99136406
-0.9913128
-0.99117047
-0.9904945
-0.9923128
-0.9891424
-0.99290603
-0.988003
-0.9896305
-0.99095666
-0.9901813
-0.99148333
-0.9915913
-0.99178165
-0.992941
-0.9888955
-0.9920985
-0.9877705
-0.9902374
-0.99010843
-0.9899482
-0.99078906
-0.99137306
-0.9913229
-0.9916544
-0.99071616
-0.99141043
-0.9918099
-0.9920529
-0.99164677
-0.99216235
-0.99078405
-0.9913875
-0.9911716
-0.99189824
-0.99137646
-0.99242395
-0.9906583
-0.99149287
-0.9911488
-0.99058825
-0.9914298
-0.99118817
-0.99073195
-0.992615
-0.98977816
-0.9906441
-0.9909727
-0.9902903
-0.99255925
-0.991155
-0.9922636
-0.9917994
-0.9919609
-0.9920924
-0.9918454
-0.99314946
-0.9928078
-0.9923502
-0.9935544
-0.9928654
-0.9913604
-0.99295247
-0.988832
-0.98950684
-0.9907317
-0.9898264
-0.9899742
-0.99113375
-0.9901227
-0.9899701
-0.99263805
-0.99190813
-0.993007
-0.9908215
-0.992348
-0.98888373
-0.99213654
-0.9901473
-0.99164945
-0.9910366
-0.99002194
-0.991944
-0.9912423
-0.99137026
-0.9921644
-0.99114966
-0.99153614
-0.9925971
-0.99208045
-0.99279416
-0.99286956
-0.99306124
-0.9925827
-0.9923081
-0.9930213
-0.9920031
-0.9930834
-0.9935134
-0.9924907
-0.9927117
-0.9930194
-0.99236315
-0.9924884
-0.9929643
-0.9930866
-0.9931667
-0.9915357
-0.9931695
-0.9914946
-0.992628
-0.9917853
-0.99203587
-0.99302125
-0.99324614
-0.99016684
-0.9919792
-0.9904496
-0.99127066
-0.9901073
-0.9922419
-0.9893981
-0.9904186
-0.9906681
-0.99073493
-0.9915116
-0.9912838
-0.99182594
-0.99165004
-0.99251175
-0.99257904
-0.99224603
-0.9919108
-0.99274546
-0.9920959
-0.9935767
-0.9927802
-0.9923467
-0.99366957
-0.9932171
-0.99180317
-0.99198467
-0.9920702
-0.9920194
-0.9927126
-0.99275035
-0.99151003
-0.99169165
-0.99187785
-0.991584
-0.99293756
-0.9897003
-0.9919506
-0.9891908
-0.9907844
-0.99079853
-0.99151224
-0.9903964
-0.9923505
-0.99027485
-0.99235713
-0.9896787
-0.9902224
-0.99186814
-0.99084985
-0.9921669
-0.9927102
-0.9910916
-0.993023
-0.98883545
-0.99074537
-0.9906194
-0.9908285
-0.9900103
-0.9909472
-0.98980796
-0.98964876
-0.99231976
-0.99093807
-0.99259675
-0.992033
-0.99290186
-0.9913986
-0.9923602
-0.99074453
-0.9908572
-0.99246794
-0.9910501
-0.9920314
-0.99156696
-0.991586
-0.9924298
-0.9918926
-0.99247813
-0.9918183
-0.9922078
-0.99140894
-0.9917705
-0.99226445
-0.99229586
-0.9929135
-0.9919099
-0.993468
-0.9926388
-0.99347895
-0.9898
-0.9921696
-0.9897972
-0.9908431
-0.99152815
-0.9912599
-0.9907986
-0.992162
-0.98947155
-0.9899801
-0.9913724
-0.99033016
-0.99223655
-0.991508
-0.9919348
-0.9926032
-0.9910987
-0.992796
-0.9894484
-0.99255127
-0.9868979
-0.989031
-0.9896623
-0.98742354
-0.99358314
-0.98948973
-0.9924095
-0.9891141
-0.98986053
-0.99134153
-0.9897145
-0.9910052
-0.9908514
-0.99157757
-0.9912308
-0.9924448
-0.9917638
-0.9929162
-0.993442
-0.99232
-0.99338436
-0.99100655
-0.99246055
-0.9907421
-0.9912753
-0.99170583
-0.99151486
-0.991652
-0.9921648
-0.9907938
-0.9926317
-0.9894832
-0.99112165
-0.9899848
-0.99024427
-0.9916549
-0.9904982
-0.9927581
-0.99211425
-0.99238473
-0.99200493
-0.99276
-0.99183935
-0.99227697
-0.9923543
-0.99230766
-0.992168
-0.99244654
-0.9925312
-0.9909796
-0.99285746
-0.9894996
-0.99076897
-0.99044746
-0.9905906
-0.9914439
-0.99026203
-0.9917963
-0.991335
-0.9920161
-0.9916749
-0.99248
-0.9921923
-0.9922415
-0.9927752
-0.9904512
-0.99239725
-0.98800015
-0.990043
-0.9898051
-0.9887458
-0.9930156
-0.99079823
-0.9931902
-0.9924197
-0.99308914
-0.9933792
-0.99310124
-0.9918345
-0.99374807
-0.99159276
-0.9929693
-0.9904299
-0.9907136
-0.9930546
-0.9918599
-0.99350077
-0.9890482
-0.9910151
-0.991682
-0.9905343
-0.9909745
-0.9915058
-0.9908121
-0.9914244
-0.9912657
-0.99090296
-0.99245614
-0.9916249
-0.9925585
-0.99150044
-0.9927211
-0.9915226
-0.9917589
-0.9932187
-0.99206966
-0.99354905
-0.9940237
-0.99335486
-0.990985
-0.99285
-0.9881375
-0.9904537
-0.9908656
-0.99056536
-0.99222785
-0.99191964
-0.9924288
-0.9932926
-0.9911762
-0.99218935
-0.99160266
-0.99243724
-0.99206895
-0.9916182
-0.9930287
-0.99170923
-0.9933813
-0.98957574
-0.9889796
-0.99315053
-0.9761926
-0.9656401
-0.93526864
-0.93129325
-0.93322843
-0.9380825
-0.9384705
-0.93385524
-0.9270808
-0.9193114
-0.9208321
-0.9256702
-0.931272
-0.9374089
-0.94285035
-0.94729567
-0.9487172
-0.9518432
-0.9537473
-0.95769614
-0.9598792
-0.96202344
-0.963591
-0.9653035
-0.9668021
-0.96942884
-0.97228175
-0.9727042
-0.9748924
-0.97716224
-0.980118
-0.9832996
-0.9831298
-0.9837424
-0.98532295
-0.98379964
-0.9848465
-0.98624814
-0.9866736
-0.9864023
-0.985943
-0.9883302
-0.9878387
-0.98863333
-0.98881304
-0.9854535
-0.98432946
-0.9875286
-0.98878706
-0.9872965
-0.9863701
-0.9904272
-0.989192
-0.9878965
-0.98861665
-0.9911116
-0.98697966
-0.9900672
-0.98532724
-0.9851851
-0.9873378
-0.98692685
-0.9849611
-0.98471516
-0.9857051
-0.98731464
-0.9880731
-0.9872084
-0.98851436
-0.99014586
-0.9900489
-0.99003935
-0.9893853
-0.9896121
-0.9901561
-0.98984385
-0.9896168
-0.9902734
-0.99023795
-0.99048954
-0.9903896
-0.99104553
-0.99098957
-0.9912609
-0.99205357
-0.99153584
-0.99196404
-0.99199355
-0.99191564
-0.99274385
-0.992269
-0.9923067
-0.9926778
-0.9928833
-0.9933038
-0.99262047
-0.9916006
-0.9929368
-0.99299645
-0.9919477
-0.9918387
-0.9933147
-0.9901819
-0.9934276
-0.9899899
-0.99227166
-0.99033207
-0.9914886
-0.99151075
-0.9908957
-0.9926758
-0.99027157
-0.99094987
-0.99090934
-0.99141335
-0.9907731
-0.99338955
-0.99203587
-0.9927116
-0.99086636
-0.98579305
-0.98438716
-0.9863129
-0.9847102
-0.9862324
-0.9852019
-0.983876
-0.98854804
-0.98685867
-0.9868336
-0.98872167
-0.98969734
-0.99015
-0.99002945
-0.9917772
-0.9909382
-0.991181
-0.99160546
-0.99163496
-0.99181086
-0.9919504
-0.9917757
-0.9922507
-0.99256486
-0.9925363
-0.99206007
-0.991623
-0.9920235
-0.9915123
-0.99257433
-0.9927808
-0.9928487
-0.99268734
-0.9914457
-0.9928004
-0.98953164
-0.99244297
-0.98859537
-0.99132204
-0.98685604
-0.9896273
-0.98767227
-0.98697746
-0.99052143
-0.9873187
-0.9926995
-0.9887102
-0.9920445
-0.9894148
-0.99116325
-0.98920566
-0.99119663
-0.98850703
-0.9889651
-0.99002576
-0.98998034
-0.9910585
-0.99148715
-0.99143976
-0.9921055
-0.9903323
-0.9916249
-0.99063915
-0.99217695
-0.9900713
-0.9924167
-0.9893694
-0.991293
-0.98829913
-0.9883827
-0.99179846
-0.9912481
-0.9920381
-0.9927871
-0.9905303
-0.9918347
-0.99052215
-0.9922732
-0.9891937
-0.9912016
-0.9903218
-0.9898718
-0.99160624
-0.9906811
-0.99111474
-0.99055284
-0.9913029
-0.99055433
-0.99186206
-0.99141014
-0.99247986
-0.9929568
-0.99101824
-0.9930042
-0.98825365
-0.9900325
-0.9903166
-0.98994684
-0.99175406
-0.99156696
-0.9914558
-0.990801
-0.99291736
-0.9923546
-0.99243224
-0.9926216
-0.99290216
-0.9928792
-0.9924839
-0.99224544
-0.9929413
-0.9904303
-0.992491
-0.9899788
-0.99096966
-0.99064326
-0.9916635
-0.9908072
-0.9911995
-0.99193174
-0.9918561
-0.9919602
-0.9923096
-0.9923401
-0.99255
-0.9923383
-0.99217474
-0.9923738
-0.9923986
-0.9929948
-0.9920495
-0.9923283
-0.99253875
-0.9914274
-0.99265
-0.99197465
-0.99225414
-0.9929615
-0.9911594
-0.9927678
-0.98882174
-0.99090827
-0.98984
-0.9903436
-0.990437
-0.989822
-0.9916917
-0.9906946
-0.99337596
-0.9926913
-0.99292374
-0.99217933
-0.99327856
-0.99123085
-0.99134415
-0.9923275
-0.99145126
-0.99138606
-0.9927164
-0.9924002
-0.9923587
-0.9920471
-0.9917739
-0.9926007
-0.99224126
-0.9923984
-0.9925463
-0.9933868
-0.99234384
-0.99255633
-0.9929142
-0.99376905
-0.99090433
-0.99261737
-0.98879224
-0.99133915
-0.98946816
-0.9903053
-0.99070233
-0.99106795
-0.99092436
-0.9915704
-0.99151886
-0.9916222
-0.9914738
-0.99227947
-0.9896926
-0.99207366
-0.98811173
-0.990091
-0.9899857
-0.98962545
-0.9915342
-0.98947436
-0.99322677
-0.99106675
-0.9935393
-0.99130017
-0.9923231
-0.9913969
-0.9921363
-0.9920722
-0.9915391
-0.9915615
-0.9931108
-0.9918538
-0.9921901
-0.99252987
-0.99246424
-0.99238455
-0.99198097
-0.9932694
-0.9916903
-0.9926166
-0.9916374
-0.9907488
-0.99357253
-0.9896127
-0.98870283
-0.9918815
-0.99119693
-0.98916274
-0.9905914
-0.9925868
-0.99076056
-0.9915027
-0.99331236
-0.99244183
-0.99362516
-0.9906179
-0.9930911
-0.9877726
-0.9905987
-0.9887891
-0.9913533
-0.9893908
-0.99052024
-0.98959
-0.990628
-0.989767
-0.9901416
-0.991779
-0.9918564
-0.99108887
-0.9920709
-0.99055046
-0.9912407
-0.9906987
-0.9917651
-0.99105084
-0.9925071
-0.99063855
-0.99187607
-0.99085075
-0.9907353
-0.99087787
-0.9919882
-0.99085766
-0.9919741
-0.99071836
-0.99196297
-0.991102
-0.99166816
-0.99058706
-0.9908112
-0.99099916
-0.99201286
-0.99063426
-0.9913918
-0.9918189
-0.9918122
-0.9912171
-0.991735
-0.9910957
-0.9913352
-0.991192
-0.9911016
-0.99219346
-0.991878
-0.9915359
-0.9922267
-0.9908934
-0.9916861
-0.99147403
-0.9916202
-0.9919108
-0.9920032
-0.99087
-0.9916252
-0.99105567
-0.9918234
-0.99093205
-0.99151725
-0.9911652
-0.9916569
-0.98984456
-0.9913478
-0.9909914
-0.99194354
-0.9906947
-0.9913389
-0.9915129
-0.9921518
-0.9910277
-0.9916084
-0.99175364
-0.99210167
-0.9911041
-0.9914509
-0.9914789
-0.9919623
-0.9919764
-0.9925266
-0.9915053
-0.99233156
-0.9905862
-0.9919745
-0.9909803
-0.9916091
-0.99126786
-0.9908744
-0.9917743
-0.99130267
-0.9923323
-0.99251074
-0.9919765
-0.9930402
-0.99000204
-0.99219644
-0.99025345
-0.99121165
-0.9911275
-0.99059796
-0.9919328
-0.9911055
-0.99241287
-0.99293536
-0.9909534
-0.99181134
-0.9917543
-0.99213207
-0.99109215
-0.9918267
-0.990788
-0.9921303
-0.99031746
-0.9910101
-0.9922051
-0.9913328
-0.99241245
-0.9924712
-0.9917209
-0.9930386
-0.9902577
-0.9920948
-0.9899477
-0.9908687
-0.99136853
-0.9912628
-0.9918936
-0.99144995
-0.9922144
-0.9923433
-0.9919439
-0.99183524
-0.9930123
-0.99303234
-0.9933971
-0.9924688
-0.99242127
-0.9933493
-0.99317247
-0.9929647
-0.99358183
-0.99301374
-0.9929732
-0.9917503
-0.992957
-0.9907927
-0.99179375
-0.9902869
-0.99048054
-0.9915783
-0.99171823
-0.9921022
-0.9927402
-0.9907385
-0.99171275
-0.99097586
-0.99127454
-0.9919241
-0.9921896
-0.9909916
-0.99158263
-0.9901467
-0.99061394
-0.9919472
-0.9907723
-0.9929598
-0.99222636
-0.99216974
-0.9927424
-0.99219644
-0.99321353
-0.9918341
-0.99214214
-0.99261236
-0.9914282
-0.99206054
-0.9922922
-0.99246454
-0.9932768
-0.99148303
-0.9920046
-0.9928389
-0.99282855
-0.99283254
-0.99314916
-0.99296284
-0.9912482
-0.99337804
-0.9897001
-0.99243176
-0.9909603
-0.9910818
-0.99148047
-0.9918147
-0.9898201
-0.99201924
-0.98992217
-0.99009216
-0.99256057
-0.9913892
-0.99151933
-0.9927667
-0.9904584
-0.9910293
-0.99221116
-0.9915462
-0.99161124
-0.99234426
-0.99143636
-0.9925156
-0.9894848
-0.99021304
-0.9917573
-0.99089146
-0.99155265
-0.99192643
-0.99238044
-0.9922032
-0.9924594
-0.9922997
-0.99372745
-0.9919476
-0.9929287
-0.9918219
-0.99195963
-0.99357504
-0.9916649
-0.9932215
-0.99170214
-0.99247724
-0.99291915
-0.99188644
-0.9933356
-0.99276143
-0.9929167
-0.9930877
-0.9926632
-0.99170274
-0.99308664
-0.99047214
-0.9939361
-0.98873407
-0.99067813
-0.9903338
-0.98954976
-0.9920215
-0.9903622
-0.99288553
-0.9919891
-0.99302703
-0.9920171
-0.99241316
-0.9928767
-0.9919609
-0.99284655
-0.9932372
-0.9924573
-0.9928604
-0.99310166
-0.99289906
-0.99286443
-0.9936076
-0.99365133
-0.99260855
-0.9927159
-0.993133
-0.9931375
-0.99238575
-0.9937118
-0.99280596
-0.99174076
-0.99291575
-0.99062544
-0.99221647
-0.9900513
-0.9912216
-0.9907796
-0.99135417
-0.99064505
-0.9910531
-0.9918962
-0.9922512
-0.9910212
-0.99150014
-0.9913534
-0.99238867
-0.9906273
-0.99029356
-0.99205434
-0.99133456
-0.9925666
-0.9923457
-0.9919638
-0.99376094
-0.9927802
-0.99234897
-0.9929583
-0.99238276
-0.9925916
-0.99339074
-0.9928467
-0.993387
-0.99234384
-0.99273103
-0.9917038
-0.99170554
-0.9934169
-0.9910232
-0.9927792
-0.9914921
-0.9902553
-0.9927972
-0.99033207
-0.989778
-0.9923777
-0.99042493
-0.98975074
-0.9919419
-0.99176216
-0.99087113
-0.9917943
-0.9918988
-0.991183
-0.9930437
-0.9903798
-0.99019325
-0.9935584
-0.98905677
-0.9884498
-0.9922256
-0.99011797
-0.98772156
-0.98872375
-0.981834
-0.9807661
-0.98281604
-0.9843096
-0.98313016
-0.98065937
-0.9811031
-0.98178214
-0.9845874
-0.98635143
-0.9856744
-0.9855153
-0.9876529
-0.9902097
-0.98963374
-0.9888271
-0.99113417
-0.98108625
-0.98329824
-0.9764854
-0.9739419
-0.9756899
-0.97901875
-0.9791798
-0.97735536
-0.9765583
-0.97588104
-0.97628343
-0.9770228
-0.97917074
-0.98216134
-0.98179376
-0.981463
-0.98399764
-0.98604584
-0.98514473
-0.97679293
-0.9812132
-0.9822858
-0.979037
-0.9740874
-0.9717883
-0.97192353
-0.97200716
-0.97388935
-0.975535
-0.97577375
-0.97596633
-0.97812533
-0.98104423
-0.98472315
-0.9862282
-0.9864571
-0.98754686
-0.98720837
-0.9806248
-0.9782104
-0.9862684
-0.9807786
-0.97789896
-0.98090565
-0.9829173
-0.9797027
-0.9778458
-0.9778081
-0.98005956
-0.9836581
-0.9830421
-0.9819577
-0.984699
-0.9883357
-0.9855233
-0.9861397
-0.98617613
-0.98890823
-0.9844054
-0.9853635
-0.9805631
-0.98507243
-0.98742825
-0.9835011
-0.9818809
-0.9838958
-0.988905
-0.9854645
-0.983283
-0.9886421
-0.98784524
-0.9844207
-0.98808414
-0.98976165
-0.9874475
-0.98960876
-0.9904151
-0.9875385
-0.9889027
-0.9903472
-0.9889109
-0.99089545
-0.99133086
-0.99046046
-0.9923329
-0.99061596
-0.9913908
-0.9917225
-0.9914612
-0.992167
-0.9916068
-0.99228436
-0.9919758
-0.9918073
-0.99203223
-0.9919021
-0.99261475
-0.9919435
-0.99275476
-0.9924456
-0.9932646
-0.99286187
-0.9932748
-0.99287844
-0.99340576
-0.99309725
-0.9933659
-0.99342614
-0.9930338
-0.99370754
-0.9933419
-0.9933042
-0.99359155
-0.9930431
-0.99289656
-0.9934021
-0.99298835
-0.99380386
-0.9931914
-0.99296904
-0.99322873
-0.99297947
-0.993554
-0.9927907
-0.9935931
-0.9931427
-0.99227643
-0.9932623
-0.99194086
-0.9923156
-0.99327976
-0.99262273
-0.99369806
-0.9928878
-0.99256355
-0.99376136
-0.9911107
-0.9918256
-0.9917838
-0.99213505
-0.99231625
-0.9924784
-0.9927526
-0.9928429
-0.99269414
-0.9928403
-0.992753
-0.992513
-0.99281484
-0.992615
-0.9924255
-0.9936798
-0.9916539
-0.9929899
-0.9909457
-0.9907092
-0.9919746
-0.98976046
-0.9914657
-0.99169064
-0.99077624
-0.99099684
-0.9920913
-0.99167407
-0.9923099
-0.9921191
-0.9918816
-0.9919681
-0.992506
-0.9919137
-0.99275404
-0.99259084
-0.993232
-0.99265784
-0.99241006
-0.99284077
-0.9928524
-0.99362344
-0.9927685
-0.99338984
-0.99244505
-0.9925014
-0.993259
-0.99316645
-0.9933072
-0.99324226
-0.99275917
-0.9931076
-0.9929273
-0.99373174
-0.9938133
-0.9922351
-0.9923652
-0.9923795
-0.99257994
-0.9922569
-0.9921855
-0.9931315
-0.9925738
-0.9937423
-0.99134266
-0.9915069
-0.9920363
-0.9916902
-0.9914601
-0.9930496
-0.99124116
-0.99200195
-0.99199504
-0.99238527
-0.9916666
-0.99320245
-0.9898929
-0.99192506
-0.9898231
-0.9908718
-0.99119824
-0.99068654
-0.9924966
-0.991927
-0.99232334
-0.99162596
-0.9923397
-0.99201226
-0.9922017
-0.9916805
-0.9929803
-0.993097
-0.9924029
-0.99253994
-0.99322057
-0.9925571
-0.99337995
-0.9918791
-0.99312407
-0.98954123
-0.9899791
-0.9910377
-0.9901031
-0.9905372
-0.9897296
-0.993069
-0.98941016
-0.9908613
-0.9920362
-0.9914001
-0.99196523
-0.9920501
-0.9910992
-0.99296397
-0.99064434
-0.9904962
-0.99294215
-0.99021554
-0.9900272
-0.99313086
-0.9904965
-0.98836666
-0.9909349
-0.99241334
-0.99072653
-0.9917978
-0.9919276
-0.9907953
-0.9919316
-0.99283993
-0.9923086
-0.99332434
-0.9921306
-0.9937342
-0.9923797
-0.992622
-0.9930361
-0.9916617
-0.9932688
-0.9930127
-0.9918221
-0.9920916
-0.9917275
-0.99263686
-0.9909565
-0.9922802
-0.9916467
-0.99205977
-0.99138784
-0.99147195
-0.9921071
-0.9924144
-0.9915331
-0.9921666
-0.9911592
-0.9916872
-0.9914214
-0.99210465
-0.9915238
-0.9916592
-0.9902454
-0.9894835
-0.99281514
-0.9911879
-0.9935439
-0.9917305
-0.9920296
-0.99334097
-0.992138
-0.99343574
-0.989724
-0.99184734
-0.9896079
-0.9903577
-0.99165136
-0.99089164
-0.9927201
-0.99265206
-0.9918664
-0.9926144
-0.9910191
-0.9912302
-0.99202263
-0.99157065
-0.99225384
-0.99209726
-0.99252355
-0.99264866
-0.99223393
-0.9935295
-0.9905295
-0.99174297
-0.9898339
-0.9895161
-0.9928571
-0.99230653
-0.99209505
-0.992614
-0.99096096
-0.9917644
-0.99118316
-0.99046975
-0.9930609
-0.9925822
-0.99233377
-0.9928913
-0.9904269
-0.99124205
-0.99217916
-0.99154884
-0.9925003
-0.9920148
-0.9919074
-0.9921394
-0.9928412
-0.9937915
-0.99226654
-0.9923372
-0.9938603
-0.99255544
-0.9927097
-0.9935065
-0.9922429
-0.99206686
-0.99383754
-0.9919255
-0.99395263
-0.99000835
-0.9906767
-0.9916948
-0.99119955
-0.99179864
-0.9917781
-0.9920147
-0.9915956
-0.9928663
-0.9926619
-0.99307925
-0.99297297
-0.9920827
-0.992977
-0.99183273
-0.9924078
-0.9913604
-0.9916135
-0.9912963
-0.99153054
-0.9917796
-0.9908501
-0.99307185
-0.99232787
-0.99328583
-0.99337596
-0.9934589
-0.99353707
-0.99185747
-0.9936049
-0.9895283
-0.9908963
-0.99164605
-0.99145263
-0.99223626
-0.99251056
-0.9917237
-0.9913236
-0.99303186
-0.99221104
-0.99318904
-0.9921803
-0.99234706
-0.9926482
-0.9927894
-0.99188614
-0.9912015
-0.992634
-0.9905811
-0.989828
-0.9926766
-0.9906923
-0.98862475
-0.9917573
-0.9919437
-0.9904224
-0.9929453
-0.99094415
-0.99014676
-0.99075073
-0.99267495
-0.9892646
-0.9911987
-0.99205285
-0.99007815
-0.9916633
-0.9913459
-0.99169195
-0.9908173
-0.99254894
-0.99069417
-0.990222
-0.99247307
-0.99143934
-0.99165213
-0.99197507
-0.9924189
-0.9920263
-0.9938067
-0.99268776
-0.99390376
-0.9921258
-0.99265814
-0.99213177
-0.99175084
-0.992574
-0.9911752
-0.9905519
-0.9932218
-0.99088025
-0.9894615
-0.99210286
-0.99061966
-0.9883975
-0.99123126
-0.9928298
-0.99046874
-0.991171
-0.9932947
-0.99192613
-0.99218947
-0.9932326
-0.992681
-0.9934235
-0.99274653
-0.99163693
-0.99239296
-0.99246454
-0.99310416
-0.9921745
-0.992843
-0.99140596
-0.9924544
-0.9920696
-0.99283266
-0.991714
-0.99278456
-0.9903556
-0.991763
-0.99102247
-0.9918894
-0.9900737
-0.9901148
-0.9928127
-0.9930325
-0.99020994
-0.99172777
-0.99104166
-0.9919083
-0.9911927
-0.99142385
-0.9917543
-0.9911873
-0.9929015
-0.9922026
-0.9926238
-0.99232024
-0.9922627
-0.9930453
-0.99069196
-0.9922893
-0.99087983
-0.9910267
-0.9920611
-0.99199563
-0.9918749
-0.9919726
-0.99292517
-0.9923121
-0.9928877
-0.9931471
-0.99234164
-0.9931436
-0.9925485
-0.992752
-0.99182004
-0.99183387
-0.99327964
-0.9905615
-0.9908703
-0.9922145
-0.9919501
-0.9910742
-0.99279153
-0.9903628
-0.99094516
-0.9926123
-0.9920153
-0.9922679
-0.99235606
-0.9921093
-0.9926468
-0.9913172
-0.99197394
-0.9916895
-0.9917091
-0.9923906
-0.99261826
-0.9917915
-0.99333256
-0.9913388
-0.99298114
-0.99079645
-0.9920104
-0.9909847
-0.991609
-0.9919324
-0.99210405
-0.9922677
-0.9927608
-0.9909013
-0.9911712
-0.99286354
-0.9923471
-0.9927406
-0.9934194
-0.99255174
-0.993582
-0.9937855
-0.9932792
-0.99203056
-0.99392784
-0.99053884
-0.9913596
-0.9917101
-0.9916203
-0.9917259
-0.99173933
-0.9920877
-0.9922229
-0.9923052
-0.9922422
-0.9929179
-0.99240506
-0.99324465
-0.99350315
-0.99244446
-0.99334127
-0.99111575
-0.99075806
-0.99334484
-0.9897645
-0.9906655
-0.99300104
-0.9905619
-0.99057215
-0.99313253
-0.9921321
-0.9917699
-0.9928265
-0.9912692
-0.9923242
-0.99091077
-0.9907244
-0.9925667
-0.9923171
-0.991448
-0.99311805
-0.9901523
-0.9913629
-0.9920153
-0.99127364
-0.99207467
-0.9927419
-0.99179155
-0.9924131
-0.9914458
-0.9913042
-0.9921391
-0.9914223
-0.9915571
-0.9928163
-0.99085146
-0.990587
-0.99347657
-0.99090606
-0.99074304
-0.99335265
-0.99035686
-0.98900807
-0.9920856
-0.9918175
-0.9905247
-0.9928002
-0.9913309
-0.9905935
-0.99182135
-0.99258596
-0.99180603
-0.99310875
-0.9917509
-0.9920261
-0.9922272
-0.9921313
-0.99282825
-0.9920426
-0.99297214
-0.99226844
-0.99229354
-0.99340755
-0.99280643
-0.9930911
-0.99331564
-0.99282324
-0.9927941
-0.99300915
-0.9929249
-0.9933421
-0.99232817
-0.9935384
-0.99022734
-0.9906508
-0.99179316
-0.99125344
-0.99044913
-0.9931303
-0.98370594
-0.97672254
-0.9618873
-0.9530207
-0.95260984
-0.95251393
-0.9556418
-0.9593592
-0.9609279
-0.9578256
-0.9542911
-0.95377475
-0.9533121
-0.95697147
-0.9627852
-0.96816486
-0.9718082
-0.9726787
-0.9729443
-0.97478586
-0.98052186
-0.9822052
-0.98174936
-0.98128235
-0.9809098
-0.98369515
-0.9850053
-0.9836819
-0.9855152
-0.98903537
-0.98014355
-0.9834186
-0.9808365
-0.9815667
-0.98282206
-0.9805149
-0.97775227
-0.97744024
-0.977423
-0.9782293
-0.9793935
-0.980858
-0.98151124
-0.982404
-0.9838515
-0.9851413
-0.98504156
-0.9797258
-0.9754205
-0.97634494
-0.9811657
-0.9840555
-0.9800252
-0.981251
-0.9808686
-0.9814956
-0.9819073
-0.98384315
-0.98424697
-0.9821245
-0.9797093
-0.98049015
-0.9847625
-0.98664796
-0.9819617
-0.9876143
-0.982656
-0.9844701
-0.98841566
-0.98485607
-0.9845189
-0.9873309
-0.9880775
-0.98641706
-0.9893682
-0.9900316
-0.9889328
-0.9898747
-0.9896768
-0.9895143
-0.99016005
-0.9892622
-0.99067175
-0.9909089
-0.9910459
-0.9920001
-0.99199677
-0.9919316
-0.9917516
-0.99188495
-0.990997
-0.99137396
-0.99183697
-0.99202096
-0.99164337
-0.99203116
-0.9918153
-0.99199486
-0.99250525
-0.99259746
-0.99208677
-0.9931415
-0.99293303
-0.99281126
-0.9933009
-0.99328834
-0.9934887
-0.99365497
-0.9932302
-0.9934219
-0.9932908
-0.99370587
-0.99356574
-0.9930281
-0.9939801
-0.99291635
-0.9937027
-0.9924643
-0.9938836
-0.99397355
-0.9936343
-0.9931797
-0.9926957
-0.99232423
-0.9934
-0.99147576
-0.9924679
-0.992463
-0.9927126
-0.9927754
-0.99216217
-0.99286735
-0.9911772
-0.9921818
-0.99129647
-0.9919878
-0.99164885
-0.99251366
-0.9897541
-0.9911531
-0.99241656
-0.9923872
-0.9919947
-0.99274284
-0.9921503
-0.9931158
-0.99245703
-0.9931924
-0.9934146
-0.9931181
-0.9914163
-0.9920581
-0.9920224
-0.99239135
-0.9916723
-0.9924469
-0.99143976
-0.9922698
-0.99115616
-0.9913181
-0.9922824
-0.9920928
-0.9923548
-0.991773
-0.99315095
-0.99289644
-0.99189335
-0.9921552
-0.99173164
-0.99255925
-0.9910651
-0.9922549
-0.9904678
-0.99099845
-0.9922056
-0.9917173
-0.9927316
-0.9924696
-0.9928267
-0.99284506
-0.99167484
-0.9927388
-0.990251
-0.9912916
-0.9922508
-0.99300253
-0.9899263
-0.9912292
-0.9911779
-0.9905327
-0.99308914
-0.9923015
-0.9925635
-0.99338263
-0.99131197
-0.9925151
-0.99051243
-0.9909934
-0.9917071
-0.99133986
-0.9919509
-0.9914048
-0.99321294
-0.99222535
-0.9933722
-0.99223405
-0.99228615
-0.99331105
-0.9904543
-0.99054766
-0.9923441
-0.9915802
-0.9915879
-0.99198097
-0.99277943
-0.99265826
-0.9923001
-0.9925328
-0.99289095
-0.9935692
-0.99280113
-0.9930968
-0.9923171
-0.9925987
-0.9931308
-0.991974
-0.9936575
-0.99216527
-0.9926819
-0.99234027
-0.99206436
-0.9929688
-0.991539
-0.99108857
-0.99252826
-0.9916001
-0.9900703
-0.9916619
-0.9928636
-0.9918338
-0.9922341
-0.99248075
-0.9917509
-0.9921707
-0.9929378
-0.9921954
-0.993422
-0.9916257
-0.99139726
-0.9926588
-0.9917397
-0.99026203
-0.99250007
-0.9909683
-0.9889767
-0.9914954
-0.9914509
-0.99031997
-0.9895747
-0.99232906
-0.9899761
-0.9894181
-0.9913996
-0.9912329
-0.9913433
-0.9902832
-0.9923336
-0.9906805
-0.989416
-0.99240166
-0.991014
-0.9910471
-0.9903861
-0.99223304
-0.9907176
-0.9906542
-0.99251246
-0.9920203
-0.991622
-0.9929642
-0.9904525
-0.99115896
-0.99232846
-0.99078536
-0.99242383
-0.9919979
-0.9920982
-0.9916457
-0.99319106
-0.98962915
-0.9905099
-0.9924698
-0.9921184
-0.991649
-0.9922735
-0.9915111
-0.9917082
-0.99209493
-0.99160963
-0.9930174
-0.9927737
-0.99275887
-0.99303555
-0.9938171
-0.9925887
-0.9932747
-0.9920528
-0.99139166
-0.99281687
-0.9923493
-0.99192446
-0.99352926
-0.99254847
-0.9924561
-0.9935093
-0.99338144
-0.99220425
-0.9923825
-0.9916822
-0.99199164
-0.99214256
-0.9922627
-0.99247855
-0.9927254
-0.9927143
-0.99364674
-0.9925559
-0.9939434
-0.9914252
-0.99263346
-0.9911999
-0.99159575
-0.9912452
-0.99176246
-0.99185497
-0.9919476
-0.9925007
-0.99292266
-0.99140537
-0.99174756
-0.99187666
-0.99265915
-0.99091214
-0.99177074
-0.9916481
-0.99126816
-0.9926006
-0.99191135
-0.99254286
-0.99307483
-0.99082476
-0.99271977
-0.9900199
-0.991085
-0.9913894
-0.9908837
-0.9918067
-0.99079996
-0.9927276
-0.9915698
-0.993255
-0.99089086
-0.9932668
-0.9890345
-0.9907081
-0.99074316
-0.9896929
-0.9932004
-0.99140966
-0.9922923
-0.9915737
-0.992748
-0.99098927
-0.9920703
-0.9916717
-0.99132705
-0.9927813
-0.9923345
-0.9931219
-0.9931489
-0.9936852
-0.9920698
-0.99356204
-0.99114716
-0.99139845
-0.9919708
-0.9920439
-0.99151635
-0.99332905
-0.9898808
-0.99129343
-0.9918397
-0.99140066
-0.9919974
-0.99132407
-0.9929162
-0.9915829
-0.992834
-0.9909243
-0.9925498
-0.989838
-0.99044245
-0.9919283
-0.99117136
-0.9926205
-0.99110603
-0.9925793
-0.99023825
-0.9923731
-0.99011016
-0.98974764
-0.99249876
-0.99091196
-0.9916712
-0.99182934
-0.9918182
-0.9914278
-0.99331135
-0.99146706
-0.9924446
-0.99232066
-0.99226815
-0.9925269
-0.9924121
-0.9933031
-0.99055177
-0.99051785
-0.9923365
-0.99178386
-0.99138963
-0.9924096
-0.99145365
-0.9904673
-0.9924523
-0.9915992
-0.9902584
-0.9914157
-0.99294317
-0.9918527
-0.9929775
-0.9926845
-0.9924665
-0.9933316
-0.993902
-0.9920819
-0.9918385
-0.9931349
-0.9915397
-0.9917001
-0.9937732
-0.99114037
-0.9913523
-0.99329233
-0.9910161
-0.99056923
-0.99231786
-0.99208206
-0.9907577
-0.99232125
-0.99180645
-0.9912731
-0.9917489
-0.99343234
-0.9925341
-0.9932897
-0.99333483
-0.99285406
-0.9938819
-0.9935273
-0.99177295
-0.99304634
-0.99206185
-0.9925409
-0.99277157
-0.99232525
-0.9930608
-0.99283314
-0.99221945
-0.99334025
-0.9920583
-0.991972
-0.9933394
-0.9916267
-0.99193555
-0.9931799
-0.9922289
-0.9930078
-0.99242467
-0.9918924
-0.99284995
-0.99231243
-0.9924609
-0.9929766
-0.992189
-0.9933035
-0.99266523
-0.9928497
-0.9924964
-0.9925852
-0.99328464
-0.9928233
-0.9926604
-0.9936399
-0.9924958
-0.9930608
-0.991009
-0.9903656
-0.9920414
-0.99174386
-0.99022037
-0.9926175
