-0.20815018
-0.2130844
-0.21287502
-0.2137953
-0.22780053
-0.22564545
-0.23466767
-0.227581
-0.23351328
-0.23818232
-0.24445702
-0.23899099
-0.2524504
-0.24902914
-0.24144554
-0.26013276
-0.2576097
-0.25979576
-0.2605135
-0.26450643
-0.26374325
-0.26588625
-0.2739167
-0.2729083
-0.27229533
-0.2695294
-0.2790049
-0.2771993
-0.27727106
-0.27056187
-0.272276
-0.2897058
-0.2777788
-0.28841048
-0.29142913
-0.28106827
-0.28783458
-0.29020435
-0.29777062
-0.29887113
-0.29983065
-0.2997985
-0.299172
-0.294655
-0.30208334
-0.30559173
-0.30161774
-0.29969543
-0.3067712
-0.3096087
-0.30980688
-0.31410176
-0.3094126
-0.3120278
-0.3190941
-0.3263089
-0.32502335
-0.32374287
-0.32882234
-0.32546178
-0.32310483
-0.31462073
-0.33002114
-0.33105624
-0.33048123
-0.3412013
-0.33503607
-0.33408093
-0.33473095
-0.33100894
-0.33163422
-0.33731443
-0.34097275
-0.34020004
-0.34474608
-0.33626723
-0.3470635
-0.34907126
-0.3471793
-0.3486741
-0.34868082
-0.34163865
-0.3483493
-0.3495539
-0.35013473
-0.3590993
-0.35978603
-0.3597826
-0.36249352
-0.367409
-0.35878444
-0.36448452
-0.36728135
-0.36517164
-0.36676782
-0.3733426
-0.37774283
-0.36704406
-0.37132362
-0.3772305
-0.37823537
-0.38666576
-0.38867188
-0.38493744
-0.3972998
-0.3972534
-0.40015045
-0.39822322
-0.4032369
-0.39901635
-0.4042998
-0.4079026
-0.41669944
-0.40354243
-0.412683
-0.41690114
-0.415237
-0.42361143
-0.42384058
-0.42456418
-0.42728326
-0.4304019
-0.43178296
-0.43681493
-0.43937618
-0.43155065
-0.43538347
-0.43622214
-0.43554077
-0.4397095
-0.4486736
-0.4490823
-0.45309702
-0.44700307
-0.45555934
-0.45304403
-0.45393068
-0.4584509
-0.45915362
-0.45597914
-0.46095762
-0.46691856
-0.4707665
-0.4653681
-0.46517098
-0.47487572
-0.47150117
-0.46971834
-0.47646242
-0.47485772
-0.48092702
-0.49050704
-0.4863614
-0.4759171
-0.484832
-0.4888175
-0.49271443
-0.49516398
-0.48949853
-0.49161717
-0.49551916
-0.4918281
-0.5046467
-0.50238216
-0.5029877
-0.50581
-0.5049321
-0.4963708
-0.5095794
-0.51065415
-0.5186551
-0.51234615
-0.5102059
-0.50591236
-0.5108769
-0.5166957
-0.51573247
-0.5208975
-0.51866823
-0.52733994
-0.5163384
-0.52853847
-0.52672195
-0.5259096
-0.53097266
-0.52965254
-0.5283672
-0.53162193
-0.5334731
-0.5279656
-0.5352336
-0.5380515
-0.54071206
-0.5404404
-0.54192066
-0.5351369
-0.551343
-0.54349005
-0.5547995
-0.55636907
-0.54711294
-0.55193764
-0.5552163
-0.558312
-0.5589723
-0.55704576
-0.5616462
-0.5619606
-0.56293184
-0.5681938
-0.5636821
-0.57050884
-0.5684093
-0.5684725
-0.5747107
-0.5660444
-0.5718365
-0.57501215
-0.56826293
-0.574064
-0.58033526
-0.5732294
-0.5753178
-0.5781739
-0.5800758
-0.5846552
-0.5766458
-0.581707
-0.58946985
-0.58236665
-0.5851823
-0.5856387
-0.5807923
-0.58479697
-0.58555317
-0.58856094
-0.58020604
-0.58936197
-0.5884301
-0.59015733
-0.5900986
-0.5925297
-0.5911943
-0.58820105
-0.59021074
-0.5964183
-0.5998761
-0.59044796
-0.59624195
-0.59464586
-0.5959166
-0.59480435
-0.59941584
-0.5975277
-0.60077244
-0.5965917
-0.5991715
-0.6031692
-0.5988029
-0.60136694
-0.5988975
-0.59865797
-0.6046073
-0.59930164
-0.5987521
-0.60480136
-0.598276
-0.60074955
-0.6045012
-0.60570693
-0.6084623
-0.60780936
-0.60841817
-0.6124174
-0.6152268
-0.6081054
-0.6088395
-0.6089325
-0.612512
-0.5997389
-0.61119574
-0.6086196
-0.61708283
-0.6110392
-0.60953754
-0.61457425
-0.6128994
-0.6140862
-0.6154122
-0.61933106
-0.6132178
-0.6132241
-0.6162797
-0.61293525
-0.61910725
-0.6189543
-0.6036504
-0.617292
-0.6235498
-0.613556
-0.61921716
-0.6139849
-0.62044495
-0.6238295
-0.61727256
-0.6179598
-0.6193223
-0.6268257
-0.62171036
-0.6248191
-0.6204076
-0.622944
-0.62422746
-0.6280544
-0.62196535
-0.62224984
-0.62902206
-0.6252123
-0.62729126
-0.6231421
-0.619522
-0.62521505
-0.62609226
-0.6224842
-0.6288058
-0.6224615
-0.6215586
-0.627225
-0.6204318
-0.6324457
-0.62451553
-0.6279992
-0.6260476
-0.6274478
-0.626503
-0.6260958
-0.6294254
-0.6329083
-0.6253968
-0.6313607
-0.6364197
-0.6336111
-0.63067365
-0.632105
-0.62716776
-0.6275141
-0.6311673
-0.6296118
-0.63509196
-0.62766653
-0.63427323
-0.6368952
-0.6352836
-0.6351888
-0.63430136
-0.63799083
-0.64305687
-0.6314466
-0.6391608
-0.6427394
-0.6448045
-0.6355666
-0.6424174
-0.6402293
-0.64136285
-0.6385396
-0.6347513
-0.6372666
-0.64149004
-0.641675
-0.64136904
-0.6400313
-0.6429971
-0.64072466
-0.6440407
-0.6397494
-0.64097416
-0.64924544
-0.64785475
-0.64045995
-0.6489315
-0.6468079
-0.6448787
-0.64509225
-0.64824396
-0.64915806
-0.6489832
-0.647751
-0.6435132
-0.65135944
-0.649568
-0.65049857
-0.6460673
-0.6423203
-0.64952457
-0.64579827
-0.64688
-0.6391882
-0.65295434
-0.6528607
-0.6451115
-0.6462148
-0.6458463
-0.6481394
-0.6532252
-0.65434915
-0.6527194
-0.64663154
-0.6468602
-0.65022665
-0.652017
-0.64673567
-0.6489915
-0.6512453
-0.6429093
-0.64914066
-0.65321094
-0.64560497
-0.65281343
-0.6487836
-0.64876825
-0.6509761
-0.6575517
-0.6581452
-0.65294
-0.6492456
-0.6472665
-0.6519854
-0.65401006
-0.6506449
-0.65573794
-0.6552999
-0.65590304
-0.6460023
-0.6535615
-0.6561007
-0.66204536
-0.65758395
-0.6568529
-0.65505785
-0.65205026
-0.658288
-0.65732384
-0.65275335
-0.65535337
-0.65817434
-0.65504944
-0.6539835
-0.656953
-0.65236986
-0.6493751
-0.6545669
-0.6576154
-0.6581605
-0.65646863
-0.655748
-0.6500642
-0.65355194
-0.6611384
-0.658002
-0.65777296
-0.6544531
-0.65633416
-0.66265327
-0.6626622
-0.6570418
-0.65887886
-0.65865135
-0.6589974
-0.6535752
-0.65916973
-0.66531885
-0.6611241
-0.6497797
-0.65748274
-0.65822315
-0.65682316
-0.6601366
-0.6581774
-0.65484065
-0.6554918
-0.6568986
-0.65932757
-0.66377527
-0.6601404
-0.6679808
-0.6598655
-0.66534036
-0.6633966
-0.6505076
-0.65883523
-0.66536105
-0.66407037
-0.6599381
-0.663816
-0.6612537
-0.65632826
-0.65878826
-0.66374964
-0.6635398
-0.6627836
-0.6642009
-0.6616785
-0.65765405
-0.6600444
-0.65890396
-0.6553297
-0.6572958
-0.65651655
-0.6601907
-0.6530784
-0.66102654
-0.6512817
-0.65984434
-0.6557108
-0.65486413
-0.66191494
-0.65398216
-0.65731865
-0.65817744
-0.66030884
-0.6521498
-0.6593432
-0.66028535
-0.6594788
-0.6614855
-0.66295326
-0.65888244
-0.6661418
-0.6632115
-0.66685814
-0.6654034
-0.65895665
-0.64904636
-0.66225004
-0.6656528
-0.65755576
-0.6592695
-0.6582043
-0.6628766
-0.6625378
-0.6610365
-0.6642112
-0.6647486
-0.6618597
-0.66957074
-0.66139317
-0.65727276
-0.6635339
-0.6597259
-0.6700244
-0.66049683
-0.66310054
-0.65871733
-0.66426885
-0.6704269
-0.6640041
-0.6598747
-0.6627222
-0.6675947
-0.6563821
-0.6739888
-0.668058
-0.6626894
-0.6680052
-0.67075855
-0.665177
-0.66459745
-0.6653221
-0.6682677
-0.66556555
-0.65896827
-0.67343676
-0.66749483
-0.6731329
-0.67152935
-0.6579865
-0.67127955
-0.6692021
-0.6677292
-0.6603762
-0.66752267
-0.66121745
-0.6681816
-0.6652113
-0.66908884
-0.6675187
-0.6696547
-0.6668304
-0.66602373
-0.66859376
-0.66992897
-0.66567415
-0.6703959
-0.6618629
-0.6677457
-0.6702202
-0.6660399
-0.6701383
-0.66787034
-0.663842
-0.6707083
-0.66547096
-0.66962934
-0.67244756
-0.66574323
-0.6719593
-0.6627752
-0.669537
-0.6675949
-0.665123
-0.67101693
-0.6740085
-0.6627129
-0.6677334
-0.6725998
-0.66183496
-0.6680764
-0.67188746
-0.6755506
-0.6703278
-0.6679103
-0.6747905
-0.6683896
-0.67192656
-0.66765994
-0.67250234
-0.67212594
-0.67752427
-0.6772061
-0.67740065
-0.67473775
-0.674728
-0.67504436
-0.6772482
-0.67479056
-0.67111415
-0.6787711
-0.6736168
-0.67512506
-0.6744316
-0.6712409
-0.67726356
-0.6846954
-0.6765561
-0.67587453
-0.6786025
-0.6768902
-0.67668873
-0.6744971
-0.67866886
-0.6823087
-0.67645794
-0.6814395
-0.67594427
-0.6786678
-0.6773241
-0.67547363
-0.6847016
-0.6815146
-0.6804631
-0.6788295
-0.6755696
-0.68060315
-0.6789792
-0.68375146
-0.6733351
-0.6790493
-0.68286175
-0.68011814
-0.6754924
-0.6828752
-0.6796523
-0.68035835
-0.67463624
-0.68135643
-0.68204653
-0.6798939
-0.6814521
-0.67967206
-0.6793316
-0.6828842
-0.6782079
-0.68399394
-0.67146194
-0.6708568
-0.6842455
-0.679711
-0.6807075
-0.6792229
-0.68063396
-0.6787932
-0.68683577
-0.676574
-0.6791527
-0.6857437
-0.6772555
-0.68378305
-0.68005884
-0.67206264
-0.68694115
-0.6853364
-0.68133664
-0.68144006
-0.68116724
-0.68619746
-0.6821344
-0.6829316
-0.6784579
-0.6839823
-0.6797545
-0.6856421
-0.6824156
-0.6779943
-0.6801076
-0.68034387
-0.68268716
-0.6811622
-0.682699
-0.680379
-0.67319614
-0.6827051
-0.67774105
-0.6758148
-0.67808247
-0.68302155
-0.67758954
-0.68542624
-0.6781375
-0.6799941
-0.681582
-0.68482965
-0.6730198
-0.6837014
-0.68490344
-0.68055105
-0.6781516
-0.6789135
-0.6795672
-0.6826711
-0.67940384
-0.6802266
-0.6868014
-0.6794941
-0.6777839
-0.68518347
-0.6823629
-0.68615866
-0.6815968
-0.6780888
-0.6822327
-0.6787616
-0.67899805
-0.68356276
-0.68720883
-0.679336
-0.68334526
-0.68480444
-0.68669796
-0.6783551
-0.67584014
-0.6789239
-0.6838144
-0.6802833
-0.68628496
-0.68402404
-0.6885053
-0.6843974
-0.68437415
-0.68572694
-0.6805597
-0.68288094
-0.6816708
-0.6911864
-0.6803815
-0.68167067
-0.6831281
-0.68235993
-0.6844857
-0.68370306
-0.6830194
-0.6895179
-0.6782821
-0.680561
-0.6873927
-0.68513864
-0.6773939
-0.6819119
-0.6866198
-0.68063354
-0.68053615
-0.6839171
-0.690464
-0.6841441
-0.6847724
-0.6844802
-0.679132
-0.68564576
-0.6810294
-0.68129
-0.6791806
-0.6875772
-0.67794925
-0.68577653
-0.6826875
-0.6824421
-0.6816125
-0.6904003
-0.6791262
-0.67889243
-0.68230796
-0.6886754
-0.68469673
-0.6821444
-0.68614143
-0.67933553
-0.68363285
-0.68514484
-0.68303615
-0.6853412
-0.6785651
-0.6840479
-0.6864733
-0.68679416
-0.6807056
-0.6892058
-0.6830845
-0.6790466
-0.6935831
-0.6806171
-0.68234324
-0.6850025
-0.68498397
-0.68607366
-0.69120777
-0.6817803
-0.67975765
-0.68372077
-0.68343216
-0.68959993
-0.6839629
-0.6902672
-0.68167883
-0.6889213
-0.6829001
-0.6882647
-0.6845388
-0.68235826
-0.69197094
-0.6842277
-0.6857396
-0.68181807
-0.68305206
-0.6850875
-0.68398327
-0.6857519
-0.68195045
-0.68624437
-0.6845653
-0.68524796
-0.69067675
-0.6827672
-0.68264955
-0.69212264
-0.68812764
-0.6884022
-0.681614
-0.6880931
-0.6893035
-0.680801
-0.68716496
-0.6810566
-0.68377215
-0.69044834
-0.67700666
-0.6859536
-0.6820336
-0.6892323
-0.68646806
-0.68355393
-0.6845301
-0.68779707
-0.68472874
-0.6832182
-0.68886656
-0.68906623
-0.68615746
-0.6811357
-0.68702847
-0.68811965
-0.69057965
-0.68893784
-0.68719846
-0.6861195
-0.6808728
-0.69030356
-0.6814496
-0.6853608
-0.68840533
-0.68648255
-0.68948513
-0.68796617
-0.678968
-0.6861144
-0.68722975
-0.68380666
-0.6822027
-0.6787943
-0.685579
-0.6922994
-0.68987966
-0.6847486
-0.6803705
-0.6824134
-0.6885957
-0.69176704
-0.6818397
-0.68353456
-0.6833536
-0.6883583
-0.68531287
-0.68965864
-0.6781517
-0.6850622
-0.68740225
-0.685732
-0.6869439
-0.6824996
-0.6864047
-0.6787562
-0.681682
-0.6871592
-0.68666995
-0.68825835
-0.68601847
-0.6872402
-0.69150275
-0.6783072
-0.6837756
-0.68526816
-0.681466
-0.6809318
-0.6832915
-0.68345374
-0.68614495
-0.68754876
-0.6887273
-0.6874635
-0.686128
-0.68956894
-0.68982494
-0.682089
-0.69000024
-0.68753254
-0.6850012
-0.6814484
-0.69596785
-0.6853155
-0.68538046
-0.6894301
-0.68153965
-0.69568694
-0.68617344
-0.69163704
-0.6912995
-0.69500256
-0.6905599
-0.6887121
-0.6919996
-0.68400514
-0.69314474
-0.6890969
-0.6895574
-0.6892784
-0.6842183
-0.69162655
-0.6884114
-0.6895545
-0.6884851
-0.6872603
-0.6945463
-0.6912993
-0.68911904
-0.69462854
-0.690817
-0.68863547
-0.6941143
-0.684317
-0.68891686
-0.68632483
-0.6881098
-0.6895195
-0.68216354
-0.6857585
-0.6866458
-0.68567854
-0.6865191
-0.6887452
-0.69114214
-0.6966598
-0.6902669
-0.6861712
-0.68693537
-0.69041634
-0.686625
-0.68676233
-0.69062364
-0.69127303
-0.6894236
-0.6862362
-0.68192226
-0.69062364
-0.6899723
-0.6857534
-0.6944761
-0.684432
-0.68897516
-0.68441546
-0.6800467
-0.691112
-0.69383514
-0.6917419
-0.68826884
-0.69304204
-0.6891008
-0.6899873
-0.687156
-0.69222444
-0.68859994
-0.6916747
-0.6853646
-0.6907036
-0.69385606
-0.6901655
-0.6921415
-0.6975628
-0.6916575
-0.6879759
-0.69221246
-0.6875839
-0.6927288
-0.68836504
-0.69638985
-0.69272834
-0.69498616
-0.6925505
-0.6953436
-0.69125015
-0.6925179
-0.69523734
-0.6934783
-0.68880224
-0.68992525
-0.6920363
-0.68409705
-0.6908967
-0.6920583
-0.687553
-0.68004584
-0.68808144
-0.68710136
-0.68892455
-0.68943787
-0.6823701
-0.6862469
-0.6899401
-0.6888431
-0.68952024
-0.68857425
-0.68925315
-0.68784505
-0.6864011
-0.68571067
-0.6863002
-0.6932813
-0.6903885
-0.6840499
-0.6928441
-0.68756926
-0.6912692
-0.6968953
-0.6886238
-0.6843461
-0.6893253
-0.6909701
-0.694493
-0.6936887
-0.6929905
-0.69680464
-0.68731457
-0.69602734
-0.69409776
-0.68861544
-0.69236684
-0.692088
-0.69093025
-0.69342136
-0.6899079
-0.68931
-0.68974495
-0.69165456
-0.6888726
-0.6924008
-0.6979786
-0.6893075
-0.6946264
-0.6952329
-0.6946963
-0.69575655
-0.69522643
-0.68801665
-0.69090027
-0.69611704
-0.6951566
-0.6947792
-0.69013757
-0.6928348
-0.69430375
-0.69906896
-0.69122744
-0.6955446
-0.6898849
-0.692432
-0.69394195
-0.6887352
-0.68243396
-0.6955556
-0.69579244
-0.69700176
-0.6957857
-0.6967184
-0.6932731
-0.6897871
-0.69481254
-0.6943352
-0.6953835
-0.69171965
-0.69732267
-0.69593483
-0.6934181
-0.6976469
-0.6979624
-0.696897
-0.6917336
-0.6982491
-0.6916961
-0.6923919
-0.6886763
-0.69554365
-0.6945539
-0.69803756
-0.6941067
-0.6912197
-0.6935248
-0.69385135
-0.6905461
-0.7011046
-0.6931215
-0.69180995
-0.6975661
-0.69287765
-0.69130766
-0.69093823
-0.69943583
-0.6989639
-0.6936742
-0.6980565
-0.6885004
-0.68872124
-0.6893631
-0.69166964
-0.6937143
-0.6908149
-0.6957859
-0.6860718
-0.6941795
-0.6917265
-0.6932272
-0.69020253
-0.69141054
-0.6953126
-0.6908375
-0.6996213
-0.6951888
-0.68943244
-0.6941578
-0.6966107
-0.6939143
-0.6950585
-0.6923017
-0.6970718
-0.6910142
-0.69349337
-0.700578
-0.69634163
-0.69550794
-0.6966473
-0.69556195
-0.69423485
-0.6951501
-0.7028292
-0.6935713
-0.6977526
-0.70092195
-0.7015417
-0.69850683
-0.6928052
-0.6931374
-0.69733787
-0.69847953
-0.69777095
-0.6967945
-0.69465613
-0.6940818
-0.6935508
-0.6981438
-0.694599
-0.6923645
-0.69139475
-0.6927209
-0.70091915
-0.69719106
-0.6957979
-0.69511664
-0.693136
-0.698281
-0.68958247
-0.697052
-0.6988609
-0.7042641
-0.6963591
-0.69502085
-0.70244855
-0.70000327
-0.69776756
-0.6949664
-0.69321096
-0.69400954
-0.702727
-0.6973538
-0.69165075
-0.69327295
-0.7016401
-0.69326544
-0.70149785
-0.69377935
-0.69753027
-0.6979851
-0.703094
-0.70001876
-0.69688505
-0.7003337
-0.6912793
-0.69546014
-0.69936705
-0.7042617
-0.70132804
-0.69575113
-0.70256484
-0.7002706
-0.69204503
-0.6901748
-0.6984247
-0.6999538
-0.7015462
-0.6962807
-0.69846046
-0.7005715
-0.6958668
-0.6960632
-0.69607407
-0.6959452
-0.6941967
-0.69336027
-0.6986451
-0.6966228
-0.6945692
-0.7048023
-0.6998665
-0.7002399
-0.7020828
-0.6971348
-0.6964247
-0.69612527
-0.69338393
-0.7036047
-0.70404834
-0.6932607
-0.69912326
-0.6969325
-0.6956792
-0.6991961
-0.70438975
-0.6993127
-0.69300824
-0.7002025
-0.7030546
-0.699821
-0.6987079
-0.69757426
-0.6952774
-0.6887544
-0.69088537
-0.70221704
-0.6889719
-0.69973445
-0.69656646
-0.6916944
-0.69913787
-0.7020038
-0.69391793
-0.6991594
-0.69861394
-0.69961774
-0.7001448
-0.6922433
-0.6956252
-0.698653
-0.69486666
-0.7008477
-0.6987017
-0.6973344
-0.69458544
-0.6936665
-0.695661
-0.70119613
-0.6985147
-0.7010926
-0.7052707
-0.70097715
-0.69927686
-0.6997962
-0.7011361
-0.69514674
-0.6968593
-0.69457144
-0.69546086
-0.6991243
-0.69575745
-0.6975361
-0.69115204
-0.69589716
-0.7006588
-0.69611126
-0.69617164
-0.69021595
-0.68904155
-0.6931645
-0.69330204
-0.69952744
-0.69164985
-0.69153184
-0.6876537
-0.6897875
-0.69066584
-0.6946967
-0.6956822
-0.6916181
-0.6916798
-0.6887121
-0.69131356
-0.6933414
-0.68738866
-0.69028336
-0.6881225
-0.6872017
-0.6913541
-0.69396484
-0.6925166
-0.688129
-0.6946418
-0.6899188
-0.69819105
-0.6880359
-0.69836915
-0.6958184
-0.69444793
-0.695092
-0.6982141
-0.70327455
-0.7022668
-0.6995729
-0.69932914
-0.6950723
-0.6917822
-0.7004316
-0.7026881
-0.69319516
-0.69999814
-0.6962832
-0.69838
-0.6995646
-0.7033562
-0.703007
-0.70242333
-0.703594
-0.69550955
-0.70283884
-0.6951806
-0.70031
-0.7023263
-0.70207906
-0.70229
-0.70509773
-0.70324695
-0.7014951
-0.69931996
-0.70610076
-0.70487666
-0.7010262
-0.699727
-0.70070237
-0.697575
-0.7007687
-0.6988685
-0.70526373
-0.6956103
-0.6951112
-0.69816923
-0.6990778
-0.70623463
-0.7019551
-0.70229256
-0.69919
-0.69744784
-0.7013725
-0.7006286
-0.6991541
-0.6952603
-0.7017143
-0.7030279
-0.6993453
-0.70595866
-0.693191
-0.70370823
-0.7053749
-0.69859135
-0.7007322
-0.7052754
-0.69729865
-0.69985557
-0.6999884
-0.70035905
-0.699866
-0.7039596
-0.7018326
-0.6972384
-0.6990184
-0.7004574
-0.6968369
-0.6929304
-0.7001077
-0.700709
-0.70046717
-0.7015936
-0.7005654
-0.6976275
-0.70860755
-0.70279974
-0.7020388
-0.7047079
-0.6994699
-0.7028924
-0.7005641
-0.70405126
-0.69642115
-0.70089436
-0.700337
-0.7001752
-0.7019303
-0.7016297
-0.69964415
-0.7007425
-0.7000444
-0.70248455
-0.7007501
-0.70005107
-0.70080954
-0.6996228
-0.70153326
-0.69528425
-0.7033288
-0.7039136
-0.7048581
-0.707095
-0.707008
-0.7070955
-0.709696
-0.7028384
-0.69628197
-0.7034703
-0.7024734
-0.70013666
-0.69991803
-0.70076364
-0.6984075
-0.700678
-0.69315034
-0.69958174
-0.7016059
-0.70275855
-0.6943036
-0.702549
-0.70116204
-0.7009291
-0.693658
-0.6968265
-0.7013283
-0.70252836
-0.70263284
-0.69971454
-0.7028496
-0.7027624
-0.70183164
-0.6982138
-0.6959924
-0.69810283
-0.7042163
-0.705043
-0.6945662
-0.70135885
-0.70189565
-0.70207834
-0.6963846
-0.7043371
-0.7003429
-0.7043958
-0.70262253
-0.7018987
-0.7057547
-0.69999915
-0.69724464
-0.6957269
-0.70913136
-0.6968223
-0.6991181
-0.7099898
-0.7015138
-0.69982934
-0.6992553
-0.70273507
-0.70076853
-0.7015871
-0.69832075
-0.7026168
-0.70176643
-0.70489466
-0.6965151
-0.7038189
-0.70432246
-0.70105
-0.7045523
-0.69559616
-0.70308656
-0.70132315
-0.69952476
-0.6980944
-0.70158243
-0.69689983
-0.7005282
-0.70568633
-0.6995971
-0.7069661
-0.6952764
-0.6992704
-0.6963244
-0.6910347
-0.6928906
-0.69919455
-0.706006
-0.6969829
-0.6987057
-0.70325774
-0.69711286
-0.69860506
-0.70387435
-0.7004221
-0.70185906
-0.6930344
-0.696248
-0.703393
-0.7020581
-0.7025292
-0.6968716
-0.6930091
-0.70563215
-0.70453537
-0.6970648
-0.6966872
-0.70525235
-0.69876283
-0.6983932
-0.7016078
-0.6967128
-0.7051722
-0.70087004
-0.70277184
-0.70322925
-0.69829965
-0.70495206
-0.69989455
-0.69649017
-0.7012724
-0.7056485
-0.703374
-0.7088161
-0.7045533
-0.702864
-0.70662373
-0.70030427
-0.705412
-0.7032651
-0.7028715
-0.7063237
-0.71176165
-0.70626557
-0.70215845
-0.709251
-0.7038328
-0.7054826
-0.70382494
-0.71127003
-0.7063615
-0.70432055
-0.6980069
-0.70326704
-0.7047548
-0.70736814
-0.6977213
-0.70523125
-0.7017003
-0.70048517
-0.699247
-0.7030409
-0.7019529
-0.70399183
-0.69113845
-0.70562494
-0.70281726
-0.70253795
-0.7044339
-0.6971936
-0.7048837
-0.7100792
-0.70354307
-0.7044951
-0.71144503
-0.7051678
-0.70276654
-0.69869995
-0.71001726
-0.70311517
-0.7097556
-0.70723313
-0.69792897
-0.70339686
-0.7003837
-0.7052851
-0.7070739
-0.7061099
-0.6992983
-0.7049026
-0.70113236
-0.70502436
-0.70653296
-0.7000336
-0.70896214
-0.7102071
-0.69643044
-0.70704156
-0.7026098
-0.69935316
-0.7010984
-0.7089829
-0.69808185
-0.7073431
-0.698466
-0.7072058
-0.7019242
-0.7033115
-0.69971347
-0.70374906
-0.7069989
-0.70248145
-0.7099306
-0.7069272
-0.70127946
-0.70679575
-0.7082656
-0.7094782
-0.7072403
-0.7062074
-0.7030607
-0.70406
-0.70830977
-0.7066688
-0.7036424
-0.7074171
-0.7067604
-0.70307076
-0.70721
-0.7075039
-0.7085209
-0.7061412
-0.7006091
-0.70434666
-0.70635813
-0.7035573
-0.6919418
-0.70565784
-0.70333034
-0.7019515
-0.7026897
-0.70470744
-0.70730734
-0.6972917
-0.70242286
-0.70299083
-0.6981785
-0.70116174
-0.70458925
-0.7027916
-0.70666546
-0.69684404
-0.7018718
-0.69561166
-0.70350015
-0.69890016
-0.69870186
-0.7003349
-0.7017805
-0.69604343
-0.7006488
-0.69469476
-0.6997498
-0.7011301
-0.70486945
-0.70447814
-0.6983317
-0.6986061
-0.70094585
-0.6983682
-0.7043818
-0.6979128
-0.70305055
-0.69543594
-0.70026475
-0.7011858
-0.69488394
-0.7019906
-0.6998133
-0.69672865
-0.69743943
-0.69120914
-0.69629866
-0.6927702
-0.70867497
-0.70170647
-0.6977815
-0.6990677
-0.700083
-0.69829524
-0.69625247
-0.7029587
-0.69811636
-0.69582593
-0.70440614
-0.7034963
-0.7035229
-0.69911444
-0.7016419
-0.6972725
-0.7036414
-0.7002258
-0.7029783
-0.7011799
-0.70721817
-0.70278937
-0.6974994
-0.7060866
-0.69981074
-0.70230275
-0.7039342
-0.7061937
-0.7068843
-0.70047045
-0.70864695
-0.697129
-0.7082651
-0.70237577
-0.7089824
-0.7141826
-0.70365894
-0.7056082
-0.7098398
-0.71078473
-0.6958486
-0.7030635
-0.709935
-0.7084789
-0.70671856
-0.7012288
-0.70880705
-0.70750344
-0.70827997
-0.70482
-0.7006587
-0.7041654
-0.70508796
-0.7048749
-0.70562947
-0.7056868
-0.7089819
-0.70644504
-0.70689356
-0.7094375
-0.7079008
-0.7095379
-0.7048953
-0.7016315
-0.70472
-0.70642877
-0.70048827
-0.6993192
-0.70257133
-0.7058286
-0.70313615
-0.7052081
-0.7112397
-0.7051444
-0.7055512
-0.699788
-0.7081879
-0.7054804
-0.69809073
-0.7061989
-0.70256585
-0.7017591
-0.70935047
-0.70590913
-0.71136934
-0.7018347
-0.70620406
-0.70491415
-0.7061106
-0.71095157
-0.7069013
-0.70532024
-0.70609206
-0.71386826
-0.70315
-0.7046156
-0.7081476
-0.70313036
-0.70821
-0.7019283
-0.70794123
-0.70676595
-0.7057294
-0.7014265
-0.70536524
-0.7024719
-0.70815194
-0.7090919
-0.7104337
-0.7047047
-0.707553
-0.70820975
-0.7093149
-0.71098876
-0.70354617
-0.70628494
-0.70842576
-0.7149363
-0.6989528
-0.7081587
-0.70928884
-0.70804834
-0.70691633
-0.70898825
-0.7079041
-0.7024939
-0.7099659
-0.7120278
-0.70719486
-0.7024378
-0.70651996
-0.70618176
-0.70904905
-0.70520633
-0.7052985
-0.7096279
-0.70852804
-0.7111414
-0.70936936
-0.70369697
-0.71032727
-0.70341533
-0.70881647
-0.71640027
-0.7109157
-0.7094572
-0.7092739
-0.70513
-0.709935
-0.7100051
-0.70955384
-0.7065757
-0.7095383
-0.7096127
-0.70755666
-0.7104341
-0.70776236
-0.70792097
-0.7106578
-0.71053517
-0.7038646
-0.713008
-0.7053517
-0.71076167
-0.70967025
-0.71596533
-0.70664036
-0.7030023
-0.71319056
-0.7053797
-0.70735645
-0.71470386
-0.7116998
-0.7056107
-0.710716
-0.71061146
-0.7127837
-0.7037736
-0.70636314
-0.70689887
-0.705854
-0.71372473
-0.70554554
-0.70776105
-0.7084815
-0.715316
-0.7001174
-0.7061456
-0.70851094
-0.7064131
-0.7106663
-0.7108034
-0.70964485
-0.7103244
-0.7064243
-0.70649743
-0.7116738
-0.7068487
-0.7073745
-0.7096161
-0.7025483
-0.70645356
-0.7054313
-0.70969677
-0.70829284
-0.70453304
-0.7111596
-0.7145008
-0.7111442
-0.7154549
-0.7105204
-0.70747864
-0.71330214
-0.71048313
-0.7076596
-0.70911074
-0.709328
-0.7048072
-0.70847094
-0.7097349
-0.70500004
-0.71378285
-0.7126168
-0.70559967
-0.7042025
-0.7067037
-0.711219
-0.7084046
-0.711508
-0.7127336
-0.71175337
-0.7100091
-0.70540756
-0.7141918
-0.7065372
-0.7071133
-0.70856106
-0.7143557
-0.7116777
-0.70862037
-0.70531553
-0.71515346
-0.7119762
-0.7084265
-0.7130207
-0.7114751
-0.70614815
-0.7131174
-0.7052583
-0.71009374
-0.70960504
-0.7087508
-0.7104728
-0.70683646
-0.7147067
-0.7128183
-0.7080064
-0.7113189
-0.71426696
-0.7095812
-0.7091409
-0.7111636
-0.70694256
-0.7057757
-0.7102743
-0.71092063
-0.7137412
-0.70961696
-0.71493155
-0.7121144
-0.7099334
-0.706819
-0.7105974
-0.7077225
-0.70752233
-0.70963854
-0.71025383
-0.7038611
-0.7120436
-0.7087815
-0.7094526
-0.71655965
-0.70880634
-0.70523196
-0.7091015
-0.7073433
-0.71189135
-0.7151489
-0.7127453
-0.7128436
-0.7187381
-0.71122795
-0.71151567
-0.70842767
-0.71474355
-0.712544
-0.7062551
-0.71324044
-0.713242
-0.70785165
-0.7095536
-0.7167834
-0.708739
-0.7097697
-0.70725226
-0.7063107
-0.71120787
-0.70733595
-0.70739454
-0.7096723
-0.7090366
-0.70580244
-0.7045034
-0.7139425
-0.71230733
-0.71436125
-0.70550364
-0.7124616
-0.7090411
-0.7114374
-0.70872426
-0.710849
-0.70824367
-0.71329695
-0.7097837
-0.7106311
-0.71787935
-0.70531774
-0.7175234
-0.7092906
-0.7122485
-0.7059321
-0.7089753
-0.70931536
-0.71061516
-0.7053614
-0.7099649
-0.71059275
-0.71590716
-0.7080444
-0.7130824
-0.7122295
-0.7159018
-0.7166517
-0.70847225
-0.71108204
-0.70578855
-0.71261203
-0.70321894
-0.70154494
-0.7096132
-0.7106822
-0.71097
-0.71361685
-0.71260256
-0.7129115
-0.7084005
-0.7116031
-0.712253
-0.7127636
-0.72028095
-0.71432716
-0.71541995
-0.7146032
-0.7170666
-0.7144847
-0.7137142
-0.71816087
-0.7146965
-0.71401584
-0.71204233
-0.711447
-0.708696
-0.71510726
-0.7152813
-0.71035874
-0.7137319
-0.7139513
-0.7114835
-0.708905
-0.71517336
-0.71800154
-0.7124365
-0.7083067
-0.7131201
-0.71601546
-0.71272767
-0.7069587
-0.7161732
-0.71136844
-0.7081519
-0.7104932
-0.72095877
-0.7117579
-0.7164975
-0.71161586
-0.72107506
-0.7112322
-0.7143321
-0.7114855
-0.7105012
-0.71783525
-0.7121241
-0.70924044
-0.71041304
-0.7097933
-0.71066815
-0.70645654
-0.71321183
-0.7160031
-0.7084687
-0.7031268
-0.7128827
-0.70905745
-0.71304566
-0.7131711
-0.71077466
-0.71377057
-0.7093445
-0.71404016
-0.7125668
-0.71952593
-0.7131841
-0.7137353
-0.7101633
-0.7111666
-0.70466226
-0.7128887
-0.7129589
-0.7112953
-0.71163005
-0.7105071
-0.71367604
-0.7109166
-0.7060673
-0.7164846
-0.71075326
-0.7099007
-0.7133486
-0.70565313
-0.71310425
-0.7156516
-0.7120733
-0.7126118
-0.7061144
-0.7156213
-0.7084471
-0.7107828
-0.712931
-0.7170575
-0.7117822
-0.71743274
-0.70961213
-0.7134603
-0.715627
-0.7106629
-0.71697444
-0.7141245
-0.71509516
-0.71173334
-0.70743364
-0.71359694
-0.71701056
-0.71737075
-0.71120757
-0.7084239
-0.71545243
-0.71671236
-0.7115627
-0.71296304
-0.7126011
-0.7140799
-0.7140275
-0.7133728
-0.7058077
-0.715171
-0.71236897
-0.7158663
-0.7116493
-0.71479744
-0.7121657
-0.7108634
-0.71510667
-0.706433
-0.708071
-0.7103195
-0.7189636
-0.71334666
-0.71821034
-0.713509
-0.7163386
-0.7146469
-0.71093184
-0.71762824
-0.71546614
-0.71565163
-0.71321094
-0.7172597
-0.71545863
-0.7171004
-0.71493894
-0.7103293
-0.7214086
-0.71455157
-0.7172154
-0.71614635
-0.719756
-0.7135185
-0.7093721
-0.71190643
-0.7214618
-0.7148786
-0.7183695
-0.7149496
-0.71396804
-0.71321183
-0.7163776
-0.7110903
-0.7160681
-0.713393
-0.710319
-0.71263945
-0.71921545
-0.715957
-0.7164948
-0.7168055
-0.7136726
-0.7101768
-0.70961547
-0.71543014
-0.70924026
-0.7147742
-0.7073996
-0.7110014
-0.706365
-0.71074116
-0.7104783
-0.7144584
-0.7134545
-0.70750815
-0.7219907
-0.7144714
-0.7088021
-0.71624285
-0.71004474
-0.7133624
-0.71580046
-0.7167245
-0.71524626
-0.7143177
-0.7144615
-0.7127841
-0.7183072
-0.71663487
-0.71042436
-0.7101343
-0.71840256
-0.7185058
-0.71068424
-0.714224
-0.7097664
-0.71439356
-0.7120345
-0.7101813
-0.7170146
-0.7162587
-0.7212287
-0.7142654
-0.71347564
-0.72001946
-0.7119825
-0.7191181
-0.714229
-0.7159836
-0.71479493
-0.7130429
-0.71637505
-0.7127453
-0.7103245
-0.7203717
-0.7146034
-0.71557343
-0.70890474
-0.7154583
-0.72140276
-0.71368885
-0.7140957
-0.7135291
-0.71327597
-0.712988
-0.7066997
-0.7170007
-0.7147312
-0.7169508
-0.7161802
-0.7141018
-0.7067272
-0.7118951
-0.7200524
-0.72037387
-0.7169396
-0.71433604
-0.7158304
-0.71624815
-0.71953857
-0.71801287
-0.7123371
-0.7212747
-0.7148663
-0.7159462
-0.71449685
-0.712397
-0.7167637
-0.7179187
-0.720902
-0.7149039
-0.7204148
-0.71528447
-0.7131953
-0.71802056
-0.71394634
-0.7154564
-0.7161127
-0.7230756
-0.7094145
-0.7165605
-0.710525
-0.71138906
-0.71211654
-0.7143805
-0.7152116
-0.71257144
-0.71652585
-0.7166819
-0.7114807
-0.7178762
-0.71297264
-0.7170237
-0.7136211
-0.7142205
-0.71362907
-0.7192563
-0.7146733
-0.7206424
-0.7174272
-0.71601313
-0.71209633
-0.71502167
-0.7160883
-0.7139959
-0.7209067
-0.70402426
-0.71526164
-0.7088231
-0.7161573
-0.71136266
-0.7174383
-0.71599
-0.70959544
-0.7157406
-0.71782136
-0.71737564
-0.72039044
-0.71858734
-0.72223336
-0.7222057
-0.7179781
-0.72132576
-0.7189225
-0.7158977
-0.7149162
-0.71675736
-0.71255195
-0.71765655
-0.71972865
-0.71495897
-0.71379507
-0.71495247
-0.71587163
-0.7179938
-0.7133509
-0.712515
-0.72141105
-0.71526134
-0.7192335
-0.7219256
-0.7164235
-0.7184329
-0.7218144
-0.7165029
-0.7174268
-0.7231298
-0.7168922
-0.7190427
-0.71419054
-0.7193682
-0.7228402
-0.7179783
-0.72648567
-0.71567905
-0.7195209
-0.71762097
-0.7212724
-0.7228845
-0.7188621
-0.71314806
-0.71610636
-0.724947
-0.71587175
-0.7171562
-0.7173959
-0.7192209
-0.7134933
-0.7144733
-0.71603876
-0.7090351
-0.71521264
-0.7181606
-0.7182043
-0.71834713
-0.7157623
-0.7186063
-0.7190063
-0.71513677
-0.71842235
-0.71321356
-0.7170558
-0.71643436
-0.71939
-0.7220958
-0.72260666
-0.72101307
-0.7169879
-0.718893
-0.7209383
-0.7222566
-0.71901864
-0.71973246
-0.71622586
-0.71897745
-0.71324855
-0.72650373
-0.72071296
-0.7142834
-0.72060776
-0.7260505
-0.7163751
-0.7211787
-0.72097933
-0.7177014
-0.71777564
-0.7235414
-0.71726143
-0.72256464
-0.71716535
-0.71882915
-0.71924126
-0.7171748
-0.72067326
-0.7208452
-0.726831
-0.71815985
-0.71528435
-0.71729094
-0.72353107
-0.72098976
-0.720013
-0.7223229
-0.71875167
-0.718005
-0.72307986
-0.7166274
-0.71593696
-0.71627265
-0.723196
-0.71988285
-0.71628535
-0.7208941
-0.7199904
-0.721922
-0.71916485
-0.71585864
-0.7191368
-0.71672034
-0.7187989
-0.71960115
-0.715998
-0.71786195
-0.722624
-0.71566516
-0.7217685
-0.71983016
-0.72293466
-0.72459185
-0.7207915
-0.71693915
-0.71579725
-0.721377
-0.7182554
-0.72157055
-0.7213725
-0.7212789
-0.72011644
-0.71578145
-0.7210421
-0.71444076
-0.7198719
-0.7214889
-0.7166076
-0.7257106
-0.71859336
-0.7200045
-0.7227942
-0.71225834
-0.7248142
-0.7144719
-0.72383064
-0.72114384
-0.7222214
-0.7173671
-0.7178836
-0.7211784
-0.71755946
-0.71831733
-0.7196353
-0.71820647
-0.71882427
-0.72068167
-0.7239348
-0.7189576
-0.72142285
-0.7173299
-0.7183034
-0.7234405
-0.7183516
-0.7173059
-0.7195614
-0.71809304
-0.7208295
-0.7170256
-0.7156553
-0.7177547
-0.7104541
-0.71543443
-0.7168176
-0.71532667
-0.7200443
-0.7187386
-0.7169833
-0.71343917
-0.71345997
-0.7177614
-0.72125286
-0.72218823
-0.71984875
-0.71574736
-0.7175901
-0.7179364
-0.7212639
-0.717668
-0.72031796
-0.719366
-0.71768475
-0.71740544
-0.73106635
-0.7221337
-0.7102179
-0.7306273
-0.71989155
-0.71872616
-0.721107
-0.71968365
-0.7227353
-0.72139645
-0.71840763
-0.7206894
-0.72438395
-0.7258971
-0.72524273
-0.72194326
-0.715846
-0.71621627
-0.7202862
-0.724178
-0.72001284
-0.72743577
-0.72689956
-0.72807103
-0.72483313
-0.7203966
-0.7206362
-0.72587377
-0.72261775
-0.7192919
-0.7230832
-0.72319317
-0.71938884
-0.72245294
-0.7200104
-0.72298867
-0.7173074
-0.7209046
-0.7146225
-0.72622645
-0.7202174
-0.7177719
-0.7184657
-0.7182044
-0.7264789
-0.7201745
-0.72563857
-0.72602147
-0.72258365
-0.7175187
-0.7177067
-0.7223582
-0.7231773
-0.7196122
-0.71910036
-0.72352
-0.7211796
-0.7213543
-0.7241499
-0.71574533
-0.7164383
-0.72158355
-0.7253588
-0.72622555
-0.7243002
-0.719461
-0.7200356
-0.7211138
-0.71824664
-0.7212905
-0.72324157
-0.7262059
-0.719382
-0.7184636
-0.72018075
-0.72049576
-0.72102916
-0.7281753
-0.7288731
-0.72710526
-0.72731054
-0.72256047
-0.7243641
-0.72268337
-0.7263708
-0.7224016
-0.72330207
-0.72494566
-0.7238144
-0.7225083
-0.7231864
-0.7275562
-0.7246278
-0.7220998
-0.7258787
-0.72376317
-0.72429806
-0.7243927
-0.72102773
-0.7239446
-0.7293112
-0.7185343
-0.724798
-0.7232466
-0.7218818
-0.73044777
-0.7244163
-0.7248119
-0.72291964
-0.7256887
-0.7272312
-0.7307689
-0.7244554
-0.7235629
-0.7262799
-0.72353166
-0.71753174
-0.722534
-0.72483045
-0.7286666
-0.7233296
-0.7263109
-0.7250603
-0.7265094
-0.72711754
-0.7316397
-0.7236283
-0.72288054
-0.72173536
-0.7268173
-0.7182307
-0.72583026
-0.7286083
-0.7319076
-0.7207359
-0.72174305
-0.7235385
-0.7272216
-0.725842
-0.7264784
-0.72001743
-0.71658057
-0.72384924
-0.72545063
-0.7224587
-0.7306518
-0.7271275
-0.7254564
-0.7208814
-0.7262922
-0.7266755
-0.7214063
-0.7284219
-0.72836107
-0.72637856
-0.7292915
-0.7262436
-0.72438043
-0.7282271
-0.73032176
-0.7227308
-0.7255405
-0.727573
-0.72086996
-0.724261
-0.7299145
-0.72107667
-0.7297722
-0.7317629
-0.72153074
-0.72389644
-0.7218235
-0.727545
-0.72849315
-0.72062504
-0.72268057
-0.73112047
-0.73106617
-0.7305745
-0.72606134
-0.7240256
-0.72503614
-0.7269943
-0.72731787
-0.72169906
-0.72664726
-0.72450686
-0.72513294
-0.72603494
-0.7247556
-0.72067827
-0.72911525
-0.7287956
-0.7258158
-0.7316333
-0.7223555
-0.72631663
-0.7262019
-0.7273753
-0.7278819
-0.7256122
-0.7281252
-0.72353286
-0.7246387
-0.73070705
-0.7313552
-0.7240396
-0.7283842
-0.72443235
-0.7315424
-0.7284098
-0.7285282
-0.7258406
-0.72357094
-0.72841215
-0.73155046
-0.7296416
-0.72875285
-0.7279512
-0.72672915
-0.72658795
-0.7319714
-0.7296677
-0.7294497
-0.7319279
-0.73135495
-0.7301756
-0.726242
-0.7325918
-0.73196524
-0.7280149
-0.72711915
-0.72928184
-0.7273176
-0.7332375
-0.7310769
-0.7320859
-0.72692037
-0.7282052
-0.72780305
-0.7289397
-0.72981006
-0.7350768
-0.7247538
-0.731303
-0.72358954
-0.7320341
-0.7276286
-0.7257661
-0.73253876
-0.7289164
-0.7265976
-0.7322583
-0.7276084
-0.73309624
-0.7309413
-0.72595245
-0.7266621
-0.730635
-0.7237984
-0.7324752
-0.7329701
-0.7315376
-0.72652864
-0.7260936
-0.7240975
-0.7348046
-0.7309117
-0.7321835
-0.73174465
-0.7307119
-0.72557974
-0.7301911
-0.7302223
-0.72786033
-0.7332566
-0.7295542
-0.7341609
-0.733785
-0.72916716
-0.7269031
-0.7351479
-0.7343271
-0.72454596
-0.72854775
-0.73067576
-0.7279564
-0.73284525
-0.72495854
-0.7289799
-0.7245896
-0.7295443
-0.72963864
-0.728356
-0.73093987
-0.7277475
-0.7358006
-0.7301316
-0.7334624
-0.73481697
-0.7286137
-0.7285997
-0.73313826
-0.72647876
-0.7329326
-0.73790437
-0.7346936
-0.73510873
-0.7306755
-0.7314624
-0.72851825
-0.73326486
-0.72963554
-0.7273227
-0.73062325
-0.7292804
-0.7289486
-0.73206043
-0.7322481
-0.73404956
-0.7296856
-0.7304829
-0.7247674
-0.72957516
-0.7349103
-0.72919077
-0.73407644
-0.72907764
-0.7328888
-0.72965056
-0.7322463
-0.7309863
-0.73099035
-0.7237345
-0.72450215
-0.72803414
-0.7352537
-0.73033094
-0.7312888
-0.73227656
-0.73186374
-0.72908133
-0.72797805
-0.73459977
-0.72910297
-0.73310685
-0.7358249
-0.73182136
-0.73274034
-0.7333951
-0.7324514
-0.7291215
-0.7396675
-0.7343992
-0.7290478
-0.73255223
-0.7285647
-0.73206604
-0.7375211
-0.7363138
-0.73442215
-0.7344024
-0.7313202
-0.7350659
-0.73857605
-0.73661846
-0.735798
-0.73104566
-0.73190016
-0.730772
-0.73029137
-0.7322352
-0.73048115
-0.73184925
-0.7375931
-0.734641
-0.73780775
-0.7300947
-0.7288175
-0.7343912
-0.7362952
-0.7300401
-0.7373777
-0.73204255
-0.7318042
-0.7274644
-0.73155266
-0.7279483
-0.7311713
-0.7247438
-0.73466957
-0.73273534
-0.72822934
-0.73551214
-0.7282829
-0.73107904
-0.7351776
-0.72422516
-0.7385866
-0.73366666
-0.7314743
-0.7345111
-0.72964495
-0.7378261
-0.73505723
-0.7350017
-0.7349353
-0.73748237
-0.7239284
-0.7347041
-0.7321474
-0.730079
-0.72642493
-0.73126554
-0.72691196
-0.7316754
-0.7336171
-0.7379185
-0.7290685
-0.7353247
-0.73434436
-0.7300863
-0.7281946
-0.73415947
-0.72846985
-0.7352941
-0.73574305
-0.73609936
-0.73045903
-0.73343706
-0.7332481
-0.73568946
-0.72570777
-0.734055
-0.73196304
-0.7297869
-0.7314604
-0.7374327
-0.72872365
-0.72418016
-0.73425204
-0.725295
-0.7303758
-0.7295887
-0.7324836
-0.7323738
-0.73152786
-0.73330945
-0.73095065
-0.73247313
-0.732663
-0.7322621
-0.73620516
-0.73621184
-0.73093873
-0.73423785
-0.7341717
-0.7271596
-0.7311926
-0.7335326
-0.732454
-0.7259299
-0.7309827
-0.7364815
-0.73018634
-0.73643684
-0.7349633
-0.73395985
-0.7397661
-0.73872805
-0.7310904
-0.7328433
-0.73644143
-0.7360201
-0.73522604
-0.73711544
-0.73650134
-0.73266256
-0.73475844
-0.73251945
-0.73145664
-0.7343936
-0.7365475
-0.7332351
-0.73488754
-0.73698384
-0.73428345
-0.7302773
-0.73424107
-0.7297182
-0.73409104
-0.7341746
-0.73536015
-0.7385595
-0.73315114
-0.7351445
-0.7279397
-0.7327691
-0.73359907
-0.7362832
-0.73126215
-0.7354212
-0.7398372
-0.7307808
-0.7326636
-0.73507905
-0.73193836
-0.7345506
-0.7333564
-0.73423564
-0.72745794
-0.7339784
-0.73630494
-0.7311505
-0.73225254
-0.73846096
-0.73527884
-0.73297286
-0.735706
-0.7334651
-0.7413939
-0.73805976
-0.734822
-0.73801035
-0.7350994
-0.73975825
-0.7301615
-0.7387083
-0.7329231
-0.73563683
-0.7355735
-0.7359188
-0.73662806
-0.7373316
-0.7373118
-0.74080503
-0.7382794
-0.7385225
-0.7374003
-0.7410624
-0.7357604
-0.73257816
-0.7388054
-0.7373102
-0.7392969
-0.7334275
-0.7324294
-0.73443395
-0.7414349
-0.7382981
-0.73818326
-0.7328639
-0.7341374
-0.7290484
-0.7342359
-0.7405522
-0.7405156
-0.7451309
-0.73936903
-0.7323441
-0.7350149
-0.7353989
-0.73791903
-0.7349821
-0.7353508
-0.7400217
-0.73838025
-0.74037427
-0.7381758
-0.7312428
-0.7388254
-0.7371975
-0.7336067
-0.7328882
-0.73419446
-0.74213713
-0.73830956
-0.7349918
-0.7380779
-0.7361868
-0.7376169
-0.73619485
-0.7350104
-0.73403174
-0.73784167
-0.7378034
-0.73366016
-0.7348299
-0.73587686
-0.742169
-0.7373923
-0.73864484
-0.7354918
-0.73924834
-0.73270667
-0.7293814
-0.7367294
-0.7309406
-0.73589194
-0.7349769
-0.7418241
-0.7374202
-0.7381133
-0.7326211
-0.74482924
-0.7423155
-0.73546547
-0.7383341
-0.7360604
-0.73504156
-0.73702
-0.7339874
-0.7377104
-0.7334906
-0.7381373
-0.7421257
-0.7396232
-0.7365703
-0.7404642
-0.7390135
-0.73675084
-0.7407904
-0.74221647
-0.737837
-0.7426374
-0.7311689
-0.7366805
-0.7408415
-0.7424863
-0.7420915
-0.73629296
-0.7372068
-0.73634464
-0.7367144
-0.7419888
-0.7421059
-0.73880917
-0.739243
-0.7414073
-0.7373667
-0.731443
-0.737138
-0.74699813
-0.74252206
-0.73475623
-0.74737626
-0.7382631
-0.7405759
-0.7406659
-0.7390522
-0.7382333
-0.7364882
-0.74245745
-0.7306015
-0.73637193
-0.7372614
-0.7403579
-0.7395983
-0.735397
-0.7399358
-0.73841465
-0.7287143
-0.74116176
-0.7360385
-0.74113953
-0.7360893
-0.7401983
-0.7377151
-0.7446387
-0.73391485
-0.7418021
-0.74016225
-0.73626053
-0.7382021
-0.7441021
-0.7420965
-0.74562615
-0.7359669
-0.73958886
-0.7418429
-0.7425925
-0.74096364
-0.7409336
-0.73934877
-0.73811674
-0.7412959
-0.73635393
-0.7364577
-0.73803467
-0.7390795
-0.73061043
-0.7319911
-0.7390748
-0.738767
-0.7306094
-0.7410978
-0.7408949
-0.7464466
-0.742277
-0.74595785
-0.74203193
-0.74565
-0.7413733
-0.7382938
-0.7394137
-0.73730284
-0.7363853
-0.7380312
-0.7330027
-0.7375083
-0.7404987
-0.73638815
-0.738667
-0.7334965
-0.7382953
-0.73601216
-0.73425186
-0.7350778
-0.74376655
-0.7378129
-0.7450135
-0.737574
-0.7420121
-0.73630697
-0.73695236
-0.74049693
-0.7387459
-0.74720925
-0.74047834
-0.7371915
-0.73601574
-0.73563117
-0.7367754
-0.74280274
-0.74184495
-0.7400968
-0.73588836
-0.73714
-0.73365575
-0.73554087
-0.74199474
-0.73332316
-0.7415317
-0.7447103
-0.7393707
-0.73874456
-0.7424311
-0.7397683
-0.7388089
-0.74124414
-0.74033356
-0.73988116
-0.7420296
-0.7439078
-0.73773444
-0.74158114
-0.737328
-0.736613
-0.7320198
-0.7378745
-0.740684
-0.7389143
-0.73747677
-0.73613524
-0.7395465
-0.7384813
-0.73456055
-0.7407917
-0.73095524
-0.74103314
-0.7380402
-0.74126035
-0.74050945
-0.7420464
-0.7426719
-0.7370722
-0.7408814
-0.74063003
-0.74352866
-0.7417444
-0.73870236
-0.7371219
-0.74648774
-0.7405596
-0.7399176
-0.74396914
-0.74009824
-0.7442814
-0.74940705
-0.74173445
-0.7368465
-0.74670535
-0.7442276
-0.7424039
-0.74185205
-0.74370766
-0.74365675
-0.7401008
-0.7485887
-0.7372847
-0.7441025
-0.7384724
-0.74384993
-0.7401548
-0.74350286
-0.7417755
-0.736585
-0.7351988
-0.73840743
-0.74081385
-0.7401614
-0.74152297
-0.7399195
-0.737877
-0.74047726
-0.7407052
-0.7427805
-0.74247026
-0.7422236
-0.7420299
-0.7491481
-0.7487263
-0.7425856
-0.7448824
-0.744814
-0.74441737
-0.7451485
-0.7459996
-0.7434037
-0.74007654
-0.7451195
-0.74628186
-0.73929477
-0.7399621
-0.7393211
-0.7372094
-0.74184126
-0.7420637
-0.739677
-0.75228506
-0.7390779
-0.7399643
-0.7397286
-0.7430978
-0.7446402
-0.7405278
-0.7373764
-0.7436019
-0.7478547
-0.74133134
-0.74738926
-0.74096763
-0.7448725
-0.7464043
-0.73771244
-0.7470292
-0.73779994
-0.7462481
-0.74044263
-0.74253005
-0.7424383
-0.74261963
-0.74039614
-0.7447145
-0.738996
-0.7445093
-0.738776
-0.7438058
-0.7423514
-0.73799306
-0.7455571
-0.74358565
-0.74842316
-0.7434828
-0.73764473
-0.7348268
-0.7423068
-0.73918647
-0.7390584
-0.7455556
-0.7475919
-0.73972726
-0.7481314
-0.74531966
-0.74412507
-0.74204874
-0.7398613
-0.74089605
-0.7458974
-0.741838
-0.7431344
-0.7423233
-0.74615324
-0.7448339
-0.74471
-0.74586135
-0.74309903
-0.7448166
-0.7403069
-0.7417287
-0.7456293
-0.74274164
-0.7406462
-0.7446476
-0.7404987
-0.747204
-0.74433166
-0.74469656
-0.74200815
-0.7466846
-0.7324188
-0.7402693
-0.7434133
-0.7454666
-0.7410705
-0.7422102
-0.7421654
-0.74486786
-0.74812174
-0.74289346
-0.73991805
-0.7451967
-0.74367976
-0.74356824
-0.7441337
-0.74509805
-0.7456896
-0.7422962
-0.7467736
-0.7406277
-0.74693495
-0.74401265
-0.74630857
-0.7503843
-0.738159
-0.74635464
-0.74807566
-0.73944604
-0.7435393
-0.7451627
-0.7468183
-0.7489938
-0.74576527
-0.7430851
-0.7391265
-0.7517634
-0.75141
-0.7404253
-0.74816287
-0.74960595
-0.7421584
-0.75007653
-0.74634594
-0.74306256
-0.74057335
-0.750829
-0.7463446
-0.74605465
-0.748233
-0.7452605
-0.7448633
-0.7433814
-0.74647504
-0.75097644
-0.7402425
-0.74794567
-0.74605757
-0.74854714
-0.74992394
-0.7509455
-0.7470165
-0.746881
-0.7444801
-0.7545188
-0.74363756
-0.74643713
-0.7469332
-0.7524275
-0.74393576
-0.7500387
-0.74494284
-0.7464201
-0.7503645
-0.74843097
-0.7476602
-0.7403635
-0.7465365
-0.7479506
-0.7442721
-0.7462682
-0.7496041
-0.74336207
-0.7491457
-0.7458958
-0.74470246
-0.7465187
-0.74805874
-0.7488204
-0.74426585
-0.7432
-0.7461229
-0.7475474
-0.73783547
-0.7478491
-0.7475404
-0.74923223
-0.7488676
-0.74568164
-0.74175745
-0.7450856
-0.74611545
-0.74432045
-0.7407742
-0.7456251
-0.7513826
-0.74782366
-0.7476962
-0.7545945
-0.74578685
-0.7491657
-0.74326897
-0.74869734
-0.75422955
-0.7510151
-0.74832034
-0.74534196
-0.74862826
-0.7510676
-0.747315
-0.7481546
-0.75030667
-0.7475888
-0.7485655
-0.74569106
-0.7449573
-0.74474984
-0.75151896
-0.7469265
-0.7543454
-0.74737257
-0.7476041
-0.7531106
-0.748391
-0.7525482
-0.75114703
-0.74004567
-0.75051355
-0.7499223
-0.7511557
-0.7527338
-0.74965036
-0.75214976
-0.75194937
-0.7530185
-0.75270736
-0.74869174
-0.74767905
-0.745981
-0.747585
-0.7454435
-0.7483688
-0.7480333
-0.74108607
-0.74281687
-0.74608946
-0.74233764
-0.7472722
-0.7486436
-0.7412806
-0.74399614
-0.7511762
-0.7436903
-0.7434882
-0.7498032
-0.7454655
-0.7463452
-0.7499303
-0.7562236
-0.74565274
-0.7484012
-0.7482016
-0.7537019
-0.7472038
-0.7523044
-0.74203914
-0.7469266
-0.74930924
-0.7570959
-0.74654263
-0.74582714
-0.74968296
-0.7493206
-0.7454291
-0.75103563
-0.7485239
-0.7481855
-0.7485046
-0.7478792
-0.7473675
-0.7533639
-0.74561477
-0.74831754
-0.7466323
-0.7521827
-0.7450345
-0.7550919
-0.74355
-0.75118464
-0.74762446
-0.74719214
-0.75546235
-0.7505831
-0.7490978
-0.7461602
-0.7471567
-0.74625266
-0.75389117
-0.7487781
-0.75111204
-0.7492326
-0.75015056
-0.7494457
-0.746967
-0.7396242
-0.7557126
-0.75313073
-0.7538888
-0.7473406
-0.7493726
-0.74510044
-0.74405223
-0.74727553
-0.7506546
-0.7554501
-0.75001067
-0.751653
-0.7469451
-0.7554395
-0.7502097
-0.7487672
-0.75493807
-0.7458077
-0.748223
-0.75009453
-0.7482093
-0.74418455
-0.7528165
-0.7489373
-0.74613565
-0.7539209
-0.7476839
-0.7471159
-0.74597794
-0.752141
-0.7525021
-0.7519056
-0.7562028
-0.7503348
-0.7545272
-0.74954396
-0.74653304
-0.75866544
-0.7489701
-0.75162876
-0.7489497
-0.75035506
-0.753212
-0.741587
-0.7516383
-0.7482353
-0.7518068
-0.7449224
-0.74782807
-0.7428426
-0.74614656
-0.7474381
-0.74539834
-0.7429434
-0.7453289
-0.7518242
-0.75201946
-0.74917537
-0.75222296
-0.75179785
-0.75296456
-0.75394946
-0.748475
-0.7444169
-0.7511163
-0.7501133
-0.7539482
-0.7478266
-0.7417775
-0.7465668
-0.7490471
-0.7517952
-0.7583227
-0.7422686
-0.74501264
-0.7553232
-0.75053346
-0.7472179
-0.75413924
-0.75193506
-0.7490221
-0.75566345
-0.7489553
-0.7467286
-0.7471495
-0.75391287
-0.74974513
-0.74955595
-0.7465407
-0.74497014
-0.74945205
-0.7482543
-0.75316787
-0.7545439
-0.750746
-0.74601173
-0.7517679
-0.74893826
-0.7539974
-0.75425583
-0.7506584
-0.7519202
-0.7593723
-0.7516094
-0.75172126
-0.74714684
-0.7536683
-0.75120366
-0.74488294
-0.75177395
-0.7483844
-0.7467946
-0.75418097
-0.74701446
-0.7516394
-0.75172067
-0.74838877
-0.7545301
-0.75019306
-0.75493777
-0.74717176
-0.7499389
-0.7546788
-0.748639
-0.75398725
-0.7509911
-0.7498108
-0.7530941
-0.74979675
-0.74912864
-0.7510055
-0.74718124
-0.75501394
-0.7515735
-0.75473464
-0.74957716
-0.756461
-0.7475052
-0.74730766
-0.7506126
-0.75486803
-0.75210255
-0.7486496
-0.7458575
-0.7521061
-0.74731493
-0.7451392
-0.7459399
-0.7527185
-0.7435474
-0.7480865
-0.75018436
-0.7505142
-0.75199103
-0.7504918
-0.7536597
-0.7484883
-0.75042295
-0.74786603
-0.74882734
-0.75057733
-0.750259
-0.75458044
-0.7498554
-0.7505482
-0.75163984
-0.74784446
-0.75560915
-0.7504949
-0.74988824
-0.7560026
-0.7545893
-0.7571629
-0.7450188
-0.75676495
-0.75128853
-0.7483995
-0.7523182
-0.75447756
-0.7537152
-0.74971306
-0.75271595
-0.74536955
-0.75344837
-0.74973446
-0.74983853
-0.7521254
-0.7508573
-0.7458612
-0.75152516
-0.74646175
-0.7508461
-0.7517862
-0.7496892
-0.7534218
-0.7548624
-0.753716
-0.75278455
-0.75285983
-0.7518542
-0.7522305
-0.74842983
-0.7438893
-0.7483702
-0.7520897
-0.7543088
-0.7480162
-0.7560101
-0.7493231
-0.75215495
-0.7454491
-0.7511454
-0.75315154
-0.7495457
-0.7499152
-0.7577383
-0.74787194
-0.7500184
-0.7535296
-0.7530441
-0.7537968
-0.7548634
-0.7481053
-0.752668
-0.75094604
-0.7514179
-0.75440794
-0.75002885
-0.75472164
-0.7513994
-0.7556253
-0.75376725
-0.7532449
-0.7528981
-0.7509419
-0.75211185
-0.7517954
-0.7518125
-0.7605357
-0.7549771
-0.7498544
-0.7504076
-0.74917316
-0.74956983
-0.7494072
-0.74758345
-0.74970615
-0.7500432
-0.7461939
-0.74248016
-0.74879813
-0.7444212
-0.7473306
-0.750531
-0.7509063
-0.7533114
-0.74797785
-0.75159705
-0.7596925
-0.7523371
-0.7473619
-0.750691
-0.74751115
-0.74669015
-0.7513145
-0.75137955
-0.7543972
-0.7547704
-0.7577163
-0.7538266
-0.7515355
-0.7506744
-0.75625926
-0.7498054
-0.75638634
-0.7433328
-0.7602028
-0.75697714
-0.751951
-0.7549578
-0.75382787
-0.75326806
-0.7569832
-0.7473786
-0.7527933
-0.7478475
-0.74711126
-0.7486352
-0.7573537
-0.75005555
-0.74992836
-0.7536182
-0.7494426
-0.7538391
-0.75437146
-0.7487567
-0.7530771
-0.74929345
-0.75436044
-0.74480104
-0.7584015
-0.7493999
-0.7525948
-0.75260484
-0.75154847
-0.7559276
-0.74794704
-0.751345
-0.75493705
-0.7526054
-0.75490475
-0.7574872
-0.7525803
-0.74804044
-0.75157183
-0.75621516
-0.75299156
-0.7530983
-0.7572397
-0.7577051
-0.75425994
-0.75648016
-0.75281054
-0.7553661
-0.7492729
-0.7474617
-0.75266653
-0.75797397
-0.7540536
-0.75649977
-0.75881726
-0.75447404
-0.7554673
-0.7599628
-0.74599266
-0.7474348
-0.7553315
-0.75930756
-0.7535192
-0.7434534
-0.75223106
-0.75801045
-0.75183815
-0.75507015
-0.75074965
-0.7516893
-0.75125915
-0.7467748
-0.7529536
-0.7523506
-0.74595666
-0.74655825
-0.75078505
-0.7507802
-0.74743956
-0.74459225
-0.7466778
-0.7480251
-0.74889386
-0.7488862
-0.7547372
-0.75239486
-0.74866647
-0.7519799
-0.7517238
-0.7521746
-0.7517465
-0.7510062
-0.7528687
-0.7538736
-0.75173074
-0.75158596
-0.76089036
-0.7567134
-0.7502535
-0.7526572
-0.75412357
-0.74912065
-0.7545772
-0.7516551
-0.75247455
-0.7524877
-0.75681245
-0.753738
-0.7582199
-0.7574958
-0.75062305
-0.7574622
-0.75989836
-0.7527532
-0.7617999
-0.7573465
-0.7602743
-0.7566503
-0.75631887
-0.75632316
-0.7569836
-0.75083977
-0.7598228
-0.75324506
-0.7530229
-0.75489235
-0.75750744
-0.7487562
-0.7566902
-0.75191903
-0.75617886
-0.7547512
-0.7587927
-0.7533367
-0.75488484
-0.7539226
-0.75456864
-0.7547678
-0.75512284
-0.76142365
-0.7539195
-0.75468653
-0.7546264
-0.75867033
-0.7587424
-0.75208706
-0.74674356
-0.7570141
-0.7529694
-0.7552971
-0.7491037
-0.75194633
-0.75792307
-0.75342757
-0.7544519
-0.7525185
-0.75704217
-0.7547454
-0.7532503
-0.7541823
-0.7500504
-0.7534245
-0.7506219
-0.7545667
-0.75250065
-0.75278723
-0.7529895
-0.75545925
-0.7533389
-0.7541547
-0.75766623
-0.75532645
-0.7623616
-0.75704587
-0.75988173
-0.7540104
-0.7505983
-0.7538325
-0.7583959
-0.7520594
-0.7587615
-0.7541559
-0.7516666
-0.75471485
-0.75740343
-0.7572715
-0.7579395
-0.75740844
-0.75413346
-0.75460505
-0.75579023
-0.76043046
-0.75470895
-0.7532232
-0.75516945
-0.75408393
-0.749237
-0.74911124
-0.7569865
-0.7579375
-0.7565577
-0.7552128
-0.75488496
-0.75832397
-0.75631946
-0.7580632
-0.7538591
-0.7587549
-0.76070607
-0.76222104
-0.76354456
-0.75402516
-0.7577901
-0.75836736
-0.75707346
-0.7579376
-0.7591848
-0.7580717
-0.75836164
-0.7582928
-0.7622938
-0.75906175
-0.75896096
-0.75684875
-0.75956553
-0.7527657
-0.75880516
-0.7560176
-0.74812055
-0.75763744
-0.7563501
-0.7508305
-0.7481982
-0.75850123
-0.7582061
-0.7613423
-0.7560727
-0.75687563
-0.75789565
-0.7536573
-0.7596488
-0.7556115
-0.7517783
-0.75113213
-0.7511235
-0.758482
-0.7559774
-0.75423694
-0.7533769
-0.7583196
-0.7531987
-0.7560353
-0.7577598
-0.7594988
-0.7553763
-0.75507176
-0.7587234
-0.75676376
-0.7544857
-0.76098824
-0.7635015
-0.7572944
-0.75526327
-0.7570786
-0.7539312
-0.7589221
-0.7529882
-0.7563809
-0.75856113
-0.75959814
-0.7600618
-0.756703
-0.7559786
-0.7639442
-0.76003385
-0.75501823
-0.759243
-0.75161463
-0.75622815
-0.7580231
-0.7528689
-0.75710493
-0.7543727
-0.75972795
-0.75915647
-0.75614154
-0.7557127
-0.7537506
-0.76479906
-0.7526706
-0.75950134
-0.76031214
-0.75880265
-0.7586684
-0.7556506
-0.7589389
-0.7576105
-0.75870955
-0.7576453
-0.74785423
-0.75979453
-0.7569198
-0.7571316
-0.75723374
-0.75801927
-0.75825083
-0.7556904
-0.753392
-0.76071703
-0.7549773
-0.7581899
-0.7542178
-0.75299233
-0.754808
-0.75741726
-0.7614011
-0.75447005
-0.75491875
-0.7573862
-0.7550897
-0.75836754
-0.7602521
-0.75778234
-0.7555883
-0.75952274
-0.7600821
-0.75508857
-0.7622967
-0.7524211
-0.7645653
-0.7606302
-0.76008624
-0.7592673
-0.7568646
-0.75862515
-0.76387835
-0.75559926
-0.7625706
-0.75739515
-0.7595507
-0.75647676
-0.7651111
-0.76003116
-0.7587689
-0.75959784
-0.75671923
-0.75827384
-0.75743765
-0.7592476
-0.7578177
-0.7550224
-0.7614717
-0.7573444
-0.7597371
-0.7575811
-0.7596947
-0.7628017
-0.7578802
-0.7599554
-0.759602
-0.76129586
-0.76226825
-0.75668585
-0.7613504
-0.76148015
-0.7589332
-0.76496345
-0.76002437
-0.7629424
-0.7590508
-0.7581722
-0.75736094
-0.7610738
-0.7555395
-0.7526964
-0.759155
-0.76350737
-0.76183665
-0.75541973
-0.75554806
-0.7621643
-0.76984996
-0.76233983
-0.760865
-0.75827837
-0.7545809
-0.76144177
-0.7554352
-0.7634822
-0.7528175
-0.7587592
-0.758926
-0.75505215
-0.7577816
-0.75616586
-0.75586355
-0.75565684
-0.7509144
-0.75949967
-0.7605412
-0.75835687
-0.7597128
-0.76617044
-0.75764316
-0.76157236
-0.7640909
-0.76216394
-0.7628666
-0.7619085
-0.7574313
-0.76237404
-0.7541073
-0.75686365
-0.7535849
-0.7624722
-0.7543202
-0.76229805
-0.7609152
-0.7584966
-0.7536944
-0.7591102
-0.7587887
-0.7502385
-0.7596161
-0.7600814
-0.75841206
-0.760059
-0.75853735
-0.7544157
-0.7619104
-0.7582105
-0.7589403
-0.7582869
-0.7569195
-0.758318
-0.7566634
-0.75890756
-0.7574372
-0.75772166
-0.758912
-0.75549877
-0.763127
-0.7569301
-0.7639698
-0.7673334
-0.7632686
-0.754985
-0.75537694
-0.7565356
-0.7552061
-0.7631983
-0.7540841
-0.75319284
-0.7553088
-0.7572652
-0.76073575
-0.7589173
-0.7576235
-0.754311
-0.7546259
-0.7544045
-0.75312084
-0.75707793
-0.7593076
-0.7570609
-0.75937283
-0.7570756
-0.76124144
-0.7601376
-0.7610001
-0.75889224
-0.7603845
-0.75855935
-0.75806606
-0.75789773
-0.75581175
-0.75959516
-0.75943416
-0.75556093
-0.75925535
-0.75936955
-0.75859135
-0.75488883
-0.76125365
-0.75727516
-0.75921583
-0.7591687
-0.75894845
-0.755545
-0.759292
-0.756205
-0.759935
-0.76049775
-0.763312
-0.7592476
-0.76060796
-0.76380473
-0.7575035
-0.7543948
-0.75896287
-0.7604478
-0.7603853
-0.7635896
-0.7617779
-0.7578128
-0.76561815
-0.7579784
-0.76079357
-0.7600794
-0.7581644
-0.75533074
-0.7584701
-0.7538142
-0.7661998
-0.7591921
-0.7610052
-0.76037973
-0.7554046
-0.76444066
-0.7614833
-0.7682572
-0.76310027
-0.7640596
-0.76278347
-0.75323033
-0.7594736
-0.7632333
-0.75369257
-0.7652741
-0.7593242
-0.7586764
-0.76232857
-0.75631297
-0.7661902
-0.7607822
-0.7655196
-0.7557041
-0.76226425
-0.75819415
-0.7658311
-0.7646233
-0.7618086
-0.7584717
-0.7634208
-0.76045144
-0.7542109
-0.7551641
-0.75817055
-0.76176035
-0.7623773
-0.7557551
-0.75823367
-0.75372976
-0.7589699
-0.7577823
-0.7591951
-0.7613529
-0.76117253
-0.7628416
-0.76184857
-0.7594387
-0.7628177
-0.76026577
-0.7622782
-0.76410764
-0.7602888
-0.7609772
-0.760359
-0.75626105
-0.76221806
-0.7514697
-0.7619268
-0.7625569
-0.7664213
-0.764925
-0.7592749
-0.761045
-0.7640754
-0.7590448
-0.76053804
-0.76350176
-0.76515776
-0.7622125
-0.7695576
-0.7638779
-0.76347315
-0.76519763
-0.76415503
-0.7619861
-0.7634091
-0.7620053
-0.76307726
-0.7659897
-0.7701105
-0.7629871
-0.7611399
-0.7618635
-0.76010984
-0.762209
-0.7658101
-0.75905854
-0.7564313
-0.7641558
-0.7650972
-0.7635334
-0.76128215
-0.7630684
-0.756693
-0.76776636
-0.7614859
-0.76067406
-0.7637504
-0.7622933
-0.7584826
-0.76211715
-0.75642556
-0.76264703
-0.7634211
-0.7587149
-0.7640199
-0.76058173
-0.76061153
-0.7572094
-0.75988084
-0.7563305
-0.7629912
-0.761814
-0.76361275
-0.7610329
-0.7673271
-0.7583028
-0.762779
-0.76486045
-0.75706977
-0.75817645
-0.7629044
-0.7601857
-0.7618151
-0.7610403
-0.76393497
-0.75978905
-0.762608
-0.76570773
-0.7664593
-0.7619983
-0.7611733
-0.76379156
-0.7669344
-0.7657364
-0.76198125
-0.76270974
-0.75712043
-0.76288277
-0.76148576
-0.7612378
-0.75820273
-0.7575786
-0.7616989
-0.7652411
-0.76323235
-0.76079047
-0.75914216
-0.7552932
-0.7627794
-0.763063
-0.76577896
-0.76344967
-0.75954574
-0.7637933
-0.75991154
-0.76250356
-0.758411
-0.7551266
-0.75782794
-0.7562697
-0.7643144
-0.76528317
-0.76227945
-0.76001173
-0.7690465
-0.75320846
-0.75950915
-0.7588499
-0.76343906
-0.7587952
-0.7571655
-0.7637124
-0.76649296
-0.76036227
-0.76153904
-0.7629769
-0.76278555
-0.7630039
-0.76340044
-0.75955236
-0.762955
-0.7609148
-0.758666
-0.75770676
-0.76612604
-0.763828
-0.76947635
-0.7683482
-0.7630452
-0.76477844
-0.7647245
-0.7624324
-0.761108
-0.76320237
-0.7629427
-0.7705927
-0.76019865
-0.76529366
-0.762157
-0.76751536
-0.76528394
-0.76170874
-0.7633865
-0.76375
-0.7699241
-0.76636773
-0.7694185
-0.76737636
-0.7633306
-0.76646316
-0.7656644
-0.7656938
-0.7665431
-0.7620617
-0.76828426
-0.7609115
-0.7706776
-0.7671379
-0.7554322
-0.7676017
-0.76165915
-0.7658082
-0.7654118
-0.7617764
-0.7624833
-0.75966233
-0.7608669
-0.7682165
-0.7654797
-0.763017
-0.75951594
-0.76356363
-0.7622849
-0.763493
-0.7628054
-0.7630895
-0.7715899
-0.7620228
-0.764596
-0.7615533
-0.76377666
-0.76124656
-0.7571545
-0.7624188
-0.7628076
-0.7636752
-0.7680648
-0.7545459
-0.7593768
-0.76254994
-0.7596191
-0.766646
-0.7673293
-0.7656226
-0.7610981
-0.7661491
-0.76386285
-0.76613945
-0.7669294
-0.76833904
-0.7603726
-0.7640894
-0.7666485
-0.76806164
-0.75889224
-0.7577107
-0.7618135
-0.7651714
-0.7639098
-0.76288676
-0.761057
-0.76672477
-0.7657551
-0.76429623
-0.7616203
-0.76672333
-0.76719904
-0.7669157
-0.7621087
-0.7595167
-0.7643243
-0.7631181
-0.75659835
-0.7597061
-0.7636394
-0.760291
-0.769042
-0.75958866
-0.7645682
-0.7612627
-0.7625013
-0.7627086
-0.765851
-0.76222587
-0.7657076
-0.761798
-0.7660819
-0.7601566
-0.760742
-0.76338226
-0.76254535
-0.7668694
-0.7666056
-0.7589418
-0.76125854
-0.7672299
-0.75991994
-0.7603917
-0.7616711
-0.76425314
-0.7674625
-0.7608551
-0.7609348
-0.75772506
-0.75922805
-0.7645598
-0.7635752
-0.76351327
-0.76005054
-0.76213557
-0.75791454
-0.7630924
-0.76888824
-0.758708
-0.76943535
-0.76136583
-0.7619879
-0.7632317
-0.7616469
-0.7618941
-0.7665254
-0.7609063
-0.76957744
-0.7653013
-0.76477444
-0.76952237
-0.76828665
-0.7702423
-0.75653183
-0.76125807
-0.7636465
-0.7584471
-0.767968
-0.76038015
-0.76686865
-0.76154584
-0.76542455
-0.7661541
-0.764869
-0.75910646
-0.76409304
-0.7650396
-0.7695861
-0.76533544
-0.76571554
-0.7665725
-0.76427966
-0.7637574
-0.76256937
-0.76112306
-0.7654222
-0.76713765
-0.76042104
-0.75839156
-0.76100665
-0.76822037
-0.7703571
-0.76714754
-0.76500416
-0.76291305
-0.76605624
-0.76444787
-0.7642987
-0.7714515
-0.7679116
-0.76914
-0.76340985
-0.76997
-0.769421
-0.7687746
-0.7635364
-0.7672916
-0.7652521
-0.76913506
-0.76585704
-0.7625575
-0.76869327
-0.7586124
-0.7663502
-0.7725472
-0.7685844
-0.7664013
-0.7617188
-0.76470405
-0.76505655
-0.76764435
-0.76666903
-0.76589495
-0.766297
-0.7604918
-0.76392144
-0.7647889
-0.76657474
-0.7600303
-0.76055527
-0.7616309
-0.75694686
-0.7625564
-0.763367
-0.7648077
-0.7619002
-0.76416254
-0.7637164
-0.75822425
-0.7587932
-0.7578284
-0.76750535
-0.75473964
-0.75789464
-0.75901103
-0.76320636
-0.76009554
-0.75784695
-0.7603278
-0.75480014
-0.75758976
-0.75851613
-0.7628859
-0.75725967
-0.76087046
-0.76236206
-0.7644042
-0.761544
-0.76088405
-0.763687
-0.7597343
-0.77062106
-0.7636627
-0.7638047
-0.7600422
-0.7620387
-0.76607585
-0.7653409
-0.76470876
-0.7655356
-0.7631534
-0.76505566
-0.76243484
-0.7576576
-0.7683051
-0.7723599
-0.7662416
-0.7666963
-0.7594017
-0.75792897
-0.7644401
-0.7688952
-0.7639829
-0.7619838
-0.76460606
-0.76287085
-0.76300406
-0.7674619
-0.7625316
-0.763801
