Early stopping triggered at epoch 872
-0.3997187
-0.39246976
-0.39021343
-0.41071257
-0.40556237
-0.39824608
-0.40363115
-0.4207708
-0.40744445
-0.42951554
-0.43514526
-0.42090484
-0.42873856
-0.44105652
-0.43301535
-0.44160044
-0.45874295
-0.45595658
-0.4482453
-0.45249704
-0.44879732
-0.4622835
-0.45444697
-0.48564333
-0.48265734
-0.4810919
-0.4898992
-0.49067277
-0.49370152
-0.49820283
-0.5106931
-0.5200722
-0.5247303
-0.52215177
-0.52102596
-0.5333069
-0.53993237
-0.53924394
-0.5565961
-0.54167175
-0.5591855
-0.56229347
-0.5576778
-0.54457444
-0.5670286
-0.5569802
-0.5670828
-0.5572049
-0.5487903
-0.55933994
-0.55203307
-0.5626289
-0.5649038
-0.55885917
-0.5621671
-0.56735665
-0.5585541
-0.56727827
-0.55661744
-0.5553395
-0.56646174
-0.56668687
-0.5626893
-0.5581755
-0.561771
-0.5603572
-0.55750006
-0.5739064
-0.55826765
-0.57246184
-0.55572647
-0.57095087
-0.57112
-0.5600958
-0.55065006
-0.55594164
-0.5675872
-0.55163455
-0.566348
-0.56544745
-0.5611245
-0.5653813
-0.5704322
-0.5628583
-0.5589717
-0.55861723
-0.5707072
-0.5654929
-0.56111205
-0.5865336
-0.56328183
-0.54836935
-0.5562063
-0.57076067
-0.56328464
-0.55652934
-0.56647515
-0.57441014
-0.5674355
-0.56020904
-0.57093227
-0.5749672
-0.55941534
-0.5803541
-0.57319427
-0.5708427
-0.56830245
-0.58183485
-0.5627565
-0.567641
-0.56892455
-0.5605344
-0.5703425
-0.58594894
-0.5713824
-0.5707919
-0.5644177
-0.56976247
-0.57711154
-0.56642777
-0.5715178
-0.56630266
-0.5661756
-0.56922424
-0.56917644
-0.57659745
-0.5673964
-0.56423455
-0.55755824
-0.5602656
-0.5606116
-0.57720065
-0.573917
-0.564593
-0.5718445
-0.57450044
-0.5680427
-0.57350874
-0.57341695
-0.558885
-0.586289
-0.56591517
-0.5724801
-0.566684
-0.5705439
-0.58325076
-0.5811781
-0.57108104
-0.5736557
-0.57094306
-0.57682496
-0.5722008
-0.5820759
-0.57561255
-0.5755364
-0.5706217
-0.57274294
-0.57473177
-0.56834745
-0.5709092
-0.57562816
-0.57996804
-0.5704962
-0.5746455
-0.5746973
-0.5768738
-0.5766386
-0.57276374
-0.5823293
-0.56942904
-0.58253866
-0.57986104
-0.58315104
-0.58065915
-0.5855225
-0.5821986
-0.5821658
-0.57525337
-0.5853386
-0.5743791
-0.6022256
-0.57488513
-0.5746806
-0.58066404
-0.57875144
-0.57304966
-0.57459676
-0.58691
-0.5741849
-0.58955294
-0.58207047
-0.57627535
-0.5879699
-0.5862156
-0.58295506
-0.59367394
-0.5872979
-0.57799035
-0.57472384
-0.597519
-0.5831449
-0.5727487
-0.59453005
-0.58407414
-0.5866305
-0.5714678
-0.5885905
-0.5787654
-0.58852094
-0.58777213
-0.57245225
-0.58446765
-0.5845515
-0.58677995
-0.58754027
-0.58500725
-0.587132
-0.5769378
-0.5894354
-0.5883594
-0.5809018
-0.5871446
-0.5817042
-0.5952007
-0.5894086
-0.58670294
-0.5868119
-0.5925908
-0.5830726
-0.59597677
-0.59239686
-0.5931763
-0.58361804
-0.59655535
-0.5970816
-0.5872771
-0.5871696
-0.5958603
-0.58932155
-0.5898252
-0.5942139
-0.59246904
-0.60017025
-0.59637123
-0.5815161
-0.58742166
-0.5919027
-0.5931995
-0.6012684
-0.5923467
-0.6098372
-0.6019519
-0.59167784
-0.58965224
-0.60104346
-0.5973286
-0.59198225
-0.600929
-0.58833945
-0.59757173
-0.6036442
-0.5961979
-0.5955172
-0.60409856
-0.59277874
-0.59695023
-0.59182364
-0.5991269
-0.5994045
-0.6001316
-0.5952348
-0.59708583
-0.6047493
-0.5982331
-0.5914207
-0.59918964
-0.6026066
-0.6063444
-0.61143374
-0.5949897
-0.600288
-0.59343994
-0.5936819
-0.59158456
-0.5938257
-0.6095317
-0.59302133
-0.59188694
-0.5955135
-0.59798795
-0.6069261
-0.61669284
-0.5998859
-0.6069381
-0.5979298
-0.6022916
-0.59687185
-0.60320675
-0.60210276
-0.60071725
-0.6092264
-0.60559845
-0.60073584
-0.5912862
-0.58967495
-0.60410875
-0.6108666
-0.6062528
-0.59797746
-0.6053119
-0.60521054
-0.6066595
-0.6075107
-0.6002056
-0.59971106
-0.61262345
-0.60089296
-0.6149372
-0.6200296
-0.6087497
-0.5987874
-0.6092235
-0.5971878
-0.60665125
-0.6153874
-0.6152745
-0.6082486
-0.61668825
-0.6122255
-0.6104154
-0.61423004
-0.61489004
-0.59517896
-0.6077184
-0.6020557
-0.6093852
-0.6112082
-0.6075818
-0.6042868
-0.61037815
-0.60436106
-0.6025833
-0.60408264
-0.61471546
-0.6133695
-0.6088462
-0.603978
-0.6067475
-0.60955876
-0.60838497
-0.6120969
-0.618396
-0.60296696
-0.60629195
-0.6169363
-0.61331236
-0.6061405
-0.61188376
-0.6179651
-0.61633086
-0.6122411
-0.6148956
-0.6133032
-0.61098635
-0.6090006
-0.6350887
-0.61288434
-0.6191522
-0.6081033
-0.6195577
-0.62196267
-0.61724085
-0.6217409
-0.6178603
-0.6071295
-0.6076769
-0.6147301
-0.6216138
-0.6270686
-0.6191419
-0.61990947
-0.62395203
-0.6216427
-0.6235489
-0.6218825
-0.6250916
-0.625424
-0.6235726
-0.62564087
-0.6235952
-0.6216497
-0.61736655
-0.6091197
-0.613636
-0.61652046
-0.6215972
-0.6123757
-0.6186448
-0.62600714
-0.62249047
-0.6158156
-0.6246473
-0.6231495
-0.6312809
-0.6263487
-0.62190133
-0.62306356
-0.6273145
-0.6267839
-0.62331784
-0.6263297
-0.618159
-0.6199815
-0.6216396
-0.6230852
-0.62176526
-0.6260878
-0.6238841
-0.63321847
-0.62382805
-0.6221213
-0.62519735
-0.63349044
-0.62164557
-0.6198573
-0.6199894
-0.61366475
-0.6219509
-0.6191506
-0.6234099
-0.6268194
-0.6202444
-0.6153238
-0.6133133
-0.6216841
-0.6212787
-0.6285452
-0.62090594
-0.6158874
-0.6250379
-0.62798524
-0.623795
-0.61945623
-0.62179613
-0.62498176
-0.62486607
-0.6225695
-0.6156642
-0.62409306
-0.6241225
-0.6310659
-0.6363049
-0.6222287
-0.6171502
-0.62887317
-0.62863094
-0.61689925
-0.61500657
-0.61495876
-0.6219367
-0.6217135
-0.6193137
-0.6267975
-0.6199683
-0.6264175
-0.6323164
-0.6338909
-0.6228028
-0.6208109
-0.6278391
-0.6250297
-0.6298867
-0.6302594
-0.6251925
-0.62709665
-0.63001204
-0.61548555
-0.63222814
-0.63131094
-0.6205739
-0.6314346
-0.6306187
-0.629075
-0.63742214
-0.63303214
-0.621217
-0.6266711
-0.6319637
-0.62264943
-0.6187068
-0.6322761
-0.62198126
-0.6205465
-0.6299146
-0.6276713
-0.63608557
-0.6278398
-0.6271241
-0.62384117
-0.62271833
-0.622232
-0.63347095
-0.6251125
-0.61887765
-0.61954373
-0.6250997
-0.6300902
-0.6244484
-0.62412685
-0.6287355
-0.63031536
-0.62793857
-0.6343233
-0.62658185
-0.62387764
-0.62827003
-0.63733876
-0.6191478
-0.6346786
-0.62492144
-0.62501764
-0.6342322
-0.6127399
-0.62438565
-0.6316219
-0.63501304
-0.62765247
-0.6331167
-0.6247596
-0.62228453
-0.620176
-0.63110095
-0.63444895
-0.6283201
-0.633779
-0.62410057
-0.61825407
-0.61496127
-0.61394346
-0.62841254
-0.62651294
-0.6190399
-0.61828536
-0.62168777
-0.62451965
-0.62096894
-0.62173957
-0.6184622
-0.61247003
-0.6318425
-0.6270962
-0.6244843
-0.62750113
-0.62672627
-0.62736136
-0.6299381
-0.63831204
-0.6298965
-0.6307201
-0.63176495
-0.63819027
-0.623384
-0.6344244
-0.6279852
-0.6273066
-0.6346843
-0.6235249
-0.6413237
-0.63033855
-0.63904536
-0.6270158
-0.62879103
-0.63581675
-0.63816106
-0.6360636
-0.6277688
-0.6386392
-0.6290406
-0.629475
-0.6329327
-0.6319231
-0.6286641
-0.6354953
-0.6383521
-0.62377477
-0.6268409
-0.62377465
-0.63298446
-0.6233628
-0.6182843
-0.62840515
-0.62147635
-0.63182384
-0.63760275
-0.6217643
-0.62881297
-0.6255646
-0.62367445
-0.6178106
-0.6256535
-0.6163615
-0.6343072
-0.6248152
-0.6377127
-0.63155675
-0.62275374
-0.6223434
-0.6271789
-0.6241282
-0.6362288
-0.6176416
-0.621462
-0.62553287
-0.62243843
-0.62960714
-0.6241912
-0.63187057
-0.6283583
-0.62688774
-0.6277123
-0.628639
-0.6337518
-0.6287238
-0.63117665
-0.63371426
-0.62160325
-0.6370481
-0.62992495
-0.63689446
-0.6332405
-0.6361284
-0.62907094
-0.63024575
-0.63252604
-0.6289506
-0.6231224
-0.63111556
-0.6196362
-0.62368715
-0.63218784
-0.62623554
-0.64261866
-0.6379753
-0.64377975
-0.63404566
-0.62352437
-0.6299713
-0.63582116
-0.6364242
-0.61901486
-0.6230825
-0.63374823
-0.62688893
-0.639778
-0.62351006
-0.6395727
-0.6272711
-0.6247702
-0.6338364
-0.6362808
-0.6271112
-0.62863284
-0.6411261
-0.631122
-0.63663596
-0.6339923
-0.6275763
-0.638634
-0.6322109
-0.6340759
-0.63833386
-0.63295406
-0.632952
-0.63819927
-0.64049643
-0.62916225
-0.63498974
-0.63010865
-0.6296703
-0.6363324
-0.63165593
-0.6383314
-0.64011437
-0.6331221
-0.63027704
-0.6300128
-0.6200335
-0.635444
-0.6309826
-0.6238281
-0.62744504
-0.62759787
-0.63629925
-0.6350799
-0.6303399
-0.63255864
-0.63547593
-0.62919986
-0.6251096
-0.62350804
-0.6241704
-0.6321689
-0.62545455
-0.6366129
-0.6285348
-0.6345868
-0.6305928
-0.62927955
-0.61763126
-0.6234036
-0.628527
-0.6301059
-0.6296177
-0.6340516
-0.63930583
-0.63254535
-0.6331356
-0.61694294
-0.6284693
-0.6459397
-0.63331527
-0.6420533
-0.63110054
-0.62825817
-0.62854123
-0.61920804
-0.632476
-0.627467
-0.6379562
-0.6357147
-0.6337012
-0.6262357
-0.625428
-0.6329235
-0.6158281
-0.64075315
-0.6286995
-0.6333031
-0.6258882
-0.6353247
-0.6290927
-0.6276913
-0.6332076
-0.6328259
-0.6337841
-0.63181174
-0.6227859
-0.6322012
-0.6333679
-0.64506614
-0.64024377
-0.6344249
-0.6300548
-0.6354638
-0.6324928
-0.64173514
-0.6281116
-0.63383603
-0.6348369
-0.62662977
-0.6204354
-0.6374375
-0.6329722
-0.63295966
-0.6339981
-0.6205938
-0.6337731
-0.63291836
-0.62916225
-0.6310894
-0.6319174
-0.62471837
-0.6487527
-0.6381786
-0.62933475
-0.6403992
-0.6308769
-0.6365916
-0.63022506
-0.63877535
-0.639196
-0.63279116
-0.6327216
-0.6437985
-0.62981355
-0.6223216
-0.62507856
-0.63126165
-0.632192
-0.63888687
-0.6381025
-0.63891613
-0.6404644
-0.6292766
-0.6304821
-0.6336877
-0.6314394
-0.6287665
-0.6444931
-0.6434568
-0.62985903
-0.6393067
-0.64628273
-0.6396941
-0.63463545
-0.63487834
-0.6267398
-0.63676614
-0.6333971
-0.63410115
-0.63458234
-0.62584543
-0.63212097
-0.63709617
-0.6427835
-0.62654364
-0.64105994
-0.6369496
-0.6319043
-0.6326435
-0.6367113
-0.6322555
-0.63265234
-0.63111585
-0.62630683
-0.6302215
-0.6373262
-0.63465875
-0.6385992
-0.6408185
-0.6400605
-0.63972473
-0.6289201
-0.6389376
-0.6306264
-0.63859653
-0.63328004
-0.6296526
-0.6380194
-0.6390818
-0.6317426
-0.6315721
-0.636062
-0.6276048
-0.64015645
-0.62684
-0.63818675
-0.61892813
-0.6444302
-0.6313706
-0.64293724
-0.63619524
-0.6296754
-0.6313935
-0.6338599
-0.63459396
-0.6300448
-0.6343956
-0.6422478
-0.6420393
-0.6317712
-0.63789177
-0.63475055
-0.6275324
-0.6328824
-0.62269795
-0.6296814
-0.62936586
-0.6318893
-0.62869143
-0.6306859
-0.64108485
-0.63558626
0
0
0
0
0
0
0
0
0
0
0
0
0
0
0
0
0
0
0
0
0
0
0
0
0
0
0
0
0
0
0
0
0
0
0
0
0
0
0
0
0
0
0
0
0
0
0
0
0
0
0
0
0
0
0
0
0
0
0
0
0
0
0
0
0
0
0
0
0
0
0
0
0
0
0
0
0
0
0
0
0
0
0
0
0
0
0
0
0
0
0
0
0
0
0
0
0
0
0
0
0
0
0
0
0
0
0
0
0
0
0
0
0
0
0
0
0
0
0
0
0
0
0
0
0
0
0
0
0
0
0
0
0
0
0
0
0
0
0
0
0
0
0
0
0
0
0
0
0
0
0
0
0
0
0
0
0
0
0
0
0
0
0
0
0
0
0
0
0
0
0
0
0
0
0
0
0
0
0
0
0
0
0
0
0
0
0
0
0
0
0
0
0
0
0
0
0
0
0
0
0
0
0
0
0
0
0
0
0
0
0
0
0
0
0
0
0
0
0
0
0
0
0
0
0
0
0
0
0
0
0
0
0
0
0
0
0
0
0
0
0
0
0
0
0
0
0
0
0
0
0
0
0
0
0
0
0
0
0
0
0
0
0
0
0
0
0
0
0
0
0
0
0
0
0
0
0
0
0
0
0
0
0
0
0
0
0
0
0
0
0
0
0
0
0
0
0
0
0
0
0
0
0
0
0
0
0
0
0
0
0
0
0
0
0
0
0
0
0
0
0
0
0
0
0
0
0
0
0
0
0
0
0
0
0
0
0
0
0
0
0
0
0
0
0
0
0
0
0
0
0
0
0
0
0
0
0
0
0
0
0
0
0
0
0
0
0
0
0
0
0
0
0
0
0
0
0
0
0
0
0
0
0
0
0
0
0
0
0
0
0
0
0
0
0
0
0
0
0
0
0
0
0
0
0
0
0
0
0
0
0
0
0
0
0
0
0
0
0
0
0
0
0
0
0
0
0
0
0
0
0
0
0
0
0
0
0
0
0
0
0
0
0
0
0
0
0
0
0
0
0
0
0
0
0
0
0
0
0
0
0
0
0
0
0
0
0
0
0
0
0
0
0
0
0
0
0
0
0
0
0
0
0
0
0
0
0
0
0
0
0
0
0
0
0
0
0
0
0
0
0
0
0
0
0
0
0
0
0
0
0
0
0
0
0
0
0
0
0
0
0
0
0
0
0
0
0
0
0
0
0
0
0
0
0
0
0
0
0
0
0
0
0
0
0
0
0
0
0
0
0
0
0
0
0
0
0
0
0
0
0
0
0
0
0
0
0
0
0
0
0
0
0
0
0
0
0
0
0
0
0
0
0
0
0
0
0
0
0
0
0
0
0
0
0
0
0
0
0
0
0
0
0
0
0
0
0
0
0
0
0
0
0
0
0
0
0
0
0
0
0
0
0
0
0
0
0
0
0
0
0
0
0
0
0
0
0
0
0
0
0
0
0
0
0
0
0
0
0
0
0
0
0
0
0
0
0
0
0
0
0
0
0
0
0
0
0
0
0
0
0
0
0
0
0
0
0
0
0
0
0
0
0
0
0
0
0
0
0
0
0
0
0
0
0
0
0
0
0
0
0
0
0
0
0
0
0
0
0
0
0
0
0
0
0
0
0
0
0
0
0
0
0
0
0
0
0
0
0
0
0
0
0
0
0
0
0
0
0
0
0
0
0
0
0
0
0
0
0
0
0
0
0
0
0
0
0
0
0
0
0
0
0
0
0
0
0
0
0
0
0
0
0
0
0
0
0
0
0
0
0
0
0
0
0
0
0
0
0
0
0
0
0
0
0
0
0
0
0
0
0
0
0
0
0
0
0
0
0
0
0
0
0
0
0
0
0
0
0
0
0
0
0
0
0
0
0
0
0
0
0
0
0
0
0
0
0
0
0
0
0
0
0
0
0
0
0
0
0
0
0
0
0
0
0
0
0
0
0
0
0
0
0
0
0
0
0
0
0
0
0
0
0
0
0
0
0
0
0
0
0
0
0
0
0
0
0
0
0
0
0
0
0
0
0
0
0
0
0
0
0
0
0
0
0
0
0
0
0
0
0
0
0
0
0
0
0
0
0
0
0
0
0
0
0
0
0
0
0
0
0
0
0
0
0
0
0
0
0
0
0
0
0
0
0
0
0
0
0
0
0
0
0
0
0
0
0
0
0
0
0
0
0
0
0
0
0
0
0
0
0
0
0
0
0
0
0
0
0
0
0
0
0
0
0
0
0
0
0
0
0
0
0
0
0
0
0
0
0
0
0
0
0
0
0
0
0
0
0
0
0
0
0
0
0
0
0
0
0
0
0
0
0
0
0
0
0
0
0
0
0
0
0
0
0
0
0
0
0
0
0
0
0
0
0
0
0
0
0
0
0
0
0
0
0
0
0
0
0
0
0
0
0
0
0
0
0
0
0
0
0
0
0
0
0
0
0
0
0
0
0
0
0
0
0
0
0
0
0
0
0
0
0
0
0
0
0
0
0
0
0
0
0
0
0
0
0
0
0
0
0
0
0
0
0
0
0
0
0
0
0
0
0
0
0
0
0
0
0
0
0
0
0
0
0
0
0
0
0
0
0
0
0
0
0
0
0
0
0
0
0
0
0
0
0
0
0
0
0
0
0
0
0
0
0
0
0
0
0
0
0
0
0
0
0
0
0
0
0
0
0
0
0
0
0
0
0
0
0
0
0
0
0
0
0
0
0
0
0
0
0
0
0
0
0
0
0
0
0
0
0
0
0
0
0
0
0
0
0
0
0
0
0
0
0
0
0
0
0
0
0
0
0
0
0
0
0
0
0
0
0
0
0
0
0
0
0
0
0
0
0
0
0
0
0
0
0
0
0
0
0
0
0
0
0
0
0
0
0
0
0
0
0
0
0
0
0
0
0
0
0
0
0
0
0
0
0
0
0
0
0
0
0
0
0
0
0
0
0
0
0
0
0
0
0
0
0
0
0
0
0
0
0
0
0
0
0
0
0
0
0
0
0
0
0
0
0
0
0
0
0
0
0
0
0
0
0
0
0
0
0
0
0
0
0
0
0
0
0
0
0
0
0
0
0
0
0
0
0
0
0
0
0
0
0
0
0
0
0
0
0
0
0
0
0
0
0
0
0
0
0
0
0
0
0
0
0
0
0
0
0
0
0
0
0
0
0
0
0
0
0
0
0
0
0
0
0
0
0
0
0
0
0
0
0
0
0
0
0
0
0
0
0
0
0
0
0
0
0
0
0
0
0
0
0
0
0
0
0
0
0
0
0
0
0
0
0
0
0
0
0
0
0
0
0
0
0
0
0
0
0
0
0
0
0
0
0
0
0
0
0
0
0
0
0
0
0
0
0
0
0
0
0
0
0
0
0
0
0
0
0
0
0
0
0
0
0
0
0
0
0
0
0
0
0
0
0
0
0
0
0
0
0
0
0
0
0
0
0
0
0
0
0
0
0
0
0
0
0
0
0
0
0
0
0
0
0
0
0
0
0
0
0
0
0
0
0
0
0
0
0
0
0
0
0
0
0
0
0
0
0
0
0
0
0
0
0
0
0
0
0
0
0
0
0
0
0
0
0
0
0
0
0
0
0
0
0
0
0
0
0
0
0
0
0
0
0
0
0
0
0
0
0
0
0
0
0
0
0
0
0
0
0
0
0
0
0
0
0
0
0
0
0
0
0
0
0
0
0
0
0
0
0
0
0
0
0
0
0
0
0
0
0
0
0
0
0
0
0
0
0
0
0
0
0
0
0
0
0
0
0
0
0
0
0
0
0
0
0
0
0
0
0
0
0
0
0
0
0
0
0
0
0
0
0
0
0
0
0
0
0
0
0
0
0
0
0
0
0
0
0
0
0
0
0
0
0
0
0
0
0
0
0
0
0
0
0
0
0
0
0
0
0
0
0
0
0
0
0
0
0
0
0
0
0
0
0
0
0
0
0
0
0
0
0
0
0
0
0
0
0
0
0
0
0
0
0
0
0
0
0
0
0
0
0
0
0
0
0
0
0
0
0
0
0
0
0
0
0
0
0
0
0
0
0
0
0
0
0
0
0
0
0
0
0
0
0
0
0
0
0
0
0
0
0
0
0
0
0
0
0
0
0
0
0
0
0
0
0
0
0
0
0
0
0
0
0
0
0
0
0
0
0
0
0
0
0
0
0
0
0
0
0
0
0
0
0
0
0
0
0
0
0
0
0
0
0
0
0
0
0
0
0
0
0
0
0
0
0
0
0
0
0
0
0
0
0
0
0
0
0
0
0
0
0
0
0
0
0
0
0
0
0
0
0
0
0
0
0
0
0
0
0
0
0
0
0
0
0
0
0
0
0
0
0
0
0
0
0
0
0
0
0
0
0
0
0
0
0
0
0
0
0
0
0
0
0
0
0
0
0
0
0
0
0
0
0
0
0
0
0
0
0
0
0
0
0
0
0
0
0
0
0
0
0
0
0
0
0
0
0
0
0
0
0
0
0
0
0
0
0
0
0
0
0
0
0
0
0
0
0
0
0
0
0
0
0
0
0
0
0
0
0
0
0
0
0
0
0
0
0
0
0
0
0
0
0
0
0
0
0
0
0
0
0
0
0
0
0
0
0
0
0
0
0
0
0
0
0
0
0
0
0
0
0
0
0
0
0
0
0
0
0
0
0
0
0
0
0
0
0
0
0
0
0
0
0
0
0
0
0
0
0
0
0
0
0
0
0
0
0
0
0
0
0
0
0
0
0
0
0
0
0
0
0
0
0
0
0
0
0
0
0
0
0
0
0
0
0
0
0
0
0
0
0
0
0
0
0
0
0
0
0
0
0
0
0
