-0.19642136
-0.16761933
-0.20261687
-0.19079448
-0.20726201
-0.19533896
-0.19563352
-0.22309622
-0.20750256
-0.23046818
-0.22454233
-0.21491735
-0.20968364
-0.22006343
-0.23210481
-0.24580184
-0.23658411
-0.23015736
-0.2315333
-0.24214455
-0.23414735
-0.2406956
-0.23937587
-0.24421957
-0.24807024
-0.2602859
-0.25283194
-0.2525306
-0.24582449
-0.25005028
-0.2504217
-0.2688032
-0.2840425
-0.25308043
-0.26342684
-0.2684881
-0.27789068
-0.27337432
-0.27072254
-0.27157968
-0.28235576
-0.28947166
-0.29516822
-0.2861333
-0.28279132
-0.2583885
-0.30217138
-0.27518022
-0.27344444
-0.28392914
-0.29159334
-0.28948528
-0.2887872
-0.30079138
-0.2884565
-0.32090247
-0.3075095
-0.30829844
-0.3058599
-0.30218452
-0.30657515
-0.29059494
-0.30236185
-0.31739786
-0.30663714
-0.31012565
-0.2986149
-0.32005495
-0.32286504
-0.30731735
-0.30938146
-0.30778354
-0.33313707
-0.3414986
-0.30657262
-0.30933446
-0.3290429
-0.32674783
-0.319367
-0.3395231
-0.33355626
-0.3374821
-0.33672568
-0.34153312
-0.33202332
-0.32522562
-0.34953934
-0.3500898
-0.3420065
-0.3273526
-0.32832572
-0.33829138
-0.33273283
-0.3276314
-0.33424684
-0.34158573
-0.33028606
-0.33733585
-0.34413418
-0.3528726
