-0.49772683
-0.512812
-0.5064264
-0.5205778
-0.52228844
-0.52939457
-0.5196777
-0.5335729
-0.523716
-0.5337367
-0.53592265
-0.537988
-0.5434838
-0.5495615
-0.543149
-0.54178053
-0.55408347
-0.5522933
-0.55654407
-0.5616534
-0.5645218
-0.5639972
-0.57587034
-0.5733163
-0.5896572
-0.5926894
-0.5847467
-0.59484094
-0.59020734
-0.59287775
-0.6099735
-0.5986557
-0.6051514
-0.60769
-0.6080715
-0.6245955
-0.6249297
-0.6195348
-0.6299489
-0.62955743
-0.6277488
-0.6260103
-0.62090725
-0.6334685
-0.6226059
-0.63162076
-0.62813467
-0.6288318
-0.63099766
-0.63504446
-0.6338803
-0.642178
-0.62825257
-0.6354842
-0.6403031
-0.6424864
-0.64155626
-0.6392301
-0.65282845
-0.64144665
-0.6478491
-0.6406876
-0.6472626
-0.649252
-0.65116274
-0.6501824
-0.6513441
-0.64514774
-0.6458279
-0.65420204
-0.65316355
-0.6478532
-0.64870733
-0.6401534
-0.65729195
-0.6507909
-0.65177506
-0.65189415
-0.64768696
-0.6605481
-0.65332013
-0.6539395
-0.6591448
-0.66198885
-0.6500741
-0.6562496
-0.65441686
-0.6528882
-0.65728444
-0.65839005
-0.65318745
-0.66534084
-0.655501
-0.6642267
-0.6541341
-0.65733117
-0.6607714
-0.6662514
-0.6565042
-0.66111964
-0.6617134
-0.6627669
-0.66871625
-0.6630482
-0.6633799
-0.66819036
-0.6624291
-0.65407175
-0.66004306
-0.65935755
-0.6682184
-0.6593387
-0.6535855
-0.66464335
-0.6644389
-0.66627187
-0.6665688
-0.6634024
-0.6614181
-0.66927344
-0.6645697
-0.66508305
-0.66234016
-0.66310227
-0.6658632
-0.6620852
-0.6657963
-0.6601831
-0.6687435
-0.6706986
-0.6713691
-0.6657939
-0.66711015
-0.6673073
-0.66359353
-0.66331893
-0.67211205
-0.6727453
-0.6720588
-0.67284054
-0.6758369
-0.6701209
-0.66354036
-0.67206746
-0.6678649
-0.6766485
-0.6707046
-0.6657302
-0.67377985
-0.6749141
-0.6733016
-0.6766861
-0.6712066
-0.6775489
-0.6838071
-0.66845715
-0.6737904
-0.6719738
-0.6782509
-0.6696617
-0.66305816
-0.67485255
-0.67846435
-0.66780514
-0.66098255
-0.6685951
-0.6722148
-0.6744443
-0.6754563
-0.6701138
-0.67121613
-0.67382354
-0.6717516
-0.67711395
-0.67574394
-0.66934025
-0.67866737
-0.67972416
-0.67030495
-0.6705536
-0.67785877
-0.6814857
-0.6863811
-0.68269455
-0.68308485
-0.6761043
-0.6873311
-0.6832797
-0.67376804
-0.67240274
-0.6790576
-0.67496145
-0.68281645
-0.6743556
-0.6796397
-0.6819247
-0.680213
-0.6808795
-0.6757101
-0.683133
-0.6821899
-0.68691266
-0.6839201
-0.67528766
-0.6798118
-0.68560255
-0.6783303
-0.68252015
-0.67834353
-0.6814669
-0.6777212
-0.6878236
-0.68185526
-0.6845811
-0.6902777
-0.6845485
-0.6833263
-0.6828991
-0.6866131
-0.680064
-0.6762745
-0.68709314
-0.6865073
-0.6847986
-0.6896277
-0.68848634
-0.6898793
-0.69168335
-0.6880237
-0.686699
-0.6798201
-0.68666863
-0.69180816
-0.69157684
-0.6893015
-0.6905245
-0.68803966
-0.6934767
-0.6964799
-0.6888966
-0.6897316
-0.6893976
-0.6815308
-0.69200677
-0.6903988
-0.68562996
-0.6977127
-0.6897011
-0.68741566
-0.70048636
-0.69440466
-0.68563604
-0.6926603
-0.6940255
-0.69535697
-0.69551575
-0.7001726
-0.6879552
-0.6953627
-0.7038219
-0.69333684
-0.68939424
-0.69354904
-0.69900906
-0.69052786
-0.6992859
-0.701087
-0.70406693
-0.700448
-0.70221215
-0.6994131
-0.7072316
-0.69912326
-0.6944293
-0.7015446
-0.7075284
-0.6995957
-0.6980488
-0.6956612
-0.7053784
-0.6997697
-0.7007338
-0.7022264
-0.70485276
-0.698901
-0.69976956
-0.7031023
-0.7035929
-0.69448185
-0.695296
-0.69664335
-0.6992719
-0.69818556
-0.7032614
-0.6951783
-0.69913846
-0.6976808
-0.7004382
-0.6987264
-0.6933296
-0.69940877
-0.70539844
-0.69731873
-0.69902474
-0.69605047
-0.6962219
-0.7022682
-0.69381857
-0.7074664
-0.6977398
-0.7061309
-0.7029005
-0.704356
-0.70101887
-0.69765425
-0.6995395
-0.70388234
-0.7085962
-0.6954897
-0.7076181
-0.7007606
-0.7042515
-0.70685244
-0.704618
-0.7053658
-0.6978758
-0.70013356
-0.70082414
-0.70272905
-0.70887715
-0.7042876
-0.70184535
-0.69998604
-0.70601296
-0.7085616
-0.70552635
-0.7071971
-0.7039175
-0.70313793
-0.711549
-0.70743436
-0.7037212
-0.69840443
-0.7096982
-0.709328
-0.7042167
-0.7069979
-0.7047751
-0.71209157
-0.7112397
-0.70834637
-0.7038444
-0.7009201
-0.7028201
-0.7083822
-0.7053194
-0.70683104
-0.70984036
-0.7095775
-0.7165211
-0.70930797
-0.70986396
-0.7117004
-0.71460646
-0.70855325
-0.7095042
-0.7049384
-0.71112365
-0.7098908
-0.71411127
-0.70404756
-0.70821977
-0.71222657
-0.71835095
-0.70951694
-0.7078713
-0.711124
-0.70275843
-0.7169249
-0.71018237
-0.70608747
-0.7122247
-0.71323115
-0.71187454
-0.7101094
-0.71012163
-0.7089082
-0.7122489
-0.7109074
-0.70645493
-0.71079063
-0.7065034
-0.70176685
-0.7116019
-0.71435004
-0.7174004
-0.70991683
-0.7108179
-0.71458304
-0.7092865
-0.7126724
-0.7207536
-0.708438
-0.7096096
-0.7126962
-0.7124367
-0.7177642
-0.7182689
-0.71598613
-0.7169098
-0.7125704
-0.7155744
-0.717731
-0.71694684
-0.72087926
-0.7124999
-0.7148411
-0.71161324
-0.70975083
-0.7074585
-0.7131116
-0.7106684
-0.7142183
-0.70766175
-0.7079888
-0.70981544
-0.71151525
-0.71156466
-0.7192853
-0.716432
-0.71417844
-0.71024066
-0.71377796
-0.7140963
-0.7117438
-0.71557754
-0.72786236
-0.7205631
-0.7239463
-0.7130988
-0.7206767
-0.72063
-0.7143852
-0.71750844
-0.7093206
-0.7189572
-0.71178496
-0.7114783
-0.7138229
-0.7174383
-0.7118165
-0.709892
-0.7070758
-0.7068622
-0.717477
-0.7148835
-0.7150829
-0.7140596
-0.714645
-0.7120767
-0.71345824
-0.71279854
-0.7234011
-0.7199346
-0.7146304
-0.7171167
-0.7185281
-0.7240491
-0.7144957
-0.71868056
-0.7215392
-0.71752995
-0.72282386
-0.71851045
-0.7162428
-0.724764
-0.71377337
-0.7184409
-0.7193118
-0.71989924
-0.72142357
-0.7202572
-0.72131824
-0.7190975
-0.71678394
-0.7201948
-0.7190795
-0.7175714
-0.721606
-0.7242157
-0.7247271
-0.7208368
-0.72251576
-0.71837616
-0.71613884
-0.71943545
-0.7192338
-0.72429204
-0.7309384
-0.72155213
-0.72393125
-0.718053
-0.7167964
-0.7248569
-0.72332925
-0.7198164
-0.72360647
-0.7282418
-0.72139555
-0.7217018
-0.7296936
-0.722305
-0.72303385
-0.71993136
-0.7243853
-0.7200973
-0.72079927
-0.7295685
-0.71793467
-0.7221661
-0.7230182
-0.7248192
-0.7258822
-0.7205595
-0.72511387
-0.72003603
-0.72335756
-0.7152507
-0.717031
-0.72715527
-0.726589
-0.72551745
-0.7230483
-0.7254208
-0.72638994
-0.7276985
-0.72535
-0.7311803
-0.72102195
-0.7341198
-0.72624445
-0.7319674
-0.727605
-0.72371376
-0.7204761
-0.7259787
-0.72262555
-0.71993107
-0.72677225
-0.72713953
-0.7278557
-0.7264893
-0.7332365
-0.7256638
-0.7273517
-0.72785145
-0.72402775
-0.7293807
-0.7280212
-0.7213339
-0.73217285
-0.72860235
-0.7312207
-0.7239604
-0.7275191
-0.73144835
-0.72959024
-0.72705424
-0.7304677
-0.73340964
-0.73542917
-0.73007107
-0.72661495
-0.726563
-0.73053914
-0.72634226
-0.7226217
-0.7252397
-0.72803766
-0.7295535
-0.73093575
-0.7299232
-0.7336083
-0.72982854
-0.731998
-0.73034257
-0.73075247
-0.73367256
-0.7257574
-0.7257996
-0.72728395
-0.7352814
-0.7372664
-0.7302084
-0.7314221
-0.7382168
-0.73302704
-0.7305847
-0.7296744
-0.72737277
-0.73096585
-0.7301423
-0.73755306
-0.7288566
-0.73058516
-0.7278378
-0.72690034
-0.73279
-0.73081934
-0.732966
-0.7319554
-0.731398
-0.7356647
-0.73791474
-0.7268143
-0.73198074
-0.7357993
-0.73166496
-0.7397465
-0.7320821
-0.7304701
-0.73280877
-0.7294774
-0.7335102
-0.7396766
-0.7342019
-0.7367333
-0.7335974
-0.7296264
-0.73294055
-0.7383357
-0.728609
-0.7275296
-0.73510724
-0.7295757
-0.7373249
-0.72858745
-0.7312813
-0.73184454
-0.7289834
-0.73253006
-0.73924094
-0.7345624
-0.73361844
-0.73681194
-0.73152834
-0.73062176
-0.738384
-0.7306937
-0.7336695
-0.72997904
-0.7323378
-0.73136
-0.73296916
-0.7286463
-0.73717254
-0.7344193
-0.73288554
-0.7368072
-0.7366786
-0.739202
-0.7348078
-0.73909986
-0.739442
-0.74122286
-0.7367388
-0.73539317
-0.72737765
-0.7369133
-0.7465279
-0.7422135
-0.7343034
-0.7377323
-0.73961204
-0.73490596
-0.73304075
-0.73733795
-0.73530626
-0.73967016
-0.74577695
-0.7340617
-0.7384343
-0.733797
-0.7369081
-0.7444715
-0.7395967
-0.737399
-0.73346645
-0.7338686
-0.7384009
-0.73534024
-0.7363669
-0.73907954
-0.73765355
-0.73696136
-0.74340624
-0.7409823
-0.74284774
-0.7356162
-0.73625684
-0.73739105
-0.73867685
-0.74517083
-0.74193573
-0.7397077
-0.7363459
-0.7355383
-0.7419816
-0.735092
-0.74136597
-0.74321824
-0.7385324
-0.742451
-0.73971
-0.7399224
-0.7405902
-0.7419966
-0.73913246
-0.7429727
-0.74213934
-0.74002796
-0.7391551
-0.7358896
-0.74233145
-0.73834795
-0.7343646
-0.7438265
-0.73976314
-0.74555314
-0.7414317
-0.74287355
-0.7409899
-0.7451123
-0.7427344
-0.7418108
-0.74020714
-0.7501322
-0.749472
-0.74180144
-0.74562734
-0.73970073
-0.73971605
-0.74410266
-0.74139327
-0.74138325
-0.7385884
-0.7441997
-0.74550253
-0.7358667
-0.7482296
-0.7420219
-0.7411968
-0.745859
-0.73964965
-0.74420834
-0.7442327
-0.7418727
-0.7381272
-0.7386955
-0.74659824
-0.7467465
-0.7403526
-0.7485063
-0.7436982
-0.7405676
-0.74742293
-0.7332123
-0.74305916
-0.73583937
-0.74129206
-0.7371809
-0.7432452
-0.7418716
-0.74085546
-0.7382803
-0.7470392
-0.74389386
-0.74664634
-0.74738944
-0.7423054
-0.74515855
-0.7471915
-0.74871653
-0.75180787
-0.74474436
-0.7496231
-0.74515027
-0.7493381
-0.74317956
-0.7496787
-0.74530756
-0.7477513
-0.74554724
-0.7450216
-0.7413089
-0.74780416
-0.7426644
-0.7456416
-0.74622476
-0.7471603
-0.74770886
-0.7454207
-0.7458625
-0.74364185
-0.74303913
-0.7424128
-0.7455568
-0.74986863
-0.7504479
-0.7508517
-0.7491083
-0.7435523
-0.7443528
-0.7450706
-0.75120956
-0.7488748
-0.7533932
-0.7540174
-0.7481089
-0.74551916
-0.7490367
-0.75165653
-0.7414135
-0.74789464
-0.75294006
-0.74426275
-0.7461013
-0.7469873
-0.7504772
-0.7500008
-0.744149
-0.754336
-0.7526414
-0.7464123
-0.7487393
-0.7440887
-0.7440304
-0.74630797
-0.7461965
-0.7435141
-0.7419509
-0.7452563
-0.7501078
-0.7418217
-0.7493333
-0.74992025
-0.7548972
-0.7496151
-0.74899775
-0.74935776
-0.7465098
-0.7535445
-0.7480937
-0.7473125
-0.75403756
-0.7460273
-0.7540758
-0.74806374
-0.7501538
-0.74524283
-0.747453
-0.7512908
-0.7485353
-0.74026024
-0.7517229
-0.7424576
-0.7458002
-0.75978553
-0.75337934
-0.75088406
-0.7491632
-0.7584852
-0.752702
-0.7513371
-0.7535449
-0.7466712
-0.75340766
-0.7466814
-0.7514304
-0.7573009
-0.7520193
-0.74954116
-0.7491199
-0.7467203
-0.75512457
-0.7527915
-0.7514836
-0.7575822
-0.75192446
-0.7513098
-0.7560093
-0.7493721
-0.7507067
-0.75466466
-0.7570079
-0.75173056
-0.75392723
-0.76096356
-0.75459445
-0.7537324
-0.749603
-0.75380903
-0.75631195
-0.761188
-0.75818396
-0.7630033
-0.7570147
-0.76037717
-0.75717854
-0.75801426
-0.7508189
-0.7628224
-0.76233363
-0.7579665
-0.758925
-0.76017237
-0.75771666
-0.752964
-0.7562976
-0.7555935
-0.75741124
-0.7579559
-0.75225186
-0.7611822
-0.7560598
-0.75396675
-0.75442666
-0.75279355
-0.75748116
-0.7567823
-0.75986373
-0.76018065
-0.7606494
-0.7592862
-0.7592358
-0.7632082
-0.7586347
-0.7557221
-0.76082534
-0.7633217
-0.7638562
-0.7609303
-0.7531866
-0.7578477
-0.75565076
-0.76048297
-0.76749927
-0.75545347
-0.76226336
-0.7585253
-0.75657755
-0.75844944
-0.7618962
-0.75828743
-0.7616805
-0.7570034
-0.7637536
-0.7590525
-0.75714695
-0.76157147
-0.7630384
-0.75883913
-0.75660425
-0.7565334
-0.76403147
-0.76265615
-0.75752634
-0.76265407
-0.7608154
-0.7622887
-0.7610432
-0.7640035
-0.7590893
-0.7559817
-0.7655934
-0.75408626
-0.7707115
-0.7667136
-0.76311827
-0.76465523
-0.76308113
-0.76038927
-0.75630414
-0.75536966
-0.75557715
-0.76172435
-0.7626342
-0.7593139
-0.7623565
-0.761495
-0.75632095
-0.76122826
-0.7609459
-0.7610331
-0.7600402
-0.7657285
-0.7619959
-0.7613618
-0.7664439
-0.7611977
-0.7585215
-0.7616911
-0.7519725
-0.76452446
-0.7653482
-0.75916004
-0.75843376
-0.76434875
-0.76778555
-0.7603929
-0.7669259
-0.7652032
-0.7648752
-0.7670725
-0.7590062
-0.7605698
-0.7640232
-0.76114696
-0.76648873
-0.7620596
-0.7592085
-0.76400286
-0.7654633
-0.75815856
-0.75821763
-0.76569396
-0.7681589
-0.7643874
-0.7676915
-0.7697178
-0.7658901
-0.760734
-0.7556775
-0.7716216
-0.76488507
-0.7640089
-0.7729909
-0.7689021
-0.76314276
-0.75785184
-0.76495796
-0.7655416
-0.7687341
-0.7654391
-0.7667804
-0.7653632
-0.76903564
-0.76041484
-0.7630938
-0.7615146
-0.76892704
-0.7541834
-0.76441485
-0.7652679
-0.76202047
-0.7658905
-0.769245
-0.7645092
-0.7680798
-0.7708611
-0.76471335
-0.7655424
-0.77209085
-0.7642811
-0.76748675
-0.7737441
-0.7707749
-0.76367074
-0.75673586
-0.7662826
-0.76682913
-0.76559925
-0.7680429
-0.76248133
-0.7648539
-0.7648108
-0.76347744
-0.76361006
-0.7672324
-0.77229553
-0.7652149
-0.76210606
-0.770149
-0.7663151
-0.7702125
-0.7659727
-0.7706941
-0.75918263
-0.7687771
-0.7608642
-0.7725543
-0.7685658
-0.7705061
-0.76877576
-0.7700532
-0.76748204
-0.7641397
-0.77241445
-0.7688893
-0.77724123
-0.7706989
-0.765524
-0.76587564
-0.7697324
-0.76987857
-0.76988244
-0.7660817
-0.7704577
-0.7752862
-0.76165855
-0.7720508
-0.7729227
-0.7664613
-0.7686905
-0.7687269
-0.7731513
-0.7703693
-0.7726984
-0.76376253
-0.76940554
-0.76381636
-0.77242875
-0.7676411
-0.7705255
-0.7715184
-0.7706478
-0.7711459
-0.77688956
-0.76506644
-0.7710181
-0.7701727
-0.7685902
-0.7726549
-0.7723196
-0.7639039
-0.7748902
-0.76765263
-0.7719848
-0.7677583
-0.76640135
-0.77113706
-0.765394
-0.7692213
-0.77351093
-0.77509785
-0.77377754
-0.7702618
-0.7704597
-0.7688554
-0.77027243
-0.77420723
-0.76900864
-0.77104145
-0.7681371
-0.7730376
-0.7660937
-0.7712774
-0.7695548
-0.767182
-0.7601132
-0.76645756
-0.76707166
-0.7678805
-0.7669524
-0.7681241
-0.7711524
-0.774886
-0.77417743
-0.7740516
-0.7770667
-0.7707734
-0.77338994
-0.77329683
-0.7712681
-0.76714253
-0.7698859
-0.7717155
-0.77182055
-0.7724562
-0.7743945
-0.77602005
-0.76804686
-0.77019835
-0.77621245
-0.7692285
-0.7764598
-0.76742846
-0.7699183
-0.7755033
-0.77329296
-0.76945585
-0.77243954
-0.7672909
-0.77582175
-0.76904243
-0.77172726
-0.77218366
-0.7692362
-0.77007693
-0.7750235
-0.77458775
-0.7758105
-0.776001
-0.7704434
-0.77294976
-0.768288
-0.7721354
-0.77511865
-0.7752521
-0.77608955
-0.7764359
-0.78252494
-0.77387506
-0.7751344
-0.77379924
-0.7664298
-0.7690507
-0.77407515
-0.77231413
-0.7809683
-0.77485585
-0.77452296
-0.770502
-0.7763221
-0.7720144
-0.7776518
-0.77744126
-0.7770886
-0.7707095
-0.77222663
-0.7755119
-0.77549535
-0.77730495
-0.775605
-0.7781374
-0.773524
-0.77878016
-0.7775687
-0.7753417
-0.77821004
-0.7733481
-0.7752223
-0.7840665
-0.78123623
-0.772473
-0.7769333
-0.77107257
-0.77148795
-0.7779384
-0.7749983
-0.78031296
-0.77478355
-0.7790703
-0.7782816
-0.78070945
-0.7771771
-0.7788958
-0.7795564
-0.7789616
-0.7793434
-0.7825695
-0.77353084
-0.778064
-0.77424
-0.78212535
-0.7758999
-0.7797358
-0.77512646
-0.7826276
-0.7784914
-0.7791726
-0.7794031
-0.78686064
-0.77215576
-0.774368
-0.7756358
-0.7859251
-0.7765306
-0.7763984
-0.7743207
-0.7810496
-0.7774277
-0.78012013
-0.781455
-0.78283507
-0.77000403
-0.7760151
-0.7756579
-0.7798265
-0.7789462
-0.77763313
-0.7769371
-0.7767251
-0.7730262
-0.7757113
-0.7812476
-0.7850431
-0.78070766
-0.7799979
-0.78129244
-0.7747704
-0.78548545
-0.78228885
-0.77651775
-0.7854161
-0.77356684
-0.77574545
-0.7757224
-0.77676225
-0.7797503
-0.7763787
-0.773452
-0.7804325
-0.7769845
-0.77228403
-0.778831
-0.7833482
-0.7813851
-0.77887344
-0.782125
-0.7809967
-0.7726879
-0.78031284
-0.78084534
-0.77787584
-0.7862537
-0.77938485
-0.7799368
-0.78058165
-0.7782676
-0.77680737
-0.7754992
-0.7854805
-0.7848938
-0.78156555
-0.7837798
-0.78144675
-0.785471
-0.77861816
-0.784142
-0.78875756
-0.7823128
-0.78469735
-0.78151757
-0.78117055
-0.78003615
-0.778752
-0.7877218
-0.77488565
-0.7803509
-0.7806945
-0.77911377
-0.78695154
-0.77820784
-0.7803334
-0.7825175
-0.78111494
-0.7814471
-0.7907041
-0.7818494
-0.78013974
-0.7796413
-0.7842248
-0.78333133
-0.786621
-0.78058434
-0.7851056
-0.78387535
-0.7860572
-0.7923819
-0.7857392
-0.7838327
-0.78097785
-0.7858103
-0.77854395
-0.7845835
-0.7905145
-0.7848736
-0.7860359
-0.7853404
-0.78631383
-0.7853307
-0.7884723
-0.7802815
-0.7867916
-0.7885159
-0.78660965
-0.7860336
-0.7846231
-0.7833091
-0.78538567
-0.78717595
-0.7816353
-0.77946824
-0.78417
-0.78657997
-0.78885007
-0.79396945
-0.7892301
-0.78799963
-0.7935791
-0.7869956
-0.78835845
-0.78468513
-0.78747886
-0.7891745
-0.7903611
-0.78623617
-0.7865256
-0.7825815
-0.7816423
-0.7833263
-0.79101473
-0.7906318
-0.7904538
-0.7898289
-0.7904296
-0.78307086
-0.7888652
-0.78738075
-0.7837
-0.7902982
-0.78872573
-0.7878762
-0.7899179
-0.78454685
-0.79361826
-0.7924213
-0.7888719
-0.78872186
-0.7990977
-0.78996503
-0.7926341
-0.7899313
-0.7910728
-0.7896547
-0.79120207
-0.7917528
-0.78846276
-0.78604144
-0.79455316
-0.7943689
-0.7933421
-0.79098743
-0.7932501
-0.7928951
-0.7964148
-0.7986318
-0.79531145
-0.79612017
-0.7958206
-0.7928491
-0.7923711
-0.7965303
-0.79756904
-0.7959088
-0.79265606
-0.7897147
-0.79195464
-0.792963
-0.79935676
-0.79636514
-0.79935557
-0.7979556
-0.7895513
-0.7988901
-0.7994532
-0.79134715
-0.79844403
-0.8020487
-0.80083853
-0.8052425
-0.79782325
-0.79924756
-0.8031426
-0.8000498
-0.79802966
-0.79966456
-0.78822047
-0.7883107
-0.8017707
-0.7990994
-0.80380917
-0.79697967
-0.8042567
-0.80241257
-0.8004998
-0.79650575
-0.80185276
-0.8031873
-0.7977477
-0.8002429
-0.8042988
-0.8012475
-0.8048338
-0.8050777
-0.8093043
-0.79970205
-0.8002913
-0.80208224
-0.8033157
-0.80435085
-0.8144371
-0.80149513
-0.80780303
-0.80017704
-0.80666006
-0.8061084
-0.803318
-0.8104142
-0.80570704
-0.81415606
-0.8025323
-0.80419326
-0.80628115
-0.80629015
-0.8097037
-0.80906326
-0.8051129
-0.8095017
-0.8020982
-0.8056835
-0.8025051
-0.7991015
-0.81070745
-0.80895096
-0.80442256
-0.80600435
-0.8079478
-0.8053977
-0.81111586
-0.8166628
-0.80832464
-0.8084508
-0.8071192
-0.8063226
-0.81050384
-0.8051995
-0.8059887
-0.8026505
-0.80346453
-0.80237854
-0.79883194
-0.79638666
-0.798813
-0.8043536
-0.8027318
-0.80835336
-0.81111366
-0.80627114
-0.8110382
-0.8079889
-0.8102491
-0.8151784
-0.8036201
-0.8035224
-0.8083121
-0.8093273
-0.810326
-0.8083193
-0.8085375
-0.8124488
-0.80385107
-0.8052014
-0.8110268
-0.8113554
-0.81177264
-0.8121041
-0.8206384
-0.80897593
-0.815953
-0.8110222
-0.81748617
-0.8062093
-0.8106886
-0.8064771
-0.8116158
-0.8105849
-0.8232117
-0.81046456
-0.809184
-0.811487
-0.807826
-0.80981386
-0.81347
-0.8143153
-0.8178555
-0.8145026
-0.8156177
-0.8142853
-0.8178612
-0.81808615
-0.8095499
-0.8151626
-0.8115231
-0.8134966
-0.8134767
-0.8133305
-0.8149836
-0.81846374
-0.813384
-0.8150699
-0.8162689
-0.81742775
-0.81871283
-0.81545633
-0.81042737
-0.8128425
-0.81431466
-0.8200268
-0.8189096
-0.8158753
-0.8187682
-0.8147074
-0.814927
-0.8151224
-0.81589806
-0.80665535
-0.81657183
-0.821491
-0.8107121
-0.8166278
-0.8164802
-0.8169938
-0.80907726
-0.8118816
-0.8148873
-0.80742055
-0.81760097
-0.81169134
-0.8130211
-0.8086976
-0.8135878
-0.81108
-0.8200634
-0.818332
-0.81144905
-0.8114444
-0.8188411
-0.80681574
-0.81552863
-0.82039785
-0.81815207
-0.8163715
-0.8170155
-0.8122185
-0.81694716
-0.816861
-0.8142071
-0.8113403
-0.82262427
-0.8165126
-0.8180862
-0.8158656
-0.8249019
-0.821949
-0.8187716
-0.8230672
-0.8232356
-0.8177845
-0.817046
-0.82125574
-0.81580585
-0.8157789
-0.8163085
-0.8217768
-0.8155611
-0.81196696
-0.81702214
-0.81977576
-0.8213831
-0.81881064
-0.81656873
-0.8219412
-0.8253276
-0.82288754
-0.8209468
-0.8157223
-0.8245328
-0.82071054
-0.8182202
-0.81636035
-0.82032967
-0.8171787
-0.82235986
-0.8193072
-0.82232934
-0.82497656
-0.8210027
-0.8207815
-0.82460773
-0.82134223
-0.8171031
-0.8260733
-0.8236312
-0.81751585
-0.8169404
-0.8239579
-0.82100034
-0.82227945
-0.8254708
-0.82369775
-0.81659794
-0.82016826
-0.8254892
-0.82781637
-0.8237431
-0.82451665
-0.8267166
-0.8161417
-0.8191957
-0.8252113
-0.823761
-0.8240812
-0.81913996
-0.82055706
-0.8161792
-0.82638377
-0.81610703
-0.81978184
-0.8228915
-0.82445735
-0.8231766
-0.8186555
-0.8310205
-0.82333595
-0.8245278
-0.8294093
-0.82738054
-0.817373
-0.8231261
-0.82222223
-0.8217496
-0.81803364
-0.8203773
-0.8208246
-0.8266206
-0.82089585
-0.8212413
-0.82128656
-0.83158743
-0.8289009
-0.82491654
-0.8255016
-0.81902784
-0.8216412
-0.82342297
-0.8228495
-0.81803584
-0.8176367
-0.8245087
-0.8258824
-0.82065934
-0.82313323
-0.8275238
-0.82075256
-0.82967985
-0.82060254
-0.8226846
-0.82323253
-0.8185158
-0.8268848
-0.82249665
-0.82844573
-0.82170254
-0.8229248
-0.82528895
-0.82125324
-0.82404685
-0.8221882
-0.8251114
-0.8246978
-0.8258351
-0.8265817
-0.82598925
-0.8256719
-0.82436293
-0.8316588
-0.8244171
-0.821814
-0.82196414
-0.83093816
-0.818741
-0.8241534
-0.8197244
-0.8264962
-0.8245051
-0.8203691
-0.81964254
-0.8178741
-0.8260839
-0.8234063
-0.82494515
-0.8183378
-0.82001674
-0.8232454
-0.8249595
-0.82055956
-0.8278726
-0.8225566
-0.829457
-0.81901807
-0.8278392
-0.82468104
-0.82492065
-0.8285286
-0.8245867
-0.8257319
-0.82916415
-0.8272123
-0.8248609
-0.82470703
-0.82864094
-0.82729864
-0.8250187
-0.819191
-0.82542056
-0.82777786
-0.82652146
-0.83086807
-0.82179224
-0.82879496
-0.8285278
-0.8214406
-0.8303601
-0.823353
-0.8239609
-0.8257456
-0.8309692
-0.8254581
-0.82927155
-0.829338
-0.827183
-0.8285555
-0.82241875
-0.8250891
-0.8243094
-0.8220194
-0.8261475
-0.8296888
-0.8316391
-0.8245114
-0.8282609
-0.8283465
-0.83006567
-0.83479095
-0.830119
-0.8270595
-0.8246377
-0.82483894
-0.8242259
-0.8258993
-0.82063353
-0.82697636
-0.82184166
-0.8256116
-0.8231578
-0.82651556
-0.82651377
-0.8183452
-0.8279218
-0.823626
-0.831496
-0.8275547
-0.832565
-0.82155895
-0.82904005
-0.8235639
-0.8246763
-0.82711405
-0.8276287
-0.8316143
-0.82384986
-0.8316014
-0.8270045
-0.8258878
-0.82626826
-0.82409024
-0.8259315
-0.82483083
-0.82942045
-0.8305835
-0.82677954
-0.8276596
-0.8212736
-0.82341695
-0.8301922
-0.82827437
-0.82828265
-0.8215375
-0.8269031
-0.82016206
-0.8271592
-0.8261448
-0.8234186
-0.8290435
-0.82753307
-0.82722527
-0.82906985
-0.8330039
-0.8257044
-0.8305009
-0.8283506
-0.83503175
-0.8275934
-0.8317683
-0.83037525
-0.830893
-0.82651263
-0.8300182
-0.83069384
-0.8278717
-0.8283438
-0.82734174
-0.8300752
-0.83324194
-0.8315674
-0.83233356
-0.83083
-0.82100636
-0.82762057
-0.82458913
-0.8273952
-0.82789755
-0.83350575
-0.8308433
-0.83458394
-0.8357137
-0.83265203
-0.8340549
-0.8298338
-0.8293027
-0.826402
-0.83666223
-0.83043474
-0.83532995
-0.83358765
-0.8371304
-0.82975525
-0.83296835
-0.82725555
-0.8314504
-0.8347437
-0.8282519
-0.8345983
-0.8333378
-0.83063096
-0.833632
-0.83142895
-0.83253366
-0.8322419
-0.8397171
-0.832224
-0.8308202
-0.8313204
-0.8368388
-0.82921165
-0.8301929
-0.82396096
-0.83597404
-0.83397216
-0.82921314
-0.8363587
-0.8334029
-0.8359557
-0.8318193
-0.832403
-0.83156145
-0.8273412
-0.82695055
-0.8332641
-0.83779335
-0.83299714
-0.83150655
-0.83088255
-0.8345567
-0.8337377
-0.8304218
-0.8311564
-0.83027357
-0.8321568
-0.832279
-0.82614243
-0.8311459
-0.8299875
-0.83092046
-0.82986474
-0.8342301
-0.8292482
-0.8315185
-0.8284531
-0.83220834
-0.8346895
-0.83322036
-0.8350873
-0.8321754
-0.8301286
-0.83122283
-0.83038414
-0.8325014
-0.83384526
-0.8298247
-0.8319319
-0.8307943
-0.82593733
-0.8332043
-0.8352874
-0.83684564
-0.83968276
-0.83629364
-0.8365573
-0.8327049
-0.8353357
-0.83618647
-0.8255626
-0.8434003
-0.8288304
-0.83400613
-0.8359103
-0.8285598
-0.82760406
-0.83443916
-0.8378631
-0.82702243
-0.82789195
-0.83529913
-0.82976764
-0.83528966
-0.8333813
-0.8321366
-0.83622307
-0.83390033
-0.83281285
-0.83311284
-0.8320306
-0.83384293
-0.83406144
-0.834962
-0.83893865
-0.83587253
-0.8283435
-0.8292681
-0.8244562
-0.8204076
-0.82843596
-0.82332325
-0.8190333
-0.8233731
-0.82128006
-0.817555
-0.82608986
-0.8211592
-0.82984537
-0.81715554
-0.82351124
-0.82684165
-0.8299488
-0.8267433
-0.83060557
-0.83105624
-0.83937025
-0.8361066
-0.8348402
-0.82476586
-0.8297292
-0.83459383
-0.8300182
-0.83028734
-0.83687735
-0.8364904
-0.8290569
-0.8339753
-0.82538027
-0.8284353
-0.8287882
-0.83125293
-0.82563466
-0.83361423
-0.833895
-0.8296916
-0.83527595
-0.83718216
-0.8320743
-0.8308767
-0.83619076
-0.8349079
-0.83034223
-0.8341171
-0.84156054
-0.8342062
-0.84077674
-0.83361447
-0.83278316
-0.83565384
-0.83394754
-0.8371203
-0.8381721
-0.83094436
-0.83501846
-0.8349483
-0.8409101
-0.83920044
-0.8356956
-0.83351535
-0.83419216
-0.8385338
-0.8326473
-0.82961154
-0.83096385
-0.835767
-0.83475995
-0.83209825
-0.83250046
-0.83908325
-0.8361162
-0.8315655
-0.8357245
-0.8286902
-0.83506006
-0.8290384
-0.8307023
-0.8380249
-0.8340777
-0.8361922
-0.8303021
-0.8320637
-0.83009535
-0.83059573
-0.83409655
-0.8340017
-0.8371986
-0.83465564
-0.8298272
-0.8317099
-0.83400595
-0.8360081
-0.8388757
-0.8377917
-0.84003603
-0.8384087
-0.84089935
-0.8358988
-0.8354461
-0.8392876
-0.8386074
-0.83539265
-0.8360876
-0.84432197
-0.84029794
-0.84349185
-0.8315552
-0.8379856
-0.8331065
-0.836785
-0.8351696
-0.83902746
-0.83520144
-0.837724
-0.8412377
-0.83624125
-0.83818597
-0.83377075
-0.83573765
-0.83620054
-0.8376042
-0.8349976
-0.8367689
-0.8412324
-0.84025425
-0.8386651
-0.8350118
-0.83634305
-0.83447504
-0.8338853
-0.8340567
-0.83628327
-0.83542687
-0.8355049
-0.83726597
-0.8351453
-0.8382935
-0.83818775
-0.8407552
-0.8380124
-0.8398869
-0.84162796
-0.8399655
-0.84159666
-0.83876497
-0.8368926
-0.8424527
-0.8336571
-0.84606326
-0.8387307
-0.8369246
-0.83690816
-0.8430245
-0.8326767
-0.8347038
-0.8404506
-0.8377119
-0.83488077
-0.8348976
-0.8313082
-0.844052
-0.8451942
-0.8422
-0.84133595
-0.83367354
-0.83663076
-0.83506453
-0.8397947
-0.8385216
-0.83683544
-0.8383754
-0.83208686
-0.83430296
-0.83580136
-0.83794
-0.83611566
-0.83751494
-0.84235656
-0.8378406
-0.8376251
-0.84355754
-0.83957994
-0.835646
-0.83318466
-0.8383548
-0.8377099
-0.8319844
-0.8334748
-0.8361989
-0.83376056
-0.8388977
-0.8393216
-0.83933735
-0.8388797
-0.8384075
-0.83361745
-0.83560497
-0.8382339
-0.8353047
-0.8444023
-0.836854
-0.8378297
-0.8455857
-0.8394208
-0.84119433
-0.8447066
-0.8417348
-0.8410068
-0.84656656
-0.842178
-0.8383344
-0.84422517
-0.8388435
-0.84297127
-0.8425357
-0.8434677
-0.8391458
-0.8432181
-0.84049064
-0.84092355
-0.8452305
-0.84501976
-0.84554076
-0.84894925
-0.8350226
-0.8401247
-0.83564085
-0.8431983
-0.84114826
-0.83920485
-0.8440923
-0.8453204
-0.8412819
-0.8425277
-0.8400323
-0.83878654
-0.8439714
-0.8382747
-0.8396905
-0.84036463
-0.83828056
-0.8425279
-0.84033483
-0.846732
-0.8409958
-0.8408646
-0.8423233
-0.84056956
-0.84508216
-0.84037083
-0.8470312
-0.83829683
-0.8387897
-0.8406125
-0.843199
-0.8439778
-0.839348
-0.83954465
-0.84075063
-0.8444125
-0.8409818
-0.84004
-0.8377091
-0.8402723
-0.8409591
-0.8418562
-0.830687
-0.8358623
-0.8321935
-0.8377899
-0.8438868
-0.8451776
-0.8428914
-0.8407607
-0.84192413
-0.8368325
-0.8461711
-0.8419239
-0.8428068
-0.83732635
-0.8367109
-0.8426601
-0.8435248
-0.83999187
-0.8427092
-0.84013456
-0.83949345
-0.83721334
-0.8409246
-0.84743994
-0.8505601
-0.83965504
-0.84199715
-0.84425485
-0.84234035
-0.8486139
-0.84127975
-0.84362376
-0.8416458
-0.84343547
-0.8418814
-0.8419635
-0.8389624
-0.8425529
-0.83992755
-0.8351455
-0.840187
-0.8415495
-0.83901376
-0.8448006
-0.8434494
-0.8423217
-0.84034866
-0.8432666
-0.8441388
-0.8405122
-0.83588016
-0.84132814
-0.8409921
-0.83633965
-0.8383934
-0.84190726
-0.8459277
-0.8424614
-0.844434
-0.8486785
-0.840987
-0.8373324
-0.8430391
-0.8459327
-0.8498048
-0.8386516
-0.8405793
-0.84432006
-0.84018993
-0.84263504
-0.8362904
-0.8424053
-0.8437373
-0.83922106
-0.8321397
-0.8498773
-0.8396023
-0.8435714
-0.8431335
-0.8436449
-0.8444384
-0.8434048
-0.8448936
-0.84659284
-0.8396724
-0.84192187
-0.8376367
-0.8455395
-0.8391656
-0.84277904
-0.8440473
-0.8392446
-0.8456279
-0.8471805
-0.8453936
-0.8496777
-0.8408835
-0.8412447
-0.8424388
-0.84496105
-0.84162515
-0.8429196
-0.8429984
-0.84353524
-0.848995
-0.84755564
-0.840577
-0.8421722
-0.84579355
-0.8450015
-0.84795725
-0.8480747
-0.84610665
-0.8484802
-0.84646153
-0.84088135
-0.84146523
-0.8402312
-0.85191333
-0.8467697
-0.84653383
-0.84605604
-0.8437938
-0.8372956
-0.8451585
-0.84351265
-0.8413753
-0.841499
-0.8430577
-0.8381402
-0.8441029
-0.84006524
-0.8452717
-0.8402131
-0.845223
-0.8457982
-0.84540266
-0.8473783
-0.84084713
-0.8422514
-0.8393049
-0.8425398
-0.83797264
-0.84956485
-0.84452945
-0.84653026
-0.8488211
-0.8443435
-0.8382541
-0.84241754
-0.84270114
-0.83993506
-0.84037936
-0.8448463
-0.84395206
-0.846064
-0.8419834
-0.8434034
-0.8419399
-0.8462699
-0.83590716
-0.8386066
-0.841416
-0.842045
-0.8429888
-0.8420778
-0.84260005
-0.84075004
-0.83962166
-0.84196925
-0.8417779
-0.84146184
-0.84088695
-0.8430768
-0.84309024
-0.8418336
-0.847936
-0.8430286
-0.8467526
-0.83984804
-0.84382504
-0.84520465
-0.839066
-0.84189117
-0.840369
-0.84529513
-0.84622097
-0.8452889
-0.84458524
-0.8410528
-0.84061754
-0.8419846
-0.83827174
-0.84277505
-0.84420097
-0.84163845
-0.8395355
-0.84423167
-0.83972305
-0.8400836
-0.8445756
-0.8391616
-0.84512746
-0.8447503
-0.8398213
-0.84379035
-0.84217155
-0.84744805
-0.84215456
-0.8388944
-0.8438565
-0.8438887
-0.84829926
-0.846383
-0.8411605
-0.84768426
-0.84657794
-0.8438642
-0.847435
-0.8424725
-0.8359532
-0.83952093
-0.83950675
-0.8408209
-0.8425882
-0.84067774
-0.84279275
-0.85059065
-0.84115905
-0.8491544
-0.84011614
-0.84149635
-0.8443341
-0.84573036
-0.8423885
-0.84958196
-0.84498125
-0.8478732
-0.8462014
-0.84631294
-0.84485364
-0.84813863
-0.8461282
-0.8484218
-0.8391493
-0.84422415
-0.84374434
-0.8438831
-0.84537446
-0.8440987
-0.8463191
-0.84477735
-0.84403855
-0.84679514
-0.84052926
-0.8397249
-0.8424875
-0.842816
-0.8406884
-0.8394538
-0.84431106
-0.8430615
-0.8412106
-0.84882534
-0.8445208
-0.8403378
-0.8427943
-0.8482082
-0.8466972
-0.8452114
-0.84770125
-0.84062713
-0.8425497
-0.84460074
-0.84357655
-0.8424791
-0.8441469
-0.8427126
-0.848516
-0.8439505
-0.8413043
-0.84403366
-0.8439007
-0.84949297
-0.8395553
-0.844199
-0.84735006
-0.84840447
-0.84301794
-0.8511786
-0.84681106
-0.8479361
-0.8494159
-0.8516838
-0.843028
-0.84818536
-0.84839886
-0.84733766
-0.84576106
-0.84398186
-0.8457673
-0.84864825
-0.84437567
-0.84459245
-0.8449405
-0.8465023
-0.8441391
-0.85036826
-0.8457047
-0.848911
-0.8425332
-0.8413421
-0.8437912
-0.8519905
-0.84351826
-0.84569937
-0.84646994
-0.84608436
-0.84495705
-0.84431225
-0.84185004
-0.8388932
-0.8464854
-0.848063
-0.84512603
-0.8498283
-0.8456168
-0.8434719
-0.8439516
-0.8379082
-0.8444768
-0.84329635
-0.8491663
-0.84628934
-0.8482586
-0.849328
-0.853675
-0.84977186
-0.8488131
-0.8460044
-0.84182954
-0.84617823
-0.84181654
-0.84433943
-0.8480424
-0.84698063
-0.8426356
-0.84572816
-0.8394743
-0.8448085
-0.84407234
-0.8452452
-0.84254354
-0.84754074
-0.8434943
-0.8454628
-0.842283
-0.8435079
-0.8387524
-0.84278816
-0.84698695
-0.8450256
-0.8451072
-0.848247
-0.8443642
-0.84438777
-0.84902436
-0.8450321
-0.8475526
-0.85067856
-0.8468293
-0.8440528
-0.85037017
-0.8525326
-0.8471204
-0.84304124
-0.84252036
-0.8468244
-0.8461983
-0.84278506
-0.8404635
-0.85440874
-0.84938914
-0.8478697
-0.8462631
-0.8470508
-0.846019
-0.84546137
-0.8465981
-0.84414613
-0.8501109
-0.84309226
-0.8519861
-0.8442828
-0.84759593
-0.8428222
-0.8445789
-0.84731835
-0.8414814
-0.84063184
-0.8510171
-0.8414828
-0.8524984
-0.8486466
-0.8476095
-0.84607625
-0.85010755
-0.84147507
-0.85162354
-0.8432873
-0.8475115
-0.8503485
-0.8474194
-0.84590316
-0.84773624
-0.8458972
-0.8493877
-0.85197884
-0.848841
-0.8490484
-0.84837085
-0.8434235
-0.8475005
-0.8447724
-0.84976643
-0.8446677
-0.8485605
-0.8526707
-0.84571344
-0.8441291
-0.8371234
-0.8421043
-0.8413968
-0.842094
-0.8479008
-0.8490463
-0.84740746
-0.8441015
-0.8468057
-0.84596354
-0.8467596
-0.84896964
-0.84739417
-0.8495748
-0.8439623
-0.8454155
-0.84636813
-0.84236574
-0.84692657
-0.84765947
-0.8472006
-0.8443639
-0.85308504
-0.84520787
-0.85224664
-0.8460836
-0.8448041
-0.84545636
-0.84737176
-0.84661746
-0.8454162
-0.8488943
-0.8457219
-0.8394027
-0.8430753
-0.8443315
-0.8474929
-0.8453458
-0.84669185
-0.84537023
-0.8489252
-0.847985
-0.84565616
-0.85129577
-0.8512128
-0.84237605
-0.8462349
-0.8452169
-0.8457088
-0.84529865
-0.84182644
-0.84351575
-0.84709936
-0.8436775
-0.8432997
-0.8533129
-0.8419312
-0.848235
-0.846781
-0.8462299
-0.84844154
-0.8451872
-0.8462801
-0.85002875
-0.8470484
-0.8553744
-0.84688467
-0.84730834
-0.8511416
-0.84995276
-0.8478989
-0.8433821
-0.84878874
-0.8480408
-0.8461294
-0.8494141
-0.84525645
-0.84935397
-0.84979856
-0.84842813
-0.8474095
-0.8419362
-0.84964293
-0.84864455
-0.84578174
-0.8508992
-0.8465735
-0.84537965
-0.845151
-0.8480478
-0.84354866
-0.84261227
-0.84923154
-0.85369486
-0.8510888
-0.84538025
-0.84663326
-0.8494231
-0.8432135
-0.8475592
-0.85070455
-0.8531343
-0.84981894
-0.8502822
-0.84444845
-0.8440663
-0.85036814
-0.84930915
-0.8515389
-0.8527807
-0.843788
-0.8504777
-0.84341794
-0.85012954
-0.84837097
-0.84479445
-0.84523004
-0.84509337
-0.845264
-0.84365565
-0.8467023
-0.8446722
-0.85481244
-0.85085946
-0.8480413
-0.84731585
-0.849918
-0.8460293
-0.8457416
-0.84019256
-0.84940857
-0.85070544
-0.8456328
-0.84653616
-0.8482957
-0.85707915
-0.85088766
-0.8514107
-0.84547526
-0.8454211
-0.8437617
-0.8514475
-0.8516449
-0.8481744
-0.8452681
-0.85185707
-0.8452073
-0.8484412
-0.85240805
-0.85082495
-0.8480155
-0.84966546
-0.84500754
-0.8472224
-0.8505975
-0.84620506
-0.8482057
-0.84371734
-0.84697896
-0.8498401
-0.85009253
-0.84605736
-0.8548408
-0.8512572
-0.84935147
-0.8493507
-0.8481626
-0.85276043
-0.84900767
-0.85354424
-0.8484677
-0.8519985
-0.8532515
-0.85032266
-0.8450713
-0.84989214
-0.85076094
-0.8462636
-0.84506226
-0.8479789
-0.84769183
-0.8491973
-0.8556883
-0.85154015
-0.8505694
-0.84391433
-0.84998614
-0.8447177
-0.84997
-0.85622287
-0.84574395
-0.8510542
-0.8461323
-0.84779775
-0.8473056
-0.84447634
-0.8551463
-0.85310143
-0.8509412
-0.8462427
-0.8515588
-0.84524846
-0.84397656
-0.85054046
-0.8463583
-0.8468651
-0.8468186
-0.84604406
-0.8464842
-0.8480396
-0.8519743
-0.8511081
-0.8487374
-0.85092807
-0.85207504
-0.84823656
-0.85313535
-0.85005534
-0.848558
-0.84655493
-0.8534667
-0.85074466
-0.8507788
-0.84972274
-0.8465175
-0.85169077
-0.8437625
-0.8481402
-0.85239977
-0.84531265
-0.84582275
-0.85509586
-0.8477575
-0.8503262
-0.8472576
-0.846676
-0.84836835
-0.8504383
-0.8512032
-0.84680843
-0.8489242
-0.8544468
-0.84435165
-0.84991205
-0.84710354
-0.8563492
-0.8501947
-0.8542971
-0.8504285
-0.853694
-0.85014915
-0.8452725
-0.85150194
-0.85243034
-0.8452149
-0.8510047
-0.8490553
-0.8531673
-0.85293746
-0.8530577
-0.8506366
-0.85186666
-0.8504021
-0.8494023
-0.84511137
-0.84794694
-0.8473296
-0.84655476
-0.8479436
-0.8554674
-0.85032356
-0.85474706
-0.8578097
-0.85240227
-0.8562347
-0.8511355
-0.8458654
-0.84647655
-0.855653
-0.84959966
-0.8568315
-0.8519804
-0.8480569
-0.8515851
-0.85241276
-0.8527872
-0.8502513
-0.84907275
-0.8492648
-0.8496644
-0.8560262
-0.8445202
-0.85294694
-0.84856117
-0.8541011
-0.8490067
-0.84858894
-0.84949
-0.8503913
-0.8486356
-0.85562265
-0.84841555
-0.8434622
-0.853007
-0.8494445
-0.8513855
-0.84699756
-0.8539166
-0.8529232
-0.847419
-0.8450686
-0.8487901
-0.85223657
-0.851424
-0.84561133
-0.85307616
-0.85104567
-0.84856725
-0.84966946
-0.85167
-0.84910935
-0.84693617
-0.84888893
-0.8418837
-0.85203123
-0.8495927
-0.85092866
-0.85341245
-0.8560475
-0.8462758
-0.85273015
-0.84782356
-0.85009605
-0.848639
-0.8481014
-0.85337025
-0.8527326
-0.85220146
-0.85032785
-0.85631347
-0.85650736
-0.8577503
-0.8490649
-0.85025406
-0.8542865
-0.85301095
-0.85376674
-0.8469122
-0.85175395
-0.8484378
-0.85295635
-0.85260427
-0.8513951
-0.85348606
-0.84395194
-0.84762084
-0.84792006
-0.84580654
-0.8554231
-0.85366654
-0.85313374
-0.85224944
-0.8529015
-0.85018164
-0.85349584
-0.8559687
-0.85050344
-0.846166
-0.8461687
-0.8532194
-0.8502184
-0.84697497
-0.8497334
-0.84353036
-0.8483444
-0.85624886
-0.85388136
-0.8486558
-0.8506113
-0.84984237
-0.8469254
-0.85469955
-0.8465532
-0.85501283
-0.84869933
-0.85353917
-0.8464892
-0.8490006
-0.85180414
-0.85193646
-0.8491519
-0.8485141
-0.8569587
-0.8571
-0.8504606
-0.84523624
-0.8554136
-0.8456888
-0.852618
-0.8461277
-0.85107297
-0.8466922
-0.8478997
-0.85261387
-0.8541581
-0.8513879
-0.8484323
-0.853902
-0.85543525
-0.8535517
-0.8541012
-0.8471676
-0.85062325
-0.8528557
-0.84989184
-0.85135907
-0.8449054
-0.855388
-0.8534163
-0.8544598
-0.8517552
-0.84877974
-0.8521946
-0.85114515
-0.8495884
-0.8528038
-0.8540889
-0.8534913
-0.8470028
-0.85492975
-0.8498098
-0.8484528
-0.8517274
-0.8550186
-0.8500005
-0.8545326
-0.8542733
-0.8552108
-0.8552708
-0.85502
-0.85717654
-0.8544336
-0.85375947
-0.8544491
-0.8556764
-0.85546196
-0.8488775
-0.85459423
-0.84961474
-0.851346
-0.84896964
-0.85737747
-0.8499103
-0.8529483
-0.85113806
-0.85129374
-0.8511523
-0.8514529
-0.84919184
-0.85217696
-0.8508212
-0.85484177
-0.85251355
-0.8544199
-0.85396695
-0.8497562
-0.85422444
-0.8514912
-0.8469595
-0.8497351
-0.85744566
-0.8486982
-0.85091877
-0.85059905
-0.85318255
-0.85166496
-0.8521262
-0.8463379
-0.8496617
-0.8497884
-0.852014
-0.8467626
-0.8563338
-0.8522959
-0.8542531
-0.8560856
-0.85493475
-0.85118943
-0.8482668
-0.84974045
-0.8509548
-0.85304135
-0.85238075
-0.851083
-0.85381144
-0.8480172
-0.8523167
-0.8449002
-0.8548568
-0.8462774
-0.85112864
-0.84975034
-0.85148185
-0.8510429
-0.85109067
-0.8450775
-0.85058975
-0.85187554
-0.8512548
-0.8545786
-0.85366356
-0.8546639
-0.85407215
-0.84935606
-0.8571587
-0.8505219
-0.85452455
-0.8579824
-0.8575478
-0.8544838
-0.85003996
-0.8555247
-0.8517328
-0.8566536
-0.85378736
-0.85869545
-0.8504297
-0.8506862
-0.84822345
-0.8520281
-0.85000676
-0.85517836
-0.8560547
-0.8525859
-0.85485077
-0.8527571
-0.8477999
-0.850595
-0.8575371
-0.8521747
-0.8509841
-0.8563068
-0.8540766
-0.8467275
-0.8536473
-0.85216177
-0.8527842
-0.854502
-0.8529161
-0.85547185
-0.8545124
-0.8537851
-0.8527098
-0.8535183
-0.857964
-0.8564595
-0.8518499
-0.8511819
-0.8528411
-0.8546995
-0.8582045
-0.8546957
-0.8535743
-0.85103583
-0.85512716
-0.856716
-0.85436445
-0.8521625
-0.8588292
-0.8497307
-0.8542736
-0.853211
-0.85233396
-0.85743886
-0.8476986
-0.85168594
-0.85803854
-0.8586227
-0.8522452
-0.8492149
-0.8536633
-0.8522965
-0.85277206
-0.8577526
-0.85078824
-0.85002935
-0.85090643
-0.8508108
-0.8539969
-0.8523213
-0.85259336
-0.85226715
-0.8587193
-0.8468489
-0.8499755
-0.84788
-0.84882545
-0.8504389
-0.8550904
-0.85613114
-0.8526785
-0.85277677
-0.851475
-0.853792
-0.8534662
-0.8504914
-0.85081524
-0.8526374
-0.8536417
-0.8519967
-0.8489294
-0.8534549
-0.85315657
-0.8528946
-0.8570506
-0.8524061
-0.8546158
-0.85253423
-0.85646296
-0.855241
-0.8520118
-0.8581227
-0.8557039
-0.8542583
-0.856985
-0.85801256
-0.8554053
-0.85582113
-0.852102
-0.8531487
-0.8544857
-0.85355216
-0.85173446
-0.8589535
-0.85221493
-0.85159576
-0.8514235
-0.854643
-0.8527826
-0.85104746
-0.8561457
-0.8536464
-0.8524775
-0.85185987
-0.8562798
-0.8531226
-0.857615
-0.85304934
-0.8553799
-0.85405254
-0.85363674
-0.8499109
-0.8514593
-0.85581017
-0.85656726
-0.85698986
-0.8529841
-0.85702425
-0.8533377
-0.85006285
-0.8505655
-0.85212517
-0.85026133
-0.8537669
-0.8518395
-0.8536582
-0.85613316
-0.8550038
-0.8517036
-0.852919
-0.85202235
-0.84519285
-0.8592826
-0.84975046
-0.8546178
-0.85359204
-0.8597216
-0.85540545
-0.85476214
-0.8560341
-0.8556598
-0.853963
-0.85825104
-0.8568912
-0.8569594
-0.85322565
-0.8576647
-0.8540703
-0.8513922
-0.8542284
-0.84910905
-0.85573006
-0.85772157
-0.85777605
-0.8524719
-0.85741496
-0.8504797
-0.8549187
-0.8528365
-0.8520153
-0.8524709
-0.85104936
-0.85295326
-0.84906816
-0.85528815
-0.8587708
-0.855516
-0.8554979
-0.85915804
-0.85627925
-0.85760164
-0.85730034
-0.8598904
-0.8536864
-0.85788697
-0.85547453
-0.8540967
-0.8560693
-0.8541661
-0.8543646
-0.8525229
-0.8521519
-0.854789
-0.8566368
-0.85287654
-0.8556999
-0.85233444
-0.85530037
-0.85885465
-0.8536977
-0.85662395
-0.8534618
-0.8561596
-0.85219795
-0.8531712
-0.85774493
-0.8557422
-0.852002
-0.84907615
-0.8523068
-0.84779036
-0.85399085
-0.8486241
-0.85277
-0.85359514
-0.851886
-0.85317963
-0.85657525
-0.8558952
-0.8600432
-0.85444474
-0.85251284
-0.85573
-0.8552063
-0.8544583
-0.85087425
-0.8555021
-0.86004686
-0.8549469
-0.85352916
-0.8549424
-0.8580986
-0.85706234
-0.8591137
-0.85482043
-0.86219746
-0.85213834
-0.8585488
-0.85570884
-0.85749334
-0.8580834
-0.8514259
-0.855873
-0.85214865
-0.8584819
-0.8554522
-0.85824215
-0.85420954
-0.85705686
-0.85410553
-0.85529375
-0.8553108
-0.8551738
-0.8541484
-0.85007465
-0.8551593
-0.8580997
-0.8601361
-0.8583734
-0.8579276
-0.85164493
-0.85716456
-0.8583145
-0.85387754
-0.8589876
-0.85572606
-0.8562484
-0.850692
-0.8543682
-0.85434604
-0.8521338
-0.85789686
-0.85629064
-0.86023414
-0.85585546
-0.85167354
-0.8513175
-0.86059695
-0.85293347
-0.85282254
-0.85534114
-0.85476136
-0.8501685
-0.8559875
-0.8547707
-0.8549588
-0.8570409
-0.855697
-0.8559648
-0.8533168
-0.858521
-0.85912824
-0.85526776
-0.8556739
-0.8543633
-0.85473174
-0.8545462
-0.85812706
-0.8547907
-0.85746884
-0.8525638
-0.85710853
-0.8489072
-0.84925956
-0.8537953
-0.8533337
-0.8447913
-0.851685
-0.8520192
-0.85995764
-0.8601791
-0.8554104
-0.85476744
-0.8563847
-0.8506484
-0.85479003
-0.85211414
-0.85648304
-0.8519537
-0.8568752
-0.85322195
-0.85959125
-0.8515717
-0.8601085
-0.8561123
-0.8546077
-0.8617046
-0.85602516
-0.8537409
-0.8570285
-0.8489242
-0.8557219
-0.85776246
-0.85309297
-0.8528941
-0.85749155
-0.8598675
-0.8591172
-0.84981996
-0.8569481
-0.8601522
-0.85543656
-0.86069393
-0.85227215
-0.85849816
-0.86053014
-0.8559202
-0.85529196
-0.85479546
-0.8527169
-0.85509855
-0.85684913
-0.8558267
-0.855807
-0.85557085
-0.86161244
-0.8561553
-0.8554268
-0.855968
-0.8552759
-0.85178167
-0.85499924
-0.85245985
-0.85371166
-0.85509074
-0.8588108
-0.8471149
-0.85774165
-0.8531738
-0.85452086
-0.8611982
-0.8554462
-0.8528838
-0.85636824
-0.8594333
-0.8582713
-0.8579025
-0.85831755
-0.8600974
-0.8566243
-0.84895885
-0.8564478
-0.851771
-0.8599205
-0.8525535
-0.85687804
-0.85521394
-0.85635287
-0.85598415
-0.8493214
-0.85319024
-0.853796
-0.85422194
-0.85828614
-0.8545086
-0.85553074
-0.86115646
-0.85335803
-0.8598722
-0.8552687
-0.8553959
-0.85558116
-0.8602333
-0.8568976
-0.85265905
-0.8526381
-0.85875845
-0.8578544
-0.8540139
-0.85326236
-0.8491958
-0.8495056
-0.85863113
-0.8511142
-0.8570544
-0.85280776
-0.84992594
-0.8510659
-0.8548367
-0.8539532
-0.8538839
-0.8537793
-0.85147953
-0.85700184
-0.85039055
-0.85178274
-0.8535742
-0.85019785
-0.85491765
-0.8490892
-0.8573624
-0.8594761
-0.8532826
-0.8569774
-0.85358536
-0.854548
-0.85304964
-0.8608695
-0.8560875
-0.8538406
-0.85673416
-0.8565284
-0.85420775
-0.8544902
-0.85332316
-0.8580987
-0.8601422
-0.85423774
-0.8488769
-0.8540216
-0.85462123
-0.85556006
-0.85675144
-0.8566748
-0.8597404
-0.8567062
-0.8523144
-0.85471874
-0.857781
-0.8556044
-0.8535843
-0.85273564
-0.8582536
-0.8598463
-0.85665345
-0.8565482
-0.85547364
-0.8549147
-0.8576345
-0.854821
-0.8550296
-0.8553613
-0.8527114
-0.85128045
-0.853246
-0.8562113
-0.85334647
-0.85722625
-0.8536944
-0.85302836
-0.8533489
-0.85856926
-0.85539687
-0.8603978
-0.862556
-0.8565934
-0.85580516
-0.8566936
-0.85985655
-0.85897595
-0.8553731
-0.85279286
-0.8563321
-0.8573663
-0.85375845
-0.8545407
-0.8581163
-0.8538365
-0.85913426
-0.85407263
-0.85451335
-0.8576432
-0.8598902
-0.8569945
-0.8548569
-0.8585964
-0.85817784
-0.8532524
-0.85505885
-0.8537576
-0.85551745
-0.8571035
-0.8541287
-0.8578467
-0.8558169
-0.85651135
-0.8561461
-0.85585237
-0.854697
-0.85244393
-0.85202795
-0.8554107
-0.85307467
-0.8552593
-0.8540975
-0.8554376
-0.8505455
-0.85439134
-0.8511901
-0.85520965
-0.8540838
-0.8544091
-0.85478795
-0.8545215
-0.85752213
-0.85529625
-0.8533393
-0.8542154
-0.8550941
-0.85499513
-0.856446
-0.85670114
-0.84786093
-0.8588793
-0.856419
-0.8531424
-0.8565602
-0.8505158
-0.8517312
-0.8621215
-0.8557855
-0.85511565
-0.86376935
-0.8635687
-0.8593996
-0.85547185
-0.8504326
-0.8562944
-0.8545217
-0.8533324
-0.85366154
-0.85805583
-0.8582152
-0.8530768
-0.8521372
-0.8583396
-0.85947824
-0.85358965
-0.86051846
-0.85373944
-0.8576383
-0.8556827
-0.8525698
-0.8527823
-0.8571698
-0.8594133
-0.8519626
-0.8576057
-0.85610175
-0.85533416
-0.8553325
-0.8565389
-0.8573012
-0.8575949
-0.85333765
-0.85972005
-0.8583381
-0.8562308
-0.85719067
-0.85435176
-0.8567214
-0.85152364
-0.85427797
-0.84684646
-0.8564422
-0.856715
-0.85247207
-0.85505635
-0.8535369
-0.8547825
-0.8616121
-0.8592113
-0.85765743
-0.85511845
-0.85248333
-0.8536142
-0.8562257
-0.85511476
-0.85522085
-0.859391
-0.85441816
-0.85321903
-0.85430825
-0.8564286
-0.855911
-0.8588945
-0.8579426
-0.85488534
-0.85967433
-0.8600938
-0.8580709
-0.8499751
-0.8583089
-0.85276943
-0.8527183
-0.8543641
-0.8560574
-0.85463446
-0.8528545
-0.8559074
-0.8561106
-0.8580428
-0.85433054
-0.8600616
-0.8589171
-0.8562824
-0.853804
-0.8590457
-0.8645555
-0.85789466
-0.85710734
-0.85624695
-0.8534275
-0.85160077
-0.86106783
-0.8577581
-0.8550196
-0.85640526
-0.8575643
-0.8553233
-0.8564294
-0.85314775
-0.85509247
-0.8519761
-0.85155994
-0.8582247
-0.8545323
-0.8578983
-0.85395217
-0.8545858
-0.85226613
-0.8546185
-0.8541335
-0.85496074
-0.86252147
-0.8601567
-0.8543614
-0.8535699
-0.85182965
-0.8522709
-0.859909
-0.85015345
-0.85096073
-0.8536795
-0.8506173
-0.8491082
-0.85498416
-0.8522713
-0.8569774
-0.85542065
-0.8551329
-0.85382277
-0.8563972
-0.85388887
-0.85466844
-0.8589545
-0.85749525
-0.85566497
-0.86029
-0.8594602
-0.85486925
-0.8600564
-0.85592085
-0.8552974
-0.8528546
-0.8566532
-0.8537524
-0.8580404
-0.85677636
-0.85558355
-0.8540848
-0.85546064
-0.8602071
-0.8569033
-0.85783505
-0.8574722
-0.8562397
-0.856666
-0.854761
-0.855673
-0.85802317
-0.85853195
-0.85649014
-0.8568058
-0.8577434
-0.8527356
-0.8545714
-0.8587324
-0.8588659
-0.8553773
-0.8574383
-0.8587808
-0.8573018
-0.8588365
-0.86242974
-0.8593537
-0.85843545
-0.8577632
-0.86344707
-0.8592515
-0.8551118
-0.85875577
-0.8574173
-0.8583466
-0.8515672
-0.8539115
-0.85992384
-0.8575014
-0.84775
-0.8506458
-0.8588518
-0.8537779
-0.85391545
-0.85408616
-0.8632106
-0.8599322
-0.85505253
-0.85377413
-0.8566776
-0.8598796
-0.8606233
-0.8536423
-0.8594479
-0.85757023
-0.85505545
-0.8569172
-0.86022645
-0.85295445
-0.8613236
-0.8595053
-0.8598044
-0.85853434
-0.85299313
-0.8567389
-0.8585584
-0.85436887
-0.85548013
-0.8599579
-0.85296655
-0.8526686
-0.8567394
-0.8606172
-0.85719025
-0.8573557
-0.85403603
-0.85683
-0.8564103
-0.8582473
-0.8607029
-0.8640927
-0.8598468
-0.8601427
-0.855992
-0.85971695
-0.85788834
-0.8566861
-0.8588478
-0.86076254
-0.8576646
-0.85609597
-0.85953647
-0.8572842
-0.85499436
-0.85498613
-0.85602844
-0.8525759
-0.8549163
-0.85384035
-0.86087817
-0.8605573
-0.857548
-0.86152977
-0.85429573
-0.85634536
-0.85856813
-0.8512835
-0.8543632
-0.8572118
-0.8605809
-0.85682
-0.8566199
-0.85635835
-0.85004157
-0.86171556
-0.85750645
-0.8599345
-0.8565607
-0.8560909
-0.85283494
-0.85709566
-0.8538262
-0.858382
-0.8547465
-0.8575402
-0.85722
-0.85299015
-0.8590281
-0.8641742
-0.85901463
-0.8527971
-0.851471
-0.86143196
-0.8530884
-0.85347736
-0.8587232
-0.855136
-0.8613321
-0.8560509
-0.8555656
-0.85874087
-0.85449713
-0.8554838
-0.8592803
-0.8605861
-0.8572649
-0.85987353
-0.8536658
-0.85272396
-0.8537849
-0.84925896
-0.8534103
-0.85526204
-0.85660005
-0.8553869
-0.8587622
-0.8574537
-0.858625
-0.8576858
-0.85613984
-0.85442823
-0.85422623
-0.8558663
-0.8562324
-0.85943675
-0.85587376
-0.8551995
-0.8577477
-0.8549571
-0.8614472
-0.85930467
-0.8559334
-0.8566882
-0.8525706
-0.8583521
-0.8631901
-0.85895073
-0.85257983
-0.8587249
-0.8587755
-0.8627659
-0.8570885
-0.8615316
-0.8494786
-0.8468025
-0.8540016
-0.8517692
-0.85721457
-0.8581231
-0.8575856
-0.8580427
-0.85117304
-0.8556133
-0.85175353
-0.85860986
-0.8610115
-0.8585136
-0.85735124
-0.8597349
-0.8545846
-0.8563701
-0.8556836
-0.8600409
-0.8551131
-0.85401636
-0.85514754
-0.86251736
-0.857571
-0.8541355
-0.8552827
-0.85732013
-0.85582286
-0.8582512
-0.85507745
-0.8563766
-0.85665405
-0.85826874
-0.86122006
-0.854858
-0.8526001
-0.85442525
-0.85698164
-0.86180234
-0.86095077
-0.85912704
-0.8538261
-0.8528674
-0.8591913
-0.85382026
-0.8559526
-0.8535609
-0.8587272
-0.85906065
-0.8583178
-0.8584169
-0.8602896
-0.8570034
-0.8591746
-0.85543954
-0.8576554
-0.8578461
-0.85378134
-0.8650922
-0.8577025
-0.85524577
-0.8581369
-0.8601652
-0.8544267
-0.8559261
-0.85536164
-0.8595368
-0.85933805
-0.8581704
-0.8568621
-0.8574685
-0.8553883
-0.8549084
-0.8594417
-0.85608125
-0.856853
-0.8575727
-0.85754
-0.8510655
-0.8560986
-0.85790426
-0.8582787
-0.85533977
-0.85603666
-0.853439
-0.8572364
-0.85854965
-0.8556834
-0.8536163
-0.8543949
-0.8549351
-0.85507625
-0.8540966
-0.85432047
-0.85554945
-0.8527176
-0.86061776
-0.85348773
-0.8566437
-0.8604724
-0.8559038
-0.8594663
-0.85601455
-0.8620824
-0.8566577
-0.8567639
-0.85803217
-0.8533994
-0.8546865
-0.85671794
-0.8566458
-0.8542848
-0.8595393
-0.85954046
-0.85524064
-0.8594728
-0.85925186
-0.85989445
-0.8568479
-0.86006236
-0.85492533
-0.8559567
-0.8508904
-0.8656763
-0.8533213
-0.85267615
-0.8560201
-0.85822505
-0.858825
-0.8558931
-0.86209965
-0.85567707
-0.85459644
-0.86030626
-0.8541673
-0.85654056
-0.8568975
-0.85621357
-0.8552386
-0.85262316
-0.85659486
-0.8574955
-0.8561622
-0.8593995
-0.8578043
-0.8544728
-0.85142577
-0.85188395
-0.85009253
-0.8553831
-0.8628186
-0.86028385
-0.85970587
-0.8495169
-0.8548721
-0.8601368
-0.8518318
-0.8629989
-0.85657686
-0.8589015
-0.8565636
-0.85733634
-0.8534404
-0.853661
-0.85970134
-0.8589861
-0.85696995
-0.8611203
-0.8571831
-0.8557205
-0.86009145
-0.8579419
-0.85967666
-0.8568655
-0.86141413
-0.85909355
-0.8554627
-0.86321217
-0.8599742
-0.85660505
-0.85753083
-0.8619324
-0.86090314
-0.85017884
-0.8561811
-0.86103207
-0.8586526
-0.85591424
-0.85546154
-0.85747236
-0.8590647
-0.85859495
-0.8646712
-0.86118484
-0.85641
-0.8584393
-0.861246
-0.8599665
-0.862075
-0.8612737
-0.85790443
-0.85693383
-0.85963756
-0.8597057
-0.85489523
-0.85375255
-0.857593
-0.85059714
-0.85783327
-0.85507566
-0.8601326
-0.85807675
-0.85596514
-0.8574149
-0.85778046
-0.8557998
-0.85953563
-0.86259276
-0.8568241
-0.854405
-0.8586565
-0.86119246
-0.8560204
-0.8588538
-0.860367
-0.85950685
-0.8584315
-0.858176
-0.864516
-0.86069256
-0.863276
-0.856283
-0.8585219
-0.8553721
-0.8535326
-0.86321896
-0.85628223
-0.86052185
-0.85876113
-0.8594187
-0.8619435
-0.8564429
-0.8550875
-0.85746175
-0.85903937
-0.8575805
-0.8577982
-0.8648601
-0.86230886
-0.8566114
-0.860385
-0.8576774
-0.8570898
-0.8586338
-0.85818356
-0.8562418
-0.85378295
-0.85931784
-0.85514843
-0.8593683
-0.85997283
-0.85496026
-0.857187
-0.85481966
-0.8558763
-0.8574687
-0.8594165
-0.8566441
-0.8603511
-0.85541266
-0.8483917
-0.86002624
-0.85683835
-0.8583929
-0.85918844
-0.85848993
-0.8551618
-0.8547
-0.85904455
-0.8607689
-0.8569594
-0.86239487
-0.8557534
-0.86220527
-0.8562986
-0.8580982
-0.8554719
-0.85445565
-0.8607371
-0.8599794
-0.8558572
-0.8554266
-0.8564108
-0.85523355
-0.85632855
-0.8603539
-0.85300183
-0.8563471
-0.85546947
-0.85830146
-0.85452104
-0.8598029
-0.8615733
-0.8633094
-0.85542744
-0.8558343
-0.858151
-0.853747
-0.85963374
-0.8583469
-0.8582305
-0.8544606
-0.85351545
-0.84766793
-0.8540617
-0.8597328
-0.85740805
-0.8522407
-0.8608373
-0.85360867
-0.8601052
-0.85851574
-0.8568198
-0.86268896
-0.8610074
-0.8577323
-0.8634234
-0.8627899
-0.8588707
-0.8594291
-0.85715926
-0.85895383
-0.8611671
-0.86061823
-0.8593305
-0.85398114
-0.8557365
-0.85515803
-0.8568964
-0.85318977
-0.8586372
-0.85539496
-0.85651606
-0.8632204
-0.85744363
-0.85465455
-0.85543454
-0.8616874
-0.86179733
-0.8568599
-0.85961956
-0.85477376
-0.85678333
-0.8544159
-0.8561807
-0.85370076
-0.8544223
-0.8557808
-0.8586773
-0.85410184
-0.8577573
-0.85669804
-0.8592476
-0.8562649
-0.8616619
-0.8519742
-0.8602143
-0.8540541
-0.85648495
-0.8561909
-0.8533923
-0.85809284
-0.86083126
-0.8567844
-0.8582816
-0.85740745
-0.86031795
-0.85634947
-0.85535204
-0.86158526
-0.8571802
-0.8597272
-0.86005104
-0.8611908
-0.8516026
-0.8605395
-0.8613545
-0.8591887
-0.85322404
-0.86070347
-0.8567338
-0.85635304
-0.8564147
-0.85034305
-0.85394007
-0.85437864
-0.856829
-0.8577562
-0.8555806
-0.8599567
-0.86183727
-0.8568259
-0.8583706
-0.8627992
-0.85803306
-0.8543926
-0.8611349
-0.85945153
-0.8525648
-0.8621452
-0.85939837
-0.8583517
-0.8626268
-0.8630715
-0.8559054
-0.85861176
-0.8585039
-0.86100584
-0.858797
-0.8569401
-0.86159456
-0.85826224
-0.85683155
-0.8579796
-0.85477835
-0.8532772
-0.8582858
-0.8560564
-0.8501248
-0.86166316
-0.8549931
-0.85980177
-0.8561071
-0.859715
-0.8543842
-0.85829985
-0.8580471
-0.8574323
-0.86060476
-0.8616759
-0.86314714
-0.8622965
-0.8574051
-0.8613431
-0.85572886
-0.8541297
-0.8598488
-0.86317164
-0.85962963
-0.8603207
-0.8624971
-0.85179543
-0.8624388
-0.8593181
-0.8554979
-0.85952014
-0.8570403
-0.8601992
-0.86006594
-0.8588341
-0.8593815
-0.8568457
-0.8577625
-0.85955256
-0.8612748
-0.8570611
-0.85960555
-0.86471516
-0.8542372
-0.8661988
-0.852501
-0.85554063
-0.8616273
-0.86334264
-0.8576632
-0.8560331
-0.85905904
-0.86061513
-0.86207604
-0.85922873
-0.86115813
-0.859094
-0.8599017
-0.8587502
-0.8567316
-0.8599629
-0.8624469
-0.85659033
-0.8572436
-0.8604662
-0.8626982
-0.85907745
-0.85809624
-0.8595639
-0.8616137
-0.8605169
-0.85629827
-0.8595131
-0.8594117
-0.8613438
-0.85961354
-0.8549447
-0.8599197
-0.8527401
-0.8612231
-0.8596325
-0.8560443
-0.8619696
-0.8626185
-0.8617634
-0.8591732
-0.85822296
-0.8647776
-0.8607855
-0.86863166
-0.8633613
-0.8594101
-0.8549877
-0.86115533
-0.8556608
-0.8598996
-0.852386
-0.8575805
-0.8583322
-0.8551953
-0.8583597
-0.8655097
-0.86456347
-0.85767573
-0.85638225
-0.8584934
-0.85516256
-0.85754687
-0.8547997
-0.85475725
-0.8569936
-0.8608338
-0.8563697
-0.8496791
-0.85495216
-0.8566929
-0.8511567
-0.8584726
-0.854993
-0.85960597
-0.85476094
-0.85633564
-0.85080206
-0.85783195
-0.867476
-0.8612978
-0.8533567
-0.86101055
-0.8532645
-0.853672
-0.8615285
-0.85747814
-0.8526855
-0.86099696
-0.8577319
-0.85226697
-0.85272276
-0.85708785
-0.852638
-0.85839456
-0.8586341
-0.8561361
-0.8592295
-0.8624484
-0.8589545
-0.8532777
-0.8628175
-0.8562403
-0.855093
-0.85787016
-0.85755914
-0.8532001
-0.8545024
-0.85586315
-0.8552645
-0.86149025
-0.85304964
-0.85405725
-0.8554247
-0.8522052
-0.8558093
-0.85347414
-0.8603825
-0.86170554
-0.8660391
-0.8579179
-0.8607992
-0.8578244
-0.86120653
-0.85650355
-0.8613576
-0.8618084
-0.86354315
-0.8605451
-0.8623767
-0.8612588
-0.8624394
-0.8603307
-0.8633084
-0.86031514
-0.85873157
-0.8601373
-0.8634812
-0.8583731
-0.865402
-0.8568118
-0.86095965
-0.86494225
-0.864588
-0.8626898
-0.8607844
-0.866983
-0.85751426
-0.86468947
-0.8589474
-0.86140776
-0.8633812
-0.86424863
-0.8569868
-0.86269295
-0.861134
-0.85856044
-0.8645382
-0.8635804
-0.86146003
-0.8658077
-0.8590507
-0.8616296
-0.8549148
-0.85781485
-0.86057955
-0.85505885
-0.8619284
-0.85895
-0.853457
-0.8629834
-0.85953933
-0.86176705
-0.86023414
-0.8601146
-0.8615573
-0.85558856
-0.8583079
-0.85886675
-0.852457
-0.8560806
-0.85983384
-0.8548889
-0.8581516
-0.85544556
-0.85877085
-0.85679895
-0.85359794
-0.8551097
-0.8617932
-0.85985583
-0.8574046
-0.8573135
-0.8600095
-0.8574148
-0.8638682
-0.8614969
-0.85529107
-0.8578014
-0.86169606
-0.85615486
-0.85955787
-0.8610373
-0.8639201
-0.8626816
-0.8597343
-0.86413485
-0.8531941
-0.8643681
-0.8629707
-0.8585795
-0.85399973
-0.856397
-0.85983163
-0.8581492
-0.8555068
-0.85451305
-0.858045
-0.8629645
-0.8604404
-0.85603213
-0.85769624
-0.8606255
-0.8614526
-0.85773027
-0.85827845
-0.85337234
-0.8588065
-0.86235416
-0.8621325
-0.85424894
-0.8602752
-0.8651493
-0.85979867
-0.8639249
-0.8586704
-0.861866
-0.8602724
-0.8594916
-0.859959
-0.859177
-0.8593699
-0.85981464
-0.8577473
-0.8576914
-0.85559857
-0.85586756
-0.8614247
-0.8623522
-0.8595059
-0.8575317
-0.85796255
-0.85485613
-0.8593747
-0.86340415
-0.85913813
-0.86148643
-0.8564858
-0.86217684
-0.85936046
-0.86265826
-0.862489
-0.8627571
-0.8625929
-0.86234176
-0.8599398
-0.86436766
-0.86216897
-0.86185735
-0.86285
-0.85847884
-0.86812806
-0.86247635
-0.85870355
-0.85634935
-0.8567508
-0.85789126
-0.86187387
-0.86040795
-0.86137074
-0.8578377
-0.85855156
-0.8596902
-0.85653496
-0.8621404
-0.8607135
-0.8592051
-0.86050475
-0.8570335
-0.8634878
-0.860424
-0.8582346
-0.86083144
-0.8580757
-0.8585135
-0.8621864
-0.857799
-0.85417974
-0.8604807
-0.85942596
-0.85878456
-0.8586388
-0.85798866
-0.8591681
-0.85730255
-0.85896087
-0.85930467
-0.86469156
-0.8588939
-0.85699826
-0.85377127
-0.85889983
-0.86038715
-0.8615225
-0.8598214
-0.8554981
-0.8588765
-0.8588607
-0.856081
-0.8561982
-0.862966
-0.85309
-0.8590209
-0.8583708
-0.8629467
-0.85908055
-0.85980546
-0.85817224
-0.8573528
-0.864537
-0.86215883
-0.8514416
-0.86396265
-0.8599859
-0.8556925
-0.85917044
-0.86116076
-0.8606914
-0.8551099
-0.85969424
-0.8550691
-0.8626382
-0.86142474
-0.8587612
-0.85857075
-0.8585147
-0.86180854
-0.85932046
-0.85955524
-0.8604634
-0.85953057
-0.85861665
-0.8567969
-0.8604592
-0.8598533
-0.8597918
-0.867034
-0.8574754
-0.85938185
-0.85690707
-0.85627395
-0.8576041
-0.86224264
-0.86311066
-0.8584741
-0.85978997
-0.8639449
-0.86108315
-0.8598959
-0.8648439
-0.85341257
-0.8577457
-0.8642159
-0.85449475
-0.8610103
-0.858796
-0.8612565
