0.12115359229011724
0.36028287243926715
0.2999546719147097
0.8029717523945354
0.9717409220062337
0.5615616046455794
0.5283439193943427
0.5392534701229666
0.27322796097090485
0.5662734552859079
0.49678182412995414
1.102605448266194
0.419053721811244
1.0270042678985114
0.6336126551176651
0.280472307014261
0.32375053742865306
3.342338950226033
0.8798959228001634
0.5273840695682533
0.12125958284772102
0.37462841088412996
0.48408402522956934
0.6423005632204974
0.2806474807176017
0.7527797313627429
82.58200263590537
13.4017713268892
0.46127742976119246
0.4073786379286401
0.6009114413578942
0.6474840849063217
0.6389262895162415
0.2799165088778896
0.3020295989536287
272.1082624554946
136.20700884886384
17.42307625262462
0.7091282244610569
0.5206337919886244
0.5066322860378375
0.5586373635951548
0.5389574113334097
0.627858377837404
215.17107197641883
47.07194037394555
0.629645477568822
0.5517385727018299
0.591492037433015
0.4670365840922026
0.4440560317958894
7.475506902100814
246.80446173333368
96.71915617581591
6.174301027833858
0.31784221793313483
0.794592806751514
0.4717961201977368
2.079833326260427
26.951140579809195
128.07842090108835
14.109659857315794
0.21018211214861746
0.38698295251043013
0.4617180589847447
15.257953125371245
Mean: 20.55236038845049
