-0.4312448
-0.5114048
-0.60194564
-0.64981526
-0.67693037
-0.7027351
-0.7164505
-0.7323614
-0.75592464
-0.76761085
-0.78446436
-0.7816509
-0.7886534
-0.80077547
-0.8121675
-0.8157492
-0.8232777
-0.83281666
-0.83547443
-0.8356073
-0.8424851
-0.84808457
-0.85022944
-0.8587215
-0.8553833
-0.8588459
-0.86308557
-0.8657849
-0.86455786
-0.87048095
-0.8725501
-0.8737403
-0.8757243
-0.87812996
-0.880622
-0.88250476
-0.8824625
-0.8843429
-0.887977
-0.8884386
-0.8861039
-0.89422745
-0.8918511
-0.89474076
-0.89366233
-0.8956069
-0.8974495
-0.8974362
-0.9014305
-0.901662
-0.90077174
-0.90114015
-0.9019259
-0.90515774
-0.9049029
-0.90372694
-0.90579313
-0.9041818
-0.90573204
-0.90919465
-0.9087788
-0.91107255
-0.9091404
-0.9091706
-0.9155364
-0.9110454
-0.9106699
-0.91222477
-0.9118007
-0.9146264
-0.91226333
-0.9132428
-0.9161945
-0.914737
-0.91359496
-0.9168458
-0.91723967
-0.91572785
-0.91691536
-0.9169925
-0.92098397
-0.9166582
-0.91350114
-0.91665643
-0.9162774
-0.915345
-0.9160282
-0.91490567
-0.9133767
-0.9174842
-0.91555303
-0.9185583
-0.9152697
-0.91606605
-0.920419
-0.91978776
-0.9172216
-0.91832423
-0.9186062
-0.9252121
-0.9222116
-0.91836524
-0.9213456
-0.9224389
-0.923002
-0.92704827
-0.92185664
-0.92327
-0.9209924
-0.9249944
-0.9274215
-0.9244774
-0.92639697
-0.9249146
-0.92740786
-0.92790323
-0.9258827
-0.9284703
-0.92726344
-0.92633563
-0.9307492
-0.9292042
-0.93082464
-0.9309404
-0.93021137
-0.9272348
-0.9274006
-0.9295619
-0.9294314
-0.9271252
-0.9292681
-0.93120056
-0.93018806
-0.9313667
-0.9328664
-0.9284808
-0.932629
-0.9300748
-0.93254024
-0.93231505
-0.9326925
-0.931055
-0.9320681
-0.93365365
-0.93465877
-0.9341125
-0.9342643
-0.9344269
-0.93357944
-0.93272823
-0.9344522
-0.93175834
-0.9328796
-0.9368217
-0.93337363
-0.93363136
-0.93588006
-0.93452775
-0.9345402
-0.9341148
-0.9339129
-0.9348524
-0.937484
-0.9360288
-0.9354269
-0.93706846
-0.93682325
-0.9385417
-0.937799
-0.9404256
-0.93917817
-0.93877304
-0.9398867
-0.9404444
-0.9378254
-0.93956023
-0.9393521
-0.94062686
-0.93799156
-0.94120955
-0.9400292
-0.9398242
-0.9420681
-0.9411565
-0.943082
-0.9394859
-0.9406692
-0.94037455
-0.9416615
-0.9414641
-0.9428653
-0.94314706
-0.9420786
-0.9448315
-0.94186985
-0.9446366
-0.9446589
-0.9436559
-0.94330543
-0.9453531
-0.94482076
-0.9446431
-0.94673645
-0.94476783
-0.9452106
-0.94760424
-0.9464654
-0.94625014
-0.9462583
-0.94576395
-0.9455951
-0.94705033
-0.9472903
-0.94661814
-0.94846505
-0.9461539
-0.9467428
-0.9475286
-0.949126
-0.9488105
-0.9490044
-0.950742
-0.9505338
-0.94956726
-0.9483483
-0.95086634
-0.94877315
-0.9502155
-0.95022744
-0.9491303
-0.9501817
-0.9506835
-0.95143855
-0.9530857
-0.9519643
-0.95215905
-0.95372635
-0.9521607
-0.95373416
-0.9544877
-0.9528719
-0.9538428
-0.95436966
-0.9542142
-0.9533506
-0.9548481
-0.9546421
-0.95446026
-0.95434356
-0.95538783
-0.95639265
-0.95569354
-0.95463234
-0.95577157
-0.9563138
-0.9539621
-0.9562313
-0.9560256
-0.95793074
-0.95695347
-0.955973
-0.9571699
-0.95738435
-0.9575767
-0.9581876
-0.9579292
-0.95791346
-0.9574914
-0.958173
-0.9589861
-0.9590159
-0.9599573
-0.9592007
-0.9597882
-0.95912725
-0.95928794
-0.9588332
-0.96014035
-0.9587528
-0.96036726
-0.95848584
-0.9596529
-0.9595791
-0.96084964
-0.9593117
-0.9614008
-0.9607559
-0.96235013
-0.9610955
-0.96083695
-0.9622042
-0.9611859
-0.9605769
-0.96198785
-0.9627942
-0.96291894
-0.96141243
-0.96233934
-0.96262753
-0.9618405
-0.96212274
-0.9630255
-0.9631863
-0.9631561
-0.9631618
-0.96176594
-0.96398133
-0.9640329
-0.96284235
-0.96259123
-0.9636141
-0.96414626
-0.96432436
-0.9639907
-0.96492493
-0.96408856
-0.9638834
-0.96443814
-0.9643291
-0.9647461
-0.96452975
-0.96548194
-0.9651889
-0.9661111
-0.965659
-0.9657913
-0.96622074
-0.96608186
-0.9653965
-0.9657572
-0.96547014
-0.9661616
-0.9665051
-0.9670564
-0.96602935
-0.96828914
-0.96771777
-0.96536374
-0.96726954
-0.96704096
-0.9667902
-0.9670736
-0.96792483
-0.96809417
-0.9660375
-0.96781963
-0.96795386
-0.9659136
-0.9680738
-0.96820366
-0.96804553
-0.96734226
-0.9686564
-0.96858317
-0.96820056
-0.96754646
-0.96786076
-0.9676223
-0.9684471
-0.96790683
-0.96819293
-0.9676375
-0.96983933
-0.9677908
-0.9674307
-0.9686157
-0.968132
-0.967569
-0.9696984
-0.9690761
-0.9684259
-0.96916324
-0.9699734
-0.9688057
-0.9703508
-0.9704335
-0.9707085
-0.9698562
-0.9694308
-0.9707095
-0.97084165
-0.97040325
-0.9704437
-0.9708279
-0.96990395
-0.97105247
-0.97028697
-0.9709568
-0.97071654
-0.9718047
-0.9709626
-0.9705469
-0.97193235
-0.9721803
-0.97143376
-0.9714939
-0.9705881
-0.9713646
-0.9721599
-0.9712676
-0.9725445
-0.9718885
-0.9714302
-0.9717079
-0.97145325
-0.97249335
-0.972436
-0.97311616
-0.97288793
-0.9736394
-0.9719727
-0.97288674
-0.97330797
-0.9732593
-0.9737797
-0.9731536
-0.97234666
-0.97301877
-0.97342694
-0.9737304
-0.97397864
-0.974186
-0.9745202
-0.97373056
-0.9738717
-0.97421503
-0.9734004
-0.97473866
-0.97329646
-0.9738021
-0.973246
-0.9738864
-0.9731408
-0.9741677
-0.9740931
-0.974728
-0.9739083
-0.9746664
-0.9749827
-0.9746182
-0.9736756
-0.9745878
-0.9749955
-0.97508454
-0.9753548
-0.97497576
-0.97480327
-0.9744786
-0.9748601
-0.9755021
-0.97480255
-0.97590476
-0.97545093
-0.97587025
-0.9755979
-0.97519326
-0.9753658
-0.9748368
-0.97528654
-0.97479135
-0.976053
-0.97582
-0.97672933
-0.9765049
-0.97611886
-0.9759762
-0.9765151
-0.97633034
-0.9764474
-0.9765269
-0.9765482
-0.97664624
-0.97693795
-0.97611237
-0.9766315
-0.9763588
-0.97660893
-0.9771545
-0.97571945
-0.9766071
-0.9761981
-0.97637385
-0.976471
-0.97665787
-0.97724825
-0.97701454
-0.9771889
-0.976884
-0.97776145
-0.97688264
-0.9765429
-0.97701925
-0.9773709
-0.9769873
-0.9772911
-0.9763352
-0.9779915
-0.9783046
-0.9782766
-0.97710544
-0.977725
-0.9771637
-0.97821075
-0.97801864
-0.9779815
-0.9776811
-0.97734135
-0.9778572
-0.97709054
-0.978407
-0.97821397
-0.97781634
-0.9774376
-0.9782318
-0.978404
-0.9781466
-0.97821075
-0.97811586
-0.9783365
-0.97806036
-0.9790282
-0.9781291
-0.9785604
-0.978045
-0.9782044
-0.9783478
-0.97884756
-0.9786032
-0.9787815
-0.9790091
-0.9781669
-0.9784284
-0.9789034
-0.9790979
-0.9788458
-0.97841644
-0.9779878
-0.9796071
-0.97868836
-0.9792981
-0.9784982
-0.9784615
-0.97897947
-0.97939557
-0.9789969
-0.9786467
-0.97972465
-0.9785894
-0.97903275
-0.97893107
-0.97920746
-0.9798994
-0.9790929
-0.97888446
-0.9789539
-0.9799179
-0.9778106
-0.9797888
-0.97940195
-0.9789164
-0.9792122
-0.978792
-0.97867066
-0.97978747
-0.97909105
-0.97925323
-0.9797579
-0.9790704
-0.97961867
-0.97846246
-0.97982496
-0.9795704
-0.9795071
-0.979536
-0.9794593
-0.9789962
-0.97984254
-0.9802018
-0.97943455
-0.97956896
-0.9796056
-0.9796376
-0.9796299
-0.9797448
-0.9798194
-0.98044914
-0.9800514
-0.9800471
-0.9797366
-0.9797815
-0.979614
-0.98074263
-0.9795554
-0.97975224
-0.9799235
-0.9798843
-0.9805796
-0.97946453
-0.979607
-0.98020256
-0.980316
-0.9807198
-0.980771
-0.98084277
-0.97960395
-0.97966033
-0.98022574
-0.98069334
-0.98004025
-0.9804228
-0.98029894
-0.97967756
-0.980293
-0.9813266
-0.98070693
-0.98063517
-0.980286
-0.9801192
-0.9809824
-0.9810591
-0.9806144
-0.9811329
-0.9800474
-0.9805834
-0.98083615
-0.9812427
-0.9815585
-0.9809019
-0.9804691
-0.98044616
-0.98078805
-0.9806259
-0.9807531
-0.9807364
-0.9816914
-0.9803745
-0.98055035
-0.9809317
-0.9811419
-0.98130864
-0.9810974
-0.98115754
-0.98079336
-0.9808369
-0.9810544
-0.9816237
-0.9809441
-0.98235935
-0.98130643
-0.98089707
-0.9812628
-0.9816959
-0.9814608
-0.9812955
-0.9816949
-0.9816373
-0.9813677
-0.98139334
-0.98155826
-0.98182315
-0.9810246
-0.9812661
-0.9826765
-0.9814716
-0.9809942
-0.98199105
-0.9811496
-0.98132664
-0.98217237
-0.9807473
-0.98152757
-0.98199695
-0.9812617
-0.9826012
-0.9822958
-0.9816419
-0.9818849
-0.9818424
-0.98209244
-0.9815554
-0.9816099
-0.98274034
-0.981226
-0.98210573
-0.9819146
-0.9819144
-0.9823288
-0.9819226
-0.9824551
-0.9814279
-0.98218936
-0.9822595
-0.9825185
-0.98177624
-0.9827278
-0.982235
-0.9823341
-0.98182
-0.9823964
-0.9821152
-0.9823714
-0.983185
-0.9818994
-0.9822081
-0.9819528
-0.98287
-0.9824833
-0.98331064
-0.98261195
-0.9824578
-0.98248804
-0.98242176
-0.98264134
-0.98265254
-0.9828242
-0.9826492
-0.9831852
-0.98266673
-0.9828253
-0.98369414
-0.9830726
-0.9828533
-0.98337495
-0.9835478
-0.9834004
-0.9833988
-0.98258924
-0.982914
-0.9828033
-0.98324746
-0.9828072
-0.98367584
-0.9832683
-0.9831103
-0.9835299
-0.9829846
-0.98338574
-0.9828477
-0.9832205
-0.983796
-0.9828809
-0.98353636
-0.9834664
-0.98311436
-0.9826678
-0.98357195
-0.98311657
-0.9837727
-0.9847149
-0.98405546
-0.9836528
-0.98398715
-0.98311234
-0.98383474
-0.98307955
-0.9835122
-0.98364866
-0.98349714
-0.9831794
-0.9833778
-0.9838347
-0.9833682
-0.98361486
-0.983054
-0.9830705
-0.98341113
-0.9831398
-0.983441
-0.9830728
-0.98315954
-0.98311424
-0.9832124
-0.9836495
-0.98363626
-0.98386663
-0.98306954
-0.98373395
-0.9832653
-0.9831328
-0.9829805
-0.9837053
-0.9831144
-0.9843476
-0.98354685
-0.9841739
-0.9838537
-0.9836421
-0.98375756
-0.98326576
-0.9839909
-0.9835856
-0.98372936
-0.9838751
-0.9838746
-0.9839606
-0.98437935
-0.98352325
-0.9847052
-0.9833826
-0.98380786
-0.983859
-0.984246
-0.98417974
-0.98359656
-0.98453754
-0.9836686
-0.9842972
-0.98404443
-0.9842634
-0.9835321
-0.9836185
-0.9836972
-0.98354065
-0.9838106
-0.983693
-0.98441935
-0.9842949
-0.984308
-0.9843214
-0.9848526
-0.9838338
-0.9843485
-0.9844887
-0.98410505
-0.98444885
-0.98448676
-0.98395294
-0.9842626
-0.98406583
-0.9837316
-0.9840561
-0.98431975
-0.9837903
-0.98450464
-0.9841715
-0.9842324
-0.98379046
-0.9845181
-0.9840636
-0.98436844
-0.9847332
-0.9845557
-0.98441726
-0.98423487
-0.98407364
-0.98451877
-0.9843763
-0.983784
-0.9849096
-0.9844353
-0.98487264
-0.98458636
-0.98476267
-0.9846967
-0.98423105
-0.98345447
-0.9841346
-0.98485196
-0.98410994
-0.9845166
-0.98444664
-0.98471147
-0.9848421
-0.98440397
-0.9847664
-0.98506916
-0.9841965
-0.9839863
-0.9846984
-0.9844062
-0.98425436
-0.9832035
-0.98486346
-0.9845725
-0.9847822
-0.9850382
-0.98397106
-0.9848058
-0.98416555
-0.9850141
-0.98362124
-0.98417324
-0.98443973
-0.9850083
-0.98496467
-0.98398787
-0.9841522
-0.98483825
-0.9853552
-0.9849434
-0.9840055
-0.98476076
-0.98467124
-0.9850159
-0.9851297
-0.98421025
-0.9846484
-0.98423225
-0.98461
-0.98536605
-0.98508
-0.98431647
-0.9843812
-0.9844828
-0.98437434
-0.9849505
-0.9850586
-0.98537326
-0.98511565
-0.98489267
-0.98447716
-0.9845918
-0.98464704
-0.9851876
-0.9849049
-0.98464274
-0.98510844
-0.9843487
-0.9849382
-0.9850982
-0.9851626
-0.9848776
-0.98467714
-0.9846803
-0.98491406
-0.9845094
-0.9851263
-0.9847709
-0.9843526
-0.98453647
-0.985088
-0.98443747
-0.98418295
-0.98477894
-0.9852741
-0.9847037
-0.98488903
-0.98527056
-0.985528
-0.98430395
-0.9845654
-0.9846632
-0.98497266
-0.98458
-0.9845582
-0.98471516
-0.9853379
-0.9848684
-0.98506653
-0.9852451
-0.9847385
-0.9851152
-0.98517805
-0.9852114
-0.9850449
-0.9854542
-0.98487455
-0.98511994
-0.9847527
-0.98504746
-0.98459804
-0.9847397
-0.9851506
-0.98520947
-0.9848136
-0.98446566
-0.9849788
-0.9850413
-0.98511815
-0.9846444
-0.9852204
-0.98538744
-0.98561627
-0.98498124
-0.98524666
-0.9846029
-0.9856876
-0.98442143
-0.98501134
-0.9852675
-0.9851007
-0.98485744
-0.98500025
-0.98526937
-0.98509884
-0.9845059
-0.98537874
-0.9851132
-0.9848272
-0.9863571
-0.98494965
-0.98532635
-0.9854019
-0.9844094
-0.98495764
-0.98550475
-0.98465985
-0.9861297
-0.9855817
-0.9845695
-0.98551047
-0.9853718
-0.9849561
-0.9846859
-0.98494756
-0.9850299
-0.9851657
-0.98501915
-0.98529184
-0.9849817
-0.98499197
-0.9849089
-0.98514456
-0.9854596
-0.984754
-0.98542106
-0.9848964
-0.9854303
-0.98521733
-0.9848844
-0.98480415
-0.9846477
-0.98556346
-0.9851052
-0.9848672
-0.9855365
-0.9851742
-0.98589337
-0.9857546
-0.98570627
-0.9851332
-0.9847109
-0.9848517
-0.98594034
-0.98560846
-0.98558
-0.98570555
-0.98545945
-0.9856666
-0.9860174
-0.9850725
-0.9861545
-0.98512095
-0.98590064
-0.98495334
-0.9850444
-0.9851559
-0.9852997
-0.9854252
-0.98592
-0.9857815
-0.985126
-0.9852312
-0.9861352
-0.98506993
-0.98578936
-0.9856589
-0.98505944
-0.9859108
-0.9859863
-0.9855587
-0.9861046
-0.984705
-0.9857974
-0.985474
-0.98495674
-0.9853098
-0.9847834
-0.9856837
-0.9847762
-0.9857159
-0.98441684
-0.98617595
-0.98543185
-0.9857867
-0.98537326
-0.98589325
-0.9851738
-0.9851607
-0.98621786
-0.9858259
-0.9857257
-0.9859981
-0.9863507
-0.9865422
-0.9853025
-0.9853507
-0.984866
-0.98575664
-0.9866444
-0.98611546
-0.98570126
-0.9857794
-0.9859729
-0.9855237
-0.98558736
-0.9857691
-0.98542964
-0.98578155
-0.986557
-0.98584545
-0.9851989
-0.9856884
-0.9856105
-0.9856279
-0.9855495
-0.9858315
-0.9858683
-0.98571146
-0.9856597
-0.98604506
-0.9858451
-0.98582655
-0.9855931
-0.9856656
-0.98514515
-0.98545516
-0.9860633
-0.9860386
-0.9847568
-0.9855178
-0.9851394
-0.98572767
-0.9856372
-0.9855376
-0.9857453
-0.98549205
-0.98563933
-0.9864424
-0.98535603
-0.986015
-0.9856951
-0.9864882
-0.9862745
-0.9865093
-0.9863058
-0.98561454
-0.98584086
-0.98634166
-0.98602104
-0.98626864
-0.9857363
-0.9857091
-0.98595846
-0.9857686
-0.98595595
-0.98599803
-0.98630726
-0.9859319
-0.98680484
-0.9854693
-0.9858223
-0.9867051
-0.98683256
-0.98534036
-0.9857465
-0.9870409
-0.98687613
-0.98691714
-0.98657876
-0.9855763
-0.9855692
-0.98695344
-0.98578644
-0.98562366
-0.986205
-0.9869563
-0.98595077
-0.98563474
-0.9865091
-0.9862306
-0.9869216
-0.9865861
-0.9865619
-0.9862288
-0.98721504
-0.98641384
-0.9863792
-0.9862503
-0.98670155
-0.9862733
-0.9860504
-0.98647684
-0.986126
-0.9865132
-0.9860601
-0.9862838
-0.98650765
-0.98600984
-0.98572725
-0.9864254
-0.9868646
-0.98651004
-0.98738045
-0.9862394
-0.9861361
-0.9857804
-0.9866112
-0.9866607
-0.986254
-0.98663783
-0.98655623
-0.9859677
-0.98661923
-0.98637944
-0.98619443
-0.9868184
-0.9857168
-0.98634696
-0.98685807
-0.9866821
-0.98623097
-0.98611975
-0.9866483
-0.98676276
-0.98624986
-0.9861888
-0.98631555
-0.98647666
-0.9866831
-0.98631775
-0.9863662
-0.98660475
-0.98617554
-0.986406
-0.9864525
-0.98633873
-0.9862096
-0.98602545
-0.98663074
-0.9861753
-0.98647773
-0.9867279
-0.98613125
-0.98660946
-0.98650813
-0.9868103
-0.98630416
-0.9871078
-0.98653746
-0.9855064
-0.98653585
-0.9868886
-0.98593116
-0.9866263
-0.9861418
-0.9866306
-0.9865299
-0.9860898
-0.98687613
-0.9866312
-0.9868286
-0.9865076
-0.98673266
-0.98587495
-0.98611075
-0.9869748
-0.9866183
-0.98659676
-0.9869446
-0.98723394
-0.98674023
-0.9863776
-0.98684496
-0.98607445
-0.98588306
-0.9872943
-0.98672545
-0.9864342
-0.98645616
-0.9866533
-0.98691523
-0.986434
-0.98741937
-0.98630357
-0.9868032
-0.9868817
-0.9864623
-0.98648393
-0.98685634
-0.9866528
-0.98615694
-0.98661315
-0.9870505
-0.9867205
-0.9870572
-0.9865752
-0.98672986
-0.9871383
-0.9867288
-0.9874594
-0.987185
-0.98567504
-0.9875308
-0.98599625
-0.98689395
-0.98707634
-0.9869318
-0.985849
-0.98711956
-0.9871008
-0.98713475
-0.98770285
-0.9873553
-0.9864703
-0.9869472
-0.9868242
-0.98700446
-0.98710626
-0.9867125
-0.98661524
-0.98681724
-0.98673904
-0.9873493
-0.9867757
-0.98613596
-0.987174
-0.9867789
-0.987137
-0.98679346
-0.986753
-0.9868197
-0.9868596
-0.9870938
-0.9866676
-0.98715717
-0.9862179
-0.98755026
-0.9866113
-0.98607045
-0.9865863
-0.98745614
-0.98704493
-0.9871952
-0.9874758
-0.9863681
-0.98699
-0.98755497
-0.98737496
-0.9866419
-0.9872986
-0.98651826
-0.98682064
-0.9867065
-0.9873513
-0.9872012
-0.9875114
-0.9877204
-0.9869262
-0.98736435
-0.9873004
-0.9869101
-0.9868471
-0.98789746
-0.98799556
-0.98703146
-0.9872469
-0.98731273
-0.9881984
-0.98778325
-0.9875356
-0.9867862
-0.9866871
-0.9871978
-0.9870133
-0.9874971
-0.98736966
-0.98723567
-0.98734933
-0.9874203
-0.9871061
-0.98723763
-0.9871966
-0.98765963
-0.987829
-0.9870954
-0.98777586
-0.98728865
-0.987476
-0.9880374
-0.98708254
-0.98736584
-0.98710996
-0.9879334
-0.9873742
-0.987001
-0.98669463
-0.9875394
-0.9873459
-0.98697805
-0.987927
-0.98792475
-0.98813266
-0.9871105
-0.98767745
-0.987837
-0.9871246
-0.9871611
-0.9877735
-0.9869027
-0.9872152
-0.9877802
-0.9870687
-0.98719704
-0.98771924
-0.98759943
-0.9870593
-0.9874786
-0.9874758
-0.98841757
-0.98763585
-0.9878499
-0.987747
-0.9876311
-0.9877352
-0.9877849
-0.9882442
-0.98724455
-0.9883711
-0.98766255
-0.9874497
-0.98785335
-0.9878103
-0.98690856
-0.98757917
-0.9883613
-0.9877013
-0.98737866
-0.9876542
-0.9879019
-0.9871687
-0.9871054
-0.9872462
-0.9882074
-0.9874153
-0.9872756
-0.98825455
-0.98823017
-0.9878304
-0.9876493
-0.9874227
-0.98741674
-0.98750925
-0.9877605
-0.98763084
-0.988083
-0.987524
-0.9879085
-0.9877135
-0.98736084
-0.9887976
-0.98815453
-0.9879176
-0.98767054
-0.988128
-0.98841596
-0.9878749
-0.98788416
-0.98782784
-0.9882936
-0.9884705
-0.9876854
-0.9880646
-0.9877017
-0.9870251
-0.9879749
-0.98770374
-0.9880451
-0.98808
-0.98774195
-0.98773575
-0.988001
-0.98797333
-0.98836327
-0.9879448
-0.98861295
-0.98856384
-0.9876156
-0.9882122
-0.9881649
-0.98810416
-0.9880103
-0.9881453
-0.98877245
-0.98794574
-0.98834974
-0.9885893
-0.9888203
-0.9881647
-0.98821294
-0.9879172
-0.98764247
-0.9868369
-0.9885688
-0.98668396
-0.98773474
-0.9877392
-0.98770446
-0.9875933
-0.98739105
-0.98750937
-0.98764294
-0.9880507
-0.9874922
-0.9875623
-0.98819304
-0.9877468
-0.9885833
-0.9878519
-0.98797923
-0.9884769
-0.9883023
-0.9877234
-0.98853636
-0.988128
-0.9885543
-0.9885732
-0.988788
-0.98789954
-0.9878689
-0.9880931
-0.98891425
-0.98849535
-0.988369
-0.98886114
-0.98843575
-0.9883033
-0.9890079
-0.98820645
-0.9884317
-0.98794734
-0.9883471
-0.98822296
-0.9888361
-0.98808503
-0.9889081
-0.98869747
-0.98831385
-0.9877889
-0.98798615
-0.9884786
-0.9876191
-0.98870957
-0.9892993
-0.98870575
-0.9886208
-0.98886746
-0.98912597
-0.9883694
-0.9887892
-0.98841155
-0.9888486
-0.9882409
-0.989094
-0.9885476
-0.98919433
-0.98873186
-0.98899794
-0.98871565
-0.98887444
-0.9887841
-0.9885081
-0.98845494
-0.98895437
-0.98919654
-0.98848075
-0.9885428
-0.98832905
-0.98915714
-0.9885977
-0.98883176
-0.9894516
-0.98938406
-0.98871374
-0.988594
-0.989685
-0.98926544
-0.9884203
-0.9883767
-0.98896724
-0.9873893
-0.9884955
-0.988415
-0.9879536
-0.98817134
-0.98812133
-0.9882015
-0.9886455
-0.9883613
-0.9883967
-0.98833203
-0.9883898
-0.9887586
-0.9888888
-0.98883235
-0.98826015
-0.98895526
-0.988998
-0.9886373
-0.98807114
-0.9889836
-0.9885732
-0.9884197
-0.9885592
-0.98923653
-0.9885348
-0.98867595
-0.98803365
-0.9889838
-0.98944336
-0.9890708
-0.9885981
-0.9892166
-0.98926586
-0.98826957
-0.9887087
-0.98853254
-0.98858
-0.9887836
-0.9887459
-0.98899955
-0.9891443
-0.9890596
-0.9891083
-0.988858
-0.98905826
-0.9892056
-0.98949474
-0.9896085
-0.98865
-0.98878795
-0.98897153
-0.9893893
-0.988435
-0.98915476
-0.9882912
-0.9888427
-0.9888004
-0.9888476
-0.9889089
-0.98873883
-0.9891601
-0.98843974
-0.98943496
-0.9892621
-0.9891336
-0.98922336
-0.98883325
-0.988717
-0.9896409
-0.98907137
-0.98914266
-0.9887186
-0.9893828
-0.9891135
-0.98928154
-0.98893803
-0.98917466
-0.9887351
-0.98902875
-0.9887959
-0.98941976
-0.9886143
-0.98908657
-0.9888905
-0.9889413
-0.9891473
-0.98902076
-0.98953056
-0.98906386
-0.98935705
-0.989181
-0.98881704
-0.9890926
-0.98836994
-0.98867923
-0.9895017
-0.9887933
-0.9883592
-0.98853177
-0.9895587
-0.9890984
-0.9890198
-0.98875
-0.9883988
-0.9889707
-0.98857266
-0.989191
-0.9892114
-0.98964286
-0.98880047
-0.98904645
-0.988601
-0.98892105
-0.98876745
-0.9894097
-0.98979133
-0.98904717
-0.98869497
-0.989818
-0.9892873
-0.9891707
-0.9889297
-0.9892914
-0.98938465
-0.9889148
-0.9889406
-0.989416
-0.98914236
-0.9890571
-0.98946273
-0.9893946
-0.9897787
-0.98920053
-0.9893182
-0.98874676
-0.98930174
-0.9892288
-0.9893135
-0.9885829
-0.9894574
-0.98897463
-0.9892429
-0.98905647
-0.98956305
-0.9892715
-0.98902184
-0.9892513
-0.98918194
-0.98968005
-0.9890518
-0.9888971
-0.9894658
-0.9895925
-0.98920095
-0.99000883
-0.9890047
-0.98912066
-0.9892477
-0.9896624
-0.9896627
-0.98906136
-0.98908764
-0.9889839
-0.9898005
-0.9890747
-0.98918027
-0.9882726
-0.9892303
-0.9892284
-0.98943585
-0.98928076
-0.98885
-0.9897403
-0.98891634
-0.98934484
-0.98938966
-0.98949516
-0.98945
-0.9893242
-0.98914474
-0.98953635
-0.9894108
-0.98923385
-0.99011254
-0.98851734
-0.989033
-0.98936087
-0.9891357
-0.99002683
-0.98895836
-0.9895122
-0.9894281
-0.98978263
-0.98936915
-0.9892916
-0.98965925
-0.98960286
-0.98963505
-0.9895033
-0.98973083
-0.98919743
-0.98946404
-0.98910993
-0.98968214
-0.98941386
-0.98928964
-0.98939437
-0.9900606
-0.9897246
-0.9894698
-0.98900694
-0.98983574
-0.9894445
-0.98922014
-0.9893815
-0.9898043
-0.9893004
-0.9891452
-0.98918706
-0.9897366
-0.98931384
-0.98955727
-0.9893249
-0.989545
-0.989224
-0.98956007
-0.9892416
-0.98877513
-0.98982674
-0.9897926
-0.9890718
-0.9894708
-0.9898121
-0.9892003
-0.9894881
-0.98879755
-0.98994035
-0.9894687
-0.98978174
-0.9890739
-0.98958355
-0.9896069
-0.98928887
-0.9896399
-0.98933625
-0.9890999
-0.9893097
-0.9895032
-0.98929155
-0.9900693
-0.9891836
-0.98986983
-0.9902205
-0.9890913
-0.9899382
-0.9897449
-0.98972154
-0.9896249
-0.9895268
-0.9894918
-0.9890608
-0.989297
-0.9892811
-0.989562
-0.989383
-0.98922133
-0.98853296
-0.989179
-0.9882956
-0.9893031
-0.988987
-0.98918384
-0.9896863
-0.9893341
-0.9890969
-0.9893842
-0.98914874
-0.98880756
-0.9897273
-0.9888522
-0.990011
-0.9892114
-0.9895668
-0.98900545
-0.98932165
-0.9891834
-0.9895148
-0.9890361
-0.9892626
-0.9894019
-0.9892717
-0.9884504
-0.98990506
-0.9891101
-0.99010104
-0.9899643
-0.98935777
-0.98960406
-0.9892407
-0.9892559
-0.98903763
-0.9898228
-0.9899193
-0.98982954
-0.98951244
-0.9897411
-0.99003696
-0.9890916
-0.989729
-0.99012727
-0.9897764
-0.98990744
-0.98965013
-0.98933667
-0.989562
-0.9903846
-0.9898557
-0.9900702
-0.9900387
-0.989258
-0.98975885
-0.9896846
-0.9897695
-0.98883224
-0.9898367
-0.9897272
-0.99025184
-0.989266
-0.98951
-0.9897153
-0.98974985
-0.9892933
-0.98991483
-0.9898287
-0.98925006
-0.9899696
-0.990086
-0.9896444
-0.98939383
-0.9894227
-0.98875713
-0.9897921
-0.99000657
-0.9898523
-0.99025196
-0.98995066
-0.99012285
-0.98965573
-0.9899839
-0.9890626
-0.98955953
-0.98970443
-0.99009645
-0.9894269
-0.98884296
-0.9892704
-0.98991984
-0.9893862
-0.9892141
-0.9901437
-0.9896458
-0.9900897
-0.9891365
-0.98980147
-0.9893698
-0.9897212
-0.9890308
-0.9893988
-0.9895536
-0.9901205
-0.98885286
-0.98946583
-0.9897158
-0.9896406
-0.9895217
-0.9893336
-0.9892449
-0.9887205
-0.9893783
-0.98966056
-0.9893558
-0.98972094
-0.9896637
-0.98978657
-0.9895952
-0.9895914
-0.989771
-0.98985356
-0.98942333
-0.98955476
-0.9894358
-0.98995227
-0.98980355
-0.98907256
-0.98936284
-0.98957783
-0.9895056
-0.98966587
-0.9899825
-0.989745
-0.9900215
-0.9901764
-0.98934466
-0.98918134
-0.9894394
-0.98900545
-0.9897561
-0.98895705
-0.9892987
-0.98960316
-0.98959845
-0.9897311
-0.98935884
-0.9890048
-0.9900003
-0.9897984
-0.989274
-0.9893798
-0.9898158
-0.9891711
-0.9896134
-0.9891472
-0.9898497
-0.98956436
-0.98967505
-0.9902975
-0.989161
-0.989844
-0.9894223
-0.9894775
-0.9894763
-0.9898247
-0.9894869
-0.98989135
-0.9896429
-0.9895531
-0.989618
-0.9896818
-0.98968846
-0.9891803
-0.9899498
-0.99021554
-0.9896656
-0.9898093
-0.98878354
-0.9902795
-0.9893914
-0.990143
-0.9895999
-0.9901693
-0.989956
-0.98950624
-0.9896067
-0.99013484
-0.9902267
-0.9900555
-0.99022096
-0.98976135
-0.98981225
-0.9899694
-0.98953575
-0.9896004
-0.9895113
-0.98995966
-0.98985815
-0.9898495
-0.9902385
-0.98946524
-0.98994476
-0.9901076
-0.989701
-0.989882
-0.9901739
-0.9897881
-0.990055
-0.9897428
-0.9900299
-0.9892581
-0.9894931
-0.9904718
-0.99021935
-0.98988914
-0.9892407
-0.99012786
-0.98984504
-0.9889169
-0.98971385
-0.98987055
-0.98961604
-0.98923415
-0.9892689
-0.9899395
-0.9897972
-0.9896774
-0.990045
-0.9893297
-0.98975974
-0.98966336
-0.9895456
-0.99027073
-0.989987
-0.9895293
-0.98985994
-0.98952776
-0.9900767
-0.98968995
-0.9903759
-0.989071
-0.98958033
-0.99025244
-0.9898342
-0.98966575
-0.99024683
-0.9895203
-0.99004394
-0.98978865
-0.99062353
-0.9901437
-0.9899454
-0.98967683
-0.9897956
-0.9901808
-0.9904657
-0.990063
-0.98982763
-0.9898759
-0.99005425
-0.9899688
-0.98978245
-0.9900413
-0.9904525
-0.9898091
-0.9891162
-0.98954177
-0.9896752
-0.9893196
-0.98933524
-0.98984635
-0.99005145
-0.98923886
-0.99034405
-0.9894928
-0.98954785
-0.98973316
-0.9896744
-0.9891085
-0.98953974
-0.9903121
-0.9894342
-0.99043614
-0.9901747
-0.99005336
-0.9895426
-0.9898622
-0.9896134
-0.9899633
-0.9901394
-0.98950744
-0.9904397
-0.9895033
-0.99012434
-0.98960084
-0.9897233
-0.9893877
-0.9898377
-0.9896893
-0.9898732
-0.99006164
-0.98978376
-0.98994845
-0.9901823
-0.9897666
-0.9894759
-0.9896259
-0.9898715
-0.99061054
-0.99035645
-0.98972094
-0.989601
-0.9900974
-0.99006575
-0.9896742
-0.9899049
-0.9899551
-0.98999286
-0.9900543
-0.99002403
-0.9900501
-0.98948896
-0.9899138
-0.9901322
-0.98943245
-0.9899705
-0.9899741
-0.9897057
-0.9898983
-0.98981965
-0.9901533
-0.99038535
-0.99016213
-0.9899041
-0.98985523
-0.99058944
-0.99053
-0.9902524
-0.9894904
-0.990113
-0.9905812
-0.9897544
-0.9901543
-0.9898925
-0.99042225
-0.9898876
-0.989664
-0.9906207
-0.99017805
-0.99032694
-0.9900948
-0.99019176
-0.98959446
-0.989994
-0.990171
-0.9902215
-0.9900524
-0.990329
-0.99039996
-0.98981386
-0.9902753
-0.9899369
-0.99006325
-0.98990256
-0.9896906
-0.99091023
-0.9901229
-0.9896508
-0.9894246
-0.9902626
-0.9900784
-0.98957974
-0.9902127
-0.9897728
-0.99020016
-0.98957264
-0.99033177
-0.9900398
-0.9898726
-0.99057674
-0.9903006
-0.9897372
-0.9896894
-0.99008954
-0.98981273
-0.98940295
-0.9903239
-0.99029034
-0.98976505
-0.98932225
-0.99036473
-0.9904353
-0.9897972
-0.99013704
-0.9900969
-0.99040467
-0.99030566
-0.98968667
-0.99018395
-0.9890407
-0.98965895
-0.98971313
-0.9897936
-0.9904767
-0.98964155
-0.990258
-0.99005
-0.9898792
-0.9906646
-0.99037707
-0.9898835
-0.99016714
-0.9907733
-0.99036145
-0.9908699
-0.9898809
-0.9901989
-0.9899501
-0.99007106
-0.9897532
-0.9900022
-0.9896649
-0.99014354
-0.9896794
-0.9900859
-0.9902313
-0.99009675
-0.98969305
-0.9898221
-0.9899656
-0.9899051
-0.9901161
-0.9906388
-0.990142
-0.9898694
-0.99011266
-0.989885
-0.98995286
-0.9904515
-0.98995614
-0.99009204
-0.98895097
-0.9904508
-0.99014235
-0.98995054
-0.99004054
-0.9901982
-0.99069697
-0.9903407
-0.9902222
-0.99079645
-0.9899824
-0.99015915
-0.9902439
-0.99050057
-0.99009335
-0.99048984
-0.9904681
-0.990162
-0.9904756
-0.98967385
-0.99021673
-0.99045414
-0.9901412
-0.99026936
-0.99073637
-0.99057025
-0.990089
-0.9906919
-0.9903713
-0.9895318
-0.98959583
-0.9901502
-0.99010235
-0.98982793
-0.98964435
-0.989174
-0.9902149
-0.99023163
-0.9906652
-0.98986953
-0.9904827
-0.98973715
-0.98994
-0.990044
-0.9901464
-0.99046654
-0.9904271
-0.98973
-0.99038976
-0.9901718
-0.9894487
-0.98997086
-0.9902007
-0.98974615
-0.9897505
-0.9903422
-0.9898356
-0.99025345
-0.99003285
-0.99056935
-0.9897051
-0.9898077
-0.9904776
-0.990591
-0.9901845
-0.9903337
-0.99048734
-0.99021333
-0.9893347
-0.98999166
-0.98999965
-0.99000543
-0.9898692
-0.9907799
-0.9905188
-0.9902307
-0.9902538
-0.9903762
-0.99100333
-0.9903014
-0.9902685
-0.990748
-0.98947257
-0.9897649
-0.9907949
-0.9903527
-0.9905733
-0.9904796
-0.9903488
-0.9890942
-0.9894413
-0.9902641
-0.9900473
-0.98983264
-0.9901628
-0.9901611
-0.98963404
-0.9900632
-0.99033344
-0.9900402
-0.99041843
-0.9901074
-0.99063635
-0.9902145
-0.99010354
-0.98977643
-0.990269
-0.9894276
-0.990472
-0.98992556
-0.9898138
-0.99040425
-0.990264
-0.98973393
-0.9900818
-0.9893505
-0.9893861
-0.9895582
-0.9899302
-0.989651
-0.9893095
-0.98964775
-0.990252
-0.98982316
-0.9900188
-0.9901053
-0.989907
-0.9898033
-0.98969316
-0.99009615
-0.9900656
-0.99023587
-0.9905716
-0.99022686
-0.99038315
-0.9906974
-0.98986375
-0.9909804
-0.9896933
-0.9898719
-0.9899651
-0.98990875
-0.9903177
-0.9906052
-0.9898744
-0.98991674
-0.98985124
-0.99016666
-0.99025166
-0.9909016
-0.9900857
-0.9904449
-0.9896216
-0.989628
-0.98999137
-0.98979014
-0.9903724
-0.99050796
-0.9907817
-0.99082
-0.9900368
-0.9897497
-0.9896212
-0.99034345
-0.98977333
-0.9902434
-0.9904015
-0.9904227
-0.9903431
-0.99052584
-0.9897118
-0.99018604
-0.9896898
-0.9902253
-0.98984325
-0.9899635
-0.990487
-0.9897198
-0.98961955
-0.9901448
-0.98965037
-0.9897285
-0.99023384
-0.9901853
-0.9899576
-0.9905651
-0.9898862
-0.9898226
-0.99074847
-0.9898191
-0.99035716
-0.9904796
-0.9902216
-0.99040824
-0.9898048
-0.9897303
-0.9906425
-0.9904872
-0.9901924
-0.99017787
-0.9900113
-0.9900851
-0.9900206
-0.9899004
-0.99077785
-0.9900895
-0.9903996
-0.99029136
-0.9905911
-0.9900158
-0.99026775
