-0.5159485
-0.5211972
-0.5196298
-0.5183485
-0.52270323
-0.53148335
-0.5280218
-0.54553986
-0.53465503
-0.54246104
-0.5452852
-0.54613173
-0.5325262
-0.547768
-0.5426504
-0.54591686
-0.55075943
-0.54122615
-0.5603215
-0.55381906
-0.5510089
-0.5527146
-0.5593178
-0.55617607
-0.571813
-0.56974936
-0.57159066
-0.58077884
-0.5728121
-0.5754344
-0.5705227
-0.58740383
-0.5839409
-0.5945883
-0.5877439
-0.59553254
-0.5933885
-0.59768534
-0.5978924
-0.6150358
-0.6060881
-0.61209875
-0.596202
-0.61489767
-0.60737574
-0.62300277
-0.6175478
-0.6215378
-0.636475
-0.63023645
-0.62206393
-0.62906283
-0.6336369
-0.6231268
-0.6328087
-0.6272068
-0.6294443
-0.6307154
-0.62122536
-0.6320404
-0.6314094
-0.6350014
-0.625864
-0.6334467
-0.6387639
-0.62621665
-0.6338244
-0.640995
-0.6401786
-0.6297721
-0.6347945
-0.6364551
-0.6337116
-0.6393042
-0.63719404
-0.63848037
-0.63318247
-0.6341662
-0.63455516
-0.6311576
-0.64518714
-0.64365613
-0.64028436
-0.63774705
-0.64022684
-0.6444207
-0.6367582
-0.6396988
-0.6350669
-0.64445704
-0.64623743
-0.638822
-0.63936573
-0.64450663
-0.64227283
-0.63409
-0.637506
-0.6527202
-0.6372044
-0.63997483
