0.1586715220647819
0.22285502109634944
0.2942740771836889
0.0907020202769301
0.3505772394635525
0.17131327715927647
0.3119566147723408
1.0223497347731034
1.80381298991926
0.20501249498129676
0.4295057205300166
0.17316998376013498
0.11490305580181706
0.21891894603121093
0.11289617428469265
0.44482033336339727
3.446065592617958
0.23291736444642672
0.14214279555410292
0.4642438005195575
0.12869382788337325
0.20095292237484244
0.40834532378914906
0.33898205387492164
0.2663207437560888
0.13424959265132597
0.10665818098350001
0.22907777186277997
0.4034681971929604
0.1771032525888914
0.03446624237892244
0.29967753439879663
0.06470095997964011
0.26619448417814284
0.32229663487437504
0.17094107371053252
0.04164400861421994
0.3707248305605586
0.17557135048567254
0.5021138866093624
0.3224669998525542
0.15139910529528888
0.2445635509977562
0.3064621999609028
0.11534035804687157
0.1810793893010884
0.24805448259524474
1.0347132502577265
0.8026123994792553
0.3331534969838772
0.42012365095155746
0.6649209886143491
0.13386910639402577
0.5904159215202038
0.249895502364892
0.267103896601028
0.38337715651451953
0.44223954455506637
1.0652728498844266
3.0458125773959597
0.2546285335988723
0.1520716294839851
0.3610561064606289
0.2502379998624932
0.2872755775006868
4.88380594830201
Mean: 0.48856430082004887
