-0.5159485
-0.5211972
-0.5196298
-0.5183485
-0.52270323
-0.53148335
-0.5280218
-0.54553986
-0.53465503
-0.54246104
-0.5452852
-0.54613173
-0.5325262
-0.547768
-0.5426504
-0.54591686
-0.55075943
-0.54122615
-0.5603215
-0.55381906
-0.5510089
-0.5527146
-0.5593178
-0.55617607
-0.571813
-0.56974936
-0.57159066
-0.58077884
-0.5728121
-0.5754344
-0.5705227
-0.58740383
-0.5839409
-0.5945883
-0.5877439
-0.59553254
-0.5933885
-0.59768534
-0.5978924
-0.6150358
-0.6060881
-0.61209875
-0.596202
-0.61489767
-0.60737574
-0.62300277
-0.6175478
-0.6215378
-0.636475
-0.63023645
-0.62206393
-0.62906283
-0.6336369
-0.6231268
-0.6328087
-0.6272068
-0.6294443
-0.6307154
-0.62122536
-0.6320404
-0.6314094
-0.6350014
-0.625864
-0.6334467
-0.6387639
-0.62621665
-0.6338244
-0.640995
-0.6401786
-0.6297721
-0.6347945
-0.6364551
-0.6337116
-0.6393042
-0.63719404
-0.63848037
-0.63318247
-0.6341662
-0.63455516
-0.6311576
-0.64518714
-0.64365613
-0.64028436
-0.63774705
-0.64022684
-0.6444207
-0.6367582
-0.6396988
-0.6350669
-0.64445704
-0.64623743
-0.638822
-0.63936573
-0.64450663
-0.64227283
-0.63409
-0.637506
-0.6527202
-0.6372044
-0.63997483
-0.64511025
-0.6462335
-0.64018124
-0.64511824
-0.63988984
-0.64814025
-0.6417282
-0.6525014
-0.6459705
-0.6508388
-0.647349
-0.6513391
-0.64242715
-0.63948745
-0.6467994
-0.6501015
-0.6506025
-0.64874524
-0.6586207
-0.6494043
-0.660854
-0.65554
-0.6530371
-0.65248805
-0.65710527
-0.64844114
-0.6501678
-0.65159816
-0.6577379
-0.6495067
-0.6465781
-0.6501655
-0.66265076
-0.6535644
-0.6519136
-0.64506984
-0.66415775
-0.65241146
-0.6549642
-0.6565985
-0.6510197
-0.66323715
-0.6538481
-0.66045237
-0.6507022
-0.66341996
-0.657807
-0.6598131
-0.66278404
-0.66377056
-0.66490424
-0.662251
-0.6542255
-0.66179514
-0.65872407
-0.6644704
-0.65031606
-0.6549703
-0.6681462
-0.66002774
-0.6639326
-0.66237646
-0.66280746
-0.66135067
-0.6596608
-0.65774846
-0.6652113
-0.66233975
-0.66352195
-0.65797055
-0.6670045
-0.6685405
-0.67292213
-0.66329366
-0.66299284
-0.6706245
-0.6621314
-0.6640703
-0.67203826
-0.6693199
-0.66587293
-0.6556035
-0.6763568
-0.6699817
-0.6729573
-0.6728246
-0.664108
-0.6711558
-0.6758347
-0.67168826
-0.67342263
-0.6711049
-0.67343086
-0.67172015
-0.673772
-0.6698609
-0.66977257
-0.6687085
-0.6732091
-0.67414725
-0.67498785
-0.6675181
-0.6712552
-0.67058116
-0.67849934
-0.67777
-0.67712754
-0.6749109
-0.68465227
-0.6747894
-0.6682519
-0.67405194
-0.6682581
-0.67467666
-0.6826743
-0.6736264
-0.67904806
-0.6817485
-0.67589206
-0.6871953
-0.6709726
-0.6807247
-0.68549204
-0.68323934
-0.6754738
-0.67538756
-0.6799606
-0.6836363
-0.68260247
-0.67832017
-0.6834163
-0.68171996
-0.6759221
-0.68101126
-0.6850226
-0.6790535
-0.6835552
-0.68138134
-0.680829
-0.6822193
-0.68277067
-0.6863368
-0.689338
-0.6817996
-0.6803004
-0.68524563
-0.68447506
-0.68734694
-0.68840575
-0.6863258
-0.6839873
-0.6840384
-0.6871011
-0.68680924
-0.6833311
-0.67762434
-0.687309
-0.68758404
-0.69114894
-0.6799851
-0.6839105
-0.6916607
-0.68809044
-0.696642
-0.6848358
-0.68428415
-0.69053936
-0.6921501
-0.694249
-0.6858768
-0.6967156
-0.6860184
-0.6826355
-0.6869007
-0.6882555
-0.69159234
-0.6877822
-0.69450974
-0.69403625
-0.6957478
-0.69152915
-0.69090235
-0.68792635
-0.69187385
-0.6883037
-0.6869581
-0.6952688
-0.6878379
-0.69887245
-0.69650376
-0.6997358
-0.7019055
-0.6835395
-0.6989228
-0.68825084
-0.69710475
-0.702513
-0.6957236
-0.695202
-0.6946782
-0.69835186
-0.6945842
-0.69471
-0.70120394
-0.696175
-0.69799984
-0.69064265
-0.7012584
-0.7008629
-0.7043855
-0.7026473
-0.6995964
-0.69854957
-0.70828205
-0.70706725
-0.7008604
-0.70503676
-0.708881
-0.70674384
-0.6981623
-0.7070229
-0.7090687
-0.7102154
-0.703116
-0.698858
-0.70768166
-0.7052983
-0.7079142
-0.70294404
-0.70529234
-0.7090331
-0.70506066
-0.7021569
-0.70692664
-0.7173967
-0.70018953
-0.6982185
-0.70885825
-0.7074151
-0.7082602
-0.7123998
-0.71542186
-0.7106087
-0.7108803
-0.7087173
-0.70763016
-0.7130047
-0.7176272
-0.7149061
-0.71411353
-0.7152048
-0.71689045
-0.7123873
-0.7100408
-0.7132944
-0.7057844
-0.7064355
-0.7085395
-0.7093026
-0.71879214
-0.70763767
-0.7129771
-0.71166563
-0.7148545
-0.71896285
-0.7120625
-0.71024716
-0.719128
-0.7191108
-0.71413285
-0.7196648
-0.7166474
-0.7099641
-0.71346146
-0.7169079
-0.71675944
-0.7192795
-0.7136992
-0.71614295
-0.7129135
-0.71585333
-0.718552
-0.71549547
-0.7145595
-0.7191392
-0.7192056
-0.72180414
-0.724767
-0.7151496
-0.72181886
-0.72390574
-0.7288875
-0.7224344
-0.7186032
-0.72486544
-0.7230813
-0.7197427
-0.7215871
-0.7221711
-0.7287881
-0.72489893
-0.71760374
-0.71784484
-0.72372997
-0.72044957
-0.72907925
-0.72623485
-0.7202548
-0.7237154
-0.71894103
-0.7236126
-0.7225954
-0.7260295
-0.72949624
-0.72722256
-0.7328836
-0.7259339
-0.7227406
-0.7313034
-0.7294144
-0.7270265
-0.7312525
-0.7247068
-0.7317371
-0.72928333
-0.7301691
-0.7323274
-0.728195
-0.72968227
-0.73617053
-0.7336902
-0.7333499
-0.73636734
-0.7312038
-0.7351678
-0.7343957
-0.727577
-0.7304481
-0.737668
-0.73162663
-0.7312681
-0.7316478
-0.7353408
-0.7315661
-0.72972554
-0.7332506
-0.7371384
-0.73144656
-0.7344825
-0.73529285
-0.7302413
-0.7393601
-0.7384517
-0.7298233
-0.743153
-0.729648
-0.74203146
-0.74396724
-0.73117876
-0.7391247
-0.73529154
-0.72712463
-0.7380274
-0.7364854
-0.7392154
-0.73905253
-0.736025
-0.7387305
-0.7413364
-0.73383397
-0.73607486
-0.7419916
-0.7423623
-0.7340435
-0.7416287
-0.7417854
-0.7351709
-0.7363988
-0.73508775
-0.74165946
-0.7438273
-0.7429285
-0.7463792
-0.7370574
-0.7431208
-0.7397913
-0.7431498
-0.7431085
-0.7443573
-0.7428079
-0.7380288
-0.7450495
-0.7440943
-0.7465979
-0.7424187
-0.73569846
-0.7433216
-0.7455234
-0.7369466
-0.7446272
-0.7450708
-0.7456202
-0.73942804
-0.74684346
-0.74265814
-0.7421524
-0.7378629
-0.74294513
-0.7443993
-0.74522054
-0.7486624
-0.7447236
-0.7437972
-0.741046
-0.7476435
-0.74126905
-0.7451579
-0.7471103
-0.7391102
-0.741851
-0.74197596
-0.7490729
-0.74849457
-0.74763995
-0.7444306
-0.7429461
-0.7469512
-0.7477379
-0.7527119
-0.7493323
-0.75236213
-0.7434771
-0.75067407
-0.75096756
-0.7456349
-0.7502975
-0.744116
-0.7450126
-0.7508191
-0.74397326
-0.7422076
-0.7474355
-0.74433184
-0.7363621
-0.7517372
-0.74945664
-0.7478761
-0.7521219
-0.74530256
-0.7469317
-0.7442222
-0.74856514
-0.7534451
-0.74906707
-0.7461842
-0.757672
-0.7494976
-0.7502496
-0.74393815
-0.7413801
-0.7567342
-0.7529304
-0.7455508
-0.7508354
-0.74918014
-0.7495755
-0.7525747
-0.74950486
-0.7511028
-0.7453129
-0.751484
-0.7542657
-0.7475691
-0.7467045
-0.7513731
-0.7502002
-0.7473752
-0.7470078
-0.7495457
-0.7503308
-0.7476746
-0.74914473
-0.7515624
-0.75262755
-0.7514691
-0.751565
-0.7521492
-0.7502666
-0.7558485
-0.7510947
-0.7465277
-0.75358605
-0.7485076
-0.7491807
-0.7567647
-0.75312674
-0.7501139
-0.75076866
-0.7552793
-0.754016
-0.748276
-0.75134623
-0.75755066
-0.74790305
-0.7560789
-0.7560294
-0.7439725
-0.7474945
-0.75313365
-0.74807906
-0.75188714
-0.7495482
-0.7488618
-0.7493961
-0.74975526
-0.7522971
-0.75258756
-0.75193256
-0.75402933
-0.7550444
-0.7478461
-0.7512381
-0.75474435
-0.7479767
-0.7550221
-0.7507177
-0.7575339
-0.75275046
-0.75174403
-0.74842477
-0.75873166
-0.75612944
-0.7486679
-0.75238705
-0.753566
-0.7516724
-0.7560694
-0.7587134
-0.755937
-0.7545073
-0.7565915
-0.75368565
-0.75009483
-0.75417536
-0.7499302
-0.7564826
-0.7519935
-0.75599647
-0.7465731
-0.7502166
-0.7536869
-0.7522915
-0.7567086
-0.7561959
-0.75168204
-0.75298405
-0.75475854
-0.75055283
-0.7549825
-0.7551625
-0.7550654
-0.75290346
-0.7475231
-0.75852317
-0.75481707
-0.75425184
-0.75656515
-0.7495606
-0.75766176
-0.7578577
-0.75325066
-0.75193894
-0.7570743
-0.75221765
-0.7554822
-0.7587371
-0.7582515
-0.75530374
-0.7608708
-0.75055116
-0.75567776
-0.7626302
-0.75680333
-0.756045
-0.75754094
-0.7589362
-0.75485635
-0.75818694
-0.75363994
-0.7664403
-0.7573005
-0.7599829
-0.75994664
-0.75555384
-0.75108963
-0.75206727
-0.7595187
-0.7566041
-0.7549344
-0.75837904
-0.75882226
-0.7571616
-0.758161
-0.7559554
-0.75754344
-0.75605327
-0.75679743
-0.7578655
-0.7605746
-0.76687974
-0.7538784
-0.7541362
-0.76457787
-0.7517383
-0.7528764
-0.75165355
-0.7520431
-0.7530905
-0.7595376
-0.75648504
-0.75091094
-0.7535028
-0.75441563
-0.75926596
-0.75286585
-0.7547935
-0.76760346
-0.75342846
-0.7576212
-0.7657564
-0.75850046
-0.7603104
-0.7564948
-0.7570512
-0.76059574
-0.7587274
-0.75411195
-0.75515044
-0.76089096
-0.75611645
-0.76414824
-0.76306
-0.7577758
-0.7635947
-0.7622464
-0.7548486
-0.7607044
-0.76161194
-0.7600581
-0.76101923
-0.7628898
-0.7594534
-0.7616237
-0.75920796
-0.76014555
-0.7588113
-0.7597874
-0.7641763
-0.7544305
-0.7588633
-0.76335305
-0.76180494
-0.75686526
-0.76158416
-0.75889575
-0.7595077
-0.76094735
-0.7629174
-0.7586293
-0.7603613
-0.7533403
-0.7584624
-0.7552969
-0.7646197
-0.7552649
-0.7594316
-0.7628245
-0.7558134
-0.7621871
-0.7612892
-0.7665762
-0.7644676
-0.75678676
-0.7611797
-0.7620642
-0.7635037
-0.7628356
-0.75887936
-0.7610196
-0.75548
-0.76123196
-0.76241183
-0.76589376
-0.7589059
-0.7629715
-0.7630331
-0.76864535
-0.75810206
-0.7678187
-0.7588581
-0.7669232
-0.76275104
-0.761532
-0.7641057
-0.76643884
-0.75724655
-0.76065236
-0.7676884
-0.7572935
-0.769086
-0.76039714
-0.7660998
-0.7685144
-0.76738054
-0.76357126
-0.7637474
-0.7663902
-0.7668713
-0.76761425
-0.7622994
-0.76107633
-0.77003783
-0.75664365
-0.76335835
-0.76343286
-0.7672472
-0.76215416
-0.766886
-0.7676462
-0.7698823
-0.7574312
-0.763925
-0.7652912
-0.7671559
-0.7660875
-0.7656248
-0.76891625
-0.76628816
-0.7674654
-0.76013076
-0.7661055
-0.76545346
-0.7662444
-0.77227324
-0.76967
-0.7642728
-0.7658537
-0.76431465
-0.76198846
-0.76932234
-0.76571095
-0.75864697
-0.7635067
-0.7701369
-0.7667765
-0.77095807
-0.76198107
-0.7712481
-0.76763046
-0.76339084
-0.75722367
-0.7672339
-0.7653348
-0.7718764
-0.7693421
-0.7711134
-0.7647974
-0.7649326
-0.7704636
-0.7640316
-0.7685092
-0.77102435
-0.7705544
-0.7719686
-0.76976997
-0.7704648
-0.770481
-0.7724986
-0.7691354
-0.77093613
-0.775253
-0.7681878
-0.7730534
-0.77194196
-0.7691545
-0.7716863
-0.7636846
-0.7715053
-0.7701617
-0.7719686
-0.7715343
-0.7720775
-0.7678805
-0.76837564
-0.7723307
-0.7643165
-0.7684667
-0.7627223
-0.7755043
-0.7698951
-0.76540333
-0.7731533
-0.77389497
-0.77384484
-0.7778754
-0.77050394
-0.7704959
-0.7670358
-0.7772897
-0.76641375
-0.7752039
-0.7794141
-0.7750447
-0.77744603
-0.78147304
-0.7814522
-0.7787343
-0.7781147
-0.7763894
-0.77516305
-0.77279466
-0.7710608
-0.7738307
-0.7740603
-0.7704436
-0.7707091
-0.7725263
-0.7808498
-0.7823054
-0.78405476
-0.7741339
-0.77894217
-0.7817881
-0.7806761
-0.7850226
-0.77829057
-0.7791016
-0.77703154
-0.77632695
-0.77815956
-0.77171826
-0.7800747
-0.7744871
-0.78122216
-0.7757476
-0.7810577
-0.77728033
-0.7801598
-0.77662987
-0.7796173
-0.77829915
-0.7758249
-0.77977866
-0.78383917
-0.779588
-0.775798
-0.77913064
-0.7825658
-0.7820014
-0.7817143
-0.77985597
-0.78019094
-0.7816992
-0.78306055
-0.7835853
-0.7797764
-0.7870475
-0.7808984
-0.77647173
-0.78691185
-0.7799115
-0.77767056
-0.7769417
-0.78387874
-0.78059214
-0.7811205
-0.7815837
-0.7842623
-0.7777849
-0.78207004
-0.78513205
-0.77874154
-0.78445816
-0.79434973
-0.78219247
-0.7749826
-0.77711874
-0.78148246
-0.7864349
-0.78204715
-0.77875626
-0.7890581
-0.779763
-0.78054386
-0.78235847
-0.78639096
-0.77575225
-0.7880248
-0.7846383
-0.7895399
-0.7815555
-0.7795865
-0.79106224
-0.78683096
-0.7855296
-0.7902415
-0.78355926
-0.7772629
-0.7814637
-0.7804872
-0.7765531
-0.78248817
-0.78766817
-0.78979486
-0.78677076
-0.7840998
-0.7881901
-0.7942219
-0.7854389
-0.78399837
-0.7986479
-0.7881072
-0.7899721
-0.79139817
-0.78874665
-0.7813186
-0.78206015
-0.79136866
-0.7926431
-0.78606975
-0.7882323
-0.78490734
-0.7890505
-0.785524
-0.78783506
-0.7896618
-0.7940984
-0.7958996
-0.7880899
-0.7848168
-0.7859087
-0.78767
-0.7835991
-0.78698415
-0.7930046
-0.7805664
-0.78793675
-0.78919655
-0.78287524
-0.791068
-0.78875846
-0.7853405
-0.7981984
-0.7896773
-0.79345024
-0.78551084
-0.7867338
-0.7888919
-0.7889843
-0.78844553
-0.7910672
-0.79541385
-0.7962234
-0.7871825
-0.78523403
-0.789817
-0.7937347
-0.79489625
-0.7936863
-0.7837875
-0.7866586
-0.79285836
-0.7851314
-0.7899348
-0.79009867
-0.7936851
-0.7910292
-0.7885644
-0.7921553
-0.7973123
-0.79463804
-0.7937921
-0.79460526
-0.7863576
-0.79560494
-0.794793
-0.79556704
-0.7954198
-0.79393023
-0.7904667
-0.7982822
-0.7894661
-0.7900198
-0.7938469
-0.7946279
-0.79376143
-0.79004425
-0.79475117
-0.7942161
-0.7986847
-0.78944874
-0.79060763
-0.7918652
-0.79566073
-0.7959821
-0.7949371
-0.7965758
-0.7934345
-0.7882212
-0.7921573
-0.801957
-0.7931599
-0.7953498
-0.8018788
-0.7996533
-0.7918561
-0.7993775
-0.79492354
-0.7974326
-0.7916127
-0.79237586
-0.79429203
-0.7948637
-0.79594505
-0.79677474
-0.80231184
-0.79297745
-0.79766244
-0.7962565
-0.79907113
-0.7935491
-0.7991203
-0.7921489
-0.7928072
-0.79716873
-0.79499036
-0.79829776
-0.79736745
-0.79676706
-0.78938
-0.801754
-0.80148566
-0.79814094
-0.7978808
-0.7958577
-0.7926666
-0.7975159
-0.8026244
-0.797832
-0.80696785
-0.795904
-0.7999535
-0.79877824
-0.80158967
-0.7983943
-0.80683744
-0.7948737
-0.79899985
-0.8002062
-0.79893225
-0.80208784
-0.7981325
-0.79550475
-0.79543996
-0.799018
-0.8021936
-0.80128825
-0.80419534
-0.80052066
-0.78913975
-0.80554813
-0.80641764
-0.7989084
-0.80059516
-0.801398
-0.79629856
-0.8035849
-0.8039148
-0.80194366
-0.7983679
-0.806916
-0.7940983
-0.7976978
-0.79794174
-0.80317694
-0.7989667
-0.80083877
-0.7959204
-0.79929614
-0.8015816
-0.80211174
-0.80100656
-0.80479926
-0.801734
-0.7971555
-0.8063974
-0.7957326
-0.8017277
-0.80131745
-0.79911083
-0.80428404
-0.7992128
-0.7986033
-0.80091757
-0.80598205
-0.79549146
-0.79904896
-0.80166286
-0.8063009
-0.79907244
-0.7881573
-0.7976976
-0.8046541
-0.80169356
-0.8040957
-0.8004356
-0.802947
-0.8034659
-0.8065186
-0.80216837
-0.79821396
-0.7988398
-0.79793966
-0.7993303
-0.8047766
-0.80169696
-0.8024695
-0.8036307
-0.8025596
-0.8025889
-0.803288
-0.8025965
-0.79660064
-0.80470526
-0.800529
-0.8051946
-0.7996439
-0.7981525
-0.7997277
-0.80328536
-0.8024582
-0.8068996
-0.8071217
-0.801401
-0.81240857
-0.8031615
-0.8006901
-0.80458874
-0.80706006
-0.8084158
-0.80444676
-0.8076243
-0.7962753
-0.7985142
-0.8056545
-0.80033547
-0.8023586
-0.8031643
-0.80903435
-0.8026471
-0.8063083
-0.8020059
-0.80207855
-0.8055238
-0.802482
-0.8032241
-0.8023384
-0.8033178
-0.79677516
-0.8016928
-0.8031963
-0.79993093
-0.80180126
-0.8068262
-0.8044379
-0.8058033
-0.8022933
-0.7967615
-0.8054608
-0.7984887
-0.8076169
-0.80077446
-0.8033955
-0.8025979
-0.80711216
-0.8010804
-0.80990744
-0.8024447
-0.79433155
-0.7994175
-0.7964496
-0.7945274
-0.79955727
-0.80576885
-0.80282146
-0.80801964
-0.80753493
-0.80379355
-0.8090787
-0.80544347
-0.8088634
-0.8057101
-0.8025402
-0.8064697
-0.80072486
-0.7981191
-0.81731755
-0.8056263
-0.7957184
-0.804651
-0.8047068
-0.80827683
-0.7990775
-0.80778086
-0.8081458
-0.8046677
-0.80026704
-0.803236
-0.8091046
-0.81101584
-0.81406224
-0.80504036
-0.80479676
-0.8044515
-0.8030284
-0.8108066
-0.79949176
-0.8058155
-0.80749464
-0.8106745
-0.8093146
-0.80466074
-0.8107047
-0.8034652
-0.80571544
-0.806064
-0.80304945
-0.80097145
-0.8030379
-0.8030227
-0.8080619
-0.80752915
-0.8048904
-0.7985578
-0.8037916
-0.8090728
-0.8130129
-0.80932444
-0.8044135
-0.8056543
-0.81180507
-0.8091513
-0.8163195
-0.8101563
-0.8105125
-0.8112901
-0.808629
-0.8076967
-0.8045957
-0.8081175
-0.8048944
-0.80953646
-0.81292146
-0.7955276
-0.801327
-0.80817467
-0.8102251
-0.81516206
-0.81096613
-0.8125407
-0.8091842
-0.8059552
-0.80420536
-0.81098795
-0.79746044
-0.80725634
-0.80786884
-0.8061744
-0.80740947
-0.798478
-0.80902606
-0.8030837
-0.810585
-0.8034828
-0.80586815
-0.80539435
-0.8067902
-0.81174564
-0.7990862
-0.80722016
-0.8085432
-0.80202425
-0.805226
-0.8108241
-0.80857337
-0.8104023
-0.81145954
-0.8071486
-0.8115558
-0.80853736
-0.80775535
-0.8052084
-0.81018734
-0.81253207
-0.8116291
-0.808893
-0.8060486
-0.809631
-0.80658835
-0.8142283
-0.8033574
-0.80917615
-0.8135015
-0.8130619
-0.80819005
-0.8111691
-0.81198496
-0.8096555
-0.8132329
-0.81037074
-0.81306565
-0.80586094
-0.80942607
-0.81148034
-0.8091377
-0.814181
-0.8068301
-0.8059475
-0.80856186
-0.80214345
-0.80728257
-0.8070923
-0.8084364
-0.807171
-0.80762273
-0.8141323
-0.8119516
-0.8102506
-0.80363435
-0.8115018
-0.81034184
-0.80955184
-0.80942327
-0.8158914
-0.8093863
-0.8143753
-0.8160466
-0.8044803
-0.8109161
-0.8102744
-0.81202847
-0.80863947
-0.81021905
-0.81541336
-0.8091727
-0.807439
-0.80998355
-0.8118274
-0.8029636
-0.8076829
-0.811189
-0.8129315
-0.80736804
-0.8152959
-0.80867195
-0.8093805
-0.8149874
-0.8131553
-0.8075884
-0.80443454
-0.81264323
-0.8112126
-0.8194399
-0.8128941
-0.81087106
-0.81444263
-0.8039881
-0.8008041
-0.8161803
-0.8096096
-0.814597
-0.81545943
-0.81007564
-0.80675095
-0.80833465
-0.81143194
-0.81067
-0.8110771
-0.811987
-0.81135005
-0.8127058
-0.8125987
-0.809031
-0.8122284
-0.8142175
-0.81237084
-0.8112479
-0.8094209
-0.8049785
-0.8095364
-0.8109008
-0.81815195
-0.81301624
-0.8123744
-0.81385344
-0.8096079
-0.8079029
-0.8157555
-0.8090916
-0.8095495
-0.8107084
-0.8100382
-0.8114542
-0.81270397
-0.80367
-0.81130123
-0.8095207
-0.81440544
-0.81724095
-0.8107001
-0.8207067
-0.8125514
-0.81828874
-0.8140899
-0.80940396
-0.8093924
-0.809859
-0.8178527
-0.8059727
-0.81094414
-0.81366897
-0.8105806
-0.82079387
-0.8132117
-0.81905115
-0.81373113
-0.8089287
-0.81084746
-0.8118968
-0.81162894
-0.81475544
-0.81417316
-0.80833817
-0.8199564
-0.81198394
-0.8174715
-0.8173938
-0.81016296
-0.813029
-0.81765777
-0.80317485
-0.8126835
-0.8131553
-0.80654734
-0.81331015
-0.8128122
-0.810546
-0.81668055
-0.8159351
-0.80964625
-0.810971
-0.8109069
-0.8170429
-0.8127353
-0.81725895
-0.81355834
-0.8047236
-0.81305844
-0.81283647
-0.8148392
-0.8171514
-0.80989474
-0.81616384
-0.8093154
-0.81308734
-0.8038059
-0.81655174
-0.8134708
-0.81236273
-0.8180703
-0.8151643
-0.810724
-0.8173949
-0.8083471
-0.8043358
-0.8081122
-0.81450677
-0.8135314
-0.81386125
-0.80939126
-0.8175082
-0.81704116
-0.81401783
-0.81617004
-0.81194866
-0.8095533
-0.80764353
-0.8110221
-0.8138698
-0.8135633
-0.8146769
-0.82153493
-0.8183268
-0.8065283
-0.8077392
-0.81182534
-0.8136369
-0.8166331
-0.8150204
-0.8111917
-0.81548417
-0.8186908
-0.81681067
-0.8120147
-0.81473225
-0.8114013
-0.818968
-0.8120366
-0.8180788
-0.8178812
-0.809286
-0.8137011
-0.817989
-0.81114817
-0.8123103
-0.8196026
-0.8199114
-0.8165717
-0.80881906
-0.81806815
-0.814028
-0.81414056
-0.81621176
-0.81167656
-0.81841856
-0.81554776
-0.80868787
-0.81623924
-0.81192374
-0.8133912
-0.81387216
-0.81424415
-0.81072116
-0.81742847
-0.819222
-0.81468457
-0.8139178
-0.80693537
-0.81749874
-0.81277364
-0.8151681
-0.81426007
-0.81860805
-0.81355196
-0.8198307
-0.81871676
-0.8111762
-0.81219053
-0.81498855
-0.81206524
-0.81455004
-0.81504303
-0.81450224
-0.81515074
-0.81301856
-0.8166258
-0.81417006
-0.8118064
-0.813089
-0.8134137
-0.81447995
-0.8148083
-0.81751025
-0.81381124
-0.81647
-0.8134236
-0.8179179
-0.81056523
-0.8211927
-0.8184748
-0.8196836
-0.81486356
-0.8170806
-0.8258699
-0.8149069
-0.81142205
-0.81367046
-0.82164866
-0.82151896
-0.8146504
-0.81055397
-0.81286466
-0.81792206
-0.8114239
-0.8117584
-0.8203453
-0.8188974
-0.81007874
-0.81756264
-0.81486225
-0.81492627
-0.81548095
-0.816485
-0.8102019
-0.81695074
-0.8143495
-0.821799
-0.81494135
-0.81989187
-0.8184383
-0.82037467
-0.8162087
-0.8221028
-0.8198351
-0.81597424
-0.81178355
-0.8144595
-0.8183671
-0.8180852
-0.8206086
-0.8181098
-0.81309336
-0.81650126
-0.82042515
-0.81887686
-0.8171492
-0.8250966
-0.8122453
-0.82292295
-0.8187322
-0.81951237
-0.8209672
-0.82066953
-0.8251594
-0.8133294
-0.81535226
-0.8136466
-0.81405926
-0.81401837
-0.8172051
-0.81714374
-0.81256986
-0.8134463
-0.81523705
-0.8204332
-0.819471
-0.8195855
-0.8211115
-0.8210388
-0.8158759
-0.8165972
-0.8206605
-0.81964123
-0.8222182
-0.82383215
-0.8182912
-0.8189061
-0.8110027
-0.81400305
-0.8211129
-0.8115517
-0.81157386
-0.81478226
-0.81324923
-0.819308
-0.82531106
-0.8186931
-0.8271889
-0.81742424
-0.8163046
-0.8224166
-0.8221589
-0.81767887
-0.82019424
-0.8195455
-0.8212797
-0.81370276
-0.82660073
-0.8195187
-0.8120854
-0.81375885
-0.82051456
-0.8175728
-0.81884575
-0.81946343
-0.8213769
-0.82078314
-0.81605524
-0.8237228
-0.82124126
-0.8260154
-0.81722146
-0.82192314
-0.81279886
-0.82056147
-0.81554776
-0.81697947
-0.8230459
-0.82375926
-0.81129515
-0.81870705
-0.81754345
-0.81703323
-0.8224638
-0.81907326
-0.8155426
-0.82268095
-0.8211727
-0.8232866
-0.81930065
-0.82214063
-0.8147475
-0.8174528
-0.8236392
-0.8196536
-0.82109404
-0.82712936
-0.819544
-0.8197394
-0.81443316
-0.8183523
-0.82126606
-0.8163099
-0.82157236
-0.82437766
-0.8182519
-0.82168335
-0.8193494
-0.81705153
-0.8127173
-0.81946087
-0.8175906
-0.81215817
-0.8238765
-0.81981224
-0.81710714
-0.8226564
-0.82996094
-0.82040185
-0.82080185
-0.8214994
-0.81950045
-0.8162243
-0.819707
-0.82385814
-0.8185325
-0.82343054
-0.8162487
-0.826039
-0.8235273
-0.8199737
-0.8224867
-0.8174402
-0.8182283
-0.8188638
-0.8152211
-0.80970377
-0.8137272
-0.82118607
-0.8266863
-0.81669277
-0.8122213
-0.81949055
-0.81370157
-0.82235557
-0.81985486
-0.8227275
-0.82360625
-0.81574357
-0.815697
-0.8161465
-0.8170914
-0.82185215
-0.82071155
-0.8193576
-0.8184843
-0.81192845
-0.8168999
-0.8165345
-0.82374626
-0.82308394
-0.8220256
-0.81803006
-0.82164
-0.8207681
-0.81857806
-0.8235985
-0.8109365
-0.8171824
-0.82269424
-0.81826603
-0.81912595
-0.8220751
-0.82246476
-0.8175677
-0.8154422
-0.8174445
-0.821883
-0.8173778
-0.81985986
-0.81775737
-0.8153285
-0.8244289
-0.81961304
-0.8205617
-0.8185444
-0.8238063
-0.82289124
-0.8188537
-0.819468
-0.82102334
-0.82591397
-0.82567036
-0.82163304
-0.82357585
-0.824686
-0.82438403
-0.82186466
-0.8205608
-0.8198279
-0.8202809
-0.8206538
-0.81764054
-0.8198973
-0.8229399
-0.8255806
-0.82254314
-0.82125103
-0.820801
-0.8192014
-0.82478863
-0.8276542
-0.8157507
-0.824598
-0.82605857
-0.81738925
-0.82053745
-0.82061607
-0.82298577
-0.8164347
-0.8194372
-0.8257107
-0.8220562
-0.8216335
-0.8225937
-0.81790686
-0.81619793
-0.81973237
-0.82017994
-0.8268662
-0.8232941
-0.81732386
-0.8240124
-0.82069826
-0.8144572
-0.81823087
-0.8175166
-0.8195112
-0.820511
-0.82425064
-0.8153663
-0.817694
-0.82555664
-0.8238082
-0.82273847
-0.8217672
-0.8208549
-0.8266783
-0.8168338
-0.81940633
-0.8233493
-0.82887757
-0.822281
-0.82302487
-0.8221234
-0.81599975
-0.8151718
-0.8107448
-0.8280528
-0.8274488
-0.821409
-0.81774575
-0.82112414
-0.82361865
-0.8191035
-0.8273541
-0.8218476
-0.82230854
-0.81997424
-0.8244156
-0.8291646
-0.8236185
-0.81910735
-0.81759155
-0.8204217
-0.8166531
-0.8151439
-0.82631725
-0.82509273
-0.81961477
