346.1541697546701
314.3421268433473
278.01080405371783
241.0815999898755
216.96034779041415
193.7506109283443
160.59555077798927
139.879136353899
340.41484308305934
315.00156865730895
283.7150612858443
238.64973377386968
185.85556724964243
146.94698981802267
115.14271511301787
103.04190784486924
331.25116644008017
301.67348154346996
271.26952667163727
229.73778179371675
162.19329757300477
93.60588849888427
62.48343898847961
61.4206254987165
330.6625803280577
298.60458568716746
271.72311386027377
246.27519947923528
175.7051022587265
73.16351837759528
22.9414524997813
22.95360024117578
338.6073155140412
312.6050357028813
298.0695517304285
288.7295031809399
220.67494656654162
101.98244443669347
19.381802901486623
3.373709218589113
363.0848328005562
347.615585435177
343.33935456108134
341.49541947859916
267.2984542004118
137.5297958946497
29.057461510857976
6.782466432482944
413.439644586324
400.8622790491895
397.90759971023414
392.44820520369456
295.0384690267649
155.12377837263037
35.755957652645364
6.881583672640559
473.2778867597234
463.1701261380981
457.5868080013643
439.1244804565244
320.28709302441274
168.0523011832689
37.32973343357127
6.277368203773325
Mean: 225.89684511090894
