-0.7124376
-0.7171195
-0.7076567
-0.70872396
-0.7167612
-0.71564597
-0.71177775
-0.7140426
-0.72664696
-0.730135
-0.7278026
-0.7345951
-0.725445
-0.73024714
-0.7352171
-0.7419801
-0.7451091
-0.74207133
-0.7460095
-0.74594104
-0.75151074
-0.7527894
-0.764756
-0.7555882
-0.7687616
-0.7792853
-0.7808521
-0.7822335
-0.7848818
-0.7880605
-0.7995431
-0.80125874
-0.8047495
-0.8021754
-0.81018716
-0.824582
-0.81632745
-0.81837153
-0.8208525
-0.833039
-0.8311172
-0.8213044
-0.8290608
-0.83155584
-0.8333872
-0.833945
-0.83248836
-0.83678234
-0.8402717
-0.8446198
-0.84583884
-0.83985513
-0.85076874
-0.85361934
-0.8499133
-0.84860355
-0.8558419
-0.8543148
-0.8609383
-0.859752
-0.8604378
-0.8628214
-0.87476796
-0.868952
-0.8747621
-0.86993635
-0.87372863
-0.8715897
-0.87676877
-0.8788346
-0.8774792
-0.88168615
-0.893498
-0.8840206
-0.8884031
-0.888545
-0.88997436
-0.89346147
-0.89747626
-0.8938094
-0.8992965
-0.903694
-0.902709
-0.9014235
-0.90076494
-0.9076503
-0.9057543
-0.9099237
-0.9094155
-0.9087331
-0.9122405
-0.9082868
-0.9087794
-0.91513294
-0.9145948
-0.9161574
-0.91641134
-0.91397136
-0.91163045
-0.9119229
-0.9168534
-0.91484094
-0.91358143
-0.91755694
-0.91715735
-0.91590285
-0.91840744
-0.91685885
-0.9151706
-0.9176475
-0.91423434
-0.9148425
-0.91671604
-0.91812205
-0.91967887
-0.9209696
-0.92237437
-0.91770047
-0.9167319
-0.91966045
-0.91970444
-0.9198095
-0.92094326
-0.92089593
-0.9162497
-0.92171806
-0.91949916
-0.92232656
-0.92042696
-0.9203416
-0.92201734
-0.9227559
-0.9240684
-0.920438
-0.9197785
-0.9208393
-0.9245077
-0.92065746
-0.9199043
-0.9235158
-0.9219808
-0.92400295
-0.9218736
-0.9186392
-0.92539376
-0.9236134
-0.9226497
-0.9248559
-0.9259326
-0.92436606
-0.92197174
-0.9265013
-0.9210393
-0.9243156
-0.92337877
-0.92474645
-0.9239961
-0.92286694
-0.9223915
-0.9248714
-0.9254112
-0.92329884
-0.92684656
-0.9223685
-0.92467254
-0.9257974
-0.92773294
-0.9252945
-0.9255204
-0.92570645
-0.9276182
-0.92624164
-0.92667294
-0.9225484
-0.9280208
-0.92776805
-0.925628
-0.9284696
-0.92313087
-0.9248747
-0.92970663
-0.92895997
-0.92562366
-0.92913276
-0.9273379
-0.9275843
-0.9292927
-0.9280745
-0.9280399
-0.92700076
-0.92680293
-0.9275283
-0.92478186
-0.9255768
-0.928733
-0.92622316
-0.926352
-0.9264887
-0.9296265
-0.9257898
-0.9294187
-0.93000966
-0.9301613
-0.930351
-0.9299262
-0.9293585
-0.9291969
-0.9233203
-0.93191403
-0.9293156
-0.92697394
-0.92410326
-0.92818666
-0.92879206
-0.9284063
-0.9246454
-0.9268067
-0.92860955
-0.92819285
-0.92790747
-0.9265254
-0.92964625
-0.9314087
-0.9295584
-0.9296675
-0.93023384
-0.92858136
-0.930126
-0.92929304
-0.92919
-0.92880493
-0.92924035
-0.92857796
-0.9298298
-0.930463
-0.92878735
-0.9310831
-0.92837393
-0.93012315
-0.9281115
-0.9310443
-0.93039405
-0.931317
-0.9288406
-0.93081445
-0.9278257
-0.92978233
-0.9325931
-0.9288258
-0.92999995
-0.92940444
-0.9309282
-0.9315321
-0.93047166
-0.92629653
-0.9301257
-0.9316204
-0.9298283
-0.9310545
-0.9308886
-0.93129647
-0.9296861
-0.9273319
-0.9321173
-0.9292462
-0.9300962
-0.93054235
-0.9267209
-0.9271365
-0.9305273
-0.93243665
-0.9311045
-0.9297202
-0.92876244
-0.9269933
-0.93125653
-0.9264613
-0.9330911
-0.9313473
-0.9314824
-0.93095624
-0.9324477
-0.93095565
-0.92973864
-0.9325244
-0.93056244
-0.93040544
-0.9337701
-0.933122
-0.93107027
-0.92909503
-0.9309816
-0.9291909
-0.93080634
-0.93210423
-0.93019325
-0.93160087
-0.9311068
-0.93115515
-0.93061626
-0.9336998
-0.93080837
-0.9324947
-0.9286095
-0.9301106
-0.92868626
-0.930493
-0.92849076
-0.9307784
-0.9311131
-0.9298397
-0.9326114
-0.9301552
-0.9308736
-0.9312274
-0.92886156
-0.9333768
-0.9324302
-0.93484235
-0.93197286
-0.93085223
-0.93237585
-0.93283623
-0.9324766
-0.9337752
-0.93192095
-0.92772615
-0.93301016
-0.93389887
-0.9348145
-0.927845
-0.93147284
-0.9311481
-0.9349001
-0.9344653
-0.92853284
-0.933056
-0.9303291
-0.93288964
-0.9327433
-0.932986
-0.9339056
-0.93227357
-0.93204254
-0.93325216
-0.9292542
-0.9281706
-0.9317158
-0.93327934
-0.93234867
-0.9318204
-0.9321006
-0.9322404
-0.93208724
-0.9343717
-0.93272626
-0.9267746
-0.9326459
-0.93145853
-0.9297654
-0.9310181
-0.9321001
-0.9348646
-0.93203455
-0.93144435
-0.9316339
-0.92855746
-0.9334869
-0.9314423
-0.9280175
-0.9304901
-0.935536
-0.9326861
-0.9305675
-0.92930925
-0.9332331
-0.93546563
-0.9320365
-0.93297863
-0.93473965
-0.9311119
-0.9332556
-0.9335396
-0.9318896
-0.9349733
-0.93396384
-0.9328978
-0.93300676
-0.932094
-0.9363849
-0.93103296
-0.9333534
-0.9315547
-0.9315893
-0.93375367
-0.9339467
-0.9340475
-0.93287677
-0.9327273
-0.93272996
-0.93114215
-0.93167514
-0.935049
-0.9349216
-0.9322879
-0.9332996
-0.9291378
-0.93395716
-0.9339118
-0.93214816
-0.9328088
-0.92936
-0.9345824
-0.9357945
-0.9338296
-0.9327473
-0.9326454
-0.93221515
-0.9322172
-0.9353909
-0.931095
-0.9358295
-0.93609166
-0.9339022
-0.9351046
-0.93306404
-0.93264705
-0.93151855
-0.93215543
-0.9317121
-0.9307165
-0.936537
-0.93543285
-0.93215036
-0.9336995
-0.9310792
-0.93120277
-0.93293977
-0.93326294
-0.93259907
-0.9362732
-0.9363107
-0.935336
-0.9329765
-0.9350825
-0.9342588
-0.9329068
-0.9351022
-0.93523866
-0.93479437
-0.9370953
-0.9341818
-0.93344015
-0.9361868
-0.9359144
-0.9357322
-0.9331878
-0.93425876
-0.9334439
-0.93285775
-0.93602306
-0.93260497
-0.93344545
-0.93547577
-0.9360215
-0.9350493
-0.93492347
-0.931112
-0.93448555
-0.9346125
-0.9329977
-0.93442595
-0.9332063
-0.93282956
-0.93508685
-0.92977417
-0.932844
-0.9340271
-0.93211806
-0.93418896
-0.9341213
-0.932817
-0.9340554
-0.9347065
-0.935309
-0.9337995
-0.93392146
-0.9330743
-0.93448436
-0.93126285
-0.9348267
-0.9321434
-0.9309686
-0.9331925
-0.9335639
-0.93644285
-0.9339005
-0.9358496
-0.93571454
-0.93336666
-0.9345681
-0.9360017
-0.9333956
-0.9313139
-0.9335821
-0.9345167
-0.935464
-0.9358344
-0.9351235
-0.9324536
-0.9317295
-0.9323256
-0.9346752
-0.9336406
-0.9356783
-0.9357465
-0.9333933
-0.9327439
-0.93046504
-0.9322189
-0.9365829
-0.9343257
-0.93093616
-0.9314723
-0.93170404
-0.9334777
-0.93284196
-0.93565065
-0.9348721
-0.9343692
-0.9369097
-0.93482417
-0.93426096
-0.9349593
-0.9335551
-0.936743
-0.93385273
-0.93432456
-0.9343223
-0.9373437
-0.93622345
-0.9363213
-0.93587565
-0.933636
-0.9344716
-0.9341308
-0.935512
-0.9322493
-0.9335767
-0.93693906
-0.9358633
-0.93605745
-0.93612087
-0.9339137
-0.92887056
-0.93649745
-0.93266445
-0.9370654
-0.93463266
-0.9323354
-0.93518215
-0.9329573
-0.9385272
-0.93537486
-0.9353977
-0.9342299
-0.9309018
-0.9352715
-0.9334846
-0.9320633
-0.934802
-0.9334397
-0.93675715
-0.9341988
-0.93864465
-0.93903077
-0.9349047
-0.9364098
-0.9320774
-0.93682444
-0.9346656
-0.9346288
-0.9348932
-0.9352911
-0.9347929
-0.9340412
-0.9313381
-0.935373
-0.9363061
-0.9330737
-0.9333965
-0.9351826
-0.9322652
-0.9352506
-0.93386227
-0.93601
-0.9356346
-0.9355515
-0.93437046
-0.93583673
-0.9380066
-0.9334739
-0.9344926
-0.9372857
-0.93662107
-0.93406594
-0.9358093
-0.9340854
-0.93473524
-0.9376033
-0.9355427
-0.93787944
-0.9349135
-0.9323066
-0.933891
-0.9371058
-0.9338692
-0.93577594
-0.93278146
-0.9332816
-0.9357822
-0.9365282
-0.93606234
-0.93104047
-0.9333256
-0.93419594
-0.93344593
-0.9354712
-0.9334977
-0.9329048
-0.93426156
-0.93633693
-0.93691164
-0.93692064
-0.93550164
-0.9336944
-0.9338301
-0.93760926
-0.93280524
-0.9371992
-0.9339106
-0.9362502
-0.93642086
-0.9364242
-0.9346026
-0.93469226
-0.9361349
-0.9375124
-0.938705
-0.93490285
-0.93479884
-0.93513376
-0.9347644
-0.9368189
-0.9363659
-0.93633133
-0.936376
-0.9341801
-0.934799
-0.936159
-0.9348099
-0.9367631
-0.9382515
-0.93563765
-0.93275
-0.93362004
-0.9340773
-0.93810153
-0.93836695
-0.93370146
-0.9372446
-0.9336399
-0.9367024
-0.93471354
-0.93652225
-0.93526286
-0.9343769
-0.93580556
-0.93366
-0.9383995
-0.9370368
-0.93451774
-0.93592083
-0.9342668
-0.9362327
-0.9338743
-0.93244475
-0.93508565
-0.9370532
-0.93563616
-0.9359058
-0.9337956
-0.93813264
-0.93528366
-0.9331843
-0.9377766
-0.9338204
-0.931961
-0.9361455
-0.935562
-0.93804336
-0.93298566
-0.93455136
-0.9354106
-0.93815035
-0.9350052
-0.9368625
-0.9331559
-0.93766636
-0.9356282
-0.9376936
-0.936055
-0.9379246
-0.9346083
-0.93242574
-0.9349143
-0.93267125
-0.9351021
-0.9368742
-0.9365128
-0.9343752
-0.9344176
-0.9380819
-0.93426734
-0.9347412
-0.9369336
-0.93426704
-0.93408906
-0.93588835
-0.93574995
-0.93625677
-0.93326765
-0.93442607
-0.93511236
-0.93579406
-0.93741775
-0.93698215
-0.93681335
-0.9325853
-0.9333734
-0.93333894
-0.9334399
-0.93551457
-0.9357242
-0.93488073
-0.93366086
-0.9336797
-0.93615365
-0.9359331
-0.93575186
-0.9345789
-0.9337805
-0.936627
-0.9371345
-0.9388448
-0.9371533
-0.933917
-0.9361725
-0.9355071
-0.93727726
-0.93670815
-0.9359233
-0.93843347
-0.9371954
-0.93741035
-0.93414205
-0.93510485
-0.9372001
-0.93304956
-0.9340029
-0.9366584
-0.9362605
-0.9340021
-0.93793577
-0.9359428
-0.9381
-0.932628
-0.9358128
-0.9345549
-0.93545556
-0.9373943
-0.93481815
-0.93300295
-0.9367908
-0.93640095
-0.9365089
-0.93246955
-0.936501
-0.9359597
-0.9318238
-0.93451965
-0.9357522
-0.9363624
-0.9344782
-0.9371444
-0.93393147
-0.9356116
-0.9344679
-0.9337673
-0.93581116
-0.9353277
-0.93454325
-0.93418306
-0.9355998
-0.9363722
-0.932454
-0.93886405
-0.93506896
-0.936888
-0.935256
-0.9354743
-0.9377631
-0.93683535
-0.9385817
-0.9354735
-0.93585366
-0.93734497
-0.9329148
-0.9365882
-0.93368787
-0.9348304
-0.93594867
-0.93650043
-0.93242013
-0.93442035
-0.93817294
-0.93645954
-0.93857366
-0.9331114
-0.9356777
-0.93522114
-0.93628836
-0.9352607
-0.93736666
-0.9348257
-0.93547016
-0.9367619
-0.9341294
-0.9339187
-0.93443173
-0.9361741
-0.9359137
-0.9360894
-0.9367449
-0.9363573
-0.93233156
-0.9368273
-0.9332511
-0.93698955
-0.93607134
-0.93798727
-0.9341928
-0.9345235
-0.9350554
-0.9373226
-0.9363925
-0.936796
-0.93718743
-0.93488413
-0.9369845
-0.9376654
-0.9353727
-0.93538815
-0.93683034
-0.9349611
-0.93344754
-0.9326723
-0.9386034
-0.93433344
-0.9348579
-0.9350526
-0.9375234
-0.9361368
-0.93652356
-0.93474245
-0.9357386
-0.9380848
-0.935207
-0.93499374
-0.93642884
-0.93601733
-0.93359184
-0.935902
-0.93771297
-0.9362331
-0.93602383
-0.9342914
-0.93396145
-0.93744695
-0.93451977
-0.93329686
-0.9366051
-0.93775934
-0.9376032
-0.9346793
-0.93515474
-0.9355295
-0.9346151
-0.9357242
-0.93517226
-0.9338911
-0.935311
-0.93604714
-0.9380139
-0.93744236
-0.93493676
-0.93327904
-0.937224
-0.935486
-0.93606776
-0.93442297
-0.9356971
-0.936578
-0.9346043
-0.93627393
-0.9332965
-0.9340698
-0.9361153
-0.9328705
-0.93526965
-0.93290824
-0.9345497
-0.93753225
-0.93841237
-0.9343142
-0.93645686
-0.9334069
-0.93450564
-0.9386004
-0.93409276
-0.9374449
-0.93325716
-0.9373623
-0.93708086
-0.93614
-0.9365982
-0.9320242
-0.9327593
-0.93534535
-0.93470234
-0.93625695
-0.93500805
-0.93688244
-0.93507123
-0.9343478
-0.9362456
-0.9366343
-0.9375333
-0.934792
-0.93241924
-0.93778723
-0.93756825
-0.9370066
-0.9381638
-0.9358869
-0.93728185
-0.9340398
-0.9371712
-0.9371106
-0.93352467
-0.93654525
-0.9336961
-0.93476844
-0.93604964
-0.93486583
-0.9343492
-0.9364844
-0.93721926
-0.9388502
-0.9370336
-0.93512803
-0.93541753
-0.93301857
-0.9392848
-0.93511873
-0.9343405
-0.93473506
-0.93451285
-0.93665266
-0.93664247
-0.93535316
-0.937205
-0.9375897
-0.9349302
-0.93673366
-0.93466276
-0.9338663
-0.93924844
-0.9348083
-0.9367278
-0.93706703
-0.93612236
-0.93541247
-0.93344885
-0.93687177
-0.9354907
-0.93969727
-0.9333026
-0.9358786
-0.9354338
-0.9354804
-0.93868357
-0.9380702
-0.9332429
-0.9367992
-0.9348354
-0.9355588
-0.93611103
-0.9347114
-0.9350338
-0.93594706
-0.9364149
-0.9379826
-0.93514216
-0.93769306
-0.9369701
-0.93711644
-0.93596524
-0.9353067
-0.9349649
-0.93450224
-0.93829805
-0.9369359
-0.9364281
-0.9394404
-0.93626916
-0.9380963
-0.93566155
-0.935598
-0.93740314
-0.9341156
-0.9356228
-0.9366785
-0.9354414
-0.9352232
-0.937098
-0.9341216
-0.9375883
-0.936871
-0.93593097
-0.93757486
-0.93737984
-0.93450737
-0.93419605
-0.9364979
-0.9373833
-0.9366188
-0.9359352
-0.9356942
-0.93822145
-0.9363796
-0.9378677
-0.9368742
-0.93899786
-0.9341733
-0.93529475
-0.93573374
-0.93562543
-0.932872
-0.9358733
-0.9352377
-0.9344965
-0.9366155
-0.9314612
-0.9352792
-0.9352808
-0.9376877
-0.9378804
-0.9378725
-0.9342213
-0.9390938
-0.93507713
-0.93598515
-0.9376817
-0.9370337
-0.9361171
-0.93426514
-0.93554354
-0.9364078
-0.93450946
-0.9381992
-0.934437
-0.9368381
-0.93766165
-0.9384642
-0.9388298
-0.9352885
-0.93529236
-0.93682694
-0.93707424
-0.9373084
-0.93556154
-0.9359973
-0.935908
-0.93529934
-0.9334528
-0.9343315
-0.9394992
-0.9373001
-0.93467146
-0.93501663
-0.9354035
-0.9385971
-0.9369816
-0.9359149
-0.93664867
-0.93532234
-0.9384323
-0.9367558
-0.9355121
-0.93576896
-0.93692154
-0.934355
-0.93885726
-0.9365284
-0.9370116
-0.9365597
-0.933234
-0.93697286
-0.9347929
-0.93503505
-0.9347734
-0.9394737
-0.93563473
-0.93650347
-0.9367554
-0.9357591
-0.9359986
-0.93617666
-0.9355472
-0.9381258
-0.93886065
-0.9364923
-0.936586
-0.93931425
-0.9376732
-0.93545264
-0.9357361
-0.9351855
-0.9399556
-0.93463665
-0.9351057
-0.93305856
-0.9338099
-0.9333706
-0.932441
-0.9327037
-0.9352758
-0.9376513
-0.93366843
-0.9368349
-0.9354672
-0.93112105
-0.93184286
-0.9360465
-0.93771076
-0.93456155
-0.9352406
-0.93794036
-0.9358905
-0.936893
-0.9382152
-0.93416643
-0.9346372
-0.93657166
-0.93683326
-0.93719906
-0.9333751
-0.93627936
-0.9377097
-0.9345236
-0.93784696
-0.93552905
-0.9358137
-0.9348336
-0.9334917
-0.9363675
-0.9352034
-0.9360566
-0.9374861
-0.9343135
-0.9337558
-0.93633926
-0.93578416
-0.9353459
-0.9325443
-0.9367095
-0.9347404
-0.9384891
-0.93286514
-0.9378093
-0.93492216
-0.9372725
-0.93656194
-0.9344856
-0.9376616
-0.9366273
-0.93546766
-0.9380834
-0.9382971
-0.9353677
-0.93985826
-0.9351434
-0.9362494
-0.9365238
-0.9387883
-0.9352976
-0.93596417
-0.93677914
-0.9371985
-0.93613577
-0.9367312
-0.93705815
-0.93597865
-0.9355837
-0.93556994
-0.9356754
-0.9366278
-0.93417835
-0.93813825
-0.93415743
-0.9370312
-0.9365321
-0.9368875
-0.93693316
-0.9369245
-0.93719155
-0.9367386
-0.9365308
-0.93600065
-0.9365284
-0.9376792
-0.9343043
-0.93610126
-0.93792546
-0.93553746
-0.93743634
-0.9326587
-0.9350319
-0.9337638
-0.9385853
-0.93381876
-0.9360534
-0.9368792
-0.9354529
-0.9336881
-0.9375568
-0.9369054
-0.9337481
-0.9358039
-0.9369625
-0.93907595
-0.93797946
-0.93680835
-0.93475175
-0.93432087
-0.93712395
-0.9378684
-0.9366612
-0.9369433
-0.9351289
-0.9366682
-0.93713623
-0.93667734
-0.93835324
-0.93980724
-0.9375671
-0.933529
-0.9374156
-0.9388837
-0.9340579
-0.93624884
-0.93933743
-0.938069
-0.93609154
-0.9343622
-0.9367196
-0.9367854
-0.9365504
-0.93486786
-0.9370603
-0.9352621
-0.93548125
-0.9369188
-0.9344544
-0.93658656
-0.93731904
-0.9374681
-0.93597066
-0.9363331
-0.9354097
-0.93665844
-0.934871
-0.9368052
-0.9360853
-0.94132274
-0.9369436
-0.94127035
-0.9325553
-0.93519044
-0.9354087
-0.93654
-0.9363545
-0.9366956
-0.93845713
-0.9399931
-0.9343465
-0.93421143
-0.9374575
-0.93780404
-0.9371176
-0.9340494
-0.9366014
-0.93744063
-0.93565893
-0.93543684
-0.93838966
-0.9361831
-0.93598396
-0.9352384
-0.93919545
-0.9365784
-0.93549013
-0.935065
-0.9355833
-0.9354607
-0.94004893
-0.93976074
-0.93682075
-0.93679214
-0.9361626
-0.93794775
-0.9372234
-0.9376086
-0.9355884
-0.93683624
-0.9387158
-0.9342825
-0.93339074
-0.93411267
-0.9365378
-0.9364149
-0.9369702
-0.9366649
-0.93721265
-0.9358935
-0.9357485
-0.93691266
-0.9344878
-0.93306094
-0.9335977
-0.9379898
-0.9349445
-0.93654996
-0.9339509
-0.93766165
-0.9398488
-0.9382477
-0.9330572
-0.93627995
-0.93445224
-0.9376384
-0.9353691
-0.9368401
-0.93795824
-0.93511045
-0.93728304
-0.9364404
-0.93397975
-0.9365817
-0.9368016
-0.93792784
-0.9352271
-0.93413955
-0.9363074
-0.9381953
-0.93414724
-0.93788207
-0.93713284
-0.9373176
-0.93537116
-0.93544096
-0.93626237
-0.93633735
-0.93487084
-0.9353387
-0.9386272
-0.9379783
-0.93501544
-0.93789077
-0.9319376
-0.9387202
-0.9361999
-0.9367129
-0.93957937
-0.9395079
-0.9362083
-0.93920785
-0.93827724
-0.9353959
-0.9367173
-0.9373261
-0.9366244
-0.93316567
-0.93658453
-0.9384111
-0.93463165
-0.9390501
-0.937554
-0.9361142
-0.9349712
-0.93665427
-0.93400997
-0.93848723
-0.9361261
-0.93648154
-0.93934965
-0.9368285
-0.93225646
-0.936096
-0.93757063
-0.93537146
-0.9359979
-0.9382851
-0.9339423
-0.9367228
-0.93608177
-0.93554497
-0.93545246
-0.93540776
-0.93557024
-0.9349739
-0.9361185
-0.9384416
-0.93432665
-0.933732
-0.9391962
-0.93623066
-0.9347561
-0.93768257
-0.9349919
-0.9374476
-0.93139726
-0.93625355
-0.9343712
-0.9338881
-0.9389593
-0.9368044
-0.93454367
-0.9342843
-0.93681717
-0.93605953
-0.9371959
-0.9383959
-0.93585837
-0.93318117
-0.9370755
-0.9386091
-0.9373555
-0.9329216
-0.93614703
-0.9347585
-0.934481
-0.93936735
-0.9375158
-0.938606
-0.9394358
-0.93770283
-0.9354352
-0.9371013
-0.9353069
-0.93691623
-0.9365075
-0.9353443
-0.9341359
-0.9362284
-0.9364142
-0.9371879
-0.93624765
-0.9370695
-0.9400906
-0.93846816
-0.9370955
-0.93571717
-0.935497
-0.9358277
-0.9340455
-0.93856174
-0.93589026
-0.9357354
-0.9372749
-0.9354906
-0.9357307
-0.93352836
-0.93896496
-0.9391488
-0.9372624
-0.9350574
-0.933558
-0.93611515
-0.9353743
-0.9330873
-0.93596953
-0.93933225
-0.93370885
-0.9351732
-0.93512034
-0.9372227
-0.93760675
-0.9345962
-0.9367539
-0.9380114
-0.935823
-0.93611264
-0.9362457
-0.9353636
-0.9380481
-0.9385116
-0.9387352
-0.93623626
-0.9380895
-0.9390981
-0.93577445
-0.93733567
-0.9351226
-0.9347805
-0.9376476
-0.936269
-0.9344751
-0.9343837
-0.93862075
-0.93718493
-0.9380265
-0.93583083
-0.93767357
-0.9381372
-0.937586
-0.9372899
-0.9383796
-0.93639845
-0.9394842
-0.9372027
-0.9377959
-0.93749547
-0.93543357
-0.9370191
-0.94080526
-0.9328113
-0.93558574
-0.9359804
-0.9347817
-0.93711454
-0.9367035
-0.93483675
-0.93696445
-0.9350043
-0.93473
-0.9357304
-0.9332478
-0.93471044
-0.9368413
-0.93523604
-0.93714875
-0.9341106
-0.9383275
-0.9357952
-0.9327649
-0.93626916
-0.93483776
-0.93706423
-0.93629795
-0.93610626
-0.93577516
-0.93479127
-0.9380131
-0.93708444
-0.9364713
-0.9360963
-0.93547255
-0.93566877
-0.9381353
-0.9368204
-0.9357319
-0.93663883
-0.9339704
-0.93589544
-0.9339343
-0.93578714
-0.93696123
-0.9357703
-0.93783367
-0.9356737
-0.9390487
-0.9376581
-0.93765295
-0.93361014
-0.93634033
-0.9366874
-0.9367313
-0.9381103
-0.9375946
-0.9371665
-0.9361479
-0.93413043
-0.93716997
-0.93826044
-0.93707925
-0.9337857
-0.93526417
-0.9374419
-0.9371296
-0.9306681
-0.93600535
-0.93512297
-0.93763703
-0.93889534
-0.9338419
-0.9356683
-0.9368559
-0.9365632
-0.9352153
-0.93277764
-0.93729514
-0.93429327
-0.9326382
-0.9346073
-0.9391799
-0.9353502
-0.93564284
-0.93557084
-0.9369879
-0.9391672
-0.93458277
-0.93521446
-0.93654203
-0.9389945
-0.9334668
-0.9371254
-0.9379832
-0.9379875
-0.9391165
-0.9377007
-0.9362739
-0.9327544
-0.9377795
-0.933583
-0.93607813
-0.93837285
-0.937804
-0.9390588
-0.93460935
-0.93689334
-0.9371364
-0.9361746
-0.93475825
-0.9352641
-0.93870264
-0.9375839
-0.9356105
-0.93871975
-0.93436694
-0.93481207
-0.9380861
-0.9369309
-0.93706775
-0.93808734
-0.93778604
-0.93821996
-0.93567187
-0.9376729
-0.93748116
-0.93859464
-0.9364311
-0.93846357
-0.9395408
-0.93824726
-0.9359545
-0.93854165
-0.9351863
-0.934457
-0.93721116
-0.93867195
-0.938227
-0.93768287
-0.9336993
-0.93987226
-0.9366055
-0.93530875
-0.9366509
-0.93687963
-0.93826985
-0.9372667
-0.9388541
-0.9359304
-0.9336132
-0.9351726
-0.9361014
-0.937286
-0.93650204
-0.93477035
-0.9373495
-0.9369922
-0.936772
-0.93548787
-0.9369001
-0.93724096
-0.9402969
-0.9357439
-0.9390854
-0.9331815
-0.9361537
-0.9364326
-0.93911767
-0.9359431
-0.93546987
-0.93808484
-0.9358527
-0.93882036
-0.93752915
-0.9386883
-0.93916106
-0.93587834
-0.93639535
-0.9369946
-0.9337104
-0.9361422
-0.93840224
-0.9337709
-0.9376332
-0.9360804
-0.93639493
-0.9384145
-0.93785524
-0.9367878
-0.9366175
-0.9364331
-0.93595546
-0.9335449
-0.9392529
-0.93781877
-0.93585974
-0.9350791
-0.936205
-0.93575954
-0.9365801
-0.9375242
-0.93501383
-0.93463695
-0.936681
-0.9367501
-0.93547606
-0.94037557
-0.9344491
-0.93670124
-0.9353969
-0.94100463
-0.9350989
-0.9374139
-0.936303
-0.9365093
-0.93517816
-0.9388377
-0.9361721
-0.93425745
-0.9341675
-0.9388861
-0.93650097
-0.93581325
-0.93654525
-0.93485
-0.9356612
-0.9372617
-0.93268406
-0.9345087
-0.93479586
-0.9374276
-0.93563896
-0.9382545
-0.9349425
-0.93901205
-0.93721735
-0.9382955
-0.9384439
-0.9354293
-0.93758816
-0.94043374
-0.9344246
-0.9354569
-0.93577236
-0.9382256
-0.94065154
-0.9372568
-0.93863565
-0.93474823
-0.9342089
-0.93904936
-0.9360439
-0.93544126
-0.9398031
-0.9352911
-0.93678963
-0.934563
-0.9333728
-0.93631417
-0.93613654
-0.9361721
-0.93671924
-0.93643624
-0.9391288
-0.9329861
-0.93383193
-0.93483174
-0.93650585
-0.9378455
-0.9352207
-0.9373322
-0.93519586
-0.93796706
-0.9399047
-0.9329213
-0.9364394
-0.9347186
-0.93730736
-0.93754363
-0.93528295
-0.93392485
-0.9387083
-0.9402254
-0.93812627
-0.93571895
-0.9363624
-0.937608
-0.93501556
-0.9353997
-0.9371927
-0.9356366
-0.9378613
-0.9370239
-0.9392121
-0.93619686
-0.93747234
-0.93698436
-0.9395794
-0.9360511
-0.9382982
-0.9392531
-0.9354011
-0.9393855
-0.9377063
-0.9384801
-0.9380651
-0.9340258
-0.93713814
-0.9356247
-0.9381864
-0.93777186
-0.93728364
-0.9359817
-0.93675464
-0.9339002
-0.93671715
-0.9406223
-0.9379376
-0.93604666
-0.9384086
-0.93575674
-0.93419534
-0.93807715
-0.9348199
-0.9390607
-0.93426114
-0.9365152
-0.935996
-0.9354958
-0.93696564
-0.9371803
-0.93646455
-0.9388593
-0.9379214
-0.9395811
-0.93571943
-0.9390932
-0.9338027
-0.9364295
-0.9370389
-0.9347427
-0.9346322
-0.9360181
-0.9380409
-0.934721
-0.9368113
-0.93961346
-0.93661505
-0.936121
-0.9331535
-0.9354009
-0.93823344
-0.9363771
-0.93387836
-0.9366984
-0.94094574
-0.93636537
-0.93550855
-0.93845755
-0.93703336
-0.9351615
-0.93958616
-0.9376924
-0.9371361
-0.93753695
-0.9367528
-0.9394067
-0.93669736
-0.9378553
-0.9357545
-0.93594074
-0.937688
-0.93549204
-0.9343244
-0.93818945
-0.937251
-0.93613553
-0.93651223
-0.9345483
-0.9356
-0.9335427
-0.93745875
-0.936271
-0.93653643
-0.93823755
-0.9334351
-0.93409973
-0.9326884
-0.9368745
-0.9374645
-0.9380032
-0.935292
-0.93514264
-0.93316454
-0.9377662
-0.9365238
-0.9337665
-0.9353038
-0.9330266
-0.9389271
-0.93707544
-0.93647194
-0.9349674
-0.93650687
-0.9380167
-0.93558365
-0.9392697
-0.9339259
-0.9348319
-0.9333558
-0.93521416
-0.93632174
-0.93569493
-0.9367891
-0.9365349
-0.93634784
-0.9358434
-0.93539006
-0.9397185
-0.9393643
-0.9349137
-0.93378437
-0.9363209
-0.93818486
-0.9390341
-0.93519324
-0.93662435
-0.93600136
-0.93827343
-0.9363282
-0.93705845
-0.93747735
-0.9360307
-0.9366578
-0.9349849
-0.9334677
-0.93622494
-0.9397585
-0.9365399
-0.9332027
-0.9342602
-0.93378943
-0.9350457
-0.93759763
-0.93829745
-0.9387519
-0.93580633
-0.9324952
-0.9343839
-0.9341612
-0.937981
-0.9371407
-0.9360831
-0.9364546
-0.9347913
-0.9374212
-0.9383007
-0.9357475
-0.93433565
-0.9368204
-0.93830204
-0.93539137
-0.9378715
-0.93533933
-0.9353869
-0.93714637
-0.9358361
-0.93843025
-0.9365968
-0.9363935
-0.9355211
-0.93623984
-0.9377701
-0.9414272
-0.93996626
-0.934663
-0.9367943
-0.93375844
-0.9351429
-0.93461895
-0.9377022
-0.93540865
-0.9339523
-0.93563414
-0.9351128
-0.9348805
-0.93314207
-0.93784106
-0.93759716
-0.9335213
-0.9357915
-0.93724984
-0.939291
-0.9361619
-0.9356073
-0.9362713
-0.93589896
-0.9357819
-0.93925935
-0.93604815
-0.93794626
-0.935221
-0.93808657
-0.93310344
-0.9370445
-0.9325838
-0.9381047
-0.9383198
-0.9345308
-0.9372225
-0.9358092
-0.9378135
-0.93836355
-0.9362282
-0.9383706
-0.9337751
-0.93879557
-0.9388843
-0.933285
-0.9329615
-0.93458027
-0.93528116
-0.9353598
-0.9383346
-0.9374561
-0.9372985
-0.93562865
-0.93759614
-0.9345676
-0.93715614
-0.9372048
-0.9352874
-0.9372499
-0.9371193
-0.9357292
-0.937886
-0.9361547
-0.93691504
-0.937124
-0.93785036
-0.93644524
-0.9357161
-0.9372853
-0.93946743
-0.9349312
-0.9373671
-0.93530965
-0.9386553
-0.9360754
-0.9335319
-0.9345584
-0.93692833
-0.9370336
-0.9336927
-0.9364565
-0.9377168
-0.93334585
-0.9368781
-0.9397757
-0.93771386
-0.93650174
-0.9381129
-0.93682975
-0.9388136
-0.93994355
-0.9376603
-0.9362148
-0.93666553
-0.9370963
-0.9392999
-0.93556124
-0.9375358
-0.93647635
-0.9373337
-0.9359846
-0.9363429
-0.93495286
-0.9369411
-0.93608433
-0.9373881
-0.9382798
-0.93493974
-0.9367041
-0.9364958
-0.93780667
-0.9376545
-0.93359745
-0.93501836
-0.9362904
-0.9364472
-0.93855095
-0.934878
-0.9362739
-0.9367636
-0.93849015
-0.9370751
-0.9364316
-0.9391167
-0.938019
-0.9364683
-0.93706256
-0.93899745
-0.93629396
-0.93628854
-0.9356564
-0.9403278
-0.9381051
-0.93623275
-0.9388766
-0.9378236
-0.93773323
-0.9377138
-0.9352904
-0.9374594
-0.93756306
-0.9378091
-0.938441
-0.93924487
-0.93687
-0.9394257
-0.940112
-0.9402449
-0.9363946
-0.9345397
-0.938903
-0.9384406
-0.9362333
-0.937516
-0.93691725
-0.9349267
-0.93673486
-0.93658733
-0.9363628
-0.9360367
-0.93488795
-0.9366343
-0.93759215
-0.9377163
-0.93676615
-0.9345691
-0.9362312
-0.9378249
-0.9350249
-0.93688506
-0.9373122
-0.9382192
-0.9365506
-0.93768287
-0.9343004
-0.9371698
-0.9366537
-0.93451196
-0.93672335
-0.93438333
-0.9360762
-0.93702537
-0.93827957
-0.9377067
-0.9368513
-0.937057
-0.9385828
-0.93866974
-0.935892
-0.9343527
-0.93709487
-0.9362761
-0.93648
-0.9376279
-0.93478155
-0.9347626
-0.93749607
-0.93515676
-0.93567187
-0.9357234
-0.9338092
-0.9347782
-0.9383542
-0.93509233
-0.93522424
-0.93630385
-0.9343991
-0.9380089
-0.93717957
-0.9357201
-0.9344867
-0.93843615
-0.9355392
-0.9345911
-0.93776566
-0.9372677
-0.9400227
-0.93627214
-0.93652064
-0.93804413
-0.93339574
-0.93852097
-0.93884695
-0.93520916
-0.93626153
-0.93427896
-0.93871844
-0.9395216
-0.9346233
-0.93519455
-0.93711644
-0.94013226
-0.93527406
-0.93567264
-0.9371797
-0.93597394
-0.9370578
-0.93932724
-0.9380798
-0.9352164
-0.9373907
-0.93622816
-0.93762225
-0.9376944
-0.9355969
-0.93746436
-0.93684584
-0.93682504
-0.9386922
-0.9375588
-0.9346802
-0.9360569
-0.93814236
-0.938431
-0.93815607
-0.9358349
-0.9374727
-0.93677044
-0.9347117
-0.9404057
-0.935139
-0.93514085
-0.9366173
-0.9366218
-0.9388213
-0.9354904
-0.9369256
-0.9374679
-0.93649364
-0.9370883
-0.93675286
-0.93197423
-0.9343177
-0.93619114
-0.93812
-0.93897086
-0.9374351
-0.9336237
-0.93685323
-0.9351457
-0.93765855
-0.9371213
-0.93748575
-0.9355224
-0.93753725
-0.937357
-0.9375049
-0.9361916
-0.9388657
-0.93834037
-0.93619
-0.9372679
-0.9393601
-0.9406028
-0.93795884
-0.93538624
-0.9363048
-0.9363585
-0.93810666
-0.9349545
-0.9387368
-0.9382723
-0.93509245
-0.9386644
-0.9391017
-0.93653476
-0.93553376
-0.9344987
-0.93705547
-0.93941134
-0.935823
-0.9396424
-0.9373056
-0.9397344
-0.9386609
-0.9353632
-0.93829906
-0.9376648
-0.9365558
-0.93816006
-0.9398043
-0.93833035
-0.93905413
-0.93685246
-0.9364889
-0.9376367
-0.9365195
-0.9365003
-0.93657875
-0.93529934
-0.9365756
-0.9397016
-0.932329
-0.93526816
-0.93690157
-0.93870324
-0.93837416
-0.9360025
-0.9399404
-0.9359863
-0.93615794
-0.93813413
-0.9391327
-0.93708915
-0.93455863
-0.93606997
-0.9375518
-0.9373264
-0.93587863
-0.9384706
-0.9356972
-0.9373094
-0.939201
-0.93872637
-0.9369337
-0.9381406
-0.9365659
-0.9390088
-0.93950474
-0.9367464
-0.93715125
-0.93618083
-0.9354126
-0.940042
-0.9365003
-0.9379739
-0.93636143
-0.93823326
-0.9357373
-0.93782836
-0.9391395
-0.93663764
-0.93758947
-0.93438214
-0.9358763
-0.93723875
-0.9355402
-0.93686324
-0.9358851
-0.93672097
-0.93792623
-0.93540436
-0.937905
-0.9394544
-0.93898654
-0.9371128
-0.9372748
-0.93554735
-0.9358489
-0.93897355
-0.9389542
-0.9365432
-0.93629754
-0.93572587
-0.93968713
-0.93824685
-0.93947953
-0.93736255
-0.9409347
-0.9375921
-0.9368921
-0.94090146
-0.9368403
-0.9370226
-0.93862736
-0.9369676
-0.9334861
-0.9381038
-0.9371921
-0.93865883
-0.93784237
-0.93731385
-0.93888134
-0.9405176
-0.9406256
-0.9372336
-0.9386445
-0.9347185
-0.93515176
-0.93721527
-0.9395066
-0.93597656
-0.9380226
-0.9396025
-0.9387016
-0.93621886
-0.93607557
-0.9385851
-0.9378501
-0.94005615
-0.93964386
-0.934159
-0.9361403
-0.9339902
-0.9348899
-0.9368802
-0.9387113
-0.9367667
-0.9367135
-0.9327293
-0.93492573
-0.9373455
-0.93775415
-0.9390054
-0.9369903
-0.93577826
-0.9374472
-0.9364737
-0.9399019
-0.9365935
-0.9381837
-0.93850577
-0.9365679
-0.93851984
-0.93549657
-0.93678284
-0.9374418
-0.9387573
-0.939812
-0.93563277
-0.9377146
-0.9391042
-0.93881637
-0.9347509
-0.93818593
-0.93762845
-0.937249
-0.9362575
-0.9375708
-0.9368088
-0.93994826
-0.9384401
-0.93430805
-0.9395675
-0.9350936
-0.9379639
-0.93491155
-0.93628645
-0.9343886
-0.9379662
-0.93880886
-0.935635
-0.9362974
-0.93591374
-0.93900824
-0.9391015
-0.93763924
-0.93591285
-0.9385691
-0.9379983
-0.9379916
-0.93692523
-0.93851936
-0.9361814
-0.9358953
-0.9369091
-0.94074583
-0.9347303
-0.9371662
-0.93545556
-0.93736374
-0.9361619
-0.9342232
-0.936803
-0.9367938
-0.9340089
-0.93597454
-0.9348779
-0.9378706
-0.9402365
-0.9381799
-0.93675107
-0.93646663
-0.9376691
-0.93811506
-0.9363837
-0.9359322
-0.93592805
-0.9366318
-0.93524534
-0.9388549
-0.9353817
-0.9360537
-0.9380079
-0.9374671
-0.9359593
-0.93472254
-0.93633795
-0.9374037
-0.93723696
-0.93595976
-0.937171
-0.93783736
-0.93644506
-0.93601954
-0.93517154
-0.93639123
-0.9377535
-0.9385792
-0.9365204
-0.938
-0.93807864
-0.9362579
-0.9345891
-0.9387945
-0.9357521
-0.93918675
-0.93527216
-0.93567437
-0.9363689
-0.9384317
-0.9368356
-0.93430215
-0.9372812
-0.9366435
-0.9354529
-0.93493146
-0.9338854
-0.934974
-0.9338435
-0.93262523
-0.93723464
-0.93476707
-0.9359344
-0.93907815
-0.9362055
-0.9367877
-0.9370972
-0.9376265
-0.9386485
-0.93605506
-0.93652517
-0.937215
-0.93511534
-0.9374427
-0.93617475
-0.93902075
-0.9386355
-0.93412787
-0.9361336
-0.93876624
-0.9377375
-0.9352117
-0.9362565
-0.93993664
-0.9386386
-0.9399008
-0.93609273
-0.9389718
-0.93710536
-0.9371189
-0.9372559
-0.9358267
-0.93790627
-0.9417437
-0.9381873
-0.9397642
-0.935977
-0.93619084
-0.9348728
-0.9408281
-0.94263786
-0.93791187
-0.9376935
-0.93760574
-0.93946826
-0.93520975
-0.9385817
-0.9391014
-0.9376592
-0.93879324
-0.9399714
-0.9403773
-0.939838
-0.9371192
-0.9372896
-0.936824
-0.93419254
-0.9367696
-0.9364917
-0.9359852
-0.9385043
-0.9361366
-0.93708247
-0.9356276
-0.94078404
-0.9378435
-0.93542975
-0.93739164
-0.9382747
-0.93776697
-0.93798363
-0.93565744
-0.93834853
-0.9390372
-0.9366339
-0.93671435
-0.93698
-0.93961596
-0.93774325
-0.9348357
-0.9380225
-0.93785286
-0.93798316
-0.93576235
-0.9383623
-0.9353494
-0.9372206
-0.93640447
-0.9382711
-0.9363151
-0.93860865
-0.9389007
-0.93983734
-0.93521833
-0.9381097
-0.93750954
-0.9384458
-0.9400102
-0.93910104
-0.9362401
-0.93361914
-0.9334966
-0.93507624
-0.9372745
-0.93857837
-0.936636
-0.9379001
-0.9382491
-0.93500197
-0.9348625
-0.93734914
-0.94018286
-0.9358253
-0.93678933
-0.937972
-0.93878365
-0.9386384
-0.9334903
-0.9327594
-0.93350226
-0.93589324
-0.9399842
-0.9345835
-0.93628496
-0.9364711
-0.9340751
-0.9339611
-0.9393303
-0.93691474
-0.9363056
-0.937172
-0.9356553
-0.93546426
-0.9386964
-0.93685186
-0.9369687
-0.9374707
-0.9377113
-0.93664235
-0.9383943
-0.93696296
-0.93697035
-0.9368333
-0.93748605
-0.93568283
-0.9377452
-0.93613404
-0.93633085
-0.93514866
-0.9344051
-0.9376059
-0.9345447
-0.9380678
-0.9369342
-0.93826175
-0.9366608
-0.9367018
-0.9363599
-0.9369988
-0.93815506
-0.9372735
-0.93636554
-0.940284
-0.9344239
-0.93698525
-0.9363279
-0.93715006
-0.93555063
-0.9377023
-0.939957
-0.9359015
-0.9359632
-0.9368741
-0.93683827
-0.9392741
-0.9342378
-0.93717694
-0.93692744
-0.9374347
-0.9375553
-0.9399498
-0.93805873
-0.93702734
-0.93232495
-0.9366766
-0.9368821
-0.9406931
-0.9357291
-0.93953586
-0.9392273
-0.9339782
-0.9353992
-0.939058
-0.9393098
-0.9398984
-0.9354367
-0.935801
-0.9371132
-0.936502
-0.93812454
-0.9364163
-0.93823636
-0.9391924
-0.9378043
-0.93722665
-0.9380474
-0.93582475
-0.9381815
-0.93394
-0.93516827
-0.93896705
-0.94002193
-0.9359865
-0.93848413
-0.9369378
-0.93529624
-0.9348856
-0.9378289
-0.9376372
-0.9354937
-0.9357507
-0.93713546
-0.93820083
-0.93701005
-0.9375108
-0.93753266
-0.93860465
-0.9377144
-0.93795663
-0.9373237
-0.939302
-0.93788004
-0.93653697
-0.9385173
-0.9386081
-0.9377135
-0.9371772
-0.9335722
-0.9371004
-0.93598604
-0.9360915
-0.93709326
-0.9365794
-0.935013
-0.94009644
-0.93678415
-0.93491954
-0.93593246
-0.93835264
-0.9348614
-0.9380549
-0.9347623
-0.93647677
-0.9329733
-0.9325293
-0.9328444
-0.9388099
-0.9382039
-0.93457705
-0.9332907
-0.933373
-0.9336861
-0.9355369
-0.9368063
-0.93725437
-0.9386444
-0.9328932
-0.93395483
-0.93738765
-0.9406006
-0.9376956
-0.9361622
-0.9372166
-0.93672425
-0.9349642
-0.9383576
-0.9401476
-0.939088
-0.93923795
-0.9367328
-0.93545645
-0.9340074
-0.93570924
-0.9385688
-0.93621945
-0.93565893
-0.93638915
-0.93716675
-0.9382605
-0.9375696
-0.93924856
-0.9389696
-0.9381588
-0.93794936
-0.9380029
-0.9343589
-0.93326
-0.9381567
-0.9349496
-0.93639344
-0.9391908
-0.9341027
-0.93675715
-0.9365651
-0.9373098
-0.93553275
-0.9371083
-0.93557227
-0.9341509
-0.9385286
-0.93856317
-0.93668306
-0.93580276
-0.9349319
-0.9376542
-0.93607
-0.9391801
-0.9368152
-0.937441
-0.93833685
-0.93484586
-0.93814397
-0.9397114
-0.93800104
-0.93583035
-0.9375336
-0.93821764
-0.9381891
-0.93378377
-0.9363482
-0.9372007
-0.93618035
-0.93883896
-0.9369842
-0.93798333
-0.9381837
-0.9379647
-0.93842447
-0.93752146
-0.9374314
-0.9364312
-0.9358011
-0.9405497
-0.9374816
-0.93627703
-0.939042
-0.9397278
-0.93958265
-0.9356039
-0.9398372
-0.9338307
-0.9363336
-0.93918395
-0.9389414
-0.93811804
-0.9358934
-0.9381941
-0.93820137
-0.9370255
-0.93830967
-0.9395503
-0.93709105
-0.93806887
-0.937605
-0.9371288
-0.9380896
-0.93912995
-0.9369022
-0.935495
-0.93649906
-0.9383623
-0.932354
-0.93622124
-0.9373947
-0.93767756
-0.9361638
-0.9349498
-0.9328821
-0.9321426
-0.9277141
-0.93108064
-0.9351319
-0.93580514
-0.93514967
-0.9344724
-0.93296164
-0.9357557
-0.9348223
-0.9367153
-0.9371046
-0.93409157
-0.9346253
-0.9354464
-0.93892914
-0.93711525
-0.9375615
-0.9370024
-0.9352372
-0.9332568
-0.9369291
-0.9388741
-0.9367546
-0.9346104
-0.9350242
-0.93357116
-0.93500906
-0.9364788
-0.9363528
-0.93831784
-0.9374256
-0.93769544
-0.93777436
-0.93447876
-0.9331129
-0.9371742
-0.9336786
-0.93682593
-0.93603104
-0.9396197
-0.9369567
