-0.5159485
-0.5261503
-0.5253248
-0.5316361
-0.5325413
-0.54800254
-0.5418349
-0.56212777
-0.55238724
-0.56012905
-0.5660177
-0.57427305
-0.5612281
-0.5776476
-0.5771402
-0.58307916
-0.58677644
-0.58619916
-0.6041078
-0.5989512
-0.59987015
-0.606467
-0.6082272
-0.61742765
-0.62628675
-0.6171348
-0.62540716
-0.6259245
-0.62604934
-0.6288388
-0.61793524
-0.62652785
-0.62435037
-0.6370736
-0.6327576
-0.63378996
-0.6329785
-0.63226813
-0.6298806
-0.64489543
-0.63330954
-0.63740355
-0.623325
-0.6398419
-0.6314087
-0.64454794
-0.6357371
-0.63781196
-0.6518014
-0.64576954
-0.635802
-0.640753
-0.64532804
-0.63440615
-0.64512783
-0.6383753
-0.64252204
-0.64222413
-0.63317955
-0.6453505
-0.64237785
-0.64476264
-0.6377338
-0.6452534
-0.65439665
-0.64044005
-0.64711446
-0.6549625
-0.6555071
-0.64792573
-0.6518104
-0.6489677
-0.6533122
-0.6536096
-0.65431374
-0.6562205
-0.64740735
-0.65209323
-0.6527935
-0.6458717
-0.6630235
-0.66182196
-0.66114455
-0.6555832
-0.6578751
-0.6640465
-0.6560634
-0.6596407
-0.65665585
-0.6646364
-0.6663573
-0.66235733
-0.6632133
-0.6641444
-0.6656709
-0.65174323
-0.6597873
-0.6718847
-0.65905863
-0.6608166
-0.6666913
-0.6646718
-0.6631058
-0.6682338
-0.6672598
-0.66909
-0.66078514
-0.67567563
-0.6678008
-0.6734639
-0.6703028
-0.6768832
-0.6614156
-0.6598492
-0.66912854
-0.67081064
-0.6767436
-0.6730661
-0.679124
-0.6709796
-0.67847747
-0.67873806
-0.6719544
-0.6760195
-0.6826225
-0.67033863
-0.6744474
-0.6748943
-0.6843701
-0.676129
-0.67607176
-0.67835224
-0.6872497
-0.6757702
-0.676056
-0.6724427
-0.68498003
-0.67933387
-0.68367463
-0.6793632
-0.67526615
-0.68798643
-0.6762298
-0.6885128
-0.68147755
-0.6851736
-0.69008327
-0.6903522
-0.6899133
-0.6934504
-0.69346833
-0.6925041
-0.6835252
-0.69289196
-0.68921185
-0.6877502
-0.68240297
-0.68426746
-0.7014141
-0.69701815
-0.6983374
-0.69544417
-0.6873261
-0.6955804
-0.6931056
-0.6935568
-0.7020302
-0.6954229
-0.69448864
-0.6881589
-0.6982291
-0.7007531
-0.70659846
-0.6973756
-0.6978689
-0.7029249
-0.69386923
-0.69898856
-0.7059931
-0.70661247
-0.7026145
-0.69608676
-0.7140857
-0.7057632
-0.7071099
-0.70644945
-0.70316046
-0.7108012
-0.7058519
-0.71208227
-0.70543563
-0.7079865
-0.7064538
-0.7073775
-0.71027464
-0.7072634
-0.7074203
-0.7074495
-0.7087456
-0.7147176
-0.7115904
-0.7081472
-0.71021533
-0.70745414
-0.7194138
-0.72083473
-0.718445
-0.71866053
-0.7190319
-0.7132455
-0.70864147
-0.7194482
-0.7125258
-0.71796817
-0.7212149
-0.7196089
-0.7176564
-0.7201346
-0.71383554
-0.7253527
-0.71459067
-0.7246179
-0.7228439
-0.7230316
-0.7154814
-0.71954274
-0.7189033
-0.7255894
-0.72567606
-0.7181637
-0.7236544
-0.7260002
-0.7180524
-0.72362083
-0.7275089
-0.7229408
-0.7297937
-0.7253475
-0.7257895
-0.7287938
-0.72354215
-0.7317139
-0.7297885
-0.72625035
-0.72057563
-0.7300857
-0.7268998
-0.72767216
-0.73454624
-0.7295891
-0.7308839
-0.7278126
-0.73380256
-0.72812957
-0.7297866
-0.7241002
-0.72882104
-0.7320409
-0.73912096
-0.7239189
-0.73078823
-0.73477095
-0.73756456
-0.7381349
-0.731664
-0.73281235
-0.73859286
-0.73919547
-0.74060255
-0.7385575
-0.7405413
-0.7396911
-0.72933143
-0.74120367
-0.73607075
-0.74314356
-0.7380345
-0.7404189
-0.7422468
-0.7452102
-0.7443428
-0.7377143
-0.7420333
-0.746713
-0.7392328
-0.73912925
-0.7501388
-0.74401635
-0.7445128
-0.7516
-0.7481789
-0.74678266
-0.74005085
-0.7500474
-0.7476602
-0.7487099
-0.74925786
-0.7487523
-0.74346083
-0.7451345
-0.75509083
-0.7489465
-0.747086
-0.75477767
-0.75065917
-0.7503102
-0.75476986
-0.7514408
-0.7506763
-0.75540286
-0.75000906
-0.7528977
-0.7494564
-0.75986356
-0.7508539
-0.7511309
-0.75397986
-0.7530343
-0.7533811
-0.7496001
-0.7562521
-0.75944704
-0.754415
-0.75464284
-0.7549209
-0.75090444
-0.74985373
-0.75216085
-0.75038624
-0.75282526
-0.7538747
-0.75295824
-0.7528251
-0.75430757
-0.7609986
-0.7513936
-0.7471179
-0.7588064
-0.7521778
-0.7511511
-0.75726825
-0.7537348
-0.75877327
-0.7528945
-0.7585458
-0.7592877
-0.74921805
-0.76222295
-0.7586667
-0.7593748
-0.7549249
-0.75903445
-0.75619996
-0.75203884
-0.76153755
-0.7498677
-0.75381845
-0.75104564
-0.75650346
-0.7571747
-0.75058854
-0.75446033
-0.75606614
-0.75842255
-0.75906855
-0.75609475
-0.7501652
-0.75784963
-0.7631792
-0.7587792
-0.7628282
-0.76146245
-0.76008064
-0.76087195
-0.7638541
-0.7604688
-0.76129943
-0.7618246
-0.7516274
-0.75568056
-0.7602225
-0.7626907
-0.7574066
-0.75388837
-0.7619214
-0.755046
-0.76501423
-0.7612424
-0.75853854
-0.75997174
-0.7682281
-0.7659039
-0.7611776
-0.75694716
-0.76338446
-0.7616663
-0.75782955
-0.7677396
-0.77343625
-0.7661805
-0.77053213
-0.7663661
-0.7635977
-0.76845145
-0.76688033
-0.7714242
-0.76716
-0.76554066
-0.7675567
-0.7632702
-0.7720472
-0.7676977
-0.76711184
-0.7702239
-0.77341264
-0.77165085
-0.7661231
-0.7664949
-0.76827985
-0.77210736
-0.7728302
-0.7736547
-0.7714203
-0.77063024
-0.7644689
-0.77252203
-0.76695657
-0.7674508
-0.7733851
-0.7718828
-0.77286345
-0.76750803
-0.76895183
-0.77139205
-0.77969474
-0.77353966
-0.7669145
-0.77517074
-0.76945406
-0.7725659
-0.7694231
-0.7680881
-0.7754209
-0.77202094
-0.7695281
-0.7751354
-0.7760228
-0.76808083
-0.7771883
-0.78110737
-0.77189565
-0.77912325
-0.7774623
-0.77843267
-0.7763466
-0.7733396
-0.78149223
-0.78003037
-0.7701955
-0.7766148
-0.77598065
-0.782181
-0.78065777
-0.78202647
-0.78172165
-0.78499573
-0.78116035
-0.78499144
-0.784122
-0.7795191
-0.77726936
-0.7855464
-0.7840689
-0.776089
-0.7815186
-0.784281
-0.77651983
-0.7786978
-0.7819839
-0.79084545
-0.784099
-0.7838962
-0.78390604
-0.78403646
-0.7864938
-0.78125143
-0.791367
-0.7924481
-0.7920552
-0.787193
-0.7908527
-0.7828142
-0.7944115
-0.7909558
-0.79030895
-0.78373456
-0.7919074
-0.7917876
-0.78498954
-0.78102976
-0.7884725
-0.7868484
-0.7900489
-0.7938381
-0.78688776
-0.784245
-0.776371
-0.78464466
-0.78890955
-0.78871095
-0.7928786
-0.78382814
-0.7850967
-0.78294444
-0.7874121
-0.7872985
-0.7852925
-0.78934115
-0.78661084
-0.785106
-0.7931236
-0.7932719
-0.79013366
-0.7904954
-0.7921652
-0.78892606
-0.79448295
-0.78972596
-0.7881858
-0.7889418
-0.7852977
-0.7866063
-0.7925132
-0.79425305
-0.7919898
-0.78779656
-0.7916367
-0.7910918
-0.79224545
-0.79046005
-0.7880454
-0.79405856
-0.7915228
-0.78622085
-0.79844314
-0.7894567
-0.7943011
-0.79463094
-0.7941599
-0.7911271
-0.79264563
-0.79762125
-0.79632425
-0.79948425
-0.7947452
-0.793185
-0.79293275
-0.7957521
-0.7926403
-0.79586774
-0.7986152
-0.79514146
-0.79448783
-0.79783314
-0.79386437
-0.79332197
-0.7968221
-0.79646325
-0.8007251
-0.7965955
-0.7917836
-0.7939303
-0.7943342
-0.7904137
-0.7982306
-0.7943421
-0.79928505
-0.79285777
-0.7894023
-0.7947903
-0.7963838
-0.7934954
-0.8045232
-0.800183
-0.7991009
-0.79738605
-0.79533994
-0.7929572
-0.7990298
-0.7985572
-0.78914726
-0.7949509
-0.7997567
-0.79940593
-0.80131114
-0.7980274
-0.79766357
-0.8020024
-0.79724735
-0.79595
-0.7905454
-0.79192966
-0.8081728
-0.8014415
-0.79740465
-0.79423314
-0.7928849
-0.7926012
-0.8014155
-0.79042673
-0.7991347
-0.8026008
-0.798177
-0.7990228
-0.8004995
-0.795932
-0.7939251
-0.79930174
-0.7982236
-0.792774
-0.7948073
-0.80485
-0.8023542
-0.79892486
-0.8064251
-0.7984736
-0.8050962
-0.8010079
-0.805541
-0.80300176
-0.8094742
-0.8034489
-0.8044025
-0.8041555
-0.8015012
-0.80590653
-0.7970097
-0.7982291
-0.8065885
-0.79908067
-0.80444396
-0.80261743
-0.8008106
-0.81043077
-0.79719037
-0.8078972
-0.8091023
-0.80228394
-0.80325323
-0.80884176
-0.8057719
-0.8084673
-0.8029127
-0.8021701
-0.8095624
-0.7974517
-0.8058726
-0.7987145
-0.80775267
-0.80777794
-0.7978969
-0.8066429
-0.79834014
-0.7966047
-0.797526
-0.80204105
-0.8021462
-0.80448157
-0.8061763
-0.79807705
-0.8029086
-0.8013437
-0.80472875
-0.8047709
-0.8091569
-0.8046348
-0.8061179
-0.81049705
-0.805342
-0.80687827
-0.8050276
-0.8084851
-0.813088
-0.8053405
-0.80792797
-0.80215645
-0.8023892
-0.8114108
-0.80755776
-0.8123055
-0.80577
-0.8052873
-0.8125478
-0.81432456
-0.8043545
-0.8053094
-0.8186839
-0.80499256
-0.807207
-0.8043542
-0.8150319
-0.80805135
-0.8141468
-0.8077646
-0.8100546
-0.80714583
-0.8126481
-0.8104837
-0.8151878
-0.81361836
-0.80623144
-0.80822957
-0.80960983
-0.8075994
-0.8068136
-0.80977607
-0.81031585
-0.80404747
-0.8140817
-0.8167716
-0.8113177
-0.81512105
-0.81069905
-0.81698066
-0.8113848
-0.80377126
-0.81581473
-0.80956423
-0.81498015
-0.8112752
-0.813706
-0.8124777
-0.8078705
-0.81096387
-0.8150067
-0.81778985
-0.80944556
-0.80898535
-0.8170333
-0.81053555
-0.81189054
-0.809743
-0.80919546
-0.8179957
-0.8104823
-0.8136461
-0.8117641
-0.81345576
-0.80655915
-0.81546026
-0.8174497
-0.8139626
-0.8108932
-0.8053642
-0.81034845
-0.8123593
-0.8132435
-0.8146242
-0.812303
-0.8157844
-0.81451315
-0.81446093
-0.8107585
-0.81815857
-0.81122977
-0.8105411
-0.8172151
-0.81525296
-0.81566566
-0.81457126
-0.80921
-0.8102455
-0.81113714
-0.8190985
-0.8142776
-0.81377697
-0.81520027
-0.809368
-0.8138651
-0.81109136
-0.8165185
-0.81213063
-0.8092131
-0.815473
-0.8164152
-0.81145674
-0.81047636
-0.80946857
-0.81311107
-0.8080428
-0.81592256
-0.81814003
-0.81432277
-0.80880404
-0.8109313
-0.8136708
-0.81317437
-0.808043
-0.8168427
-0.81607825
-0.8209923
-0.81364155
-0.81097174
-0.816186
-0.8188
-0.81491244
-0.8143026
-0.8170226
-0.8117105
-0.82069
-0.81573343
-0.8212285
-0.8171986
-0.8212607
-0.8156704
-0.81254834
-0.81440514
-0.819336
-0.8178297
-0.81187356
-0.81479
-0.820641
-0.80911076
-0.81274486
-0.8168041
-0.8165027
-0.81426036
-0.81563187
-0.81501746
-0.8146979
-0.81544644
-0.8100761
-0.81147254
-0.81946105
-0.8118737
-0.8126098
-0.8154975
-0.8143759
-0.8096982
-0.8134353
-0.8165417
-0.82048506
-0.8213772
-0.8243836
-0.81363815
-0.81789744
-0.8203063
-0.81782466
-0.8129013
-0.8234811
-0.8156271
-0.8156621
-0.81904733
-0.8202889
-0.82266396
-0.8239767
-0.8146835
-0.8151387
-0.81509256
-0.81443155
-0.8102236
-0.81410986
-0.814793
-0.8205045
-0.8216516
-0.8199606
-0.81417465
-0.81802034
-0.8215052
-0.8162796
-0.81533855
-0.8208675
-0.8248743
-0.8181328
-0.8247293
-0.82536083
-0.8213015
-0.8187537
-0.8202974
-0.8143534
-0.82463413
-0.8165124
-0.8154697
-0.8179543
-0.8155962
-0.82201654
-0.8177358
-0.81850755
-0.81978947
-0.81879354
-0.81498134
-0.8200064
-0.8161063
-0.82298154
-0.82237315
-0.8128018
-0.82049847
-0.8149282
-0.8252361
-0.8167507
-0.81592846
-0.81962264
-0.8184967
-0.82210314
-0.8267192
-0.8199935
-0.8185726
-0.81705767
-0.8257762
-0.8199195
-0.8173545
-0.8177874
-0.8216422
-0.81943876
-0.8254837
-0.824374
-0.822607
-0.82386476
-0.82167995
-0.8191098
-0.81865025
-0.8141817
-0.81940776
-0.8188278
-0.8177228
-0.81662434
-0.8200083
-0.8193523
-0.8222709
-0.82142276
-0.8188997
-0.82037485
-0.8195455
-0.8223202
-0.82420313
-0.82130104
-0.8255502
-0.8218216
-0.8250437
-0.82125837
-0.8166193
-0.8267113
-0.8169067
-0.82295114
-0.8224564
-0.82491666
-0.820594
-0.823895
-0.8227064
-0.81669503
-0.8226572
-0.821133
-0.82193303
-0.8248672
-0.819002
-0.8188284
-0.81718653
-0.8239795
-0.8234742
-0.82380754
-0.824315
-0.82513326
-0.8221304
-0.8222031
-0.82671237
-0.8236127
-0.8297631
-0.8210253
-0.8202181
-0.82783526
-0.8191391
-0.8202019
-0.81815
-0.82271177
-0.82123035
-0.8224896
-0.82469577
-0.8175999
-0.81860304
-0.8262657
-0.8244046
-0.81943107
-0.8209368
-0.83160377
-0.8177822
-0.8160923
-0.8215733
-0.82292545
-0.8229162
-0.81872797
-0.8193428
-0.82647043
-0.82693243
-0.8204972
-0.81930536
-0.8250496
-0.81780094
-0.8275975
-0.820561
-0.82466656
-0.8209909
-0.82094586
-0.8280229
-0.83139753
-0.82624155
-0.8275097
-0.82413924
-0.8184511
-0.8278734
-0.8262079
-0.81609845
-0.8268546
-0.81876826
-0.82384485
-0.8267824
-0.8199717
-0.82341594
-0.8260295
-0.82071954
-0.82207286
-0.83071595
-0.8223998
-0.82287157
-0.8189126
-0.8237067
-0.8171607
-0.82013845
-0.8261564
-0.8275388
-0.8223437
-0.81756455
-0.81880045
-0.81932443
-0.8212957
-0.8217924
-0.8232938
-0.8176051
-0.828325
-0.8214666
-0.8181686
-0.8195218
-0.8199859
-0.8232118
-0.8217204
-0.82390046
-0.8172944
-0.8242547
-0.8205148
-0.8198904
-0.8247117
-0.82696587
-0.8190389
-0.8359301
-0.82520485
-0.82848966
-0.8169532
-0.8211377
-0.82736546
-0.82224643
-0.82270586
-0.82671857
-0.8312691
-0.8322914
-0.82652605
-0.82638663
-0.8240299
-0.8219424
-0.82625115
-0.8288343
-0.8209857
-0.8216426
-0.8267627
-0.8253733
-0.8172864
-0.8255919
-0.82756436
-0.8232746
-0.82499033
-0.82508403
-0.82665527
-0.8280665
-0.82864267
-0.8286762
-0.8224638
-0.8263744
-0.829146
-0.8356206
-0.8288111
-0.8278151
-0.82519686
-0.83016604
-0.82604617
-0.82100403
-0.8273491
-0.8280183
-0.82848775
-0.8224651
-0.82751894
-0.82264555
-0.83128715
-0.8249734
-0.82652056
-0.82593465
-0.82639664
-0.8280709
-0.8245994
-0.82832813
-0.83031625
-0.82905674
-0.8247423
-0.8336758
-0.8288314
-0.8246155
-0.834146
-0.82897615
-0.82868356
-0.82982206
-0.8248109
-0.82778054
-0.82453644
-0.82432777
-0.82530344
-0.82995373
-0.82976985
-0.83088446
-0.8357258
-0.82847065
-0.82449627
-0.8302363
-0.8364249
-0.82595676
-0.8286593
-0.8241189
-0.8236824
-0.8262925
-0.8264743
-0.8311992
-0.82737774
-0.8276737
-0.82640815
-0.83416057
-0.8386174
-0.83374655
-0.83000934
-0.8275127
-0.82491946
-0.8268974
-0.83540165
-0.8328297
-0.8332332
-0.8290462
-0.82787925
-0.82707757
-0.83362603
-0.83011734
-0.8362293
-0.8278073
-0.833408
-0.8337375
-0.8309214
-0.8301351
-0.8266597
-0.828973
-0.82852
-0.83125496
-0.8347655
-0.8293269
-0.8274008
-0.8366747
-0.82014716
-0.8367093
-0.833677
-0.83255666
-0.8280078
-0.83226085
-0.8287922
-0.83183044
-0.83242905
-0.8355019
-0.8307518
-0.8359661
-0.82464236
-0.8334571
-0.8277447
-0.83132577
-0.8331582
-0.8312441
-0.8308633
-0.83427465
-0.8332076
-0.8307866
-0.83139706
-0.83265907
-0.8356375
-0.8282411
-0.8366429
-0.82929355
-0.8272807
-0.8316187
-0.8317948
-0.83702534
-0.8284264
-0.8277456
-0.8330164
-0.8387075
-0.8314996
-0.8269673
-0.8318506
-0.83685845
-0.8299364
-0.8261913
-0.83243066
-0.8358643
-0.83363086
-0.8353969
-0.8317879
-0.83484006
-0.8295364
-0.8293094
-0.8284348
-0.8266748
-0.8291142
-0.8240385
-0.8277674
-0.83550245
-0.8302699
-0.833705
-0.83771867
-0.8353319
-0.8314247
-0.8310467
-0.8363545
-0.82631123
-0.8358257
-0.8334923
-0.8363677
-0.82492906
-0.82642084
-0.83039796
-0.8292265
-0.82978404
-0.8307958
-0.82882327
-0.82764775
-0.83291286
-0.82597494
-0.8291189
-0.8292222
-0.8316103
-0.82716423
-0.826581
-0.8273499
-0.8235751
-0.8271937
-0.8285036
-0.8289993
-0.8304984
-0.8337936
-0.83386743
-0.8303937
-0.83635527
-0.83312774
-0.82932234
-0.8356547
-0.8368565
-0.83347905
-0.8339887
-0.8338552
-0.82524395
-0.8320971
-0.830727
-0.8277184
-0.8302137
-0.83276254
-0.8348411
-0.83270437
-0.8273296
-0.83193034
-0.8327583
-0.8297701
-0.83432776
-0.8316726
-0.83574814
-0.8331593
-0.8315228
-0.82812923
-0.83416456
-0.8324029
-0.8261687
-0.82919884
-0.82536787
-0.8218783
-0.8297187
-0.83039844
-0.8343109
-0.8340892
-0.8350782
-0.83214825
-0.83414304
-0.8333193
-0.8389245
-0.8318095
-0.8325845
-0.83482426
-0.83144355
-0.829542
-0.8415919
-0.83227587
-0.8264723
-0.8386773
-0.8345248
-0.83361316
-0.8287028
-0.83943945
-0.83631146
-0.83396095
-0.83017415
-0.8318246
-0.8377036
-0.83807766
-0.8427531
-0.8336279
-0.83406043
-0.83148116
-0.83214784
-0.83784634
-0.8292125
-0.8379713
-0.83721125
-0.83515835
-0.8402968
-0.8316733
-0.8343711
-0.83064914
-0.83365476
-0.8316057
-0.8252764
-0.83068126
-0.8302106
-0.831039
-0.835344
-0.83624065
-0.8281949
-0.8203184
-0.8310644
-0.8305319
-0.8367034
-0.8330697
-0.83146495
-0.83086836
-0.83715904
-0.8326308
-0.8364152
-0.8297619
-0.8350963
-0.8320349
-0.8333582
-0.8360775
-0.829682
-0.83611846
-0.82890725
-0.8331836
-0.8355483
-0.8299585
-0.833408
-0.8288123
-0.83656377
-0.83959085
-0.83390963
-0.8357608
-0.83787626
-0.8316499
-0.8306925
-0.8406494
-0.8294369
-0.8342365
-0.835072
-0.83385414
-0.8348915
-0.82773036
-0.83489805
-0.82719326
-0.83638376
-0.8312829
-0.8325686
-0.83788097
-0.840523
-0.8402884
-0.8305597
-0.8292423
-0.83559847
-0.83268654
-0.83252
-0.8371276
-0.8371183
-0.83992064
-0.83803254
-0.8344712
-0.83960074
-0.83631223
-0.8359032
-0.83757335
-0.8355955
-0.8406155
-0.8345313
-0.83354574
-0.8298605
-0.83398134
-0.82989913
-0.8363857
-0.8297945
-0.83150554
-0.8342773
-0.84312457
-0.83925515
-0.84203196
-0.8384754
-0.83773047
-0.83523273
-0.8336747
-0.8377196
-0.8375198
-0.83231974
-0.83934295
-0.83506125
-0.83685094
-0.8333104
-0.8289514
-0.83079183
-0.82654583
-0.8326336
-0.8314835
-0.8323291
-0.8337454
-0.8284549
-0.8395416
-0.83678937
-0.8340539
-0.82780147
-0.83256763
-0.83819807
-0.833251
-0.83437294
-0.84043604
-0.83060414
-0.84035885
-0.834692
-0.83134013
-0.8324817
-0.83944845
-0.8361416
-0.83168113
-0.83784693
-0.8386739
-0.8321151
-0.832255
-0.8343512
-0.8366646
-0.82717323
-0.83094925
-0.8328034
-0.83871406
-0.833854
-0.84070325
-0.83029413
-0.8334435
-0.83861065
-0.8359753
-0.8332605
-0.828869
-0.833604
-0.8322229
-0.8403572
-0.8347841
-0.835091
-0.839809
-0.8253948
-0.8311622
-0.84426415
-0.8312284
-0.8404131
-0.8391106
-0.83454037
-0.8304613
-0.8349961
-0.83184826
-0.8356872
-0.8402193
-0.83753425
-0.83496386
-0.83899647
-0.8383403
-0.8384069
-0.84009105
-0.837678
-0.8360826
-0.84062046
-0.83445036
-0.8353656
-0.83778846
-0.840077
-0.8426851
-0.84285635
-0.83800066
-0.8382126
-0.8382167
-0.8380011
-0.83755904
-0.8343686
-0.83813083
-0.8373326
-0.8348457
-0.83951455
-0.8392152
-0.82951844
-0.8397027
-0.83169144
-0.8396454
-0.83486146
-0.8363545
-0.84421265
-0.8417287
-0.841671
-0.83679324
-0.84068453
-0.8342246
-0.8320896
-0.839967
-0.8339704
-0.83735
-0.83703035
-0.8335407
-0.84296334
-0.84123313
-0.84184
-0.8420133
-0.83453095
-0.8309478
-0.8385356
-0.8336651
-0.8385471
-0.83653283
-0.8347771
-0.83997506
-0.83711934
-0.84106696
-0.8433288
-0.83682346
-0.8379649
-0.84034336
-0.83081996
-0.8425497
-0.8379053
-0.8280902
-0.837376
-0.8375337
-0.83336335
-0.8399365
-0.8386625
-0.83631253
-0.8367038
-0.8409013
-0.83857805
-0.83575666
-0.8402949
-0.8373703
-0.83251417
-0.8369225
-0.83665013
-0.84000015
-0.8428737
-0.8361839
-0.8409825
-0.83354396
-0.8428748
-0.8323972
-0.84240484
-0.8416937
-0.84057707
-0.84033525
-0.83963484
-0.837356
-0.8388312
-0.83728915
-0.8299468
-0.83681095
-0.8427944
-0.8378792
-0.8406181
-0.833438
-0.8413741
-0.8464169
-0.8380613
-0.8415853
-0.83938617
-0.8357826
-0.8319156
-0.8399675
-0.8377068
-0.8397554
-0.83595884
-0.8403659
-0.8433806
-0.8383311
-0.833576
-0.83713615
-0.83823365
-0.839032
-0.8378761
-0.8369977
-0.8399763
-0.8379949
-0.8370131
-0.8304562
-0.83291614
-0.83147115
-0.8416659
-0.8361167
-0.84145445
-0.838605
-0.83752275
-0.84426904
-0.84141755
-0.8372529
-0.8321487
-0.84393793
-0.8438895
-0.83981717
-0.8377401
-0.84115386
-0.83344716
-0.8371344
-0.8390478
-0.83408374
-0.8437274
-0.8408522
-0.8347743
-0.84283286
-0.84002554
-0.8373842
-0.83677006
-0.8385977
-0.8324315
-0.8384772
-0.84157234
-0.8398618
-0.8337271
-0.83314574
-0.8428818
-0.83842963
-0.8344777
-0.8360592
-0.840674
-0.8413134
-0.840634
-0.83790606
-0.83368456
-0.8281479
-0.8343424
-0.8335696
-0.8343309
-0.8367665
-0.8381385
-0.83627087
-0.83588874
-0.8366408
-0.84093195
-0.8322495
-0.83787864
-0.83900666
-0.838574
-0.84181386
-0.84341073
-0.8355454
-0.83799434
-0.8396976
-0.8404529
-0.8345593
-0.84137076
-0.84112966
-0.8440465
-0.84205556
-0.8447893
-0.84823865
-0.8387657
-0.8376115
-0.83839107
-0.84598404
-0.8405731
-0.84651643
-0.8355782
-0.8382849
-0.8405246
-0.8342071
-0.8337185
-0.8418788
-0.8400531
-0.8389181
-0.8381693
-0.8389848
-0.83828104
-0.84020835
-0.8389567
-0.8342874
-0.84061766
-0.8370364
-0.8462813
-0.84005743
-0.8450981
-0.8431051
-0.8424277
-0.8416377
-0.8443342
-0.84280384
-0.83751297
-0.8350678
-0.83589256
-0.8425585
-0.8402688
-0.84388727
-0.8392171
-0.8371388
-0.837655
-0.84175056
-0.8383106
-0.83720636
-0.8474508
-0.83462465
-0.8430592
-0.83950317
-0.84215623
-0.84397995
-0.8431738
-0.84422886
-0.83432823
-0.83710533
-0.8413922
-0.8344692
-0.83993167
-0.83545464
-0.8356936
-0.833893
-0.83326674
-0.8330443
-0.8430147
-0.83926445
-0.84052116
-0.84698755
-0.8410221
-0.83749735
-0.83870465
-0.84220177
-0.84451145
-0.8408485
-0.84568316
-0.8393655
-0.8435831
-0.83466256
-0.83832234
-0.84051347
-0.83382136
-0.8382229
-0.8389984
-0.8314866
-0.83958876
-0.8468087
-0.8402282
-0.84785986
-0.8394634
-0.8352713
-0.8429028
-0.84073603
-0.8347574
-0.8420926
-0.83815914
-0.8411889
-0.8371317
-0.8483689
-0.8452061
-0.8336474
-0.83555955
-0.8420454
-0.84165967
-0.8407795
-0.8429959
-0.84296894
-0.84597677
-0.835322
-0.84557974
-0.8416106
-0.8396827
-0.840888
-0.84521973
-0.83731556
-0.8426844
-0.8365362
-0.8382146
-0.8437039
-0.84497887
-0.83654535
-0.84580183
-0.83790606
-0.8348903
-0.8375678
-0.8408548
-0.8333273
-0.8443985
-0.8431886
-0.8430479
-0.8451843
-0.8457612
-0.8359773
-0.83938414
-0.83861154
-0.839931
-0.84388083
-0.84917516
-0.8415332
-0.8470695
-0.8410183
-0.84065366
-0.84129745
-0.834629
-0.84097904
-0.84523875
-0.84482414
-0.843326
-0.8434863
-0.8400798
-0.8374659
-0.8433371
-0.83907336
-0.83583915
-0.8434353
-0.8392197
-0.8397332
-0.8444082
-0.8421843
-0.840942
-0.83988094
-0.84483176
-0.84394306
-0.8410102
-0.8387783
-0.8380619
-0.84078145
-0.8401303
-0.8368681
-0.8469177
-0.8407072
-0.83574086
-0.8391873
-0.8400302
-0.8399398
-0.8410939
-0.8375682
-0.83763814
-0.83483994
-0.8368074
-0.84489083
-0.8426016
-0.83494216
-0.8379768
-0.83635
-0.84353375
-0.8451867
-0.8430145
-0.84668297
-0.8376643
-0.837068
-0.83664006
-0.839331
-0.84131527
-0.84274226
-0.8395852
-0.83374006
-0.83645725
-0.83549637
-0.8378897
-0.84419775
-0.84347826
-0.8419071
-0.84087324
-0.84256065
-0.8448796
-0.83787453
-0.8401593
-0.8347931
-0.8383184
-0.8417394
-0.83927345
-0.8411146
-0.838552
-0.8423611
-0.837531
-0.837483
-0.83681804
-0.83638996
-0.83348334
-0.83926725
-0.8356273
-0.83795905
-0.8423958
-0.841166
-0.8422722
-0.83648777
-0.8404655
-0.840668
-0.83893573
-0.83877635
-0.84190077
-0.8400492
-0.8399469
-0.8371992
-0.8355154
-0.83740306
-0.8413859
-0.83967173
-0.8390254
-0.8338243
-0.8381602
-0.84166235
-0.8372573
-0.8358919
-0.839979
-0.843405
-0.8385577
-0.8404284
-0.838657
-0.83918786
-0.8421893
-0.8447848
-0.8362116
-0.84238344
-0.8397393
-0.8393691
-0.8447745
-0.84128934
-0.8400037
-0.832018
-0.84132224
-0.8415838
-0.83708847
-0.8409153
-0.8419013
-0.83707696
-0.83588916
-0.8348539
-0.8381124
-0.84616315
-0.84391683
-0.838101
-0.84370506
-0.84404576
-0.8323074
-0.8380743
-0.83958584
-0.83780444
-0.8414576
-0.8462547
-0.83252674
-0.83842635
-0.84116924
-0.8388866
-0.8403519
-0.8386735
-0.83862925
-0.8468333
-0.8394042
-0.8367666
-0.8423565
-0.84315026
-0.84142685
-0.84096646
-0.8387905
-0.83277434
-0.83422816
-0.83144855
-0.8477857
-0.84155935
-0.8434829
-0.8426699
-0.8397547
-0.84480083
-0.8405418
-0.84360945
-0.8421293
-0.8445812
-0.84256184
-0.84086984
-0.84476197
-0.8422858
-0.8392302
-0.8385722
-0.8389819
-0.8384974
-0.8406365
-0.84675753
-0.849667
-0.8393822
-0.844291
-0.84178615
-0.84059024
-0.8433463
-0.8433728
-0.8452373
-0.8375378
-0.837007
-0.84252685
-0.83910555
-0.8340632
-0.84442884
-0.840202
-0.83848596
-0.83324444
-0.8395986
-0.8402891
-0.8388621
-0.8439016
-0.8458641
-0.83840877
-0.8384476
-0.83944154
-0.8448066
-0.8495861
-0.83706635
-0.8406286
-0.8417797
-0.8450029
-0.8457425
-0.8428396
-0.838179
-0.846258
-0.8410893
-0.84165716
-0.83819544
-0.8454646
-0.8445788
-0.83457243
-0.8409622
-0.84350103
-0.84083456
-0.84643394
-0.8462208
-0.8369175
-0.8418015
-0.84541386
-0.8416574
-0.85136354
-0.84667027
-0.8342181
-0.84160656
-0.83791
-0.84890014
-0.8446583
-0.8408259
-0.83838344
-0.8394359
-0.8475305
-0.84386486
-0.8455587
-0.8477521
-0.8478727
-0.8406011
-0.8429464
-0.84378046
-0.8439037
-0.8376215
-0.84231174
-0.8400132
-0.8395707
-0.8432031
-0.8360543
-0.8417292
-0.832789
-0.8409212
-0.8423774
-0.8411408
-0.8456611
-0.84556305
-0.84039193
-0.84370536
-0.8460253
-0.8448923
-0.8354173
-0.8453867
-0.8494302
-0.84143096
-0.84426135
-0.8434404
-0.8416747
-0.8386676
-0.84209436
-0.8379307
-0.8464512
-0.83941627
-0.84183156
-0.84432214
-0.84095895
-0.8396797
-0.8411504
-0.8392974
-0.83980876
-0.83928424
-0.84090155
-0.844706
-0.8402321
-0.8445322
-0.8386019
-0.8367843
-0.84491646
-0.8412774
-0.8339645
-0.84328467
-0.84077364
-0.839828
-0.84284735
-0.84666985
-0.836336
-0.845271
-0.84296316
-0.8420432
-0.84043837
-0.83699054
-0.84587234
-0.8483856
-0.8445249
-0.83837897
-0.8412058
-0.8442174
-0.8386025
-0.8463331
-0.8346875
-0.8449455
-0.8393092
-0.84342754
-0.83606666
-0.83998275
-0.8428725
-0.8410433
-0.8436691
-0.8444701
-0.8397694
-0.8500614
-0.8361861
-0.8409858
-0.8419517
-0.8318657
-0.8439759
-0.8454545
-0.8410299
-0.84057635
-0.8453095
-0.8381246
-0.84313595
-0.84555
-0.83949614
-0.84727913
-0.83659846
-0.83700114
-0.83904546
-0.8385315
-0.8358072
-0.8378291
-0.843252
-0.83939344
-0.83540475
-0.8383459
-0.8438537
-0.83840644
-0.8344486
-0.840215
-0.8418158
-0.8366758
-0.8417249
-0.845066
-0.8452586
-0.8396316
-0.84178835
-0.849442
-0.8384026
-0.847283
-0.8388156
-0.8438261
-0.8429382
-0.84009224
-0.84507495
-0.8460171
-0.8382414
-0.84302753
-0.840335
-0.84376526
-0.84258497
-0.8470547
-0.8430465
-0.8483864
-0.8425228
-0.83727145
-0.84511834
-0.84352064
-0.84026754
-0.84302074
-0.84092724
-0.8449732
-0.8383367
-0.8416323
-0.8416073
-0.84511894
-0.84263253
-0.8496624
-0.84394306
-0.84426254
-0.8445922
-0.8432789
-0.84165627
-0.83856267
-0.8414442
-0.84251595
-0.8467411
-0.8419804
-0.8402639
-0.8437712
-0.84155655
-0.8436163
-0.848125
-0.84069926
-0.8393028
-0.8453816
-0.8455664
-0.84134954
-0.8385207
-0.84452826
-0.84524685
-0.839295
-0.8463723
-0.84613186
-0.8422197
-0.84360105
-0.8431573
-0.8414019
-0.84622633
-0.8482285
-0.84106636
-0.84057266
-0.8438005
-0.8420475
-0.8469798
-0.83480716
-0.84546196
-0.84766227
-0.83466303
-0.8466465
-0.84591883
-0.8420668
-0.84944487
-0.84416765
-0.8456231
-0.8437564
-0.847198
-0.84423494
-0.84534764
-0.8417411
-0.8428795
-0.8360453
-0.8439472
-0.8374239
-0.84419835
-0.83873606
-0.84242976
-0.84295034
-0.84500754
-0.84027714
-0.84794575
-0.8490071
-0.843905
-0.8548366
-0.8492122
-0.8448766
-0.84348553
-0.8372528
-0.84457165
-0.8446318
-0.8420807
-0.841198
-0.8404133
-0.840811
-0.84242123
-0.84488595
-0.8401888
-0.8447061
-0.845593
-0.8413274
-0.8401118
-0.843293
-0.84526366
-0.84873664
-0.8415027
-0.8416022
-0.8447937
-0.8406901
-0.8425629
-0.8435122
-0.8453024
-0.8427222
-0.84605724
-0.8455038
-0.84381175
-0.85324794
-0.8459893
-0.84913707
-0.84557325
-0.84425575
-0.84351164
-0.83973384
-0.8467343
-0.84138656
-0.83758813
-0.8465219
-0.8414517
-0.84542364
-0.83555824
-0.841754
-0.8422231
-0.8422987
-0.8478924
-0.8421258
-0.8428797
-0.8494034
-0.8492869
-0.84208345
-0.8396245
-0.8435
-0.8441455
-0.8484571
-0.8394969
-0.8424684
-0.8449777
-0.83880144
-0.8387554
-0.83590895
-0.8358365
-0.8461465
-0.84373766
-0.844242
-0.83655405
-0.8392652
-0.8446092
-0.8442028
-0.8380243
-0.84779114
-0.8438295
-0.8416904
-0.8430748
-0.84288293
-0.8430681
-0.8367436
-0.8352348
-0.8399507
-0.83892304
-0.8417412
-0.8434441
-0.83748406
-0.84082013
-0.838458
-0.84189993
-0.84121263
-0.8501155
-0.8462836
-0.8432926
-0.8483609
-0.8400525
-0.8416456
-0.84099567
-0.8447124
-0.84773755
-0.8356928
-0.845869
-0.8412956
-0.83923763
-0.84556186
-0.84093106
-0.84136295
-0.8419363
-0.8487308
-0.84218603
-0.8412236
-0.8425502
-0.8443114
-0.8432944
-0.8451876
-0.84251654
-0.8397541
-0.84564847
-0.84622157
-0.8403057
-0.8421703
-0.8421643
-0.8480661
-0.83922166
-0.8446483
-0.84071624
-0.8441708
-0.8494281
-0.84582734
-0.84995073
-0.84723526
-0.8459786
-0.8430041
-0.8427012
-0.8420875
-0.8478484
-0.8424866
-0.84348583
-0.8437874
-0.84916246
-0.8420462
-0.8448023
-0.84409076
-0.8397515
-0.84094304
-0.84747505
-0.85010725
-0.8423091
-0.8483883
-0.8374964
-0.8360934
-0.8473905
-0.8489923
-0.8443636
-0.849746
-0.8418764
-0.83499455
-0.8444487
-0.84371716
-0.84674424
-0.84499764
-0.83697397
-0.8380304
-0.84446955
-0.8379637
-0.840195
-0.8402271
-0.83708864
-0.8411066
-0.8445512
-0.84130615
-0.84592825
-0.8477176
-0.8410283
-0.83375305
-0.8464495
-0.83655995
-0.84751636
-0.84596854
-0.8396509
-0.84491
-0.84021616
-0.8444494
-0.8426719
-0.84974355
-0.84817696
-0.83644044
-0.84764844
-0.84267175
-0.8504274
-0.84320074
-0.8439946
-0.8406072
-0.8432413
-0.8416232
-0.8418506
-0.85013884
-0.83975935
-0.8458607
-0.8484701
-0.84433323
-0.8489919
-0.8463488
-0.8445669
-0.8397631
-0.8450546
-0.84467745
-0.8421721
-0.84085035
-0.8494105
-0.85178936
-0.8463314
-0.8457982
-0.85220516
-0.83850247
-0.8442999
-0.8422551
-0.8472696
-0.83934885
-0.84336627
-0.84293765
-0.84655416
-0.8454882
-0.84344345
-0.83794075
-0.8450192
-0.8401464
-0.84489584
-0.8437627
-0.844316
-0.84349597
-0.8420846
-0.8428925
-0.8430913
-0.8413356
-0.85292643
-0.84510016
-0.84249693
-0.83968425
-0.84766877
-0.8457806
-0.843519
-0.8421005
-0.8448791
-0.8443296
-0.84432536
-0.8447969
-0.8446215
-0.8435297
-0.8474191
-0.8458978
-0.8470278
-0.8415407
-0.8408223
-0.8420316
-0.84584737
-0.84849876
-0.8481815
-0.84235054
-0.8528849
-0.84264827
-0.8425314
-0.84651417
-0.844701
-0.84822226
-0.848859
-0.8400793
-0.84316504
-0.84416586
-0.841574
-0.8480875
-0.84508437
-0.8479464
-0.8372448
-0.8409779
-0.84497833
-0.84291446
-0.8450382
-0.845958
-0.8455073
-0.8460681
-0.849481
-0.8426247
-0.8421992
-0.84532064
-0.8381514
-0.84547895
-0.8438665
-0.84359455
-0.8526421
-0.8428358
-0.8353687
-0.84169596
-0.8440498
-0.84706014
-0.8460044
-0.8419547
-0.84517276
-0.8432292
-0.8467424
-0.8415471
-0.8480683
-0.846288
-0.8463784
-0.8491466
-0.84338194
-0.8495958
-0.8516247
-0.84998757
-0.8471895
-0.8443845
-0.84138733
-0.8424556
-0.8441071
-0.84728956
-0.8433083
-0.8464601
-0.8472976
-0.8465976
-0.8424556
-0.84691024
-0.8409763
-0.84405524
-0.8471095
-0.846559
-0.842798
-0.8462557
-0.83930254
-0.8435368
-0.84667355
-0.84460354
-0.8428721
-0.8459044
-0.8417442
-0.8443774
-0.84844476
-0.8412945
-0.84262
-0.8421866
-0.85143673
-0.84434927
-0.840674
-0.84480613
-0.8411667
-0.8422158
-0.84360343
-0.84058243
-0.8515187
-0.8478576
-0.84213775
-0.843341
-0.842499
-0.8432085
-0.8480394
-0.8467513
-0.8423636
-0.84125954
-0.8433417
-0.84520006
-0.8454805
-0.8422089
-0.8419088
-0.8491654
-0.84750354
-0.8424598
-0.845731
-0.84624964
-0.8494106
-0.84601176
-0.84090996
-0.84125084
-0.8493191
-0.8415042
-0.84069055
-0.8398789
-0.84214973
-0.8392738
-0.84619397
-0.83981544
-0.83634305
-0.8386989
-0.83748716
-0.8420584
-0.8408876
-0.8408486
-0.83952785
-0.8420358
-0.8440637
-0.8425352
-0.85045683
-0.8507254
-0.8431587
-0.8393183
-0.84895164
-0.84149224
-0.83470136
-0.8500716
-0.8470659
-0.84143746
-0.84108853
-0.8440212
-0.8459221
-0.8424581
-0.8409954
-0.8441223
-0.84242266
-0.8436977
-0.84607834
-0.8459138
-0.8434007
-0.8482451
-0.8451174
-0.8464568
-0.8404016
-0.84980494
-0.846247
-0.8390389
-0.84674764
-0.8477729
-0.8417138
-0.84808004
-0.8456863
-0.84033406
-0.8442707
-0.8416378
-0.8426323
-0.85030365
-0.83962667
-0.842213
-0.8395568
-0.8432914
-0.83782023
-0.838554
-0.84284633
-0.846062
-0.8410966
-0.8449203
-0.8405017
-0.84525263
-0.845862
-0.8480314
-0.8498655
-0.84404004
-0.851138
-0.83816075
-0.8487693
-0.84469914
-0.843784
-0.8391301
-0.84410655
-0.8508748
-0.83836
-0.84831744
-0.8442685
-0.8458041
-0.8474567
-0.8455729
-0.8435122
-0.84396
-0.8433525
-0.84090537
-0.8431365
-0.8430345
-0.84303796
-0.8448331
-0.838356
-0.84263897
-0.8525903
-0.84545046
-0.84420085
-0.8406556
-0.8475365
-0.84308964
-0.8371463
-0.8426753
-0.8448217
-0.83978415
-0.8417801
-0.8429672
-0.84276253
-0.84385955
-0.84642994
-0.8483385
-0.84576863
-0.84326714
-0.8448645
-0.84433085
-0.85260344
-0.8421141
-0.8399093
-0.8399703
-0.8477701
-0.84880877
-0.848499
-0.8475297
-0.8485722
-0.8446615
-0.8426188
-0.8508126
-0.8401342
-0.8461434
-0.8483223
-0.84606415
-0.844313
-0.8431672
-0.84489524
-0.8439735
-0.8372475
-0.8463541
-0.8484246
-0.85269916
-0.84538746
-0.8427395
-0.84295255
-0.84873366
-0.8424446
-0.8501867
-0.8461781
-0.8475787
-0.84660476
-0.84795463
-0.8429643
-0.8446747
-0.84456503
-0.84376293
-0.8461219
-0.8465636
-0.8449154
-0.8466369
-0.8443983
-0.8487692
-0.84065884
-0.8403662
-0.84726286
-0.8441832
-0.846582
-0.8443363
-0.8491033
-0.8382763
-0.84602547
-0.84718966
-0.8445106
-0.8439757
-0.845192
-0.8543401
-0.84312767
-0.8488813
-0.83744025
-0.84776336
-0.84627104
-0.84923655
-0.8386417
-0.84298056
-0.8440892
-0.8470537
-0.8369953
-0.8456216
-0.83980757
-0.8448564
-0.8454061
-0.84370077
-0.8470557
-0.84626406
-0.8471508
-0.8473547
-0.8407336
-0.84762764
-0.8438247
-0.84073937
-0.84900105
-0.8457941
-0.8478372
-0.8484765
-0.83793384
-0.8460516
-0.84372157
-0.83336735
-0.84026474
-0.84076494
-0.8442366
-0.8409394
-0.84606594
-0.84811956
-0.8390404
-0.846831
-0.84013206
-0.84530526
-0.8440447
-0.8444436
-0.84610516
-0.8445697
-0.84639084
-0.84249014
-0.8436196
-0.839096
-0.8420356
-0.8471928
-0.8451081
-0.8401041
-0.84631294
-0.85156584
-0.8435821
-0.8431012
-0.8453573
-0.84087753
-0.8457948
-0.84320766
-0.84192693
-0.84011245
-0.8328336
-0.8504532
-0.84238046
-0.842285
-0.8398161
-0.84808594
-0.8511315
-0.8470665
-0.8455542
-0.84491575
-0.84595174
-0.84411496
-0.85044026
-0.8448279
-0.8478775
-0.83525354
-0.84211713
-0.8423456
-0.83556074
-0.846061
-0.84527475
-0.8425956
-0.8487278
-0.8515719
-0.8456843
-0.84257
-0.84694326
-0.8519318
-0.842761
-0.8483612
-0.84685767
-0.8504131
-0.844645
-0.84654164
-0.8434609
-0.84043384
-0.84382087
-0.84578395
-0.8422874
-0.84711796
-0.8347579
-0.84020245
-0.8391386
-0.84836984
-0.840501
-0.8355101
-0.83983666
-0.8455712
-0.84645915
-0.843776
-0.8409834
-0.83999664
-0.8438197
-0.8430113
-0.8468416
-0.8413921
-0.84446955
-0.84463763
-0.8464983
-0.8460433
-0.8448558
-0.8495275
-0.8503824
-0.8408887
-0.8452113
-0.8449386
-0.8430991
-0.8478214
-0.8455206
-0.8382585
-0.83931357
-0.8375026
-0.8422437
-0.84395164
-0.8493238
-0.8427995
-0.84563
-0.8455632
-0.846859
-0.84709054
-0.8415841
-0.8449799
-0.8475917
-0.8428776
-0.8453972
-0.8398741
-0.84508187
-0.84312457
-0.8438075
-0.8405267
-0.8399125
-0.84452397
-0.8511408
-0.8517108
-0.84428537
-0.8543543
-0.84862214
-0.8375066
-0.84834677
-0.8404111
-0.8461701
-0.8424412
-0.8431991
-0.84547025
-0.8412064
-0.8427769
-0.8547714
-0.845967
-0.8503955
-0.84283036
-0.84164244
-0.8497281
-0.83748585
-0.83711004
-0.8470066
-0.8412781
