-0.6494333
-0.7071735
-0.7400138
-0.7725377
-0.7995761
-0.8225116
-0.826597
-0.8433607
-0.83987063
-0.8553881
-0.8599858
-0.87779784
-0.87687975
-0.87305236
-0.8627332
-0.8783322
-0.8930113
-0.8866497
-0.88200015
-0.8803584
-0.8791241
-0.88386166
-0.8833741
-0.8836503
-0.8855075
-0.8892444
-0.8896832
-0.88158566
-0.8819047
-0.88627404
-0.896758
-0.89107215
-0.88793445
-0.8927779
-0.8967013
-0.89730394
-0.90668726
-0.89856493
-0.9009279
-0.9009257
-0.9044633
-0.9085414
-0.9113613
-0.91055775
-0.9095458
-0.9103661
-0.9106434
-0.8999423
-0.8971382
-0.90837157
-0.9130476
-0.91552854
-0.9093694
-0.91830176
-0.91503006
-0.9148454
-0.91659856
-0.9180706
-0.90796363
-0.90392745
-0.91248435
-0.9180955
-0.9208318
-0.9179512
-0.91876787
-0.92157793
-0.9188087
-0.9189143
-0.914911
-0.9201975
-0.9203885
-0.914396
-0.91747016
-0.9268374
-0.9199806
-0.9167677
-0.9199583
-0.9122072
-0.91369677
-0.92486966
-0.9190513
-0.91821057
-0.9260003
-0.91620517
-0.91899765
-0.9203408
-0.91784817
-0.919812
-0.92486423
-0.922086
-0.91892266
-0.9234722
-0.9218439
-0.91352135
-0.9275735
-0.924867
-0.9235829
-0.9270686
-0.9246081
-0.9276975
-0.9278125
-0.92783445
-0.9256913
-0.9273671
-0.92890036
-0.92483276
-0.92384356
-0.92960894
-0.9236318
-0.9215678
-0.92371476
-0.9183659
-0.91768306
-0.9268263
-0.91571707
-0.91368157
-0.91787654
-0.92320836
-0.9152087
-0.9149519
-0.9230508
-0.91750574
-0.9202726
-0.92492974
-0.92769647
-0.9279618
-0.9250096
-0.91764385
-0.9217178
-0.9259377
-0.92145085
-0.9240181
-0.925864
-0.9261366
-0.92420274
-0.9199206
-0.92397445
-0.9256413
-0.92638326
-0.9231241
-0.91617095
-0.9246538
-0.9173042
-0.9138634
-0.927436
-0.9274318
-0.9195021
-0.92308
-0.9308891
-0.9300067
-0.9260527
-0.91874444
-0.9267693
-0.9237038
-0.9280372
-0.925429
-0.925707
-0.9244127
-0.9207502
-0.92854774
-0.9300739
-0.9273041
-0.93274134
-0.9304759
-0.93165255
-0.93164414
-0.9245577
-0.92520636
-0.92947996
-0.92674047
-0.92649883
-0.9258703
-0.930593
-0.9245309
-0.92893344
-0.92790246
-0.9295036
-0.9280127
-0.9343745
-0.93138987
-0.93302494
-0.9322054
-0.92932886
-0.9358851
-0.9300743
-0.92976385
-0.9335945
-0.92971295
-0.92916024
-0.9252337
-0.9288644
-0.93017465
-0.9268449
-0.92876244
-0.9308604
-0.9317226
-0.92920315
-0.9252774
-0.9295187
-0.93438756
-0.9299439
-0.93017334
-0.93551636
-0.9313339
-0.9319851
-0.93356216
-0.93300116
-0.93116677
-0.93269616
-0.93689406
-0.92910075
-0.93252355
-0.9315626
-0.9248245
-0.9322583
-0.92886066
-0.93127346
-0.93594337
-0.93149245
-0.9259244
-0.93156284
-0.9307301
-0.9317532
-0.9332772
-0.93268085
-0.93170524
-0.93191874
-0.9309319
-0.93208504
-0.9354212
-0.9272948
-0.9327873
-0.93393147
-0.9363621
-0.92868453
-0.93308353
-0.9355923
-0.93005997
-0.93467355
-0.93166333
-0.9306352
-0.9308092
-0.9335668
-0.9315727
-0.9272507
-0.921475
-0.9312281
-0.9214579
-0.9313176
-0.9321933
-0.9315211
-0.9301641
-0.93424463
-0.9281939
-0.9316761
-0.9320566
-0.9270167
-0.93071985
-0.9311296
-0.9323788
-0.9289099
-0.93271774
-0.93489265
-0.93436646
-0.93122214
-0.93436885
-0.9319567
-0.93349123
-0.9347668
-0.93036693
-0.93506193
-0.92897236
-0.92799383
-0.9339773
-0.9324389
-0.9341088
-0.934385
-0.9363805
-0.92259777
-0.93351376
-0.929318
-0.9271694
-0.9316727
-0.9241365
-0.9343247
-0.9338113
-0.9270458
-0.934997
-0.92501205
-0.933188
-0.9268616
-0.92019445
-0.92735875
-0.92956764
-0.9240166
-0.927486
-0.92641
-0.9265838
-0.92660475
-0.93159604
-0.9268238
-0.9335571
-0.93009573
-0.92884636
-0.92800796
-0.9313974
-0.92981434
-0.93410754
-0.93253314
-0.9273037
-0.9335242
-0.93307936
-0.9346519
-0.9308257
-0.93380797
-0.9371005
-0.9334059
-0.93570495
-0.9297688
-0.933494
-0.92971843
-0.9354292
-0.9301635
-0.93340087
-0.93396133
-0.9375367
-0.9321817
-0.93848723
-0.93163395
-0.9336497
-0.93773365
-0.9365482
-0.93356687
-0.9333594
-0.93535614
-0.93356985
-0.9340053
-0.9333837
-0.9323982
-0.936563
-0.93421483
-0.9371919
-0.9348304
-0.9371978
-0.9328074
-0.9355946
-0.9347736
-0.9347395
-0.93865156
-0.9353173
-0.93566567
-0.9403778
-0.93458915
-0.937962
-0.93656373
-0.93725747
-0.9388144
-0.93747723
-0.9386015
-0.93950474
-0.9355677
-0.9338505
-0.9400206
-0.93550897
-0.9355783
-0.93550587
-0.9367381
-0.9387779
-0.93430924
-0.93195325
-0.93550724
-0.9343437
-0.9364069
-0.9359496
-0.9358312
-0.93399423
-0.9325419
-0.9385665
-0.937664
-0.93339664
-0.93744874
-0.9346785
-0.93599105
-0.9357695
-0.93734056
-0.9399722
-0.9350291
-0.93988156
-0.9362993
-0.93622154
-0.93651783
-0.93399656
-0.93659276
-0.9350502
-0.93668187
-0.93864185
-0.93588376
-0.93903446
-0.93988883
-0.93519896
-0.933925
-0.94040215
-0.93317
-0.937541
-0.9364944
-0.9353601
-0.93626016
-0.93547857
-0.939081
-0.9357976
-0.936501
-0.9372765
-0.93890995
-0.9376232
-0.9393786
-0.94081265
-0.9400838
-0.9359074
-0.9376236
-0.9388941
-0.93350255
-0.9355302
-0.93494236
-0.93889606
-0.9362089
-0.937142
-0.9345799
-0.9386845
-0.9368513
-0.9314802
-0.9362868
-0.9372403
-0.9346974
-0.9361769
-0.93644655
-0.93798286
-0.94267356
-0.93931675
-0.92808086
-0.9335696
-0.93060076
-0.9382249
-0.9357794
-0.9310623
-0.93498564
-0.9394447
-0.9377949
-0.9381269
-0.9392363
-0.94027376
-0.93989146
-0.940502
-0.9369293
-0.93692625
-0.9378687
-0.9387887
-0.93267673
-0.9374074
-0.93533015
-0.9346205
-0.93688303
-0.93428767
-0.93802136
-0.93163514
-0.93725955
-0.93395185
-0.9390554
-0.93624955
-0.9361914
-0.93832254
-0.9334668
-0.93711305
-0.9402992
-0.9338536
-0.93850267
-0.93992597
-0.9372057
-0.9395955
-0.9404558
-0.9406087
-0.9407974
-0.9402521
-0.93937224
-0.9389775
-0.9384404
-0.9388747
-0.94028646
-0.9420805
-0.93833953
-0.9389898
-0.9404782
-0.94108415
-0.93655515
-0.939444
-0.9374978
-0.942003
-0.94237244
-0.93758416
-0.9348616
-0.9368561
-0.9406412
-0.9401621
-0.9377882
-0.9396636
-0.93816733
-0.93971646
-0.9402368
-0.9380206
-0.9398221
-0.9365838
-0.94169605
-0.9383221
-0.93843937
-0.94098103
-0.9406414
-0.94069886
-0.94160545
-0.9416348
-0.9387216
-0.93994814
-0.93774486
-0.93755764
-0.93583983
-0.93765086
-0.9361985
-0.93335503
-0.94099474
-0.93986803
-0.93741
-0.93578964
-0.9360894
-0.94021213
-0.94009894
-0.94067127
-0.93751407
-0.9347544
-0.93527
-0.93344265
-0.93684936
-0.93733853
-0.9418875
-0.93823737
-0.9406612
-0.9347172
-0.9368263
-0.93791765
-0.93884337
-0.93981683
-0.9362322
-0.93845046
-0.93645805
-0.93957514
-0.939114
-0.941007
-0.9419259
-0.9374476
-0.94070035
-0.93086845
-0.9323057
-0.9357032
-0.9310637
-0.9280012
-0.93570703
-0.9286565
-0.9325965
-0.93597335
-0.9343328
-0.93358326
-0.93342
-0.9332781
-0.9337875
-0.94060487
-0.93118966
-0.93676865
-0.9361218
-0.93331206
-0.9378008
-0.9342957
-0.9358891
-0.94112676
-0.9352446
-0.9366314
-0.94093496
-0.9370875
-0.9364975
-0.9368311
-0.93696576
-0.9368608
-0.94004375
-0.9322716
-0.93859506
-0.9399838
-0.93888956
-0.9414549
-0.93697387
-0.9380646
-0.93819463
-0.9384275
-0.9354922
-0.9361026
-0.936412
-0.9374033
-0.9382517
-0.9382618
-0.9360391
-0.9402642
-0.93916756
-0.9375589
-0.93784785
-0.9391189
-0.9353917
-0.936777
-0.93699193
-0.93438673
-0.93536556
-0.933353
-0.9375287
-0.9331282
-0.93669057
-0.9357135
-0.9362381
-0.93640476
-0.9398669
-0.9374311
-0.93808025
-0.93524617
-0.9339838
-0.9403081
-0.93741274
-0.93830985
-0.9390931
-0.9401326
-0.93594515
-0.9433766
-0.9347615
-0.9363006
-0.9350158
-0.93681395
-0.9353468
-0.93401617
-0.9339639
-0.9382872
-0.93405104
-0.93681943
-0.9350471
-0.93700105
-0.9360636
-0.9398472
-0.94289374
-0.9386777
-0.9386563
-0.94408464
-0.93747675
-0.93943465
-0.93553334
-0.9403799
-0.9407258
-0.9426497
-0.9378297
-0.9407634
-0.9370047
-0.93818235
-0.93998593
-0.93807477
-0.93781364
-0.9372096
-0.9408342
-0.937398
-0.9386693
-0.9367769
-0.9401242
-0.9357962
-0.9389916
-0.9394353
-0.9398747
-0.9340696
-0.94049567
-0.9410824
-0.93665123
-0.9376482
-0.9359398
-0.9410446
-0.93819296
-0.93829155
-0.93630785
-0.9394606
-0.9379393
-0.93693686
-0.9373067
-0.9347694
-0.9407084
-0.9387075
-0.9399882
-0.9402354
-0.93878543
-0.93833023
-0.9387469
-0.93755454
-0.93548936
-0.939179
-0.9392442
-0.9432395
-0.93611073
-0.9383714
-0.9376167
-0.9333042
-0.9306766
-0.93695974
-0.9355379
-0.9322326
-0.9386088
-0.93980485
-0.9339916
-0.93634725
-0.94207186
-0.9362118
-0.93631804
-0.9414719
-0.93614006
-0.9393399
-0.9420798
-0.9379753
-0.9381352
-0.9392398
-0.9368441
-0.938886
-0.941109
-0.9368123
-0.94193393
-0.9457688
-0.93964076
-0.9368487
-0.9373804
-0.94016486
-0.9358514
-0.9439718
-0.9396318
-0.9348246
-0.93791384
-0.9392235
-0.94302684
-0.9405415
-0.9386952
-0.93104315
-0.9321326
-0.94106597
-0.9255138
-0.93262845
-0.9420102
-0.9318521
-0.9293978
-0.94019175
-0.9335779
-0.93223184
-0.939501
-0.93435085
-0.9357753
-0.9373741
-0.93625987
-0.93796724
-0.93614215
-0.9377102
-0.93991977
-0.94320244
-0.93884724
-0.9376765
-0.93737984
-0.933734
-0.9403174
-0.93216276
-0.9432266
-0.93553483
-0.9373378
-0.9357726
-0.9351309
-0.932976
-0.93843555
-0.9353792
-0.93963194
-0.9379754
-0.93684953
-0.93855184
-0.9376611
-0.93669367
-0.93854785
-0.93624604
-0.9365188
-0.9378734
-0.9360945
-0.9424021
-0.94010967
-0.9403789
-0.9416612
-0.9375572
-0.937617
-0.93591386
-0.9361552
-0.93971515
-0.9410979
-0.93916136
-0.9377289
-0.94363105
-0.9409456
-0.9446425
-0.9403055
-0.9386959
-0.94064033
-0.93843335
-0.93651444
-0.9405682
-0.9398979
-0.9367997
-0.9429832
-0.9364055
-0.9359768
-0.93190295
-0.93833935
-0.9336887
-0.93290925
-0.93511087
-0.94008267
-0.93166214
-0.9373627
-0.9382592
-0.9348437
-0.9315441
-0.9408152
-0.940323
-0.93521464
-0.9384776
-0.94081354
-0.93978024
-0.93969256
-0.9435631
-0.9415297
-0.9417552
-0.9406457
-0.93917525
-0.94287896
-0.93968767
-0.9391752
-0.9417148
-0.9401148
-0.9379524
-0.94056326
-0.9383617
-0.94371563
-0.9399216
-0.94044244
-0.9379942
-0.9393454
-0.9384357
-0.9400327
-0.9363168
-0.93675107
-0.9401316
-0.9374748
-0.9395268
-0.9416489
-0.939217
-0.93755984
-0.9382499
-0.94063
-0.9430966
-0.9336713
-0.93894494
-0.9370226
-0.93373525
-0.9372573
-0.933503
-0.93686354
-0.9382553
-0.9383846
-0.93621004
-0.9348604
-0.9353166
-0.9338139
-0.93716955
-0.93940485
-0.9355783
-0.93476605
-0.94157356
-0.9351895
-0.936111
-0.9404415
-0.93770176
-0.932394
-0.935464
-0.9411944
-0.9365882
-0.93681836
-0.9373234
-0.93729913
-0.936185
-0.940545
-0.9391646
-0.9402256
-0.93443435
-0.9406566
-0.9391193
-0.9409151
-0.93509614
-0.93591404
-0.93652606
-0.93974423
-0.9336316
-0.936448
-0.9444043
-0.9376974
-0.9428079
-0.9404709
-0.9380177
-0.94101846
-0.941474
-0.94037986
-0.94107944
-0.93710876
-0.93651235
-0.936818
-0.9387029
-0.940401
-0.9416715
-0.9374399
-0.9337971
-0.9379554
-0.9355143
-0.93765783
-0.93484545
-0.9402367
-0.9404393
-0.93355083
-0.9425965
-0.9407699
-0.9451619
-0.9418985
-0.9373931
-0.9385093
-0.9396588
-0.93814945
-0.9294446
-0.9306348
-0.9302563
-0.9298225
-0.92873615
-0.93424475
-0.93508965
-0.93314415
-0.93440247
-0.933565
-0.9400481
-0.93474853
-0.9358394
-0.9356275
-0.93532366
-0.94125813
-0.93656
-0.93594414
-0.9433033
-0.9361333
-0.9398934
-0.9423195
-0.9391511
-0.93296874
-0.9375165
-0.94030654
-0.9400176
-0.94250965
-0.937125
-0.9394825
-0.9349367
-0.93408126
-0.9415572
-0.935463
-0.938662
-0.9365667
-0.9387243
-0.93835443
-0.9412886
-0.9405859
-0.94007945
-0.9354023
-0.9388191
-0.9405741
-0.94170964
-0.93964726
-0.942773
-0.9424126
-0.9387169
-0.93910295
-0.9407975
-0.941286
-0.9402003
-0.93855375
-0.942203
-0.9384679
-0.9396479
-0.9409241
-0.93904334
-0.94192696
-0.9373952
-0.9389476
-0.94279236
-0.93942297
-0.94096094
-0.93997693
-0.9410911
-0.94073045
-0.943211
-0.94445527
-0.94154924
-0.94404465
-0.94062144
-0.93746203
-0.9369667
-0.940986
-0.9423207
-0.94133973
-0.9392157
-0.94424576
-0.94316787
-0.94099927
-0.9415501
-0.93937725
-0.93985987
-0.94267714
-0.9423403
-0.94397116
-0.9410222
-0.9415904
-0.9417164
-0.9407574
-0.93737876
-0.9412423
-0.94081914
-0.9368336
-0.9355765
-0.9413871
-0.93611705
-0.9413099
-0.9383689
-0.94004965
-0.940885
-0.94188374
-0.93751115
-0.94010603
-0.94249946
-0.94090337
-0.94137514
-0.9387171
-0.93907475
-0.9378016
-0.94035333
-0.94022346
-0.9348471
-0.9442469
-0.9377297
-0.94049233
-0.94310784
-0.9397407
-0.9412143
-0.9424103
-0.9409373
-0.93956125
-0.9417078
-0.94275415
-0.94180757
-0.94004935
-0.9398774
-0.94146717
-0.9425337
-0.93964124
-0.93912643
-0.9392486
-0.94158494
-0.93983656
-0.9399444
-0.94072723
-0.9384265
-0.9412332
-0.9412133
-0.93817973
-0.93706685
-0.94187886
-0.94380945
-0.94060135
-0.9385147
-0.9418334
-0.939199
-0.9398026
-0.94173956
-0.93742085
-0.93914646
-0.9417448
-0.93962055
-0.94084793
-0.9435124
-0.93776834
-0.94088346
-0.94019365
-0.9359349
-0.94245666
-0.9377604
-0.93973684
-0.93669915
-0.9406557
-0.94096535
-0.9407422
-0.9356764
-0.93811303
-0.93399256
-0.93910193
-0.93920326
-0.9328552
-0.9380089
-0.9390898
-0.93553287
-0.941075
-0.9414698
-0.9453097
-0.9413915
-0.9430827
-0.93851745
-0.94050723
-0.94093055
-0.94165367
-0.93659765
-0.94367635
-0.9410775
-0.9425961
-0.9380566
-0.9395733
-0.9403441
-0.93955714
-0.9425606
-0.9400561
-0.9419502
-0.9411301
-0.94283617
-0.94069356
-0.94072485
-0.9381159
-0.9411741
-0.93843335
-0.9412401
-0.9387291
-0.9396151
-0.9429449
-0.9413008
-0.9383873
-0.9402431
-0.9441004
-0.93973297
-0.94024616
-0.94083977
-0.9419173
-0.9386009
-0.94298995
-0.9436214
-0.94107705
-0.9410338
-0.93978584
-0.9405133
-0.937904
-0.9410382
-0.93650734
-0.9412255
-0.9414702
-0.9429997
-0.93893117
-0.93752855
-0.9391881
-0.93902475
-0.93666387
-0.94194096
-0.936233
-0.94013095
-0.9372515
-0.9381647
-0.9415565
-0.9402696
-0.93953276
-0.938601
-0.9385518
-0.94228435
-0.9424998
-0.9416733
-0.945925
-0.9407785
-0.94376403
-0.9440716
-0.9408142
-0.93869036
-0.9416867
-0.9368809
-0.93614864
-0.93084645
-0.9402344
-0.93677044
-0.93499243
-0.9394582
-0.9389583
-0.93378663
-0.94344896
-0.9352811
-0.9379596
-0.9375631
-0.93906623
-0.93655205
-0.9403672
-0.93989825
-0.9426175
-0.93763715
-0.9370914
-0.9399834
-0.9355579
-0.94353306
-0.9416668
-0.93781054
-0.9413497
-0.93675166
-0.94021976
-0.94113266
-0.9414712
-0.94265693
-0.9383513
-0.940364
-0.9412356
-0.9381309
-0.94007236
-0.93872225
-0.93701106
-0.93758756
-0.934372
-0.94024396
-0.937713
-0.94365627
-0.9407044
-0.9428786
-0.9397137
-0.94062376
-0.9389728
-0.94483197
-0.9433981
-0.939131
-0.9428853
-0.94282895
-0.941333
-0.93966013
-0.93812925
-0.94006413
-0.9431441
-0.94285536
-0.9421696
-0.9433827
-0.9423736
-0.9422432
-0.93746877
-0.94464236
-0.93937683
-0.93901235
-0.9409906
-0.93876636
-0.9422732
-0.93736285
-0.94016045
-0.9391112
-0.93592393
-0.94206375
-0.93954813
-0.9410558
-0.9429794
-0.9373303
-0.9383664
-0.93755877
-0.93969065
-0.94081545
-0.9384192
-0.93936807
-0.93798363
-0.940337
-0.93878
-0.9406602
-0.94074655
-0.9413418
-0.9403842
-0.9368679
-0.94090307
-0.94064254
-0.9376134
-0.94277453
-0.9421003
-0.9417365
-0.94281477
-0.9377881
-0.94059175
-0.940211
-0.936775
-0.9353691
-0.9380347
-0.9383667
-0.9347817
-0.9375893
-0.935467
-0.9365975
-0.9380364
-0.93678004
-0.9398089
-0.93787473
-0.9384533
-0.9384105
-0.93828905
-0.94132274
-0.9401036
-0.9393592
-0.94328225
-0.93637407
-0.9423148
-0.94372755
-0.94017535
-0.9339479
-0.9380145
-0.9438736
-0.94059473
-0.938287
-0.94208413
-0.9378208
-0.94285786
-0.93868434
-0.93966466
-0.94070536
-0.93818176
-0.93805194
-0.93449855
-0.9393274
-0.93567246
-0.9359064
-0.9399235
-0.9350351
-0.938961
-0.9405175
-0.94150096
-0.93522006
-0.93955183
-0.936513
-0.93516135
-0.942724
-0.9401186
-0.9397813
-0.9405246
-0.944608
-0.9398907
-0.9431821
-0.94140923
-0.9400142
-0.94230515
-0.94128484
-0.9391906
-0.9458146
-0.93855554
-0.94436765
-0.94098926
-0.9394824
-0.9458992
-0.9415038
-0.94049674
-0.9413172
-0.943742
-0.93895584
-0.939642
-0.94074315
-0.9386619
-0.9363431
-0.93976146
-0.9351941
-0.9376344
-0.9399149
-0.9371674
-0.9408767
-0.94169843
-0.9404064
-0.93926424
-0.94116205
-0.9395714
-0.9426863
-0.94209737
-0.94114655
-0.9408965
-0.94028974
-0.9388489
-0.93812156
-0.94079447
-0.9395472
-0.93916345
-0.93859166
-0.941734
-0.9368109
-0.9367038
-0.9361
-0.9401472
-0.9399348
-0.9380932
-0.9353237
-0.9329529
-0.9398349
-0.9344185
-0.9335372
-0.94132346
-0.9357628
-0.93086064
-0.9365604
-0.93230647
-0.93237275
-0.93437433
-0.94064546
-0.93807477
-0.9388627
-0.93593425
-0.94304454
-0.9391522
-0.93971086
-0.93928915
-0.94125944
-0.94074094
-0.93800366
-0.9391689
-0.94573694
-0.9416757
-0.939167
-0.94353724
-0.9424279
-0.9363146
-0.94342375
-0.93984085
-0.93948734
-0.93761116
-0.9397873
-0.93669975
-0.9440621
-0.9368929
-0.9426142
-0.94136417
-0.9391537
-0.94178843
-0.9427986
-0.9419601
-0.9431424
-0.941487
-0.9433882
-0.9444653
-0.94238645
-0.9418749
-0.9394231
-0.9410011
-0.93973494
-0.93684995
-0.9412763
-0.9453698
-0.94172865
-0.93943024
-0.9408255
-0.93757915
-0.9438922
-0.9426639
-0.9415336
-0.9372931
-0.9384976
-0.9373563
-0.9404799
-0.9417915
-0.9417304
-0.94120723
-0.9407318
-0.937378
-0.9415154
-0.94242173
-0.9434177
-0.94113404
-0.9383198
-0.9423422
-0.9420882
-0.9430572
-0.93887967
-0.9393162
-0.9392426
-0.93953633
-0.93976676
-0.9391169
-0.9406962
-0.93940246
-0.9396976
-0.94052255
-0.9402596
-0.94052494
-0.93685144
-0.93942827
-0.9398185
-0.9402155
-0.9400498
-0.94189954
-0.94404733
-0.94020265
-0.9397457
-0.941731
-0.9393829
-0.94284385
-0.9381619
-0.94030017
-0.9448547
-0.9388532
-0.9448009
-0.94527376
-0.9394111
-0.942035
-0.9428744
-0.9373562
-0.94112045
-0.9400021
-0.9426247
-0.9411435
-0.9410613
-0.9408564
-0.9410467
-0.94221795
-0.9402393
-0.9414023
-0.9409774
-0.9423992
-0.94209903
-0.9444282
-0.94555944
-0.93886626
-0.9401241
-0.940549
-0.9431263
-0.9406522
-0.94122374
-0.9379753
-0.94299287
-0.94026643
-0.93920857
-0.94264096
-0.94004893
-0.9432491
-0.9385733
-0.9411514
-0.9375209
-0.9384449
-0.9415786
-0.940438
-0.9385031
-0.94094664
-0.94089895
-0.9394021
-0.9400251
-0.9364162
-0.93867457
-0.9382055
-0.937778
-0.9359508
-0.93797064
-0.9352948
-0.9391153
-0.93859273
-0.935118
-0.9425568
-0.9393294
-0.93747383
-0.93939686
-0.9393545
-0.9371508
-0.94062155
-0.9423004
-0.9392874
-0.9420328
-0.9424346
-0.94014657
-0.9406391
-0.9368644
-0.93980104
-0.93678796
-0.93732524
-0.94015425
-0.93959296
-0.94034463
-0.9422124
-0.94165534
-0.93648326
-0.942634
-0.93992144
-0.9403629
-0.93858725
-0.93948555
-0.94047326
-0.93674415
-0.9433468
-0.9399355
-0.9404449
-0.9436096
-0.9375088
-0.93876565
-0.9371368
-0.94158965
-0.93970746
-0.9445307
-0.94095486
-0.93974406
-0.9368399
-0.93893063
-0.93811643
-0.9432925
-0.93722224
-0.9376227
-0.940131
-0.9412764
-0.9423527
-0.9412006
-0.9408852
-0.94188565
-0.9414872
-0.9379083
-0.9413067
-0.9376961
-0.94007397
-0.94367504
-0.9405285
-0.94129056
-0.9390051
-0.9405081
-0.9389051
-0.9425619
-0.93812954
-0.9362205
-0.93921155
-0.9434253
-0.9441214
-0.94073224
-0.9423079
-0.9424431
-0.94209236
-0.9390823
-0.9454917
-0.9462563
-0.94157237
-0.94206125
-0.93970275
-0.943874
-0.94027865
-0.93774843
-0.93994576
-0.9418275
-0.9404702
-0.9400749
-0.9403075
-0.9412514
-0.9455536
-0.9431369
-0.94334185
-0.94371045
-0.9416173
-0.94362664
-0.9408588
-0.94197434
-0.93970007
-0.9419006
-0.94182235
-0.9416525
-0.9412833
-0.9443229
-0.9431643
-0.9392849
-0.9392456
-0.94493127
-0.9423558
-0.9417632
-0.9402827
-0.9432207
-0.9406999
-0.9406295
-0.93299246
-0.94401515
-0.93987703
-0.9368817
-0.9416096
-0.9408378
-0.94093883
-0.94303346
-0.94073063
-0.94462883
-0.94420123
-0.94077426
-0.94408303
-0.94189996
-0.9384774
-0.943307
-0.9439713
-0.93701583
-0.93807095
-0.94087183
-0.94013023
-0.9399335
-0.94336027
-0.9455206
-0.94149417
-0.9431565
-0.9446786
-0.9399655
-0.9422714
-0.9406706
-0.9422127
-0.9407944
-0.944629
-0.9443802
-0.93838555
-0.9412998
-0.94247866
-0.9448276
-0.9416109
-0.9359495
-0.9395717
-0.9392956
-0.9386091
-0.9388963
-0.9368635
-0.939769
-0.93835723
-0.93728536
-0.93840617
-0.9423274
-0.93645364
-0.94151956
-0.9363979
-0.93945974
-0.93928504
-0.94204044
-0.9409351
-0.94076544
-0.9382318
-0.9381015
-0.9404788
-0.9397511
-0.94212276
-0.9412779
-0.9407681
-0.94109917
-0.9421741
-0.9400928
-0.9363942
-0.9367396
-0.9371077
-0.9336211
-0.9362905
-0.9370939
-0.93339723
-0.93727803
-0.9321646
-0.9353691
-0.93619156
-0.93867403
-0.93469447
-0.93755454
-0.93398255
-0.9392347
-0.9363792
-0.9428717
-0.9377914
-0.9389701
-0.93747056
-0.9407514
-0.9390165
-0.93913084
-0.93843895
-0.9406507
-0.9398866
-0.94223833
-0.9382909
-0.93737507
-0.9434009
-0.9378623
-0.94205785
-0.9386258
-0.93848723
-0.94088346
-0.94054234
-0.9369119
-0.9384353
-0.94158477
-0.9414641
-0.9418141
-0.9418105
-0.9409941
-0.93784976
-0.93845403
-0.93920034
-0.9455248
-0.94113886
-0.9403673
-0.93112135
-0.9215778
-0.93291855
-0.91846526
-0.9160398
-0.92075574
-0.9286212
-0.92197675
-0.9142391
-0.9260449
-0.9341751
-0.9276627
-0.9273316
-0.93490994
-0.9267263
-0.9259808
-0.92665184
-0.93340385
-0.935112
-0.929157
-0.92974925
-0.9352806
-0.9314044
-0.93469656
-0.9301701
-0.935531
-0.93659425
-0.93566734
-0.933884
-0.93569416
-0.9343094
-0.93399227
-0.9364133
-0.9372539
-0.9396198
-0.9382831
-0.93976974
-0.9379409
-0.93898284
-0.9412345
-0.9400846
-0.93862313
-0.9389724
-0.94327945
-0.94118917
-0.9423544
-0.94283086
-0.9386556
-0.93594134
-0.9344139
-0.9382917
-0.9292821
-0.92796934
-0.93672335
-0.9323738
-0.93010473
-0.935871
-0.9362403
-0.9331765
-0.9345435
-0.93492585
-0.9342535
-0.93569
-0.93530095
-0.9336623
-0.9368499
-0.9395947
-0.9375897
-0.93823785
-0.93655205
-0.9356371
-0.9358202
-0.93938917
-0.9367217
-0.94066983
-0.9390369
-0.9367544
-0.9413711
-0.9348919
-0.9369112
-0.93753755
-0.9311172
-0.9334417
-0.941336
-0.9384537
-0.937088
-0.93934876
-0.9375656
-0.9340481
-0.9314088
-0.935086
-0.9295727
-0.93071014
-0.9400324
-0.9354762
-0.9303586
-0.93594754
-0.9323426
-0.9356812
-0.93644524
-0.9354032
-0.9348145
-0.93353194
-0.9378174
-0.94095117
-0.93185675
-0.93967104
-0.93971246
-0.93197477
-0.94051737
-0.9385369
-0.9346748
-0.93997574
-0.9408697
-0.9385521
-0.9387099
-0.94307196
-0.94037974
-0.9372806
-0.94033056
-0.9357828
-0.9377281
-0.9402289
-0.9350443
-0.94040555
-0.9387726
-0.9401839
-0.94253314
-0.93913805
-0.9423853
-0.9389159
-0.94326335
-0.94206554
-0.9407646
-0.9425311
-0.9453063
-0.94021183
-0.9393866
-0.94172055
-0.94384426
-0.9402826
-0.94076234
-0.9386233
-0.94121015
-0.9430764
-0.93729335
-0.9420434
-0.9397199
-0.94084746
-0.9441692
-0.9433934
-0.94192344
-0.94134676
-0.94465506
-0.93983626
-0.93964666
-0.9379464
-0.9409275
-0.9456359
-0.9414158
-0.9420996
-0.93945587
-0.9394916
-0.9411787
-0.9389635
-0.942988
-0.94259363
-0.93984026
-0.93918973
-0.94348645
-0.94147575
-0.9418619
-0.93951553
-0.94402677
-0.94445455
-0.9427825
-0.941157
-0.9447763
-0.9431389
-0.9414203
-0.9410803
-0.9409909
-0.94163287
-0.9425712
-0.9437249
-0.9388097
-0.9401174
-0.9434868
-0.9382787
-0.94184995
-0.9443628
-0.9451906
-0.9416673
-0.9434046
-0.9415379
-0.9444607
-0.9430001
-0.9419891
-0.9460364
-0.9419847
-0.9444784
-0.94310725
-0.9401554
-0.94554806
-0.9392153
-0.9445976
-0.94576734
-0.94057775
-0.9405166
-0.9400571
-0.9413833
-0.9435971
-0.93936247
-0.9430982
-0.9397492
-0.9426305
-0.93999374
-0.9435621
-0.9413301
-0.9382958
-0.9360749
-0.93871266
-0.940903
-0.94199425
-0.93930054
-0.93895805
-0.9399872
-0.93654317
-0.93800163
-0.9422768
-0.9371002
-0.9370987
-0.93748486
-0.9387723
-0.93922895
-0.9355307
-0.94284743
-0.9341513
-0.93975806
-0.94146276
-0.9415446
-0.93972534
-0.9411072
-0.9386282
-0.94195765
-0.94251686
-0.942925
-0.94269717
-0.9408848
-0.9425658
-0.9404476
-0.9408991
-0.9374298
-0.94371843
-0.9401708
-0.93736833
-0.9414256
-0.9395131
-0.9419142
-0.941657
-0.9423089
-0.9447047
-0.9427656
-0.94013995
-0.9438714
-0.9438199
-0.93992877
-0.9406191
-0.9397649
-0.94334614
-0.9433343
-0.9397075
-0.9432424
-0.94457513
-0.938809
-0.9427907
-0.9424076
-0.941535
-0.9378479
-0.94325405
-0.9421348
-0.9420192
-0.9407855
-0.94626904
-0.94181275
-0.9388208
-0.9412562
-0.94208515
-0.9436263
-0.939981
-0.9402765
-0.943955
-0.94256073
-0.94132465
-0.93814313
-0.94282526
-0.9456572
-0.94018704
-0.93975675
-0.9342146
-0.9423036
-0.93995064
-0.940056
-0.9439779
-0.9421838
-0.9381055
-0.93667144
-0.9435743
-0.93956053
-0.9412816
-0.9420974
-0.9401057
-0.9415055
-0.94159245
-0.94022274
-0.93991536
-0.94272715
-0.94057316
-0.9403872
-0.94367796
-0.941829
-0.9434379
-0.94124514
-0.94439155
-0.93979144
-0.939641
-0.9392007
-0.93928117
-0.9406569
-0.93879133
-0.93968827
-0.93282294
-0.93928146
-0.93705386
-0.9339929
-0.9376735
-0.9355285
-0.93734145
-0.9368328
-0.9423527
-0.9371677
-0.937155
-0.93819636
-0.935135
-0.94112474
-0.93827087
-0.9416642
-0.9462537
-0.94234306
-0.9397587
-0.94046277
-0.9397293
-0.9423904
-0.9422983
-0.942664
-0.94260824
-0.94303364
-0.940447
-0.93600386
-0.93422204
-0.9373793
-0.9421319
-0.94130343
-0.9370949
-0.9415949
-0.93754816
-0.9414676
-0.933948
-0.9403637
-0.93992203
-0.94200605
-0.94308466
-0.94035596
-0.94103783
-0.942753
-0.9409406
-0.9435761
-0.94247234
-0.9391648
-0.93680984
-0.9426107
-0.9399301
-0.9439944
-0.9425632
-0.9419342
-0.9412461
-0.94149727
-0.9405418
-0.93986285
-0.9366179
-0.9454267
-0.9433838
-0.9413985
-0.94205004
-0.9443286
-0.94011635
-0.9444122
-0.9447854
-0.94461656
-0.9444526
-0.94320756
-0.9408225
-0.9372192
-0.9456646
-0.940516
-0.94142836
-0.94077504
-0.94511366
-0.94132197
-0.9427162
-0.94206023
-0.94128
-0.9445585
-0.9449988
-0.94223434
-0.9438203
-0.939513
-0.9374852
-0.9437166
-0.9395885
-0.94283974
-0.9405327
-0.93828297
-0.9395557
-0.94043684
-0.9434639
-0.9434352
-0.9419938
-0.9376915
-0.9413553
-0.9393564
-0.9396072
-0.9398972
-0.9435403
-0.94091237
-0.94244075
-0.942197
-0.9377638
-0.9451203
-0.938798
-0.9411128
-0.9415721
-0.9421359
-0.93939877
-0.9412553
-0.9383885
-0.9397457
-0.9428822
-0.9405222
-0.94065183
-0.9437687
-0.9418135
-0.9449171
-0.94127566
-0.9410658
-0.94262475
-0.94216514
-0.9425037
-0.9426375
-0.9429612
-0.9420479
-0.93764037
-0.9423145
-0.940317
-0.9427021
-0.9427496
-0.94142014
-0.939476
-0.945352
-0.9454886
-0.94229513
-0.9406378
-0.939249
-0.9387199
-0.9393615
-0.94304854
-0.9421009
-0.94183356
-0.940874
-0.9393297
-0.9402466
-0.9438504
-0.94088167
-0.9415015
-0.9431669
-0.9387893
-0.9437229
-0.94503593
-0.9422788
-0.94041777
-0.9440764
-0.94031876
-0.9409508
-0.9415321
-0.94340956
-0.943834
-0.9440863
-0.94154274
-0.9416139
-0.9401305
-0.9406111
-0.94359976
-0.94273263
-0.9383006
-0.94090784
-0.93781924
-0.9429325
-0.9401726
-0.93847793
-0.9415972
-0.9434805
-0.93868166
-0.94360185
-0.9404771
-0.9402512
-0.93851656
-0.94122154
-0.9407576
-0.9449381
-0.942852
-0.94264543
-0.93721414
-0.9408256
-0.94369614
-0.9425216
-0.9426892
-0.94116735
-0.941279
-0.94164723
-0.9433237
-0.9410443
-0.9428158
-0.94345
-0.94277537
-0.94499886
-0.9415069
-0.9435332
-0.94356954
-0.94161963
-0.94312793
-0.94427246
-0.9415034
-0.9418166
-0.94465977
-0.9440859
-0.9421715
-0.94286585
-0.9446666
-0.9417705
-0.94045126
-0.94335514
-0.9412587
-0.94224167
-0.9443229
-0.9422147
-0.9437205
-0.94451463
-0.93943065
-0.94278485
-0.94330204
-0.9414026
-0.94359
-0.9408397
-0.9421464
-0.9433819
-0.9428189
-0.9419107
-0.9426803
-0.94246405
-0.9405847
-0.94424284
-0.94123685
-0.94088084
-0.94364196
-0.94410515
-0.9404176
-0.94157416
-0.93947357
-0.94179064
-0.9434316
-0.9422803
-0.94207597
-0.9402606
-0.9441599
-0.9454758
-0.9438627
-0.94542986
-0.9424592
-0.94169974
-0.9412267
-0.94410026
-0.94158155
-0.94209504
-0.938939
-0.9422523
-0.9426227
-0.93741834
-0.93984693
-0.9422956
-0.94058794
-0.94275814
-0.94266707
-0.94121444
-0.9410322
-0.94243693
-0.94231963
-0.9421487
-0.9433341
-0.9396698
-0.9417501
-0.94300526
-0.94301593
-0.94169384
-0.9401711
-0.9369381
-0.93985707
-0.93730634
-0.94071925
-0.93404764
-0.93319374
-0.9409973
-0.9401161
-0.93944275
-0.9404293
-0.9415112
-0.93785155
-0.9378527
-0.9388248
-0.9395323
-0.941069
-0.9388915
-0.9409319
-0.94375145
-0.93977857
-0.94241256
-0.9420224
-0.93806475
-0.94021744
-0.94159037
-0.93629575
-0.94042444
-0.9423614
-0.94206387
-0.9358619
-0.9364766
-0.9324033
-0.9300971
-0.9359711
-0.9399447
-0.9368785
-0.94146764
-0.939184
-0.9423367
-0.94154155
-0.9381382
-0.9385848
-0.93794835
-0.9423304
-0.9373428
-0.9396273
-0.9388712
-0.9418582
-0.9426129
-0.94200486
-0.9409212
-0.9442509
-0.94211894
-0.94042534
-0.94336015
-0.9428221
-0.94217664
-0.94225067
-0.9439487
-0.94402957
-0.94778293
-0.9395602
-0.9419708
-0.94244516
-0.9441586
-0.94443274
-0.9376788
-0.9425803
-0.94177973
-0.9406874
-0.94170505
-0.9434037
-0.9406474
-0.9388087
-0.9423193
-0.94172347
-0.9373114
-0.9402749
-0.9357721
-0.94212765
-0.9366458
-0.93432605
-0.94070363
-0.93763846
-0.93867046
-0.94007784
-0.93893033
-0.9372484
-0.9385559
-0.934025
-0.93856275
-0.9404008
-0.9356362
-0.93667126
-0.9405892
-0.93340844
-0.93756855
-0.93824226
-0.93526953
-0.9389935
-0.9436826
-0.9438755
-0.9428507
-0.9452923
-0.9412977
-0.9400681
-0.94250625
-0.9422594
-0.9369115
-0.9442329
-0.9408038
-0.94012296
-0.9396346
-0.9425546
-0.94595903
-0.94324595
-0.94353205
-0.94073844
-0.9426521
-0.94113785
-0.94026905
-0.93960154
-0.9468205
-0.93784094
-0.9432177
-0.9425987
-0.94674766
-0.94273406
-0.9437971
-0.94452393
-0.94125515
-0.94512886
-0.94247055
-0.9422125
-0.9419647
-0.9424401
-0.94479024
-0.94383526
-0.94341
-0.944141
-0.94562817
-0.9446289
-0.9422963
-0.93898606
-0.93989784
-0.93910444
-0.93851024
-0.9384033
-0.9436409
-0.9407192
-0.93885875
-0.9434897
-0.9436892
-0.941066
-0.9398727
-0.9396526
-0.9431345
-0.93925214
-0.9438548
-0.9425006
-0.9456952
-0.94104624
-0.9432626
-0.9470349
-0.941526
-0.94104356
-0.9405552
-0.9405479
-0.94188243
-0.9446704
-0.94168496
-0.9436046
-0.9293512
-0.93225414
-0.9379471
-0.93307894
-0.9354424
-0.9422445
-0.93235064
-0.92817837
-0.93614316
-0.9399332
-0.9341055
-0.93630975
-0.9395813
-0.9376861
-0.9355992
-0.93946767
-0.93700635
-0.93912566
-0.9377441
-0.9331945
-0.9416756
-0.9399075
-0.93637973
-0.9394948
-0.93795896
-0.941376
-0.94300526
-0.9395894
-0.9421222
-0.9411765
-0.9390687
-0.9427871
-0.940952
-0.94169605
-0.9388926
-0.9442936
-0.94149435
-0.9428931
-0.94078535
-0.9405374
-0.9431882
-0.9426243
-0.9408189
-0.93961936
-0.9412708
-0.9397882
-0.9422704
-0.9434151
-0.9383391
-0.94146246
-0.94135517
-0.94073904
-0.9405811
-0.93973213
-0.9441599
-0.9449898
-0.9392649
-0.9439591
-0.9414196
-0.94390684
-0.94072753
-0.9429618
-0.9408283
-0.94075775
-0.94179916
-0.9389329
-0.94314194
-0.94413066
-0.94545025
-0.94142157
-0.9420316
-0.9410965
-0.9431713
-0.94281167
-0.9384337
-0.9424698
-0.94160044
-0.94293535
-0.9456801
-0.94627166
-0.9413014
-0.9418329
-0.9425257
-0.93930674
-0.93676716
-0.94081056
-0.9410908
-0.9433891
-0.94262725
-0.9410199
-0.94348717
-0.94119924
-0.939302
-0.9393557
-0.9408521
-0.94333035
-0.938653
-0.9460062
-0.9416385
-0.9428076
-0.9428686
-0.94117594
-0.94077444
-0.94308335
-0.9405228
-0.9426084
-0.94155765
-0.9404789
-0.9447785
-0.94296116
-0.9446057
-0.9446839
-0.94513017
-0.94297
-0.9451354
-0.9451599
-0.94343376
-0.9460358
-0.9450623
-0.94456637
-0.9442315
-0.94567144
-0.94308525
-0.9434218
-0.94541943
-0.9459643
-0.94514674
-0.9471657
-0.9485506
-0.94310457
-0.9437346
-0.94279313
-0.9448268
-0.94393134
-0.9408022
-0.94590694
-0.9437526
-0.94358
-0.9424664
-0.94529605
-0.9423629
-0.94256747
-0.94472533
-0.9452168
-0.942345
-0.9440039
-0.94013554
-0.9459815
-0.9420863
-0.9453794
-0.9421649
-0.94275856
-0.9430846
-0.9455697
-0.9423022
-0.94705683
-0.94452596
-0.9427595
-0.9472834
-0.9458039
-0.94306445
-0.9439009
-0.94515914
-0.9438906
-0.9451027
-0.94420797
-0.9438417
-0.9436938
-0.942967
-0.9464493
-0.94731927
-0.9425901
-0.9460515
-0.94225436
-0.9438947
-0.9446307
-0.94410855
-0.94208163
-0.9435802
-0.94670326
-0.9433533
-0.94498664
-0.9455573
-0.94417983
-0.9456687
-0.94240874
-0.9401128
-0.9412126
-0.9452377
-0.9421525
-0.9451423
-0.94383746
-0.94461155
-0.94128054
-0.94445807
-0.9394289
-0.9439393
-0.9458944
-0.9439616
-0.9445242
-0.94182366
-0.9412124
-0.943965
-0.940827
-0.9439718
-0.94625837
-0.94549966
-0.94411963
-0.9440608
-0.94206685
-0.9481624
-0.94444984
-0.9450874
-0.93999964
-0.9401738
-0.9447968
-0.9397006
-0.9459805
-0.9422376
-0.9429153
-0.9453919
-0.9428052
-0.9471276
-0.94484174
-0.9433517
-0.94251615
-0.9459316
-0.9438662
-0.9448947
-0.9468732
-0.94509214
-0.94512457
-0.9438938
-0.94723165
-0.94131154
-0.93977165
-0.9454023
-0.93918914
-0.94013286
-0.9383664
-0.9405089
-0.942219
-0.93925387
-0.9388563
-0.94178385
-0.93715405
-0.9372623
-0.9469779
-0.939407
-0.94174534
-0.9418377
-0.9361521
-0.94423836
-0.9458716
-0.9422355
-0.94682753
-0.9460621
-0.9453974
-0.9460113
-0.94380814
-0.94436026
-0.9462847
-0.945753
-0.9476273
-0.94634646
-0.94442123
-0.9447344
-0.9438345
-0.9427609
-0.9501679
-0.9511013
-0.9456755
-0.9485821
-0.94474363
-0.94871664
-0.942805
-0.9468489
-0.9458155
-0.94597816
-0.94525903
-0.9466838
-0.9473892
-0.9449176
-0.94305307
-0.9469361
-0.94356585
-0.9427285
-0.9445689
-0.947132
-0.9463479
-0.9443335
-0.9471561
-0.9458124
-0.9467951
-0.9467446
-0.9442784
-0.94952315
-0.9465297
-0.9466319
-0.9458847
-0.9468889
-0.9475956
-0.9464503
-0.9479456
-0.94286036
-0.94880396
-0.94653505
-0.945749
-0.9462596
-0.9453156
-0.9456917
-0.9444483
-0.9445639
-0.94388264
-0.9414031
-0.9457231
-0.9460951
-0.9418926
-0.9460521
-0.9427316
-0.9434621
-0.944835
-0.9439002
-0.94540495
-0.9461827
-0.94675606
-0.94667727
-0.9461119
-0.94469666
-0.9467543
-0.9458365
-0.94413805
-0.94612366
-0.94363046
-0.9430472
-0.94410205
-0.9357079
-0.9422066
-0.9385708
-0.9396155
-0.9449919
-0.9388242
-0.9410849
-0.94166565
-0.93999666
-0.9407986
-0.93231255
-0.92774636
-0.93772876
-0.93348527
-0.92963535
-0.93226516
-0.9376549
-0.9350353
-0.9345685
-0.9419014
-0.940037
-0.9412775
-0.93805295
-0.94452435
-0.94376975
-0.94343233
-0.94714403
-0.94516945
-0.9421216
-0.9404478
-0.9428698
-0.94434035
-0.94183654
-0.94243777
-0.9384782
-0.94146293
-0.94372267
-0.93917865
-0.9437291
-0.941421
-0.94240475
-0.9416715
-0.94148225
-0.9466771
-0.9460975
-0.9457407
-0.9431741
-0.9451436
-0.9427176
-0.9457127
-0.9436548
-0.94386184
-0.94737
-0.9423131
-0.9451399
-0.94335693
-0.93985176
-0.94610626
-0.9456592
-0.9467406
-0.9437821
-0.9447799
-0.94583195
-0.9405794
-0.9488129
-0.94215524
-0.9471355
-0.9441042
-0.94605255
-0.9444395
-0.9420259
-0.94668776
-0.94280344
-0.942959
-0.9441589
-0.9439383
-0.945665
-0.94493216
-0.94438386
-0.9443729
-0.944261
-0.9481958
