-0.3925029
-0.3936187
-0.38621038
-0.40100887
-0.40941444
-0.40123644
-0.38878626
-0.41488728
-0.38876167
-0.41466376
-0.4329156
-0.4158019
-0.41444394
-0.4293833
-0.44301024
-0.43672606
-0.45362437
-0.4444457
-0.44007972
-0.44638506
-0.44750252
-0.4547895
-0.44825467
-0.46862522
-0.46963954
-0.4742796
-0.48035932
-0.47768936
-0.48679543
-0.47611618
-0.4840817
-0.49978423
-0.51624376
-0.4965468
-0.49711975
-0.5224438
-0.526862
-0.5242119
-0.52954066
-0.5242842
-0.5472978
-0.5463503
-0.55250025
-0.53047407
-0.5488056
-0.54082865
-0.5431952
-0.5404282
-0.5453858
-0.5496877
-0.5475529
-0.5437637
-0.5708352
-0.5592595
-0.5555884
-0.56657994
-0.55635417
-0.5737769
-0.5632798
-0.55907494
-0.57299465
-0.55835384
-0.55514884
-0.5607147
-0.5598784
-0.5539766
-0.55679107
-0.5674503
-0.5594732
-0.560131
-0.56196517
-0.5616711
-0.5746777
-0.5665961
-0.55237883
-0.55546385
-0.57249403
-0.5526367
-0.5786838
-0.5681541
-0.5597803
-0.56555027
-0.57304126
-0.56506526
-0.54757375
-0.54608977
-0.5757156
-0.57141715
-0.55512357
-0.5815775
-0.5686638
-0.5599101
-0.55509216
-0.5705176
-0.57632166
-0.5496279
-0.5615745
-0.5750796
-0.57121706
-0.56291646
-0.57545835
-0.584983
-0.5544456
-0.56369257
-0.57269865
-0.5667601
-0.5548211
-0.5674271
-0.5595986
-0.5622721
-0.5533067
-0.55403024
-0.56700116
-0.58277404
-0.5732536
-0.5699331
-0.55866086
-0.57094246
-0.5747285
-0.56527585
-0.5724898
-0.5714809
-0.5739712
-0.57200104
-0.57925314
-0.57703114
-0.5606869
-0.55699563
-0.5643183
-0.55177253
-0.56912166
-0.5733551
-0.5727989
-0.56801903
-0.5692351
-0.5679419
-0.57876337
-0.57210606
-0.57314694
-0.5565401
-0.5852448
-0.5660623
-0.57724154
-0.56327814
-0.55975354
-0.57973456
-0.5915985
-0.55555046
-0.580754
-0.56260365
-0.5789263
-0.5628608
-0.58002126
-0.5787368
-0.5633975
-0.5666183
-0.56595516
-0.56844556
-0.56445485
-0.5694718
-0.58018315
-0.5791716
-0.5660764
-0.5795663
-0.56804174
-0.5829034
-0.5739175
-0.5647528
-0.5744663
-0.5599785
-0.5764442
-0.5690935
-0.5781896
-0.5858535
-0.58006763
-0.5828588
-0.57916206
-0.5686235
-0.58631665
-0.5777937
-0.5926616
-0.5708393
-0.572364
-0.571153
-0.5701844
-0.5685091
-0.5694094
-0.56774914
-0.56779164
-0.587625
-0.5737939
-0.57731086
-0.599875
-0.5819309
-0.5867876
-0.5914457
-0.56906563
-0.57536095
-0.56472033
-0.5921583
-0.57046026
-0.5718357
-0.5845856
-0.58115077
-0.5741455
-0.56726015
-0.58747643
-0.5795148
-0.57670134
-0.5852687
-0.56792223
-0.5682809
-0.57488334
-0.566748
-0.5792564
-0.5756551
-0.5791833
-0.57661575
-0.5785344
-0.5869073
-0.5672219
-0.574375
-0.5681438
-0.5919849
-0.5819078
-0.5871037
-0.56731653
-0.5965821
-0.57846993
-0.57907325
-0.5844362
-0.580894
-0.5732046
-0.5852937
-0.5858922
-0.5795608
-0.5808854
-0.5865499
-0.58713347
-0.57793134
-0.5762808
-0.57022893
-0.5872057
-0.58491266
-0.57103586
-0.57446986
-0.58735496
-0.58544797
-0.5927135
-0.5727958
-0.5964463
-0.59222096
-0.58044535
-0.5813234
-0.5827062
-0.5906726
-0.5787083
-0.583725
-0.5662163
-0.58715516
-0.5783668
-0.56646323
-0.5824116
-0.5831333
-0.5875818
-0.5804221
-0.5705241
-0.5854106
-0.5825789
-0.5761305
-0.56830484
-0.58381295
-0.5865495
-0.58116984
-0.5864395
-0.57705355
-0.5897265
-0.5975197
-0.59910834
-0.5846258
-0.58399427
-0.5888084
-0.58313435
-0.59124506
-0.5815764
-0.60162216
-0.5849565
-0.5771376
-0.57127136
-0.5716179
-0.5937416
-0.6036223
-0.5878997
-0.59156036
-0.58486235
-0.59632343
-0.5763538
-0.58406514
-0.58921146
-0.59364414
-0.58607996
-0.591611
-0.5920393
-0.5868651
-0.5778367
-0.58442575
-0.5901118
-0.58631635
-0.58473027
-0.5908978
-0.58907944
-0.5969257
-0.58797675
-0.59155214
-0.58224434
-0.59104425
-0.5817175
-0.59454286
-0.6078903
-0.6010193
-0.58429456
-0.5848079
-0.5714988
-0.57448816
-0.59702986
-0.58676344
-0.58354074
-0.60441285
-0.58790815
-0.5963175
-0.59634596
-0.59749323
-0.58047837
-0.5896122
-0.5888596
-0.5986189
-0.58789825
-0.5901251
-0.5913374
-0.6086438
-0.57621425
-0.5841343
-0.59405285
-0.5938266
-0.60126734
-0.59364253
-0.58221936
-0.6004921
-0.59086365
-0.5962112
-0.6011878
-0.6029522
-0.5843623
-0.5855614
-0.5962274
-0.5914096
-0.5953087
-0.6008316
-0.60222167
-0.5918025
-0.59942657
-0.58631694
-0.5941461
-0.58332205
-0.60510254
-0.61966395
-0.600504
-0.6081363
-0.5847887
-0.5968734
-0.6061854
-0.59874153
-0.5971921
-0.5998462
-0.5871931
-0.57971066
-0.5929811
-0.5999141
-0.59876454
-0.59981453
-0.6041134
-0.60088795
-0.5997374
-0.60324377
-0.58982366
-0.6133233
-0.61065835
-0.6028283
-0.6057352
-0.6037226
-0.6148509
-0.6006708
-0.57488626
-0.5998383
-0.5846389
-0.5998696
-0.5982107
-0.592893
-0.61278003
-0.60334414
-0.59073675
-0.6094043
-0.6067809
-0.6103359
-0.60773987
-0.6031026
-0.6041124
-0.6069014
-0.6108921
-0.5937499
-0.61263573
-0.5965319
-0.5960485
-0.5977029
-0.608798
-0.59928733
-0.6034184
-0.60333556
-0.62057775
-0.6150964
-0.5982375
-0.6055658
-0.61950904
-0.6022462
-0.60418427
-0.59654605
-0.60422355
-0.6049987
-0.5971212
-0.6085747
-0.6139541
-0.60644406
-0.60319674
-0.6082752
-0.612988
-0.612991
-0.60907423
-0.5976912
-0.6075583
-0.6125047
-0.6056414
-0.6094035
-0.6039214
-0.5999599
-0.61297774
-0.5952637
-0.60542977
-0.6013857
-0.6030623
-0.61828226
-0.612095
-0.6163882
-0.6089707
-0.60260516
-0.611447
-0.6097248
-0.59727424
-0.60113925
-0.593507
-0.6076038
-0.5987069
-0.609862
-0.61409277
-0.6028009
-0.6030386
-0.6117733
-0.6249147
-0.61203194
-0.59964234
-0.61127234
-0.6125222
-0.6053159
-0.62607425
-0.60647255
-0.61157215
-0.61805266
-0.6111725
-0.62150705
-0.62562114
-0.6114214
-0.61383814
-0.61399823
-0.6171381
-0.607417
-0.61566556
-0.6048817
-0.6116305
-0.61587626
-0.6089176
-0.59886503
-0.6232301
-0.60745585
-0.6039303
-0.6067368
-0.6174893
-0.6272496
-0.61196864
-0.6096815
-0.6071931
-0.61430424
-0.59597856
-0.6138841
-0.6127489
-0.6014778
-0.6009802
-0.6079671
-0.6138313
-0.6183432
-0.6058667
-0.611084
-0.6053486
-0.6184901
-0.6191665
-0.6108383
-0.60081893
-0.60676104
-0.6270033
-0.6089169
-0.62980026
-0.6159408
-0.612218
-0.62865674
-0.59163445
-0.6125053
-0.6199716
-0.62050647
-0.61070293
-0.6261046
-0.60498357
-0.6109972
-0.60395503
-0.61122906
-0.63189846
-0.6121326
-0.61893624
-0.6117725
-0.6154882
-0.5992794
-0.60503656
-0.6138418
-0.61882514
-0.597737
-0.60453284
-0.6078231
-0.61620885
-0.6086281
-0.6041321
-0.6055831
-0.5892029
-0.6110028
-0.61672163
-0.61648625
-0.6135791
-0.60945535
-0.6139251
-0.61575985
-0.6204985
-0.61869115
-0.609634
-0.6159783
-0.6208236
-0.59261686
-0.6090386
-0.60986096
-0.614926
-0.6191017
-0.6091911
-0.63722134
-0.6171472
-0.62188315
-0.6161049
-0.61708915
-0.6203393
-0.6355293
-0.62668407
-0.6121856
-0.6257811
-0.62294304
-0.6153289
-0.62782854
-0.6177288
-0.61609536
-0.6251871
-0.63180196
-0.6032324
-0.6250533
-0.61515886
-0.6262009
-0.6210325
-0.60205054
-0.6121989
-0.60591865
-0.62365913
-0.62970066
-0.6188165
-0.61620796
-0.6222721
-0.61024714
-0.6056264
-0.6199588
-0.60477656
-0.6141999
-0.60935426
-0.6219113
-0.6195795
-0.61713016
-0.6126914
-0.6142924
-0.62176484
-0.6230132
-0.606564
-0.6106112
-0.61288667
-0.6253213
-0.61505604
-0.624074
-0.62017566
-0.62558514
-0.6152782
-0.6266846
-0.62992823
-0.62338084
-0.6109443
-0.62450725
-0.62219477
-0.6158148
-0.62779146
-0.6065104
-0.6245612
-0.61740565
-0.6262065
-0.61469746
-0.6127503
-0.6244911
-0.61804646
-0.6143849
-0.6155887
-0.6210462
-0.60749745
-0.6312631
-0.6092905
-0.6341578
-0.62202483
-0.63472444
-0.62046087
-0.6202824
-0.6243825
-0.6336267
-0.62152725
-0.61149836
-0.6002656
-0.62827635
-0.6187247
-0.622173
-0.6206445
-0.6252229
-0.6209719
-0.60437423
-0.6226955
-0.62061733
-0.6236109
-0.61539465
-0.63509893
-0.6201665
-0.62793565
-0.6188684
-0.630158
-0.6299369
-0.62504596
-0.63023984
-0.6276072
-0.6202957
-0.6241151
-0.6290459
-0.62188137
-0.6212029
-0.61569375
-0.6312409
-0.62721395
-0.62828296
-0.6350591
-0.62660897
-0.63772833
-0.6274829
-0.6239932
-0.6146076
-0.61122996
-0.6245766
-0.61260605
-0.608762
-0.62199277
-0.61790967
-0.62686205
-0.6262466
-0.6279771
-0.6309931
-0.6358462
-0.62555134
-0.6283457
-0.62197226
-0.6216039
-0.6257453
-0.6270729
-0.6398395
-0.6223423
-0.6339703
-0.6246092
-0.62355304
-0.6177299
-0.6123735
-0.6211809
-0.6292424
-0.6375517
-0.6278191
-0.62833285
-0.639512
-0.6345701
-0.6218247
-0.6197572
-0.63123477
-0.63026804
-0.63393337
-0.62230164
-0.6206454
-0.6194947
-0.6115547
-0.6228049
-0.61487
-0.63257605
-0.6235453
-0.64165133
-0.62544596
-0.6196152
-0.62714654
-0.61572963
-0.6367633
-0.6208428
-0.63035554
-0.6201492
-0.6275745
-0.62723523
-0.62324685
-0.6317691
-0.6237039
-0.63532037
-0.63398284
-0.61586374
-0.6329228
-0.6310579
-0.63939273
-0.6331266
-0.62726134
-0.6264412
-0.6267464
-0.6299414
-0.64611
-0.6242006
-0.6214842
-0.62317866
-0.62306803
-0.62521714
-0.6399639
-0.622585
-0.62538534
-0.62879544
-0.6233623
-0.63763016
-0.6223286
-0.63052714
-0.6169863
-0.6347565
-0.6160169
-0.6508335
-0.63176
-0.6083006
-0.6235589
-0.61812264
-0.6281288
-0.6135221
-0.6361364
-0.6364638
-0.6282955
-0.63333845
-0.631627
-0.62870926
-0.6105449
-0.6196174
-0.6329267
-0.6293588
-0.6316491
-0.62684345
-0.6249202
-0.6465155
-0.6250572
-0.6248504
-0.6276255
-0.622615
-0.6170574
-0.6301564
-0.6375243
-0.6171316
-0.632119
-0.6438756
-0.6425467
-0.6295288
-0.62666994
-0.6213613
-0.63491744
-0.6294402
-0.63302124
-0.6332598
-0.6209618
-0.6246821
-0.62601537
-0.63096225
-0.6199022
-0.6382017
-0.6339329
-0.6264532
-0.62775916
-0.6298106
-0.63054866
-0.6326543
-0.6291826
-0.6209271
-0.6166002
-0.64008623
-0.6448725
-0.6310986
-0.64344555
-0.63343674
-0.63032883
-0.6237127
-0.62552935
-0.61913645
-0.62681586
-0.620693
-0.63029695
-0.6374587
-0.6325422
-0.625665
-0.6416323
-0.6308158
-0.62240577
-0.6313305
-0.620968
-0.63241416
-0.6173484
-0.6485046
-0.62327707
-0.64072776
-0.623262
-0.62115675
-0.638156
-0.62918097
-0.6294704
-0.6221925
-0.6283926
-0.6326765
-0.6456034
-0.621677
-0.6395501
-0.6321101
-0.6310903
-0.6177911
-0.62032264
-0.6201806
-0.62827843
-0.62390405
-0.6231804
-0.6206493
-0.6386208
-0.6212288
-0.631598
-0.6260769
-0.62559676
-0.6305719
-0.63088554
-0.6323459
-0.6215556
-0.63423336
-0.622624
-0.6170003
-0.62706685
-0.6306425
-0.6153353
-0.6248733
-0.6388928
-0.6243046
-0.63120383
-0.61290497
-0.63014024
-0.6535371
-0.62838805
-0.6383971
-0.62846726
-0.625502
-0.6244507
-0.63441586
-0.6336043
-0.64295584
-0.61448854
-0.6349149
-0.63397443
-0.6196926
-0.630894
-0.63206375
-0.63086253
-0.6301021
-0.63474244
-0.6328106
-0.62699217
-0.61798424
-0.63366354
-0.632601
-0.6177574
-0.62706715
-0.64103305
-0.6221929
-0.6370207
-0.63558215
-0.62545043
-0.6272748
-0.63456583
-0.6195685
-0.62057316
-0.61708874
-0.6403558
-0.6342243
-0.6257929
-0.62727827
-0.6563746
-0.6404393
-0.62621826
-0.6313909
-0.6423372
-0.63269943
-0.6363125
-0.6390284
-0.63462335
-0.62945044
-0.62804645
-0.62883735
-0.63381433
-0.6318313
-0.64777595
-0.622124
-0.63328177
-0.6258887
-0.63750786
-0.62522006
-0.6356025
-0.63420403
-0.6261023
-0.6360448
-0.6465436
-0.6349486
-0.641581
-0.6280737
-0.6381987
-0.62316483
-0.6382232
-0.6263858
-0.62475795
-0.63244444
-0.6113694
-0.6506056
-0.6412313
-0.6320587
-0.6230722
-0.6231867
-0.630003
-0.63117915
-0.62517285
-0.6286401
-0.6157862
-0.638961
-0.65232843
-0.62498367
-0.63932484
-0.6306901
-0.6140258
-0.64105237
-0.6341879
-0.6239106
-0.65377915
-0.627437
-0.63611645
-0.63619727
-0.6271508
-0.63201815
-0.6263602
-0.6443506
-0.6356226
-0.63384926
-0.61878
-0.6133535
-0.6410273
-0.6387837
-0.6331654
-0.6433197
-0.63712215
-0.63456124
-0.6319218
-0.62092394
-0.6400399
-0.63672763
-0.61796945
-0.636803
-0.6219146
-0.6284316
-0.63517797
-0.6393547
-0.62715226
-0.6303652
-0.62874603
-0.64007443
-0.6106783
-0.6394369
-0.6371516
-0.6251508
-0.63114125
-0.62868804
-0.6172601
-0.63607013
-0.6388263
-0.63652474
-0.62293744
-0.6418793
-0.64542174
-0.6157927
-0.63158566
-0.625729
-0.61570126
-0.64081216
-0.63689005
-0.6330865
-0.626109
-0.63067603
-0.6437125
-0.6362116
-0.640319
-0.63261425
-0.635595
-0.6334243
-0.63849837
-0.6333859
-0.6388051
-0.6352813
-0.6324805
-0.63253164
-0.624815
-0.62442493
-0.62950784
-0.6266529
-0.6049333
-0.6242282
-0.6265722
-0.63757133
-0.6201568
-0.6373966
-0.63418055
-0.6327431
-0.62458825
-0.6326986
-0.629412
-0.63428265
-0.6415439
-0.644848
-0.6335827
-0.62910783
-0.62714225
-0.6407133
-0.6282974
-0.6322262
-0.6442462
-0.6269565
-0.64539665
-0.6305554
-0.6373666
-0.6270199
-0.64311403
-0.6338762
-0.6252284
-0.6330465
-0.64058334
-0.6418092
-0.63631153
-0.6295719
-0.64123106
-0.61910224
-0.6343525
-0.6378373
-0.6420415
-0.6355
-0.61648566
-0.63188714
-0.6251617
-0.6296977
-0.6390034
-0.6345689
-0.6303632
-0.62888956
-0.6299797
-0.61824286
-0.64249164
-0.644412
-0.62338233
-0.63527817
-0.62772983
-0.63448864
-0.6371481
-0.6163699
-0.6345705
-0.63355875
-0.6382662
-0.6338816
-0.6433212
-0.6408374
-0.63156736
-0.6407807
-0.6270179
-0.64019394
-0.6293839
-0.6353718
-0.63571197
-0.63249594
-0.63118535
-0.6502856
-0.62813336
-0.64004517
-0.63141245
-0.63246775
-0.64387095
-0.627067
-0.64829236
-0.65578103
-0.63799244
-0.6485268
-0.62921256
-0.6470557
-0.63495773
-0.6325431
-0.6389084
-0.6409418
-0.6195013
-0.6377118
-0.648673
-0.6229844
-0.6452268
-0.6284346
-0.6192871
-0.63877475
-0.64856035
-0.63146836
-0.6418496
-0.6420959
-0.645019
-0.63681805
-0.62460375
-0.62805337
-0.6383046
-0.6452206
-0.628395
-0.63383424
-0.6389726
-0.6386143
-0.64026636
-0.64225817
-0.6337117
-0.63767153
-0.63909525
-0.6255935
-0.63973135
-0.640324
-0.64548755
-0.64132893
-0.64168096
-0.6263604
-0.6376776
-0.6196924
-0.6332186
-0.6325755
-0.63573545
-0.6292394
-0.6516684
-0.630913
-0.6394653
-0.6448123
-0.6345908
-0.6264678
-0.64061034
-0.63885355
-0.635297
-0.62377536
-0.63111067
-0.6337315
-0.6237289
-0.6375204
-0.63216424
-0.63245356
-0.62539536
-0.6371198
-0.6414512
-0.6246136
-0.63766706
-0.63044477
-0.6224195
-0.6360839
-0.63071764
-0.64206606
-0.6428956
-0.63107985
-0.63606465
-0.63557386
-0.6393228
-0.64274657
-0.64067227
-0.63462436
-0.6311157
-0.6196261
-0.6477956
-0.64082456
-0.6314257
-0.62756866
-0.6237127
-0.63000095
-0.6365582
-0.6273066
-0.636922
-0.63257235
-0.64942425
-0.6408817
-0.6410028
-0.6242324
-0.649332
-0.63027304
-0.6251624
-0.6273238
-0.626224
-0.6238815
-0.6447949
-0.6345482
-0.6347168
-0.63113886
-0.63249916
-0.64367616
-0.6306909
-0.627589
-0.62678653
-0.6426216
-0.63564384
-0.6281539
-0.64350957
-0.63288414
-0.62158275
-0.63363564
-0.63500094
-0.62661886
-0.63168573
-0.64550585
-0.6360724
-0.6486632
-0.63056713
-0.6362937
-0.6268159
-0.6245439
-0.6343558
-0.6234147
-0.62687075
-0.63678014
-0.63092184
-0.6356963
-0.62501115
-0.6237693
-0.6425422
-0.6247375
-0.63838315
-0.63541025
-0.6386768
-0.63606596
-0.64553213
-0.6383511
-0.63534176
-0.6246355
-0.631932
-0.6479621
-0.639723
-0.6279825
-0.62754357
-0.63072944
-0.642739
-0.6325595
-0.634936
-0.63049275
-0.6377501
-0.6273169
-0.64454865
-0.63094735
-0.6419817
-0.6391562
-0.64195085
-0.6371109
-0.64595664
-0.6288607
-0.63345855
-0.6544557
-0.63429546
-0.6416102
-0.64078635
-0.6406634
-0.64911693
-0.62732667
-0.63557494
-0.6585782
-0.64051896
-0.6447185
-0.6458862
-0.6365333
-0.6313819
-0.63534975
-0.64181924
-0.63550353
-0.6540993
-0.61876625
-0.6376586
-0.63696265
-0.62901354
-0.64023715
-0.6471767
-0.6375262
-0.62819105
-0.6295099
-0.6486516
-0.64519495
-0.6403105
-0.6369165
-0.62829083
-0.6270576
-0.63776326
-0.64447916
-0.6416435
-0.63837385
-0.6368751
-0.6454229
-0.6413217
-0.63008404
-0.6310516
-0.62897897
-0.6386321
-0.6401851
-0.6428219
-0.62098867
-0.63461614
-0.6482739
-0.631384
-0.6308484
-0.64144397
-0.6406013
-0.6457486
-0.65193236
-0.64598566
-0.6456682
-0.6379322
-0.6323567
-0.637746
-0.6382881
-0.6303398
-0.6326927
-0.64371485
-0.63147295
-0.6364436
-0.6443885
-0.6343632
-0.6252067
-0.6274812
-0.6258924
-0.6396484
-0.65121126
-0.6247597
-0.6317679
-0.6402707
-0.6246567
-0.64117837
-0.6340187
-0.65446514
-0.6392328
-0.6293108
-0.6406745
-0.6512742
-0.6475151
-0.6452696
-0.6266599
-0.6381553
-0.636975
-0.6457211
-0.63439107
-0.6411455
-0.6372156
-0.6467165
-0.62182224
-0.6379584
-0.65400803
-0.6349047
-0.6223606
-0.6456821
-0.6453695
-0.6485958
-0.6379839
-0.64883745
-0.63073176
-0.6476064
-0.63816726
-0.6304419
-0.63827544
-0.6383655
-0.6493625
-0.6457729
-0.63912857
-0.63873124
-0.64358205
-0.6366077
-0.6348353
-0.63421875
-0.64399356
-0.6332015
-0.6465266
-0.64008087
-0.6429562
-0.6543332
-0.6251217
-0.6562302
-0.65515584
-0.64052707
-0.6463139
-0.6482741
-0.6345269
-0.6454283
-0.6220105
-0.64626867
-0.62827486
-0.6424923
-0.63703746
-0.6328546
-0.637056
-0.6328407
-0.64506966
-0.62720513
-0.6386185
-0.63429177
-0.6423812
-0.6219461
-0.6356802
-0.63902694
-0.6306462
-0.6293394
-0.6548114
-0.6496502
-0.6309767
-0.6331538
-0.6282668
-0.6438818
-0.6440884
-0.6266444
-0.63603896
-0.63042754
-0.63219106
-0.6310413
-0.6336208
-0.64870805
-0.631949
-0.6347437
-0.6459583
-0.6386772
-0.64667964
-0.6489618
-0.64227915
-0.63431203
-0.6363447
-0.6265689
-0.6264727
-0.6214138
-0.64004934
-0.6291578
-0.6471342
-0.64042085
-0.644775
-0.6251652
-0.6348122
-0.64393306
-0.63863385
-0.64684266
-0.64383835
-0.62521523
-0.637047
-0.64001876
-0.63901865
-0.6456664
-0.6358441
-0.6417799
-0.64742225
-0.64500606
-0.63765657
-0.6532596
-0.6430031
-0.63023275
-0.6290651
-0.65405214
-0.63597447
-0.6391247
-0.6455943
-0.6369853
-0.638562
-0.64739776
-0.6289578
-0.6308626
-0.6073256
-0.62771237
-0.6313123
-0.6446703
-0.6341846
-0.6353996
-0.6367117
-0.6327629
-0.64053464
-0.6371588
-0.6322517
-0.6473487
-0.6318466
-0.63649166
-0.636061
-0.6256736
-0.63092756
-0.64034617
-0.6409726
-0.6440886
-0.6411459
-0.62628037
-0.6426124
-0.6391288
-0.63508534
-0.63626033
-0.63927746
-0.6485217
-0.64337224
-0.64424735
-0.62420607
-0.6505726
-0.6368457
-0.6410014
-0.63902795
-0.6451092
-0.6378937
-0.62970287
-0.6378734
-0.63642687
-0.65274334
-0.64822465
-0.64690864
-0.62741494
-0.6262261
-0.64416903
-0.6330562
-0.62381524
-0.6351211
-0.6423009
-0.6425522
-0.63900906
-0.65456295
-0.6423954
-0.642766
-0.646606
-0.6501279
-0.62272775
-0.62082577
-0.6450952
-0.637068
-0.6321265
-0.64793795
-0.6411607
-0.6298891
-0.6314123
-0.62957126
-0.6392123
-0.6483637
-0.62679803
-0.63970184
-0.6460177
-0.626619
-0.63628066
-0.6387982
-0.6381025
-0.63996035
-0.6444156
-0.631773
-0.64439267
-0.6486696
-0.64496416
-0.63162524
-0.6396963
-0.6469831
-0.63472104
-0.63875645
-0.6513296
-0.6433568
-0.63850766
-0.6368013
-0.6374643
-0.63352907
-0.6384197
-0.63141936
-0.64045084
-0.64745194
-0.6435954
-0.6430749
-0.63772863
-0.64080524
-0.64144766
-0.6558072
-0.65013117
-0.6363949
-0.6391167
-0.62699705
-0.6296336
-0.64285976
-0.6383284
-0.637303
-0.63604885
-0.6409813
-0.6437193
-0.6367772
-0.62429434
-0.646726
-0.64233816
-0.6390213
-0.6479716
-0.63821626
-0.6484924
-0.64774144
-0.6394431
-0.6525817
-0.63575286
-0.65033746
-0.64565223
-0.6250719
-0.64202166
-0.6512934
-0.63379914
-0.64643353
-0.642756
-0.64431447
-0.6372204
-0.63227624
-0.6273991
-0.64034504
-0.6425297
-0.6423364
-0.6361459
-0.6387981
-0.6262637
-0.62654805
-0.6367579
-0.6487214
-0.6327706
-0.6350927
-0.64426243
-0.6380142
-0.64176357
-0.6350467
-0.6406229
-0.6320137
-0.6496042
-0.64031184
-0.63980865
-0.6444527
-0.6367273
-0.64564157
-0.6393687
-0.63084286
-0.6422224
-0.6435441
-0.63969356
-0.6507125
-0.62850046
-0.6336087
-0.6369592
-0.6360697
-0.636597
-0.64215523
-0.6291592
-0.6352484
-0.62910104
-0.6338137
-0.6452715
-0.6335155
-0.6290397
-0.65560526
-0.63674366
-0.6311888
-0.61679995
-0.6374279
-0.6370914
-0.63832825
-0.63664365
-0.6461045
-0.6542901
-0.6203041
-0.64528507
-0.6386535
-0.64249074
-0.6456989
-0.645367
-0.64254165
-0.64616275
-0.64076054
-0.6356295
-0.6437048
-0.6206908
-0.64073426
-0.6320621
-0.62516516
-0.6505251
-0.6346786
-0.6421097
-0.62901855
-0.61937624
-0.6334349
-0.64631575
-0.63229996
-0.63576275
-0.63063335
-0.640792
-0.6343974
-0.6301816
-0.6293179
-0.6374699
-0.63600194
-0.6201125
-0.65819657
-0.63747346
-0.6423338
-0.6279242
-0.63008016
-0.6375139
-0.6473615
-0.62948626
-0.629132
-0.64338714
-0.63749
-0.65225357
-0.62906873
-0.63641053
-0.6361896
-0.63814235
-0.6504615
-0.6532441
-0.6297998
-0.6454166
-0.63744307
-0.63911074
-0.63700306
-0.62975085
-0.63420725
-0.6414205
-0.6514542
-0.63568634
-0.6353256
-0.64750344
-0.6388274
-0.6414027
-0.6342606
-0.63091934
-0.63189524
-0.63666266
-0.6213571
-0.6308015
-0.64314836
-0.63587254
-0.6421489
-0.6388527
-0.64506197
-0.6483342
-0.63511
-0.65210444
-0.6353207
-0.6270473
-0.64272714
-0.63372
-0.636008
-0.64253676
-0.6387232
-0.62996775
-0.63772225
-0.64710826
-0.64190704
-0.6281492
-0.6272027
-0.63850206
-0.632704
-0.63589025
-0.6397977
-0.6373633
-0.6451118
-0.6421014
-0.6387327
-0.6513432
-0.64110464
-0.6251211
-0.6350055
-0.65272135
-0.6481095
-0.63766974
-0.6361612
-0.6317817
-0.6456693
-0.63679177
-0.6250504
-0.652066
-0.64477414
-0.6338543
-0.656118
-0.6508371
-0.6465279
-0.64087564
-0.6400837
-0.6426528
-0.6286442
-0.6535092
-0.6450713
-0.63855624
-0.6418559
-0.6347782
-0.62915576
-0.6332391
-0.63252604
-0.6326493
-0.63866925
-0.63614744
-0.64464957
-0.6376108
-0.6472491
-0.6419614
-0.6455498
-0.6489807
-0.6245563
-0.64459246
-0.64290375
-0.63846946
-0.6468483
-0.647538
-0.6442327
-0.64063805
-0.6462035
-0.62342745
-0.63956004
-0.63599753
-0.6451916
-0.6265126
-0.63954616
-0.64231426
-0.6330065
-0.63648134
-0.6432752
-0.6268736
-0.6554291
-0.63556266
-0.64353764
-0.6250133
-0.6467612
-0.63041043
-0.64600396
-0.6469958
-0.64749575
-0.65705216
-0.63940716
-0.64389956
-0.63505125
-0.65386856
-0.64787245
-0.62789315
-0.65176505
-0.6233051
-0.6329835
-0.63009226
-0.64223593
-0.6363482
-0.64115834
-0.6380027
-0.6392166
-0.6337071
-0.64554644
-0.6356189
-0.6400707
-0.6393723
-0.6526597
-0.62923384
-0.63192564
-0.63554555
-0.63872516
-0.63935685
-0.63343173
-0.62572664
-0.6478634
-0.63502526
-0.64242697
-0.63946193
-0.6359345
-0.63216245
-0.6403165
-0.63717926
-0.63338095
-0.64674085
-0.64271903
-0.6378545
-0.64774704
-0.6386681
-0.63085234
-0.6586453
-0.64795166
-0.62832594
-0.64165443
-0.6446282
-0.6347435
-0.63391185
-0.6532857
-0.64599764
-0.64485276
-0.631013
-0.6441572
-0.633884
-0.6422032
-0.64866936
-0.62193257
-0.6381874
-0.6417772
-0.65014875
-0.63422555
-0.6246984
-0.6404192
-0.65305626
-0.6477986
-0.64640236
-0.6296711
-0.62656796
-0.6387875
-0.6406832
-0.65618557
-0.6378729
-0.635416
-0.63597393
-0.6380736
-0.64919573
-0.6389926
-0.63676476
-0.6307468
-0.64700985
-0.64192426
-0.63832873
-0.64815956
-0.63728374
-0.62665004
-0.65861404
-0.64124876
-0.6395474
-0.6413529
-0.6427092
-0.6298949
-0.6422748
-0.6425708
-0.6413527
-0.6405105
-0.6430965
-0.64109415
-0.6383695
-0.64355886
-0.63048714
-0.6450059
-0.6322074
-0.6450374
-0.6525458
-0.6455838
-0.63694316
-0.63359004
-0.63899666
-0.6283487
-0.63242674
-0.6498664
-0.64952034
-0.63767564
-0.6390992
-0.65130293
-0.6470481
-0.6326253
-0.650252
-0.6467542
-0.64150673
-0.649022
-0.6490386
-0.6304941
-0.6440308
-0.64045006
-0.6324079
-0.64636016
-0.6448907
-0.63763785
-0.6431525
-0.639001
-0.63731605
-0.64118314
-0.6367291
-0.6534268
-0.6349735
-0.6291754
-0.64621717
-0.63250065
-0.6397339
-0.6353437
-0.6339408
-0.63529474
-0.63184863
-0.6362845
-0.6277759
-0.6366135
-0.6241407
-0.6417637
-0.6519055
-0.63241017
-0.63855475
-0.6427548
-0.6335581
-0.65135586
-0.64345026
-0.6350215
-0.64462596
-0.65305334
-0.6462885
-0.6428594
-0.6327143
-0.62922394
-0.6480005
-0.64487267
-0.63937443
-0.6339503
-0.6377256
-0.6317094
-0.6355897
-0.6403305
-0.6204235
-0.628744
-0.6526229
-0.6420177
-0.6490817
-0.64491534
-0.64231473
-0.6361631
-0.654092
-0.6234499
-0.64816916
-0.6480582
-0.6477807
-0.6199312
-0.64459324
-0.6357342
-0.6306885
-0.63747084
-0.6267201
-0.6291162
-0.63742596
-0.6472145
-0.6468029
-0.63061
-0.6466813
-0.62697387
-0.63109666
-0.6378671
-0.6358891
-0.6462999
-0.630608
-0.6285745
-0.63314015
-0.63972354
-0.6377705
-0.6398797
-0.6354673
-0.6396375
-0.6393972
-0.6429308
-0.64053947
-0.6458033
-0.6506497
-0.62527496
-0.6279096
-0.6449609
-0.63424253
-0.64313763
-0.6449328
-0.6522449
-0.62741566
-0.6451572
-0.6409121
-0.64720565
-0.6268765
-0.6313374
-0.64456475
-0.65135115
-0.64295304
-0.63330925
-0.63265103
-0.62006396
-0.66375756
-0.6358884
-0.6414663
-0.65353286
-0.6495998
-0.6515266
-0.649053
-0.6414043
-0.6448151
-0.63427234
-0.638029
-0.6475218
-0.6509116
-0.6324907
-0.63593966
-0.621203
-0.6472592
-0.64074135
-0.63663393
-0.62602305
-0.6301315
-0.64616865
-0.6430107
-0.6473028
-0.62868315
-0.6345628
-0.6462469
-0.6337366
-0.6344085
-0.6240965
-0.6314795
-0.6371585
-0.6320459
-0.6393372
-0.63708395
-0.6421696
-0.6271167
-0.6441267
-0.6275494
-0.63747257
-0.6463125
-0.6224093
-0.6228584
-0.636651
-0.6494305
-0.64442617
-0.6317936
-0.64735276
-0.6465844
-0.64961904
-0.639567
-0.6257975
-0.62777334
-0.6380004
-0.63797814
-0.6500857
-0.64184856
-0.625962
-0.647485
-0.654071
-0.63522416
-0.6454267
-0.6376735
-0.6421044
-0.63553286
-0.6414048
-0.6298311
-0.6395116
-0.6384866
-0.64341396
-0.6441749
-0.648096
-0.65530294
-0.6274725
-0.641992
-0.63337415
-0.6315982
-0.6409951
-0.6576932
-0.63330466
-0.64321774
-0.63967377
-0.64571446
-0.64205414
-0.6392347
-0.64521873
-0.63824034
-0.63775367
-0.6414706
-0.62814856
-0.6397006
-0.6374062
-0.64139
-0.6301913
-0.63731724
-0.63678247
-0.6463653
-0.6468886
-0.63206846
-0.63403594
-0.6373105
-0.6440627
-0.6521013
-0.6344968
-0.634109
-0.6482412
-0.6476125
-0.64397615
-0.6303923
-0.6533773
-0.63377917
-0.6313738
-0.6514678
-0.63920295
-0.63739806
-0.6343653
-0.6393206
-0.6095795
-0.64193803
-0.62519985
-0.6413736
-0.63589704
-0.6459644
-0.63485503
-0.6270181
-0.6581076
-0.63771516
-0.65122217
-0.64289457
-0.6344226
-0.64864427
-0.637522
-0.64040715
-0.63724494
-0.6496638
-0.6391521
-0.63883436
-0.6366369
-0.63783413
-0.6426063
-0.6430437
-0.63500214
-0.627245
-0.64312446
-0.6468947
-0.6395562
-0.6338125
-0.6506432
-0.6384271
-0.63565505
-0.6406539
-0.6324888
-0.64403653
-0.6373514
-0.6278483
-0.6386925
-0.64429843
-0.6468307
-0.65346926
-0.6325424
-0.6299372
-0.6373032
-0.6450365
-0.6429411
-0.6247009
-0.6441311
-0.65125245
-0.62217754
-0.64699
-0.62385887
-0.64637786
-0.64387167
-0.6451945
-0.64385426
-0.63950056
-0.64108515
-0.6540435
-0.63267064
-0.63040125
-0.6242412
-0.64157283
-0.6278745
-0.64659464
-0.64108974
-0.64216584
-0.64116013
-0.65178317
-0.6442047
-0.63822484
-0.64555514
-0.65048605
-0.6395325
-0.64824206
-0.64626056
-0.63022596
-0.6442345
-0.6503412
-0.6524888
-0.64001244
-0.6379824
-0.63764894
-0.636336
-0.63733
-0.65379244
-0.6438299
-0.643018
-0.65204465
-0.62463176
-0.6361287
-0.6442079
-0.64069927
-0.64446425
-0.6371362
-0.6378036
-0.64725834
-0.6386935
-0.64346427
-0.62492377
-0.6366844
-0.64827794
-0.6343493
-0.64409566
-0.6347639
-0.636551
-0.647074
-0.64518964
-0.6416967
-0.64617985
-0.65212905
-0.64036715
-0.64271635
-0.643253
-0.6370558
-0.640276
-0.6494084
-0.632391
-0.6438173
-0.6544348
-0.6447429
-0.63660485
-0.64636594
-0.64653677
-0.6484067
-0.6563721
-0.6282926
-0.6433984
-0.6500149
-0.637875
-0.6488723
-0.6474827
-0.63523245
-0.64745253
-0.633921
-0.6301074
-0.6498713
-0.63472736
-0.6352221
-0.6446008
-0.634346
-0.63327986
-0.65393335
-0.63831013
-0.6263872
-0.6334562
-0.64071035
-0.6461109
-0.6453171
-0.64907855
-0.64465725
-0.6486102
-0.6544411
-0.6495956
-0.6408818
-0.65362537
-0.63833374
-0.6305963
-0.63990176
-0.6371817
-0.63404167
-0.6358541
-0.63545877
-0.64965224
-0.64449203
-0.646326
-0.648081
-0.63012713
-0.6425742
-0.6427428
-0.64135617
-0.6469637
-0.6358183
-0.6392292
-0.6340593
-0.64958835
-0.6504249
-0.6373784
-0.64126927
-0.6458851
-0.63664293
-0.63613665
-0.62701905
-0.6353467
-0.64503974
-0.64187735
-0.64903927
-0.6413735
-0.62977284
-0.64497894
-0.6504116
-0.64152384
-0.64276904
-0.65437925
-0.6472874
-0.6250884
-0.63361555
-0.64353496
-0.6508593
-0.6504382
-0.63849217
-0.6505562
-0.645175
-0.6376855
-0.6320453
-0.6286766
-0.6417169
-0.64832896
-0.6371831
-0.6434233
-0.6380718
-0.6396526
-0.64526844
-0.64677304
-0.6495596
-0.6440124
-0.63317573
-0.65126634
-0.6454951
-0.63999075
-0.64887434
-0.6347816
-0.6252161
-0.6500111
-0.62888104
-0.65116745
-0.6328249
-0.6389175
-0.62474126
-0.6370179
-0.63740385
-0.63028693
-0.6429935
-0.6222942
-0.6409483
-0.64140934
-0.63080657
-0.6481092
-0.6477698
-0.64016354
-0.6376774
-0.6453759
-0.63475704
-0.634879
-0.6182129
-0.6397159
-0.6385746
-0.64438236
-0.65015733
-0.64251345
-0.64147466
-0.6437767
-0.65101916
-0.64310235
-0.6527466
-0.64917356
-0.64082384
-0.648153
-0.6384981
-0.651565
-0.63584286
-0.6423256
-0.6442683
-0.64403427
-0.63326323
-0.6531549
-0.6383013
-0.64338833
-0.6527241
-0.6500801
-0.6529935
-0.6410607
-0.6340265
-0.65481925
-0.6302509
-0.63704747
-0.642503
-0.62618315
-0.63472426
-0.6563714
-0.63050705
-0.63480645
-0.6429166
-0.6487887
-0.64309007
-0.6388962
-0.64887756
-0.64450645
-0.6506093
-0.6450882
-0.6480553
-0.6400375
-0.64813364
-0.63330567
-0.64280427
-0.6394171
-0.6381702
-0.6588541
-0.64530474
-0.64932317
-0.65629464
-0.6316689
-0.6356065
-0.63853115
-0.6307044
-0.65260464
-0.6256469
-0.6412024
-0.6295623
-0.64428496
-0.6469992
-0.6379056
-0.6440817
-0.6394525
-0.6447672
-0.6349594
-0.63256246
-0.64501655
-0.63598216
-0.6358743
-0.6465899
-0.64311314
-0.6398301
-0.63819456
-0.6462728
-0.634801
-0.640468
-0.64236146
-0.6396562
-0.6383039
-0.6374188
-0.64468724
-0.641431
-0.6432491
-0.6348641
-0.6378931
-0.63297945
-0.63609976
-0.63782346
-0.6307153
-0.6355397
-0.65019906
-0.6482917
-0.64016455
-0.6361485
-0.63012105
-0.6290164
-0.6499625
-0.6296382
-0.6251538
-0.6308391
-0.64992714
-0.6334704
-0.6382844
-0.64733666
-0.6476443
-0.6299073
-0.63692594
-0.6380049
-0.6492351
-0.649105
-0.6382871
-0.6414362
-0.64489806
-0.6355589
-0.64308816
-0.63263834
-0.63746846
-0.64091253
-0.6348392
-0.64305305
-0.63168037
-0.6379981
-0.64114016
-0.6304072
-0.64948416
-0.6465937
-0.6332662
-0.64950234
-0.6447551
-0.64440197
-0.6554208
-0.6383154
-0.6387423
-0.6262302
-0.64329624
-0.6480475
-0.62931216
-0.6374243
-0.64427274
-0.6405767
-0.6483311
-0.6468377
-0.6449011
-0.636065
-0.6460451
-0.64716464
-0.64577407
-0.64296657
-0.6374465
-0.64507973
-0.6481458
-0.65137994
-0.6392212
-0.63134664
-0.6427268
-0.63791656
-0.6403557
-0.6469259
-0.6443575
-0.6456469
-0.6534083
-0.6419358
-0.6567573
-0.6413679
-0.64157295
-0.6317606
-0.644405
-0.6485249
-0.6365773
-0.64387804
-0.64682895
-0.63304555
-0.65515244
-0.6401416
-0.63991165
-0.6462405
-0.63918626
-0.6390787
-0.63847536
-0.6522721
-0.64364856
-0.6279219
-0.6429147
-0.64924914
-0.6560586
-0.6368916
-0.6446285
-0.63314307
-0.63874173
-0.6511672
-0.6397721
-0.65322834
-0.6395453
-0.6289472
-0.6355754
-0.6438059
-0.63222134
-0.6422341
-0.6442568
-0.63853496
-0.63270175
-0.6314581
-0.6499114
-0.6343265
-0.650147
-0.6505841
-0.63792694
-0.6460207
-0.64399016
-0.6393178
-0.6445652
-0.62968224
-0.64269924
-0.65446633
-0.6478767
-0.6396809
-0.6279891
-0.64315015
-0.6583338
-0.64209455
-0.6435134
-0.634054
-0.6440117
-0.65394884
-0.6383252
-0.64403576
-0.6410122
-0.64624035
-0.62656575
-0.6432823
-0.6496406
-0.6347125
-0.6453125
-0.63015544
-0.64117724
-0.6458414
-0.64582384
-0.6359291
-0.6520963
-0.64825124
-0.642007
-0.62581474
-0.64259547
-0.64383477
-0.6483692
-0.6368882
-0.6499764
-0.64865583
-0.6501976
-0.64479023
-0.6406015
-0.6497418
-0.64260536
-0.64928174
-0.6380048
-0.65731615
-0.64729947
-0.65267646
-0.62685794
-0.6324095
-0.63877195
-0.6409994
-0.64809084
-0.64185476
-0.63519096
-0.63629854
-0.6472894
-0.63883454
-0.6426411
-0.6441767
-0.62206626
-0.6381498
-0.63347536
-0.62518656
-0.6544936
-0.6499551
-0.64349467
-0.6394298
-0.63934535
-0.64145565
-0.6327689
-0.63615716
-0.6325752
-0.64539117
-0.6314756
-0.63810104
-0.64656085
-0.6396858
-0.636729
-0.63764197
-0.63123316
-0.6338558
-0.633816
-0.64769524
-0.63823897
-0.6280569
-0.6366626
-0.6466696
-0.6425104
-0.6259293
-0.6392267
-0.6475163
-0.6607614
-0.6457094
-0.64580196
-0.65072453
-0.6407089
-0.6390244
-0.6350806
-0.63515544
-0.6513415
-0.63536114
-0.6392006
-0.63852334
-0.6318948
-0.63484335
-0.6329722
-0.6485969
-0.6436082
-0.6365835
-0.6437254
-0.6458945
-0.633924
-0.64769125
-0.63200426
-0.64558583
-0.6521059
-0.64521253
-0.6428295
-0.6431595
-0.6501593
-0.64521885
-0.64278495
-0.63698846
-0.6422388
-0.64786553
-0.63538927
-0.649587
-0.635471
-0.6458565
-0.628495
-0.645957
-0.6387828
-0.642071
-0.644507
-0.6319881
-0.6439206
-0.631968
-0.6483816
-0.63794327
-0.6643288
-0.6394609
-0.6346106
-0.6452536
-0.6375238
-0.65221286
-0.6662599
-0.64168346
-0.65677387
-0.63745
-0.6412645
-0.6463091
-0.6510767
-0.64032584
-0.64306504
-0.6364869
-0.6371685
-0.6457478
-0.64338595
-0.6353335
-0.6366685
-0.64210784
-0.6372716
-0.6461105
-0.64297324
-0.6340019
-0.631849
-0.6368208
-0.64515895
-0.6481521
-0.64211845
-0.6325625
-0.6450767
-0.6287876
-0.627848
-0.63571465
-0.6318419
-0.6443077
-0.6407702
-0.6313469
-0.6416243
-0.6400775
-0.6495801
-0.64085644
-0.6486603
-0.6584022
-0.6433664
-0.65174925
-0.6437809
-0.6369066
-0.63918376
-0.64401305
-0.6543935
-0.6432577
-0.646851
-0.6529673
-0.639882
-0.6379067
-0.6487616
-0.6510532
-0.6315034
-0.6373333
-0.6447382
-0.6435733
-0.64198774
-0.6599781
-0.635687
-0.6538238
-0.64874214
-0.63984984
-0.6359915
-0.64360607
-0.6396929
-0.6511414
-0.6404584
-0.6567276
-0.63579786
-0.62959945
-0.63675034
-0.6341281
-0.65109736
-0.65721166
-0.6436225
-0.64279056
-0.6368148
-0.6449689
-0.6387255
-0.6537492
-0.6533024
-0.63578004
-0.64817035
-0.6401949
-0.6384646
-0.64618444
-0.64591056
-0.6382641
-0.6430144
-0.63786715
-0.63530755
-0.6451278
-0.65055054
-0.63192725
-0.6435095
-0.64363617
-0.64517695
-0.6403672
-0.6429817
-0.64228064
-0.64102674
-0.63873863
-0.6453989
-0.6493098
-0.6419579
-0.64799905
-0.63941944
-0.6536956
-0.65821236
-0.64941925
-0.64343923
-0.65590435
-0.6358712
-0.6372151
-0.6381896
-0.6463444
-0.6486831
-0.64517033
-0.640784
-0.6291798
-0.6569501
-0.64038897
-0.6424923
-0.6440903
-0.64983684
-0.6432577
-0.6487256
-0.65112835
-0.63944036
-0.64775395
-0.63856137
-0.6327062
-0.6433223
-0.6407029
-0.63307977
-0.6451061
-0.65015256
-0.6343553
-0.6331024
-0.6561035
-0.6357393
-0.64254445
-0.6377317
-0.64868057
-0.64596075
-0.6400031
-0.63989174
-0.6517077
-0.6470321
-0.6454428
-0.6440029
-0.64972633
-0.6407925
-0.640634
-0.63846767
-0.64372736
-0.63445836
-0.6499806
-0.64731365
-0.65592575
-0.64617014
-0.63972896
-0.64319074
-0.65044093
