0.14239270273310947
0.3090914510358526
0.051744754678821794
0.19193269413895575
0.1322763367146131
0.3253667378147466
0.48677730819543524
0.09795232582405448
0.22249635792509034
0.10708888482799761
0.06871711507561612
0.21346431220280807
0.19490210007364803
0.3295086032187214
0.33962388565727863
0.5388335291301375
0.08471276552791353
0.2121896030420426
0.17769760078549446
0.37845834734319705
0.2463901844906279
0.1314501197100992
0.017137097715875065
0.5474894331548189
0.2628069996974664
0.14681755633292937
0.2395139546811502
0.4810063812177843
0.11135249982813891
0.3184026617940667
0.41539230574004904
0.5577172015811417
0.18179632694506606
0.08935835890070233
0.22751552224936653
0.17719358526842352
0.4567408086725129
0.13902463945115834
0.36143802430915895
0.15551250866856567
0.05591782776667063
0.26660774391008857
0.22217837798032186
0.5545742023961087
0.12661270600865554
0.07871685962755604
0.32352819680319767
0.08499630520149141
0.309953651180306
0.29188018840075847
0.08886459856942197
0.3411657419907389
0.2181773001735693
0.2752937009212788
0.09787035322789867
0.1376045368679024
0.22560241849095808
0.2790529161516802
0.27894028969177265
0.18684909292521673
0.2256109828749423
0.12734548155299685
0.4766525155381868
0.2549762942514594
Mean: 0.24059774795090333
