-0.67786676
-0.6938017
-0.6738792
-0.6895043
-0.69835347
-0.7088572
-0.716785
-0.71112007
-0.7148663
-0.7275873
-0.73095775
-0.73390055
-0.7461112
-0.7459407
-0.75662637
-0.75138545
-0.7581893
-0.770183
-0.77072644
-0.7751356
-0.7806311
-0.78642714
-0.79310596
-0.79703444
-0.8032048
-0.8136664
-0.81014866
-0.814198
-0.81859887
-0.8261221
-0.82952005
-0.83438677
-0.83438027
-0.8457965
-0.8402335
-0.84826005
-0.84945166
-0.8505785
-0.8561397
-0.8571694
-0.8528365
-0.852615
-0.85359806
-0.85834444
-0.85699594
-0.85613245
-0.8597577
-0.85996044
-0.86243564
-0.86042595
-0.8624455
-0.86269975
-0.8616563
-0.8608522
-0.8637386
-0.8588064
-0.86489785
-0.8621077
-0.8574036
-0.8624261
-0.8627813
-0.8634591
-0.8630143
-0.8634539
-0.86229396
-0.86762947
-0.8635289
-0.8667296
-0.8679007
-0.866999
-0.8704902
-0.86926156
-0.86852264
-0.8651849
-0.86514914
-0.86668986
-0.86699396
-0.8679911
-0.86988574
-0.866937
-0.86653477
-0.86719596
-0.8684514
-0.86728376
-0.8685696
-0.86918175
-0.867396
-0.8698482
-0.87307954
-0.87001467
-0.870065
-0.8733978
-0.870262
-0.86907154
-0.8705853
-0.87238634
-0.87130994
-0.87501734
-0.8688036
-0.8722561
-0.87020576
-0.8739277
-0.875588
-0.875023
-0.87406754
-0.87482256
-0.8721242
-0.871985
-0.8761066
-0.8733893
-0.87794644
-0.8742375
-0.87593365
-0.8755076
-0.8743171
-0.8767596
-0.87579703
-0.87620926
-0.87264633
-0.87525696
-0.875906
-0.8768677
-0.87715733
-0.87847894
-0.87986803
-0.8797124
-0.8775951
-0.8778451
-0.878046
-0.8763627
-0.8786895
-0.878378
-0.8759749
-0.8796101
-0.8778466
-0.87750477
-0.8820914
-0.8768693
-0.87753564
-0.8824682
-0.8788369
-0.87991273
-0.8770682
-0.87845796
-0.8797832
-0.88235074
-0.8817242
-0.88023674
-0.8819458
-0.8849866
-0.8795707
-0.88182265
-0.8826676
-0.8809061
-0.8836717
-0.8823818
-0.8842672
-0.88668644
-0.8853974
-0.88525677
-0.8842942
-0.88396436
-0.8874793
-0.88418865
-0.8842113
-0.8847093
-0.8858998
-0.88379514
-0.8864256
-0.8846805
-0.8884834
-0.88574606
-0.88991064
-0.88747674
-0.88816416
-0.8887261
-0.8854536
-0.8889706
-0.8890901
-0.8879715
-0.88906723
-0.8882535
-0.89117676
-0.8909948
-0.8892674
-0.88904804
-0.8914164
-0.89207184
-0.8917269
-0.8914053
-0.8943436
-0.89038795
-0.8931696
-0.8946631
-0.89154756
-0.8962958
-0.89169025
-0.89320624
-0.89279175
-0.8934436
-0.8921031
-0.89450306
-0.8941486
-0.89277196
-0.8926744
-0.8919557
-0.8971927
-0.8948785
-0.8952601
-0.89543074
-0.8972539
-0.89587003
-0.89673764
-0.8991852
-0.8954011
-0.89618623
-0.897737
-0.89666843
-0.8986823
-0.89942986
-0.89892405
-0.8984812
-0.896892
-0.8997116
-0.899617
-0.8998936
-0.8998836
-0.899796
-0.9008461
-0.9015486
-0.90007097
-0.90170866
-0.9015809
-0.9040749
-0.9014974
-0.9022201
-0.9009576
-0.9024831
-0.90405995
-0.9024526
-0.9022864
-0.905662
-0.90507954
-0.9033177
-0.9053088
-0.9031936
-0.90685916
-0.9050049
-0.90463454
-0.9078676
-0.90640694
-0.9060227
-0.9051832
-0.9058179
-0.907176
-0.90718627
-0.9066055
-0.90668094
-0.909901
-0.9088375
-0.9081765
-0.91032124
-0.9078092
-0.9075301
-0.90768605
-0.9112311
-0.91002846
-0.90964496
-0.9112547
-0.9108055
-0.91121083
-0.91076916
-0.90964663
-0.909987
-0.9116132
-0.91126317
-0.91250616
-0.91080546
-0.9140306
-0.91205215
-0.9142243
-0.91386807
-0.91267496
-0.9161037
-0.9144062
-0.9124997
-0.912829
-0.91515756
-0.91703546
-0.9145796
-0.9169837
-0.9173293
-0.91479003
-0.91594726
-0.9181354
-0.9176358
-0.9172724
-0.9171543
-0.91768897
-0.9181435
-0.9165632
-0.91712964
-0.9203244
-0.9193667
-0.91943175
-0.9190759
-0.9194125
-0.9181817
-0.91990536
-0.92128766
-0.9220885
-0.92126673
-0.9217934
-0.92281634
-0.9224184
-0.92187726
-0.9257574
-0.924333
-0.9229697
-0.9251628
-0.9235322
-0.9238588
-0.92456806
-0.9266126
-0.92567605
-0.9269499
-0.9234611
-0.9265336
-0.92729485
-0.9283236
-0.928296
-0.92857885
-0.9290882
-0.92809373
-0.9301712
-0.9298349
-0.93117297
-0.9309177
-0.9290384
-0.93119264
-0.9316793
-0.9319802
-0.9302442
-0.9317475
-0.9311685
-0.9321905
-0.9315597
-0.9322662
-0.9341308
-0.9327922
-0.9343251
-0.93402886
-0.9346722
-0.93497807
-0.9346152
-0.93406326
-0.93741673
-0.9365306
-0.9354418
-0.9371975
-0.93605435
-0.93713003
-0.93792826
-0.9374988
-0.9375621
-0.9379843
-0.94037706
-0.9394241
-0.9399556
-0.93969977
-0.9399642
-0.9401407
-0.9415625
-0.94075274
-0.9414998
-0.9414004
-0.94286007
-0.94319093
-0.9418642
-0.94180787
-0.9418136
-0.94359654
-0.9428804
-0.94419855
-0.94287914
-0.9445091
-0.9435527
-0.9459241
-0.9447636
-0.9454388
-0.94539064
-0.94516385
-0.9462454
-0.94671977
-0.9476634
-0.9489362
-0.9471406
-0.9480233
-0.94734216
-0.9491158
-0.94830596
-0.9494708
-0.95027125
-0.9494532
-0.94898987
-0.9490331
-0.95035845
-0.9508936
-0.95088893
-0.9504737
-0.95183015
-0.9520175
-0.9519314
-0.95149076
-0.95285076
-0.9530461
-0.9529279
-0.9533481
-0.95361185
-0.95397687
-0.9541997
-0.95351523
-0.9556735
-0.95521605
-0.9555659
-0.95562375
-0.9566256
-0.956548
-0.9553849
-0.9574382
-0.9570476
-0.95830315
-0.9578392
-0.95743966
-0.95860744
-0.95869637
-0.95933473
-0.9590225
-0.95910704
-0.95979196
-0.9602594
-0.9613896
-0.9620233
-0.96164656
-0.9616934
-0.9618328
-0.96107656
-0.96129984
-0.9623014
-0.9626712
-0.96329176
-0.9630376
-0.96355265
-0.96321034
-0.9638226
-0.964203
-0.9646208
-0.9651584
-0.9638448
-0.9636943
-0.9646854
-0.9655755
-0.96536654
-0.96465296
-0.96570486
-0.96656275
-0.9669567
-0.96727383
-0.9674864
-0.9673835
-0.9676412
-0.9678209
-0.9681156
-0.968512
-0.96781904
-0.9683428
-0.96773845
-0.9691313
-0.9686277
-0.96988255
-0.96884304
-0.96852356
-0.9694607
-0.96922517
-0.970546
-0.9705263
-0.9700544
-0.9708871
-0.9701756
-0.9701831
-0.9701404
-0.9713765
-0.96990985
-0.9712345
-0.9715017
-0.9712501
-0.9720867
-0.97201395
-0.97192484
-0.972207
-0.97183716
-0.9722844
-0.9726861
-0.9719237
-0.97280264
-0.9727469
-0.97343063
-0.9731434
-0.97352225
-0.9737694
-0.9738887
-0.97365564
-0.9741513
-0.97322965
-0.97492373
-0.9743992
-0.97522914
-0.97526085
-0.97500473
-0.97459906
-0.9752911
-0.97552073
-0.976322
-0.97564167
-0.9761691
-0.97627985
-0.97635394
-0.9766503
-0.9766858
-0.9759296
-0.97699136
-0.9771774
-0.9773317
-0.97752297
-0.97764915
-0.9776243
-0.9775997
-0.97828984
-0.97861403
-0.9789142
-0.9787277
-0.9786708
-0.9788457
-0.97970366
-0.97878313
-0.97867036
-0.9794378
-0.97972536
-0.97962105
-0.9796514
-0.9800312
-0.9806014
-0.98042905
-0.98046064
-0.98062193
-0.9808105
-0.9809367
-0.98119646
-0.9813343
-0.98227215
-0.9818737
-0.981811
-0.9817794
-0.9821179
-0.9827259
-0.98228496
-0.98289335
-0.9828345
-0.983118
-0.9832406
-0.98321205
-0.9831047
-0.983666
-0.9837373
-0.9836223
-0.98432946
-0.9843455
-0.984291
-0.9844353
-0.9841129
-0.98463887
-0.9846389
-0.98496956
-0.9852683
-0.9850276
-0.9850477
-0.9857278
-0.98524725
-0.9856297
-0.9856423
-0.9859778
-0.9857704
-0.9858391
-0.98603326
-0.9859764
-0.98621166
-0.9862831
-0.9867201
-0.9870239
-0.9868994
-0.9870658
-0.98666656
-0.9868293
-0.9867572
-0.98738223
-0.9866894
-0.98723274
-0.9871748
-0.98706657
-0.987427
-0.9871454
-0.9876851
-0.9874288
-0.98802656
-0.98783255
-0.98793393
-0.9877159
-0.9880461
-0.98812485
-0.98831946
-0.9882414
-0.98847896
-0.98830384
-0.9882122
-0.9882942
-0.9888344
-0.9888978
-0.9885125
-0.98852426
-0.9886499
-0.9889105
-0.9889626
-0.9890534
-0.988968
-0.98898065
-0.9889225
-0.9890904
-0.98926395
-0.98923016
-0.98926866
-0.9892064
-0.9891192
-0.9890606
-0.98951024
-0.9892595
-0.98959243
-0.98957163
-0.98966414
-0.9896856
-0.98976505
-0.98973215
-0.9901817
-0.9898878
-0.9897152
-0.99014556
-0.99028397
-0.9903466
-0.9904379
-0.9903161
-0.99003154
-0.9903199
-0.99022883
-0.9903479
-0.9905207
-0.99059933
-0.9907668
-0.9905998
-0.99094665
-0.99115604
-0.9909413
-0.99088013
-0.9910529
-0.99092454
-0.9911543
-0.99120665
-0.9910495
-0.9913233
-0.9911524
-0.9915094
-0.9913998
-0.9915895
-0.9917003
-0.99134606
-0.99167293
-0.9915279
-0.99163765
-0.9917011
-0.9919341
-0.9921183
-0.99194306
-0.9917966
-0.99209934
-0.99209017
-0.99207026
-0.9921075
-0.9920689
-0.9921171
-0.99204
-0.99216276
-0.99199647
-0.9923352
-0.99214596
-0.9924363
-0.9923283
-0.9924143
-0.9922143
-0.9923689
-0.992539
-0.9927286
-0.9926563
-0.99255836
-0.9928346
-0.99290425
-0.992862
-0.99264395
-0.99279475
-0.99289376
-0.9929249
-0.9929983
-0.9928859
-0.9929777
-0.993063
-0.9931125
-0.99312407
-0.99329376
-0.9930931
-0.993198
-0.9930895
-0.99333006
-0.99335515
-0.9934504
-0.99331766
-0.9932576
-0.9934955
-0.9931578
-0.99358743
-0.9935703
-0.993566
-0.9936225
-0.9937235
-0.99380577
-0.99361545
-0.9935346
-0.99395317
-0.9938596
-0.99370944
-0.9937798
-0.9938201
-0.9940474
-0.9940031
-0.9938343
-0.9939166
-0.993871
-0.9940432
-0.99392843
-0.9941807
-0.99389297
-0.994246
-0.9942301
-0.9943517
-0.9941321
-0.99403787
-0.99418557
-0.9943376
-0.9943196
-0.9943585
-0.9942558
-0.99433786
-0.9943354
-0.9943987
-0.9945639
-0.9943985
-0.9945643
-0.9944596
-0.99457014
-0.9945517
-0.99456745
-0.9944898
-0.9947743
-0.9946412
-0.9945085
-0.99462825
-0.99458534
-0.99485123
-0.9946565
-0.99491787
-0.9947764
-0.99479157
-0.99476004
-0.99469125
-0.9949147
-0.9948061
-0.9948511
-0.9948798
-0.9948704
-0.99475026
-0.99506193
-0.9950454
-0.99494845
-0.9950871
-0.9949021
-0.99492943
-0.99506694
-0.995142
-0.99499625
-0.99506044
-0.9950815
-0.9951555
-0.99499995
-0.9952159
-0.9952693
-0.99518996
-0.99524724
-0.99524325
-0.9952919
-0.99533457
-0.9953391
-0.99529225
-0.9953081
-0.99539846
-0.9954209
-0.99536514
-0.99537134
-0.9954207
-0.9953253
-0.99542725
-0.9953038
-0.9955263
-0.9954238
-0.9954264
-0.9954928
-0.9955383
-0.9953508
-0.99547845
-0.9955268
-0.9956258
-0.9956097
-0.995637
-0.9956147
-0.9954623
-0.99562025
-0.9956322
-0.99566054
-0.99575907
-0.9957539
-0.9958536
-0.99582225
-0.99576175
-0.99571854
-0.99583435
-0.9957322
-0.9958905
-0.9959631
-0.9959344
-0.99596155
-0.9959886
-0.9959434
-0.9959907
-0.99595475
-0.9960258
-0.99595255
-0.9960777
-0.99624366
-0.9959715
-0.99594164
-0.9961279
-0.9960771
-0.99615127
-0.99611455
-0.9960308
-0.99619037
-0.9961092
-0.99620587
-0.99619806
-0.9962659
-0.99626535
-0.9962063
-0.9963714
-0.9963357
-0.9962558
-0.9962739
-0.99634176
-0.99636716
-0.9964114
-0.99627227
-0.9963977
-0.9963508
-0.99647766
-0.9964566
-0.99641526
-0.99644023
-0.99652994
-0.9965522
-0.9964408
-0.9965103
-0.99652904
-0.9965594
-0.99657404
-0.9965319
-0.99654925
-0.99667984
-0.9966635
-0.99657905
-0.9965931
-0.99663097
-0.9966709
-0.9966339
-0.99677193
-0.99669856
-0.99673784
-0.9967537
-0.9966602
-0.9967375
-0.9968253
-0.99672633
-0.9968199
-0.9966371
-0.99683064
-0.9967382
-0.99676555
-0.9967988
-0.9968754
-0.99688584
-0.99681944
-0.9968895
-0.9968963
-0.9968028
-0.99691117
-0.99693924
-0.99687964
-0.99696577
-0.99692816
-0.99699044
-0.99705863
-0.9970001
-0.99694306
-0.99696547
-0.9970324
-0.9970324
-0.9970363
-0.9970939
-0.9971359
-0.9969763
-0.99713546
-0.9971619
-0.9971386
-0.9971435
-0.9971441
-0.9971396
-0.9971544
-0.99710846
-0.99723876
-0.99715364
-0.99715006
-0.997142
-0.99723434
-0.9971664
-0.99724305
-0.9971887
-0.9972946
-0.99725306
-0.99720776
-0.99728054
-0.99730825
-0.9972749
-0.9972964
-0.9972486
-0.9972974
-0.9972712
-0.99729884
-0.99733794
-0.9973705
-0.99732566
-0.99736714
-0.9973535
-0.9972999
-0.997399
-0.9973517
-0.99736613
-0.9974445
-0.9973765
-0.9974284
-0.99746424
-0.99745834
-0.9974418
-0.9973327
-0.99749315
-0.9975464
-0.99751467
-0.9975082
-0.99755704
-0.99748933
-0.9974843
-0.9975814
-0.9975822
-0.9975892
-0.9976054
-0.9975524
-0.99758565
-0.99756056
-0.9976196
-0.9975542
-0.9976118
-0.9975914
-0.9976442
-0.9976983
-0.9977094
-0.997604
-0.9976963
-0.99769855
-0.9977189
-0.9976934
-0.9976737
-0.99773973
-0.99766105
-0.99773043
-0.99769616
-0.9977497
-0.99767286
-0.9977739
-0.99780756
-0.9977329
-0.9977682
-0.99780846
-0.9977177
-0.99780804
-0.9978539
-0.9978213
-0.99781805
-0.9978175
-0.9978915
-0.99787986
-0.9978426
-0.997861
-0.99795353
-0.99784267
-0.99788314
-0.9979574
-0.9979316
-0.9979244
-0.99794734
-0.9979341
-0.9979014
-0.9979903
-0.9978953
-0.99790967
-0.99799407
-0.99804443
-0.997999
-0.99800724
-0.9979991
-0.99798167
-0.997969
-0.9979349
-0.99802333
-0.998024
-0.99802387
-0.99804074
-0.9980088
-0.9980588
-0.99804765
-0.9980927
-0.99806535
-0.998061
-0.9980843
-0.99810964
-0.99812514
-0.99813724
-0.99813926
-0.9981384
-0.9981309
-0.998145
-0.9981807
-0.9981731
-0.998152
-0.99816424
-0.99818367
-0.99814385
-0.9981841
-0.9981965
-0.99823165
-0.9982177
-0.99821484
-0.99823606
-0.9982391
-0.9982394
-0.99815243
-0.99827176
-0.9982154
-0.9982482
-0.99824226
-0.9982783
-0.9982778
-0.998247
-0.9982778
-0.9983143
-0.9982969
-0.9982903
-0.99829847
-0.9982791
-0.998304
-0.9983263
-0.99833316
-0.99836725
-0.99835193
-0.99836105
-0.99837
-0.99837947
-0.99841857
-0.998383
-0.9983712
-0.99838
-0.99838406
-0.9984305
-0.998392
-0.99840945
-0.9984271
-0.9984142
-0.9984139
-0.9984841
-0.99839586
-0.99847484
-0.9984581
-0.9984526
-0.99849397
-0.9984542
-0.99845946
-0.99850535
-0.9985027
-0.99848205
-0.9985096
-0.9984866
-0.99856764
-0.9984506
-0.9985014
-0.99847794
-0.99847716
-0.99849266
-0.9985407
-0.9985007
-0.9985061
-0.998515
-0.99852866
-0.9985776
-0.99856764
-0.9984988
-0.998517
-0.99856746
-0.9985288
-0.9985916
-0.9985793
-0.9985505
-0.99864095
-0.9986295
-0.9985621
-0.9985913
-0.998618
-0.9986036
-0.99864304
-0.9986253
-0.9986054
-0.9986226
-0.99863
-0.998597
-0.99863213
-0.99862427
-0.9986398
-0.99866647
-0.99864364
-0.9986352
-0.9986753
-0.99868965
-0.9985956
-0.99866104
-0.9986927
-0.99867886
-0.9987043
-0.99866086
-0.9986798
-0.9987132
-0.9986981
-0.99862635
-0.99870324
-0.9986773
-0.99869734
-0.9986893
-0.9987012
-0.9986867
-0.9986918
-0.99875265
-0.998703
-0.99874324
-0.99868643
-0.99870706
-0.9987025
-0.9987245
-0.99869573
-0.9987647
-0.99879104
-0.99876374
-0.99877965
-0.99876
-0.99878895
-0.9987437
-0.9988224
-0.9987603
-0.99874
-0.9987602
-0.99881715
-0.998786
-0.9987732
-0.99877465
-0.99877566
-0.99878865
-0.9988177
-0.9987699
-0.99881494
-0.9988099
-0.9988163
-0.99878556
-0.99881756
-0.9988182
-0.9988446
-0.99880546
-0.99886125
-0.99885964
-0.99886286
-0.9988332
-0.9988764
-0.9988829
-0.998834
-0.99885494
-0.9988598
-0.99888754
-0.99883926
-0.9988788
-0.9988619
-0.9989057
-0.99890083
-0.9988824
-0.9989214
-0.9988551
-0.9988933
-0.9988949
-0.9988602
-0.998896
-0.99890953
-0.998878
-0.99895173
-0.9989085
-0.9989262
-0.9989257
-0.99892735
-0.9989335
-0.9989222
-0.9989396
-0.9989536
-0.9989087
-0.9989279
-0.9989254
-0.9989185
-0.9989336
-0.99895453
-0.9989456
-0.99892217
-0.9989477
-0.99894005
-0.9989489
-0.99895316
-0.9989516
-0.99893534
-0.9989126
-0.9989653
-0.9989514
-0.99888766
-0.99894303
-0.9989702
-0.99894536
-0.9988998
-0.99894106
-0.99896926
-0.9989777
-0.9989433
-0.998958
-0.9989488
-0.99895024
-0.9989458
-0.9989983
-0.998969
-0.9989492
-0.9989615
-0.9990013
-0.9989716
-0.99896705
-0.9989471
-0.9990116
-0.99899787
-0.99894327
-0.9989629
-0.9989839
-0.99902356
-0.99900466
-0.99900687
-0.99899566
-0.99900854
-0.9990393
-0.9990158
-0.9990415
-0.9990308
-0.9990519
-0.99901706
-0.9990161
-0.9990477
-0.9990239
-0.999018
-0.9990387
-0.999026
-0.99898624
-0.9990455
-0.99904484
-0.99902576
-0.9990283
-0.99905205
-0.9990368
-0.99903625
-0.9990504
-0.99903125
-0.99906087
-0.9990546
-0.99908084
-0.9990376
-0.999053
-0.99905145
-0.99905485
-0.99903727
-0.99906546
-0.99905336
-0.9990534
-0.9990434
-0.9990991
-0.9990386
-0.999081
-0.9990575
-0.99906176
-0.99905664
-0.9990785
-0.9990935
-0.9991003
-0.9991098
-0.99904704
-0.99907374
-0.99906474
-0.9990391
-0.99908155
-0.9990833
-0.99909574
-0.99910736
-0.9990614
-0.9990332
-0.999121
-0.9990965
-0.99905723
-0.99904567
-0.9990862
-0.9990683
-0.99906266
-0.9991116
-0.99907434
-0.9990671
-0.99911284
-0.99909735
-0.9991006
-0.9991165
-0.9990937
-0.99908924
-0.9990827
-0.99910986
-0.9991021
-0.9991195
-0.9990593
-0.99911445
-0.9991328
-0.99907297
-0.9990873
-0.99914616
-0.9991009
-0.9991239
-0.9991113
-0.9991321
-0.999093
-0.9991092
-0.9991185
-0.9991137
-0.9991102
-0.9990778
-0.99913377
-0.9991252
-0.99910575
-0.9990778
-0.9991295
-0.9991308
-0.9991563
-0.999138
-0.99914515
-0.9991297
-0.999149
-0.9991631
-0.99911666
-0.999158
-0.99914616
-0.9991529
-0.99915504
-0.9991445
-0.99915034
-0.9991709
-0.99914706
-0.9991715
-0.999185
-0.99918807
-0.99916893
-0.9991722
-0.9991758
-0.99916613
-0.9991652
-0.9991691
-0.99916047
-0.999161
-0.9991666
-0.9991701
-0.9991953
-0.99917734
-0.99917567
-0.9991837
-0.99918115
-0.9991468
-0.99917436
-0.99914
-0.9991339
-0.9991708
-0.999199
-0.99916404
-0.99916697
-0.99914837
-0.9991354
-0.99918276
-0.9991769
-0.99916023
-0.99916095
-0.9991988
-0.9991821
-0.9991304
-0.9991058
-0.99914855
-0.9991848
-0.9991807
-0.9991507
-0.99914324
-0.9991947
-0.9992159
-0.99919766
-0.99915767
-0.99918264
-0.9992005
-0.99916375
-0.9992022
-0.9992055
-0.9991882
-0.9992001
-0.99919486
-0.99918777
-0.99920905
-0.99919736
-0.9991929
-0.9991986
-0.9991925
-0.99917406
-0.9992109
-0.9992178
-0.9992181
-0.999219
-0.9991992
-0.9992117
-0.99922913
-0.9992037
-0.9992236
-0.99921703
-0.99921936
-0.99919677
-0.99919736
-0.9992172
-0.99922794
-0.9992374
-0.9992155
-0.9991959
-0.9992237
-0.9992118
-0.99923044
-0.99922746
-0.99922675
-0.9992489
-0.99923724
-0.99922276
-0.9992376
-0.99920195
-0.99923575
-0.9992298
-0.99923533
-0.9992203
-0.9992357
-0.9992319
-0.99924225
-0.999234
-0.99921805
-0.9992348
-0.9992486
-0.9992382
-0.9992378
-0.9992002
-0.99922395
-0.99923444
-0.999238
-0.9992052
-0.9991912
-0.99919116
-0.9992353
-0.9992427
-0.999221
-0.9992328
-0.99923635
-0.9992411
-0.99924564
-0.99922
-0.9992451
-0.99924195
-0.9992659
-0.9992458
-0.9992404
-0.99922484
-0.9992283
-0.9992475
-0.9992499
-0.9992539
-0.999242
-0.99921817
-0.9992057
-0.9992331
-0.9992324
-0.9992386
-0.99922276
-0.9992389
-0.9992308
-0.99925405
-0.99923813
-0.99922353
-0.9992063
-0.99921453
-0.99925035
-0.99925005
-0.9992385
-0.9992298
-0.99927956
-0.99924105
-0.99919534
-0.9992024
-0.9992726
-0.9992737
-0.99919736
-0.9991643
-0.99922246
-0.9992523
-0.9992178
-0.9992212
-0.99925804
-0.9992603
-0.9992568
-0.9992319
-0.99925965
-0.99929017
-0.99925625
-0.9992385
-0.9992537
-0.99925506
-0.9992467
-0.9992647
-0.9992786
-0.9992888
-0.99926
-0.99924695
-0.99927115
-0.9992848
-0.9992727
-0.99926156
-0.9992706
-0.99926376
-0.9992637
-0.99926317
-0.9992489
-0.99927604
-0.99923855
-0.9992567
-0.99925685
-0.999267
-0.99925745
-0.9992764
-0.9992602
-0.9992746
-0.99927163
-0.99926984
-0.99926054
-0.9992602
-0.9992769
-0.9992659
-0.99924517
-0.99925745
-0.9992957
-0.99926305
-0.999255
-0.9992524
-0.99925107
-0.99927825
-0.99927485
-0.99926925
-0.9992837
-0.9992709
-0.99929035
-0.9992728
-0.99926496
-0.99926573
-0.99930596
-0.9992592
-0.9992635
-0.9992564
-0.9992758
-0.9992412
-0.9992747
-0.9992693
-0.99927676
-0.99925256
-0.999287
-0.9992694
-0.9992616
-0.9992852
-0.9992962
-0.9992886
-0.9992867
-0.99928474
-0.999302
-0.9992732
-0.99930173
-0.99928856
-0.9992845
-0.999279
-0.9992928
-0.99930865
-0.9992705
-0.99928415
-0.9992881
-0.99927706
-0.99929094
-0.99928063
-0.9992958
-0.99928766
-0.9992757
-0.99930894
-0.999306
-0.999288
-0.9992632
-0.99927956
-0.9992887
-0.99929464
-0.9992623
-0.999286
-0.9992706
-0.9992625
-0.99925816
-0.99926984
-0.99929607
-0.9992826
-0.9992583
-0.99928695
-0.99930996
-0.9992838
-0.9992715
-0.9992579
-0.9992992
-0.9992936
-0.9992845
-0.99928415
-0.9992957
-0.99931765
-0.99930656
-0.9993065
-0.99932
-0.9992998
-0.99927783
-0.9992802
-0.99930274
-0.99928856
-0.9993151
-0.99928784
-0.999303
-0.99930084
-0.9993098
-0.99929935
-0.9993046
-0.99929214
-0.9993038
-0.9993096
-0.9992789
-0.9993055
-0.99928993
-0.99930024
-0.99930173
-0.999296
-0.999306
-0.9992974
-0.9993197
-0.99930066
-0.9992921
-0.9992766
-0.9992986
-0.99928254
-0.9992697
-0.99930584
-0.99930584
-0.99928254
-0.99925774
-0.99929464
-0.99929243
-0.9993234
-0.99930215
-0.999262
-0.999275
-0.99933356
-0.999291
-0.9992885
-0.99930257
-0.9993101
-0.9992884
-0.9992993
-0.9993291
-0.99928766
-0.9992927
-0.9992799
-0.9992977
-0.99928033
-0.99929714
-0.99930245
-0.9992568
-0.9993024
-0.99931735
-0.99933285
-0.9992861
-0.9993073
-0.99931955
-0.9993152
-0.9993198
-0.9993088
-0.9993145
-0.99930274
-0.99930984
-0.99932075
-0.9993124
-0.9993045
-0.99930745
-0.9993191
-0.9993309
-0.9992989
-0.99930936
-0.99928993
-0.9992869
-0.9993077
-0.9993228
-0.9993109
-0.9992939
-0.99930936
-0.9993051
-0.9992835
-0.9992837
-0.9992975
-0.9993378
-0.99929386
-0.99931604
-0.9993097
-0.9993182
-0.999296
-0.99929637
-0.9992942
-0.99931
-0.99929214
-0.9992852
-0.9992986
-0.99931246
-0.99924946
-0.99916744
-0.9992539
-0.9993454
-0.9992537
-0.99925417
-0.9993141
-0.9993054
-0.99924284
-0.9992609
-0.9993221
-0.9993067
-0.99926776
-0.9992961
-0.99932474
-0.99930704
-0.9993125
-0.9992951
-0.9992869
-0.99928546
-0.9993014
-0.9993167
-0.99931777
-0.9993201
-0.9993279
-0.9993206
-0.9993013
-0.99931806
-0.99932235
-0.99932826
-0.9993282
-0.99931806
-0.99931633
-0.99929017
-0.9993158
-0.99931407
-0.9993197
-0.9993321
-0.99932206
-0.9993357
-0.999341
-0.9993187
-0.9993261
-0.99935436
-0.9993086
-0.9993209
-0.9993247
-0.9993291
-0.9993185
-0.9993145
-0.9993411
-0.9993358
-0.999329
-0.9993259
-0.9993256
-0.9993357
-0.9993374
-0.9993356
-0.9993338
-0.99931526
-0.99931854
-0.999316
-0.99933755
-0.9993296
-0.99931836
-0.9993335
-0.99933803
-0.9993276
-0.99933463
-0.9993183
-0.99932456
-0.9993206
-0.9993512
-0.9993348
-0.9993226
-0.9993238
-0.99933976
-0.9993369
-0.9993434
-0.99933356
-0.99934614
-0.99933743
-0.99932915
-0.999329
-0.99932927
-0.9993306
-0.99934894
-0.99933475
-0.9993244
-0.9993143
-0.9993406
-0.99934286
-0.9993281
-0.99933726
-0.99933904
-0.99933684
-0.99930596
-0.99933225
-0.9993373
-0.9993202
-0.99933064
-0.99931234
-0.99933064
-0.99934
-0.99933386
-0.99934417
-0.9993539
-0.9993407
-0.99933034
-0.99933237
-0.9993331
-0.9993412
-0.9993514
-0.99935555
-0.9993287
-0.9993419
-0.9993304
-0.9993313
-0.99934065
-0.99932384
-0.9993127
-0.9993271
-0.9993336
-0.9993143
-0.9993265
-0.99933064
-0.99931717
-0.99933505
-0.999323
-0.99935484
-0.9993268
-0.9993545
-0.9993342
-0.99933904
-0.9993411
-0.999316
-0.999317
-0.99933416
-0.99935704
-0.99935305
-0.9993149
-0.9993502
-0.99933195
-0.99932015
-0.9993316
-0.99933785
-0.99936104
-0.9993355
-0.9993377
-0.99932986
-0.9993345
-0.99935466
-0.99935687
-0.99933887
-0.99933267
-0.9993383
-0.9993561
-0.99933046
-0.9993037
-0.9993118
-0.9993562
-0.9993371
-0.9992983
-0.99933714
-0.9993555
-0.99931645
-0.9993213
-0.99934626
-0.9993485
-0.9993351
-0.9993216
-0.9993413
-0.99936223
-0.99935305
-0.9993466
-0.9993341
-0.999359
-0.9993521
-0.99935263
-0.9993472
-0.99934363
-0.99934554
-0.9993533
-0.9993688
-0.99933964
-0.9993274
-0.9993581
-0.9993598
-0.9993526
-0.99935603
-0.99936
-0.99933165
-0.9993383
-0.9993652
-0.9993413
-0.99933106
-0.9992924
-0.99933076
-0.9993396
-0.9993283
-0.99930584
-0.99932647
-0.9993228
-0.99935555
-0.9993472
-0.9993458
-0.9993415
-0.9993316
-0.9993147
-0.99933594
-0.9993568
-0.999351
-0.99934214
-0.9993283
-0.99935025
-0.9993572
-0.9993418
-0.99934626
-0.99935204
-0.999365
-0.9993274
-0.9993389
-0.9993349
-0.999353
-0.9993508
-0.99935186
-0.9993664
-0.99935323
-0.99933475
-0.9993467
-0.99934757
-0.9993531
-0.99935967
-0.99935555
-0.99935985
-0.9993556
-0.9993593
-0.99935913
-0.99934876
-0.99935925
-0.9993563
-0.9993473
-0.9993389
-0.9993588
-0.99935365
-0.9993524
-0.9993556
-0.9993521
-0.9993572
-0.9993548
-0.9993452
-0.9993726
-0.99934626
-0.99936455
-0.9993608
-0.99935305
-0.999358
-0.9993553
-0.9993461
-0.9993521
-0.99935156
-0.9993596
-0.9993806
-0.99936616
-0.99935716
-0.9993628
-0.999331
-0.9993292
-0.99935776
-0.9993599
-0.99934196
-0.99934304
-0.99936676
-0.9993603
-0.9993526
-0.999347
-0.9993515
-0.9993636
-0.99935067
-0.9993523
-0.9993669
-0.99935657
-0.99935764
-0.9993617
-0.9993683
-0.9993578
-0.99935865
-0.99936336
-0.99937093
-0.99935114
-0.9993641
-0.9993405
-0.99933445
-0.9993777
-0.99936336
-0.9993666
-0.99936354
-0.99935806
-0.9993619
-0.99935544
-0.9993742
-0.9993697
-0.99935603
-0.99935645
-0.99934685
-0.9993624
-0.9993554
-0.9993627
-0.9993459
-0.99935246
-0.9993519
-0.9993601
-0.9993789
-0.9993657
-0.9993521
-0.9993648
-0.9993618
-0.9993692
-0.9993723
-0.9993571
-0.9993513
-0.9993639
-0.99936575
-0.99932355
-0.9993384
-0.9993411
-0.9993694
-0.9993641
-0.9993532
-0.9993319
-0.9993704
-0.9993742
-0.9993618
-0.9993478
-0.9993378
-0.99938315
-0.9993563
-0.9993568
-0.9993643
-0.9993695
-0.999363
-0.99937266
-0.9993523
-0.9993762
-0.99935794
-0.99936163
-0.9993534
-0.99935585
-0.99938905
-0.9993508
-0.99933594
-0.99933165
-0.99936974
-0.9993822
-0.9993539
-0.9993611
-0.99935347
-0.99936825
-0.9993543
-0.9993606
-0.99937195
-0.999378
-0.9993621
-0.9993386
-0.99936473
-0.999353
-0.9993539
-0.99934673
-0.99935234
-0.99935526
-0.9993412
-0.9993574
-0.99934316
-0.9993538
-0.99937904
-0.9993621
-0.9993423
-0.9993527
-0.9993391
-0.9993644
-0.99935913
-0.9993684
-0.9993487
-0.9993381
-0.99936044
-0.99938387
-0.9993494
-0.9993434
-0.9993711
-0.9993555
-0.99935406
-0.99933964
-0.999358
-0.99937296
-0.9993439
-0.99932116
-0.9993247
-0.999348
-0.99936783
-0.99936473
-0.9993446
-0.99938124
-0.9993733
-0.99935204
-0.99936974
-0.9993744
-0.99935675
-0.99936634
-0.9993804
-0.9993816
-0.99936324
-0.99937564
-0.99937624
-0.99937475
-0.99936503
-0.9993731
-0.9993729
-0.9993656
-0.99934745
-0.999331
-0.99936515
-0.99937564
-0.9993715
-0.9993674
-0.9993697
-0.99939525
-0.9993679
-0.99935794
-0.9993721
-0.99937373
-0.99936855
-0.99938923
-0.9993795
-0.9993752
-0.9993803
-0.9993824
-0.9993756
-0.99937713
-0.9993855
-0.9993728
-0.9993717
-0.9993874
-0.99936616
-0.999372
-0.99937177
-0.9993768
-0.9993917
-0.99938834
-0.9993789
-0.9993963
-0.9993773
-0.9993816
-0.9993767
-0.99938315
-0.9993709
-0.99937195
-0.99937963
-0.99936986
-0.99936324
-0.9993793
-0.9993832
-0.99937934
-0.99938256
-0.99938226
-0.9993858
-0.99938345
-0.999368
-0.9993777
-0.99936765
-0.9993803
-0.99938095
-0.9993819
-0.9993785
-0.99938214
-0.99937725
-0.9993699
-0.999358
-0.9993741
-0.9993915
-0.9993692
-0.99936974
-0.9993731
-0.99937856
-0.9993876
-0.99939764
-0.99937576
-0.9993754
-0.9993855
-0.99938226
-0.9993822
-0.9993638
-0.99937487
-0.9993645
-0.9993652
-0.9993677
-0.99937165
-0.99937826
-0.9993664
-0.9993604
-0.99933064
-0.9993786
-0.99938005
-0.9993624
-0.9993631
-0.9993769
-0.99938196
-0.9993543
-0.99934983
-0.9993481
-0.9993784
-0.9993922
-0.9993711
-0.9993666
-0.9993755
-0.9993715
-0.99937546
-0.9993687
-0.9993624
-0.99938697
-0.99937934
-0.9993668
-0.9993934
-0.99937767
-0.99936074
-0.99937797
-0.9993612
-0.9993668
-0.99936515
-0.99937886
-0.9993859
-0.99937165
-0.9993649
-0.9993521
-0.999337
-0.99937046
-0.99937767
-0.99934673
-0.9993312
-0.99933743
-0.99939173
-0.9993367
-0.9993014
-0.9993478
-0.9993926
-0.9993453
-0.99933916
-0.9993889
-0.9994079
-0.9993778
-0.9993815
-0.9993786
-0.99938506
-0.9993776
-0.99937606
-0.99938536
-0.9993687
-0.999366
-0.9993705
-0.9993875
-0.99938565
-0.9993756
-0.9993912
-0.99936265
-0.9993542
-0.9993586
-0.99938613
-0.9993719
-0.99935865
-0.999372
-0.9993829
-0.99937594
-0.999365
-0.99936116
-0.9993843
-0.99937487
-0.9993522
-0.9993205
-0.9993466
-0.9993832
-0.9993811
-0.99935174
-0.99937135
-0.9993928
-0.99938166
-0.9993671
-0.9993951
-0.99938583
-0.99939215
-0.9993915
-0.99936897
-0.9993788
-0.999382
-0.9994022
-0.9994061
-0.9993747
-0.9993703
-0.99940276
-0.999382
-0.9993694
-0.9993979
-0.9993957
-0.99939275
-0.99937755
-0.9993996
-0.99938464
-0.9993642
-0.9993758
-0.99939615
-0.99938595
-0.9993693
-0.99939024
-0.9993923
-0.9993927
-0.9993829
-0.99939275
-0.9993931
-0.9993762
-0.99937683
-0.99936295
-0.99937636
-0.9993763
-0.9993946
-0.9993951
-0.9993841
-0.9993959
-0.9993851
-0.99940646
-0.9994093
-0.9993988
-0.99939466
-0.9993906
-0.99939865
-0.9993987
-0.99939936
-0.9993988
-0.9993958
-0.99939376
-0.99938923
-0.99937123
-0.9993942
-0.9994038
-0.99938416
-0.99939257
-0.99938375
-0.9993843
-0.9993704
-0.99937934
-0.99938923
-0.999406
-0.9993853
-0.9994002
-0.9994041
-0.99939626
-0.9994086
-0.9993888
-0.9993949
-0.9993797
-0.9993931
-0.99937415
-0.9993691
-0.99940765
-0.99939525
-0.9993853
-0.9993962
-0.9994027
-0.9994075
-0.9993898
-0.99938315
-0.999386
-0.9993866
-0.99939966
-0.99936944
-0.99938273
-0.9994013
-0.99938774
-0.9993674
-0.9993672
-0.999389
-0.99939966
-0.99937296
-0.99938494
-0.9993947
-0.9994077
-0.999395
-0.99939966
-0.99939847
-0.9994095
-0.9993966
-0.99938834
-0.99941057
-0.99938524
-0.99938196
-0.9993954
-0.9994019
-0.9993978
-0.99940145
-0.9994004
-0.99940485
-0.9994051
-0.99940443
-0.9993879
-0.9993988
-0.99939555
-0.99938226
-0.9994083
-0.99939656
-0.9993779
-0.9994023
-0.9993976
-0.9994007
-0.9993994
-0.9994025
-0.999382
-0.99939585
-0.99938196
-0.99939066
-0.9994006
-0.9993972
-0.9994018
-0.9994111
-0.999391
-0.99939746
-0.9994051
-0.9993994
-0.99939704
-0.9993996
-0.99940306
-0.99939525
-0.9993952
-0.9993867
-0.9994133
-0.99940604
-0.9993946
-0.99939424
-0.99939203
-0.9993896
-0.9993935
-0.99940544
-0.99936724
-0.9993585
-0.99937034
-0.99939245
-0.99939674
-0.9993555
-0.99931496
-0.99937737
-0.99938506
-0.9993984
-0.99936897
-0.99938315
-0.9993778
-0.9994022
-0.99940366
-0.9993808
-0.9993733
-0.9993907
-0.9993898
-0.9993601
-0.9993885
-0.99939823
-0.99940616
-0.99939835
-0.999387
-0.99939567
-0.99939907
-0.99938697
-0.9993848
-0.9994078
-0.9994081
-0.99937636
-0.9993932
-0.9994116
-0.9994137
-0.99939275
-0.9993866
-0.99937505
-0.9994026
-0.9993957
-0.9993882
-0.99938715
-0.99940443
-0.99940145
-0.9993939
-0.9993905
-0.9994066
-0.9993929
-0.99938405
-0.99938077
-0.9994027
-0.99940896
-0.9993809
-0.99940026
-0.99938333
-0.99940735
-0.99941283
-0.99939173
-0.99939483
-0.9993978
-0.9993928
-0.9994108
-0.9994115
-0.9994093
-0.9994016
-0.99940056
-0.999409
-0.9993958
-0.9994065
-0.99940574
-0.99938387
-0.99940765
-0.99940455
-0.99939156
-0.99939346
-0.9993996
-0.99938923
-0.99939996
-0.9993963
-0.9993972
-0.9994094
-0.9994063
-0.99939466
-0.99939835
-0.9994045
-0.9994023
-0.9993674
-0.9994066
-0.99940276
-0.9993942
-0.99935764
-0.9993487
-0.99939203
-0.9993958
-0.9993745
-0.99935925
-0.99937624
-0.99940366
-0.999405
-0.99940306
-0.9993863
-0.9994021
-0.9994037
-0.99940896
-0.9993921
-0.99939924
-0.9993948
-0.9993899
-0.9993961
-0.99940354
-0.9994036
-0.99939317
-0.9993716
-0.9993608
-0.9993879
-0.9994058
-0.9994124
-0.9993869
-0.99937934
-0.9994088
-0.9993928
-0.9994076
-0.99939466
-0.9993791
-0.99939877
-0.9993958
-0.999385
-0.9993741
-0.9993733
-0.9993965
-0.9994069
-0.9993603
-0.99935335
-0.9994146
-0.99940443
-0.9993958
-0.99939805
-0.9993938
-0.9993818
-0.9993886
-0.99939495
-0.99941844
-0.9993916
-0.9993574
-0.9993624
-0.99939793
-0.9994169
-0.9993804
-0.99938905
-0.9993957
-0.99941754
-0.99939823
-0.99939495
-0.9993812
-0.9993967
-0.99941075
-0.999399
-0.99936783
-0.9993795
-0.99941325
-0.999403
-0.9994124
-0.9993952
-0.9993908
-0.99941
-0.99941415
-0.99942327
-0.99940246
-0.9994163
-0.9994021
-0.99940467
-0.99939144
-0.9994157
-0.99941534
-0.9994089
-0.99939644
-0.99939513
-0.9994201
-0.9994051
-0.99939245
-0.9994145
-0.9994174
-0.99941635
-0.99940544
-0.99938905
-0.9994045
-0.9994107
-0.99940157
-0.9994066
-0.9993909
-0.9993811
-0.9994073
-0.9994043
-0.9993975
-0.99937946
-0.9994019
-0.99942005
-0.99941623
-0.99939567
-0.9993985
-0.9994111
-0.99940073
-0.99938565
-0.99938446
-0.99941355
-0.9994009
-0.99938214
-0.99939466
-0.9994185
-0.99941546
-0.99939203
-0.9993763
-0.9993887
-0.9994092
-0.9993921
-0.9993934
-0.9994132
-0.999405
-0.99940103
-0.9993944
-0.9994131
-0.99939924
-0.99939895
-0.9994105
-0.99940896
-0.99941045
-0.9993868
-0.99940324
-0.99941254
-0.9993991
-0.99940294
-0.999391
-0.99939865
-0.9994044
-0.9994063
-0.9993913
-0.9994015
-0.9994071
-0.9993987
-0.99937737
-0.9994091
-0.9993972
-0.99941117
-0.99940515
-0.9993961
-0.9993878
-0.9994046
-0.9993919
-0.99938905
-0.9993804
-0.9993833
-0.9994073
-0.99937946
-0.99936277
-0.9993452
-0.99937683
-0.99941856
-0.9993667
-0.9993415
-0.9993573
-0.99941695
-0.9994231
-0.99938655
-0.99939233
-0.9994066
-0.9994011
-0.9993763
-0.99938434
-0.9994132
-0.9994105
-0.9993597
-0.9993731
-0.9994082
-0.9994197
-0.99937797
-0.9993565
-0.99938315
-0.99941516
-0.9994068
-0.99937767
-0.9993926
-0.99941313
-0.99940675
-0.9994145
-0.99941295
-0.9994158
-0.9994115
-0.9994053
-0.9993929
-0.9994013
-0.99941933
-0.99939215
-0.999401
-0.999403
-0.9993942
-0.9993958
-0.99942136
-0.99941707
-0.9994168
-0.99940646
-0.99940926
-0.9994029
-0.9994078
-0.9994176
-0.99941874
-0.9994136
-0.9994115
-0.9994182
-0.99941236
-0.99940926
-0.99941295
-0.9994091
-0.99941397
-0.9994211
-0.999422
-0.99939924
-0.9994147
-0.9994013
-0.9994124
-0.9994149
-0.999419
-0.9994073
-0.99940413
-0.99939865
-0.99941343
-0.9994135
-0.999423
-0.9994164
-0.99942267
-0.9994094
-0.99941415
-0.9993807
-0.999386
-0.9994066
-0.9994142
-0.99939317
-0.9993808
-0.99940467
-0.9993982
-0.99938387
-0.9993808
-0.9994112
-0.99941623
-0.99941236
-0.9994139
-0.99941486
-0.99941796
-0.99940616
-0.9994224
-0.99941117
-0.9994147
-0.99942094
-0.9994091
-0.99942416
-0.9994162
-0.9994034
-0.999415
-0.9994218
-0.9994076
-0.999421
-0.9994144
-0.99940515
-0.9994085
-0.999418
-0.999421
-0.99941957
-0.9994053
-0.9994198
-0.9994281
-0.9994151
-0.99942434
-0.99942225
-0.999435
-0.99941003
-0.9994138
-0.99942595
-0.9994143
-0.9994091
-0.9994236
-0.99939185
-0.9993959
-0.9994201
-0.99940675
-0.9994117
-0.9994126
-0.99942
-0.9994168
-0.9994326
-0.9994107
-0.99939895
-0.99941677
-0.9994008
-0.99941796
-0.999441
-0.9994215
-0.9994082
-0.9993924
-0.999426
-0.9994249
-0.99941844
-0.9994265
-0.999425
-0.9994095
-0.9994273
-0.99942064
-0.9994162
-0.9994021
-0.99942696
-0.99941206
-0.999402
-0.99940675
-0.999398
-0.99940175
-0.99941623
-0.9994195
-0.9994014
-0.9993992
-0.9994145
-0.9994129
-0.99940765
-0.9994165
-0.9994049
-0.99941915
-0.9994287
-0.9994197
-0.99942875
-0.9994129
-0.99940497
-0.9993993
-0.9994054
-0.9994366
-0.99941957
-0.9993995
-0.99940115
-0.9994163
-0.9994268
-0.99943286
-0.99942
-0.9994
-0.99942154
-0.99942476
-0.99941707
-0.99940175
-0.99939626
-0.9994206
-0.9994255
-0.9994162
-0.9993998
-0.9993812
-0.9994127
-0.9994263
-0.9994214
-0.9994186
-0.99940604
-0.99943054
-0.999414
-0.999419
-0.99940544
-0.9993978
-0.9994097
-0.9994108
-0.99943244
-0.9993908
-0.99939024
-0.9994096
-0.99940205
-0.99941313
-0.9994071
-0.99942446
