-0.5609923
-0.5859267
-0.581858
-0.606708
-0.6040003
-0.6144781
-0.62092525
-0.6348129
-0.63964546
-0.6433513
-0.64697623
-0.638384
-0.65527827
-0.646913
-0.6506005
-0.6596974
-0.6590645
-0.6446978
-0.6578102
-0.65736556
-0.65325654
-0.6562014
-0.65453345
-0.6559853
-0.6498901
-0.66256696
-0.66748095
-0.65744144
-0.6586688
-0.6752798
-0.6598231
-0.6739634
-0.66641146
-0.66794914
-0.6708915
-0.6794198
-0.6760305
-0.6722915
-0.6741077
-0.6792574
-0.6729237
-0.68019795
-0.6795659
-0.67641896
-0.69303316
-0.68563026
-0.6859014
-0.6894259
-0.68543434
-0.68375725
-0.6831249
-0.68995833
-0.68093383
-0.6931736
-0.69180864
-0.68688375
-0.69086534
-0.69304043
-0.68712384
-0.69915915
-0.69065887
-0.693632
-0.6991959
-0.6868919
-0.691108
-0.70143735
-0.7003731
-0.6985208
-0.7019068
-0.7007676
-0.6979238
-0.70693815
-0.7054018
-0.7048957
-0.7057482
-0.6985236
-0.7007934
-0.7090161
-0.7004609
-0.70869374
-0.7088508
-0.707718
-0.70312977
-0.70915014
-0.705143
-0.7122849
-0.7122423
-0.7119864
-0.70517695
-0.709931
-0.71213657
-0.7112502
-0.7125107
-0.7140243
-0.71312606
-0.71172416
-0.7117835
-0.7145618
-0.7124047
-0.71676975
