-0.64506227
-0.64345384
-0.64778394
-0.65028113
-0.65166914
-0.6483455
-0.65470517
-0.65061176
-0.6557667
-0.6572393
-0.65495694
-0.65867335
-0.65982115
-0.66123044
-0.6624212
-0.6630095
-0.6650037
-0.66740596
-0.6649254
-0.6671409
-0.6695527
-0.6700914
-0.66582066
-0.670876
-0.67403066
-0.6766008
-0.67462987
-0.6696908
-0.6767541
-0.6742731
-0.67928976
-0.67647666
-0.6768808
-0.67882395
-0.67867893
-0.6791001
-0.67684865
-0.67837465
-0.67975295
-0.6863858
-0.68169576
-0.6795713
-0.6804145
-0.6829007
-0.68073124
-0.68358934
-0.68514574
-0.6827191
-0.68342507
-0.68792695
-0.685041
-0.68564075
-0.6834922
-0.6827651
-0.68621176
-0.6896363
-0.68419635
-0.68968797
-0.68814576
-0.6866223
-0.6872574
-0.68903524
-0.6883993
-0.6919358
-0.68909436
-0.6885847
-0.6902958
-0.6920631
-0.68783855
-0.6852298
-0.6904317
-0.6929289
-0.6927133
-0.68997467
-0.69288254
-0.6919314
-0.6953229
-0.69351745
-0.6936681
-0.6946973
-0.69242156
-0.6936819
-0.6931487
-0.6919145
-0.69437957
-0.69687086
-0.69727236
-0.6993412
-0.69983727
-0.69808763
-0.698937
-0.69859457
-0.6998543
-0.7017974
-0.6988941
-0.70297974
-0.69855213
-0.7012111
-0.69907385
-0.6997834
