-0.4530724
-0.507659
-0.52899486
-0.5618895
-0.5921246
-0.62182856
-0.62333155
-0.64366615
-0.65231115
-0.6741155
-0.6748758
-0.6905963
-0.70457816
-0.71117866
-0.7165142
-0.72690874
-0.746321
-0.7350086
-0.74403906
-0.7488425
-0.7527955
-0.7534657
-0.7513497
-0.76437724
-0.7657783
-0.77761525
-0.77785504
-0.7788146
-0.78037703
-0.78476137
-0.7977264
-0.7974001
-0.7947322
-0.80123764
-0.8039356
-0.80414855
-0.8088912
-0.8066308
-0.81457937
-0.81651783
-0.81727034
-0.82070124
-0.81761914
-0.8154078
-0.81672794
-0.817625
-0.8208591
-0.81995195
-0.81692356
-0.8209967
-0.8217138
-0.82472664
-0.8222567
-0.8211058
-0.82108647
-0.8265705
-0.82126784
-0.8198565
-0.8315589
-0.8320764
-0.8344225
-0.83185005
-0.83419997
-0.8390202
-0.83238995
-0.8385367
-0.83298314
-0.8413087
-0.84315705
-0.84062284
-0.8434828
-0.8481027
-0.8461233
-0.84779733
-0.8413973
-0.8536089
-0.8481332
-0.85125947
-0.85495603
-0.8560915
-0.85600805
-0.85495114
-0.8614681
-0.85360265
-0.85736376
-0.8558038
-0.8575887
-0.86219573
-0.85678786
-0.8595947
-0.86153924
-0.8536369
-0.8585223
-0.8520347
-0.85711706
-0.8609028
-0.86517024
-0.8617052
-0.85992247
-0.86571574
-0.8606156
-0.8558036
-0.8579864
-0.8593449
-0.86595803
-0.8600671
-0.8595343
-0.8671662
-0.85764563
-0.8578008
-0.8579034
-0.85091347
-0.84527785
-0.852187
-0.85116994
-0.8466012
-0.84442645
-0.841862
-0.8416195
-0.8337677
-0.8437533
-0.84031856
-0.8484733
-0.841204
-0.8428721
-0.8435534
-0.8386712
-0.8345447
-0.830229
-0.83895254
-0.8322945
-0.8351844
-0.8283877
-0.83074075
-0.8434252
-0.8309017
-0.82983255
-0.835518
-0.84052217
-0.83271885
-0.8353581
-0.8390205
-0.84148884
-0.8389274
-0.84343296
-0.8459893
-0.84998626
-0.8519757
-0.85026985
-0.85414463
-0.86212546
-0.85063595
-0.8540002
-0.85470515
-0.8648046
-0.863354
-0.8552994
-0.8603767
-0.85581356
-0.85946846
-0.8667561
-0.86806655
-0.86602837
-0.87079036
-0.8666282
-0.8672953
-0.8747625
-0.8689839
-0.8758255
-0.87261885
-0.87609035
-0.8749737
-0.87881136
-0.87003875
-0.88152564
-0.8700523
-0.87482244
-0.8787413
-0.88679147
-0.8803319
-0.88279283
-0.8774823
-0.8790044
-0.8878507
-0.8802795
-0.8799341
-0.88864255
-0.8832357
-0.88617074
-0.88539845
-0.8859066
-0.8795512
-0.8856771
-0.8894976
-0.8861681
-0.8864325
-0.8847218
-0.8816105
-0.8861438
-0.89045537
-0.8913355
-0.88990563
-0.8898619
-0.88598585
-0.88632125
-0.8854584
-0.88724846
-0.88333833
-0.8891695
-0.8913553
-0.8851085
-0.885982
-0.8890352
-0.8839742
-0.8885533
-0.8899767
-0.8927411
-0.89085865
-0.89208984
-0.8881648
-0.8893756
-0.88996315
-0.8919551
-0.8921468
-0.8898042
-0.89245623
-0.89176315
-0.88793075
-0.89133364
-0.8952695
-0.8890398
-0.8909979
-0.892377
-0.89376503
-0.89158595
-0.89243543
-0.8930222
-0.8941365
-0.8969715
-0.8934413
-0.8927121
-0.8973105
-0.8985322
-0.89290607
-0.89438635
-0.8924342
-0.89261353
-0.8922499
-0.89330184
-0.8951193
-0.8939873
-0.8941235
-0.8987694
-0.8953252
-0.89717674
-0.8946592
-0.89187276
-0.8955025
-0.89629513
-0.89713734
-0.8922538
-0.8955682
-0.89554566
-0.896846
-0.89338887
-0.89467365
-0.89632964
-0.8947229
-0.89581484
-0.8947185
-0.89751667
-0.89314973
-0.89146775
-0.89858156
-0.8980625
-0.89698184
-0.8931814
-0.8966472
-0.8964881
-0.8937932
-0.89663744
-0.89244324
-0.89181715
-0.8935521
-0.89860815
-0.8972262
-0.8908151
-0.89672846
-0.8990093
-0.8969617
-0.9020712
-0.893437
-0.89784575
-0.8958011
-0.894361
-0.8982419
-0.89549005
-0.89324504
-0.89403033
-0.8986606
-0.896989
-0.8992397
-0.8943179
-0.89888036
-0.8988361
-0.8964424
-0.8977869
-0.89912504
-0.8965402
-0.8913409
-0.89631057
-0.89898413
-0.89856064
-0.8976719
-0.89430684
-0.90011257
-0.89470994
-0.898968
-0.89534736
-0.8998148
-0.8992248
-0.90056896
-0.8961108
-0.9015033
-0.8968479
-0.903064
-0.89558
-0.90077055
-0.896616
-0.89920044
-0.8973925
-0.90168554
-0.89792913
-0.90020937
-0.9047898
-0.8982338
-0.90124875
-0.9009735
-0.89933914
-0.90088874
-0.8992953
-0.90188473
-0.89865506
-0.90064615
-0.8976406
-0.8960863
-0.89898646
-0.9004504
-0.90153223
-0.9012447
-0.89874554
-0.9014795
-0.8967899
-0.9008274
-0.8980503
-0.89754707
-0.9016605
-0.8989478
-0.8969765
-0.90119535
-0.8965143
-0.8966111
-0.9001613
-0.9006408
-0.8970939
-0.8991983
-0.9011052
-0.9013983
-0.9002684
-0.89917505
-0.89949465
-0.89732593
-0.89998966
-0.89724886
-0.9006847
-0.8946751
-0.89946467
-0.9018171
-0.89913577
-0.8971221
-0.9019516
-0.8992171
-0.8993335
-0.90024626
-0.90414816
-0.89951724
-0.90121406
-0.9016631
-0.9030553
-0.8969877
-0.90151507
-0.89802134
-0.8969391
-0.9033086
-0.90202963
-0.90327126
-0.9043331
-0.9012961
-0.9015156
-0.9007397
-0.9005785
-0.90467924
-0.90111214
-0.9028308
-0.90020984
-0.9005651
-0.899476
-0.8992066
-0.90340185
-0.90064484
-0.9020555
-0.90078205
-0.9010574
-0.89841443
-0.9019376
-0.9022956
-0.90260184
-0.89837754
-0.904011
-0.9040277
-0.8965696
-0.9052793
-0.9009458
-0.9040475
-0.9043669
-0.90138346
-0.89987457
-0.9030299
-0.9018995
-0.9013869
-0.9011688
-0.90265614
-0.902328
-0.9007769
-0.89967096
-0.9018425
-0.90480816
-0.9036136
-0.90108454
-0.89943403
-0.90238476
-0.9043395
-0.9017386
-0.9037543
-0.8972768
-0.8997441
-0.9026477
-0.9001816
-0.9018049
-0.9058755
-0.9046072
-0.9056166
-0.9013951
-0.90278727
-0.90622306
-0.9075576
-0.8998044
-0.90324914
-0.8994841
-0.8994574
-0.9002833
-0.898972
-0.90437365
-0.90147597
-0.9060972
-0.9026575
-0.9024038
-0.9037638
-0.9033082
-0.902428
-0.9004009
-0.9050796
-0.903456
-0.8993249
-0.9031024
-0.90381193
-0.90540963
-0.9016235
-0.9048682
-0.90800786
-0.9025623
-0.900977
-0.9049304
-0.90428305
-0.9017382
-0.9024921
-0.9016209
-0.90668094
-0.9017347
-0.9023291
-0.9040476
-0.90457535
-0.8981819
-0.9007332
-0.9019048
-0.90607893
-0.90633357
-0.90268403
-0.8980364
-0.901429
-0.9044627
-0.90637326
-0.9036936
-0.90408933
-0.9033358
-0.9058458
-0.90517914
-0.9031215
-0.90153015
-0.90129215
-0.9073795
-0.90384144
-0.901189
-0.90341145
-0.9042818
-0.90383995
-0.905324
-0.90818506
-0.902402
-0.9029087
-0.90254986
-0.9076983
-0.904949
-0.90501535
-0.9061408
-0.90134585
-0.90483826
-0.9067974
-0.90284896
-0.9001213
-0.90444195
-0.903975
-0.9043712
-0.9065367
-0.90156585
-0.9020957
-0.90433353
-0.8999149
-0.9019319
-0.8991313
-0.90511024
-0.90070707
-0.90675676
-0.89896095
-0.8993559
-0.902356
-0.9010686
-0.89949626
-0.8946464
-0.90139854
-0.8992078
-0.9012396
-0.90012646
-0.9002137
-0.8994819
-0.89691764
-0.89813346
-0.89807963
-0.901672
-0.9009463
-0.90281564
-0.8960636
-0.8987214
-0.90237886
-0.90488034
-0.8995385
-0.9000627
-0.90256083
-0.90071535
-0.899899
-0.8997034
-0.9036029
-0.8997664
-0.9009976
-0.9003926
-0.9031759
-0.89734125
-0.8996283
-0.9044301
-0.90207994
-0.8985878
-0.9013911
-0.90030974
-0.90422714
-0.8987848
-0.90290236
-0.9004727
-0.9039646
-0.90344584
-0.8993463
-0.9048414
-0.9036462
-0.90493417
-0.90588593
-0.90138847
-0.9052283
-0.9051135
-0.89843035
-0.9035776
-0.9038428
-0.9025192
-0.90313673
-0.90657115
-0.90571386
-0.9081946
-0.90738475
-0.905596
-0.9078663
-0.90568554
-0.9109871
-0.90486073
-0.9081354
-0.9082213
-0.91077316
-0.90773255
-0.9046742
-0.9075313
-0.906034
-0.90712774
-0.903896
-0.9094958
-0.9037992
-0.90657943
-0.9058247
-0.90514886
-0.9047956
-0.9035079
-0.9095614
-0.9071101
-0.9057365
-0.91027313
-0.90887004
-0.9055275
-0.91255784
-0.9081046
-0.9064129
-0.90887666
-0.9101673
-0.9117568
-0.90839326
-0.9092817
-0.9089412
-0.91004026
-0.9079184
-0.9045267
-0.90762377
-0.9052016
-0.9062264
-0.9083283
-0.9055875
-0.91050667
-0.91109294
-0.9052975
-0.9090335
-0.9065187
-0.9098525
-0.9082328
-0.9107158
-0.90775263
-0.9099661
-0.9046852
-0.90787524
-0.9105147
-0.9114525
-0.90663415
-0.91026926
-0.9126314
-0.91090626
-0.91271996
-0.9096397
-0.91127366
-0.9063924
-0.91087896
-0.9096402
-0.90973747
-0.9100946
-0.9116736
-0.91225445
-0.91160345
-0.9102168
-0.9085007
-0.91594505
-0.9109491
-0.9136332
-0.909891
-0.908273
-0.91037226
-0.90899384
-0.910034
-0.9078418
-0.91400146
-0.91047233
-0.91222274
-0.9105487
-0.9116308
-0.91052073
-0.9142906
-0.9108573
-0.91025704
-0.9137782
-0.91076505
-0.91655433
-0.9117613
-0.9119757
-0.91237044
-0.91293085
-0.91204715
-0.9131127
-0.9126175
-0.9097608
-0.9139991
-0.9108343
-0.9099996
-0.9091499
-0.9110165
-0.90852284
-0.90816563
-0.91484916
-0.9074241
-0.90786886
-0.9127272
-0.91533935
-0.9101567
-0.91179174
-0.91049653
-0.9133079
-0.911969
-0.90806836
-0.9110288
-0.917521
-0.9152578
-0.9099814
-0.9114338
-0.91430193
-0.9087349
-0.9155021
-0.91183
-0.90750843
-0.91332316
-0.9135494
-0.9153043
-0.91212153
-0.9149503
-0.91126287
-0.912076
-0.913776
-0.9116659
-0.915918
-0.91617495
-0.9124345
-0.91001946
-0.91254485
-0.9142352
-0.9121275
-0.9140617
-0.9133401
-0.9145271
-0.9089406
-0.9118795
-0.9141353
-0.90837944
-0.9122071
-0.9109922
-0.91730016
-0.91477054
-0.91183275
-0.91114676
-0.9136211
-0.9155572
-0.91206014
-0.91429555
-0.91220427
-0.9108973
-0.91104054
-0.91445315
-0.9117794
-0.9124155
-0.91131765
-0.9141159
-0.9093676
-0.914564
-0.9099589
-0.9053075
-0.9124066
-0.9100156
-0.9089798
-0.91077435
-0.9114371
-0.91106594
-0.9131385
-0.9135909
-0.9139105
-0.9143365
-0.90765816
-0.90920585
-0.90763015
-0.90977097
-0.91500646
-0.91398746
-0.91073906
-0.90756196
-0.9180758
-0.91409683
-0.91549927
-0.91118807
-0.9155268
-0.9111671
-0.9128513
-0.91471845
-0.9094094
-0.91382444
-0.9129646
-0.914508
-0.9092518
-0.91552764
-0.9125287
-0.9114211
-0.9128757
-0.9131266
-0.91053754
-0.91411716
-0.911829
-0.9115313
-0.9114531
-0.912461
-0.9077751
-0.9124876
-0.9166572
-0.910603
-0.91361696
-0.91285074
-0.9133281
-0.91488564
-0.9152974
-0.91722476
-0.9142056
-0.9133803
-0.9150982
-0.9154792
-0.9137495
-0.91251695
-0.9181875
-0.9132498
-0.9112598
-0.9139962
-0.9142427
-0.9158921
-0.9150024
-0.9133547
-0.91271025
-0.91403973
-0.91033083
-0.9142392
-0.91320103
-0.91500825
-0.91638
-0.9147564
-0.9138078
-0.91655135
-0.912094
-0.91351175
-0.9135337
-0.9130594
-0.91702294
-0.91428196
-0.9130812
-0.9136813
-0.9149701
-0.9145879
-0.9129127
-0.916413
-0.91663224
-0.9154456
-0.9134778
-0.9114757
-0.9123189
-0.9120235
-0.9160977
-0.91480947
-0.9141835
-0.91447014
-0.9170638
-0.9149956
-0.9145252
-0.9172752
-0.9163694
-0.9145006
-0.9150453
-0.91503286
-0.9146072
-0.91360927
-0.91296196
-0.9164168
-0.91152
-0.9159883
-0.91311705
-0.91600174
-0.91271627
-0.9162136
-0.91504407
-0.9183196
-0.9128416
-0.91240937
-0.91406
-0.9140111
-0.9098391
-0.9128759
-0.9182004
-0.91643727
-0.91448903
-0.91546446
-0.91446865
-0.9174805
-0.9182576
-0.91679335
-0.9186637
-0.91623974
-0.9158401
-0.91148543
-0.91709536
-0.91630304
-0.91651505
-0.9145855
-0.9079956
-0.9123959
-0.9109632
-0.9112645
-0.9145365
-0.9166653
-0.9103878
-0.9067758
-0.9149972
-0.91628593
-0.9199705
-0.9113332
-0.9116592
-0.9155395
-0.9112881
-0.91409993
-0.9150596
-0.90842396
-0.9131055
-0.91630626
-0.9128364
-0.9131161
-0.9116334
-0.9125137
-0.91456985
-0.9090444
-0.9180868
-0.91078585
-0.9141011
-0.91372764
-0.91245323
-0.9159792
-0.9132916
-0.91142786
-0.91636616
-0.9098489
-0.9124029
-0.9148577
-0.915827
-0.906626
-0.91078657
-0.9126086
-0.911703
-0.9168157
-0.91127086
-0.9107227
-0.91045874
-0.91115135
-0.9145329
-0.9108956
-0.9119708
-0.9138281
-0.9144493
-0.91171855
-0.91643226
-0.9129393
-0.9126263
-0.909023
-0.91182625
-0.91656506
-0.91714317
-0.915399
-0.91601884
-0.9145702
-0.91544545
-0.9156648
-0.914205
-0.9181659
-0.91299504
-0.91598606
-0.91699624
-0.91529477
-0.9163155
-0.91796255
-0.91638047
-0.9159922
-0.91201013
-0.9158174
-0.9192088
-0.9154835
-0.9146878
-0.9158827
-0.9171165
-0.91513026
-0.9148195
-0.91739005
-0.91675234
-0.91711783
-0.9149137
-0.9123702
-0.9116991
-0.91643953
-0.9161452
-0.9160301
-0.9119508
-0.9144525
-0.9167021
-0.91367334
-0.91547376
-0.9130936
-0.91421056
-0.91521275
-0.91569567
-0.92068595
-0.91791135
-0.9187596
-0.91648304
-0.91537577
-0.9114856
-0.9170573
-0.9171788
-0.9145685
-0.91431755
-0.9158462
-0.9138742
-0.9186726
-0.91533387
-0.91596854
-0.9159499
-0.9189176
-0.91493374
-0.91662025
-0.91657865
-0.9138716
-0.91450083
-0.9143504
-0.91447335
-0.91533333
-0.91374326
-0.91141826
-0.91475093
-0.91897553
-0.9121415
-0.9165182
-0.9164747
-0.9154955
-0.9149478
-0.9151638
-0.916003
-0.91516405
-0.9120488
-0.9152364
-0.91627055
-0.91543055
-0.9140305
-0.91316015
-0.9175706
-0.91520995
-0.913735
-0.91154605
-0.9163248
-0.9119554
-0.915468
-0.91633266
-0.9132417
-0.91244787
-0.91443306
-0.9103088
-0.9105866
-0.91505927
-0.91604304
-0.9123456
-0.9133134
-0.9127361
-0.91295636
-0.91227657
-0.91609293
-0.90885556
-0.91515744
-0.9169487
-0.91433936
-0.91531914
-0.91615087
-0.9143967
-0.9128609
-0.91498053
-0.91235816
-0.9179936
-0.91372347
-0.912685
-0.91166735
-0.91216016
-0.9143271
-0.9169064
-0.9139701
-0.91294134
-0.91349787
-0.9140473
-0.9155429
-0.91208816
-0.91475755
-0.9137858
-0.9125124
-0.91709065
-0.91352904
-0.91855633
-0.91520655
-0.92009586
-0.91277355
-0.91686213
-0.9147827
-0.9136565
-0.9123809
-0.9159767
-0.9137003
-0.9144623
-0.91408485
-0.9137263
-0.91290885
-0.91249955
-0.9163581
-0.91320723
-0.9137851
-0.91129506
-0.9139679
-0.9119486
-0.911423
-0.91103786
-0.91341877
-0.9146613
-0.9141451
-0.9097554
-0.91428405
-0.91285086
-0.9174161
-0.9123524
-0.9153563
-0.91698945
-0.91267675
-0.91534424
-0.9145859
-0.9159898
-0.91052324
-0.91783535
-0.9193672
-0.91296184
-0.9120259
-0.915837
-0.915209
-0.91552365
-0.91341203
-0.91047984
-0.9156404
-0.9180267
-0.916811
-0.91643053
-0.9136842
-0.91832113
-0.9168054
-0.91464293
-0.91661084
-0.9106572
-0.9121393
-0.91199034
-0.912712
-0.9172307
-0.91416425
-0.91429645
-0.907916
-0.9160957
-0.91321534
-0.91829115
-0.91527843
-0.91847235
-0.91545916
-0.9166622
-0.9164901
-0.91621095
-0.91578
-0.91488826
-0.9155689
-0.9161127
-0.91520286
-0.92033917
-0.9164978
-0.9180096
-0.91706854
-0.915829
-0.9141345
-0.92291653
-0.91370267
-0.91764474
-0.91628575
-0.9152908
-0.9161554
-0.9183283
-0.9155721
-0.91981816
-0.91417783
-0.91753924
-0.91730654
-0.91085464
-0.91736484
-0.9165085
-0.9163069
-0.91349417
-0.911927
-0.915215
-0.91349936
-0.9178366
-0.91205287
-0.9144132
-0.91697776
-0.9169514
-0.91634953
-0.9157843
-0.9128767
-0.91531825
-0.9157203
-0.91170704
-0.91576827
-0.91341835
-0.9175844
-0.91673815
-0.9166016
-0.917979
-0.91454506
-0.9159545
-0.91934615
-0.9175293
-0.9163457
-0.9188345
-0.91559535
-0.9154811
-0.9137932
-0.9126341
-0.91501915
-0.9187547
-0.9178772
-0.91683966
-0.9161046
-0.91530544
-0.91661566
-0.91613215
-0.9180704
-0.91575146
-0.91526335
-0.9139017
-0.9134243
-0.91674286
-0.9158348
-0.91291296
-0.91594046
-0.92133224
-0.91851115
-0.9171262
-0.91842496
-0.9171919
-0.91437566
-0.9160047
-0.91637343
-0.92030036
-0.9190658
-0.9164993
-0.9158842
-0.91680646
-0.9210257
-0.9140481
-0.9176404
-0.9192743
-0.917467
-0.9193361
-0.913233
-0.91638404
-0.9187853
-0.9146214
-0.92200226
-0.9198551
-0.9200638
-0.91575956
-0.91536033
-0.9189812
-0.9188927
-0.917557
-0.91704816
-0.9159389
-0.91912377
-0.9172912
-0.91631556
-0.9181066
-0.91438943
-0.91827446
-0.9162741
-0.91786486
-0.9180686
-0.91665417
-0.9153763
-0.9148156
-0.9181338
-0.91754967
-0.91815275
-0.9189991
-0.9156526
-0.91980165
-0.9175177
-0.9152736
-0.91337687
-0.91624933
-0.9205056
-0.91892475
-0.91634125
-0.9200464
-0.9159911
-0.91902584
-0.91255397
-0.91626126
-0.9185759
-0.9149075
-0.91796356
-0.9160689
-0.9175997
-0.91874915
-0.9191567
-0.9182016
-0.9151684
-0.91793156
-0.91792756
-0.92033213
-0.916076
-0.9182702
-0.9185835
-0.91503245
-0.9202444
-0.9157258
-0.9195283
-0.9175348
-0.921847
-0.91753644
-0.9203252
-0.91890484
-0.91588676
-0.9206079
-0.918963
-0.916944
-0.91964436
-0.9184466
-0.9214049
-0.915279
-0.91870946
-0.92184967
-0.917009
-0.9186576
-0.9163586
-0.9213844
-0.91753006
-0.9205954
-0.91891277
-0.9168679
-0.92078686
-0.9181605
-0.91470736
-0.91673183
-0.91579217
-0.91627336
-0.9197493
-0.9141617
-0.9128419
-0.9171149
-0.91559905
-0.9158432
-0.9192656
-0.9162064
-0.9153606
-0.9148005
-0.9164606
-0.9137773
-0.9127915
-0.9162348
-0.9141954
-0.91579837
-0.9120718
-0.9152148
-0.91672707
-0.9118787
-0.91997004
-0.9180362
-0.92148066
-0.9215242
-0.9191462
-0.9157236
-0.9174516
-0.91642845
-0.91698515
-0.9182313
-0.9198965
-0.9187063
-0.9152325
-0.91753227
-0.91579175
-0.9165464
-0.9184108
-0.9159423
-0.9188333
-0.918351
-0.9194271
-0.9215477
-0.92047745
-0.91650814
-0.9202522
-0.9188093
-0.91238487
-0.9180257
-0.9215051
-0.916926
-0.91375625
-0.9150149
-0.9181999
-0.9141044
-0.9190672
-0.9127274
-0.9158761
-0.9148517
-0.91739863
-0.9124235
-0.91916484
-0.9151939
-0.9197782
-0.91747594
-0.9127535
-0.91537833
-0.9202852
-0.9180829
-0.9178017
-0.91578615
-0.91743124
-0.9184605
-0.9167539
-0.91819954
-0.91566104
-0.9152117
-0.9178791
-0.9145638
-0.91702604
-0.92046857
-0.9166686
-0.9156084
-0.91833276
-0.9146943
-0.9174335
-0.9165432
-0.91850245
-0.9135873
-0.91744
-0.9178689
-0.91997707
-0.9147294
-0.9169753
-0.91826826
-0.9154809
-0.9171017
-0.920732
-0.92035806
-0.91812724
-0.9205377
-0.914045
-0.9179964
-0.92219126
-0.918013
-0.9154557
-0.9202386
-0.91504914
-0.9172707
-0.918052
-0.9174818
-0.9188634
-0.91462326
-0.91629016
-0.9189786
-0.9176745
-0.9195177
-0.91313386
-0.91582996
-0.9192574
-0.9163959
-0.9172369
-0.9185492
-0.9197616
-0.9181347
-0.9171655
-0.91859186
-0.91851926
-0.921937
-0.91694343
-0.91806614
-0.9200305
-0.92155474
-0.9229777
-0.9196011
-0.9158055
-0.9212912
-0.92019314
-0.9122526
-0.9192623
-0.9203185
-0.9172022
-0.91893524
-0.91770494
-0.91853553
-0.9172544
-0.9185034
-0.91632295
-0.9190138
-0.9162543
-0.9179247
-0.9167266
-0.9210193
-0.91919065
-0.9148208
-0.91918457
-0.91589487
-0.92111826
-0.9172348
-0.9177043
-0.9152117
-0.9176475
-0.9143676
-0.9170444
-0.9198033
-0.917813
-0.9207891
-0.9123699
-0.91734165
-0.9134866
-0.91348493
-0.91722226
-0.91772825
-0.91166615
-0.9131201
-0.9187085
-0.9174773
-0.9186156
-0.917525
-0.92028993
-0.9171437
-0.9185129
-0.916866
-0.91932476
-0.9181518
-0.91912645
-0.91757035
-0.91614926
-0.9215323
-0.91864175
-0.9146808
-0.9198676
-0.91608447
-0.9162868
-0.91936284
-0.91950405
-0.91690016
-0.9184773
-0.918658
-0.9200632
-0.922096
-0.91837263
-0.91892207
-0.9181025
-0.91609913
-0.9171049
-0.9192955
-0.9201746
-0.91928506
-0.9204426
-0.9165788
-0.92115337
-0.9189566
-0.9202613
-0.9177759
-0.9217237
-0.91580135
-0.9194537
-0.92058074
-0.92083013
-0.922444
-0.9231732
-0.91834915
-0.91753095
-0.9157479
-0.9206009
-0.9141318
-0.9241952
-0.91865915
-0.9178931
-0.917056
-0.9175071
-0.91910046
-0.9203411
-0.9133453
-0.91796714
-0.91691166
-0.92180866
-0.9205492
-0.9203941
-0.9196325
-0.9196347
-0.9188822
-0.91838855
-0.91827184
-0.9165049
-0.91619074
-0.91901004
-0.91816604
-0.9178741
-0.916545
-0.9163452
-0.9129745
-0.922476
-0.9173761
-0.9120773
-0.9146004
-0.9189284
-0.92156804
-0.91685945
-0.91977525
-0.9160392
-0.9207386
-0.9165038
-0.9208504
-0.9236959
-0.9180123
-0.9208153
-0.91663736
-0.91926354
-0.91971755
-0.9153838
-0.91784716
-0.92008686
-0.9175358
-0.9153997
-0.91938955
-0.91691786
-0.92171746
-0.919003
-0.92031056
-0.9156626
-0.91780853
-0.9195211
-0.9177894
-0.91864383
-0.91718876
-0.91492236
-0.9215149
-0.91696864
-0.91855973
-0.9219288
-0.9189808
-0.91295874
-0.9167875
-0.919285
-0.91786534
-0.92005277
-0.91825163
-0.9215072
-0.91922903
-0.91845
-0.912004
-0.92187726
-0.9177338
-0.91627204
-0.9196361
-0.9198385
-0.9202489
-0.9205864
-0.919875
-0.92044556
-0.92111355
-0.92089885
-0.9200418
-0.9162666
-0.91836023
-0.9169657
-0.91903764
-0.9146057
-0.917746
-0.9221353
-0.9172702
-0.917638
-0.92077667
-0.9233227
-0.91976964
-0.919529
-0.92363864
-0.9156443
-0.9204593
-0.9224797
-0.92070764
-0.9178289
-0.9210001
-0.9216556
-0.91514295
-0.91723895
-0.9198725
-0.9197376
-0.9177166
-0.9141409
-0.9193311
-0.9139462
-0.91547275
-0.9157451
-0.9162604
-0.9197532
-0.91723424
-0.918097
-0.91983217
-0.9217
-0.9166236
-0.9211256
-0.9159309
-0.9162841
-0.91794413
-0.9222406
-0.92073584
-0.91775864
-0.91887623
-0.9159217
-0.91843194
-0.9167452
-0.9210359
-0.91621894
-0.9183568
-0.9196483
-0.9188452
-0.9185708
-0.9169074
-0.9146781
-0.917845
-0.9158617
-0.9177649
-0.91969335
-0.91538787
-0.9179083
-0.9186154
-0.9195784
-0.9161929
-0.91918564
-0.9169644
-0.92132837
-0.91869885
-0.922475
-0.9161887
-0.92134935
-0.9191345
-0.9181382
-0.92150295
-0.9223318
-0.91664267
-0.9198012
-0.91994685
-0.91839826
-0.91727555
-0.9217834
-0.9200276
-0.9154638
-0.9210278
-0.91657037
-0.9202116
-0.91775346
-0.91602105
-0.91791916
-0.91735023
-0.91306955
-0.91808593
-0.91911626
-0.91879386
-0.91967416
-0.91973424
-0.9177985
-0.9165142
-0.9186924
-0.9181292
-0.92205834
-0.917658
-0.9152696
-0.9162302
-0.9171874
-0.9196698
-0.9192707
-0.9208561
-0.9149905
-0.9182653
-0.9141103
-0.9139203
-0.91826046
-0.9168238
-0.91621786
-0.91517776
-0.9211365
-0.9152473
-0.91455
-0.91484666
-0.9168592
-0.91910005
-0.9185448
-0.91623765
-0.91893286
-0.9150877
-0.9169154
-0.9197974
-0.9178765
-0.9199085
-0.9195467
-0.91785246
-0.9180733
-0.9189777
-0.91698915
-0.9177117
-0.9187195
-0.92102814
-0.920509
-0.9195962
-0.9150944
-0.916959
-0.91641146
-0.9184605
-0.9174024
-0.91659355
-0.919847
-0.91463435
-0.91800857
-0.91889155
-0.917976
-0.91649806
-0.9183509
-0.91752815
-0.91461515
-0.91749203
-0.91858846
-0.9180388
-0.91637087
-0.9185947
-0.9185395
-0.91744703
-0.9201124
-0.91769457
-0.91633373
-0.91699487
-0.9183226
-0.9199314
-0.9160557
-0.9195523
-0.9218462
-0.91540504
-0.918177
-0.9185883
-0.9163134
-0.9189056
-0.918803
-0.9201142
-0.9189516
-0.9179141
-0.92226756
-0.9192954
-0.91898733
-0.9218265
-0.9159217
-0.9172666
-0.92012316
-0.91818005
-0.9196175
-0.9190173
-0.919682
-0.9210196
-0.92006874
-0.91802514
-0.9154037
-0.91454905
-0.9173261
-0.91833156
-0.91464764
-0.91987276
-0.9137621
-0.9196329
-0.91847366
-0.91737497
-0.9167295
-0.91714615
-0.9177807
-0.9195942
-0.91704994
-0.9182601
-0.9214587
-0.9165859
-0.9183196
-0.917353
-0.91555893
-0.9199088
-0.9201588
-0.91845727
-0.9164828
-0.9214752
-0.9176748
-0.91872746
-0.9205975
-0.9153229
-0.917406
-0.91976446
-0.911382
-0.9179357
-0.915669
-0.9158211
-0.9187553
-0.91733396
-0.9189836
-0.9156657
-0.9216126
-0.9177824
-0.9158494
-0.91915643
-0.9192799
-0.9188048
-0.9185077
-0.9174325
-0.91967285
-0.91872436
-0.91762584
-0.91872525
-0.9180385
-0.919592
-0.91629696
-0.9197418
-0.91988295
-0.9166636
-0.91986406
-0.9217725
-0.9179672
-0.91890556
-0.92150086
-0.91632605
-0.91636527
-0.9173798
-0.9188075
-0.9211977
-0.91824335
-0.9185408
-0.918504
-0.9195182
-0.9208643
-0.9180847
-0.91893023
-0.91843605
-0.9181593
-0.916737
-0.9192771
-0.9195287
-0.918973
-0.9146931
-0.921772
-0.9189999
-0.9214806
-0.9196534
-0.92327267
-0.9195656
-0.91960627
-0.9185609
-0.91878664
-0.91927505
-0.9183601
-0.9185074
-0.91153884
-0.9192089
-0.91851664
-0.9136438
-0.9165556
-0.9199788
-0.9190825
-0.91964
-0.91831905
-0.9174546
-0.9195997
-0.91902137
-0.9189003
-0.9213129
-0.91867083
-0.92081296
-0.9193062
-0.9174272
-0.92201877
