407.0312608081574
387.8843052918685
367.9049150377421
347.3462648567729
327.3993046627477
313.87892681147633
311.6984846469814
317.7704191233377
333.35581658969835
410.3006583301299
390.65745098412117
371.95796975340966
352.64654981741
332.66049343507217
311.76722250892396
292.4615857322985
283.6134192986788
284.4221392309882
294.6479555535381
315.58863393494414
345.061398107649
382.14690487881654
425.2168733958507
416.4391063043847
395.8117714613731
375.79905399931954
355.17004312760065
335.9570138208029
316.5746720188141
296.0534842031329
275.8136536523183
258.35921442804954
254.40848084322963
259.7598726084119
274.6404287831172
300.911212784079
335.23405782272994
377.66111076511396
425.0262618755439
475.59477873632153
403.5720175523895
382.6302697615033
362.5140124983411
341.3854702985867
319.98026268512206
299.57250612104343
279.73393577113677
258.7984557055695
239.2758197864691
225.6262658596206
225.98538641928548
236.7910834118353
258.14762947375823
290.074829928746
331.10441218802987
378.1818891293138
428.65194709727166
481.5601074329323
535.6557050692638
391.61141933028017
370.72247208983555
349.9556510142579
328.70428448278176
307.656910087501
285.1814248814874
263.0114717748364
241.49289172957788
221.1514288600912
202.76628777622474
193.24749274509742
199.11721269733337
216.55982433841822
245.67892219808144
285.1564221951167
332.1259737421848
382.9023404532434
436.0999413346003
490.7340758983198
545.6914412326157
598.7672456735314
379.80872265832886
360.40996579131036
339.47293676619853
317.279093716523
295.2838910433725
273.4866015704406
250.22009041718434
226.64474369029227
204.52333191545418
184.43166080720195
166.82819704170083
161.50880291522301
174.793632277732
200.7646683698579
239.0680701923499
285.38609939926806
336.7304829879304
390.5316952060956
446.0239473500747
501.6852753806347
556.9079858813716
609.3236963054452
656.7449897213319
350.45672182908913
329.8898639832466
308.4792742533937
286.3277965235626
262.7297029126646
239.19819090031513
215.81909122316762
192.71079358589694
169.39799493170838
148.54286853192733
132.21571384986353
132.38020176003022
154.56233764555705
191.7289791110458
238.2780958279933
289.88768447621504
344.23590379722776
400.01714243274364
456.2509007259766
510.9544926727444
562.3291971059917
608.3308446259125
648.0473206800418
685.7086640699548
345.68105728439895
322.76271883923056
300.6967564951252
278.96499266560005
256.35871510310517
231.33712558468258
206.21295216540628
182.7057644713958
160.00082134643296
136.61646462135326
114.63712878825258
100.75621358579095
108.14859178507825
140.07229079318523
184.8540739803127
236.87571655760928
291.9304715769936
346.33490416764243
400.92613797210373
454.5149457410832
506.0494000860353
552.5259789144288
592.3547103753448
629.8688647493655
665.822755821856
321.1782531761948
296.81864489113656
273.0113980325108
249.67183721800785
226.0070651357745
201.0729482576848
176.0373174805082
151.86864388679672
128.3209696301589
105.79767935707721
84.83993826070375
73.6968883738883
87.80097084779327
126.52039470103017
175.66486564927325
227.70738010700686
281.1239682192809
335.6876113344495
390.4874011826656
443.73202567996503
490.81462729482956
532.2593576880518
570.9895358622754
607.5839427025658
642.8250672986363
677.1757938326734
326.2982338968824
298.75505748829414
271.98091813599757
246.41029152294308
221.41933891668174
197.05072141568988
172.62808412793206
147.3625423664205
123.02600585971184
100.09509755399294
78.69282315326593
61.26603974325449
56.229613451357004
71.2408641633824
110.08311669010126
159.8346540872427
212.27179150045552
265.8307219188304
320.7725837850078
376.02269631050547
425.63780181517194
468.82324173432124
509.7528363092177
546.7321534871992
582.7471899087972
617.2434359343924
648.8476984579481
307.81114387710693
278.9689871231673
250.77503851687
223.4945105772142
197.2312344643478
171.5904848699936
146.33142835392434
122.6304554040219
98.21769178986587
76.28130728254808
59.95995741218839
51.07315530278167
47.3749760192814
55.781978455541406
92.8249645389016
142.36645682899407
195.5306316916437
249.80106471489256
304.10431523476274
355.6017333903263
401.8092947043427
445.0568102735977
483.2726857697742
519.8546612220835
555.3446356840401
587.2634339695622
617.5955624751541
294.53214640074606
264.56176725333654
235.59810334861615
207.73637953429773
179.8358970638966
154.34918622846402
129.72824934854378
105.17930502372027
82.4949730563415
62.74155465862973
49.59619759800656
41.80899844126649
37.69893561856881
43.43075502212596
76.29800319995795
126.24531045673281
179.48648051712124
233.37134246411662
284.00018644605433
329.5896265458866
374.3598837691261
416.7409484196026
453.91280884816956
489.98966312525914
523.4916812707095
552.9799659225768
581.4082304978808
289.95890124255334
259.46990112207897
230.14460063959953
201.6038066481538
173.29491365976295
147.75193287039477
123.67002876211144
100.41155626516033
78.50983452181053
59.72155049659729
44.189760473367244
32.152579322455935
23.38113300328779
30.645902302408828
61.51398977730413
110.48360282254932
163.05751696851306
213.13616931134538
260.0327265399305
303.486055042285
345.36263580830183
386.3499819199432
423.7606272340638
457.6195889969565
486.12762892581503
513.7177390819512
541.2176038306507
294.3082418410899
264.0005288291791
234.32400581577852
205.52136433804148
177.56332409734128
151.3890076762391
128.05089436893198
105.64709259398388
84.26866670861764
63.31036027829656
43.18072378132361
25.50499232204425
9.126313497313053
17.55738612884825
48.59537850542028
96.09753401879074
143.87747313415446
190.67051114162317
234.26049316915697
276.3666948417515
317.1463333739786
356.5609259555067
392.15217431537263
418.6450642096093
443.5586652759391
469.521476769946
497.65612926281875
307.1549153347943
277.62586811049874
247.83256397657374
218.39119681560283
190.61837545961865
164.1366572821647
139.80828664774685
117.36637836349627
95.7684597579484
73.21826917558074
49.5590001569053
27.37104465920321
9.080634705214315
13.788623356626786
39.88830735201533
82.69354923466088
126.88242121478876
168.38807444635904
209.151315104946
249.93424068239216
289.87320678889375
325.94422789817935
352.4657174454834
374.61684935122304
398.80471219341644
424.65182979958684
452.9516554196901
326.67088399683234
296.603035521347
267.3048926284717
238.12454201516653
209.53917242705137
181.87697691073782
155.37209935183895
131.18342309365073
108.53113859523187
83.7490588965894
58.91418544351553
36.85044722478825
21.7731851489857
19.654935868158802
32.93822551518918
68.7489997739566
108.71826178074228
148.3944191598158
188.04794090865667
226.18454795168063
260.635545560225
289.9122171441832
309.0614778104074
330.8728518675836
355.25796599790147
382.0478303614532
411.2458535838663
347.3607578502843
317.169971458374
287.3420058416326
258.90244825626183
231.16101819859497
202.18843517824536
173.37932058730405
146.13669469757238
118.79022228307132
93.13260154512085
67.33010482500585
45.14457416911127
29.743066505696913
18.827370102442966
24.956812428730256
53.718328930783066
92.30721152143936
130.1916338054762
166.14069163056502
198.70595623178733
225.88329771636978
246.86340063955112
266.23822181168447
288.28683460884344
312.65063003775987
340.6314196956109
372.0626281218373
369.6047188543676
340.1119077276062
310.42191562446646
280.9690974768117
252.11897273049493
221.48771905009556
190.32104958772447
159.40659090352395
129.1350720506114
100.99389521805
74.50937334171273
50.685175194014214
30.151874068482034
9.89607192371979
17.36310451238235
43.518638745658265
75.68800795190458
109.65315466431052
139.60068236184478
165.15700874035744
187.01506131056243
205.88093665117802
226.73565052951412
249.56126432882215
274.84300415817455
303.99194810025665
337.88566408253195
364.50054226319463
334.5243530775995
303.57994749720814
270.6627410763906
237.12730584157484
203.8469353205104
170.91380095876687
138.23129094895162
106.5789394514301
77.8706987804056
50.30490663639621
27.03596322318631
5.990558313280168
16.478071868219153
37.00018019607818
61.21768505470814
86.38399848193495
108.69233814332405
129.5861275230833
148.10794520182228
167.42053466237388
189.88890591801834
214.50187126083472
242.47399303212214
273.749206873073
307.9210211300664
387.20899613678654
355.6826645324828
322.252070051593
285.21706396000513
249.17052467961054
215.09266468877507
180.02243037870542
143.6929106026223
108.79736575060227
75.62449058797229
47.39593592483878
26.160377269644233
14.13534002344481
22.069633492660074
36.18018444268669
48.80508758085206
63.164646855118775
78.3023209235346
92.41821703318405
109.85754098279844
131.11539866293384
155.7932664139916
183.6439948894936
215.0133419464019
248.57690280199316
374.453859399458
338.5196381109776
300.3351967015792
262.04499763161175
225.0152901853475
185.87567477070937
146.986969708669
109.08216712712972
74.15363915906269
46.57272929413487
28.575105435831524
22.41292019564644
27.845663765112015
35.510316167662495
39.48565382762846
41.36210662779765
47.38625029483715
58.64265468530913
76.75646510645447
99.37992685861668
127.3571359017677
158.57348336496605
192.62344056597755
228.11475148734542
392.356685155836
354.70907417065473
315.61752034972267
274.21081602582996
231.35535983168614
190.2550351910466
149.4861498414509
110.00968359053648
75.15865113125591
48.44662752723284
33.165322922711674
29.254337418008074
31.646715981519613
35.16947492178154
34.0571786976884
26.088051353453597
18.474393242858323
28.102599586552024
49.47689182619484
75.4968942993984
105.53373699028674
140.48035084535402
175.99005543156252
369.38467764498216
327.7342036910276
282.72506890043496
238.32976694310622
194.55109742734751
153.22466186491278
114.11805836606837
80.3112076306414
53.49849593435304
39.97232378505569
36.41435812399116
37.43042831679418
38.949062017750336
36.96190747436081
29.48190696053333
14.302859163966591
14.747921778996952
37.013550477667486
64.93629714756477
96.0961875726916
129.3183437548517
336.741816554585
292.3955092369367
247.03106778392564
201.87775374640927
159.65136319907143
121.05178870183138
87.84279183296336
62.74220641042632
49.95083348843349
46.94230717942402
48.230116689326344
49.57689050608486
49.98553606510454
47.028529423646454
40.331400622612975
37.2674152434182
47.221800419688726
69.25938409768143
97.46861624653106
302.19500026770964
257.5933279978247
213.417424331588
169.8756085484835
131.17313739241865
98.70776838670503
75.87820797805743
65.52887933975175
63.317149137876655
64.07463212954382
66.65267401061485
68.80361404500654
69.47623965934007
66.95804621672409
63.84910497412358
68.27767034201659
84.42213734378709
226.4626780264168
184.04828868243328
145.48458484995905
114.0681087282849
95.46739362720176
87.45921041699263
84.86299973224165
86.47779468125647
88.07816320755417
91.33494683039058
92.4455805373486
92.26385443431238
91.0789857758614
164.1902698666698
136.66938270322717
120.9921711613441
114.40873603549903
112.24364774144907
111.76324053078129
113.3496946471915
115.60681440401274
115.88902458506702
