0.05186161269500442
0.4489040125373359
0.1619143481176155
0.25335728731084345
0.40755758724975183
0.5100486413564154
0.13342671086830385
0.0835458119130272
0.16950702705132278
0.6165347838628736
0.24916403621652594
0.4494658443410444
0.6174577920756686
0.4217288412983337
0.32518734488320683
0.15697964791819835
0.26444700871775517
0.11491001881073254
0.6767188063385353
0.3551325826978553
0.47356284722986586
0.13173498555238838
0.40886720644732577
0.2624279929686359
0.13381025156811024
0.18418180713925392
0.27549558193765217
0.4492351547444685
0.637356788827425
0.20859523838648525
0.4382842602208399
0.40059479747376947
0.42886390743929925
0.6379996909896142
0.1936575686728811
0.6487336943975782
0.07175008236340966
0.4234503445903951
0.3502413302324527
0.1954744463663775
0.3728894224620965
0.1525063882308032
0.3029230822822299
0.38041053339757763
0.33530277614655485
0.24541420901944802
0.12426722233234251
0.1458979883588946
0.39678652832087885
0.3946165318010013
0.6037945349436636
0.6195615748564016
0.5467542896330961
0.4515963564966896
0.5019269355892246
0.19926904813017324
0.2746188763050963
0.1561061804183775
0.29875326472966196
0.21968604463213556
0.5588017295591455
0.12671057654920145
0.07999630375619388
0.20536102480610208
0.6075678743875429
0.2987823333684165
Mean: 0.33367377809578064
