0.40301550708866557
0.2161133144008034
0.26945200866976504
0.07422346704108035
0.2837818504578028
0.45675987702586124
0.05056872204802044
0.21921661120761043
0.253987750337885
0.1139430562298973
0.062333623717093695
0.11963228071250115
0.30177714159391367
0.22450379126269623
0.3907031133784561
0.36604343316115695
0.17453432468105617
0.1127877197553067
0.3371761526413292
0.4870730285092136
0.3026123112790903
0.3275170962894109
0.4055836268302763
0.3827001447302826
0.4096899295211663
0.498665382190542
0.10102806275327285
0.06753881359642486
0.04976686760531468
0.41921256399228335
0.08554577486208832
0.49002608402922637
0.36712512374823436
0.17424996206248225
0.45665340752667816
0.5149482418880623
0.297372820538211
0.04160778324485175
0.3093357205935925
0.44358357311899294
0.34725166355182685
0.3675891281745018
0.42964557095494543
0.41916619860674664
0.16214366537635355
0.3120012484888934
0.23207946387471023
0.453875188344426
0.04198154928077349
0.33697845073599164
0.2880897072112271
0.8881186699393921
0.4854564256049926
0.5580867830525196
0.258420788981385
0.37646593881202706
0.3893087468256994
0.17590142858722516
0.3967925819734287
0.31982833338725897
0.2703374186793415
0.41384285863976256
0.5995921554003463
0.13526704761522335
Mean: 0.3081345480690562
