-0.19581832
-0.18244167
-0.19460376
-0.19998904
-0.20100762
-0.19572534
-0.20026502
-0.21636412
-0.21695426
-0.22916067
-0.21890475
-0.22713163
-0.2254711
-0.22526416
-0.22762762
-0.24176148
-0.24464452
-0.2410267
-0.24312836
-0.24108207
-0.24151953
-0.2469377
-0.24753147
-0.25148246
-0.25645202
-0.2651458
-0.2614541
-0.25674945
-0.2633839
-0.26846004
-0.2673418
-0.27803558
-0.29398677
-0.26991183
-0.29168123
-0.29024473
-0.29838058
-0.29772046
-0.29825547
-0.29811203
-0.3084025
-0.3093399
-0.3094075
-0.31069696
-0.31120571
-0.3080649
-0.33018595
-0.314519
-0.31469372
-0.32643285
-0.32734078
-0.32885772
-0.32763642
-0.33387887
-0.33615327
-0.3444185
-0.33474654
-0.3407282
-0.3394783
-0.33681434
-0.34425816
-0.3289746
-0.3360369
-0.3381702
-0.3356172
-0.34299502
-0.33672443
-0.34712645
-0.34289834
-0.33855546
-0.33226278
-0.33719128
-0.34279853
-0.34319165
-0.32726514
-0.33945486
-0.34164837
-0.33628812
-0.33466712
-0.34417123
-0.3438304
-0.33675453
-0.34602788
-0.34240058
-0.33418825
-0.33311605
-0.3450743
-0.33998278
-0.34800258
-0.34414726
-0.3427235
-0.33442584
-0.34704652
-0.3391837
-0.3357165
-0.34101626
-0.3370491
-0.34211117
-0.344912
-0.3492404
-0.35448927
-0.34565288
-0.33457157
-0.3434449
-0.3455152
-0.34381312
-0.33881867
-0.348886
-0.33663037
-0.34559402
-0.34322268
-0.34653425
-0.33967918
-0.3507636
-0.33651832
-0.34176728
-0.34028962
-0.34204346
-0.34177506
-0.34028497
-0.34806126
-0.33530357
-0.34771025
-0.3437942
-0.34001103
-0.34708786
-0.34129518
-0.3442252
-0.34090596
-0.34074742
-0.33851653
-0.35344914
-0.35198727
-0.3333077
-0.35510966
-0.3454107
-0.35014778
-0.35512868
-0.3422073
-0.34436777
-0.34427932
-0.34112105
-0.34292993
-0.34525698
-0.34670708
-0.34226048
-0.35251597
-0.34603113
-0.3373123
-0.3466547
-0.3546436
-0.34303725
-0.355225
-0.34366345
-0.3525368
-0.35290712
-0.35234326
-0.35086504
-0.34278458
-0.35596514
-0.35555083
-0.3496107
-0.35280168
-0.34075826
-0.35198218
-0.35242793
-0.35463193
-0.3493491
-0.34911448
-0.3450644
-0.3490818
-0.35123152
-0.3559017
-0.35154122
-0.35024774
-0.36267573
-0.3556394
-0.35493115
-0.360251
-0.35226026
-0.35932624
-0.3587797
-0.36161685
-0.35953027
-0.35946625
-0.3511225
-0.35601383
-0.35450375
-0.35003158
-0.35297495
-0.35430413
-0.35426298
-0.36224648
-0.35558707
-0.36643332
-0.36118665
-0.36371884
-0.36681122
-0.3686632
-0.37876198
-0.36396635
-0.37252378
-0.3728049
-0.37371
-0.36901256
-0.36702877
-0.36772636
-0.36383116
-0.36892855
-0.37930366
-0.3625752
-0.36257848
-0.3770047
-0.37888595
-0.38050035
-0.37033558
-0.3783479
-0.38439494
-0.3820531
-0.3845739
-0.38084096
-0.38192344
-0.383769
-0.39265025
-0.37929255
-0.38208616
-0.37817153
-0.3793775
-0.37889576
-0.3793539
-0.3862262
-0.38739017
-0.39234713
-0.39002827
-0.38929343
-0.38887754
-0.38724837
-0.39195308
-0.39550957
-0.39515656
-0.39433658
-0.3900609
-0.39181557
-0.39424634
-0.39516202
-0.3996452
-0.39639568
-0.39302814
-0.40802464
-0.3943944
-0.39996222
-0.40415078
-0.3986992
-0.39930725
-0.41263798
-0.39929336
-0.3999408
-0.40426472
-0.39917773
-0.3998998
-0.3990642
-0.40658364
-0.40249714
-0.40202382
-0.41272572
-0.41552672
-0.41036722
-0.41027293
-0.41720447
-0.41307035
-0.4165217
-0.41786572
-0.41196144
-0.4194907
-0.40938497
-0.4168815
-0.4215351
-0.4261568
-0.42463848
-0.4188797
-0.4222318
-0.4240999
-0.42516577
-0.4235992
-0.42226896
-0.43254352
-0.4241464
-0.4266228
-0.42941982
-0.4343073
-0.4346013
-0.43523636
-0.433691
-0.432127
-0.43109837
-0.44039142
-0.43011376
-0.43646517
-0.43649596
-0.43979135
-0.43648714
-0.4430169
-0.43524683
-0.43686572
-0.43356618
-0.4428471
-0.44745782
-0.4383689
-0.4410648
-0.4382769
-0.44817695
-0.44182247
-0.44433925
-0.44014075
-0.44618392
-0.45317405
-0.44467092
-0.45974517
-0.46063086
-0.44582498
-0.4458023
-0.46304435
-0.45146716
-0.4502904
-0.45894024
-0.45720863
-0.459187
-0.46291372
-0.44879615
-0.4594221
-0.45483592
-0.4581017
-0.4640253
-0.46273544
-0.45668218
-0.46818298
-0.46664688
-0.47364885
-0.45934722
-0.46347234
-0.46196538
-0.4607642
-0.46865883
-0.47221106
-0.47229332
-0.46127218
-0.46823612
-0.4623844
-0.4671414
-0.46363455
-0.47184923
-0.47742835
-0.4740958
-0.47193837
-0.4702158
-0.46977445
-0.48074266
-0.474082
-0.477915
-0.47283602
-0.47507277
-0.47559544
-0.47458658
-0.48182312
-0.4735934
-0.48774898
-0.48218355
-0.48049733
-0.47370148
-0.4806725
-0.47811118
-0.47242478
-0.4796962
-0.4786896
-0.48239943
-0.47164384
-0.47017196
-0.46994424
-0.475758
-0.4833203
-0.4840342
-0.47665465
-0.48354316
-0.484614
-0.47391248
-0.4895338
-0.48289236
-0.4878964
-0.48944443
-0.49413112
-0.48510632
-0.48455748
-0.48456454
-0.490016
-0.48467156
-0.49017906
-0.49213517
-0.49530336
-0.49206355
-0.4931795
-0.49184743
-0.4974158
-0.49289793
-0.4951906
-0.49516112
-0.49559674
-0.5018592
-0.48913762
-0.4982704
-0.4912173
-0.4963488
-0.4911795
-0.48972613
-0.4863073
-0.50314057
-0.49254328
-0.5044594
-0.50221485
-0.5005115
-0.50272036
-0.5021117
-0.50112706
-0.500141
-0.5111235
-0.50109076
-0.5005044
-0.49543747
-0.50825816
-0.502095
-0.5009223
-0.5074942
-0.50211984
-0.5117463
-0.5002815
-0.5099076
-0.5024782
-0.5099514
-0.5038567
-0.50453335
-0.5018964
-0.5039664
-0.49947193
-0.5015926
-0.50643444
-0.50790846
-0.5089824
-0.5102431
-0.50933343
-0.51241547
-0.50061995
-0.50783503
-0.506397
-0.5099114
-0.5169592
-0.5122315
-0.5137437
-0.5136645
-0.51579
-0.5119988
-0.51478213
-0.5139742
-0.52105695
-0.5185763
-0.51473016
-0.5154119
-0.5186432
-0.5116582
-0.5161625
-0.5176426
-0.51788384
-0.5146077
-0.5131352
-0.51436853
-0.52709055
-0.51459545
-0.5202849
-0.51705956
-0.52055925
-0.5229934
-0.5188625
-0.52112263
-0.52146167
-0.52025104
-0.52861017
-0.5186868
-0.5169318
-0.5248376
-0.52499783
-0.52118486
-0.520714
-0.5192897
-0.5222423
-0.5140396
-0.5196129
-0.5261815
-0.52605236
-0.51639146
-0.5235526
-0.5189973
-0.5267771
-0.5184965
-0.5263253
-0.52530676
-0.52703565
-0.52148855
-0.52887917
-0.52755034
-0.5237695
-0.51855206
-0.5264428
-0.5328095
-0.52903014
-0.536027
-0.53044343
-0.5368535
-0.5312629
-0.5269939
-0.5209719
-0.53596413
-0.53114367
-0.52931154
-0.53214127
-0.5370955
-0.5285259
-0.5387419
-0.5373595
-0.5361667
-0.5416418
-0.53537446
-0.5355472
-0.53307515
-0.53393245
-0.5351048
-0.5430273
-0.53547287
-0.52750325
-0.535929
-0.533059
-0.5367617
-0.53527874
-0.5372074
-0.53584576
-0.53640544
-0.54633605
-0.5403496
-0.5366964
-0.53909457
-0.53593737
-0.541004
-0.54830724
-0.53848857
-0.5420389
-0.5420712
-0.54168576
-0.5476146
-0.5383706
-0.5457676
-0.5394149
-0.5459778
-0.5450496
-0.53915673
-0.5314793
-0.5383533
-0.53732723
-0.5418152
-0.54836273
-0.53882277
-0.53754526
-0.53833723
-0.5397382
-0.53714424
-0.5505822
-0.5476949
-0.5492699
-0.5494456
-0.54124904
-0.5472462
-0.5485071
-0.55092806
-0.5471395
-0.5428389
-0.5472866
-0.5515315
-0.5425071
-0.54822576
-0.5470221
-0.54487664
-0.5546376
-0.5433231
-0.5455054
-0.54391396
-0.55361235
-0.5428694
-0.5434677
-0.5460405
-0.54848313
-0.5390709
-0.54192305
-0.5458416
-0.5482027
-0.55522084
-0.55045
-0.5508696
-0.5482342
-0.5542056
-0.54582435
-0.54413205
-0.5541752
-0.55060846
-0.5480693
-0.5556065
-0.5550424
-0.55327356
-0.5450886
-0.54340166
-0.5559396
-0.5564566
-0.56102353
-0.5502405
-0.54859805
-0.5568557
-0.5484783
-0.5502018
-0.5512985
-0.5416754
-0.54518133
-0.55727816
-0.5557281
-0.5491377
-0.56527954
-0.5514631
-0.55782306
-0.5519388
-0.5539125
-0.55460495
-0.5590635
-0.56030214
-0.5592704
-0.5612894
-0.55792767
-0.5535802
-0.55879074
-0.56116664
-0.5582666
-0.5622096
-0.55062616
-0.5470565
-0.5599094
-0.5612213
-0.54588705
-0.55938834
-0.5604414
-0.5617891
-0.55157775
-0.5637076
-0.55596477
-0.56190515
-0.55822057
-0.5528284
-0.55481654
-0.561393
-0.5537146
-0.56882983
-0.56319356
-0.56321853
-0.56186455
-0.56292415
-0.55787826
-0.56809187
-0.571126
-0.55499077
-0.5622172
-0.5688331
-0.5603435
-0.56057805
-0.5523188
-0.5707471
-0.56677586
-0.5664832
-0.55793405
-0.5646207
-0.5677072
-0.5572363
-0.567104
-0.5637357
-0.55754066
-0.56832236
-0.56046677
-0.56096
-0.55774283
-0.5616017
-0.56424385
-0.5638186
-0.563436
-0.56003255
-0.56739086
-0.5748616
-0.5706701
-0.5638154
-0.57375526
-0.5646532
-0.56978625
-0.5622667
-0.5673433
-0.57047516
-0.5658002
-0.5672157
-0.56759983
-0.56427187
-0.55960894
-0.564394
-0.566297
-0.5732984
-0.5718139
-0.56066424
-0.5717343
-0.5692984
-0.57168925
-0.56859446
-0.56560606
-0.5649309
-0.5687946
-0.56995976
-0.5695414
-0.5694077
-0.5659191
-0.56233823
-0.5794958
-0.5658911
-0.57034767
-0.582017
-0.5696903
-0.5698655
-0.5741182
-0.5726034
-0.5682667
-0.568309
-0.5742329
-0.57209533
-0.5779325
-0.57328165
-0.58049643
-0.5790336
-0.578331
-0.5815369
-0.5784352
-0.5780943
-0.5781057
-0.5693264
-0.5742671
-0.5754237
-0.5828696
-0.5738694
-0.5777284
-0.5765801
-0.57689494
-0.57307935
-0.5795633
-0.57689416
-0.57558525
-0.5711189
-0.58050436
-0.5715452
-0.5798084
-0.57827234
-0.5700492
-0.57077205
-0.5762643
-0.58516484
-0.5785661
-0.5750337
-0.5843106
-0.57626766
-0.574664
-0.5758111
-0.5796073
-0.5775928
-0.582016
-0.58119005
-0.57914674
-0.57935935
-0.5761314
-0.57492036
-0.5749948
-0.5705787
-0.5718424
-0.56797826
-0.5753581
-0.5852928
-0.5789133
-0.5841784
-0.58120704
-0.5794123
-0.5814593
-0.58276534
-0.5821975
-0.5770998
-0.58226764
-0.577498
-0.5773312
-0.58092767
-0.5870044
-0.585076
-0.5803351
-0.5813668
-0.5847379
-0.5787615
-0.5824993
-0.58076334
-0.58900386
-0.59117055
-0.5804624
-0.5778478
-0.58012736
-0.586068
-0.5833426
-0.5807003
-0.58005905
-0.5804919
-0.5794921
-0.583778
-0.57954293
-0.5813598
-0.58163524
-0.58953303
-0.5886907
-0.5860151
-0.5819288
-0.5895199
-0.5842887
-0.5921416
-0.5866682
-0.5866138
-0.5853344
-0.58762294
-0.587419
-0.58409536
-0.5807804
-0.5900323
-0.58909553
-0.587507
-0.59327525
-0.59931856
-0.5751881
-0.59270924
-0.5907263
-0.5876756
-0.5872417
-0.59050286
-0.5901651
-0.5851696
-0.58913934
-0.58892196
-0.58561987
-0.5893382
-0.59050566
-0.5808375
-0.5883976
-0.5940716
-0.5914877
-0.5835812
-0.58250713
-0.5930703
-0.58652353
-0.5925749
-0.58490896
-0.59170955
-0.58227706
-0.5858999
-0.588307
-0.585463
-0.582238
-0.5875047
-0.5867029
-0.58482194
-0.5901113
-0.5841836
-0.590543
-0.5948017
-0.5918975
-0.5875575
-0.58542186
-0.59103894
-0.58952075
-0.59458
-0.58685684
-0.5966573
-0.5899345
-0.5929913
-0.5946826
-0.5921806
-0.58183503
-0.5840824
-0.5865814
-0.59110606
-0.5840222
-0.5914612
-0.59337926
-0.59204084
-0.59300363
-0.5948853
-0.5895483
-0.5912859
-0.5892547
-0.59072155
-0.59504986
-0.5906041
-0.5980342
-0.592444
-0.5953287
-0.58926696
-0.59419936
-0.59579825
-0.58881813
-0.5971165
-0.59258795
-0.59273505
-0.59240884
-0.595414
-0.592914
-0.5934886
-0.5970499
-0.5909677
-0.5906381
-0.6001819
-0.59157443
-0.5966283
-0.59727347
-0.59186774
-0.5949954
-0.5953288
-0.5969471
-0.5927514
-0.59519607
-0.58525956
-0.5939451
-0.5907752
-0.6019688
-0.5927541
-0.5903436
-0.59390974
-0.58771634
-0.59419155
-0.59637016
-0.59012365
-0.5986772
-0.59664154
-0.5995066
-0.59275645
-0.60107553
-0.60319006
-0.5989513
-0.5991869
-0.5953084
-0.59510213
-0.60310334
-0.59534556
-0.59203845
-0.59225357
-0.6041495
-0.59747136
-0.59566146
-0.5921051
-0.5936503
-0.5994335
-0.59573
-0.5937332
-0.5946308
-0.59626997
-0.6004392
-0.59760815
-0.595665
-0.5930401
-0.5983735
-0.59637934
-0.5968098
-0.6015183
-0.6061443
-0.5929512
-0.5979492
-0.5946968
-0.5947589
-0.6007903
-0.5996381
-0.6007511
-0.6002496
-0.6070366
-0.59793204
-0.6014888
-0.59819466
-0.60017264
-0.591425
-0.59717244
-0.5963871
-0.6044344
-0.5992693
-0.60345757
-0.5954537
-0.6015903
-0.60505205
