-0.7089417
-0.7130717
-0.71233577
-0.7167027
-0.7178965
-0.7210127
-0.71961796
-0.7254172
-0.7306639
-0.727095
-0.7316951
-0.7386162
-0.73707706
-0.74020904
-0.74427414
-0.7466058
-0.7551907
-0.7543104
-0.75770164
-0.7620903
-0.7679586
-0.7729902
-0.7766267
-0.77969253
-0.7926894
-0.79468864
-0.80273205
-0.8072248
-0.80891466
-0.80981284
-0.8219503
-0.82037544
-0.82357144
-0.8240371
-0.8254996
-0.8339303
-0.82384723
-0.8283526
-0.8364307
-0.8406002
-0.8424025
-0.8419447
-0.843126
-0.84718573
-0.84961104
-0.8547483
-0.8577264
-0.8590002
-0.86110884
-0.86550415
-0.8712026
-0.8699155
-0.8686859
-0.8765367
-0.8721968
-0.87524223
-0.8869517
-0.8812761
-0.88493514
-0.89022714
-0.888919
-0.8942713
-0.90087956
-0.89664567
-0.9039496
-0.9008617
-0.9029162
-0.90419936
-0.9050534
-0.9050488
-0.90586996
-0.91123706
-0.91207963
-0.90851665
-0.9101879
-0.9121532
-0.909686
-0.91492397
-0.9110552
-0.9140005
-0.9137298
-0.9161829
-0.91488504
-0.91351223
-0.9147117
-0.91752356
-0.9173217
-0.9200382
-0.9194404
-0.9171544
-0.9207675
-0.9184678
-0.91781634
-0.91969275
-0.92086434
-0.9229093
-0.9215697
-0.92043597
-0.92178136
-0.9185453
-0.92227125
-0.9215824
-0.9210348
-0.9201238
-0.9226272
-0.9222161
-0.9240195
-0.92181474
-0.9209992
-0.9227761
-0.9230563
-0.9216568
-0.9233355
-0.9235484
-0.92561734
-0.9240144
-0.92404795
-0.9231748
-0.9236453
-0.92339647
-0.9242732
-0.92179173
-0.9255136
-0.92631966
-0.92303324
-0.92516553
-0.9254472
-0.9264685
-0.92480075
-0.9251355
-0.92452574
-0.9274934
-0.924212
-0.9240156
-0.924011
-0.92371535
-0.9265934
-0.9261846
-0.92537814
-0.9258895
-0.92674106
-0.9275589
-0.9270435
-0.9245921
-0.92756057
-0.9265697
-0.92715436
-0.9280384
-0.9288207
-0.9261345
-0.9246171
-0.9271219
-0.9253315
-0.9271871
-0.92761827
-0.92666775
-0.92692125
-0.92748773
-0.92661685
-0.9260506
-0.9282425
-0.9260915
-0.9272275
-0.9278839
-0.92754346
-0.9259223
-0.9280228
-0.9288723
-0.92798495
-0.928659
-0.93164796
-0.9279135
-0.9265375
-0.9280481
-0.9292781
-0.9295837
-0.9291059
-0.92853457
-0.9273056
-0.925486
-0.93133086
-0.92992514
-0.9285087
-0.9308436
-0.9290181
-0.9297348
-0.9312523
-0.9300899
-0.930802
-0.9274473
-0.92746353
-0.9289856
-0.9290783
-0.92928135
-0.9308239
-0.9273123
-0.93006176
-0.92709684
-0.9311014
-0.9303029
-0.9304011
-0.9297837
-0.9316255
-0.9303235
-0.9296361
-0.9307253
-0.93152076
-0.9291066
-0.9328563
-0.93164885
-0.93016034
-0.9303677
-0.9288325
-0.9306226
-0.93185264
-0.92726463
-0.930778
-0.93187654
-0.93122774
-0.9308363
-0.9311223
-0.9302796
-0.9312526
-0.93188816
-0.9314718
-0.93182606
-0.9316313
-0.9320462
-0.93030006
-0.93011713
-0.9307882
-0.93186027
-0.9319296
-0.93212193
-0.9329617
-0.931496
-0.93218744
-0.9318021
-0.93164897
-0.9302001
-0.93142253
-0.93112034
-0.9337779
-0.9301667
-0.930281
-0.92964005
-0.9307223
-0.9337506
-0.93102324
-0.9304523
-0.93289495
-0.9319196
-0.9301507
-0.93302965
-0.92878824
-0.928254
-0.93307
-0.9312385
-0.93282765
-0.9317978
-0.9340499
-0.9325711
-0.93032074
-0.9325957
-0.9318124
-0.9330747
-0.93299913
-0.9306573
-0.93072903
-0.9338932
-0.93144494
-0.9324823
-0.9320125
-0.9326111
-0.93071985
-0.9336877
-0.9310635
-0.9345882
-0.9330998
-0.9340224
-0.9324425
-0.9325259
-0.9331603
-0.931891
-0.9339544
-0.9329657
-0.9339939
-0.9342333
-0.93357134
-0.9333298
-0.9329249
-0.9342911
-0.93009126
-0.93213683
-0.9335197
-0.9338779
-0.9331716
-0.9339849
-0.93338907
-0.9336291
-0.93403107
-0.9340223
-0.93366367
-0.93202925
-0.9342441
-0.9323176
-0.93214685
-0.9321791
-0.93304557
-0.9328265
-0.93275964
-0.93478125
-0.9335148
-0.93337244
-0.93408245
-0.93342054
-0.9335848
-0.9326499
-0.9339541
-0.93301517
-0.9313259
-0.9332765
-0.9351492
-0.93397063
-0.9349857
-0.9345426
-0.93110687
-0.93592995
-0.9344399
-0.9357999
-0.9298894
-0.93404895
-0.9335122
-0.934739
-0.93610686
-0.93233395
-0.9338048
-0.9318449
-0.9354782
-0.9342937
-0.9353935
-0.93285304
-0.93342996
-0.93405056
-0.9339139
-0.9327909
-0.93243104
-0.9341861
-0.9355492
-0.93305194
-0.9335158
-0.9344045
-0.9333867
-0.9333836
-0.9359576
-0.9350176
-0.9318496
-0.9344761
-0.9338455
-0.93337554
-0.9348958
-0.9335965
-0.93417543
-0.9342507
-0.9341953
-0.9356946
-0.9328869
-0.9336982
-0.9337818
-0.931241
-0.93343765
-0.93449694
-0.93419
-0.93477166
-0.93266577
-0.9349265
-0.93604475
-0.9337766
-0.9343622
-0.9340856
-0.9331228
-0.9363572
-0.93404526
-0.9339613
-0.935545
-0.93464637
-0.9338081
-0.9325671
-0.93533486
-0.93512535
-0.9328611
-0.93412614
-0.93471146
-0.93383557
-0.9347061
-0.93421286
-0.9349539
-0.9344772
-0.93574715
-0.9329716
-0.9334997
-0.93219227
-0.9359437
-0.93573475
-0.93351877
-0.9343293
-0.93236357
-0.93396336
-0.9331577
-0.9332173
-0.9357372
-0.9338572
-0.9358682
-0.93559223
-0.9336151
-0.935329
-0.9336676
-0.93412
-0.9339612
-0.93520445
-0.933766
-0.9366951
-0.9350864
-0.9359931
-0.9345809
-0.9337121
-0.93335366
-0.9328655
-0.9332494
-0.9357399
-0.93318003
-0.9359045
-0.93483114
-0.9356192
-0.93428355
-0.9330026
-0.9337313
-0.93299574
-0.9355298
-0.9362686
-0.93632644
-0.9359528
-0.9344391
-0.9333677
-0.93522877
-0.93429685
-0.9351818
-0.9350864
-0.935282
-0.93520325
-0.9365835
-0.93565
-0.93430287
-0.93643403
-0.93549454
-0.9362954
-0.93337125
-0.9338866
-0.93512815
-0.9341549
-0.9355215
-0.93514067
-0.934844
-0.9351904
-0.9372197
-0.9344539
-0.9350407
-0.93482393
-0.9330879
-0.93572354
-0.9344869
-0.9368779
-0.9376681
-0.9343576
-0.9357808
-0.9339296
-0.9364444
-0.93473804
-0.93357784
-0.9359595
-0.9353347
-0.93398374
-0.93471855
-0.9344069
-0.936316
-0.9346765
-0.93613863
-0.9338038
-0.9354425
-0.93410957
-0.93631065
-0.9342813
-0.93518794
-0.9357675
-0.9345079
-0.93570876
-0.93610364
-0.9352526
-0.93629575
-0.9360612
-0.93645453
-0.9350387
-0.93409926
-0.9329788
-0.9348444
-0.93445045
-0.93633074
-0.93696225
-0.93561375
-0.9342382
-0.9349816
-0.9352429
-0.9339459
-0.9336989
-0.9369509
-0.9366674
-0.9347781
-0.9354383
-0.9332134
-0.9352516
-0.9356431
-0.9357448
-0.93427825
-0.9327428
-0.93421334
-0.9349731
-0.93388003
-0.9372844
-0.93460166
-0.9348901
-0.93577564
-0.93621016
-0.9369935
-0.93537897
-0.9334205
-0.93659824
-0.9354504
-0.93476814
-0.9361251
-0.9364659
-0.93546176
-0.9347256
-0.9355371
-0.93596786
-0.9351875
-0.9329835
-0.9349738
-0.9348059
-0.93424445
-0.93788457
-0.93618345
-0.9350413
-0.9350328
-0.934844
-0.9324902
-0.93615395
-0.93362993
-0.93607575
-0.93538713
-0.9351595
-0.9360009
-0.9350526
-0.93536407
-0.9344352
-0.93473357
-0.9352607
-0.9343743
-0.93573356
-0.9341896
-0.9351236
-0.9352201
-0.93402034
-0.93797916
-0.9332379
-0.93752855
-0.9362834
-0.93539786
-0.9360666
-0.9328724
-0.935846
-0.93399745
-0.93415666
-0.93595755
-0.9352406
-0.9355152
-0.9354336
-0.9336825
-0.93653214
-0.9356901
-0.9352067
-0.93431365
-0.93382895
-0.93504494
-0.9360216
-0.93425226
-0.93769765
-0.93540514
-0.93661195
-0.93603677
-0.9343035
-0.93711346
-0.9343537
-0.93639463
-0.9372098
-0.9369191
-0.93547547
-0.9354304
-0.934024
-0.9363483
-0.9360594
-0.9353937
-0.93587166
-0.93701863
-0.9343348
-0.93522066
-0.9367863
-0.93625915
-0.93621105
-0.9348385
-0.9340244
-0.93639255
-0.93747073
-0.93469006
-0.9339363
-0.9352724
-0.9343877
-0.9356899
-0.93658334
-0.934693
-0.9347775
-0.9359789
-0.935846
-0.9369107
-0.9371529
-0.9358667
-0.9353723
-0.9338598
-0.93609315
-0.93437123
-0.93603426
-0.93558633
-0.93615156
-0.9363725
-0.9370577
-0.93382466
-0.9368238
-0.936132
-0.9380422
-0.93798625
-0.9352622
-0.9355016
-0.93550414
-0.93554056
-0.93687433
-0.9379113
-0.93649155
-0.93715703
-0.9364822
-0.93554527
-0.9365754
-0.93501365
-0.9370114
-0.9379285
-0.93471044
-0.934534
-0.9354179
-0.9357036
-0.93698907
-0.9386331
-0.9357477
-0.9387454
-0.93614143
-0.936799
-0.9356558
-0.93716615
-0.93624616
-0.93595326
-0.9367375
-0.9364405
-0.9379118
-0.9355785
-0.9353572
-0.9348749
-0.9351778
-0.9373981
-0.9339582
-0.9346152
-0.93712306
-0.9373699
-0.9371022
-0.93734133
-0.93522537
-0.9360184
-0.9364863
-0.93507546
-0.9368414
-0.93456984
-0.9336583
-0.9337503
-0.9368974
-0.936884
-0.9346224
-0.9362339
-0.9358721
-0.93677264
-0.93476987
-0.9364178
-0.9355696
-0.9366393
-0.9354617
-0.93624806
-0.93584734
-0.9374562
-0.9349511
-0.9331948
-0.93590456
-0.93499243
-0.9357317
-0.93688816
-0.93598396
-0.934059
-0.9363852
-0.9376013
-0.9352257
-0.93719536
-0.9370584
-0.93504006
-0.93588436
-0.9353559
-0.9353767
-0.9343436
-0.93466735
-0.935171
-0.9361586
-0.9371622
-0.93682426
-0.9365874
-0.9362644
-0.93535036
-0.9343035
-0.9344162
-0.9344889
-0.9362718
-0.9347173
-0.9357926
-0.9351855
-0.93239415
-0.9354015
-0.9363734
-0.9371666
-0.93633616
-0.9343119
-0.9369753
-0.9365718
-0.9370196
-0.9357602
-0.93512785
-0.9374235
-0.93648815
-0.9373123
-0.93716073
-0.9349206
-0.9363863
-0.9349761
-0.93808013
-0.9349098
-0.9367625
-0.935756
-0.93605196
-0.93521535
-0.93833864
-0.9360635
-0.93343556
-0.9365263
-0.9358863
-0.93799424
-0.93526477
-0.93666977
-0.9353175
-0.9364477
-0.9369362
-0.93589467
-0.93547165
-0.9365916
-0.9351322
-0.9360334
-0.9360426
-0.93495345
-0.93622035
-0.9364825
-0.9355211
-0.9361896
-0.9369889
-0.93402344
-0.9377647
-0.9350798
-0.936121
-0.936221
-0.93489444
-0.93694353
-0.93551874
-0.9353103
-0.9350945
-0.9361146
-0.935815
-0.9349784
-0.93781334
-0.93536407
-0.9359905
-0.9357419
-0.9343067
-0.93799394
-0.9356853
-0.9366342
-0.9369652
-0.93753225
-0.9370218
-0.9346829
-0.93714166
-0.93650395
-0.9372011
-0.936547
-0.9360412
-0.9340073
-0.9361025
-0.9360164
-0.93712294
-0.93703663
-0.93393886
-0.93715423
-0.9350719
-0.9356832
-0.9344943
-0.9356842
-0.93594325
-0.9351105
-0.9368343
-0.93593127
-0.93599653
-0.9358803
-0.935488
-0.93812525
-0.93664825
-0.93614626
-0.9364355
-0.93473524
-0.93793666
-0.9346064
-0.9368976
-0.936855
-0.9366178
-0.9351466
-0.93487847
-0.93695843
-0.93679184
-0.93787575
-0.9361782
-0.9370316
-0.93646115
-0.93666595
-0.93742067
-0.93554246
-0.93492013
-0.93683535
-0.9333294
-0.93535286
-0.93351305
-0.9371686
-0.93284297
-0.9324465
-0.9334563
-0.9344476
-0.93626803
-0.93394434
-0.9323667
-0.9333915
-0.9366675
-0.93524575
-0.93479353
-0.93473524
-0.9358814
-0.93467575
-0.9352347
-0.9382071
-0.9353554
-0.9368077
-0.9358954
-0.93625
-0.93793184
-0.9355466
-0.9338918
-0.93786085
-0.93700063
-0.9380782
-0.933716
-0.9363171
-0.93746716
-0.9368386
-0.9348992
-0.9363526
-0.9342894
-0.9366364
-0.9381475
-0.9355801
-0.93858314
-0.9334072
-0.9350878
-0.93568003
-0.9372103
-0.936145
-0.93422765
-0.93752986
-0.93630123
-0.9346428
-0.93578655
-0.9360015
-0.93515223
-0.93728876
-0.9345439
-0.93609035
-0.93487483
-0.9365771
-0.93530536
-0.9373682
-0.9331528
-0.93733203
-0.9342037
-0.93527824
-0.9395661
-0.9332633
-0.9368199
-0.9353607
-0.93734187
-0.9384479
-0.9360279
-0.93657374
-0.9352289
-0.9358012
-0.9365886
-0.9358182
-0.9365507
-0.9375814
-0.93568516
-0.93507797
-0.9366688
-0.9355386
-0.93657327
-0.937462
-0.9359579
-0.93426895
-0.93753785
-0.93617404
-0.93594325
-0.937857
-0.9351588
-0.93667394
-0.93380135
-0.93675244
-0.93629986
-0.9354336
-0.93706846
-0.93639016
-0.9365837
-0.93583584
-0.93403286
-0.93545806
-0.9379845
-0.937424
-0.937077
-0.9368678
-0.9349306
-0.9379529
-0.9348046
-0.93811625
-0.9365296
-0.93610346
-0.93579996
-0.9351446
-0.93741566
-0.93753016
-0.9361293
-0.93721104
-0.93725014
-0.9349666
-0.93571454
-0.9365793
-0.9357552
-0.9384585
-0.9346863
-0.9347746
-0.9371865
-0.93714577
-0.9368988
-0.935041
-0.937105
-0.93633986
-0.93806404
-0.9355283
-0.9369273
-0.9351813
-0.9349047
-0.938503
-0.9373779
-0.93487066
-0.93664736
-0.9348286
-0.93468
-0.93615
-0.93550754
-0.936579
-0.9366395
-0.93570787
-0.9359228
-0.93457055
-0.93757325
-0.93624717
-0.93685925
-0.9373019
-0.9372423
-0.93637896
-0.9366183
-0.9365405
-0.9373947
-0.93769306
-0.93842393
-0.9370937
-0.9382553
-0.93742716
-0.93669367
-0.9373427
-0.9356568
-0.9357742
-0.9380953
-0.9352413
-0.9369462
-0.93670356
-0.93475366
-0.93843067
-0.9353917
-0.93636847
-0.9368941
-0.93773305
-0.93347234
-0.9368301
-0.93603474
-0.9375296
-0.93728405
-0.9368371
-0.9374971
-0.9386573
-0.9356599
-0.93544143
-0.9377903
-0.9383388
-0.9363635
-0.9374639
-0.9364759
-0.93763036
-0.93479174
-0.9364947
-0.9348959
-0.93489057
-0.93796045
-0.93544585
-0.934525
-0.9376971
-0.93903464
-0.9370173
-0.93819666
-0.9354359
-0.93836135
-0.93847895
-0.9356842
-0.9391155
-0.93819416
-0.93698454
-0.9364846
-0.9364262
-0.9372077
-0.93565804
-0.93872374
-0.9364888
-0.9384517
-0.9365694
-0.93692905
-0.93827903
-0.9373878
-0.9365101
-0.9375074
-0.93631506
-0.9373049
-0.93694055
-0.93672293
-0.9362046
-0.936216
-0.93495023
-0.936749
-0.93896794
-0.9369763
-0.9360404
-0.9352056
-0.93635654
-0.9378855
-0.93675745
-0.9361533
-0.93766284
-0.93849343
-0.936585
-0.93785304
-0.9379569
-0.93584716
-0.9378766
-0.93653345
-0.9393811
-0.9375056
-0.93727493
-0.9368467
-0.9357579
-0.9381136
-0.93644357
-0.93595994
-0.9360339
-0.9381771
-0.9367291
-0.936936
-0.93781596
-0.93593895
-0.9349579
-0.9372518
-0.9352445
-0.9371422
-0.9371656
-0.93714035
-0.9344277
-0.9399925
-0.9357994
-0.9357608
-0.93719095
-0.93644863
-0.9395226
-0.9368685
-0.9366584
-0.93541163
-0.9381167
-0.9354089
-0.93589234
-0.9368142
-0.93688005
-0.93730235
-0.9361796
-0.93644214
-0.9368725
-0.93627805
-0.93865955
-0.93710935
-0.9374012
-0.9359536
-0.9373535
-0.939115
-0.9378136
-0.9375635
-0.93716514
-0.93657327
-0.9375435
-0.9377666
-0.9377359
-0.9391596
-0.9361153
-0.93514484
-0.9378388
-0.9357827
-0.93723387
-0.93932533
-0.9348904
-0.9364412
-0.93698335
-0.9369343
-0.9354621
-0.9366447
-0.9365132
-0.9339378
-0.93618345
-0.9347369
-0.9353912
-0.9353821
-0.9353459
-0.93731296
-0.93757033
-0.9381113
-0.93432105
-0.937399
-0.936053
-0.93670726
-0.93686575
-0.9355393
-0.9368131
-0.9370635
-0.93498
-0.93842304
-0.93576753
-0.9349771
-0.9374967
-0.9343525
-0.93566227
-0.93527013
-0.93853825
-0.936109
-0.9373272
-0.9356163
-0.9362231
-0.93643486
-0.9380149
-0.9377655
-0.9353644
-0.93835354
-0.937206
-0.9339538
-0.93726635
-0.93540823
-0.9376608
-0.9360926
-0.9379264
-0.9336324
-0.937478
-0.9370669
-0.9360942
-0.937395
-0.93645763
-0.9372463
-0.9368356
-0.93490875
-0.93664086
-0.9362313
-0.9368229
-0.93669546
-0.9356603
-0.93673444
-0.93499565
-0.9371313
-0.9375629
-0.93877274
-0.9350464
-0.9365944
-0.93483657
-0.9358882
-0.93685687
-0.93728155
-0.93703866
-0.93640316
-0.93859124
-0.93653345
-0.9372301
-0.9382517
-0.9373222
-0.93476
-0.9362343
-0.93710476
-0.9407037
-0.93631744
-0.93725914
-0.9366087
-0.93608993
-0.9369839
-0.9368202
-0.93558073
-0.93771636
-0.93808466
-0.9349548
-0.9376923
-0.9374312
-0.9377241
-0.93686295
-0.9385585
-0.9384955
-0.9382064
-0.9373726
-0.93773806
-0.9368579
-0.9375927
-0.9361451
-0.9377662
-0.93723565
-0.9365919
-0.9365197
-0.9368618
-0.9381713
-0.93787324
-0.93855774
-0.93723696
-0.9374518
-0.93759155
-0.9372837
-0.93594456
-0.93782467
-0.9370507
-0.9379158
-0.93703175
-0.940005
-0.9352209
-0.9363695
-0.9355865
-0.93804187
-0.9374347
-0.93657386
-0.9365583
-0.9400297
-0.93737924
-0.93579936
-0.9374283
-0.9369063
-0.9377283
-0.9360406
-0.9365399
-0.9372939
-0.9371723
-0.93453944
-0.9379367
-0.9343732
-0.93596584
-0.9367035
-0.9379446
-0.93827105
-0.93695015
-0.93612915
-0.9368271
-0.9358557
-0.93937695
-0.9375575
-0.9369442
-0.9380917
-0.93658316
-0.9372674
-0.9382325
-0.9370159
-0.9385914
-0.9377245
-0.9384329
-0.93684804
-0.9346929
-0.9365873
-0.935997
-0.9357785
-0.93791085
-0.93770903
-0.9377364
-0.9367989
-0.93748516
-0.9376375
-0.9353936
-0.93580645
-0.9364024
-0.9386285
-0.93565714
-0.93865955
-0.93776727
-0.93699074
-0.93993944
-0.93692213
-0.9362771
-0.937979
-0.9336145
-0.9374884
-0.93524617
-0.9362926
-0.9372108
-0.9349508
-0.9375824
-0.93650866
-0.9362898
-0.9379496
-0.9368847
-0.936733
-0.93603826
-0.9365994
-0.9374926
-0.9372946
-0.93579775
-0.937642
-0.9369669
-0.9374208
-0.93717045
-0.9367736
-0.9364059
-0.9367469
-0.93555707
-0.9361818
-0.9377018
-0.9369857
-0.93574005
-0.93803054
-0.93494445
-0.93735635
-0.9390241
-0.93774426
-0.93663365
-0.93865955
-0.9372252
-0.93816096
-0.93740004
-0.93582326
-0.93775374
-0.936394
-0.93730646
-0.9349428
-0.9366345
-0.93846726
-0.9366162
-0.9381915
-0.9379359
-0.9376163
-0.9365971
-0.93743455
-0.93613863
-0.9386608
-0.93662345
-0.9380405
-0.9380081
-0.9372318
-0.9342302
-0.93585736
-0.93775696
-0.9371307
-0.9367417
-0.9384392
-0.93549097
-0.9369498
-0.9370954
-0.9348244
-0.93696576
-0.93715394
-0.9369867
-0.9353088
-0.9369932
-0.9383993
-0.935205
-0.9360386
-0.93798804
-0.9371857
-0.9372049
-0.9380054
-0.9366039
-0.93793243
-0.934107
-0.93654877
-0.93697286
-0.93571675
-0.9382961
-0.9367126
-0.93797827
-0.9361422
-0.93713135
-0.93715054
-0.93782544
-0.93963265
-0.93795586
-0.93549937
-0.9365749
-0.938432
-0.93876016
-0.93533254
-0.93745404
-0.9373248
-0.9361628
-0.93766767
-0.93816566
-0.9384028
-0.94005895
-0.93707764
-0.9368326
-0.9366599
-0.93490666
-0.9365525
-0.93790644
-0.9376463
-0.9363526
-0.9376125
-0.9372972
-0.93888384
-0.93640256
-0.9373506
-0.9402816
-0.93907964
-0.93611896
-0.93478173
-0.936879
-0.9375554
-0.9360769
-0.9381184
-0.935472
-0.9365266
-0.9388502
-0.9372029
-0.9379473
-0.9360138
-0.93852895
-0.9370745
-0.9364045
-0.9371312
-0.9354809
-0.9373664
-0.93623984
-0.9373186
-0.93666404
-0.9386583
-0.93602115
-0.93535954
-0.93673354
-0.9371712
-0.93774056
-0.9358099
-0.9382653
-0.9366651
-0.9365594
-0.9372431
-0.93672246
-0.93694466
-0.93784547
-0.9378355
-0.93932897
-0.9371475
-0.9381276
-0.9387963
-0.9378388
-0.9375481
-0.9351306
-0.9347776
-0.93733746
-0.93556374
-0.9376854
-0.9359389
-0.937108
-0.93689364
-0.93786174
-0.9350257
-0.9374823
-0.93713063
-0.9371227
-0.93784785
-0.93783045
-0.9378163
-0.9391081
-0.9379499
-0.9378169
-0.93831533
-0.93565464
-0.9373059
-0.93881196
-0.9332763
-0.93561774
-0.937767
-0.9366859
-0.9367814
-0.93533236
-0.9375158
-0.93684524
-0.9386313
-0.93525684
-0.9384601
-0.9347222
-0.9356127
-0.93776715
-0.9366531
-0.93696374
-0.93423903
-0.9378888
-0.93516356
-0.93594253
-0.9350896
-0.9348786
-0.93531775
-0.9370791
-0.9371979
-0.9365805
-0.93669355
-0.9355945
-0.9356141
-0.9366973
-0.9381138
-0.9358341
-0.9360258
-0.93886
-0.93628436
-0.93642366
-0.9377308
-0.93618375
-0.9373887
-0.9366659
-0.9365768
-0.93674797
-0.93630975
-0.93795645
-0.936954
-0.93808246
-0.9379562
-0.9374299
-0.9365827
-0.9355078
-0.93741035
-0.93526596
-0.9370637
-0.9378732
-0.936435
-0.9371202
-0.93577904
-0.9341358
-0.93855834
-0.9370702
-0.9368506
-0.93718576
-0.93723565
-0.93521994
-0.9359218
-0.93814164
-0.9378045
-0.93808067
-0.93924904
-0.9353461
-0.9376084
-0.9383189
-0.93810195
-0.9364986
-0.934242
-0.9369025
-0.9363623
-0.9343184
-0.9364979
-0.93667984
-0.9368742
-0.93866646
-0.93812203
-0.93716884
-0.937714
-0.9366502
-0.93678766
-0.9367099
-0.9386915
-0.93582666
-0.9364326
-0.938679
-0.93835443
-0.939112
-0.9381388
-0.9378418
-0.9368127
-0.937434
-0.9368584
-0.9364552
-0.9390975
-0.9383261
-0.9372243
-0.9359764
-0.9379909
-0.9372965
-0.93737966
-0.93480754
-0.9359996
-0.9383959
-0.93756765
-0.937558
-0.9373907
-0.9367705
-0.9367444
-0.93789387
-0.93792254
-0.938465
-0.93713766
-0.9383901
-0.93776256
-0.9364511
-0.9366695
-0.9379417
-0.9376737
-0.93695396
-0.93689406
-0.9385533
-0.9372629
-0.9357712
-0.93801904
-0.93662286
-0.9358744
-0.93805265
-0.9382377
-0.93830854
-0.93832946
-0.93591446
-0.9387914
-0.93642706
-0.9346784
-0.9382297
-0.93912286
-0.9388658
-0.9372329
-0.9383624
-0.935954
-0.9353249
-0.9388418
-0.9365655
-0.9369262
-0.9368957
-0.93582094
-0.9371653
-0.9378885
-0.93704766
-0.9369715
-0.938831
-0.93659437
-0.9393394
-0.93627965
-0.94038206
-0.9376774
-0.9372488
-0.93657887
-0.9383696
-0.9351025
-0.935586
-0.9374235
-0.936901
-0.93951154
-0.9373566
-0.93874824
-0.93774515
-0.93788224
-0.93633634
-0.9367066
-0.9358688
-0.9355874
-0.9390867
-0.9364031
-0.937591
-0.9370064
-0.9363977
-0.93728274
-0.9385749
-0.9373372
-0.93721265
-0.93648547
-0.9374706
-0.93532753
-0.9387344
-0.9381561
-0.93692553
-0.9364451
-0.9363277
-0.93613297
-0.9377004
-0.9368264
-0.93627137
-0.9360825
-0.93684494
-0.93674654
-0.9354278
-0.93789005
-0.93587875
-0.93623215
-0.93604755
-0.9389936
-0.93596584
-0.9371117
-0.93683535
-0.93746936
-0.93834805
-0.9404186
-0.93815863
-0.93504196
-0.9343873
-0.93767375
-0.93772596
-0.937655
-0.9368432
-0.9360654
-0.93852514
-0.93736887
-0.93436575
-0.93626255
-0.93766993
-0.9366213
-0.9346491
-0.93816876
-0.9375129
-0.93830436
-0.9380707
-0.93535364
-0.9372687
-0.9370883
-0.936896
-0.93902886
-0.93511593
-0.93708414
-0.93696475
-0.937347
-0.93849367
-0.9370868
-0.9399632
-0.9381722
-0.936791
-0.93801534
-0.9371663
-0.93659717
-0.93899375
-0.93785167
-0.93768877
-0.9346326
-0.93590206
-0.93798
-0.9373857
-0.93943584
-0.9374595
-0.9374994
-0.93898946
-0.9351719
-0.93623465
-0.9338275
-0.93956256
-0.9395352
-0.9355956
-0.936296
-0.9376693
-0.9386278
-0.9396474
-0.9338613
-0.9354757
-0.93461007
-0.93531305
-0.93356025
-0.9336212
-0.9351058
-0.9368906
-0.9381569
-0.93732387
-0.935625
-0.93547654
-0.9369653
-0.936086
-0.9367937
-0.9379188
-0.9374526
-0.9388473
-0.93569314
-0.9379468
-0.939372
-0.93853796
-0.93665844
-0.9374405
-0.9365248
-0.93918645
-0.9375866
-0.93581885
-0.9374305
-0.93765134
-0.9384568
-0.9368658
-0.93424094
-0.9369609
-0.93769515
-0.93754447
-0.9376648
-0.9372048
-0.93766636
-0.9360615
-0.9376717
-0.93795776
-0.9366965
-0.93785787
-0.9357154
-0.93918604
-0.937027
-0.9356373
-0.93804485
-0.9374489
-0.9371519
-0.9360018
-0.9359869
-0.93588394
-0.9362591
-0.9375532
-0.93801475
-0.93643826
-0.9379497
-0.93837994
-0.93855554
-0.93597907
-0.938128
-0.9362058
-0.93846107
-0.93995076
-0.93631285
-0.9368398
-0.9368584
-0.9370667
-0.9359455
-0.9388823
-0.9391597
-0.9369605
-0.9384637
-0.93431175
-0.9363075
-0.9374328
-0.93666357
-0.93484616
-0.93586975
-0.9403014
-0.9368523
-0.93877685
-0.9376049
-0.93565667
-0.93613154
-0.9394468
-0.9369338
-0.93779606
-0.93728316
-0.93715185
-0.9396551
-0.936365
-0.9389087
-0.93724465
-0.9385196
-0.93926567
-0.9378619
-0.93708
-0.93835235
-0.9386013
-0.9375709
-0.93722194
-0.9383689
-0.9370755
-0.9371795
-0.9382706
-0.937434
-0.93672276
-0.9384449
-0.9342433
-0.9370401
-0.93563974
-0.93506163
-0.93678164
-0.93728596
-0.93739814
-0.9374842
-0.9368951
-0.93734556
-0.9370332
-0.9366231
-0.9376506
-0.9386591
-0.9395826
-0.93703973
-0.93608993
-0.93921196
-0.93772066
-0.93849474
-0.936789
-0.93905807
-0.9361921
-0.93711746
-0.9369741
-0.93541765
-0.93779445
-0.93554294
-0.93687457
-0.9378853
-0.93601394
-0.9369545
-0.9357445
-0.93736315
-0.9388675
-0.9364582
-0.93768674
-0.9377162
-0.93939424
-0.93823767
-0.9357172
-0.93837035
-0.9361722
-0.9380708
-0.93634766
-0.93793416
-0.9386418
-0.937038
-0.93885356
-0.93631095
-0.9360469
-0.93908244
-0.93929917
-0.93874264
-0.9362278
-0.9360934
-0.9376194
-0.9363944
-0.93801314
-0.9392321
-0.9384001
-0.9372671
-0.93582255
-0.93762285
-0.93694717
-0.9359196
-0.9383943
-0.93652815
-0.93738383
-0.936739
-0.9396422
-0.93909466
-0.9368894
-0.93554157
-0.9378524
-0.938303
-0.93604624
-0.9368503
-0.9365309
-0.93634707
-0.9378509
-0.9351643
-0.936461
-0.93811744
-0.936209
-0.9382777
-0.93862134
-0.93971825
-0.9383305
-0.9388885
-0.9361875
-0.93742377
-0.9367989
-0.93710554
-0.93638104
-0.9384512
-0.9367962
-0.93803215
-0.93793404
-0.93725437
-0.936339
-0.93551385
-0.93778634
-0.93689024
-0.9354103
-0.9367757
-0.9379383
-0.9395296
-0.93647075
-0.9374909
-0.93653464
-0.93656635
-0.93562335
-0.93751264
-0.9344272
-0.9368947
-0.9382686
-0.9370778
-0.9364605
-0.9381848
-0.9356228
-0.93793315
-0.9381947
-0.93573755
-0.9371467
-0.9354494
-0.93667316
-0.9378529
-0.9379715
-0.9373975
-0.9382785
-0.93853515
-0.9371384
-0.9354237
-0.9364513
-0.9370248
-0.9377766
-0.9359642
-0.9394128
-0.9377351
-0.9364542
-0.9381007
-0.9388172
-0.9350203
-0.9387816
-0.93700415
-0.93523955
-0.93721503
-0.9374403
-0.9344945
-0.93813324
-0.9359748
-0.93835956
-0.9366583
-0.93900007
-0.93839777
-0.93692917
-0.9384667
-0.9397373
-0.9372484
-0.9379041
-0.93716127
-0.9369604
-0.93659186
-0.9356451
-0.9362545
-0.9377202
-0.93867874
-0.9364903
-0.9377162
-0.93833303
-0.9368518
-0.93884885
-0.93919146
-0.93746537
-0.93698454
-0.9364961
-0.9387798
-0.9377803
-0.93884957
-0.93877304
-0.9386333
-0.936433
-0.9388923
-0.9386853
-0.9365215
-0.93844694
-0.9385048
-0.9384336
-0.9366516
-0.9370374
-0.93503475
-0.9383291
-0.9369049
-0.93783486
-0.9397043
-0.9380864
-0.9386975
-0.9380328
-0.93783814
-0.93709487
-0.9350654
-0.93725556
-0.9381639
-0.93709356
-0.9379088
-0.9364332
-0.9366774
-0.93768007
-0.9381814
-0.9377361
-0.9373253
-0.9387815
-0.9383005
-0.9374223
-0.93861496
-0.93783885
-0.9381626
-0.936993
-0.93718237
-0.9396787
-0.93759733
-0.93772495
-0.93861383
-0.9378375
-0.9360921
-0.9360264
-0.93599313
-0.93829584
-0.9370579
-0.93820214
-0.9393698
-0.938043
-0.9380512
-0.9386833
-0.9393093
-0.93847543
-0.93563694
-0.9362281
-0.938174
-0.9382673
-0.93708545
-0.9370695
-0.9374118
-0.93561196
-0.93764216
-0.9370635
-0.93666476
-0.9364867
-0.9383537
-0.9375329
-0.94013023
-0.9391778
-0.9357204
-0.93640906
-0.9360825
-0.9376287
-0.9362876
-0.93654484
-0.9379572
-0.9369198
-0.9367464
-0.93780434
-0.9354118
-0.93739927
-0.93776494
-0.93795395
-0.9375449
-0.93608606
-0.93728334
-0.9356311
-0.9386737
-0.938197
-0.9376926
-0.9367646
-0.93784887
-0.9387485
-0.93934447
-0.93778044
-0.9375964
-0.9378935
-0.9346071
-0.93804425
-0.9377639
-0.9377592
-0.9395739
-0.9375157
-0.93744415
-0.938236
-0.9363237
-0.9378077
-0.9389069
-0.9371003
-0.9346212
-0.9385481
-0.937325
-0.93942595
-0.9382162
-0.9379462
-0.936164
-0.9380968
-0.93826103
-0.9357104
-0.9371072
-0.937436
-0.9398725
-0.9375617
-0.9381209
-0.9373803
-0.93570817
-0.938331
-0.9403993
-0.9368543
-0.9382609
-0.93592006
-0.9380601
-0.93799454
-0.9375852
-0.9363005
-0.9379496
-0.94015104
-0.9356376
-0.9386576
-0.93732095
-0.93768555
-0.93917674
-0.93966067
-0.9379148
-0.9359628
-0.9381406
-0.9376298
-0.9364747
-0.9377515
-0.937087
-0.93822724
-0.9377435
-0.9381056
-0.9387042
-0.9372681
-0.9349436
-0.9369007
-0.9395276
-0.9390139
-0.93798614
-0.9359818
-0.93858933
-0.93694776
-0.9385834
-0.93877023
-0.9378263
-0.9369739
-0.9382373
-0.93786085
-0.9374575
-0.93678725
-0.93722314
-0.9379341
-0.9367661
-0.93561804
-0.93683183
-0.9368332
-0.9369147
-0.9363615
-0.93774617
-0.93855226
-0.938425
-0.9375386
-0.9382766
-0.9375096
-0.9376587
-0.93719435
-0.93736255
-0.93663174
-0.93738425
-0.9364933
-0.93714315
-0.9365357
-0.93747413
-0.939172
-0.93907017
-0.9389179
-0.9398106
-0.9388503
-0.9387038
-0.93656343
-0.93709296
-0.93722266
-0.93735796
-0.93575156
-0.93841183
-0.9390627
-0.93573576
-0.93798393
-0.9375921
-0.93563193
-0.9375373
-0.9358814
-0.9371464
-0.940312
-0.93711776
-0.9391239
-0.9379951
-0.93914974
-0.94002545
-0.9367823
-0.9367276
-0.9379131
-0.9358443
-0.9369148
-0.9388354
-0.9380355
-0.93927944
-0.9362777
-0.9382146
-0.9385899
-0.9379664
-0.9389496
-0.9386043
-0.939094
-0.93706656
-0.9389816
-0.9358076
-0.93724054
-0.93652356
-0.9367466
-0.9385476
-0.93692005
-0.93929356
-0.93765265
-0.93712014
-0.93895054
-0.9379212
-0.9391343
-0.9373557
-0.93738675
-0.936508
-0.9379341
-0.9377887
-0.93843806
-0.9367971
-0.9373646
-0.9392517
-0.9394798
-0.93835646
-0.938826
-0.9357427
-0.93840903
-0.93912834
-0.93633056
-0.93857086
-0.9366317
-0.9367494
-0.9400625
-0.93609107
-0.9377334
-0.93588
-0.93671024
-0.9363046
-0.9368373
-0.93735176
-0.9359011
-0.9371133
-0.93806934
-0.9363011
-0.93677884
-0.9359704
-0.9371532
-0.9355566
-0.9389324
-0.9387554
-0.9364854
-0.93783826
-0.93757236
-0.93817884
-0.93957144
-0.93900615
-0.9372471
-0.93803
-0.93762124
-0.9385717
-0.9367011
-0.93738264
-0.9369351
-0.939163
-0.9387697
-0.9394676
-0.9387188
-0.94122666
-0.9373971
-0.93620616
-0.93704474
-0.9371426
-0.93617433
-0.9377705
-0.9348567
-0.9331017
-0.9379201
-0.93635494
-0.9362587
-0.93740654
-0.93740994
-0.9377127
-0.93919814
-0.9384061
-0.9364654
-0.93829453
-0.9358404
-0.9369593
-0.9374272
-0.9400295
-0.93573403
-0.93741864
-0.93923557
-0.93903625
-0.9373248
-0.93823016
-0.9386539
-0.9391529
-0.9391707
-0.9374246
-0.9378375
-0.937341
-0.9351399
-0.9355155
-0.93793124
-0.9384474
-0.9360979
-0.9376863
-0.9357491
-0.93573934
-0.9369343
-0.9374434
-0.93718016
-0.93673086
-0.9367442
-0.93725306
-0.93684274
-0.93809456
-0.93827844
-0.9376538
-0.93734103
-0.93615705
-0.9372908
-0.9382997
-0.93707186
-0.93842596
-0.9385881
-0.9394117
-0.9379263
-0.93975574
-0.93750125
-0.9375115
-0.9363143
-0.9383653
-0.9391428
-0.93874747
-0.9382404
-0.93945426
-0.937921
-0.93870455
-0.93955076
-0.9377642
-0.93863386
-0.93645144
-0.93685466
-0.9374129
-0.93778056
-0.93707055
-0.9374778
-0.94054914
-0.9368016
-0.9377678
-0.9371209
-0.9388297
-0.937063
-0.9358192
-0.9375067
-0.9377919
-0.93861747
-0.9385957
-0.93902755
-0.93934005
-0.9370992
-0.9376387
-0.9375182
-0.9400267
-0.9350571
-0.9387573
-0.9367986
-0.9383736
-0.93707323
-0.93761206
-0.93809515
-0.93835163
-0.93644106
-0.9358532
-0.93683124
-0.9380755
-0.939026
-0.9399525
-0.93898594
-0.93860376
-0.93666303
-0.93776697
-0.93792737
-0.9377284
-0.93725985
-0.93867314
-0.93691677
-0.9387386
-0.9382317
-0.9378659
-0.9387708
-0.93688613
-0.93635494
-0.9368133
-0.9373681
-0.9371256
-0.9365761
-0.9364856
-0.9382601
-0.9375345
-0.9368904
-0.9363854
-0.9356103
-0.9358257
-0.93700045
-0.9385851
-0.93870693
-0.9391162
-0.9374341
-0.93687105
-0.93641263
-0.93866974
-0.9367765
-0.9384318
-0.93715274
-0.9386771
-0.93700796
-0.93745524
-0.9377091
-0.9369353
-0.9383279
-0.9353522
-0.9390212
-0.93752944
-0.9371408
-0.93881744
-0.9362803
-0.9370272
-0.93717736
-0.9369407
-0.9366807
-0.9387517
-0.93628526
-0.93797815
-0.93781644
-0.93768513
-0.9382374
-0.93737566
-0.9359805
-0.9362194
-0.9378089
-0.9386903
-0.9374113
-0.9394034
-0.9388509
-0.9365757
-0.9369624
-0.9386773
-0.93863946
-0.937575
-0.93708557
-0.9392311
-0.93795526
-0.9393757
-0.9371994
-0.9375911
-0.9345908
-0.936956
-0.93818897
-0.93796927
-0.93816495
-0.94025064
-0.9370587
-0.93892837
-0.93807286
-0.9366362
-0.93582135
-0.93816686
-0.9411315
-0.93843824
-0.9351059
-0.9378542
-0.9391973
-0.9384416
-0.93810797
-0.9385026
-0.939134
-0.937522
-0.9388922
-0.93933755
-0.9382097
-0.93672556
-0.93853915
-0.93690425
-0.93485016
-0.93638176
-0.93782634
-0.9367393
-0.93865937
-0.9380604
-0.9391661
-0.93635285
-0.93935925
-0.9380454
-0.93802464
-0.9381975
-0.9388826
-0.9376474
-0.9371388
-0.93583035
-0.9377978
-0.93953836
-0.93763924
-0.93793255
-0.9375856
-0.939451
-0.93845457
-0.9372254
-0.93956923
-0.9384076
-0.9364168
-0.9368623
-0.9363067
-0.937396
-0.93800396
-0.9370495
-0.9382225
-0.9362607
-0.9379404
-0.9379088
-0.93910116
-0.936928
-0.9374846
-0.93817395
-0.93978417
-0.93847954
-0.9384427
-0.9362935
-0.9358689
-0.9360314
-0.9376513
-0.9381389
-0.9385098
-0.9379935
-0.93939483
-0.9370294
-0.9370956
-0.935527
-0.9375205
-0.9378234
-0.9360417
-0.93638366
-0.93900967
-0.93780696
-0.9394147
-0.9379263
-0.936069
-0.9363467
-0.93797296
-0.94020796
-0.9372349
-0.9375949
-0.93819857
-0.9375758
-0.9344472
-0.93838644
-0.9388876
-0.93836635
-0.9377227
-0.9374003
-0.93635756
-0.9397175
-0.9374797
-0.9375931
-0.93642455
-0.9373006
-0.9384034
-0.9382106
-0.93752915
-0.9384791
-0.93720967
-0.93827367
-0.937332
-0.93879944
-0.9377854
-0.93710023
-0.9355156
-0.9375782
-0.93642324
-0.9357138
-0.9388052
-0.93740594
-0.93891233
-0.93548167
-0.93615186
-0.9354375
-0.93710095
-0.9385661
-0.93806374
-0.93785214
-0.9393546
-0.9350085
-0.938313
-0.9378674
-0.9356497
-0.9369841
-0.9378576
-0.94113326
-0.93605953
-0.93826157
-0.9382038
-0.9376504
-0.93826056
-0.9360781
-0.93961513
-0.9388245
-0.93798274
-0.93812037
-0.9387999
-0.938357
-0.93619657
-0.9358663
-0.9380951
-0.93577117
-0.9399421
-0.93681395
-0.93941385
-0.938636
-0.9374012
-0.938314
-0.9396037
-0.9398017
-0.93908703
-0.9365879
-0.93648684
-0.9386001
-0.93991464
-0.9379491
-0.93935007
-0.93909645
-0.9402929
-0.9376027
-0.937485
-0.93829334
-0.9376108
-0.93868244
-0.93729883
-0.936674
-0.93970495
-0.94072986
-0.93723273
-0.9401197
-0.9375097
-0.9370158
-0.9370618
-0.938641
-0.9394679
-0.9373014
-0.9375861
-0.93886364
-0.939632
-0.9386897
-0.9372226
-0.93855697
-0.9377222
-0.9371344
-0.9360445
-0.9362867
-0.93838626
-0.93783367
-0.93570596
-0.93712425
-0.9381685
-0.93697315
-0.9383391
-0.9338192
-0.9361785
-0.9373865
-0.9363854
-0.9379716
-0.93769103
-0.934909
-0.9386362
-0.93907076
-0.9372649
-0.9376406
-0.9362103
-0.93601215
-0.9385749
-0.9387598
-0.9366467
-0.93717754
-0.9365814
-0.93750614
-0.9393809
-0.9366764
-0.9357148
-0.93678004
-0.9377121
-0.93781745
-0.9359659
-0.938525
-0.93798167
-0.9388374
-0.93684787
-0.9375665
-0.9377931
-0.94043684
-0.9378095
-0.93793416
-0.9379422
-0.93589896
-0.9375334
-0.93785256
-0.94017184
-0.9382138
-0.9370516
-0.9368479
-0.93764275
-0.93683106
-0.93573034
-0.9371737
-0.9373182
-0.9367659
-0.93836313
-0.9372021
-0.93931663
-0.9373456
-0.9397891
-0.9388216
-0.9385318
-0.93779117
-0.9371442
-0.9379865
-0.9369569
-0.9393343
-0.9387374
-0.9382268
-0.93843335
-0.9371485
-0.93800664
-0.93849367
-0.93768245
-0.9358428
-0.93872154
-0.9373929
-0.9368918
-0.93852866
-0.9389614
-0.9379836
-0.93746305
-0.93796366
-0.9393224
-0.93840283
-0.93929297
-0.9381757
-0.9374892
-0.9370819
-0.9347097
-0.93693626
-0.9397524
-0.93802667
-0.9382628
-0.9386875
-0.9374558
-0.9390287
-0.9359924
-0.93712676
-0.93986964
-0.93663186
-0.9375129
-0.9367706
-0.9395446
-0.93945295
-0.9384851
-0.93824697
-0.9379465
-0.9383325
-0.9374589
-0.93674666
-0.9406552
-0.9383547
-0.9385522
-0.93808067
-0.94089127
-0.9366899
-0.93610024
-0.93899995
-0.936063
-0.9371089
-0.9381735
-0.9395024
-0.93804795
-0.93813014
-0.93964267
-0.93748975
-0.93607134
-0.9360107
-0.93846726
-0.93806
-0.93797094
-0.93842816
-0.9363721
-0.9392328
-0.9406826
-0.938446
-0.9363807
-0.9372664
-0.9375323
-0.9349318
-0.9381384
-0.93965966
-0.9381667
-0.9386797
-0.9375413
-0.9385864
-0.93997973
-0.93553716
-0.9368333
-0.9372134
-0.93827844
-0.93852806
-0.9388022
-0.9372584
-0.93872005
-0.9381294
-0.93751097
-0.9382745
-0.9367688
-0.93714607
-0.93895894
-0.9389463
-0.93797845
-0.93692666
-0.9374051
-0.93883866
-0.93596786
-0.9390461
-0.9390051
-0.93828183
-0.93654156
-0.9376931
-0.936877
-0.93671894
-0.9377865
-0.9386358
-0.93970007
-0.93858296
-0.9392532
-0.93834436
-0.9373704
-0.9373383
-0.9369905
-0.9338109
-0.9375966
-0.9367287
-0.9379149
-0.93803495
