-0.4492785
-0.43827623
-0.47028384
-0.4951542
-0.48284808
-0.5033043
-0.5150459
-0.5452838
-0.54398745
-0.55564874
-0.5622799
-0.57654434
-0.5761946
-0.5863385
-0.5939598
-0.6047937
-0.6276025
-0.62191755
-0.6421006
-0.6479278
-0.6275155
-0.65008104
-0.66754353
-0.6774052
-0.7031263
-0.69547117
-0.7213381
-0.73117405
-0.7042392
-0.7197767
-0.7419005
-0.76479346
-0.7609126
-0.7673456
-0.7570891
-0.7745757
-0.78215265
-0.7803489
-0.7841018
-0.8043105
-0.7943449
-0.78966016
-0.80211747
-0.80493635
-0.8002196
-0.811823
-0.8108899
-0.81709677
-0.82251364
-0.8244492
-0.8144373
-0.8188531
-0.8217649
-0.815195
-0.82350206
-0.81154454
-0.8221576
-0.8131728
-0.81977993
-0.81777644
-0.8242442
-0.82490486
-0.82024086
-0.8249265
-0.81798357
-0.82639706
-0.82720274
-0.818442
-0.8199621
-0.8240223
-0.832082
-0.82524127
-0.826574
-0.81850255
-0.83016557
-0.83071077
-0.8349107
-0.8344485
-0.8268304
-0.8256405
-0.8352491
-0.83938104
-0.8300919
-0.83655715
-0.8407781
-0.8344901
-0.8317929
-0.8365612
-0.8324152
-0.82746536
-0.83319616
-0.8411885
-0.8294936
-0.8367368
-0.8297314
-0.8392152
-0.8384265
-0.8332203
-0.8354263
-0.82910067
-0.83384776
-0.82971567
-0.8383929
-0.8426891
-0.8230135
-0.8328099
-0.837242
-0.8360041
-0.8431053
-0.84763396
-0.84094816
-0.8289786
-0.8413662
-0.8384359
-0.8447247
-0.84387344
-0.84091365
-0.8354802
-0.8460528
-0.8377898
-0.84473246
-0.8343454
-0.83904386
-0.83810806
-0.84614325
-0.8493483
-0.8442742
-0.8471027
-0.8517036
-0.84253883
-0.8566027
-0.83518094
-0.83787197
-0.8439
-0.8387664
-0.8530927
-0.84294146
-0.8327903
-0.84138983
-0.84120244
-0.8442388
-0.84835875
-0.84467435
-0.83963
-0.8395821
-0.8456762
-0.8486258
-0.83732015
-0.8448077
-0.8436672
-0.847827
-0.84068584
-0.8412224
-0.85081905
-0.8429313
-0.846607
-0.8410382
-0.83759224
-0.8478907
-0.8395802
-0.84944004
-0.84760845
-0.84926695
-0.84360224
-0.8494896
-0.8463948
-0.8511011
-0.8484483
-0.8449318
-0.85013443
-0.8515465
-0.84503394
-0.8486017
-0.85065967
-0.84117305
-0.84618044
-0.84850407
-0.8562019
-0.8424961
-0.8513056
-0.8425916
-0.8437004
-0.84521824
-0.85434294
-0.84171796
-0.84877
-0.84727836
-0.84776443
-0.8520842
-0.85430026
-0.8475435
-0.8531943
-0.84464437
-0.8531757
-0.8539001
-0.84789443
-0.84627676
-0.8465025
-0.85302293
-0.8405412
-0.8534366
-0.8512577
-0.8509754
-0.85322404
-0.84861887
-0.8557116
-0.8498702
-0.85552657
-0.85558254
-0.8465083
-0.84476215
-0.85038584
-0.84785765
-0.84947324
-0.84680086
-0.85018975
-0.8549861
-0.85840476
-0.84823924
-0.8490598
-0.8484722
-0.8435009
-0.8414135
-0.8472902
-0.8471445
-0.83615506
-0.84994024
-0.85341895
-0.8439331
-0.8383233
-0.84702164
-0.8432676
-0.84746885
-0.8475172
-0.842592
-0.8525244
-0.85030335
-0.8476667
-0.8560634
-0.8563632
-0.84768283
-0.85065174
-0.8519845
-0.8511349
-0.85395896
-0.8451017
-0.8438791
-0.85180503
-0.8451495
-0.85283554
-0.8421762
-0.8381137
-0.8506712
-0.84493864
-0.8421442
-0.85183054
-0.85277224
-0.8455645
-0.85126144
-0.8487519
-0.85136586
-0.8412208
-0.847937
-0.84811866
-0.85229987
-0.85021716
-0.85417897
-0.8510655
-0.84769696
-0.84951067
-0.8457114
-0.8443781
-0.84286857
-0.8447287
-0.8538655
-0.8503386
-0.8493384
-0.84261906
-0.84555703
-0.8479845
-0.8582602
-0.8549778
-0.84365374
-0.84793353
-0.85498714
-0.8429699
-0.85292506
-0.8472631
-0.8486996
-0.8508154
-0.8494636
-0.8563761
-0.852591
-0.8551465
-0.85505885
-0.8542579
-0.85191154
-0.84673584
-0.8554256
-0.8534223
-0.854721
-0.8526792
-0.85180986
-0.858304
-0.8520481
-0.85406697
-0.85295343
-0.8529567
-0.85138696
-0.8486642
-0.85119253
-0.8481229
-0.85630524
-0.8558555
-0.85050696
-0.8534375
-0.84712076
-0.8475578
-0.84171766
-0.8572671
-0.8588828
-0.8463369
-0.8502578
-0.85460025
-0.8438232
-0.8503162
-0.85557634
-0.85314935
-0.8532661
-0.8553833
-0.85293007
-0.8505333
-0.8559117
-0.84777325
-0.8558815
-0.8547415
-0.84927547
-0.85191953
-0.8557234
-0.8541931
-0.8472374
-0.8514429
-0.85810393
-0.86047775
-0.8507949
-0.8558706
-0.8556211
-0.8499648
-0.8564311
-0.8539352
-0.8501229
-0.85054964
-0.85538495
-0.8533064
-0.8537533
-0.8533921
-0.85464376
-0.8535853
-0.8520019
-0.85857105
-0.85198337
-0.85277456
-0.8566266
-0.85460645
-0.8499376
-0.84668416
-0.85766834
-0.8483554
-0.8593872
-0.848721
-0.85590893
-0.8597459
-0.8553666
-0.8537955
-0.8515588
-0.8536273
-0.8518729
-0.8600563
-0.8492406
-0.8505347
-0.8577285
-0.8488999
-0.8433925
-0.84287107
-0.8574415
-0.8489748
-0.85382223
-0.84966975
-0.84860617
-0.85079455
-0.8452098
-0.8519018
-0.8548921
-0.8507918
-0.8462916
-0.84889716
-0.8564317
-0.85173833
-0.85526955
-0.8489122
-0.8523768
-0.8571523
-0.8542534
-0.85461587
-0.8546386
-0.84833676
-0.8483005
-0.8532156
-0.85635364
-0.85058796
-0.85068524
-0.8573968
-0.85875213
-0.86311567
-0.8548128
-0.85920924
-0.8579459
-0.85152733
-0.8498944
-0.86097556
-0.85579276
-0.86115307
-0.85634357
-0.848803
-0.852329
-0.8565627
-0.8576974
-0.854888
-0.85412496
-0.8550095
-0.8506587
-0.8532322
-0.8537207
-0.85481864
-0.85649174
-0.8519748
-0.85988563
-0.85886174
-0.8554897
-0.85206205
-0.8579521
-0.8537198
-0.86065745
-0.85079473
-0.85091275
-0.855737
-0.85897964
-0.8620101
-0.85104954
-0.8610715
-0.85818917
-0.8613523
-0.85644025
-0.857553
-0.8566386
-0.8507329
-0.84728396
-0.86366236
-0.851123
-0.85204905
-0.8541832
-0.8543326
-0.8496927
-0.85752535
-0.8558468
-0.8563564
-0.85810864
-0.8530541
-0.85111594
-0.85282683
-0.85807014
-0.8532942
-0.84910107
-0.85163647
-0.8532271
-0.853597
-0.85245633
-0.85425264
-0.85554826
-0.8571547
-0.8509735
-0.8535979
-0.85606587
-0.85778296
-0.8548344
-0.85639995
-0.8496123
-0.85646147
-0.84691817
-0.8508856
-0.8530735
-0.85902953
-0.8515845
-0.85401374
-0.8586228
-0.8465765
-0.8547703
-0.85470724
-0.86071235
-0.8587537
-0.8586431
-0.8469119
-0.8539031
-0.8573504
-0.85591954
-0.8520883
-0.85214144
-0.85181546
-0.85956544
-0.8534024
-0.85281146
-0.8503024
-0.8527377
-0.85262406
-0.8517652
-0.8529192
-0.8552999
-0.8581722
-0.85621405
-0.85036445
-0.8547851
-0.8568733
-0.8574379
-0.8599241
-0.85491025
-0.85148203
-0.85878605
-0.85939217
-0.85480326
-0.85844177
-0.86053973
-0.86108977
-0.8592937
-0.8579879
-0.84715015
-0.86230415
-0.8562716
-0.8595967
-0.86373514
-0.850312
-0.8583282
-0.8589023
-0.85601383
-0.8548914
-0.8619537
-0.8517561
-0.8557069
-0.8575199
-0.8519191
-0.8516923
-0.85417265
-0.85399395
-0.85726506
-0.85119826
-0.8564927
-0.8579657
-0.8472054
-0.8557487
-0.8593234
-0.85465395
-0.8524322
-0.8571245
-0.8594382
-0.85580766
-0.85306376
-0.853524
-0.86747766
-0.8558985
-0.8559874
-0.85623753
-0.8543613
-0.86014146
-0.85077935
-0.8537893
-0.8574232
-0.8544382
-0.8552898
-0.85309535
-0.86004966
-0.854179
-0.8560627
-0.85833585
-0.84404445
-0.8512707
-0.8579903
-0.86118233
-0.853748
-0.8561221
-0.85212255
-0.85430276
-0.85277754
-0.8513311
-0.8551412
-0.8586295
-0.8579744
-0.8575144
-0.85976523
-0.8530778
-0.8588709
-0.8595231
-0.85900074
-0.85609657
-0.85916716
-0.85233873
-0.8577985
-0.8560355
-0.85316217
-0.8612404
-0.85912246
-0.8487675
-0.8609201
-0.8559729
-0.8551299
-0.8529703
-0.85667557
-0.85648865
-0.8638827
-0.85980195
-0.8548775
-0.85874957
-0.85606134
-0.8556225
-0.86493576
-0.8625925
-0.8564792
-0.86683077
-0.8521483
-0.8567414
-0.8539714
-0.8574075
-0.860146
-0.8622023
-0.85664743
-0.8577005
-0.8572885
-0.8596546
-0.85583645
-0.85737884
-0.85517895
-0.85773504
-0.8579448
-0.84888417
-0.84640336
-0.8495909
-0.8639396
-0.8544809
-0.855432
-0.8598474
-0.85361016
-0.8564357
-0.85913664
-0.8525724
-0.85260123
-0.8517726
-0.8602887
-0.8548441
-0.8595282
-0.8540788
-0.85951245
-0.8571485
-0.856556
-0.86134106
-0.8573241
-0.8523042
-0.8513143
-0.8533426
-0.8581564
-0.8559979
-0.8636166
-0.85260683
-0.8557422
-0.8603419
-0.86559194
-0.85575813
-0.8506597
-0.8599673
-0.85052043
-0.8601205
-0.86338645
-0.8555812
-0.8571776
-0.85208833
-0.85408247
-0.85648054
-0.86073554
-0.8573965
-0.8591999
-0.85924625
-0.8551535
-0.85828835
-0.85669625
-0.856834
-0.861603
-0.85592765
-0.8637334
-0.8605399
-0.8579971
-0.849948
-0.8612916
-0.86524373
-0.8574884
-0.85199
-0.8594166
-0.8533725
-0.8590303
-0.8461654
-0.8521552
-0.8576891
-0.86280257
-0.8626259
-0.86254144
-0.8527673
-0.8613801
-0.85651517
-0.8491087
-0.8559375
-0.8582357
-0.85212916
-0.863806
-0.8531084
-0.8629364
-0.85175467
-0.848273
-0.8547119
-0.8589108
-0.86199826
-0.86357856
-0.85656667
-0.85698336
-0.85183966
-0.8529836
-0.8606106
-0.85683775
-0.86291105
-0.8648093
-0.85586745
-0.86122453
-0.8511101
-0.85621935
-0.8571253
-0.85581356
-0.85928464
-0.8541175
-0.8580327
-0.8567767
-0.85716325
-0.8589271
-0.858583
-0.8549159
-0.8504254
-0.8645195
-0.86426634
-0.860877
-0.85757226
-0.85775673
-0.8568462
-0.8616234
-0.8568411
-0.8593674
-0.8539297
-0.85656875
-0.8530868
-0.85801834
-0.85389495
-0.86321425
-0.85893625
-0.8592224
-0.861265
-0.8590822
-0.845659
-0.8542465
-0.8582461
-0.85952586
-0.86107546
-0.85737836
-0.8563341
-0.861309
-0.8467219
-0.8600862
-0.86107713
-0.8559054
-0.85468984
-0.85955566
-0.8601335
-0.86312634
-0.85676885
-0.8593718
-0.86072993
-0.8578889
-0.8598928
-0.85690373
-0.8659736
-0.8580986
-0.86019796
-0.8620408
-0.86154467
-0.857295
-0.8551953
-0.8595431
-0.8503002
-0.8574491
-0.8614278
-0.8486411
-0.8533191
-0.8502213
-0.8592445
-0.85834795
-0.86415356
-0.85394555
-0.8640237
-0.8575364
-0.8649549
-0.8526913
-0.8617664
-0.8573702
-0.8587001
-0.8583381
-0.85917723
-0.8597191
-0.8520502
-0.85775715
-0.85929304
-0.8603903
-0.86453164
-0.8560181
-0.86374134
-0.85109735
-0.8598814
-0.8619107
-0.8543897
-0.8478727
-0.85717577
-0.85691035
-0.8590284
-0.8610171
-0.8511835
-0.86408484
-0.8564012
-0.8568541
-0.85999024
-0.86438394
-0.8573776
-0.8552505
-0.86153316
-0.8516113
-0.85425764
-0.8662009
-0.86642015
-0.8603476
-0.865225
-0.8581098
-0.8580682
-0.8568254
-0.861843
-0.8607672
-0.85701185
-0.8575898
-0.85487425
-0.85593414
-0.85472107
-0.8575025
-0.85776013
-0.8554908
-0.8591103
-0.853599
-0.8608243
-0.86070764
-0.8612052
-0.8566491
-0.85526574
-0.85989845
-0.85625654
-0.8588935
-0.8546835
-0.8602306
-0.8586255
-0.8663172
-0.8626821
-0.85897326
-0.8644776
-0.8517955
-0.84756386
-0.86126107
-0.85424113
-0.8628944
-0.85903984
-0.8546798
-0.856419
-0.8564979
-0.85412997
-0.8561387
-0.8574756
-0.85805047
-0.8552782
-0.8646033
-0.85796446
-0.8614794
-0.85974777
-0.85394984
-0.8569303
-0.8564726
-0.8584619
-0.8606961
-0.8539784
-0.85955113
-0.86279094
-0.8606863
-0.86107516
-0.8589373
-0.8545788
-0.8552988
-0.85678023
-0.85403234
-0.861981
-0.8579561
-0.8605349
-0.8657446
-0.85698634
-0.8542822
-0.8609615
-0.8546479
-0.8520455
-0.857806
-0.8554993
-0.85152596
-0.8557897
-0.86129534
-0.8519332
-0.85899675
-0.8609904
-0.85593826
-0.85374504
-0.8520502
-0.84964085
-0.86195874
-0.8624554
-0.85976094
-0.8549698
-0.85563827
-0.86080545
-0.8595528
-0.8590898
-0.8602767
-0.86238235
-0.8585233
-0.8585908
-0.85912204
-0.85667235
-0.8606029
-0.85785085
-0.864543
-0.8596163
-0.8562783
-0.85820353
-0.85412943
-0.8519933
-0.8595012
-0.857084
-0.8586881
-0.86156476
-0.8589738
-0.8603878
-0.85843986
-0.8588985
-0.85515565
-0.86051476
-0.8601227
-0.8563463
-0.8598042
-0.85948235
-0.85627884
-0.85947657
-0.86172277
-0.86810493
-0.8627564
-0.8641336
-0.8566048
-0.8557049
-0.8644543
-0.8641423
-0.8520986
-0.8638908
-0.8584561
-0.85901546
-0.86418617
-0.8573228
-0.8568069
-0.86280525
-0.86335695
-0.8568236
-0.86223483
-0.85953146
-0.85974157
-0.86855483
-0.8600427
-0.8667976
-0.86095244
-0.86076796
-0.864284
-0.8643768
-0.8623637
-0.85844344
-0.86044884
-0.85374707
-0.8660411
-0.86160433
-0.85395116
-0.8601704
-0.8561286
-0.8635396
-0.86322093
-0.86009806
-0.86408955
-0.84443885
-0.8617179
-0.8554678
-0.8548503
-0.86142534
-0.84828657
-0.86113584
-0.85731155
-0.85463107
-0.8594097
-0.85687256
-0.8548143
-0.8479539
-0.8587592
-0.85841763
-0.85959053
-0.84565413
-0.8561546
-0.8504418
-0.86274314
-0.8633571
-0.856286
-0.86084217
-0.8539795
-0.85856116
-0.8556111
-0.8575996
-0.85834557
-0.8610086
-0.8590129
-0.86287045
-0.86630696
-0.85863274
-0.8577639
-0.8699582
-0.85842353
-0.86198133
-0.8633255
-0.8621047
-0.86157596
-0.86106175
-0.85567683
-0.85432017
-0.86282456
-0.8567202
-0.8622368
-0.8677831
-0.85928226
-0.8516655
-0.86137336
-0.86187637
-0.86339134
-0.85902387
-0.85965466
-0.8646873
-0.8621052
-0.8529682
-0.85975814
-0.8608578
-0.85516006
-0.8709332
-0.85264176
-0.8573503
-0.8563056
-0.8592757
-0.86139596
-0.86145943
-0.86012113
-0.8609089
-0.8598184
-0.8624409
-0.85374206
-0.8549473
-0.86192065
-0.8553089
-0.85723823
-0.8603873
-0.86238724
-0.85889643
-0.85897577
-0.8569926
-0.8597245
-0.8628908
-0.8582522
-0.86331064
-0.8705136
-0.8586564
-0.85782605
-0.859299
-0.85764223
-0.86465394
-0.86347884
-0.8644984
-0.8615487
-0.86808735
-0.86465526
-0.8622519
-0.86476773
-0.8616023
-0.8577446
-0.8617731
-0.8608661
-0.85562074
-0.86309016
-0.8632286
-0.8597667
-0.8562013
-0.86219525
-0.86735344
-0.85921806
-0.8581821
-0.86101806
-0.8656487
-0.86642444
-0.8518934
-0.8597041
-0.8566456
-0.8572251
-0.8519768
-0.8603672
-0.8601616
-0.8669677
-0.8529919
-0.86101556
-0.8552428
-0.8586151
-0.8653197
-0.8586539
-0.86252713
-0.8553044
-0.8554717
-0.8600005
-0.8552675
-0.8487349
-0.86056644
-0.8651549
-0.86839813
-0.8618975
-0.861601
-0.8576528
-0.85654014
-0.8545168
-0.8609947
-0.8612388
-0.8596412
-0.8626933
-0.8585159
-0.86843646
-0.86437243
-0.8538615
-0.8605677
-0.8600939
-0.8627872
-0.8641066
-0.8497004
-0.8704664
-0.85845816
-0.86696345
-0.85783106
-0.85593563
-0.8620469
-0.86520034
-0.8670042
-0.8615627
-0.8586424
-0.86765623
-0.86027867
-0.8624011
-0.8608579
-0.8606717
-0.8611528
-0.86468107
-0.8635367
-0.86240023
-0.8555068
-0.8602486
-0.86417496
-0.85628694
-0.8580389
-0.86063164
-0.8573661
-0.85799855
-0.85595214
-0.8591497
-0.86115044
-0.8591968
-0.87226534
-0.8541604
-0.8617635
-0.85675836
-0.86023366
-0.86584353
-0.8597771
-0.8564331
-0.8586089
-0.8649073
-0.8567806
-0.8623123
-0.8642308
-0.86324847
-0.85706687
-0.8589863
-0.8610286
-0.8611894
-0.86719847
-0.85813266
-0.8668684
-0.8577364
-0.85893476
-0.85712856
-0.85425234
-0.862426
-0.86453545
-0.86489415
-0.8602966
-0.8604032
-0.8690731
-0.86577576
-0.85815966
-0.85553074
-0.8644536
-0.8600725
-0.85898215
-0.8542559
-0.8606678
-0.8613834
-0.85982805
-0.86461705
-0.85597414
-0.85974324
-0.85438037
-0.85901195
-0.8629359
-0.87049776
-0.8600967
-0.8580279
-0.865681
-0.8589395
-0.8559718
-0.8585371
-0.85958284
-0.87007403
-0.8568167
-0.8608251
-0.86501986
-0.8638291
-0.8604452
-0.8602142
-0.85783076
-0.8576273
-0.86676836
-0.8619358
-0.8623707
-0.8649671
-0.8536719
-0.8570589
-0.8601294
-0.85366964
-0.8594681
-0.86149114
-0.8571646
-0.85929006
-0.85706633
-0.85596126
-0.85681885
-0.86597717
-0.86007243
-0.8583216
-0.85697776
-0.86483794
-0.86085945
-0.8629427
-0.8639111
-0.8650533
-0.8571047
-0.8548913
-0.8601607
-0.86432797
-0.8646674
-0.8702902
-0.85893226
-0.8681275
-0.8683993
-0.86034757
-0.85562754
-0.86652255
-0.86191225
-0.8541841
-0.8594299
-0.8632433
-0.8543761
-0.86241865
-0.8605782
-0.8649559
-0.8620552
-0.8645784
-0.85965514
-0.85852605
-0.8553054
-0.8552948
-0.8623823
-0.8568002
-0.86016595
-0.8646204
-0.86434776
-0.86488473
-0.8622346
-0.86649525
-0.87045854
-0.86361957
-0.86027074
-0.8636708
-0.8625924
-0.8624248
-0.85369956
-0.86016995
-0.86249304
-0.8666423
-0.86411536
-0.865063
-0.8603644
-0.86107016
-0.8598342
-0.8586967
-0.8680835
-0.8582916
-0.86258614
-0.85946524
-0.8637822
-0.86041397
-0.8652414
-0.86547893
-0.8607807
-0.86296564
-0.8568899
-0.8622687
-0.86403704
-0.865289
-0.8629022
-0.86571044
-0.86354035
-0.86187243
-0.8685393
-0.86194086
-0.8602181
-0.8631661
-0.8624023
-0.86344063
-0.8658057
-0.8587664
-0.8657036
-0.86084896
-0.8653933
-0.8635843
-0.8645185
-0.8679321
-0.8632974
-0.87060404
-0.85771
-0.8598083
-0.8627211
-0.8624213
-0.86185956
-0.8613532
-0.854316
-0.8620258
-0.8626309
-0.86190647
-0.862899
-0.8655486
-0.8605565
-0.8582786
-0.86044604
-0.8583915
-0.86225647
-0.85525817
-0.85815746
-0.85865134
-0.85521275
-0.85978377
-0.8553952
-0.85075885
-0.8609737
-0.8569707
-0.8549088
-0.8529746
-0.8566806
-0.86413497
-0.8595642
-0.858597
-0.86819327
-0.8626834
-0.86376977
-0.8593441
-0.8623086
-0.8613198
-0.86077297
-0.86621696
-0.8576898
-0.861051
-0.8638191
-0.8669246
-0.86008507
-0.86075693
-0.86229974
-0.8528475
-0.8568284
-0.8641968
-0.8619511
-0.86355674
-0.86198634
-0.8607568
-0.8566475
-0.8591195
-0.862947
-0.8616533
-0.86466706
-0.85875595
-0.8551185
-0.8715854
-0.86344314
-0.8549383
-0.8607788
-0.86156094
-0.8661188
-0.85809803
-0.85088176
-0.86747307
-0.86119425
-0.85990775
-0.86706984
-0.8567966
-0.85865974
-0.87113595
-0.8591499
-0.8617199
-0.8588307
-0.8610075
-0.86175174
-0.8566348
-0.8636602
-0.8638636
-0.85966295
-0.85795397
-0.8574776
-0.8590997
-0.8621092
-0.8596547
-0.8627718
-0.8535542
-0.8626651
-0.8626755
-0.85728467
-0.8647588
-0.8644992
-0.8652479
-0.8659803
-0.86161226
-0.86307305
-0.86181706
-0.8649713
-0.85996264
-0.86732405
-0.8602
-0.8587759
-0.86128384
-0.8610882
-0.86323303
-0.8580435
-0.8604616
-0.8670046
-0.8637026
-0.8592028
-0.8642088
-0.8628472
-0.86691946
-0.8634531
-0.86628664
-0.86194
-0.8616708
-0.8644152
-0.8617706
-0.8637285
-0.8634731
-0.8637468
-0.8680969
-0.8641073
-0.8642948
-0.86417943
-0.8610314
-0.85778916
-0.85913783
-0.86631626
-0.85915744
-0.8540943
-0.8623131
-0.8644732
-0.84959555
-0.86612695
-0.86129045
-0.8678928
-0.8591918
-0.8648224
-0.86650133
-0.86983573
-0.86701494
-0.8688002
-0.8594275
-0.8601979
-0.85551596
-0.8706587
-0.8660693
-0.8673873
-0.86305755
-0.8542825
-0.8641326
-0.85767126
-0.8614491
-0.863772
-0.86146903
-0.86296767
-0.8601733
-0.8606096
-0.86425275
-0.87159336
-0.86356056
-0.8670249
-0.85700166
-0.86049664
-0.86949766
-0.8663123
-0.8600361
-0.863478
-0.86482847
-0.8575083
-0.86231834
-0.86172044
-0.8670338
-0.8612567
-0.86368215
-0.86459017
-0.8650918
-0.86965334
-0.86590034
-0.8529822
-0.8638365
-0.8652882
-0.8615859
-0.8605271
-0.8623787
-0.86869526
-0.85913056
-0.86413246
-0.864787
-0.85733926
-0.86359626
-0.86833614
-0.8658394
-0.8649482
-0.8636615
-0.86660534
-0.86509496
-0.86184275
-0.85894215
-0.86255425
-0.86435276
-0.8576315
-0.86244977
-0.8618362
-0.85947895
-0.8591158
-0.86068964
-0.86995494
-0.86151624
-0.859017
-0.8669696
-0.86810964
-0.8583751
-0.8621097
-0.86892235
-0.8670696
-0.86494315
-0.86624205
-0.8619871
-0.86337787
-0.8596531
-0.8527727
-0.8558633
-0.8580914
-0.86104834
-0.8584518
-0.8630586
-0.8591524
-0.8585801
-0.86028904
-0.859791
-0.8642733
-0.86096954
-0.8644572
-0.8617645
-0.85946053
-0.8673958
-0.8622572
-0.8700151
-0.86650115
-0.85163736
-0.8602295
-0.86005336
-0.86019844
-0.86291265
-0.86002856
-0.85864323
-0.8638176
-0.8575636
-0.8592501
-0.86165386
-0.8683603
-0.862784
-0.85713816
-0.8590948
-0.86365867
-0.86693084
-0.8610933
-0.85718393
-0.8595412
-0.8626008
-0.8567148
-0.8570711
-0.8658235
-0.86501706
-0.8610466
-0.86409324
-0.86161333
-0.8583435
-0.8590893
-0.85412544
-0.8561982
-0.86064297
-0.86606634
-0.85895216
-0.8622272
-0.8582044
-0.864447
-0.86279374
-0.8660842
-0.859596
-0.86496896
-0.8580461
-0.85789585
-0.86037415
-0.85889804
-0.860607
-0.8642427
-0.8599366
-0.8659698
-0.86057335
-0.8637349
-0.86641216
-0.8657011
-0.86353785
-0.86451113
-0.861392
-0.8602061
-0.8625127
-0.8628016
-0.85779405
-0.86566687
-0.86408174
-0.8650804
-0.864263
-0.86081296
-0.85694945
-0.86222684
-0.86705595
-0.8705562
-0.85686904
-0.8685637
-0.8644301
-0.86758524
-0.8640414
-0.8607142
-0.8666244
-0.8639831
-0.8616281
-0.8597795
-0.86867654
-0.86159223
-0.8679567
-0.864995
-0.8627986
-0.86630285
-0.8669572
-0.8595355
-0.86918813
-0.8645291
-0.86296624
-0.86823744
-0.852674
-0.8603988
-0.8661292
-0.8602004
-0.8563128
-0.85972637
-0.86313605
-0.8662907
-0.8597411
-0.8610638
-0.8602542
-0.8547588
-0.8626809
-0.86893463
-0.8700731
-0.8662408
-0.8646649
-0.8641871
-0.86617094
-0.8665313
-0.86969715
-0.86304635
-0.862631
-0.86357075
-0.86451805
-0.86246336
-0.86126244
-0.86622065
-0.8579169
-0.86107236
-0.85680264
-0.863647
-0.86279595
-0.86069936
-0.8634896
-0.86361325
-0.86782134
-0.8582628
-0.86039084
-0.8599727
-0.86706394
-0.8595475
-0.85706276
-0.8620593
-0.86295015
-0.85799736
-0.8652966
-0.86010253
-0.86052495
-0.8683155
-0.8639802
-0.8663031
-0.86468196
-0.86576974
-0.8609209
-0.86134154
-0.8535553
-0.8600971
-0.8654996
-0.86441416
-0.86100584
-0.868988
-0.8643767
-0.8663046
-0.8626956
-0.85720694
-0.8611594
-0.8598415
-0.86024904
-0.86363804
-0.860909
-0.86595327
-0.8594837
-0.85342276
-0.8686573
-0.8678343
-0.8631097
-0.86247724
-0.86376876
-0.860183
-0.86694604
-0.8701256
-0.8604321
-0.86664283
-0.86683106
-0.85948944
-0.86365956
-0.8641349
-0.8651623
-0.8669896
-0.8637149
-0.8636229
-0.8611956
-0.8625128
-0.8605911
-0.8668118
-0.8635158
-0.86224604
-0.8652579
-0.8615862
-0.86892825
-0.86159253
-0.8613566
-0.8640034
-0.8593733
-0.8632084
-0.86448383
-0.86188304
-0.86722016
-0.8625352
-0.8621528
-0.856077
-0.86356634
-0.85859126
-0.86613667
-0.8701183
-0.8679644
-0.863047
-0.8672151
-0.8660388
-0.8610873
-0.8628943
-0.86764264
-0.8644179
-0.86434484
-0.86899126
-0.86186945
-0.8660661
-0.8658984
-0.86521983
-0.8627227
-0.86531675
-0.8646047
-0.8669281
-0.86631984
-0.86486065
-0.85884106
-0.86177707
-0.86529523
-0.85034627
-0.86579865
-0.86271024
-0.86364317
-0.8629746
-0.8638517
-0.87238216
-0.8670459
-0.86523414
-0.86081964
-0.8633773
-0.86298275
-0.85556173
-0.8643627
-0.85957146
-0.86207426
-0.8654535
-0.8619127
-0.8628782
-0.86279154
-0.85506463
-0.86405224
-0.869585
-0.858649
-0.8602121
-0.8588556
-0.8613757
-0.8633672
-0.85993165
-0.8617436
-0.87246245
-0.8618707
-0.86874765
-0.8660355
-0.86310655
-0.8609585
-0.86714065
-0.86504006
-0.8639959
-0.86769557
-0.87054145
-0.86311156
-0.8550527
-0.86003816
-0.86667234
-0.85626566
-0.86410403
-0.8629722
-0.86120844
-0.8682026
-0.8654568
-0.8629206
-0.8702786
-0.8635832
-0.8600139
-0.85541594
-0.8649126
-0.8681508
-0.8625239
-0.8657182
-0.86106336
-0.86561936
-0.8661465
-0.85659564
-0.8634017
-0.86416703
-0.8629664
-0.86249274
-0.85844135
-0.85706866
-0.865722
-0.85643727
-0.8611774
-0.8648859
-0.86728054
-0.8562635
-0.86539507
-0.85572404
-0.862682
-0.85800606
-0.85827494
-0.8570017
-0.855242
-0.860908
-0.86797315
-0.8636659
-0.86806625
-0.865702
-0.8644035
-0.8601929
-0.85902625
-0.8601661
-0.87218
-0.8635994
-0.8643462
-0.86807436
-0.85783476
-0.85758764
-0.8589585
-0.8636072
-0.8633521
-0.86260056
-0.8536704
-0.8683072
-0.8621383
-0.8578183
-0.85947394
-0.85971445
-0.86300796
-0.85997576
-0.8673217
-0.86493134
-0.86197555
-0.8693377
-0.8628418
-0.86586386
-0.8655108
-0.86534643
-0.85578465
-0.8665285
-0.8638842
-0.86924505
-0.8642027
-0.8674132
-0.8636713
-0.86181027
-0.86219877
-0.85801
-0.8596631
-0.8683863
-0.86066985
-0.87032515
-0.8645311
-0.87069976
-0.8623307
-0.864079
-0.86113054
-0.862655
-0.86998475
-0.8616732
-0.871599
-0.8616869
-0.86135393
-0.86562103
-0.86247313
-0.8693527
-0.8628592
-0.8608723
-0.8664691
-0.86227804
-0.86172354
-0.86509866
-0.86478895
-0.86595565
-0.86943245
-0.8613425
-0.8619622
-0.86314505
-0.8579012
-0.86252254
-0.8610391
-0.8597564
-0.8654064
-0.8558435
-0.86636096
-0.86445814
-0.85746735
-0.8597817
-0.8668488
-0.87381184
-0.86095077
-0.8633402
-0.86558557
-0.8534481
-0.8625481
-0.8649423
-0.8632772
-0.8597824
-0.85936564
-0.86340815
-0.8617482
-0.86052084
-0.8679744
-0.86696583
-0.8612693
-0.8630944
-0.86042535
-0.85564935
-0.85982996
-0.86435026
-0.86020106
-0.8662147
-0.857979
-0.867167
-0.86054164
-0.8633992
-0.8550602
-0.86186314
-0.86279577
-0.8612757
-0.86838204
-0.861518
-0.8620011
-0.86706865
-0.8611137
-0.8595856
-0.86221546
-0.86376345
-0.8598687
-0.86098415
-0.8570603
-0.86956906
-0.8577141
-0.85500693
-0.8674872
-0.856901
-0.86049527
-0.86417484
-0.86246324
-0.8670839
-0.87164664
-0.8666231
-0.8629562
-0.8721341
-0.86901027
-0.86225045
-0.86442393
-0.8636017
-0.8619263
-0.87384915
-0.86190814
-0.86317223
-0.8668654
-0.8655001
-0.86091495
-0.85637444
-0.8625126
-0.86466885
-0.86846757
-0.86258954
-0.8645186
-0.868447
-0.86682755
-0.8576779
-0.86980903
-0.8711156
-0.85925484
-0.8636947
-0.86908215
-0.861716
-0.86634475
-0.86768234
-0.8565627
-0.85726583
-0.86715424
-0.86909014
-0.8619249
-0.86637926
-0.86683977
-0.8606225
-0.8629083
-0.8602435
-0.8669644
-0.8593254
-0.864442
-0.86619
-0.86452234
-0.86239284
-0.86077833
-0.8642731
-0.8652354
-0.867376
-0.8625985
-0.8633476
-0.86165166
-0.8634304
-0.8612305
-0.86970794
-0.8678119
-0.86721784
-0.86479205
-0.8753538
-0.8535732
-0.86837363
-0.86692065
-0.8703038
-0.8653587
-0.8596942
-0.86720127
-0.8708941
-0.8691725
-0.86686814
-0.8688257
-0.87008595
-0.86623937
-0.8599357
-0.86718106
-0.86858666
-0.85766774
-0.86974716
-0.8706761
-0.8621275
-0.8682619
-0.8584928
-0.8643222
-0.8602641
-0.8616104
-0.8666939
-0.86463976
-0.86787516
-0.8610367
-0.8695082
-0.8623105
-0.8636184
-0.8702876
-0.85957956
-0.8604778
-0.8608985
-0.8648161
-0.8640054
-0.8652797
-0.86895853
-0.8674246
-0.8633496
-0.86158955
-0.8697973
-0.86887383
-0.8703387
-0.8640462
-0.8702124
-0.8675044
-0.8639117
-0.8649221
-0.865623
-0.867647
-0.87195444
-0.8590343
-0.8601773
-0.86054784
-0.857554
-0.8653723
-0.86480975
-0.865426
-0.8571029
-0.8646495
-0.86596507
-0.86428976
-0.86213756
-0.86553335
-0.8665437
-0.8660593
-0.86873055
-0.8646707
-0.8696937
-0.8628845
-0.8611211
-0.86698806
-0.8602678
-0.867603
-0.8713461
-0.8659833
-0.85909194
-0.8633895
-0.8675822
-0.8636467
-0.8633918
-0.861654
-0.863995
-0.86476177
-0.8634083
-0.8719597
-0.8648909
-0.8601518
-0.8626722
-0.86340165
-0.8652251
-0.8630262
-0.8647481
-0.8627648
-0.86791617
-0.8648849
-0.85985506
-0.86021453
-0.8613154
-0.8625326
-0.85605377
-0.86673474
-0.8592637
-0.86070657
-0.8627032
-0.86080515
-0.86057866
-0.86188537
-0.8649295
-0.8659059
-0.86170197
-0.87000275
-0.8666023
-0.8548876
-0.86213726
-0.8601145
-0.86112684
-0.86013335
-0.8629198
-0.8599451
-0.869916
-0.86741567
-0.869666
-0.87013954
-0.86474466
-0.8698238
-0.8585184
-0.8659366
-0.8613471
-0.866732
-0.8664069
-0.86580884
-0.8578389
-0.8672368
-0.86332804
-0.86374635
-0.85551596
-0.8658067
-0.86442167
-0.86546206
-0.8622916
-0.8637779
-0.864631
-0.8690733
-0.8706449
-0.86878175
-0.86031914
-0.86762965
-0.8637207
-0.8601125
-0.86527294
-0.8641892
-0.8603264
-0.8657425
-0.8619514
-0.8632913
-0.86949956
-0.8589307
-0.86677736
-0.85648173
-0.8651729
-0.8631979
-0.865734
-0.8598232
-0.8612589
-0.86277765
-0.85645705
-0.857218
-0.86190575
-0.8615119
-0.86560696
-0.8609773
-0.86668843
-0.85741794
-0.857371
-0.87080467
-0.86101437
-0.86700636
-0.8645695
-0.8586968
-0.8699259
-0.86628217
-0.8723995
-0.8711472
-0.86540264
-0.86296445
-0.8612656
-0.8647574
-0.8693381
-0.8652801
-0.86327827
-0.86489964
-0.870536
-0.8596914
-0.86775357
-0.8678272
-0.86965686
-0.87231135
-0.8542317
-0.85759646
-0.8674842
-0.86727
-0.860326
-0.8667288
-0.8598872
-0.8621447
-0.86979604
-0.85777384
-0.8657206
-0.86068964
-0.86053556
-0.85539913
-0.8678059
-0.8662666
-0.8695445
-0.86134905
-0.869495
-0.8599473
-0.8591704
-0.86728656
-0.86145705
-0.8647516
-0.8654571
-0.8632695
-0.86253726
-0.8611669
-0.87208945
-0.86151755
-0.8633762
-0.86634976
-0.86953324
-0.86784047
-0.85804504
-0.8615624
-0.86662436
-0.86042887
-0.8596465
-0.86596113
-0.8647845
-0.8634207
-0.86825407
-0.8610374
-0.85922605
-0.86235064
-0.8579243
-0.8651924
-0.8675342
-0.86369795
-0.8653548
-0.86349374
-0.8666515
-0.86502475
-0.8633887
-0.8692635
-0.86051565
-0.865761
-0.8647968
-0.867189
-0.8703531
-0.8689531
-0.86235815
-0.86817044
-0.86378247
-0.8611442
-0.86447406
-0.8705764
-0.86728066
-0.8681743
-0.86399305
-0.8608982
-0.8645992
-0.86853373
-0.86433166
-0.86843336
-0.86432546
-0.868773
-0.8718772
-0.86402804
-0.86306834
-0.8564273
-0.86342055
-0.8647904
-0.868956
-0.86380166
-0.86321247
-0.862359
-0.86691177
-0.86128837
-0.8671873
-0.86731285
-0.861803
-0.8634544
-0.8672005
-0.85571283
-0.86806756
-0.85803664
-0.86429244
-0.869695
-0.8668465
-0.8629322
-0.86761314
-0.8633185
-0.86038375
-0.8612436
-0.86230934
-0.8653155
-0.8627272
-0.8637855
-0.8633432
-0.8647224
-0.8719061
-0.86357045
-0.86833256
-0.86559844
-0.8609472
-0.87121975
-0.86457866
-0.8693833
-0.8598951
-0.8633182
-0.8662659
-0.8634356
-0.8667394
-0.8597461
-0.86566985
-0.86131084
-0.8714147
-0.8624848
-0.86461216
-0.87364894
-0.86225075
-0.8662614
-0.86219174
-0.8599911
-0.8657022
-0.8657003
-0.8702932
-0.8662665
-0.8603874
-0.86696315
-0.8673507
-0.8640741
-0.8764288
-0.8687895
-0.86470515
-0.87130105
-0.8650101
-0.86443174
-0.8691495
-0.87192774
-0.87166077
-0.8684269
-0.8703622
-0.8605709
-0.8584007
-0.8668897
-0.86813694
-0.86514306
-0.86164296
-0.8678065
-0.8624691
-0.86477554
-0.8644461
-0.86390257
-0.8729754
-0.86879796
-0.85679275
-0.868206
-0.8653565
-0.87089986
-0.8611514
-0.8604304
-0.86972046
-0.8657107
-0.87152857
-0.86651707
-0.86794484
-0.86049485
-0.864266
-0.8653057
-0.86739343
-0.8728046
-0.86549044
-0.86429214
-0.862443
-0.8609883
-0.8678009
-0.862243
-0.8615706
-0.86493474
-0.86586857
-0.8639746
-0.8533386
-0.8643817
-0.8614123
-0.8619506
-0.8712053
-0.86231744
-0.8707129
-0.8668058
-0.8634309
-0.8602738
-0.866078
-0.86487526
-0.862366
-0.8685601
-0.8710873
-0.8670049
-0.8636977
-0.8651799
-0.8691963
-0.86663187
-0.8648464
-0.86330837
-0.8675492
-0.868622
-0.86718476
-0.8635986
-0.8640133
-0.86737865
-0.8634961
-0.8669158
-0.8674111
-0.8664626
-0.86778605
-0.8703402
-0.8683797
-0.8663814
-0.8701291
-0.86533314
-0.8660338
-0.863988
-0.8659062
-0.86973053
-0.86589116
-0.8694932
-0.8722677
-0.86864465
-0.8631624
-0.8634659
-0.8696243
-0.86644554
-0.86682034
-0.8708906
-0.8621027
-0.86807644
-0.8624242
-0.8713471
-0.8678652
-0.866406
-0.8670046
-0.86821085
-0.86618257
-0.8630301
-0.87139523
-0.873079
-0.8655096
-0.8625182
-0.8612184
-0.8657389
-0.86048484
-0.85916007
-0.8649404
-0.8723037
-0.8692691
-0.87154377
-0.8651213
-0.86266494
-0.85633475
-0.86548555
-0.86286056
-0.87156504
-0.8654285
-0.86729664
-0.86734736
-0.8630695
-0.8616315
-0.8680975
-0.8625749
-0.8657795
-0.8646878
-0.86338663
-0.86834383
-0.86871666
-0.86406666
-0.871898
-0.86784476
-0.86691415
-0.86529815
-0.86371964
-0.86441284
-0.8668383
-0.86824757
-0.8656317
-0.8698492
-0.857581
-0.86546934
-0.8579921
-0.8647949
-0.8730281
-0.8616914
-0.8705794
-0.855865
-0.86303866
-0.8676057
-0.86660326
-0.8699003
-0.8707075
-0.8686036
-0.86423254
-0.85981584
-0.86864567
-0.86799085
-0.8686587
-0.86244035
-0.86907965
-0.8600461
-0.86797804
-0.86796784
-0.871274
-0.86264586
-0.8603945
-0.86784595
-0.8671825
-0.8680106
-0.86975616
-0.8672131
-0.8676329
-0.87174296
-0.8659598
-0.8688314
-0.8690028
-0.8659227
-0.86915976
-0.8623152
-0.86103773
-0.8679658
-0.86579233
-0.86600024
-0.86756474
-0.8684107
-0.8602821
-0.86543524
-0.8688265
-0.8671028
-0.8652901
-0.8623867
-0.86738694
-0.85959756
-0.8648922
-0.86297935
-0.8693349
-0.87094986
-0.8723542
-0.8694402
-0.86676073
-0.8622007
-0.8667859
-0.866968
-0.86517763
-0.86562693
-0.8582793
-0.8594559
-0.86486816
-0.8646049
-0.867103
-0.87072396
-0.867859
-0.8699569
-0.8673911
-0.86998504
-0.867905
-0.87051105
-0.8670862
-0.8631975
-0.87078345
-0.8660564
-0.86371994
-0.86575925
-0.8653255
-0.87053186
-0.8669157
-0.86004
-0.8713926
-0.861802
-0.86156434
-0.8635169
-0.8623256
-0.857965
-0.86301243
-0.8655452
-0.8684612
-0.8659934
-0.86529905
-0.8650955
-0.8688321
-0.86837286
-0.86773515
-0.86996937
-0.8577951
-0.8700735
-0.86636114
-0.8703211
-0.8680232
-0.87009144
-0.8700745
-0.86742395
-0.8682195
-0.86865103
-0.868576
-0.867978
-0.8662635
-0.8692197
-0.86427975
-0.86320484
-0.8709654
-0.8649949
-0.86842364
-0.85947675
-0.86654615
-0.8670769
-0.8673722
-0.8731094
-0.87220174
-0.86823076
-0.8730674
-0.8613246
-0.86572963
-0.86411184
-0.8613608
-0.86927646
-0.86120987
-0.8671891
-0.87100893
-0.87029034
-0.868629
-0.8674584
-0.86342245
-0.86575025
-0.871311
-0.86978966
-0.8653783
-0.87099606
-0.86317146
-0.8715063
-0.86275023
-0.8643686
-0.8643054
-0.87106705
-0.8641629
-0.8703523
-0.866026
-0.8637728
-0.87091655
-0.8634541
-0.86434245
-0.8648916
-0.8691423
-0.8666857
-0.87001324
-0.86673266
-0.8644017
-0.8666795
-0.8684735
-0.86881876
-0.86838484
-0.86828816
-0.8689816
-0.8696498
-0.8686844
-0.8656873
-0.86355466
-0.86392206
-0.8637602
-0.86269504
-0.8686173
-0.86655086
-0.86817265
-0.8565435
-0.86758256
-0.86907524
-0.8655497
-0.86219114
-0.8677827
-0.86528885
-0.8701195
-0.87170196
-0.8624485
-0.864938
-0.868137
-0.8656124
-0.8666863
-0.8637871
-0.8692946
-0.86033
-0.8669439
-0.8647784
-0.86694354
-0.87241876
-0.8622006
-0.8640066
-0.8708173
-0.8676285
-0.8728444
-0.8666656
-0.86441463
-0.8676039
-0.86761767
-0.8720582
-0.86853665
-0.87170136
-0.86728907
-0.8658363
-0.86687964
-0.8649652
-0.8639268
-0.86949784
-0.86622155
-0.86700594
-0.8675164
-0.8668601
-0.87119275
-0.8656741
-0.86540514
-0.8681215
-0.8619369
-0.8625576
-0.86859334
-0.8722785
-0.8641084
-0.8691146
-0.8698558
-0.8620325
-0.86185044
-0.865282
-0.86338216
-0.8672675
-0.8711515
-0.86478
-0.8602596
-0.86753666
-0.87029177
-0.8733435
-0.8651323
-0.86354774
-0.87005615
-0.86753184
-0.85930014
-0.8642137
-0.8687781
-0.8621595
-0.868426
-0.86432445
-0.8656894
-0.8690157
-0.86513335
-0.86416453
-0.86457103
-0.86282355
-0.8639562
-0.8675549
-0.86391234
-0.8617487
-0.8689188
-0.8691451
-0.8644404
-0.86500925
-0.86796296
-0.8635073
-0.8590338
-0.8715038
-0.8671218
-0.8645977
-0.8683623
-0.8603247
-0.8655751
-0.86064196
-0.86557204
-0.8654818
-0.8578866
-0.87043375
-0.86506176
-0.86091083
-0.8683432
-0.86476976
-0.86838406
-0.86662596
-0.86174786
-0.85878235
-0.8673202
-0.87024045
-0.8706451
-0.86866075
-0.8652363
-0.8654098
-0.8613838
-0.87160116
-0.8677486
-0.866318
-0.86461
-0.87501246
-0.8694152
-0.8599076
-0.8694231
-0.8704694
-0.87100613
-0.8679915
-0.87118506
-0.87251234
-0.86812013
-0.86886877
-0.8640015
-0.86895686
-0.8634438
-0.87192714
-0.87005347
-0.8605115
-0.8718848
-0.8686174
-0.8656501
-0.87088495
-0.8731815
-0.8663981
-0.86642385
-0.86688316
-0.8667321
-0.86309695
-0.86760736
-0.8672547
-0.86097723
-0.87006104
-0.86486614
-0.8683132
-0.8678077
-0.8729928
-0.86890185
-0.86463785
-0.8641741
-0.86576605
-0.86876696
-0.86050004
-0.8601981
-0.86607397
-0.86808693
-0.86342335
-0.86952287
-0.86803585
-0.8611098
-0.859232
-0.85776806
-0.8668226
-0.86610013
-0.8621143
-0.86296904
-0.86053604
-0.8617068
-0.85832894
-0.86257726
-0.86146563
-0.86407435
-0.86504245
-0.86181813
-0.8669392
-0.861609
-0.86478746
-0.8650561
