-0.51295507
-0.52240276
-0.5167873
-0.5146426
-0.52803475
-0.52638423
-0.52921265
-0.5444246
-0.52683216
-0.54105604
-0.54930437
-0.5408909
-0.5317689
-0.546558
-0.54806775
-0.5418165
-0.5405364
-0.5401505
-0.55713445
-0.5531653
-0.552537
-0.5538586
-0.55359876
-0.54906815
-0.5736806
-0.5697146
-0.56693137
-0.57080585
-0.565904
-0.56719387
-0.5686682
-0.57223165
-0.5705693
-0.5755145
-0.5724609
-0.5744946
-0.57962847
-0.58517545
-0.575387
-0.59785664
-0.59953624
-0.59503734
-0.5817793
-0.5972008
-0.59718305
-0.6057013
-0.60148036
-0.6048035
-0.62199783
-0.6090231
-0.60930526
-0.6017655
-0.61462337
-0.6024688
-0.6184778
-0.6150099
-0.605637
-0.60895264
-0.60418695
-0.61539066
-0.6135571
-0.6217165
-0.6102077
-0.6244623
-0.6227835
-0.6188178
-0.62069446
-0.6382118
-0.63248754
-0.61289257
-0.62600607
-0.62039447
-0.6198059
-0.6311443
-0.63541317
-0.6342812
-0.6307246
-0.61969066
-0.62078893
-0.61752546
-0.6306466
-0.63078386
-0.6279152
-0.6327054
-0.62653506
-0.6383037
-0.6268314
-0.6325742
-0.6203642
-0.6372043
-0.6388589
-0.62163484
-0.63189787
-0.64145154
-0.6358241
-0.62315696
-0.62890023
-0.645729
-0.629756
-0.6354966
-0.63912624
-0.6233722
-0.6318382
-0.64182496
-0.6373982
-0.631964
-0.62714785
-0.63518614
-0.6367033
-0.63974565
-0.6403289
-0.64872783
-0.6312059
-0.62945104
-0.6255448
-0.6442019
-0.6329178
-0.6351032
-0.6442875
-0.6390609
-0.6533804
-0.63660586
-0.6342165
-0.6445072
-0.6451595
-0.6423942
-0.63329816
-0.63276607
-0.64821523
-0.6367114
-0.6293218
-0.6346456
-0.64463377
-0.6479454
-0.63472533
-0.62671274
-0.6445471
-0.6301192
-0.6383737
-0.6494779
-0.635022
-0.6472793
-0.64097726
-0.64843315
-0.6357549
-0.64187145
-0.64355344
-0.644936
-0.64796495
-0.64486873
-0.6428005
-0.6517028
-0.6341025
-0.64470637
-0.63684833
-0.6515227
-0.6359477
-0.6462236
-0.6579263
-0.64275646
-0.6571386
-0.6485186
-0.6457098
-0.644728
-0.6415399
-0.6398544
-0.65137434
-0.64772546
-0.6476761
-0.63214135
-0.6504632
-0.66204685
-0.6613207
-0.637289
-0.64853084
-0.65626943
-0.6493526
-0.6489551
-0.65781754
-0.6586876
-0.6569409
-0.638133
-0.6619729
-0.6485125
-0.6565949
-0.655131
-0.6479208
-0.65370876
-0.65650076
-0.6529678
-0.6571682
-0.66289806
-0.6582122
-0.648234
-0.6528621
-0.6509332
-0.65195626
-0.6627624
-0.65677327
-0.6557968
-0.6606172
-0.64874184
-0.65443736
-0.6514478
-0.6644071
-0.6605621
-0.6716814
-0.6524048
-0.6657027
-0.66042256
-0.6431202
-0.6638893
-0.65117854
-0.660209
-0.6676097
-0.66182333
-0.66414684
-0.6718318
-0.6688767
-0.667743
-0.64563483
-0.6629179
-0.6619637
-0.6632814
-0.66534287
-0.66053075
-0.6538508
-0.6708304
-0.66052103
-0.6519971
-0.67157686
-0.6656032
-0.65425384
-0.665295
-0.6675409
-0.65183836
-0.6680301
-0.6737999
-0.6748465
-0.66562754
-0.6726016
-0.6716234
-0.6851156
-0.6704562
-0.66955215
-0.67485
-0.6702315
-0.6690567
-0.6745257
-0.6742379
-0.66969776
-0.6621261
-0.67171997
-0.66849154
-0.6717607
-0.6693992
-0.6689385
-0.6681585
-0.6766807
-0.6725773
-0.67351526
-0.6849008
-0.6738635
-0.67094046
-0.6648907
-0.6683704
-0.66601187
-0.67525864
-0.67555225
-0.66667676
-0.6787609
-0.6773032
-0.6641566
-0.6727782
-0.67201704
-0.6769049
-0.674727
-0.68010056
-0.6705595
-0.68335176
-0.671231
-0.6692331
-0.6734146
-0.68594664
-0.6698533
-0.67445505
-0.6776971
-0.6605712
-0.6778274
-0.6841618
-0.68967706
-0.67727095
-0.67007273
-0.6890347
-0.6754477
-0.6705723
-0.6802313
-0.6770195
-0.68281704
-0.68132585
-0.6800321
-0.67503357
-0.6839131
-0.6779483
-0.67434514
-0.68377423
-0.6688334
-0.6753453
-0.6835912
-0.69386685
-0.69065166
-0.6776465
-0.68485457
-0.69547975
-0.69514537
-0.68022513
-0.6870706
-0.6938788
-0.6935033
-0.67719907
-0.691906
-0.6873705
-0.69783413
-0.6963444
-0.679506
-0.6864054
-0.69394714
-0.6950767
-0.68622816
-0.6825913
-0.687985
-0.68924916
-0.68009645
-0.68119484
-0.69543886
-0.679032
-0.6842698
-0.6910723
-0.6898301
-0.6862501
-0.6965994
-0.6900974
-0.694903
-0.69223964
-0.68765277
-0.68634754
-0.68372136
-0.70240647
-0.6946819
-0.6895469
-0.69611526
-0.692596
-0.693588
-0.68437743
-0.6915957
-0.6906668
-0.68533987
-0.6905361
-0.696149
-0.69983643
-0.68109256
-0.69974077
-0.70356905
-0.69746363
-0.6992648
-0.6976893
-0.6886328
-0.7014611
-0.70000684
-0.68939215
-0.70209783
-0.7045185
-0.69377905
-0.6933712
-0.6993873
-0.6917566
-0.6964146
-0.69411963
-0.6959199
-0.6934952
-0.69819057
-0.695792
-0.6974135
-0.69738203
-0.70130414
-0.6958382
-0.7075829
-0.70040274
-0.7018558
-0.7046114
-0.6954035
-0.7099146
-0.7085891
-0.6995671
-0.70747167
-0.7021372
-0.69892645
-0.70262563
-0.69761777
-0.71547484
-0.7102317
-0.6987139
-0.70523
-0.70464385
-0.69718766
-0.6984088
-0.70540345
-0.7041878
-0.7057251
-0.6902288
-0.703705
-0.70510405
-0.7082729
-0.7050253
-0.7099459
-0.70458525
-0.6952963
-0.69127446
-0.70920163
-0.707935
-0.7065737
-0.70987594
-0.69888866
-0.71315527
-0.7056314
-0.7109809
-0.7132479
-0.69420934
-0.7119539
-0.702987
-0.7096274
-0.70048004
-0.69998336
-0.7053995
-0.7078287
-0.7224374
-0.7016083
-0.7100877
-0.7100868
-0.7094794
-0.7093311
-0.7060265
-0.70947826
-0.70750314
-0.7018261
-0.7154315
-0.7171394
-0.70533013
-0.71213496
-0.70644385
-0.7030316
-0.7184958
-0.72025377
-0.70072156
-0.7223345
-0.7065022
-0.72102594
-0.71767575
-0.705829
-0.70954645
-0.71272457
-0.6964964
-0.7214199
-0.7083833
-0.7200897
-0.7105738
-0.71276504
-0.71859753
-0.71510553
-0.7096078
-0.7117357
-0.715772
-0.7154119
-0.70926005
-0.7223459
-0.7105453
-0.7019837
-0.7075078
-0.7212999
-0.7135312
-0.7123968
-0.7212134
-0.71955997
-0.7071289
-0.72870094
-0.71496016
-0.71487826
-0.72364706
-0.7239471
-0.7208123
-0.70344096
-0.7205576
-0.7133596
-0.7129311
-0.7206885
-0.71005917
-0.71622723
-0.72467417
-0.7064427
-0.72659475
-0.7162563
-0.7224268
-0.7170402
-0.72230756
-0.72739667
-0.7306001
-0.72360724
-0.7294857
-0.7274398
-0.7206931
-0.72703505
-0.72539437
-0.7159103
-0.7147713
-0.72650594
-0.7213648
-0.7199707
-0.7207199
-0.71977955
-0.7223599
-0.7201819
-0.72664857
-0.72484595
-0.72815466
-0.72533524
-0.7269287
-0.728449
-0.7255752
-0.7276225
-0.72345406
-0.7277563
-0.7114367
-0.71976054
-0.7282804
-0.73288333
-0.7341041
-0.7227387
-0.71740264
-0.72975147
-0.7292693
-0.72713864
-0.7270952
-0.72992307
-0.7153604
-0.7376701
-0.729725
-0.7342011
-0.7316749
-0.7257327
-0.7315546
-0.72050947
-0.7349384
-0.73701686
-0.7281899
-0.72530335
-0.7354594
-0.72926795
-0.7276053
-0.7368995
-0.7227128
-0.7437418
-0.73003024
-0.73304814
-0.7371156
-0.73544073
-0.72879845
-0.73064643
-0.7306073
-0.7336646
-0.7260706
-0.7305372
-0.735866
-0.73056984
-0.7383459
-0.7304767
-0.73341197
-0.72499746
-0.7282229
-0.73391944
-0.72791976
-0.7263539
-0.7279481
-0.7355898
-0.73132837
-0.7412176
-0.7328291
-0.7433016
-0.7298941
-0.74298507
-0.72995496
-0.73474413
-0.74645495
-0.7304669
-0.7298529
-0.7309918
-0.74157506
-0.73528355
-0.72916824
-0.7419376
-0.73738253
-0.7327868
-0.7344692
-0.7533741
-0.73545164
-0.7376273
-0.73973304
-0.7324686
-0.7363562
-0.7339661
-0.73450476
-0.7458289
-0.7414929
-0.733313
-0.73852175
-0.73874617
-0.745852
-0.7396223
-0.7359481
-0.73967505
-0.7396633
-0.7345643
-0.7310966
-0.74244225
-0.7287794
-0.7344262
-0.7303562
-0.7417394
-0.7354089
-0.7326944
-0.7315398
-0.74112225
-0.74638915
-0.7366328
-0.7491477
-0.7402315
-0.7432072
-0.7438545
-0.7465714
-0.7513582
-0.7435943
-0.74696964
-0.7378456
-0.7517894
-0.7454832
-0.7457751
-0.7441527
-0.7384274
-0.7421448
-0.73706365
-0.7386544
-0.747159
-0.7378641
-0.7441197
-0.75647324
-0.74435824
-0.74319977
-0.7370166
-0.7488767
-0.74276316
-0.7431816
-0.7471088
-0.74049944
-0.7394834
-0.74189717
-0.74504095
-0.7499161
-0.75005084
-0.738084
-0.7473928
-0.7534329
-0.74847865
-0.74517065
-0.7523673
-0.7332513
-0.74708533
-0.75374246
-0.74948585
-0.7482681
-0.7548103
-0.742031
-0.7477337
-0.752907
-0.74634695
-0.74493796
-0.7523167
-0.75078005
-0.74618345
-0.7453068
-0.74317944
-0.75935787
-0.7534884
-0.743311
-0.7510296
-0.74875027
-0.7423763
-0.7501778
-0.7514188
-0.74887246
-0.7508735
-0.7518794
-0.75189734
-0.7499918
-0.7555319
-0.74952805
-0.748073
-0.75456756
-0.75047684
-0.7567346
-0.7507052
-0.75623107
-0.74607545
-0.75173235
-0.75412565
-0.7407417
-0.74017763
-0.7497026
-0.7414144
-0.7448138
-0.7545375
-0.74792653
-0.7430955
-0.74768394
-0.740467
-0.7479198
-0.7477971
-0.7481081
-0.7544227
-0.7438399
-0.7523525
-0.7655779
-0.7533019
-0.75446796
-0.7449336
-0.7507135
-0.7469005
-0.7435955
-0.7433743
-0.7459705
-0.75228035
-0.75029325
-0.75373894
-0.7530414
-0.7530265
-0.7568956
-0.7515886
-0.74478036
-0.751121
-0.7515604
-0.75431323
-0.75304663
-0.7555265
-0.7466272
-0.74945784
-0.7528323
-0.74907184
-0.74882114
-0.7495379
-0.7526153
-0.7489099
-0.74875087
-0.74870825
-0.7577185
-0.7484238
-0.75215435
-0.74402297
-0.7548342
-0.7557878
-0.75405777
-0.7557601
-0.7478728
-0.74407655
-0.7480161
-0.7545269
-0.75045574
-0.746055
-0.753853
-0.754265
-0.7424149
-0.7495459
-0.7577211
-0.7551757
-0.7540695
-0.7572388
-0.75179255
-0.75690603
-0.75907147
-0.7519304
-0.7584189
-0.7531116
-0.7538032
-0.75631297
-0.74389964
-0.7544977
-0.75915504
-0.7557701
-0.75406116
-0.7603592
-0.7422915
-0.76612294
-0.7526613
-0.75256115
-0.7559314
-0.75635284
-0.75614965
-0.7573392
-0.7455235
-0.74375683
-0.75818473
-0.7484491
-0.7608547
-0.7476635
-0.7614271
-0.7621707
-0.7638044
-0.75711817
-0.75452197
-0.7627508
-0.7527811
-0.757622
-0.7549199
-0.75189906
-0.7574537
-0.75101966
-0.7598416
-0.7582116
-0.76466954
-0.74411905
-0.76044756
-0.75445575
-0.7536887
-0.7595246
-0.74844944
-0.7546981
-0.7612158
-0.7493835
-0.7658396
-0.7561055
-0.7540437
-0.7541189
-0.749236
-0.7559293
-0.75365615
-0.7567074
-0.7633579
-0.7648546
-0.75485915
-0.7515147
-0.74335897
-0.7513865
-0.7572182
-0.74815685
-0.75342625
-0.7484969
-0.761603
-0.7581339
-0.749788
-0.7509399
-0.7608603
-0.7551106
-0.749804
-0.7473626
-0.76035464
-0.75532424
-0.75854653
-0.7585516
-0.74850225
-0.7553491
-0.7534554
-0.7529182
-0.7431436
-0.757736
-0.7584749
-0.76208466
-0.76402384
-0.7601488
-0.7551577
-0.7622436
-0.7617389
-0.75639194
-0.7625721
-0.7573513
-0.7568089
-0.76371974
-0.76333994
-0.75542283
-0.7564726
-0.75032884
-0.75439864
-0.76012284
-0.7566971
-0.7638655
-0.75590634
-0.75958574
-0.75437
-0.7646878
-0.7557606
-0.7617291
-0.76279277
-0.7549756
-0.75378615
-0.7533521
-0.76698065
-0.7622158
-0.7565868
-0.7575354
-0.76278913
-0.75062275
-0.7537535
-0.7562297
-0.74214077
-0.75474083
-0.7535179
-0.7562289
-0.76229537
-0.7654118
-0.7596094
-0.7602209
-0.7606743
-0.7612682
-0.7564614
-0.7525193
-0.7469363
-0.7563063
-0.7581657
-0.7695344
-0.7559642
-0.75537616
-0.7644588
-0.7664088
-0.76276726
-0.7518931
-0.75242925
-0.76222825
-0.7592875
-0.76200205
-0.7574878
-0.76297927
-0.75800693
-0.75594956
-0.76703745
-0.7542526
-0.7631771
-0.76253474
-0.7576456
-0.75594866
-0.7642635
-0.758446
-0.76009494
-0.76120174
-0.76499176
-0.76405907
-0.7598834
-0.76066685
-0.76579595
-0.7641299
-0.7635377
-0.75975204
-0.7689543
-0.7600509
-0.7668786
-0.7692807
-0.76332355
-0.7634655
-0.766167
-0.76646656
-0.7676215
-0.7738467
-0.75598246
-0.7619698
-0.76505005
-0.75942093
-0.7597039
-0.75358635
-0.766043
-0.75516784
-0.7614328
-0.76202935
-0.7634991
-0.75776404
-0.7689463
-0.76932496
-0.7533484
-0.7654583
-0.75915104
-0.76666206
-0.7599504
-0.75825
-0.76099336
-0.7681548
-0.7632478
-0.75813687
-0.7702978
-0.7643946
-0.7655039
-0.7608039
-0.7666492
-0.7538491
-0.7693431
-0.7755541
-0.7636953
