-0.7080155
-0.71474683
-0.69293493
-0.706756
-0.70028
-0.725172
-0.7170729
-0.72609884
-0.73035973
-0.7174629
-0.73123705
-0.72893286
-0.7261054
-0.72144413
-0.7387993
-0.7354585
-0.7370975
-0.7393547
-0.74295485
-0.73817825
-0.7413006
-0.7428027
-0.74909705
-0.74939644
-0.7486915
-0.7550832
-0.7596169
-0.7699763
-0.7786542
-0.7612969
-0.7730805
-0.772949
-0.7796172
-0.7725633
-0.7803047
-0.7765532
-0.78833747
-0.781481
-0.7885
-0.7928964
-0.8033767
-0.7889622
-0.8099995
-0.8164014
-0.8038894
-0.7981037
-0.8242928
-0.82663596
-0.8256445
-0.8239949
-0.83877593
-0.83510804
-0.8318448
-0.8542126
-0.8542884
-0.8665749
-0.85358316
-0.8715971
-0.87131095
-0.87893045
-0.89360684
-0.8930008
-0.89676374
-0.8976267
-0.90702486
-0.9071011
-0.9078611
-0.9202375
-0.9240653
-0.9249094
-0.93121874
-0.9349365
-0.93607104
-0.9342852
-0.93207943
-0.934789
-0.93284756
-0.9288674
-0.93720484
-0.940929
-0.9393194
-0.9347049
-0.9396786
-0.94623095
-0.9377076
-0.9338921
-0.9396518
-0.93715847
-0.93611705
-0.9417895
-0.93705636
-0.93766326
-0.9421857
-0.9422712
-0.9446683
-0.9374369
-0.9487042
-0.93992776
-0.9461008
-0.9474389
-0.93921995
-0.93900996
-0.94174325
-0.9450035
-0.9469586
-0.94556344
-0.9462047
-0.9402856
-0.9433253
-0.9482864
-0.9457708
-0.94529736
-0.94871825
-0.9483427
-0.9410614
-0.94536835
-0.9517823
-0.9521767
-0.95156664
-0.9532283
-0.95024145
-0.9511654
-0.94969565
-0.9519304
-0.9475757
-0.9546918
-0.96028984
-0.95583045
-0.9540178
-0.95613664
-0.9567257
-0.9546897
-0.95749676
-0.95715135
-0.9576647
-0.9590511
-0.95725816
-0.95638263
-0.95593554
-0.96284646
-0.9573153
-0.9611979
-0.9586146
-0.95961213
-0.9599345
-0.96224576
-0.9618605
-0.9613808
-0.96254456
-0.9599439
-0.96372575
-0.9638039
-0.96327734
-0.965221
-0.96086776
-0.9640094
-0.96452934
-0.96538615
-0.9621217
-0.9699181
-0.95986074
-0.9652144
-0.96587497
-0.9651335
-0.9639761
-0.9671986
-0.9648116
-0.9646517
-0.9675909
-0.96512514
-0.9663147
-0.96893024
-0.97112375
-0.96734977
-0.9657595
-0.9673249
-0.96936166
-0.9675376
-0.96744734
-0.969146
-0.9695827
-0.9680871
-0.9693741
-0.9683785
-0.968271
-0.97142583
-0.9698224
-0.9674154
-0.9699086
-0.96713716
-0.9703898
-0.97097903
-0.97152287
-0.9688922
-0.9713779
-0.9716081
-0.97292304
-0.9717262
-0.9694551
-0.9672612
-0.97071725
-0.97290117
-0.9723264
-0.97141963
-0.9704611
-0.97103363
-0.97177327
-0.97158843
-0.9704447
-0.9743075
-0.9693958
-0.9703273
-0.9735965
-0.97244227
-0.9731649
-0.97481495
-0.97100306
-0.97114646
-0.97270936
-0.971167
-0.9740336
-0.9744537
-0.97360015
-0.9734169
-0.9732283
-0.97495407
-0.9762309
-0.97473794
-0.97465265
-0.9742633
-0.9758251
-0.97345984
-0.9748668
-0.973284
-0.9765679
-0.97609264
-0.975729
-0.97405124
-0.9767963
-0.9747444
-0.9773105
-0.9743088
-0.9785438
-0.9763488
-0.97652346
-0.9785579
-0.97829366
-0.97600555
-0.9776594
-0.97926396
-0.97935385
-0.9793662
-0.97808236
-0.98011506
-0.9792119
-0.9768973
-0.97802204
-0.97919625
-0.9794957
-0.9782933
-0.97974277
-0.97943175
-0.97664595
-0.98007834
-0.979733
-0.97991765
-0.9803149
-0.98167366
-0.97896236
-0.97936434
-0.97933686
-0.9798873
-0.9796013
-0.98148954
-0.98127866
-0.9822424
-0.98124534
-0.9823462
-0.98054385
-0.9816361
-0.98122025
-0.9811408
-0.98257375
-0.9826542
-0.9823617
-0.9821329
-0.9832142
-0.98132473
-0.9830461
-0.98354024
-0.9834643
-0.9832619
-0.9821373
-0.98344636
-0.983633
-0.98292035
-0.9846197
-0.98384726
-0.9838042
-0.9830834
-0.9842318
-0.9847589
-0.9840889
-0.98514265
-0.9846142
-0.98539233
-0.9846142
-0.9854608
-0.9869405
-0.985163
-0.9871913
-0.9866814
-0.98628527
-0.9872604
-0.9873099
-0.98703784
-0.98779076
-0.9877164
-0.9887143
-0.9878915
-0.9890724
-0.98866564
-0.98831207
-0.9896186
-0.9885685
-0.9886444
-0.98915637
-0.9893352
-0.98983955
-0.98907024
-0.9900497
-0.9901021
-0.9901206
-0.99082
-0.99027896
-0.9905122
-0.9901114
-0.99075854
-0.9911996
-0.99176973
-0.99154234
-0.99189395
-0.9922361
-0.99157065
-0.99159104
-0.99172944
-0.9922559
-0.99195844
-0.99176556
-0.992228
-0.9921643
-0.9927092
-0.9932102
-0.9928623
-0.99232125
-0.99321246
-0.99370867
-0.99352175
-0.9935981
-0.9941304
-0.9941153
-0.9934934
-0.99368
-0.9942127
-0.9936651
-0.99424905
-0.99446464
-0.99417025
-0.9951994
-0.99459434
-0.9950258
-0.9947148
-0.9949521
-0.99500185
-0.9952767
-0.9953045
-0.9951345
-0.9952363
-0.99566734
-0.9955227
-0.9957578
-0.99572194
-0.99584347
-0.99588525
-0.9957951
-0.9957709
-0.9955226
-0.99581105
-0.99589264
-0.9959059
-0.99579537
-0.9957572
-0.99600726
-0.9962783
-0.9962215
-0.99613136
-0.99602854
-0.99666137
-0.9962144
-0.9964279
-0.996428
-0.9965478
-0.9961513
-0.99649346
-0.99640083
-0.9965921
-0.9965419
-0.9966821
-0.99664867
-0.9966927
-0.9965291
-0.9969766
-0.99665534
-0.99659204
-0.9969138
-0.9967718
-0.9969091
-0.99722505
-0.99692833
-0.997215
-0.99686205
-0.99701476
-0.99724066
-0.99710715
-0.99728924
-0.997017
-0.9972639
-0.9971815
-0.99694794
-0.9969652
-0.9971476
-0.99720746
-0.9973317
-0.9972112
-0.99710524
-0.99737734
-0.99757385
-0.9973419
-0.9972633
-0.997227
-0.9971156
-0.99703175
-0.9972952
-0.99730146
-0.9974332
-0.9974042
-0.9972695
-0.99724805
-0.9973238
-0.9972795
-0.99736845
-0.99739623
-0.9975763
-0.99734926
-0.9974498
-0.9975272
-0.99750626
-0.99765843
-0.9976798
-0.9976637
-0.9972652
-0.99751484
-0.99766254
-0.99746126
-0.9976977
-0.99736965
-0.99729306
-0.9976601
-0.9976366
-0.997659
-0.99745244
-0.9975411
-0.99761057
-0.9974244
-0.99744797
-0.997568
-0.9973284
-0.99756825
-0.99765646
-0.9976214
-0.9976482
-0.99740624
-0.9976252
-0.99765486
-0.9977285
-0.99743277
-0.9975194
-0.9976205
-0.9976966
-0.99769855
-0.99747443
-0.9977738
-0.99769163
-0.99769753
-0.99763644
-0.99773926
-0.9977255
-0.9976764
-0.9975651
-0.9976385
-0.9975885
-0.9975236
-0.99785453
-0.997771
-0.99769485
-0.9977943
-0.9976549
-0.99774545
-0.99784297
-0.99771225
-0.9978068
-0.9977405
-0.9979666
-0.99780256
-0.9977365
-0.9977418
-0.99781144
-0.99767256
-0.9977947
-0.99769944
-0.99781716
-0.99782836
-0.9975982
-0.99781877
-0.997968
-0.997826
-0.99774104
-0.9977887
-0.9977678
-0.9978286
-0.9977544
-0.99782085
-0.99788207
-0.99783176
-0.99798465
-0.9978774
-0.9978873
-0.99783516
-0.997787
-0.9978995
-0.9979357
-0.9976726
-0.99792624
-0.9979882
-0.99773794
-0.99789643
-0.99792665
-0.99791294
-0.9979172
-0.99800974
-0.99782366
-0.9979067
-0.9979047
-0.9978902
-0.99779576
-0.9978555
-0.99802417
-0.99784267
-0.99774784
-0.9978505
-0.997896
-0.9978706
-0.9976678
-0.99788886
-0.9976955
-0.997936
-0.9979254
-0.9979816
-0.9978761
-0.9978797
-0.9981109
-0.9978383
-0.99793875
-0.99803084
-0.9979969
-0.9979952
-0.9978774
-0.9979202
-0.9979647
-0.9979131
-0.99792826
-0.9980181
-0.99778557
-0.9978854
-0.9980753
-0.9978471
-0.9980386
-0.9979464
-0.99807835
-0.9979051
-0.9980213
-0.99779445
-0.9978777
-0.9979093
-0.9979944
-0.9979134
-0.9979181
-0.99793947
-0.9978785
-0.997971
-0.9978584
-0.9976492
-0.9977348
-0.9980303
-0.9978723
-0.9979866
-0.9979427
-0.99797475
-0.99788487
-0.9980389
-0.9979012
-0.9980497
-0.99812514
-0.9979406
-0.99777323
-0.9980656
-0.99783736
-0.99788284
-0.9979935
-0.9979937
-0.9978413
-0.99773365
-0.9979765
-0.9981261
-0.9979983
-0.99786186
-0.9980132
-0.99790996
-0.99806464
-0.99802506
-0.99802256
-0.9980926
-0.99799573
-0.99797475
-0.9978641
-0.99806803
-0.9978302
-0.9978737
-0.9980052
-0.9979406
-0.9978935
-0.9979925
-0.9979635
-0.9980282
-0.9979906
-0.99805367
-0.99801445
-0.99809974
-0.99791735
-0.9980153
-0.99791384
-0.998068
-0.99787015
-0.9979319
-0.9979243
-0.9979531
-0.9978858
-0.99795663
-0.99815637
-0.9980388
-0.9979418
-0.99795836
-0.9979499
-0.9979748
-0.9980041
-0.9978652
-0.9980429
-0.99793184
-0.99798125
-0.99801356
-0.9979975
-0.9980733
-0.9979089
-0.99803567
-0.9980468
-0.99807703
-0.99813956
-0.9982525
-0.99801236
-0.9980454
-0.9981673
-0.9980498
-0.998081
-0.99813646
-0.9980887
-0.99811244
-0.99798787
-0.9980736
-0.997966
-0.9980349
-0.9980689
-0.99806607
-0.9980169
-0.99803376
-0.9980524
-0.9981673
-0.9980467
-0.9979096
-0.9981594
-0.99786615
-0.9977524
-0.9980554
-0.99810827
-0.99805963
-0.9982467
-0.99806833
-0.9979755
-0.99818623
-0.9980352
-0.99797666
-0.9980907
-0.9979353
-0.9980041
-0.9980452
-0.9980397
-0.99807495
-0.9980226
-0.99818105
-0.9981445
-0.9981763
-0.9981129
-0.9981438
-0.99818754
-0.9980788
-0.99809825
-0.99787784
-0.9981905
-0.99810964
-0.9981428
-0.9980979
-0.998254
-0.99798614
-0.9981474
-0.9981761
-0.99816746
-0.9979808
-0.99797446
-0.998179
-0.9980191
-0.99809587
-0.9979691
-0.99818933
-0.99808025
-0.9981654
-0.9979465
-0.998189
-0.99808526
-0.9981744
-0.99799424
-0.9980611
-0.9980328
-0.99818766
-0.997977
-0.9980382
-0.9979453
-0.9981056
-0.9979358
-0.9980993
-0.99822617
-0.9980863
-0.9979311
-0.9979358
-0.99808747
-0.9979252
-0.99805665
-0.99814475
-0.99791294
-0.9980192
-0.9979916
-0.99805325
-0.99805456
-0.9981374
-0.99813867
-0.9980138
-0.9980521
-0.9981927
-0.9982014
-0.99795556
-0.99792653
-0.9980994
-0.99810237
-0.99811745
-0.99801075
-0.99795777
-0.99815935
-0.9982257
-0.9980507
-0.9980853
-0.99797297
-0.9982804
-0.99815226
-0.9980535
-0.9980992
-0.99816364
-0.998023
-0.9981249
-0.9981173
-0.99817747
-0.9982415
-0.9980481
-0.99814844
-0.99822146
-0.99818933
-0.99781644
-0.9977845
-0.99814206
-0.99814695
-0.9981358
-0.9983119
-0.9982335
-0.99802977
-0.9982239
-0.99819845
-0.9982616
-0.9982133
-0.9981518
-0.99803174
-0.99816
-0.9982439
-0.99816394
-0.9983451
-0.99830574
-0.99813116
-0.9981008
-0.99824864
-0.9980974
-0.9979165
-0.9981492
-0.99814576
-0.9978523
-0.99802107
-0.99821126
-0.9980124
-0.99805516
-0.998165
-0.9981101
-0.99824786
-0.9980703
-0.9981711
-0.9980299
-0.99813855
-0.9981399
-0.99819607
-0.9982029
-0.9980902
-0.9980907
-0.9981706
-0.9980553
-0.99815863
-0.9981836
-0.9981126
-0.9981648
-0.99810934
-0.998057
-0.99816376
-0.9981651
-0.998067
-0.9981096
-0.99808186
-0.99816954
-0.9982329
-0.9983039
-0.99801713
-0.9982151
-0.9981971
-0.9980644
-0.9981786
-0.9981208
-0.9983007
-0.998113
-0.998097
-0.99806947
-0.99816567
-0.9981669
-0.99789745
-0.9982554
-0.99816096
-0.99795127
-0.99812806
-0.99818414
-0.99816906
-0.9980239
-0.99798965
-0.9981631
-0.99825096
-0.9981292
-0.99820465
-0.9981942
-0.9978727
-0.99796265
-0.9981279
-0.9981651
-0.9981878
-0.99812365
-0.9982921
-0.9981076
-0.99819094
-0.9981821
-0.99807423
-0.99811876
-0.9981452
-0.99821746
-0.9981831
-0.9981733
-0.99820906
-0.99826926
-0.9980849
-0.99825037
-0.99822694
-0.99811685
-0.99819773
-0.99813354
-0.9982863
-0.9981225
-0.99808407
-0.9980285
-0.99802893
-0.9982067
-0.99809504
-0.99808764
-0.99798876
-0.99813104
-0.9982605
-0.99824727
-0.9980894
-0.99819493
-0.9983218
-0.9983916
-0.99822974
-0.9981511
-0.9981946
-0.99817735
-0.99825484
-0.99821323
-0.99813056
-0.9980628
-0.9983145
-0.9981236
-0.99825907
-0.9981125
-0.9979195
-0.9980197
-0.9980758
-0.99820024
-0.99832183
-0.9981777
-0.99824345
-0.99812245
-0.99814457
-0.9981813
-0.9982824
-0.99804515
-0.99829453
-0.99824643
-0.9982385
-0.99813575
-0.99815655
-0.9981547
-0.99821943
-0.99805295
-0.99802494
-0.9980334
-0.9983738
-0.9981409
-0.99826795
-0.99830127
-0.9981734
-0.9982007
-0.998271
-0.99827355
-0.99814767
-0.99821645
-0.9982469
-0.9980845
-0.99818027
-0.9982226
-0.9981859
-0.9983657
-0.99799263
-0.99810976
-0.99822235
-0.99815136
-0.99819416
-0.9981165
-0.9981612
-0.99817944
-0.9981982
-0.9982219
-0.998186
-0.99820375
-0.99810565
-0.998318
-0.9980732
-0.99824405
-0.99836504
-0.99816674
-0.99819523
-0.9982821
-0.99818635
-0.99823886
-0.9981267
-0.99818546
-0.9980531
-0.9982365
-0.9981575
-0.99806154
-0.9982647
-0.99825335
-0.9980819
-0.99816227
-0.99827445
-0.9982308
-0.9982
-0.99817926
-0.99828035
-0.99813825
-0.9981905
-0.99806213
-0.99817234
-0.9981633
-0.998146
-0.9981863
-0.9980487
-0.9982499
-0.9982065
-0.99826974
-0.9981884
-0.99817157
-0.9982826
-0.9982124
-0.9982027
-0.99824685
-0.998296
-0.99803585
-0.99820316
-0.99813527
-0.9983135
-0.998159
-0.9982848
-0.99833447
-0.99822915
-0.99820536
-0.9983439
-0.9982839
-0.99821895
-0.99819005
-0.9982419
-0.99821186
-0.9981554
-0.9982496
-0.9981177
-0.99816275
-0.99823326
-0.9983115
-0.99808824
-0.9980617
-0.9982066
-0.9983067
-0.9981446
-0.99824595
-0.99808156
-0.99820167
-0.99830616
-0.99822366
-0.99822086
-0.9981677
-0.9981415
-0.9982367
-0.99818534
-0.99828315
-0.99824756
-0.9983224
-0.9981128
-0.9980474
-0.99825644
-0.9982851
-0.99819833
-0.9982806
-0.99823755
-0.99824554
-0.99828976
-0.99822426
-0.99801123
-0.99813396
-0.9981317
-0.99827963
-0.998149
-0.9980864
-0.99812615
-0.9981467
-0.9982578
-0.99816334
-0.99823743
-0.99833935
-0.9981597
-0.9981985
-0.9982276
-0.99818665
-0.9981721
-0.9981143
-0.9981373
-0.9981577
-0.9980962
-0.99830896
-0.99817634
-0.9980749
-0.99809515
-0.99815947
-0.998252
-0.9981134
-0.99823713
-0.99814725
-0.9983299
-0.99812156
-0.9981933
-0.9983867
-0.99812496
-0.9981382
-0.9982566
-0.9982956
-0.99817646
-0.9981757
-0.99829763
-0.9982171
-0.9981631
-0.99838024
-0.9983044
-0.99835575
-0.99819416
-0.9983533
-0.9982471
-0.9983274
-0.99808043
-0.99834454
-0.9983665
-0.99833757
-0.99815583
-0.9981937
-0.9980989
-0.9983476
-0.99832714
-0.9981733
-0.99823064
-0.9982173
-0.9980651
-0.998242
-0.9983438
-0.9982705
-0.99818474
-0.9981609
-0.9982238
-0.9981707
-0.9982663
-0.99818146
-0.99806917
-0.9981996
-0.99833626
-0.99814695
-0.9982168
-0.99812835
-0.9982252
-0.9983035
-0.9982434
-0.99835503
-0.9980651
-0.9982402
-0.99811023
-0.9983077
-0.99811894
-0.99819106
-0.998287
-0.99816895
-0.99823254
-0.99811774
-0.99824375
-0.9982014
-0.99813825
-0.99820745
-0.9982375
-0.9982073
-0.99822426
-0.99815947
-0.99815255
-0.998217
-0.9982653
-0.9982102
-0.99835914
-0.9982843
-0.9983133
-0.9982527
-0.9982045
-0.99831307
-0.9982378
-0.99798894
-0.9982701
-0.9982884
-0.99814874
-0.9984797
-0.9983031
-0.9982285
-0.9983116
-0.9982501
-0.9983248
-0.9983801
-0.9983173
-0.99823284
-0.99829775
-0.9981932
-0.9982236
-0.9981954
-0.99811196
-0.9983104
-0.99822366
-0.99829805
-0.9982118
-0.998166
-0.9982178
-0.99830323
-0.9983006
-0.9982906
-0.99821097
-0.9983357
-0.9981774
-0.9981381
-0.9982346
-0.9981539
-0.9981641
-0.99808055
-0.99833256
-0.99828917
-0.99818707
-0.99823856
-0.9982797
-0.99815524
-0.99831647
-0.99838763
-0.9982484
-0.9982638
-0.99823207
-0.99810797
-0.9983489
-0.99822205
-0.99820787
-0.998182
-0.99821055
-0.9981492
-0.9981775
-0.99822074
-0.9982649
-0.9981516
-0.99829334
-0.9984496
-0.9981856
-0.998143
-0.9982617
-0.9981186
-0.99826723
-0.99824435
-0.99830335
-0.9981126
-0.99831396
-0.9983945
-0.9981245
-0.99836826
-0.99829847
-0.9982816
-0.9983608
-0.9983027
-0.9982169
-0.9981683
-0.99827826
-0.99839956
-0.9983516
-0.99835074
-0.9984072
-0.99830407
-0.99827343
-0.9983237
-0.9982994
-0.99835885
-0.998177
-0.9982271
-0.99826527
-0.99824125
-0.99827254
-0.9982525
-0.9982228
-0.99824786
-0.998312
-0.99807507
-0.99815714
-0.9982531
-0.9981065
-0.99811995
-0.99818695
-0.99810576
-0.997972
-0.9981536
-0.9983486
-0.99810463
-0.99810815
-0.99823904
-0.99817854
-0.99808455
-0.99826545
-0.99840343
-0.99820685
-0.9982821
-0.9982411
-0.998113
-0.998025
-0.99818206
-0.99811876
-0.9982285
-0.9983016
-0.99818504
-0.99834126
-0.9981466
-0.99825674
-0.9981983
-0.9981899
-0.99823666
-0.99841064
-0.99823743
-0.99829465
-0.9981923
-0.9982573
-0.9982689
-0.9983286
-0.9982059
-0.9983212
-0.9982809
-0.9981684
-0.99821246
-0.9983442
-0.9982897
-0.9982831
-0.9982057
-0.9982371
-0.9982596
-0.998219
-0.9982872
-0.99818105
-0.99817455
-0.998134
-0.99822223
-0.9983053
-0.9984018
-0.99822396
-0.99835914
-0.9983572
-0.99816847
-0.9983287
-0.9983258
-0.9982479
-0.9982646
-0.9979683
-0.9980991
-0.9982622
-0.9980874
-0.9979186
-0.99809647
-0.99814355
-0.9978306
-0.9982692
-0.99829215
-0.9981411
-0.9981751
-0.9981493
-0.998269
-0.99829483
-0.99792176
-0.9981291
-0.9983583
-0.99815226
-0.9983121
-0.9979764
-0.99816245
-0.998303
-0.9980337
-0.9982631
-0.99814826
-0.9981438
-0.9982217
-0.9982285
-0.99816835
-0.99824697
-0.9981856
-0.99829495
-0.99829185
-0.99832636
-0.99832255
-0.99813026
-0.9981653
-0.9982819
-0.99823934
-0.99828845
-0.9982092
-0.9982068
-0.99828804
-0.99825674
-0.9983253
-0.99833983
-0.9981331
-0.9982
-0.9983453
-0.9982465
-0.9983758
-0.9983416
-0.99828696
-0.9982456
-0.9983623
-0.99827254
-0.9981707
-0.998236
-0.99830127
-0.9983111
-0.99814636
-0.99817973
-0.9984458
-0.99832034
-0.9982126
-0.99824715
-0.9982158
-0.9981907
-0.99831843
-0.9981465
-0.99825895
-0.9982846
-0.9982938
-0.99830437
-0.99831104
-0.9981994
-0.99830896
-0.998246
-0.9983015
-0.9982181
-0.998356
-0.99823284
-0.99813074
-0.99817675
-0.9983284
-0.9982574
-0.9982432
-0.9983558
-0.99832076
-0.9983699
-0.9982964
-0.9983409
-0.9983273
-0.9982912
-0.9983648
-0.9981303
-0.99833274
-0.99825466
-0.99825466
-0.9983829
-0.9983252
-0.99824876
-0.99834853
-0.99836016
-0.9983534
-0.9983517
-0.9982351
-0.99809456
-0.99834955
-0.99822843
-0.9983465
-0.9982857
-0.9983881
-0.9983724
-0.99831307
-0.9982565
-0.99831766
-0.9984291
-0.9983076
-0.9981817
-0.99808556
-0.9982701
-0.99826545
-0.9982781
-0.9981756
-0.9983572
-0.9982586
-0.99834913
-0.99834967
-0.99819285
-0.9983304
-0.99818796
-0.9981668
-0.99821866
-0.9982462
-0.99827576
-0.99824065
-0.9983203
-0.9983645
-0.99817127
-0.9984261
-0.99827266
-0.99819565
-0.99830955
-0.998312
-0.99829197
-0.998192
-0.99833244
-0.9982916
-0.9983379
-0.99821514
-0.9982787
-0.99829185
-0.9983371
-0.9982875
-0.99834436
-0.9983408
-0.99810857
-0.99828935
-0.99831533
-0.99833924
-0.99829316
-0.9984655
-0.9981988
-0.9983928
-0.99843
-0.9981424
-0.99823725
-0.9982826
-0.9982476
-0.9982817
-0.9983112
-0.9983286
-0.9982767
-0.9982852
-0.9983342
-0.998202
-0.998297
-0.9981721
-0.9982608
-0.99835473
-0.9982476
-0.9980838
-0.99834865
-0.99826986
-0.99847066
-0.9982092
-0.99830425
-0.99816936
-0.9983234
-0.9982976
-0.99826425
-0.99824446
-0.9982419
-0.9982693
-0.998236
-0.99822223
-0.9983996
-0.99838936
-0.99824226
-0.9982114
-0.9984031
-0.9982358
-0.9982427
-0.99832505
-0.998227
-0.99810934
-0.99811965
-0.9982765
-0.9984183
-0.99831784
-0.99810296
-0.99816847
-0.99823415
-0.99832577
-0.9982513
-0.9983093
-0.998197
-0.9982169
-0.99822426
-0.9983722
-0.9981983
-0.99840426
-0.99823356
-0.9982575
-0.99820614
-0.9983397
-0.99820673
-0.998265
-0.99820995
-0.99819654
-0.9983112
-0.99824727
-0.9982425
-0.99825317
-0.9983262
-0.9984187
-0.9983057
-0.9982252
-0.9981744
-0.9982145
-0.99833065
-0.9982853
-0.9983028
-0.99832815
-0.99821866
-0.9983346
-0.9983452
-0.9983459
-0.9981371
-0.9983407
-0.99834406
-0.99821985
-0.99831104
-0.99839157
-0.9981858
-0.9982989
-0.99841523
-0.99836695
-0.99824744
-0.99831146
-0.9982209
-0.99818754
-0.9982397
-0.9983058
-0.99841624
-0.99829024
-0.9981555
-0.99814826
-0.9982143
-0.99832535
-0.9983571
-0.9983807
-0.99830145
-0.99825007
-0.998388
-0.99826133
-0.9982912
-0.9982865
-0.99830186
-0.9983756
-0.99818826
-0.9983362
-0.99823374
-0.99832845
-0.99829036
-0.99837345
-0.99826837
-0.99845827
-0.9983045
-0.9983307
-0.99838
-0.99840474
-0.9984218
-0.9982339
-0.99834687
-0.9983217
-0.9982722
-0.99829906
-0.99832016
-0.99816746
-0.99823076
-0.9983094
-0.9984685
-0.99839216
-0.9983321
-0.9983375
-0.9983525
-0.9982745
-0.9984332
-0.99827266
-0.99831426
-0.99840033
-0.99822825
-0.99823636
-0.9983722
-0.99830586
-0.9982028
-0.9983098
-0.99834436
-0.99830925
-0.99835604
-0.9983266
-0.9981942
-0.99841523
-0.9984129
-0.9982448
-0.99834925
-0.9981879
-0.9982352
-0.9984217
-0.9981342
-0.99825937
-0.99835336
-0.99830574
-0.99811983
-0.9983633
-0.99827677
-0.99829817
-0.99837226
-0.99837023
-0.99819356
-0.998344
-0.99840444
-0.99842554
-0.99820566
-0.9983169
-0.9984084
-0.9984101
-0.9983271
-0.9982599
-0.99829394
-0.9983748
-0.99833316
-0.99821603
-0.9982738
-0.9983125
-0.9983494
-0.99834865
-0.998271
-0.9983235
-0.99826264
-0.99835
-0.9981894
-0.99819905
-0.99827105
-0.9982215
-0.99831796
-0.9983147
-0.9983472
-0.9982814
-0.99831074
-0.99840444
-0.9981395
-0.9982895
-0.9982977
-0.99833107
-0.9981989
-0.9983557
-0.99848306
-0.99828684
-0.99832785
-0.9982765
-0.99844235
-0.9983578
-0.9982896
-0.99829274
-0.9983162
-0.9983635
-0.99822277
-0.9983295
-0.998302
-0.99833643
-0.99815506
-0.9983496
-0.99829644
-0.99832165
-0.9982662
-0.99836624
-0.99828273
-0.9981644
-0.9984032
-0.99842554
-0.998356
-0.9982353
-0.99842215
-0.9983299
-0.99836624
-0.9983519
-0.9984221
-0.99826485
-0.99829674
-0.99834436
-0.99839413
-0.99848294
-0.9982415
-0.9984011
-0.99829006
-0.9982029
-0.9982974
-0.99845123
-0.9984332
-0.998263
-0.99820673
-0.9982956
-0.9983985
-0.99831015
-0.9983069
-0.9983149
-0.9982702
-0.9982056
-0.99829996
-0.99816185
-0.99809635
-0.99834514
-0.9982586
-0.9982766
-0.99829394
-0.9982934
-0.9983323
-0.9982725
-0.9981749
-0.9981919
-0.9983092
-0.99839187
-0.99817294
-0.9982332
-0.9982027
-0.9983409
-0.9982507
-0.99827695
-0.9982627
-0.99830055
-0.9982821
-0.9983274
-0.99830925
-0.998318
-0.998343
-0.9983121
-0.9982967
-0.9982339
-0.9983966
-0.9983531
-0.99813366
-0.99817854
-0.99840385
-0.998294
-0.99836296
-0.9983472
-0.9983561
-0.99823844
-0.99833906
-0.9981774
-0.9982144
-0.9984389
-0.9983368
-0.99837524
-0.9983151
-0.9984744
-0.99818265
-0.99826974
-0.9981716
-0.99819726
-0.99843335
-0.9983699
-0.9982365
-0.99843156
-0.99847907
-0.9981486
-0.9983005
-0.9984578
-0.99835026
-0.9982953
-0.99826336
-0.99817663
-0.99830186
-0.99832124
-0.99842775
-0.9984486
-0.99835473
-0.9984487
-0.99824464
-0.9981863
-0.9982478
-0.9983961
-0.9982964
-0.9983067
-0.99833244
-0.9981927
-0.9981643
-0.9981698
-0.99825877
-0.9983094
-0.99824005
-0.99836326
-0.9982967
-0.99831146
-0.99835646
-0.9983033
-0.9983599
-0.9982297
-0.9982989
-0.99829924
-0.99843687
-0.9982839
-0.9984622
-0.9981866
-0.99833894
-0.9984191
-0.99818623
-0.9983129
-0.9983967
-0.99835527
-0.9982202
-0.9984041
-0.99826264
-0.99833965
-0.9983526
-0.99820954
-0.9983728
-0.9982015
-0.99839807
-0.9983286
-0.9985117
-0.9982493
-0.9983043
-0.9983805
-0.998344
-0.99844664
-0.9982793
-0.9983203
-0.99833626
-0.9982802
-0.9983301
-0.9983441
-0.998435
-0.9982911
-0.9983086
-0.99831444
-0.99832183
-0.99840903
-0.9984356
-0.9982854
-0.9983254
-0.99829143
-0.99820185
-0.9982696
-0.99835736
-0.99833614
-0.9983302
-0.99820626
-0.9983308
-0.9983998
-0.99827015
-0.9984191
-0.99819785
-0.99841464
-0.99843484
-0.9983048
-0.9983478
-0.99830353
-0.9984391
-0.99834484
-0.9982248
-0.998203
-0.99834895
-0.9983411
-0.99830776
-0.99848527
-0.9983821
-0.99818665
-0.9982219
-0.99834263
-0.99834025
-0.99836755
-0.99823934
-0.99820125
-0.9982591
-0.9983595
-0.99833024
-0.9983212
-0.9982936
-0.9984792
-0.9983832
-0.9983871
-0.9984439
-0.9982343
-0.9982895
-0.99820554
-0.9982277
-0.99836963
-0.99841297
-0.99835855
-0.99835527
-0.998291
-0.998357
-0.99847376
-0.9982369
-0.998355
-0.99826056
-0.998422
-0.99815524
-0.9983932
-0.9982937
-0.9983637
-0.99842745
-0.99829996
-0.9982597
-0.99830186
-0.99836767
-0.9983506
-0.99831134
-0.99831814
-0.99840486
-0.99828976
-0.99828905
-0.99836814
-0.9984942
-0.99827516
-0.99841315
-0.9983264
-0.99827594
-0.99834317
-0.99832994
-0.9985125
-0.9983277
-0.99839073
-0.99825263
-0.9983398
-0.99832016
-0.9984918
-0.9984203
-0.99833417
-0.9983225
-0.9982701
-0.9983303
-0.99835205
-0.99834734
-0.9982916
-0.99829704
-0.9983325
-0.99839807
-0.9983009
-0.9983715
-0.99832106
-0.9984193
-0.9981937
-0.99837655
-0.998291
-0.9981809
-0.99837923
-0.9982642
-0.99841696
-0.9983073
-0.998283
-0.99815875
-0.9983724
-0.99834096
-0.9982591
-0.9983555
-0.9983658
-0.998466
-0.9983688
-0.99838156
-0.9982466
-0.99833256
-0.99844766
-0.99847054
-0.9982802
-0.99827224
-0.99846464
-0.99845105
-0.998419
-0.99837625
-0.998393
-0.99834216
-0.9983063
-0.9984662
-0.99828565
-0.9983456
-0.9982807
-0.998361
-0.99830973
-0.99843657
-0.99828094
-0.9983742
-0.99822587
-0.9982899
-0.9982332
-0.99826914
-0.9981584
-0.9982221
-0.9982769
-0.9984133
-0.99831027
-0.9982097
-0.9982596
-0.9983544
-0.9983705
-0.99829227
-0.9982176
-0.99854493
-0.9983333
-0.9983165
-0.9981378
-0.9983746
-0.9983975
-0.9983977
-0.9984658
-0.99828845
-0.99831134
-0.99836093
-0.9983234
-0.99837303
-0.998449
-0.998347
-0.9984008
-0.99839133
-0.9983441
-0.99838614
-0.99844575
-0.9982704
-0.9983784
-0.9984024
-0.9983918
-0.99837667
-0.9982986
-0.99838877
-0.9984331
-0.9981337
-0.998277
-0.99840754
-0.9982308
-0.99823344
-0.9981344
-0.998256
-0.9981045
-0.9982606
-0.99819213
-0.998011
-0.9980818
-0.9983662
-0.998199
-0.99820703
-0.9983223
-0.9983072
-0.9983084
-0.99825585
-0.9982898
-0.99823844
-0.9983493
-0.9983203
-0.9981777
-0.9983293
-0.99839103
-0.99819165
-0.9983568
-0.9983608
-0.99821407
-0.99831563
-0.99841166
-0.9982292
-0.9983386
-0.9982894
-0.99837565
-0.99823695
-0.9984005
-0.99825555
-0.9983061
-0.9983481
-0.9981958
-0.9982158
-0.99824965
-0.9983731
-0.9982002
-0.99833894
-0.99829334
-0.99836165
-0.9983634
-0.9983178
-0.99836224
-0.99831915
-0.9981686
-0.998288
-0.99827856
-0.99838376
-0.9982483
-0.9983825
-0.99844456
-0.99843025
-0.99829006
-0.9984038
-0.9983093
-0.9983207
-0.9982961
-0.9983422
-0.9983571
-0.99841094
-0.99839056
-0.9982464
-0.9982874
-0.99829
-0.99838156
-0.99830794
-0.9983763
-0.99836034
-0.99820346
-0.99839514
-0.99828404
-0.9981925
-0.9982577
-0.99836916
-0.9983433
-0.9983175
-0.9982732
-0.99832124
-0.9983537
-0.99834067
-0.9982459
-0.9983961
-0.99848056
-0.9984711
-0.9984034
-0.9984054
-0.9982112
-0.9983057
-0.9984727
-0.99835914
-0.9983892
-0.9984994
-0.9981842
-0.9982886
-0.9983037
-0.9982193
-0.99832785
-0.99834913
-0.9983475
-0.9985355
-0.9984741
-0.9982402
-0.9983476
-0.9984261
-0.9983956
-0.99830604
-0.99832594
-0.9984266
-0.9982617
-0.9982591
-0.9984007
-0.9983568
-0.99830866
-0.99829584
-0.99839395
-0.99843824
-0.9983632
-0.9984367
-0.99826896
-0.99814594
-0.99827623
-0.99840677
-0.9984379
-0.9984329
-0.99829125
-0.9983343
-0.99828255
-0.9983439
-0.9982427
-0.9984768
-0.9984294
-0.99838203
-0.9982316
-0.9982974
-0.99826646
-0.9983219
-0.9983965
-0.9983836
-0.99842787
-0.998416
-0.9984091
-0.99846774
-0.9983231
-0.9983653
-0.9983944
-0.9983362
-0.9985243
-0.99847317
-0.9983596
-0.9984031
-0.9982642
-0.9982471
-0.99833703
-0.9983399
-0.9983291
-0.99838495
-0.99832
-0.9982871
-0.9984591
-0.99823594
-0.99819624
-0.99818724
-0.998269
-0.99826485
-0.9983131
-0.99832225
-0.99819857
-0.9983347
-0.99828386
-0.99821043
-0.99821347
-0.9982377
-0.99828744
-0.998326
-0.998146
-0.99831635
-0.998277
-0.99831676
-0.9983032
-0.9982346
-0.99835604
-0.9983842
-0.9983399
-0.998218
-0.9983017
-0.998288
-0.99809074
-0.9982333
-0.9982217
-0.9980993
-0.9981766
-0.9982479
-0.9983638
-0.99825686
-0.99831116
-0.9982921
-0.9981101
-0.9984627
-0.9982945
-0.99823636
-0.9982933
-0.99828744
-0.9983779
-0.9982818
-0.9983769
-0.9983304
-0.9983248
-0.99838555
-0.9983365
-0.99811494
-0.9984178
-0.9983668
-0.9982832
-0.9983971
-0.99836236
-0.99830556
-0.9981605
-0.99853575
-0.9983287
-0.9983938
-0.99813914
-0.99814296
-0.99823123
-0.99825203
-0.9982702
-0.9982649
-0.9983774
-0.99844956
-0.99833745
-0.9982743
-0.9982617
-0.9985299
-0.99839747
-0.9983882
-0.9981412
-0.9981794
-0.9982783
-0.9982285
-0.9982976
-0.99839926
-0.9982522
-0.99813557
-0.9983519
-0.9983469
-0.9984549
-0.9984307
-0.9982768
-0.9983694
-0.9983726
-0.99839926
-0.9984515
-0.9982535
-0.99842346
-0.99835396
-0.99830425
-0.9984907
-0.9982376
-0.9982499
-0.998351
-0.99830866
-0.99831295
-0.9983648
-0.9983617
-0.99828225
-0.99842507
-0.99837005
-0.9983758
-0.998323
-0.9983886
-0.99832994
-0.99835676
-0.9982695
-0.9983386
-0.9982153
-0.9983583
-0.99827933
-0.99833554
-0.9982556
-0.9983772
-0.998364
-0.99835014
-0.99841976
-0.99839383
-0.9983043
-0.9984387
-0.9983795
-0.9983976
-0.9983429
-0.9982442
-0.99831223
-0.998483
-0.9982809
-0.9983893
-0.9983306
-0.99822456
-0.99838763
-0.99825656
-0.99827015
-0.99820465
-0.99830526
-0.9984442
-0.9983551
-0.99818903
-0.99841315
-0.9982823
-0.99836016
-0.99833393
-0.99849117
-0.9984148
-0.9983656
-0.9983861
-0.99832183
-0.99851227
-0.99839175
-0.9982688
-0.9983492
-0.9983482
-0.9982243
-0.99832046
-0.99831307
-0.9983855
-0.9984007
-0.99843615
-0.99816555
-0.9982768
-0.99841195
-0.9984698
-0.9982604
-0.9984137
-0.99823946
-0.99830264
-0.99851364
-0.99833035
-0.99841684
-0.99832463
-0.9983464
-0.998382
-0.99824613
-0.9984152
-0.99831945
-0.9983837
-0.99839175
-0.9983333
-0.99840623
-0.9982083
-0.9983308
-0.9982922
-0.998307
-0.9985091
-0.99832016
-0.9984411
-0.9984102
-0.99827355
-0.9984871
-0.9984018
-0.99842584
-0.9983248
-0.9983526
-0.9984127
-0.9984079
-0.99816304
-0.9982885
-0.9983528
-0.9983858
-0.9982952
-0.9982513
-0.99829674
-0.99831605
-0.99822986
-0.9981826
-0.9983063
-0.99837935
-0.99840385
-0.9983105
-0.99819076
-0.99846953
-0.99834883
-0.9983671
-0.9982957
-0.99833083
-0.9983425
-0.99849206
-0.99824363
-0.9984941
-0.9983417
