-0.17151922
-0.2212363
-0.27913815
-0.31798416
-0.35177785
-0.3891856
-0.44534063
-0.4682903
-0.49108016
-0.5250297
-0.541181
-0.5600178
-0.5871284
-0.609535
-0.6401762
-0.65638167
-0.6711147
-0.67669237
-0.70899314
-0.70916903
-0.71708375
-0.72467315
-0.73596925
-0.7430672
-0.74853295
-0.74857587
-0.7482555
-0.7589556
-0.7620307
-0.76793766
-0.7665138
-0.76981384
-0.7760566
-0.7783272
-0.7820172
-0.78846
-0.7933359
-0.79993135
-0.78945386
-0.7993816
-0.8067525
-0.8028914
-0.8088017
-0.80879545
-0.81337917
-0.8197781
-0.81728745
-0.81866914
-0.82301885
-0.8258259
-0.82508814
-0.8271537
-0.82998955
-0.8268378
-0.83067477
-0.8373943
-0.83631337
-0.8418891
-0.84446436
-0.84687567
-0.8450594
-0.84605294
-0.8438436
-0.84770477
-0.8454112
-0.84818256
-0.8524534
-0.85113436
-0.8545328
-0.8562345
-0.8570905
-0.8613297
-0.86181563
-0.8586209
-0.86064154
-0.86440223
-0.86199784
-0.8593287
-0.8670089
-0.86763597
-0.8700605
-0.86886895
-0.8718517
-0.8712527
-0.8698023
-0.8686523
-0.872516
-0.8749847
-0.87380826
-0.8755094
-0.8800598
-0.8766541
-0.87886417
-0.8813668
-0.8809687
-0.88344663
-0.8851271
-0.88284326
-0.8845591
-0.88613653
-0.8845961
-0.8816752
-0.88370883
-0.886812
-0.8874278
-0.8886347
-0.8880203
-0.885436
-0.88841265
-0.88967025
-0.8898969
-0.88673
-0.8930075
-0.8923936
-0.89422685
-0.893947
-0.89620054
-0.89517397
-0.89093816
-0.89418346
-0.8971594
-0.89757097
-0.8976662
-0.8956685
-0.89814645
-0.89603007
-0.9006599
-0.89961755
-0.9005353
-0.9002202
-0.9035637
-0.8993184
-0.90194285
-0.9007001
-0.90035737
-0.899969
-0.90121305
-0.90044457
-0.9027523
-0.90683544
-0.90378016
-0.90315
-0.9052057
-0.9052808
-0.9060279
-0.9067482
-0.90517277
-0.90678185
-0.908601
-0.9095533
-0.9135529
-0.9109653
-0.91151357
-0.9114536
-0.9091904
-0.9077515
-0.9094085
-0.91430914
-0.9090501
-0.9136533
-0.9115816
-0.9113957
-0.9130893
-0.9104232
-0.9140935
-0.9149512
-0.910164
-0.9138105
-0.91540873
-0.91590333
-0.9147603
-0.9167992
-0.91161036
-0.916104
-0.9152869
-0.9164528
-0.9184902
-0.9153669
-0.91400915
-0.91555774
-0.91603106
-0.9171565
-0.9169805
-0.91747266
-0.91864574
-0.91954076
-0.9198321
-0.9201585
-0.91922474
-0.9178658
-0.92049265
-0.9230746
-0.9197852
-0.92130613
-0.92220473
-0.91954434
-0.92252994
-0.92180824
-0.91994536
-0.91999316
-0.9232471
-0.92599636
-0.9218618
-0.92109436
-0.92280495
-0.92210674
-0.9235637
-0.9257025
-0.9261584
-0.9236306
-0.9232725
-0.9259962
-0.9226833
-0.926469
-0.9243275
-0.92132884
-0.92384875
-0.9237185
-0.9257238
-0.92433393
-0.9293117
-0.92589355
-0.92618966
-0.9260489
-0.9258818
-0.92844385
-0.9299435
-0.9288778
-0.92765236
-0.9279069
-0.9298235
-0.92775327
-0.9278457
-0.9302292
-0.9272043
-0.92877805
-0.9317287
-0.92903715
-0.92919207
-0.9274255
-0.93019277
-0.9297308
-0.93100953
-0.9303065
-0.9308335
-0.93136597
-0.93114555
-0.9298368
-0.9289502
-0.9321585
-0.9318509
-0.9312339
-0.9302651
-0.93429947
-0.9317046
-0.93239415
-0.93368435
-0.9336944
-0.93278754
-0.93523455
-0.93407327
-0.9359768
-0.93298525
-0.93511474
-0.9372004
-0.93439555
-0.9372979
-0.9372169
-0.93684256
-0.9352169
-0.93559545
-0.937133
-0.937464
-0.93472373
-0.9378468
-0.9395341
-0.93723583
-0.93901426
-0.9375394
-0.9372645
-0.93739676
-0.93727404
-0.9400099
-0.9384278
-0.93942994
-0.938348
-0.9393715
-0.9400297
-0.93944126
-0.93992174
-0.93812984
-0.9404429
-0.9409024
-0.9403194
-0.9422818
-0.94062245
-0.9418115
-0.94280076
-0.94049346
-0.93776435
-0.9432475
-0.9433074
-0.94211566
-0.941459
-0.94409186
-0.9412319
-0.94140685
-0.94238305
-0.9434056
-0.94443244
-0.9444229
-0.94383144
-0.9429318
-0.9462569
-0.9445823
-0.94484985
-0.94446033
-0.94494694
-0.942361
-0.942865
-0.9448829
-0.944353
-0.9453436
-0.9465017
-0.9439396
-0.9436916
-0.94478047
-0.94450724
-0.94659954
-0.94253147
-0.9465226
-0.9434061
-0.94534814
-0.94491386
-0.94610524
-0.9441691
-0.9457191
-0.94608855
-0.9454777
-0.9470609
-0.9465301
-0.945041
-0.94734675
-0.9460676
-0.94629073
-0.9471498
-0.94639313
-0.94768804
-0.9467065
-0.9483758
-0.94846255
-0.9485872
-0.9493442
-0.94845325
-0.9484203
-0.9488632
-0.95040613
-0.95012826
-0.95104927
-0.9498966
-0.95112425
-0.9499522
-0.950111
-0.9516048
-0.9493451
-0.9504705
-0.95074
-0.9504794
-0.95207834
-0.9500989
-0.952933
-0.95105374
-0.9512589
-0.9521468
-0.9509747
-0.9516851
-0.95221514
-0.9522477
-0.95177794
-0.9522171
-0.95214105
-0.9528684
-0.9513914
-0.95343316
-0.9526888
-0.95267713
-0.95365834
-0.95339507
-0.9523946
-0.9535874
-0.9532936
-0.95264566
-0.95256364
-0.95453024
-0.9526315
-0.9521687
-0.9535992
-0.9530192
-0.9535625
-0.953757
-0.9523071
-0.9529922
-0.9536485
-0.9528833
-0.9533297
-0.95270544
-0.95479435
-0.9532218
-0.95517015
-0.95322627
-0.95364285
-0.9520849
-0.95343786
-0.9531563
-0.9541409
-0.9540672
-0.9536248
-0.95393
-0.9544714
-0.9556637
-0.95364034
-0.9545553
-0.95432705
-0.95516276
-0.9554113
-0.9551321
-0.95453644
-0.95526
-0.95350176
-0.95353395
-0.95353854
-0.95352393
-0.95459974
-0.95381266
-0.9540372
-0.95632404
-0.9565509
-0.9549302
-0.9551201
-0.9552572
-0.9563937
-0.9545449
-0.9558487
-0.95505095
-0.95528144
-0.95470375
-0.9558281
-0.9551833
-0.95667595
-0.95544535
-0.9559221
-0.9560317
-0.9568742
-0.95700186
-0.95608145
-0.95661837
-0.9564406
-0.95625764
-0.95612836
-0.9548792
-0.95619935
-0.9558042
-0.95628643
-0.9559443
-0.9558609
-0.95600384
-0.95662767
-0.95585555
-0.95602584
-0.95634496
-0.955735
-0.9568479
-0.9571041
-0.95550716
-0.9560677
-0.9577259
-0.9568434
-0.9576721
-0.95794773
-0.959541
-0.9572146
-0.95626014
-0.95836216
-0.9586962
-0.9585689
-0.95833635
-0.9576931
-0.95755523
-0.958504
-0.9575074
-0.9595102
-0.9586741
-0.95781016
-0.9584931
-0.9581582
-0.9577448
-0.95817477
-0.9576974
-0.9593933
-0.95761
-0.9593374
-0.95823467
-0.9594003
-0.9594156
-0.958887
-0.95846224
-0.95869255
-0.9600873
-0.95820636
-0.95856375
-0.95899117
-0.9599022
-0.95953476
-0.9587355
-0.9579528
-0.95879793
-0.9583877
-0.95861983
-0.9593229
-0.9583359
-0.95941913
-0.9597876
-0.9594983
-0.9591415
-0.959743
-0.9594601
-0.9588474
-0.9597115
-0.95841116
-0.9591402
-0.9582111
-0.959951
-0.9586395
-0.95889807
-0.9614958
-0.95908415
-0.9593464
-0.9604608
-0.9600738
-0.9595898
-0.9601715
-0.96024674
-0.9623333
-0.96061385
-0.96129155
-0.9610606
-0.9615037
-0.9604363
-0.9611831
-0.9605644
-0.9601937
-0.9603809
-0.9611152
-0.96161103
-0.961822
-0.96062905
-0.96270335
-0.96104014
-0.96059704
-0.96187514
-0.9623067
-0.96146035
-0.96128756
-0.96229374
-0.9618926
-0.96303636
-0.96349496
-0.9613392
-0.9617989
-0.96186614
-0.96244705
-0.9611942
-0.9627721
-0.963013
-0.96286273
-0.9632025
-0.96132094
-0.9611967
-0.9614369
-0.9613428
-0.9630695
-0.9621704
-0.9604366
-0.96204525
-0.96255475
-0.96165925
-0.96358687
-0.96257377
-0.9613175
-0.9616659
-0.9625399
-0.96171147
-0.9630568
-0.9635641
-0.96274775
-0.9621298
-0.96325576
-0.9622183
-0.9632139
-0.962283
-0.96241957
-0.9610182
-0.96307683
-0.9637353
-0.9634994
-0.96272284
-0.9637098
-0.9638501
-0.9618437
-0.96484804
-0.96316886
-0.96332616
-0.96369547
-0.9638995
-0.9623464
-0.96285176
-0.96268547
-0.9630265
-0.96264905
-0.9633445
-0.96301585
-0.9617251
-0.9635951
-0.96443266
-0.96365446
-0.96319485
-0.9647809
-0.9637306
-0.9641603
-0.96383286
-0.9644608
-0.9648914
-0.96450955
-0.96444064
-0.9635629
-0.965205
-0.96431744
-0.9650969
-0.96393275
-0.9642509
-0.96393234
-0.96475476
-0.9648949
-0.9659015
-0.96453756
-0.9635605
-0.96505785
-0.9646485
-0.9650143
-0.9646085
-0.9639036
-0.9646327
-0.9644705
-0.9651123
-0.96494913
-0.96559393
-0.9653009
-0.96438247
-0.9658346
-0.9657439
-0.96416616
-0.9652668
-0.9655067
-0.9652809
-0.96483296
-0.9660931
-0.9656914
-0.9653106
-0.9664976
-0.96656436
-0.9651276
-0.9652066
-0.96625155
-0.9653609
-0.96501756
-0.9653614
-0.9651394
-0.96502775
-0.9648996
-0.9645961
-0.9655935
-0.9640848
-0.964659
-0.96478605
-0.96587545
-0.96565557
-0.9660112
-0.9651612
-0.96442443
-0.965349
-0.9649528
-0.9658583
-0.9653953
-0.9662684
-0.96560603
-0.9659039
-0.96721417
-0.9652699
-0.9660743
-0.96622217
-0.96514213
-0.9662662
-0.9671739
-0.96602887
-0.96712786
-0.96593326
-0.96564835
-0.96618295
-0.9659548
-0.9656464
-0.9663133
-0.9656882
-0.96642256
-0.9662243
-0.9670126
-0.96631134
-0.96672535
-0.96709555
-0.96802676
-0.9676286
-0.96817803
-0.9680584
-0.9673683
-0.96815103
-0.9674733
-0.9673594
-0.9682295
-0.96825767
-0.96949613
-0.9676553
-0.968569
-0.96759015
-0.9685707
-0.9687145
-0.9675251
-0.96724755
-0.9662192
-0.9682729
-0.96901953
-0.96828216
-0.96766657
-0.96868557
-0.9677647
-0.9684722
-0.96703434
-0.96871716
-0.96830964
-0.9682425
-0.967767
-0.96835566
-0.96802574
-0.96830124
-0.9668903
-0.9668915
-0.96808994
-0.96728903
-0.9674125
-0.96777517
-0.96720177
-0.96661824
-0.9671142
-0.96708596
-0.9667552
-0.96740156
-0.9676607
-0.9690838
-0.96843606
-0.96814597
-0.9679106
-0.96836096
-0.96780133
-0.9691527
-0.968547
-0.9673604
-0.9681411
-0.9677638
-0.96807736
-0.9689695
-0.9686921
-0.96935946
-0.9686724
-0.9693766
-0.9685474
-0.96926755
-0.96943355
-0.96938473
-0.9686391
-0.9681091
-0.9697347
-0.9688494
-0.9688915
-0.96891284
-0.97012234
-0.9694283
-0.9691211
-0.96917963
-0.9690353
-0.9693378
-0.9696014
-0.96885467
-0.9699198
-0.9684532
-0.9693247
-0.969188
-0.9689915
-0.96829
-0.96876794
-0.9703443
-0.9693005
-0.9701897
-0.9690901
-0.96923906
-0.96956587
-0.968189
-0.969656
-0.9686786
-0.9690332
-0.96893
-0.96779746
-0.9692789
-0.9689646
-0.9689256
-0.96735954
-0.969382
-0.96998525
-0.9685166
-0.96891737
-0.96927756
-0.9692796
-0.9692408
-0.97018665
-0.96931255
-0.9686401
-0.9686683
-0.9690291
-0.9695249
-0.96922344
-0.96929026
-0.9694967
-0.9694255
-0.9696882
-0.96852124
-0.9689048
-0.96970856
-0.9696542
-0.9689632
-0.9699369
-0.9692197
-0.96924514
-0.9696446
-0.9694979
-0.9696851
-0.9695717
-0.9712259
-0.9702667
-0.9693996
-0.97062707
-0.97173065
-0.969199
-0.97035974
-0.9706747
-0.9704754
-0.96911585
-0.96965194
-0.96937066
-0.9703052
-0.9697323
-0.9703349
-0.9700983
-0.97012925
-0.9692124
-0.9694363
-0.9708144
-0.9704302
-0.96910655
-0.9700412
-0.97099495
-0.9693037
-0.96920925
-0.96964175
-0.9705385
-0.9704667
-0.9716189
-0.9707011
-0.96937084
-0.9700343
-0.96971667
-0.9699337
-0.9693681
-0.96885026
-0.970481
-0.96954185
-0.96992266
-0.9695909
-0.96995527
-0.9704186
-0.9704165
-0.96950376
-0.97022164
-0.97050804
-0.96938986
-0.97049963
-0.9691508
-0.96929955
-0.9699085
-0.97077286
-0.97047615
-0.9706714
-0.96979415
-0.96940637
-0.9704888
-0.9700236
-0.96835893
-0.9690799
-0.97093725
-0.9693713
-0.96978974
-0.9692815
-0.96985257
-0.9691307
-0.97025275
-0.96808267
-0.9694234
-0.96900177
-0.9686453
-0.9685063
-0.9686595
-0.9705492
-0.9694255
-0.9704356
-0.9689005
-0.9698358
-0.97045267
-0.96933997
-0.96996784
-0.97143394
-0.9703047
-0.9694488
-0.9703268
-0.9695897
-0.96984816
-0.9699064
-0.9701727
-0.9706438
-0.9702457
-0.9703504
-0.96986675
-0.97045827
-0.9707268
-0.96982014
-0.97105664
-0.9708942
-0.9711241
-0.97091293
-0.9716562
-0.9714569
-0.9709754
-0.971015
-0.97130454
-0.9706891
-0.9718942
-0.9704212
-0.9727521
-0.97000396
-0.97159255
-0.97161525
-0.97158736
-0.9712874
-0.9720181
-0.9710231
-0.9725612
-0.9713952
-0.97223765
-0.9715469
-0.9716888
-0.9703069
-0.9716107
-0.97187215
-0.97069424
-0.97309816
-0.97090006
-0.97140986
-0.9718625
-0.9703445
-0.97166336
-0.97196096
-0.97192866
-0.9711523
-0.9728887
-0.97090214
-0.97231275
-0.97266823
-0.9721119
-0.972351
-0.9731323
-0.9710697
-0.97262347
-0.9721868
-0.97151875
-0.97218674
-0.9725163
-0.972999
-0.97236085
-0.9728949
-0.9721712
-0.97155905
-0.97185004
-0.9726561
-0.9723239
-0.9718237
-0.97349757
-0.9734834
-0.97272193
-0.9718206
-0.9738013
-0.97389483
-0.97332996
-0.97390854
-0.97311676
-0.97340393
-0.9734196
-0.9736846
-0.973024
-0.9734139
-0.9736127
-0.97302026
-0.9728602
-0.97301567
-0.974172
-0.9732869
-0.9733712
-0.97336805
-0.97320735
-0.9732583
-0.9743929
-0.9740564
-0.9734207
-0.9734385
-0.97297275
-0.9736595
-0.97349393
-0.97394466
-0.97354186
-0.97318935
-0.97282505
-0.9739298
-0.9736093
-0.97431624
-0.9741288
-0.9742737
-0.9732454
-0.97386664
-0.97449505
-0.97493565
-0.97390926
-0.9747294
-0.97430146
-0.97456914
-0.9744541
-0.97419715
-0.9749396
-0.9744903
-0.9752742
-0.9749528
-0.9747671
-0.97435695
-0.9737587
-0.97473425
-0.9741316
-0.9737807
-0.97435445
-0.9739507
-0.97304386
-0.97428495
-0.9748344
-0.97417426
-0.97448564
-0.97475815
-0.9738539
-0.9748271
-0.9741303
-0.97406787
-0.9742857
-0.9749626
-0.97445565
-0.97468185
-0.97424775
-0.9748303
-0.97494555
-0.9748608
-0.97537744
-0.97408503
-0.9748762
-0.97497374
-0.974652
-0.9747521
-0.9743886
-0.9740611
-0.9751519
-0.9741473
-0.97503227
-0.9744653
-0.97419
-0.9750544
-0.97386813
-0.9745915
-0.9744294
-0.97500426
-0.9741848
-0.97531664
-0.9751183
-0.9746743
-0.97561765
-0.9747568
-0.97466123
-0.9748613
-0.974973
-0.9752422
-0.9738449
-0.97505605
-0.97446704
-0.97556007
-0.975089
-0.9745045
-0.97508526
-0.9749298
-0.9760042
-0.9752476
-0.97525966
-0.97489697
-0.97544503
-0.9748938
-0.97548246
-0.975258
-0.97641134
-0.9753897
-0.9750168
-0.97472656
-0.9752188
-0.9756357
-0.975232
-0.97538096
-0.97527814
-0.976075
-0.97555095
-0.97566813
-0.9755572
-0.97496605
-0.9749464
-0.9755078
-0.9760215
-0.9758924
-0.9756206
-0.9761367
-0.9757873
-0.9751548
-0.9765172
-0.9757014
-0.97501266
-0.975893
-0.9763868
-0.9755471
-0.9755564
-0.97680646
-0.97562844
-0.97607356
-0.9759107
-0.976068
-0.97526616
-0.975676
-0.97663003
-0.97671694
-0.9777639
-0.9763886
-0.97729075
-0.9765127
-0.976801
-0.9769738
-0.9772903
-0.9776444
-0.9768355
-0.97704
-0.9772214
-0.9778769
-0.9773646
-0.97691095
-0.9779207
-0.9783981
-0.9783115
-0.9778173
-0.9775033
-0.9773481
-0.9773342
-0.9778873
-0.9780211
-0.9781909
-0.97762835
-0.9788094
-0.97834116
-0.9770357
-0.9786093
-0.9788253
-0.978111
-0.9786493
-0.9788334
-0.9788105
-0.9783261
-0.9782742
-0.97805136
-0.97840494
-0.9781931
-0.9779339
-0.97812015
-0.9786094
-0.97812134
-0.9782332
-0.9785982
-0.97873914
-0.97901285
-0.9784198
-0.97981465
-0.97857857
-0.97860295
-0.9782162
-0.9788048
-0.9785819
-0.97895914
-0.9787621
-0.97854424
-0.97866493
-0.97862166
-0.97838926
-0.97880393
-0.97881985
-0.97939473
-0.97950876
-0.97947484
-0.978904
-0.9788367
-0.979305
-0.97871864
-0.97946477
-0.9800435
-0.9795372
-0.97883844
-0.9793712
-0.979115
-0.98045224
-0.9791218
-0.9794525
-0.9798214
-0.98002815
-0.9801102
-0.98023933
-0.97975063
-0.9799324
-0.9799227
-0.980039
-0.9797401
-0.9787973
-0.9793754
-0.9787971
-0.9790588
-0.9793267
-0.97888064
-0.97884387
-0.97924465
-0.9803262
-0.97945434
-0.9791614
-0.9792936
-0.97871953
-0.9794444
-0.9795069
-0.98014104
-0.9788317
-0.9797343
-0.9795962
-0.9796432
-0.97997725
-0.9798694
-0.97920346
-0.9800164
-0.97880054
-0.97916037
-0.9796461
-0.9796908
-0.98018247
-0.97841585
-0.9792655
-0.97936535
-0.9799119
-0.9794359
-0.98026675
-0.9791134
-0.9796597
-0.9790362
-0.98020816
-0.9800209
-0.97891355
-0.979473
-0.98002523
-0.97956663
-0.9805557
-0.9795928
-0.9803329
-0.9802593
-0.98074913
-0.9797953
-0.9795057
-0.9786778
-0.9796696
-0.9792733
-0.9792974
-0.9802591
-0.97906417
-0.9790809
-0.9797209
-0.97952354
-0.97981185
-0.9801029
-0.9801345
-0.9807496
-0.9795312
-0.97966194
-0.98020697
-0.97988427
-0.9802917
-0.9791859
-0.9803171
-0.98041016
-0.9798456
-0.9800631
-0.98032933
-0.9800686
-0.98102945
-0.9804893
-0.9798799
-0.98028046
-0.98071617
-0.9802245
-0.9810457
-0.98024374
-0.9802094
-0.9796523
-0.9797105
-0.98047805
-0.9799355
-0.98045355
-0.97975487
-0.98085445
-0.9805526
-0.98062485
-0.98072493
-0.98113275
-0.980717
-0.9799406
-0.9800378
-0.98091865
-0.980163
-0.98042274
-0.980368
-0.9801502
-0.9802184
-0.98092854
-0.9812583
-0.98135847
-0.98114485
-0.9815918
-0.98143935
-0.98054683
-0.9809122
-0.9809751
-0.9808296
-0.98112667
-0.9809821
-0.9806627
-0.9802863
-0.9811541
-0.98042935
-0.98086166
-0.9801002
-0.98119277
-0.9816811
-0.9813369
-0.98086053
-0.98121727
-0.9801347
-0.9814674
-0.98022854
-0.9809997
-0.980924
-0.9807494
-0.9803798
-0.9815157
-0.9806493
-0.9815804
-0.9809183
-0.98138255
-0.9806732
-0.9808345
-0.9807092
-0.9815111
-0.98144644
-0.98150533
-0.98193496
-0.9811251
-0.98233557
-0.9815026
-0.9813983
-0.98105484
-0.981419
-0.98199236
-0.9812823
-0.98111826
-0.9817238
-0.982056
-0.9814463
-0.98222333
-0.98239166
-0.9821641
-0.9817956
-0.9818863
-0.9813184
-0.9823773
-0.98237485
-0.98177683
-0.9825542
-0.98143494
-0.9822079
-0.98099375
-0.9822149
-0.98211277
-0.98180735
-0.98225015
-0.98214644
-0.98129153
-0.98186153
-0.9817024
-0.9818132
-0.9825011
-0.9823798
-0.982053
-0.98237324
-0.98216236
-0.98190427
-0.98213464
-0.9822695
-0.9818902
-0.98191893
-0.9821658
-0.9816319
-0.98174685
-0.9822521
-0.981789
-0.98183364
-0.9821535
-0.98150635
-0.9815135
-0.9818357
-0.9820454
-0.98223215
-0.98215955
-0.98145205
-0.9814087
-0.98201823
-0.98131925
-0.98212844
-0.9821779
-0.9825715
-0.98226136
-0.98227274
-0.98234653
-0.98199636
-0.9816777
-0.9817593
-0.9816494
-0.9818529
-0.9825162
-0.98283476
-0.9825121
-0.98250365
-0.98267627
-0.9825173
-0.982666
-0.9822052
-0.98262453
-0.98241657
-0.9826224
-0.98188436
-0.9824485
-0.9822012
-0.98283666
-0.9820129
-0.9827561
-0.9826956
-0.9826131
-0.9832904
-0.9828138
-0.98287743
-0.98240995
-0.98201084
-0.98292947
-0.9816963
-0.9822074
-0.98268664
-0.98184276
-0.9825202
-0.9821852
-0.98269695
-0.98251075
-0.9822435
-0.9822419
-0.98293567
-0.98276937
-0.9820786
-0.9820616
-0.9821253
-0.9821781
-0.98292756
-0.98161036
-0.98208135
-0.9807777
-0.9811955
-0.9817426
-0.9816383
-0.98180807
-0.9812459
-0.9820155
-0.98180693
-0.98192555
-0.9822957
-0.9819355
-0.9812506
-0.9820036
-0.9819412
-0.9817642
-0.9818011
-0.9822163
-0.9814833
-0.982368
-0.9820157
-0.98165756
-0.9811896
-0.9821525
-0.9819149
-0.9822446
-0.9814973
-0.9820198
-0.9817455
-0.9818579
-0.981933
-0.9824975
-0.9822777
-0.9826334
-0.9821304
-0.9823048
-0.98242354
-0.98343825
-0.9830062
-0.9830172
-0.98314095
-0.9834116
-0.9831509
-0.9829848
-0.9830662
-0.9834151
-0.982473
-0.98270464
-0.98266405
-0.982836
-0.98264873
-0.98266864
-0.9831065
-0.9826718
-0.9829029
-0.98303115
-0.9829307
-0.9829324
-0.9830605
-0.9826342
-0.98399264
-0.9833218
-0.98303634
-0.98329824
-0.98301697
-0.9831817
-0.9835595
-0.983688
-0.9834995
-0.98347825
-0.98351955
-0.98383266
-0.98433703
-0.9842757
-0.9843257
-0.98461056
-0.98351604
-0.98375857
-0.98473895
-0.9841114
-0.98436755
-0.98376054
-0.9843508
-0.9837746
-0.9842716
-0.98391324
-0.9842508
-0.98456055
-0.98392123
-0.98366034
-0.9843516
-0.9832611
-0.98371816
-0.98366874
-0.9838012
-0.9836015
-0.9829729
-0.9834307
-0.9830501
-0.98324513
-0.98354626
-0.98319703
-0.98290515
-0.98330057
-0.98299444
-0.982989
-0.9833464
-0.9834037
-0.98350215
-0.98338526
-0.98336196
-0.9831556
-0.9840319
-0.98311716
-0.9828567
-0.98358184
-0.9833812
-0.9843186
-0.98374075
-0.9838413
-0.9838817
-0.9834207
-0.9833085
-0.9841685
-0.983999
-0.9836962
-0.98359305
-0.9844345
-0.9842092
-0.98461753
-0.98418254
-0.9841359
-0.98437953
-0.9840635
-0.98365813
-0.98494685
-0.9846911
-0.9841111
-0.9847095
-0.98481035
-0.9846128
-0.9846635
-0.9847411
-0.9853084
-0.9844677
-0.9848727
-0.98438334
-0.98455155
-0.9842772
-0.9844914
-0.98443097
-0.9844628
-0.98473215
-0.9844778
-0.98441786
-0.98422277
-0.98456144
-0.9844349
-0.9847936
-0.98380613
-0.9847745
-0.98503935
-0.98424023
-0.98486745
-0.98450375
-0.9840617
-0.98508304
-0.98440874
-0.985034
-0.98525286
-0.984975
-0.9851893
-0.98499054
-0.98536676
-0.9847401
-0.9851879
-0.9846133
-0.9842661
-0.9851759
-0.985278
-0.9848247
-0.98406434
-0.9848566
-0.98488915
-0.98517036
-0.98434526
-0.98481333
-0.98471624
-0.9847676
-0.9846001
-0.9846422
-0.9848406
-0.98458844
-0.9844882
-0.9846789
-0.9843363
-0.98392737
-0.984723
-0.98472524
-0.984344
-0.9852817
-0.9851907
-0.9846163
-0.98502904
-0.9846422
-0.9851728
-0.9846599
-0.98453355
-0.98491114
-0.98455435
-0.9850165
-0.98467267
-0.9854792
-0.9849748
-0.9852541
-0.9852997
-0.98546165
-0.98540944
-0.98535985
-0.9857485
-0.9860654
-0.98593414
-0.9848975
-0.9858681
-0.98558927
-0.9848792
-0.9849949
-0.98518795
-0.9852034
-0.98430634
-0.98546606
-0.98508066
-0.98551655
-0.98515654
-0.98485285
-0.9846959
-0.9851843
-0.9856949
-0.98559564
-0.98568064
-0.9853835
-0.985123
-0.9857551
-0.98552865
-0.9860432
-0.98600763
-0.9857634
-0.98569286
-0.98594815
-0.98599946
-0.9860252
-0.98526406
-0.9861736
-0.985635
-0.9852627
-0.9856014
-0.98595494
-0.9856988
-0.9858591
-0.98576117
-0.9860933
-0.98622954
-0.98631024
-0.9857597
-0.9860843
-0.9859291
-0.9859027
-0.98630404
-0.9862893
-0.98630387
-0.9865567
-0.98679715
-0.98617357
-0.9865844
-0.9862851
-0.9859939
-0.9861766
-0.9853716
-0.985492
-0.9860904
-0.9857508
-0.9857519
-0.9859899
-0.9859386
-0.9857947
-0.98603886
-0.9863717
-0.9853959
-0.98544616
-0.9860212
-0.9848104
-0.9857784
-0.9846973
-0.98578733
-0.9851506
-0.9854469
-0.9855025
-0.9857008
-0.9858516
-0.98576516
-0.98535085
-0.98469216
-0.98489416
-0.98527896
-0.98515636
-0.98571974
-0.98511654
-0.9849269
-0.98532987
-0.98566383
-0.98616356
-0.98523384
-0.98560435
-0.98496586
-0.98612523
-0.98531544
-0.98565674
-0.9863489
-0.98592305
-0.9866806
-0.98608065
-0.9861202
-0.98584604
-0.98589396
-0.9860869
-0.98591876
-0.9856591
-0.98555976
-0.98576885
-0.9859755
-0.98582333
-0.9857887
-0.98576885
-0.9860957
-0.9866328
-0.98629487
-0.9861266
-0.9861627
-0.9859773
-0.98599607
-0.9865369
-0.98587584
-0.9864148
-0.98589545
-0.9862436
-0.98628336
-0.9864701
-0.98591524
-0.98646456
-0.986488
-0.9856565
-0.9858562
-0.986581
-0.9860832
-0.986143
-0.9859692
-0.9863318
-0.9865607
-0.9865959
-0.98640263
-0.98670554
-0.9869141
-0.98619246
-0.9867274
-0.9867924
-0.9862489
-0.9863746
-0.9858463
-0.9861765
-0.98608845
-0.9859409
-0.98580444
-0.98606545
-0.9857836
-0.98592234
-0.98590565
-0.9862889
-0.98607975
-0.9856834
-0.986539
-0.9862768
-0.98553306
-0.9858477
-0.9862534
-0.9863171
-0.9858804
-0.98595166
-0.9859957
-0.98668784
-0.98618287
-0.9857465
-0.9866394
-0.9866682
-0.9866011
-0.98625505
-0.9856306
-0.9866562
-0.98625034
-0.9869161
-0.98624873
-0.9865333
-0.98610175
-0.9867938
-0.9866476
-0.98633605
-0.98620164
-0.9865165
-0.986363
-0.98678106
-0.9866299
-0.98610425
-0.9864499
-0.98604923
-0.9861229
-0.9865617
-0.9857634
-0.9856586
-0.9861541
-0.9863261
-0.98620445
-0.98585576
-0.9867072
-0.9866727
-0.9862067
-0.9861672
-0.98571926
-0.98570055
-0.98589015
-0.98544776
-0.9852062
-0.98518765
-0.985394
-0.9847498
-0.98555845
-0.9849186
-0.985128
-0.986131
-0.9862977
-0.9863376
-0.98600715
-0.98645794
-0.9864043
-0.98675144
-0.98673123
-0.9864078
-0.98652834
-0.98678225
-0.9867889
-0.9861309
-0.98681885
-0.9863031
-0.98651314
-0.98647845
-0.98642987
-0.9860921
-0.98637164
-0.9858506
-0.9863134
-0.98554265
-0.98579973
-0.9857558
-0.98674226
-0.9861915
-0.98659784
-0.9860887
-0.98631865
-0.9865427
-0.98630136
-0.9861902
-0.9869358
-0.98590046
-0.9861878
-0.98603225
-0.9861557
-0.9860319
-0.98645806
-0.986456
-0.9861957
-0.9860253
-0.9864124
-0.9867197
-0.98652387
-0.98670137
-0.9859476
-0.98679644
-0.98650986
-0.9864384
-0.9867677
-0.9872524
-0.9874946
-0.9871406
-0.9871596
-0.9875837
-0.9870552
-0.98692137
-0.98698103
-0.9877348
-0.98698264
-0.98653436
-0.9873357
-0.9873513
-0.98764545
-0.9869189
-0.9874066
-0.98784137
-0.98709345
-0.9863929
-0.9871944
-0.987776
-0.98627746
-0.9874128
-0.98712736
-0.9872842
-0.98760027
-0.9867296
-0.9869002
-0.98722535
-0.98669875
-0.98724085
-0.98696333
-0.986663
-0.98650914
-0.9869075
-0.9867222
-0.9862544
-0.98678297
-0.98683
-0.9869552
-0.986757
-0.987338
-0.98668814
-0.98721534
-0.9871912
-0.98704314
-0.986702
-0.98681295
-0.98687387
-0.98682225
-0.98708767
-0.9866238
-0.9873224
-0.98689854
-0.98669195
-0.9870848
-0.9872335
-0.98704517
-0.9873137
-0.98686546
-0.9876465
-0.98765737
-0.9869055
-0.9871343
-0.98673
-0.98640877
-0.9866469
-0.9866129
-0.9873075
-0.9872845
-0.986614
-0.9870297
-0.9871073
-0.9877214
-0.9872878
-0.9876127
-0.9875738
-0.9874808
-0.9876669
-0.98789036
-0.98717475
-0.9877044
-0.9868272
-0.9872936
-0.98741806
-0.9871914
-0.9876467
-0.98702276
-0.98750234
-0.9872119
-0.9877378
-0.9873034
-0.98777384
-0.98801893
-0.9877615
-0.9874989
-0.98747647
-0.9872275
-0.9876028
-0.98798007
-0.98764014
-0.9876645
-0.9872268
-0.98816115
-0.98792154
-0.9871775
-0.98778087
-0.9881153
-0.9877187
-0.9883436
-0.9876626
-0.9882693
-0.98755324
-0.9885074
-0.9885003
-0.98833466
-0.9880716
-0.98871064
-0.9886167
-0.9884431
-0.9875743
-0.9879261
-0.98805934
-0.98717356
-0.98804647
-0.9872793
-0.9879804
-0.98692536
-0.98764056
-0.98653024
-0.98707414
-0.9876564
-0.9868258
-0.98684037
-0.98753005
-0.98683435
-0.987658
-0.9869882
-0.9871937
-0.9873396
-0.98711467
-0.9878042
-0.98815376
-0.98776543
-0.98818517
-0.9885771
-0.9876713
-0.98821515
-0.9885455
-0.9889383
-0.98845416
-0.98819584
-0.9888717
-0.98931116
-0.9886966
-0.9888853
-0.9884737
-0.98856556
-0.98869824
-0.9884956
-0.9877635
-0.98838496
-0.98880726
-0.98868155
-0.988733
-0.9886231
-0.9886208
-0.98878074
-0.9889314
-0.9888097
-0.9886268
-0.98854285
-0.9884597
-0.9882752
-0.98807335
-0.9890237
-0.9878923
-0.9887508
-0.98886424
-0.9876385
-0.98823583
-0.98885465
-0.9886923
-0.9884
-0.9888079
-0.9889333
-0.98870933
-0.98815036
-0.988458
-0.989066
-0.98916143
-0.9885097
-0.9886603
-0.9884223
-0.9881546
-0.98886764
-0.9887641
-0.9892955
-0.98897237
-0.98910373
-0.98883456
-0.9887232
-0.9890087
-0.98833567
-0.9880836
-0.9885076
-0.98849696
-0.9886042
-0.9879931
-0.98866063
-0.9888091
-0.98797363
-0.9881282
-0.9883542
-0.98820996
-0.9879214
-0.98883206
-0.9878463
-0.9881432
-0.9876888
-0.9885147
-0.9885075
-0.98879343
-0.9886313
-0.988418
-0.98845196
-0.9883503
-0.98848397
-0.98891383
-0.9889209
-0.98794067
-0.9886272
-0.9886592
-0.9892464
-0.98882335
-0.9891281
-0.9890265
-0.9884673
-0.98956376
-0.98902607
-0.9891895
-0.9890571
-0.98929393
-0.988951
-0.98893964
-0.9886165
-0.98840696
-0.9888867
-0.98809326
-0.9886045
-0.9882966
-0.98781407
-0.9877626
-0.98804843
-0.98790926
-0.98847914
-0.9876165
-0.98781705
-0.9881181
-0.9885221
-0.9878023
-0.98874706
-0.98918945
-0.9892659
-0.98911864
-0.98856497
-0.9892388
-0.98923606
-0.9888813
-0.9889145
-0.9893398
-0.9893041
-0.9889691
-0.98910624
-0.9887721
-0.9888308
-0.9894092
-0.98951256
-0.988785
-0.9893595
-0.98912776
-0.98882014
-0.9896339
-0.9895458
-0.98970836
-0.9892596
-0.98899287
-0.98939383
-0.98939085
-0.9891095
-0.9891512
-0.98845595
-0.9888202
-0.989228
-0.9890616
-0.9892419
-0.989447
-0.98920935
-0.9897285
-0.9885866
-0.9892798
-0.989287
-0.9877932
-0.9886003
-0.9887827
-0.98819333
-0.9894233
-0.98860943
-0.9886248
-0.98895663
-0.9889581
-0.9890716
-0.98929286
-0.98938805
-0.98926675
-0.98899657
-0.9900027
-0.9896629
-0.9888192
-0.98966944
-0.9896285
-0.98872256
-0.98957527
-0.98986095
-0.9892461
-0.98874074
-0.98918843
-0.9882626
-0.988765
-0.9886112
-0.98875546
-0.98950595
-0.9891884
-0.9893788
-0.98922616
-0.9883322
-0.9893165
-0.98910326
-0.98912776
-0.9894617
-0.9891276
-0.98952746
-0.9895177
-0.9895637
-0.99010956
-0.9901034
-0.9900152
-0.99028724
-0.9899148
-0.9891994
-0.98981273
-0.98992175
-0.9899477
-0.990288
-0.9898774
-0.9890809
-0.98988515
-0.9893219
-0.9888897
-0.9894524
-0.98981327
-0.9898719
-0.9899705
-0.9896589
-0.9893212
-0.98949605
-0.9896368
-0.9898488
-0.9905604
-0.9903357
-0.9897476
-0.9900304
-0.99018496
-0.9897644
-0.9900367
-0.98996985
-0.9891111
-0.989463
-0.9895872
-0.99013114
-0.98946834
-0.9894916
-0.98965293
-0.9895074
-0.9893084
-0.9891705
-0.9891572
-0.98952395
-0.98930925
-0.9885942
-0.98930585
-0.98887205
-0.98978645
-0.989345
-0.98919666
-0.9893989
-0.9897565
-0.9894824
-0.9899922
-0.98939645
-0.989337
-0.9893509
-0.98968285
-0.9887163
-0.9893752
-0.9892505
-0.9893941
-0.98873353
-0.9893144
-0.98972094
-0.98898697
-0.98954713
-0.9884081
-0.9893232
-0.9890421
-0.9892986
-0.9887497
-0.9891747
-0.9899643
-0.98961395
-0.9897004
-0.9891949
-0.9894078
-0.9892057
-0.98929703
-0.9897954
-0.99025154
-0.9901203
-0.98980653
-0.98967516
-0.9894624
-0.9902808
-0.98995936
-0.9898706
-0.9896314
-0.98949826
-0.98932093
-0.98982245
-0.9898137
-0.9900045
-0.9901175
-0.9897219
-0.9897489
-0.989535
-0.989838
-0.98974186
-0.99017435
-0.9894877
-0.9896561
-0.9900678
-0.9895996
-0.9896472
-0.9898066
-0.9897826
-0.9894762
-0.9900087
-0.99013245
-0.98973024
-0.9903709
-0.9904729
-0.990035
-0.9904022
-0.9901177
-0.9904369
-0.98980576
-0.98951095
-0.9887509
-0.989432
-0.98926413
-0.9893948
-0.9893479
-0.98922545
-0.98965335
-0.98952144
-0.98955417
-0.9898376
-0.9892761
-0.9896006
-0.990129
-0.98908305
-0.989801
-0.9894795
-0.98988056
-0.98972106
-0.9901709
-0.9903645
-0.9899093
-0.9902054
-0.99031365
-0.9904333
-0.99026453
