0.46409363859356156
0.3302523258556278
0.22869631206172247
0.2085656144107779
0.1106767978084752
0.1791500463345747
0.18270857424849263
0.15960426768364455
0.39378784581001236
0.34544950489308346
0.1654315959543802
0.24273612635676356
0.07515678335358686
0.42431289554315
0.32349671550450376
0.16314368661624168
0.14616542318469408
0.26020845039068197
0.13777656780789374
0.2768294961663504
0.23472035395775856
0.3221859613831411
0.7981306501866283
0.31674575702252056
0.6659313902943249
0.24996933229100102
0.569312503670711
0.18306205703715456
0.11833613500278176
0.4463021107293201
0.4664718959083957
0.38821506733326777
0.3917809072617502
0.30237504972187645
0.2443874678483973
0.13700275621285027
0.0347097452529465
0.20862600076494411
0.14781054910614683
0.033214340077961965
0.18623890095426643
0.31620686693400396
0.11752588563387814
0.08972419926553384
0.27179105363603184
0.41970606891524187
0.04457554061442226
0.42411366726634453
0.4083759943892318
0.060574137912236155
0.06992603159919818
0.19290408407724188
0.5358394954840091
0.304621806067362
0.18654731873620567
0.38526223219117756
0.16356908982991203
0.2495484044137117
0.1465534867730367
0.15655214010839982
0.29037984076432677
0.09900064830536397
0.17574511544574747
0.10772072951710705
0.2467148020649627
0.5187849848873453
0.0452839273684665
0.11291006940172917
0.005561358789727822
0.33447941060149144
0.3878114507525474
0.14274763679441158
0.3205218311199781
0.3286401615367004
0.2572171831257315
0.28834638025310316
0.2787419362718651
0.2005191128592289
0.5074306140121657
0.2886841094179985
0.2632991407939039
0.25440140160418506
0.13598190187503975
0.2389165861517958
0.44187721569140925
0.28830395617519133
0.1755287691073938
0.4194365777426503
0.34395307180150664
0.10060934686757186
0.3055156094352523
0.25054353824293435
0.2899057740333699
0.19728045537817862
0.1111398618389127
0.17491793018832236
0.44571934623261256
0.37125495862648555
0.4203019820238003
0.36895055970386337
0.11263450026176605
0.1981347642855495
0.3402233637706894
0.31475821394757575
0.20982036274617966
0.1350126904228665
0.09426236054624687
0.1570636778570299
0.2746219637490353
0.24456840800683063
0.21000311710320874
0.1124491924050584
0.24202560816325583
0.18640826208562097
0.14543845030472888
0.09258944621757567
0.17098031344055703
0.46055895880170516
0.30076415882279955
0.7295573059757198
0.8322401144896192
0.4028162145472941
0.06542196907037207
0.2620168551610721
0.2845888630474819
0.12945897372564816
0.9794898181271043
0.23665212428613697
0.1361827358345105
0.2406909537601744
0.3282904475614256
0.32795419418599586
0.28992181278139006
0.44018531300192004
0.23629571839631947
0.14025073044500455
0.1614534255408604
0.10356275897266848
0.6032567675291683
0.10604966379248473
0.20304695821766156
0.22593729034656623
0.25939137628464703
0.18775369019369084
0.5588891886097623
0.3078863721501495
0.30260183001961627
0.23381745803778595
0.1200664403548444
0.2555134632301029
0.20411991782081568
0.5144290492035584
0.42421497961076127
0.2521636419162894
0.09213259584482093
0.2768535562906574
0.11150362450502349
0.12147984581349004
0.1951015655194388
0.3046970450424421
0.1259428881987892
0.12491957213869216
0.37271527852262815
0.31195283874537405
0.10019691689982792
0.08475075616629581
0.23382936728272716
0.6133522443639814
0.9701446364895397
0.568902531779961
0.17132214483986075
0.45792946520587907
0.17561037849308414
0.29645582050545205
0.3560580335981715
0.0801684118925098
0.26310758394882433
1.0617774053219295
0.3805607900030043
0.39986423987936986
0.21036904368742493
0.28581118575802444
0.26914467645683016
0.44098968886284085
0.08918654489500348
0.22313039039685797
0.29215226026610414
0.1101886501947602
0.18095078572964043
0.360436460979593
0.41462282440276166
0.7236131106350471
0.11821210927964176
0.39934547355588773
0.2219308447707309
0.5565122980332066
0.402901306612364
0.34904230948869236
0.07375867044279334
0.34699862345894633
0.2707156017633437
0.3780283590998351
0.2894144005932746
0.0735731692210577
0.42508606858314524
0.12504276126401434
0.3667766517309302
0.016085670429130262
0.4340457036708268
0.18906075794124022
0.37630585192004995
0.3009076522995212
0.3838957068477034
0.41714630916072243
0.31359075986304863
0.2656456135793543
0.0363457756765199
0.25541491387523785
0.43021041495481965
0.19562926922331988
0.2353123800551375
0.3221743774916972
0.17065084631868688
0.2709839663395793
0.15733170923000672
0.5952375006479568
0.4382159376408846
0.18272664924133003
0.3843390239223334
0.2656474980615275
0.21179429569274347
0.07228191805944428
0.22081276210957052
0.41598619594121256
0.47307686605560584
0.394572786267351
0.3897322832369974
0.2601322459335404
0.1083451673042993
0.15581741215030667
0.36225518047703853
0.30660584462957713
0.02778689787335287
0.24816268250779033
0.18843523267413195
0.21556524791046214
0.09435698504512986
0.5556116886985691
0.24419647314474727
0.2616265479475656
0.2960485233736802
0.3951897777907548
0.31783093718602357
0.22741613021956106
0.10577246639732862
0.09671396074548598
0.4223669296039091
0.2205709559576874
0.10101677629872303
0.5448191005178047
0.5572727638373293
0.3681070194710569
0.21869150022012976
0.21921792188856623
0.28147035205393783
0.2840781130876045
0.32524383550499436
0.22000193308176277
0.6545365305145316
0.061722953725202485
0.10280296005728623
0.3920743640636651
0.11905228787627029
0.27123154861563625
0.11597488713126197
0.24717334135763708
0.13014400162188614
0.22235056551499613
0.3240789174209243
0.7058940169739035
0.05058439555150254
0.29446290437405126
0.1732778582679698
0.18971555919031075
0.31099504778196
0.1207248415807101
0.01610109022558588
0.09728455571736243
0.3778920313771249
0.2808091203009406
0.34014492528553025
0.28292397296911526
0.4684472134608342
0.45316170221047164
0.5520484617494107
0.36014953041816355
0.31949872772739357
0.2836053212313242
0.5591639471545721
0.259884277441775
0.6108540040545762
0.38152029049547365
0.32930479624755005
0.2524060298366448
0.38717414612143136
0.16055277288378017
0.3960142170972894
0.6155477861641135
0.3297147905703925
0.26781833345030365
0.30967834789287674
0.3773710106736726
0.2189312707184503
0.3044558868686126
0.40390320041007094
0.36564749622198744
0.302838060284055
0.15093456300779767
0.2935311980511768
0.17229913888353274
0.32230920480781006
0.15951253593091574
0.3708811595255551
0.21188437692580797
0.10150172779628114
0.3231289814079111
0.7644704623165179
0.6668925259688134
0.6474144668267348
0.3890187358932264
0.4966115605976825
0.3931590231972463
0.2753286348309862
0.1859493701750801
0.20470736447627982
0.4662719896295398
0.5371186214042731
0.22388697540442043
0.21188299261899404
0.3868064885193848
0.35122952966774246
0.16225705475053248
0.1708913580889624
0.5025916355077537
0.4036020989532149
0.24571179839415067
0.2338289702300083
0.10180976384811258
0.19212223973849452
0.47737108403349005
0.10174639633136362
0.35002782131557914
0.5447219724976065
0.5537141832654465
0.47439441011435735
0.49949049570141785
0.39172817166837204
0.3726364251892644
0.17761813590050832
0.23328801696549928
0.13983472479013512
0.1489645669260034
0.11628632877947719
0.19335219265336076
0.19693314367814474
0.179458020026987
0.23538094015033595
0.13178786284358146
0.18498974692210285
0.3166257791532184
0.028115181519330873
0.1158947208472462
0.23778618112563776
0.12340042654581887
0.05081762757276603
0.23665044100877486
0.2145399959716619
0.2330118423931594
0.29399778280936667
0.45871144225409277
0.10230910151469648
0.15641778980432167
0.2463946893829133
0.28494575329217786
0.507335756708409
0.07684717847262132
0.4153000846158231
0.05834709401282236
0.2794403508900713
0.20301859725727694
0.16562230630052135
0.26029855934589574
0.2498879702255573
0.2932814976135499
0.16332847451580396
0.3267792940162657
0.16012640218248944
0.1368533949663991
0.23592800922736618
0.18167015084867744
0.1382155287632031
0.0076249215461907695
0.23139067478091022
0.3645393331045212
0.5684816234158406
0.19632998577202906
0.1967560697235521
0.39742466735800874
0.05570853469745044
0.31593758319620396
0.29883969213925693
0.34261611155792926
0.5364181188063267
0.35672169355768785
0.04378933094588061
0.1632592194028146
0.4127177716147847
0.06131301602664939
0.1779516260931304
0.3941434203344058
0.2010780643280939
0.2248734291335107
0.46047055879196935
0.329042083411774
0.4020784886690923
0.23860624801983785
0.18143729597996322
0.23293492091332405
0.15227870335109858
0.2093296609173928
0.34922616254582295
0.009148267390694938
0.21563448691368722
0.4199741781086594
0.14612860538021746
0.4338526568398264
0.0764242313849523
0.48024662340820445
0.38994061636785005
0.6854915287980873
0.2688374642517689
0.2170286322175176
0.4165949198442175
0.44133010813284707
0.4821744227140546
0.43430212950160413
0.4945881734435396
0.15186600216481422
0.42954443162692063
0.19366845899478707
0.0506951963087317
0.13709334267902237
0.45928958547474097
0.5518501736130839
0.16221251036131354
0.27080347691653295
0.15315778617024256
0.3387483241408323
0.25335758327819946
0.16567928150778616
0.012522722917964151
0.18702988613191732
0.18023942228391587
0.3362720748385968
0.07342267628973298
0.35449307949507114
0.5156215454687756
0.21059496029356733
0.16760131565000216
0.11141098198492956
0.10352316074660657
0.26430683219851864
0.05298878593674381
0.32460761346710293
0.0830480986854272
0.10105703735765442
0.36993991386547515
0.41659608749011096
0.29015813996422957
0.24719496852720196
0.3417518422371434
0.41128909020210824
0.3745021483159503
0.3383919985174484
0.24451383481350852
0.13136447224217765
0.18567989016884723
0.1922430393480968
0.18218541825895665
0.24009295783737658
0.5187164538233882
0.5956639270931917
0.21627489918014414
0.1550333067988541
0.23215911393792535
0.49816532832193866
0.37325592818515485
0.43636200362977084
0.2891648190507255
0.08314626217850453
0.26740673795970576
0.05478730650204531
0.25926195361589366
0.2288410508074011
0.4497178165892221
0.009996267522471625
0.3621745087030355
0.272424999494377
0.26351231015587406
0.2797224920580106
0.4020487545296658
0.30628357277402807
0.2057976415219806
0.25033613287274253
0.31785962493353687
0.1674009713494988
0.14470451944754933
0.17283706322041406
0.2835953866886155
0.1614787560758626
0.3065090001226857
0.15508763845578735
0.005789817045167498
0.34932087927059896
0.14044467395890578
0.19433632150295854
0.17967049825332115
0.19622084792291933
0.1640085542567637
0.23266061612884736
0.2229118315205719
0.36014207871922616
0.31006812942170314
0.2431373789592833
0.09881223758748946
0.1860446015070972
0.4733185736431067
0.1512513627693423
0.36681368699287875
0.29989943640954675
0.25709072500043106
0.23356449577333954
0.20674940254684784
0.1681169927664567
0.3427130463826819
0.5076429270629743
0.5786014651821566
0.08199691019149818
0.28099266902412906
0.3652264036665989
0.10946358017879208
0.037641404796284784
0.15546104820819856
0.2123736443809655
0.2370783544606266
0.5204409786875634
0.4093524731227569
0.08575389382879639
0.06174343453396296
0.32185503179877817
0.6726260785495728
0.27085728470992915
0.035638265185033435
0.053670653933555156
0.04692011186535767
0.12297547943905743
0.3924660665391226
0.3863827558356004
0.4135492848950668
0.25623162078977507
0.19860963365824102
0.25144695205402456
0.13942390888223924
0.11865478803866034
0.36581518698901744
0.5290765980661339
0.26969903354311553
0.2857780722682134
0.22145706688910802
0.29582067615977936
0.07289701795615097
0.14349939882826895
0.16580609261160306
0.6759741787858272
0.4172229383659939
0.294780696034691
0.43318238962420325
0.17861207982084495
0.4087712919587616
0.08264114152246993
0.40819198882636626
0.21644437021740326
0.20585798491247034
0.04672721097383583
0.08838062988106762
0.4267346993830753
0.36616769145561473
0.40014170801027715
