-0.6494333
-0.6532313
-0.657558
-0.66443866
-0.66721743
-0.680871
-0.66582185
-0.6955077
-0.69750834
-0.70633626
-0.7026399
-0.70810246
-0.7010884
-0.7127599
-0.7034716
-0.7145724
-0.7312964
-0.71144414
-0.7213498
-0.73829454
-0.72949076
-0.72762704
-0.7324987
-0.72398597
-0.7339253
-0.75140184
-0.7491152
-0.75713116
-0.7516174
-0.7452891
-0.7648681
-0.76686513
-0.7711482
-0.77243495
-0.77442455
-0.7809075
-0.7845334
-0.7856272
-0.79887944
-0.800202
-0.80171365
-0.8066425
-0.81355745
-0.81898874
-0.8160263
-0.81370544
-0.82533056
-0.8212429
-0.8218834
-0.83437914
-0.8397776
-0.8390706
-0.8357787
-0.85209525
-0.84419656
-0.8508848
-0.8498996
-0.85680795
-0.8609909
-0.8587702
-0.8658462
-0.85915977
-0.8645394
-0.87315077
-0.86641425
-0.8696216
-0.8709693
-0.8757471
-0.8725686
-0.87034005
-0.8739432
-0.8746231
-0.87565684
-0.8806096
-0.8798204
-0.87871975
-0.8817233
-0.8811406
-0.8808852
-0.885967
-0.88661975
-0.8853139
-0.89196324
-0.88144696
-0.8901329
-0.8886649
-0.8891749
-0.89883447
-0.8938972
-0.89754343
-0.8980384
-0.8955765
-0.8971679
-0.8924992
-0.90003747
-0.8992778
-0.9048482
-0.90112984
-0.8999399
-0.9027348
-0.9024305
-0.90178967
-0.89745367
-0.903079
-0.90437007
-0.90048754
-0.89876217
-0.9027038
-0.8983891
-0.9031601
-0.9059076
-0.89980835
-0.9005729
-0.9062145
-0.8979135
-0.9012815
-0.90013963
-0.907661
-0.9002428
-0.898624
-0.9057617
-0.89872015
-0.90322936
-0.9053901
-0.908765
-0.9092158
-0.9088315
-0.9014877
-0.9049587
-0.90477294
-0.8996345
-0.9110327
-0.9070903
-0.9034929
-0.90772355
-0.9034881
-0.9091669
-0.9098332
-0.9079637
-0.91004634
-0.90521944
-0.903614
-0.9011556
-0.9018988
-0.9103397
-0.9093832
-0.9084583
-0.9065031
-0.9109284
-0.91131544
-0.9115751
-0.90328646
-0.9113324
-0.9089107
-0.9100091
-0.90997016
-0.90603125
-0.908571
-0.9035948
-0.91039026
-0.9114521
-0.9094517
-0.91156983
-0.9087708
-0.9112086
-0.9114998
-0.9129695
-0.9110818
-0.9133782
-0.90914845
-0.91168433
-0.90979826
-0.9147652
-0.9091006
-0.9128493
-0.910809
-0.91069555
-0.9095851
-0.9172583
-0.9134164
-0.9147327
-0.91400045
-0.9084344
-0.91751015
-0.91452044
-0.91206694
-0.9166546
-0.91378564
-0.9127149
-0.90926814
-0.91600394
-0.9117158
-0.912439
-0.91540563
-0.91569513
-0.91367006
-0.91377276
-0.91332716
-0.9123447
-0.91785
-0.9166569
-0.912969
-0.91939956
-0.9166864
-0.9160195
-0.9148891
-0.9143653
-0.913794
-0.9166082
-0.9205678
-0.9117385
-0.91381973
-0.9168995
-0.9065197
-0.9169351
-0.9141593
-0.91735387
-0.9189313
-0.9184619
-0.9101792
-0.9134873
-0.9152008
-0.91384745
-0.9166024
-0.9131537
-0.9117543
-0.91525763
-0.91212475
-0.9161883
-0.9196395
-0.9142488
-0.9162548
-0.9149724
-0.9176508
-0.9148636
-0.92041034
-0.9185846
-0.91672355
-0.9196162
-0.91792476
-0.91662925
-0.9166273
-0.92292136
-0.91618776
-0.9181324
-0.9158331
-0.9193218
-0.91382784
-0.91973454
-0.9184116
-0.9228449
-0.9188955
-0.9221775
-0.9206024
-0.9207455
-0.9198598
-0.9150245
-0.91977924
-0.917486
-0.920827
-0.9165021
-0.9180746
-0.9183764
-0.9187492
-0.918358
-0.9191874
-0.9184908
-0.91962844
-0.92176735
-0.91960526
-0.92203
-0.9180333
-0.9154979
-0.92113143
-0.918462
-0.92161804
-0.91716284
-0.92165536
-0.92051584
-0.91919047
-0.91970533
-0.9152047
-0.9177017
-0.9163396
-0.9208258
-0.9198813
-0.91505027
-0.9192682
-0.92032117
-0.92063046
-0.92483354
-0.9225571
-0.92036873
-0.9226019
-0.91902333
-0.9238392
-0.9175669
-0.92217463
-0.9194749
-0.92126524
-0.92005986
-0.92540693
-0.9213118
-0.92121613
-0.9176699
-0.92202544
-0.9217384
-0.9223954
-0.92232186
-0.915762
-0.918308
-0.9217057
-0.9208577
-0.91823703
-0.91960377
-0.92450994
-0.9192801
-0.9243018
-0.9190247
-0.92259157
-0.92206395
-0.9232214
-0.92011625
-0.9227468
-0.9226387
-0.9267731
-0.9234091
-0.92571664
-0.920333
-0.921249
-0.92574227
-0.9264702
-0.921988
-0.9208573
-0.9254208
-0.9230363
-0.9224427
-0.92407566
-0.92394006
-0.9249531
-0.9240252
-0.9253831
-0.9229671
-0.92412156
-0.9231961
-0.92280304
-0.92398477
-0.9231257
-0.9262173
-0.925379
-0.9237372
-0.9278168
-0.9183947
-0.92363745
-0.92579705
-0.92436457
-0.92547476
-0.924362
-0.92539525
-0.9247377
-0.92132914
-0.9224945
-0.9258528
-0.9227388
-0.9219305
-0.9238536
-0.9249261
-0.92502284
-0.92313355
-0.9228361
-0.92630184
-0.92121506
-0.9254086
-0.9242869
-0.92276424
-0.92216504
-0.92178863
-0.92676437
-0.9245668
-0.9222481
-0.92674196
-0.9212027
-0.9245673
-0.9247899
-0.9254132
-0.9282112
-0.923968
-0.92824215
-0.92703176
-0.92472064
-0.9276156
-0.9215957
-0.92499804
-0.92307144
-0.92451054
-0.92756855
-0.92533255
-0.9249582
-0.9266744
-0.9258845
-0.92218924
-0.93068796
-0.92238945
-0.9244871
-0.92578864
-0.92280805
-0.92333776
-0.92436993
-0.9283619
-0.92388785
-0.9263313
-0.9231213
-0.92699796
-0.9247097
-0.92693824
-0.92728823
-0.9268903
-0.9232622
-0.9271728
-0.9283047
-0.92169625
-0.9258613
-0.92501116
-0.928354
-0.9253823
-0.9268317
-0.926653
-0.9272004
-0.92733866
-0.9247137
-0.92464
-0.9287644
-0.92744666
-0.9256782
-0.9243515
-0.9245121
-0.92997015
-0.92881584
-0.92666703
-0.92318976
-0.9257428
-0.9256632
-0.9268344
-0.9237095
-0.9243834
-0.9289487
-0.92624795
-0.92670697
-0.92794776
-0.9296163
-0.9292078
-0.93070173
-0.92554367
-0.92741674
-0.9305647
-0.9301415
-0.9228929
-0.92701143
-0.92282814
-0.92278624
-0.9250632
-0.92161655
-0.92956346
-0.92627394
-0.9280698
-0.9244946
-0.92645705
-0.9291697
-0.9265016
-0.9265224
-0.9226678
-0.92566705
-0.93066496
-0.9246928
-0.9266765
-0.9283988
-0.92851126
-0.9268112
-0.92814595
-0.92853105
-0.9291049
-0.9277146
-0.92805576
-0.9281486
-0.9266273
-0.92603636
-0.9283269
-0.92903
-0.925915
-0.9283451
-0.9269561
-0.9275854
-0.9246901
-0.9258446
-0.92560625
-0.92975336
-0.9317483
-0.9268081
-0.92253536
-0.92171764
-0.9277369
-0.92868453
-0.925455
-0.9283864
-0.92571723
-0.92865366
-0.92871004
-0.9257111
-0.9282232
-0.92246723
-0.92874914
-0.92559177
-0.92513263
-0.92858464
-0.928307
-0.92737526
-0.9279503
-0.930543
-0.92547536
-0.92741644
-0.92574257
-0.926194
-0.92527574
-0.92767334
-0.92753077
-0.92621315
-0.9303626
-0.9315957
-0.92707443
-0.9239366
-0.9264956
-0.9305176
-0.9299148
-0.9301988
-0.92949015
-0.9231364
-0.92504853
-0.9248249
-0.92734903
-0.92578834
-0.93122345
-0.928069
-0.9328649
-0.9243364
-0.9281086
-0.9276091
-0.92742604
-0.92856026
-0.9230984
-0.93017524
-0.92688787
-0.9287124
-0.9287252
-0.93101174
-0.9280203
-0.9255857
-0.93022734
-0.9244652
-0.9281599
-0.928179
-0.929108
-0.92585474
-0.9285718
-0.92700696
-0.9270462
-0.92835087
-0.9316593
-0.9269313
-0.9246798
-0.9275083
-0.92762303
-0.9320897
-0.92836
-0.9291565
-0.92637855
-0.9296913
-0.927931
-0.9279346
-0.9301784
-0.93056697
-0.92529833
-0.9280743
-0.92821014
-0.930238
-0.9259446
-0.92633164
-0.927379
-0.9288793
-0.930989
-0.9255436
-0.9297072
-0.92924017
-0.9304595
-0.9321143
-0.9260435
-0.92983925
-0.9277403
-0.92779934
-0.9254911
-0.9266363
-0.9245874
-0.9280335
-0.9284173
-0.9313635
-0.92716044
-0.92871094
-0.9291036
-0.927836
-0.9285205
-0.9305513
-0.9271538
-0.9300625
-0.9295819
-0.9266153
-0.929638
-0.92414224
-0.9301347
-0.93002594
-0.9310601
-0.92717665
-0.9288705
-0.9254523
-0.93075997
-0.9275714
-0.92826223
-0.92682177
-0.9270243
-0.9303362
-0.92862004
-0.93206656
-0.92927843
-0.931355
-0.9275252
-0.9348364
-0.9284424
-0.931844
-0.93137544
-0.9299097
-0.93152124
-0.92867935
-0.9265083
-0.9317933
-0.9252032
-0.9275099
-0.925045
-0.926253
-0.92343426
-0.9301054
-0.93151116
-0.9281905
-0.9279566
-0.9343024
-0.9262665
-0.9276232
-0.9237802
-0.9300849
-0.93060756
-0.9321883
-0.92891264
-0.9315136
-0.92874616
-0.9296449
-0.9330827
-0.9301915
-0.9275017
-0.9293581
-0.9331643
-0.9283594
-0.9307133
-0.9304452
-0.93210095
-0.92709905
-0.9313519
-0.93063533
-0.9319318
-0.9272572
-0.93330884
-0.9321514
-0.9310528
-0.92808723
-0.927834
-0.932669
-0.92852265
-0.92812705
-0.92786634
-0.93054515
-0.92830527
-0.9286818
-0.928524
-0.9238868
-0.9324705
-0.9293297
-0.9300025
-0.93176305
-0.9295524
-0.9280547
-0.93114185
-0.92887324
-0.92629135
-0.9326041
-0.9311617
-0.93409413
-0.9287573
-0.92998356
-0.92934895
-0.93071294
-0.92727
-0.93093705
-0.9299077
-0.9281581
-0.9317285
-0.93202096
-0.93051493
-0.92948407
-0.93296516
-0.93010455
-0.9302229
-0.9330897
-0.9268887
-0.9295846
-0.93306255
-0.93063724
-0.92997473
-0.930457
-0.9283925
-0.928042
-0.9299681
-0.9276152
-0.93253624
-0.9369423
-0.9310932
-0.92698485
-0.9257698
-0.92947906
-0.9241587
-0.9328103
-0.9307753
-0.92513365
-0.9283095
-0.9306382
-0.93089217
-0.93023956
-0.9284473
-0.928031
-0.9280163
-0.9326374
-0.9278469
-0.931657
-0.9343798
-0.9316118
-0.92895746
-0.9301763
-0.9319107
-0.9321647
-0.93096197
-0.9310306
-0.932359
-0.92835623
-0.92967045
-0.9302901
-0.92642456
-0.93329906
-0.93186194
-0.9349879
-0.9329333
-0.9283523
-0.9297818
-0.9295051
-0.929497
-0.9297986
-0.93485594
-0.93211615
-0.93206674
-0.93023634
-0.9345083
-0.9308837
-0.93080854
-0.9296961
-0.9321332
-0.9303506
-0.9298342
-0.9313336
-0.93264955
-0.9320123
-0.9309192
-0.92979854
-0.9279786
-0.9285092
-0.92895764
-0.93323624
-0.93173003
-0.9333577
-0.9325992
-0.9289747
-0.92848504
-0.92947066
-0.9297004
-0.93191487
-0.93172807
-0.931968
-0.92726296
-0.9336292
-0.9331942
-0.93591994
-0.93191457
-0.9311032
-0.9315543
-0.9310092
-0.9325543
-0.9306561
-0.93371993
-0.93057895
-0.9352258
-0.92995965
-0.93169075
-0.9284218
-0.9316603
-0.9293136
-0.93163866
-0.92669564
-0.93294597
-0.92763126
-0.93077224
-0.92943823
-0.93061435
-0.92775166
-0.9320596
-0.9345361
-0.9307535
-0.93161327
-0.93149257
-0.93281007
-0.93386364
-0.93375885
-0.9338587
-0.9358945
-0.9314178
-0.93053913
-0.9325591
-0.9294472
-0.9282674
-0.9327047
-0.93094814
-0.9283856
-0.93166095
-0.9298019
-0.9354758
-0.9294887
-0.931265
-0.92784333
-0.93178165
-0.9332463
-0.9312341
-0.9300077
-0.92965335
-0.93251896
-0.93014026
-0.93237215
-0.9344268
-0.93122655
-0.92820543
-0.9306509
-0.93305653
-0.93490636
-0.93047327
-0.92920905
-0.93316734
-0.9287605
-0.93104947
-0.9303989
-0.9345087
-0.93311477
-0.93194294
-0.9325478
-0.9281415
-0.9303966
-0.93140095
-0.93273294
-0.9326667
-0.9326006
-0.92904145
-0.9348558
-0.9276523
-0.93253565
-0.93195236
-0.9321546
-0.93108356
-0.9339036
-0.9331709
-0.9353867
-0.9300271
-0.9282153
-0.9327267
-0.9288328
-0.93336135
-0.9329248
-0.93288606
-0.9285286
-0.93389636
-0.9324226
-0.93638474
-0.92755145
-0.93164474
-0.9317064
-0.93229073
-0.92986715
-0.92833006
-0.9366196
-0.93128896
-0.9342835
-0.9325799
-0.9295764
-0.93525887
-0.9334559
-0.93263894
-0.93507135
-0.9306593
-0.9317378
-0.93038225
-0.93272793
-0.9355825
-0.934264
-0.9328031
-0.9273602
-0.93148386
-0.9298584
-0.93120235
-0.9303582
-0.9342362
-0.9337881
-0.92864406
-0.93540174
-0.9345802
-0.9395296
-0.9321485
-0.93126166
-0.9310226
-0.93277967
-0.9347154
-0.9300578
-0.93076664
-0.9319359
-0.93192244
-0.9312656
-0.9343703
-0.9346507
-0.9319472
-0.9326631
-0.9324931
-0.93798465
-0.9313039
-0.93348014
-0.9340434
-0.9321827
-0.9371695
-0.93202716
-0.9300693
-0.9396799
-0.92916745
-0.93353903
-0.93442667
-0.9317478
-0.9257536
-0.9310688
-0.9327168
-0.9322331
-0.9357708
-0.92989534
-0.93229395
-0.92794734
-0.9287792
-0.9349922
-0.93010145
-0.93260235
-0.93233633
-0.933686
-0.9323484
-0.93735975
-0.9336453
-0.9338973
-0.93079567
-0.93250287
-0.93413484
-0.93495476
-0.93326634
-0.9356976
-0.9345159
-0.93184847
-0.9308635
-0.93406576
-0.9352127
-0.9310321
-0.9319835
-0.93548656
-0.93075615
-0.933236
-0.935165
-0.9325229
-0.93355906
-0.9295951
-0.9303293
-0.9351393
-0.9329439
-0.9338933
-0.9300764
-0.9343927
-0.9330223
-0.934396
-0.9372481
-0.9329248
-0.9363216
-0.93345153
-0.9284866
-0.9289825
-0.9327805
-0.932822
-0.9329949
-0.9321087
-0.9352585
-0.93511254
-0.933331
-0.9336075
-0.93131083
-0.9316855
-0.9360946
-0.93518525
-0.93713534
-0.9346994
-0.9347274
-0.9343617
-0.9341863
-0.92879075
-0.9333513
-0.9333422
-0.92980886
-0.9290605
-0.9340171
-0.9307165
-0.9335055
-0.9316588
-0.93368477
-0.93412983
-0.9346133
-0.9309138
-0.9330667
-0.93446225
-0.93134487
-0.93446547
-0.9321227
-0.931663
-0.9310645
-0.93207216
-0.93011206
-0.92708606
-0.9371416
-0.9275276
-0.93332016
-0.93546945
-0.93083906
-0.9319954
-0.9347026
-0.9329078
-0.93164927
-0.932532
-0.9356773
-0.93425846
-0.9305956
-0.93247163
-0.9327268
-0.9354649
-0.9341483
-0.932901
-0.9327714
-0.9361782
-0.9322012
-0.93392384
-0.93398654
-0.9320411
-0.9340576
-0.93384653
-0.9314543
-0.9304043
-0.9361419
-0.93818164
-0.93363696
-0.93207
-0.9354271
-0.9336542
-0.9330604
-0.9355745
-0.9314782
-0.93334436
-0.93312424
-0.9347949
-0.9348843
-0.93439364
-0.93353605
-0.93268114
-0.9337227
-0.9326507
-0.93522465
-0.93111527
-0.93224597
-0.9300445
-0.93335474
-0.9355963
-0.9370826
-0.9289833
-0.932751
-0.92820203
-0.93457764
-0.9334108
-0.9289285
-0.93413055
-0.93359774
-0.9296565
-0.9354508
-0.9347076
-0.93918145
-0.9355299
-0.9372312
-0.930442
-0.9344397
-0.93311185
-0.9354525
-0.9309765
-0.9363928
-0.9349238
-0.9371512
-0.9304606
-0.9342529
-0.9333116
-0.933035
-0.936636
-0.9334113
-0.9357383
-0.9339568
-0.93690866
-0.93316966
-0.9342133
-0.9325258
-0.9345731
-0.93416107
-0.93363833
-0.9319024
-0.9338168
-0.9362602
-0.9356692
-0.9300471
-0.93398595
-0.93740684
-0.93240714
-0.934471
-0.93224937
-0.9355483
-0.9321087
-0.93526995
-0.9375943
-0.93359
-0.9337676
-0.9333301
-0.9335777
-0.93081015
-0.93479097
-0.92887187
-0.9325453
-0.9346521
-0.93591976
-0.9318667
-0.93160343
-0.9351263
-0.9326986
-0.93137485
-0.93726623
-0.9296507
-0.93381006
-0.93305665
-0.93241924
-0.9348213
-0.9352813
-0.9329208
-0.9306747
-0.93157655
-0.9358236
-0.93646115
-0.93592584
-0.9386925
-0.9343119
-0.9366999
-0.93758374
-0.9349496
-0.9338315
-0.93549126
-0.9338988
-0.9339247
-0.93440235
-0.93988734
-0.9345059
-0.93564874
-0.93572515
-0.9345815
-0.9310728
-0.9401627
-0.93001336
-0.93680716
-0.932916
-0.9349311
-0.93214256
-0.9349182
-0.93402165
-0.9367555
-0.93286395
-0.9310342
-0.9350271
-0.9304262
-0.9378715
-0.93579316
-0.9324929
-0.9352164
-0.9301154
-0.9351628
-0.93385136
-0.93435484
-0.93637234
-0.93320364
-0.9344702
-0.9351474
-0.9338925
-0.9345084
-0.9331378
-0.93186975
-0.93283635
-0.9299591
-0.9349268
-0.93090624
-0.9395909
-0.9340849
-0.93754214
-0.93432456
-0.9348684
-0.93527013
-0.9402526
-0.9372888
-0.9332255
-0.9354816
-0.93540585
-0.9349447
-0.93307906
-0.9338585
-0.9332377
-0.9377012
-0.9391737
-0.93435603
-0.9388135
-0.935486
-0.93654513
-0.9308166
-0.9382375
-0.9333304
-0.93389726
-0.93819207
-0.93389684
-0.93847954
-0.9367374
-0.93580705
-0.93463665
-0.9338983
-0.9370947
-0.9366749
-0.93512046
-0.93734837
-0.935057
-0.93378305
-0.93362033
-0.9361885
-0.9358676
-0.93384516
-0.9351815
-0.9325464
-0.93647647
-0.9340716
-0.9348594
-0.93571126
-0.9369556
-0.9350362
-0.9301725
-0.93681663
-0.93550384
-0.9313459
-0.93741566
-0.9353422
-0.93750954
-0.937586
-0.93107176
-0.9344902
-0.93591404
-0.9359644
-0.9361187
-0.9339203
-0.93631625
-0.93386734
-0.9338736
-0.9317369
-0.9317839
-0.9365427
-0.9338182
-0.93742824
-0.9347705
-0.93444306
-0.93334144
-0.9348941
-0.93717504
-0.9372069
-0.93588096
-0.93863016
-0.9315627
-0.9369318
-0.93849456
-0.9349863
-0.9283536
-0.9338382
-0.9389676
-0.93576807
-0.9319131
-0.93700016
-0.93495303
-0.93672395
-0.9334373
-0.9345728
-0.9361884
-0.93564045
-0.93464744
-0.9355119
-0.9376893
-0.93466896
-0.9353046
-0.93601906
-0.93169993
-0.9353816
-0.9338407
-0.9392388
-0.93062866
-0.9358699
-0.9324588
-0.93130493
-0.93860686
-0.93439716
-0.93562883
-0.9342168
-0.93885857
-0.93376315
-0.9384174
-0.93692124
-0.93406355
-0.93553334
-0.9345711
-0.93212813
-0.94067085
-0.9350228
-0.94158584
-0.9351158
-0.93583596
-0.94003594
-0.9358
-0.9350668
-0.934912
-0.93856263
-0.9350368
-0.93768895
-0.937255
-0.9339877
-0.93799436
-0.93805903
-0.9339933
-0.93785155
-0.93586266
-0.93503016
-0.9383635
-0.938823
-0.9352036
-0.9347836
-0.93785435
-0.934521
-0.9378923
-0.93672204
-0.93674076
-0.93367696
-0.9351701
-0.9341991
-0.93166757
-0.9354887
-0.9340871
-0.9348636
-0.9332907
-0.93524605
-0.9337737
-0.93137246
-0.940654
-0.9349367
-0.9392345
-0.93727696
-0.93389493
-0.93585914
-0.9382089
-0.93323654
-0.93372256
-0.9384118
-0.9355699
-0.93362206
-0.9345742
-0.9315627
-0.9343467
-0.9333729
-0.9385601
-0.9367148
-0.93627656
-0.93089473
-0.9393622
-0.93777406
-0.9370703
-0.9352906
-0.93729985
-0.93608385
-0.93227255
-0.93486327
-0.94163585
-0.93745273
-0.9351883
-0.93858075
-0.9378235
-0.9321785
-0.93895966
-0.93446696
-0.93583566
-0.93415713
-0.9351538
-0.9320319
-0.939805
-0.9312939
-0.9380729
-0.9367279
-0.9352705
-0.93653965
-0.93799025
-0.93611246
-0.93670315
-0.93697506
-0.93856955
-0.9391779
-0.9365687
-0.93637097
-0.93351644
-0.9343513
-0.93281233
-0.9321475
-0.9352566
-0.94022566
-0.9356054
-0.9339699
-0.9352805
-0.93298167
-0.9387472
-0.93712944
-0.93719524
-0.9335529
-0.93385285
-0.9332953
-0.93603754
-0.9364998
-0.9354259
-0.93540925
-0.93447214
-0.9335097
-0.93527985
-0.9372034
-0.93780315
-0.9377479
-0.93259144
-0.93700695
-0.9378482
-0.93773514
-0.93368715
-0.93810374
-0.9333591
-0.93679935
-0.9363224
-0.93595934
-0.93738115
-0.9365475
-0.9363371
-0.9358457
-0.93470705
-0.9364451
-0.93174
-0.9350731
-0.9358586
-0.93483126
-0.93468416
-0.9362089
-0.936525
-0.93567675
-0.9350804
-0.93727463
-0.93713486
-0.9384617
-0.93563205
-0.9352157
-0.9382229
-0.935256
-0.94045454
-0.93806744
-0.9335315
-0.93380713
-0.9355857
-0.9302041
-0.93374443
-0.9339472
-0.936002
-0.9352676
-0.93475133
-0.93497
-0.9360906
-0.93721455
-0.93520033
-0.936228
-0.9358927
-0.93721044
-0.93497986
-0.93996346
-0.9418039
-0.9367889
-0.9350108
-0.9367098
-0.9389128
-0.9341383
-0.9356469
-0.9340966
-0.9369208
-0.9355113
-0.93532676
-0.937791
-0.93523586
-0.9385601
-0.9346351
-0.93749994
-0.9329009
-0.93313557
-0.93673915
-0.9355397
-0.9316021
-0.9345202
-0.9355315
-0.9360048
-0.9369927
-0.937023
-0.93775207
-0.93509495
-0.9375932
-0.9351338
-0.9348744
-0.9357127
-0.93728423
-0.934655
-0.9356897
-0.94079447
-0.93677986
-0.93524367
-0.9354896
-0.9353189
-0.9341132
-0.93633103
-0.9371787
-0.9346589
-0.93743604
-0.93896836
-0.93655246
-0.93805027
-0.9369011
-0.9358184
-0.9334247
-0.9356014
-0.9369095
-0.93462384
-0.93745106
-0.93795913
-0.9380155
-0.93546396
-0.9375341
-0.9372805
-0.93785703
-0.93571085
-0.9385484
-0.9358346
-0.9334571
-0.93982875
-0.9365122
-0.9370197
-0.9392495
-0.9365939
-0.93546087
-0.93474716
-0.9393976
-0.9348954
-0.94136584
-0.9368619
-0.9345333
-0.93387455
-0.93682396
-0.9356838
-0.9384017
-0.9336842
-0.9359429
-0.9335623
-0.9372484
-0.9382041
-0.93466103
-0.93492335
-0.933853
-0.93557775
-0.9361861
-0.9357812
-0.9322835
-0.9348455
-0.93822414
-0.936409
-0.93650997
-0.9342753
-0.93733084
-0.93435246
-0.9400687
-0.9361998
-0.93244153
-0.9342812
-0.93822557
-0.9403301
-0.93479127
-0.9376045
-0.93725115
-0.9380786
-0.9350474
-0.9404593
-0.9421924
-0.9363426
-0.93712234
-0.93533444
-0.9389538
-0.93541765
-0.9345922
-0.9351811
-0.9389989
-0.9355203
-0.9342314
-0.9342499
-0.93534756
-0.9396577
-0.93909
-0.93813026
-0.93726254
-0.93645954
-0.93931144
-0.93614596
-0.93684775
-0.9362019
-0.9380008
-0.93789357
-0.93624556
-0.9362439
-0.9377613
-0.93861806
-0.9341276
-0.93391395
-0.9392041
-0.9367083
-0.93737805
-0.9350889
-0.9400281
-0.93580675
-0.9374299
-0.9299536
-0.9401486
-0.9356526
-0.9355056
-0.93777573
-0.93818104
-0.93736714
-0.9378386
-0.9374209
-0.9402626
-0.93989915
-0.9370896
-0.94026196
-0.9378316
-0.9356712
-0.9391008
-0.93849605
-0.9319281
-0.9333931
-0.93691814
-0.9357672
-0.9336764
-0.9381419
-0.93991876
-0.93681693
-0.9392399
-0.9414377
-0.9362839
-0.93703127
-0.937061
-0.93775845
-0.9374466
-0.9414849
-0.9412811
-0.9335435
-0.93716156
-0.9387952
-0.9399844
-0.9374289
-0.93257964
-0.93545157
-0.9347549
-0.9356088
-0.93506277
-0.9347874
-0.9371574
-0.93603176
-0.9366277
-0.934348
-0.93969965
-0.9338981
-0.939308
-0.9333297
-0.9381765
-0.93585503
-0.93991184
-0.9392895
-0.93686104
-0.9359551
-0.9350486
-0.9375525
-0.9368015
-0.93865675
-0.9383669
-0.9369054
-0.93960357
-0.93918884
-0.9372191
-0.9378956
-0.9377741
-0.93722504
-0.93590355
-0.93801963
-0.9374365
-0.93432224
-0.935708
-0.9363756
-0.93899184
-0.9373992
-0.9385513
-0.9366299
-0.93776834
-0.9340023
-0.9403856
-0.93572384
-0.9415081
-0.9394876
-0.9368342
-0.93724865
-0.9406578
-0.93548125
-0.9381352
-0.9364166
-0.937983
-0.9397589
-0.94026256
-0.9358991
-0.9334708
-0.9395499
-0.9328596
-0.9364909
-0.9360498
-0.9356137
-0.93845534
-0.9380066
-0.93442804
-0.93566734
-0.93807554
-0.9378419
-0.9381586
-0.93948746
-0.9378926
-0.93592834
-0.93605894
-0.9357961
-0.942483
-0.9372979
-0.9360089
-0.9353013
-0.93558514
-0.9375285
-0.9389292
-0.9378065
-0.93462217
-0.9374362
-0.94004714
-0.93716675
-0.9403469
-0.9387344
-0.93915325
-0.9369641
-0.9400918
-0.9340088
-0.9359706
-0.9320637
-0.93944955
-0.94151247
-0.9356243
-0.9312276
-0.9394507
-0.93406856
-0.9341689
-0.9365573
-0.93894356
-0.93608457
-0.9394385
-0.9359215
-0.9362275
-0.93670213
-0.9339083
-0.93437266
-0.93666714
-0.9364707
-0.93861383
-0.9365324
-0.93497676
-0.93704516
-0.93691415
-0.9359079
-0.9347068
-0.9341699
-0.939161
-0.9352389
-0.9372183
-0.93723387
-0.93553853
-0.9366138
-0.93854314
-0.9397584
-0.93671376
-0.9368502
-0.93947697
-0.93740124
-0.9359849
-0.93702674
-0.9391719
-0.9365819
-0.93663484
-0.93606603
-0.9383251
-0.9372793
-0.93828464
-0.9387596
-0.93646467
-0.939317
-0.9386007
-0.9345172
-0.9383273
-0.93880475
-0.9332586
-0.94012934
-0.9397996
-0.93754727
-0.9376579
-0.9370932
-0.93967956
-0.93803203
-0.93874496
-0.9372644
-0.9345752
-0.9362013
-0.9382112
-0.93812215
-0.9361495
-0.93731314
-0.9369708
-0.94077474
-0.93858504
-0.9366885
-0.93535894
-0.93462175
-0.9381186
-0.93803275
-0.9355875
-0.93885416
-0.9358683
-0.9380743
-0.9380142
-0.93570393
-0.93430465
-0.9363591
-0.93799305
-0.94075656
-0.9356955
-0.9399041
-0.93707395
-0.9352728
-0.9371421
-0.9383466
-0.9365003
-0.93681455
-0.9387878
-0.9378969
-0.93497056
-0.941088
-0.93792737
-0.9370314
-0.937873
-0.93613863
-0.9388237
-0.9394712
-0.93229336
-0.936989
-0.93568784
-0.93506205
-0.9383514
-0.9354124
-0.93843055
-0.9336763
-0.93877435
-0.93773884
-0.9379606
-0.93856573
-0.9425373
-0.93700176
-0.937054
-0.93716943
-0.9401349
-0.93607926
-0.9371848
-0.9364336
-0.9378227
-0.9393941
-0.9340892
-0.93832695
-0.93750006
-0.93814677
-0.94031036
-0.94074357
-0.9389657
-0.9386921
-0.94072026
-0.9356955
-0.93516743
-0.93573755
-0.93684864
-0.94241744
-0.9373205
-0.93856925
-0.93804663
-0.9367672
-0.93763375
-0.9364741
-0.93882823
-0.938715
-0.9376807
-0.9358274
-0.93992835
-0.9386867
-0.9387012
-0.9361007
-0.94016516
-0.9400795
-0.9386134
-0.937589
-0.94140077
-0.93987584
-0.9377232
-0.9374004
-0.9367148
-0.937525
-0.9385158
-0.9388627
-0.9344884
-0.93600005
-0.93914515
-0.93423104
-0.9354721
-0.9404625
-0.94215095
-0.93732804
-0.9365745
-0.93636954
-0.9382703
-0.9377945
-0.93746537
-0.94012886
-0.9367611
-0.9388231
-0.93857586
-0.93521553
-0.94182783
-0.9351212
-0.9399164
-0.94082934
-0.9354411
-0.9357623
-0.9344877
-0.9390493
-0.9383113
-0.9365352
-0.93939173
-0.93419856
-0.93758553
-0.93576545
-0.9386365
-0.93981844
-0.93785286
-0.93616676
-0.93751305
-0.9401389
-0.9409121
-0.93736
-0.93717366
-0.9377171
-0.9382997
-0.93837297
-0.9418666
-0.9368586
-0.93643713
-0.93793184
-0.93746287
-0.9383517
-0.93478715
-0.9420486
-0.9342996
-0.9399408
-0.9393986
-0.9391609
-0.9384551
-0.93854934
-0.93652695
-0.9400198
-0.93959
-0.93879414
-0.9407202
-0.9382526
-0.93833727
-0.93717986
-0.9367229
-0.9369458
-0.94023716
-0.93884397
-0.93601567
-0.9385442
-0.93693
-0.93960464
-0.9374095
-0.9401672
-0.9415127
-0.9395752
-0.93749475
-0.9392932
-0.94037277
-0.936216
-0.9359128
-0.9361441
-0.9396098
-0.9388969
-0.9363113
-0.93906504
-0.9412718
-0.9357947
-0.937584
-0.9383089
-0.93843806
-0.93413454
-0.93976736
-0.93798417
-0.9376224
-0.9367263
-0.9422933
-0.93682796
-0.93460196
-0.93816066
-0.9377487
-0.9395133
-0.9359269
-0.9399261
-0.94029427
-0.9391615
-0.93757755
-0.9353261
-0.9383514
-0.9417259
-0.93799734
-0.9367349
-0.9318056
-0.94080025
-0.93609786
-0.93898994
-0.9444055
-0.9396045
-0.9363265
-0.93686074
-0.93977845
-0.9373448
-0.9402229
-0.93951106
-0.9397577
-0.94053906
-0.9406813
-0.9371727
-0.9370227
-0.93966335
-0.93495363
-0.9372934
-0.940485
-0.9392363
-0.94088936
-0.93894637
-0.9409429
-0.93777436
-0.9398066
-0.938186
-0.9376455
-0.9385873
-0.93631977
-0.94065106
-0.93465346
-0.93670416
-0.93908286
-0.9371972
-0.93652564
-0.93700427
-0.940186
-0.93795055
-0.9402132
-0.9373128
-0.9340994
-0.9338552
-0.9349022
-0.9388345
-0.93675137
-0.9387763
-0.94234955
-0.94010836
-0.9359327
-0.9375434
-0.93735844
-0.9385154
-0.9383312
-0.93848974
-0.93968064
-0.9382193
-0.93592256
-0.9361246
-0.93487257
-0.9385296
-0.9399884
-0.9417992
-0.9365117
-0.9387123
-0.9376214
-0.93719405
-0.9312874
-0.93806446
-0.9385411
-0.9387573
-0.9392935
-0.9384303
-0.93735844
-0.9395781
-0.9382046
-0.94019586
-0.9385698
-0.93753374
-0.93342704
-0.9383343
-0.93723124
-0.94078743
-0.9382997
-0.9386666
-0.93791795
-0.93704945
-0.93573445
-0.93501353
-0.9328182
-0.94133306
-0.93861485
-0.9405039
-0.9391365
-0.9403506
-0.9365894
-0.93999887
-0.9405788
-0.9409235
-0.93986946
-0.9407453
-0.9368968
-0.93521506
-0.94217235
-0.93285364
-0.93646264
-0.935586
-0.9410169
-0.9368535
-0.936699
-0.93847877
-0.93579674
-0.9402331
-0.9408269
-0.93867934
-0.9388028
-0.935371
-0.93424565
-0.9392521
-0.936539
-0.939239
-0.9373432
-0.93447876
-0.9378044
-0.93686897
-0.9423208
-0.94033414
-0.93874955
-0.93547684
-0.93833303
-0.9368373
-0.9356826
-0.9370712
-0.94034094
-0.9391774
-0.9404707
-0.93806297
-0.9354346
-0.9424599
-0.9363959
-0.93956155
-0.9390947
-0.94170034
-0.93671215
-0.93852663
-0.937789
-0.938001
-0.94077873
-0.94032544
-0.93943274
-0.94074416
-0.9397498
-0.9432594
-0.9401006
-0.9385568
-0.94163036
-0.9401772
-0.9385355
-0.9396915
-0.9396809
-0.93843555
-0.9359587
-0.9390526
-0.93811584
-0.9411204
-0.9393957
-0.938721
-0.93540436
-0.9426637
-0.9425208
-0.9388729
-0.9367912
-0.9359445
-0.9369136
-0.9379018
-0.93916976
-0.9400053
-0.93945926
-0.93781966
-0.93683016
-0.9379696
-0.93858904
-0.93544096
-0.93835396
-0.94002336
-0.93607354
-0.94136083
-0.9410134
-0.9392471
-0.9368159
-0.93866533
-0.93755895
-0.9379702
-0.9379126
-0.940093
-0.9393132
-0.9406501
-0.9385129
-0.9376143
-0.9366268
-0.9394286
-0.9417038
-0.9401072
-0.936336
-0.9379651
-0.93560857
-0.94181675
-0.9368446
-0.93787175
-0.9406936
-0.9398483
-0.9365909
-0.9410425
-0.9381519
-0.94056636
-0.9361399
-0.93959874
-0.93911576
-0.94128555
-0.9396284
-0.9406356
-0.93500966
-0.94070727
-0.94108534
-0.9400861
-0.940285
-0.9374161
-0.9397304
-0.93937933
-0.9400151
-0.93778795
-0.938503
-0.9396219
-0.9396553
-0.94166774
-0.94001293
-0.93960065
-0.9404375
-0.9377903
-0.9381771
-0.9390595
-0.93549293
-0.9390129
-0.940098
-0.9395045
-0.93808776
-0.9393677
-0.9416592
-0.9385689
-0.937138
-0.9398941
-0.93727463
-0.93883544
-0.94227695
-0.9396584
-0.93977994
-0.9407936
-0.93346554
-0.9379572
-0.939857
-0.937281
-0.93967587
-0.93841547
-0.9386901
-0.9389193
-0.93913704
-0.9389022
-0.93842167
-0.9388689
-0.9389573
-0.9421594
-0.9397077
-0.9398577
-0.93895817
-0.9418252
-0.93870926
-0.9382824
-0.9376998
-0.93817663
-0.9396395
-0.9404275
-0.9387922
-0.9368324
-0.9411604
-0.94246477
-0.940611
-0.94247603
-0.939947
-0.93831074
-0.9389087
-0.9420903
-0.9372419
-0.9383361
-0.93865085
-0.9409871
-0.93933487
-0.9354383
-0.9388988
-0.9397265
-0.9370841
-0.9390258
-0.93906003
-0.93840873
-0.9388019
-0.93910426
-0.94013715
-0.93824655
-0.9392703
-0.9364023
-0.9378643
-0.93973553
-0.93996847
-0.9390792
-0.93792963
-0.9363718
-0.93969005
-0.9396819
-0.94121283
-0.9356269
-0.93764573
-0.941941
-0.93974346
-0.9401359
-0.9399691
-0.94235164
-0.9399003
-0.936151
-0.93811435
-0.9381776
-0.93882626
-0.93678147
-0.93865055
-0.94194436
-0.9399551
-0.93935573
-0.9395752
-0.9373569
-0.9365466
-0.94205356
-0.93572956
-0.93922794
-0.9402589
-0.9409757
-0.93719655
-0.9368843
-0.9354565
-0.93462104
-0.93462646
-0.9407455
-0.9348404
-0.9387291
-0.93818516
-0.9419689
-0.9415994
-0.93894
-0.9383348
-0.9365528
-0.94109595
-0.93607384
-0.9368891
-0.9374442
-0.94093436
-0.9397548
-0.93888015
-0.93687963
-0.94026154
-0.94022
-0.9365858
-0.9402195
-0.9394869
-0.9399563
-0.93940794
-0.94175345
-0.9411796
-0.94436175
-0.9369197
-0.9387089
-0.9392237
-0.9390561
-0.9414274
-0.93605715
-0.9406804
-0.9389125
-0.93998325
-0.9417462
-0.9410139
-0.9422575
-0.93965805
-0.9398989
-0.9427718
-0.9388713
-0.938259
-0.9358126
-0.9402295
-0.9342967
-0.93455803
-0.9390977
-0.93670624
-0.9382335
-0.9396754
-0.93888825
-0.93891746
-0.9392293
-0.93467355
-0.93800545
-0.9396452
-0.93932825
-0.9376531
-0.9368085
-0.9395557
-0.93796957
-0.9368822
-0.9342317
-0.9397031
-0.93945855
-0.9408917
-0.94096756
-0.9424446
-0.93940365
-0.93868953
-0.9405405
-0.939302
-0.9354272
-0.9404174
-0.9393124
-0.93911785
-0.9374951
-0.940999
-0.94362813
-0.94139266
-0.94212735
-0.9408294
-0.9423846
-0.9383525
-0.93824005
-0.9384723
-0.9428839
-0.93515676
-0.94113976
-0.9388383
-0.9419605
-0.9412244
-0.93982255
-0.9404401
-0.9377884
-0.9415403
-0.9383499
-0.9386917
-0.9372297
-0.9385913
-0.9405521
-0.94017684
-0.9383966
-0.9405828
-0.9390997
-0.9408734
-0.93750274
-0.9370866
-0.93916535
-0.93713486
-0.9381757
-0.9376709
-0.94033515
-0.93658787
-0.9374282
-0.9419642
-0.94167703
-0.93869555
-0.937214
-0.9363145
-0.9405628
-0.9370606
-0.9418778
-0.94024986
-0.94321126
-0.93607277
-0.93966544
-0.944014
-0.9384828
-0.93758285
-0.93834937
-0.93983924
-0.937578
-0.94167525
-0.9406
-0.9420293
-0.9386655
-0.9378034
-0.93986535
-0.9410594
-0.9410544
-0.9407696
-0.9400408
-0.9373863
-0.93839985
-0.94471616
-0.9408071
-0.9363354
-0.9412027
-0.94042856
-0.9352469
-0.94163585
-0.9391067
-0.9381812
-0.9377996
-0.93522406
-0.94040406
-0.94091684
-0.9372295
-0.938786
-0.936516
-0.93988955
-0.94010514
-0.9378437
-0.9394313
-0.9381499
-0.93623364
-0.94156355
-0.9377855
-0.93959415
-0.9377023
-0.94236
-0.9370993
-0.941184
-0.93884766
-0.9365053
-0.94050694
-0.94085515
-0.9387439
-0.93958557
-0.9411321
-0.93898517
-0.9420546
-0.9408314
-0.9359311
-0.9391829
-0.9383723
-0.93905723
-0.9383758
-0.9371813
-0.9411444
-0.94335014
-0.93681705
-0.9419682
-0.93839777
-0.9391691
-0.9385355
-0.9417569
-0.9384711
-0.9384259
-0.9397476
-0.9362261
-0.93899894
-0.9404957
-0.9411577
-0.9391003
-0.9383216
-0.9360648
-0.94047314
-0.9384697
-0.9351872
-0.9383164
-0.9383173
-0.94068867
-0.94127357
-0.94270456
-0.9397319
-0.94106984
-0.9429474
-0.93715334
-0.93734837
-0.9412151
-0.9385849
-0.9414603
-0.9398815
-0.93839586
-0.9416098
-0.93832093
-0.9375297
-0.9378539
-0.93827176
-0.940968
-0.9353469
-0.9425726
-0.9393596
-0.9401469
-0.9399431
-0.9384576
-0.9366365
-0.9390713
-0.93804467
-0.93835205
-0.9384035
-0.9380067
-0.94023997
-0.9370773
-0.94010735
-0.94034743
-0.94053185
-0.93756694
-0.9413651
-0.94068545
-0.93891054
-0.94195896
-0.9400409
-0.93993074
-0.9385286
-0.94151443
-0.93862396
-0.93855286
-0.9414698
-0.9414068
-0.93979955
-0.9413471
-0.9440801
-0.937691
-0.9391716
-0.93923706
-0.9401344
-0.9412664
-0.93705165
-0.94034696
-0.9389364
-0.9379363
-0.93611085
-0.94141334
-0.9387148
-0.9410491
-0.94006896
-0.943578
-0.93768317
-0.9410308
-0.9371836
-0.9414835
-0.93911636
-0.9418182
-0.9377073
-0.9390985
-0.93861383
-0.94168454
-0.93832874
-0.94287765
-0.9380743
-0.9379904
-0.9421124
-0.9415529
-0.9388197
-0.939145
-0.9407265
-0.93973756
-0.93901145
-0.93756443
-0.9390743
-0.9392632
-0.9376709
-0.94087523
-0.9411452
-0.9378775
-0.94143105
-0.936252
-0.94009143
-0.9387786
-0.93940085
-0.93785083
-0.9388101
-0.9422404
-0.9382106
-0.9388157
-0.94130105
-0.9401565
-0.9403579
-0.9380515
-0.93470407
-0.93601847
-0.940143
-0.93769383
-0.94131553
-0.93900406
-0.94079643
-0.93753827
-0.9405561
-0.9371514
-0.9391274
-0.941333
-0.94178367
-0.93900156
-0.93939966
-0.93972003
-0.9381572
-0.9378721
-0.9401879
-0.94091386
-0.9409929
-0.9383844
-0.9388659
-0.9359032
-0.94230866
-0.9383897
-0.9398014
-0.9394951
-0.9383634
-0.94057107
-0.9391543
-0.94185233
-0.93819267
-0.9403598
-0.93929493
-0.9383836
-0.9424082
-0.9407707
-0.939379
-0.93757063
-0.94207597
-0.9392383
-0.9403364
-0.94047076
-0.9390851
-0.93911916
-0.9387086
-0.9416388
-0.9407033
-0.93953806
-0.9403591
-0.94043124
-0.93975323
-0.9366419
-0.9417024
-0.93771404
-0.93918973
-0.93965566
-0.9383165
-0.93854004
-0.9394732
-0.94397056
-0.9395342
-0.9405857
-0.93604517
-0.93524516
-0.9407282
-0.9407488
-0.94075054
-0.9412611
-0.9424784
-0.94180053
-0.941931
-0.9404068
-0.939423
-0.94097567
-0.9391743
-0.94220686
-0.9410302
-0.9373213
-0.93918097
-0.9383953
-0.9365063
-0.9455989
-0.94504106
-0.93976384
-0.94362634
-0.9393512
-0.94324183
-0.9381018
-0.94131076
-0.94120806
-0.94036037
-0.9392401
-0.94151664
-0.9402739
-0.938308
-0.9371876
-0.9418512
-0.93742627
-0.9385492
-0.93926656
-0.9408309
-0.9411734
-0.93809783
-0.94135344
-0.94065356
-0.9416608
-0.9419912
-0.9392299
-0.9444595
-0.9398989
-0.9398288
-0.9390232
-0.9408899
-0.9406948
-0.9398304
-0.9418741
-0.93766797
-0.94241637
-0.94003344
-0.9396789
-0.9407845
-0.9393532
-0.9402645
-0.939782
-0.9396718
-0.9400241
-0.9365838
-0.9404602
-0.94340444
-0.93968433
-0.9407029
-0.93866533
-0.9392933
-0.940572
-0.93934214
-0.94167185
-0.94088507
-0.9420306
-0.9422453
-0.94262975
-0.94023186
-0.9402644
-0.9427759
-0.93984795
-0.94215786
-0.9389467
-0.9394166
-0.9413274
-0.9398402
-0.9410097
-0.9424631
-0.937074
-0.9414839
-0.93817204
-0.9379297
-0.9404791
-0.93911856
-0.93971914
-0.9409019
-0.94063026
-0.9408316
-0.93883216
-0.94008076
-0.93732387
-0.9403718
-0.9399874
-0.9386147
-0.9418391
-0.9397424
-0.9414104
-0.9370137
-0.94299614
-0.94171077
-0.94157594
-0.9434997
-0.94157934
-0.93966323
-0.9360706
-0.9369091
-0.94065446
-0.9381107
-0.93923867
-0.9367713
-0.9395486
-0.9398723
-0.93585354
-0.9408701
-0.93868256
-0.9390428
-0.9384272
-0.9367814
-0.94143134
-0.94120485
-0.9398436
-0.9378433
-0.9411639
-0.93742055
-0.9409025
-0.93909985
-0.93942916
-0.9426616
-0.9387453
-0.94032454
-0.9384535
-0.93495697
-0.94162345
-0.9403152
-0.9433848
-0.93944645
-0.9400131
-0.94209486
-0.93602496
-0.9442049
-0.937952
-0.9426768
-0.93939877
-0.94067645
-0.94005024
-0.9386861
-0.94167864
-0.9393873
-0.9402162
-0.93717587
-0.9411498
-0.9396677
-0.9389149
-0.939721
-0.9374728
-0.9391846
-0.9425608
