-0.51647604
-0.5191959
-0.5181221
-0.5188742
-0.52320755
-0.53606665
-0.53580993
-0.5430381
-0.53584784
-0.5409787
-0.5441418
-0.54656845
-0.53374124
-0.546787
-0.54982495
-0.5438727
-0.5522799
-0.5474266
-0.5625925
-0.5607897
-0.55481696
-0.5564265
-0.56161374
-0.5599911
-0.57542676
-0.5747682
-0.5755081
-0.5808811
-0.5761472
-0.58169776
-0.575246
-0.59005064
-0.58397114
-0.6001686
-0.5957178
-0.59465104
-0.5957135
-0.600668
-0.6057437
-0.6129626
-0.6074064
-0.6105859
-0.5996608
-0.6147622
-0.6177111
-0.6274264
-0.6208407
-0.6205743
-0.63255775
-0.6291223
-0.6297361
-0.6295785
-0.63395953
-0.6203337
-0.6271727
-0.62441784
-0.62455297
-0.63102657
-0.61969244
-0.625575
-0.6259723
-0.6325765
-0.6271174
-0.63632303
-0.63787335
-0.62878704
-0.6377222
-0.6426881
-0.641969
-0.6338211
-0.6397006
-0.63905156
-0.6371332
-0.63883144
-0.645149
-0.6412704
-0.63823813
-0.63364476
-0.6370723
-0.6359397
-0.64716804
-0.6445146
-0.6409463
-0.6367598
-0.6434703
-0.64557207
-0.6387009
-0.6442233
-0.63927305
-0.64863837
-0.6489877
-0.6437144
-0.64211816
-0.6475508
-0.6433991
-0.63543195
-0.6421665
-0.65103406
-0.6432344
-0.6399708
-0.64596754
-0.6501675
-0.64134014
-0.64776677
-0.64574164
-0.65599096
-0.6392365
-0.65183765
-0.645799
-0.64893615
-0.6482743
-0.6522006
-0.64690226
-0.64463097
-0.64415574
-0.64755744
-0.6530527
-0.6521432
-0.6581647
-0.646172
-0.6558955
-0.64945936
-0.6509825
-0.6569922
-0.65899396
-0.64630526
-0.6509864
-0.64922875
-0.6587369
-0.64737606
-0.65059626
-0.64710116
-0.6590146
-0.6590713
-0.65651095
-0.6468545
-0.6581418
-0.64907825
-0.6590231
-0.65264
-0.6515538
-0.6655285
-0.6537512
-0.66698813
-0.65269506
-0.6600677
-0.65831584
-0.66285336
-0.65489554
-0.66044086
-0.66191226
-0.6623025
-0.6561214
-0.6578949
-0.65896267
-0.66082764
-0.6517693
-0.65296113
-0.67131835
-0.66036814
-0.66592354
-0.6655572
-0.6638304
-0.6590873
-0.6603278
-0.655165
-0.6662186
-0.6619593
-0.6621145
-0.6542399
-0.66466576
-0.6670899
-0.67154837
-0.6601897
-0.66346043
-0.6673232
-0.66402644
-0.66205263
-0.6697076
-0.67167944
-0.6687204
-0.65532404
-0.6719409
-0.6710817
-0.6712085
-0.67229813
-0.66508394
-0.67327577
-0.6736042
-0.66723
-0.67035663
-0.67340297
-0.6731453
-0.6702845
-0.6718586
-0.669106
-0.67083573
-0.6743589
-0.6723184
-0.67245823
-0.6767377
-0.67112374
-0.6711744
-0.6732366
-0.67945343
-0.68044096
-0.6782488
-0.6766634
-0.68204176
-0.6794256
-0.6709739
-0.6734182
-0.6732481
-0.67208135
-0.6848081
-0.6804538
-0.68066233
-0.681594
-0.679272
-0.6854892
-0.6751473
-0.68455124
-0.6854774
-0.68537116
-0.68024415
-0.68062884
-0.67700887
-0.6867784
-0.681652
-0.683696
-0.68373024
-0.6829089
-0.6768755
-0.6830986
-0.69015956
-0.68107677
-0.68863416
-0.68677443
-0.68531054
-0.6847999
-0.68597645
-0.69161934
-0.68881035
-0.68247783
-0.68624854
-0.6847614
-0.6862688
-0.6867115
-0.68965495
-0.6867986
-0.68648356
-0.68412566
-0.6888045
-0.6893308
-0.6858116
-0.68651754
-0.6910721
-0.68908554
-0.69297576
-0.6847084
-0.68512195
-0.694632
-0.6945784
-0.69562745
-0.68429434
-0.69265306
-0.6957325
-0.6949358
-0.69432074
-0.6913232
-0.69595057
-0.69483757
-0.68945754
-0.6936033
-0.69659305
-0.69188964
-0.6898882
-0.7012859
-0.6959635
-0.7027537
-0.69973624
-0.6980556
-0.6934735
-0.6956175
-0.6938181
-0.69416076
-0.7046435
-0.6954522
-0.6983127
-0.70340794
-0.7047464
-0.7083772
-0.6895092
-0.69947827
-0.6961604
-0.7033332
-0.7057214
-0.7010969
-0.70214635
-0.6998482
-0.70717585
-0.6975602
-0.6982933
-0.70645326
-0.7051419
-0.7060026
-0.6969621
-0.70338625
-0.704803
-0.7071988
-0.7093102
-0.70318806
-0.70353967
-0.71020603
-0.7118851
-0.70490247
-0.7056805
-0.71259606
-0.70979756
-0.69951177
-0.7111724
-0.71198905
-0.7117193
-0.70681494
-0.70215213
-0.70834994
-0.7073853
-0.71254474
-0.70469755
-0.7089189
-0.71054524
-0.7080217
-0.7073516
-0.70935416
-0.720358
-0.7073749
-0.70464903
-0.7128824
-0.71161383
-0.71290636
-0.716597
-0.7175071
-0.7121572
-0.71509254
-0.71411365
-0.7081512
-0.7181639
-0.7179083
-0.7170906
-0.7180797
-0.71566767
-0.7214456
-0.7201707
-0.7137622
-0.71977806
-0.7127388
-0.7134215
-0.7135066
-0.7174148
-0.72305363
-0.7180508
-0.7223406
-0.718529
-0.7212416
-0.7212142
-0.7194663
-0.7165035
-0.7254781
-0.72473437
-0.721997
-0.724978
-0.72323364
-0.7172675
-0.721717
-0.7213483
-0.7215346
-0.7239252
-0.72039336
-0.7206184
-0.7201097
-0.71974105
-0.7251261
-0.7181499
-0.7224319
-0.7238024
-0.722615
-0.72595334
-0.73034495
-0.7239111
-0.7303463
-0.7282639
-0.73145837
-0.7270407
-0.72633106
-0.730285
-0.7291014
-0.7274998
-0.7266497
-0.73050284
-0.7318762
-0.7326015
-0.7268969
-0.726137
-0.7276135
-0.7260767
-0.7324366
-0.73139626
-0.7281744
-0.72633624
-0.72487766
-0.73177886
-0.7243107
-0.7311718
-0.72870255
-0.7317549
-0.7358481
-0.7325021
-0.7308626
-0.7369896
-0.73262066
-0.73097813
-0.73495024
-0.73080206
-0.733283
-0.7315546
-0.7293209
-0.7344666
-0.7295896
-0.73153716
-0.736348
-0.73696923
-0.7379328
-0.7393457
-0.73391753
-0.7402723
-0.73901325
-0.72801113
-0.73474276
-0.7380245
-0.73622084
-0.7339404
-0.7362847
-0.7381498
-0.7367055
-0.7365995
-0.7346767
-0.7392399
-0.73601526
-0.74092937
-0.73926246
-0.7298481
-0.7420532
-0.73944646
-0.7384611
-0.7460324
-0.7350939
-0.74530524
-0.7445354
-0.7343802
-0.7393782
-0.73914295
-0.73266506
-0.74582046
-0.73644346
-0.7415398
-0.7377231
-0.74030864
-0.74460095
-0.7450084
-0.73734415
-0.73953694
-0.7421229
-0.743864
-0.74220204
-0.7396628
-0.7472966
-0.73810965
-0.73920506
-0.73951554
-0.7426996
-0.7452934
-0.74345416
-0.74700683
-0.74215394
-0.7461906
-0.7391392
-0.7454154
-0.74637717
-0.74390066
-0.7445492
-0.74420726
-0.7502736
-0.7469072
-0.74695206
-0.7449281
-0.7452312
-0.75040793
-0.74745196
-0.7399612
-0.7474678
-0.74829966
-0.75149
-0.7476046
-0.74823594
-0.746948
-0.7475324
-0.74547803
-0.7477948
-0.74957496
-0.7499962
-0.7493248
-0.7487136
-0.7502094
-0.7480086
-0.7510304
-0.74482965
-0.74788874
-0.75256956
-0.74379826
-0.74909234
-0.7463279
-0.7513645
-0.75088316
-0.74688363
-0.7509308
-0.7478735
-0.7505277
-0.75156075
-0.7519047
-0.7546037
-0.7514282
-0.7452823
-0.75244325
-0.7554968
-0.75031954
-0.74997574
-0.7498575
-0.7504708
-0.75466293
-0.7507918
-0.74826074
-0.7477781
-0.7527857
-0.74324703
-0.75531507
-0.7466096
-0.75439703
-0.754986
-0.74783385
-0.74977654
-0.75336677
-0.7516907
-0.75348616
-0.75166065
-0.7500645
-0.75956106
-0.74748904
-0.75355643
-0.74471414
-0.7457864
-0.7572202
-0.7538042
-0.7483541
-0.75152665
-0.7514459
-0.75373065
-0.75189066
-0.7514859
-0.7514021
-0.74533284
-0.74946755
-0.75357
-0.7504895
-0.74717265
-0.7521085
-0.7509957
-0.7495825
-0.7452738
-0.74958414
-0.75276893
-0.74942845
-0.7501163
-0.7543632
-0.75325745
-0.7506151
-0.7532958
-0.7551289
-0.7562804
-0.75717354
-0.7526549
-0.7499464
-0.75375396
-0.75208867
-0.7539498
-0.7577964
-0.7542413
-0.7551573
-0.7566765
-0.7591343
-0.7546926
-0.7532442
-0.7549315
-0.7573322
-0.7536555
-0.7592156
-0.7545295
-0.7491357
-0.75341845
-0.7546403
-0.75107455
-0.7506515
-0.75096506
-0.7512294
-0.7507653
-0.7553712
-0.7554353
-0.7554779
-0.7584842
-0.7590385
-0.75733805
-0.75377554
-0.75539577
-0.758022
-0.75124776
-0.75933504
-0.7576703
-0.7589432
-0.75579774
-0.7510122
-0.75306475
-0.7593637
-0.7555438
-0.75819206
-0.75912607
-0.7575104
-0.756042
-0.7584385
-0.76321733
-0.7582903
-0.75772494
-0.76267487
-0.75821775
-0.76012486
-0.7603874
-0.75671256
-0.76360464
-0.7615439
-0.7634058
-0.7562024
-0.7589131
-0.76094055
-0.7606917
-0.7641726
-0.760884
-0.76026917
-0.7565356
-0.76457846
-0.7577869
-0.76021546
-0.76235867
-0.7564141
-0.7634299
-0.7546185
-0.76334155
-0.7575291
-0.76125884
-0.76401806
-0.76147604
-0.76630646
-0.76354784
-0.7622725
-0.75698256
-0.7628548
-0.75914174
-0.76503223
-0.7647152
-0.77031124
-0.766118
-0.770131
-0.7600189
-0.76212674
-0.7646306
-0.7694264
-0.7637647
-0.7678765
-0.7698646
-0.76586646
-0.7665745
-0.7657578
-0.77249545
-0.7621092
-0.76810986
-0.7711822
-0.76812094
-0.7630131
-0.76338065
-0.76763225
-0.7671618
-0.7688553
-0.769355
-0.7692631
-0.7694479
-0.769545
-0.7678585
-0.76667327
-0.7628113
-0.7676763
-0.76499856
-0.771126
-0.77255464
-0.7666692
-0.7672491
-0.77076244
-0.76485276
-0.7677847
-0.7645545
-0.7656226
-0.7632398
-0.77323353
-0.7682478
-0.7680656
-0.77038264
-0.76692504
-0.76966155
-0.76330537
-0.771839
-0.7770366
-0.76632696
-0.77159584
-0.77533275
-0.76769054
-0.7709512
-0.76564026
-0.7706702
-0.7683158
-0.76830196
-0.7630604
-0.76981753
-0.77535605
-0.77017033
-0.7730109
-0.7708066
-0.7648556
-0.775209
-0.77052295
-0.7727487
-0.7707255
-0.7767983
-0.7730984
-0.76976204
-0.7761659
-0.77677345
-0.77642095
-0.7727232
-0.7769728
-0.77698624
-0.77421755
-0.7783787
-0.7720627
-0.77414393
-0.7734397
-0.77241147
-0.77187896
-0.7761889
-0.7751936
-0.7726571
-0.7754258
-0.78168535
-0.7764258
-0.77465284
-0.775792
-0.7734403
-0.7725381
-0.7774429
-0.7751236
-0.7756384
-0.7825827
-0.7724741
-0.77763915
-0.77746373
-0.78092283
-0.7769171
-0.77776873
-0.7797824
-0.7799995
-0.7779635
-0.7776557
-0.7773525
-0.78420466
-0.77523327
-0.77970153
-0.78171587
-0.7805062
-0.7804202
-0.78059256
-0.77855575
-0.7871225
-0.7788945
-0.78335327
-0.7806987
-0.78844374
-0.78275186
-0.77523434
-0.7856457
-0.78766793
-0.78200555
-0.7792086
-0.78510004
-0.7786978
-0.78773946
-0.7807238
-0.7901375
-0.7853302
-0.78763217
-0.78385246
-0.7870014
-0.7821112
-0.7818163
-0.7837395
-0.7829635
-0.7820788
-0.79138166
-0.78225005
-0.78131646
-0.7831613
-0.78815067
-0.78438604
-0.7868778
-0.7836338
-0.78781813
-0.7845368
-0.78219664
-0.78732973
-0.7863672
-0.78274995
-0.7865823
-0.78517765
-0.78594565
-0.78534025
-0.78589517
-0.7860311
-0.7876035
-0.7890634
-0.7906102
-0.7870585
-0.78916365
-0.7855814
-0.78737277
-0.78597873
-0.7900762
-0.7868778
-0.78868973
-0.78730077
-0.79112464
-0.7906652
-0.79135126
-0.788576
-0.78600997
-0.785249
-0.78512335
-0.7836131
-0.78611535
-0.7893965
-0.7876508
-0.7918975
-0.7924156
-0.7825877
-0.78781253
-0.7909588
-0.782532
-0.78467333
-0.7910617
-0.79231066
-0.78925395
-0.7936226
-0.7901513
-0.7936692
-0.7903552
-0.79100895
-0.7924349
-0.7948581
-0.7889714
-0.78831685
-0.7948685
-0.78548247
-0.78698474
-0.7872113
-0.7914158
-0.7856087
-0.7866798
-0.7910958
-0.79363817
-0.7931154
-0.7905474
-0.7899715
-0.7844149
-0.79089713
-0.79072636
-0.79160154
-0.79002917
-0.7895361
-0.79006535
-0.793539
-0.78597355
-0.79275787
-0.7908223
-0.7911182
-0.7875797
-0.7936003
-0.78587526
-0.79409903
-0.7897712
-0.7962363
-0.79482424
-0.7950635
-0.7982323
-0.7991216
-0.7929382
-0.7923785
-0.7908506
-0.7883044
-0.7906927
-0.7929329
-0.794983
-0.7902744
-0.7878339
-0.794048
-0.79562265
-0.7917618
-0.7935587
-0.7929205
-0.79264903
-0.79363126
-0.7954475
-0.79538846
-0.795026
-0.7948692
-0.79380494
-0.7932058
-0.79266745
-0.7855074
-0.79857236
-0.7877874
-0.791874
-0.79164463
-0.7944027
-0.78676164
-0.791062
-0.79634184
-0.7897049
-0.79053336
-0.7916179
-0.7951731
-0.79414135
-0.79004323
-0.79168683
-0.79136205
-0.79663813
-0.79091054
-0.7923348
-0.79786044
-0.79532164
-0.79665226
-0.79353714
-0.79513174
-0.7929663
-0.7988369
-0.79250485
-0.789612
-0.7976364
-0.79570115
-0.79154104
-0.7894961
-0.7941138
-0.79284567
-0.79289514
-0.79609793
-0.79290175
-0.7941118
-0.8004425
-0.79416645
-0.79388523
-0.79538774
-0.7999165
-0.795504
-0.78902644
-0.7919643
-0.79171896
-0.79324925
-0.7951297
-0.7915536
-0.7955138
-0.7926143
-0.7948905
-0.7942937
-0.7970925
-0.793853
-0.79468346
-0.79494214
-0.7976955
-0.79548764
-0.7911213
-0.8008775
-0.8001077
-0.79723287
-0.80050004
-0.7920602
-0.78903
-0.79649806
-0.7934673
-0.791388
-0.79476756
-0.7987859
-0.7995345
-0.79625416
-0.7980341
-0.79666346
-0.801357
-0.7930976
-0.79267967
-0.80289745
-0.80061877
-0.8001542
-0.79851466
-0.79679275
-0.79088867
-0.7972825
-0.7963275
-0.8046977
-0.79266393
-0.7989031
-0.7934656
-0.7968396
-0.7950857
-0.79410326
-0.79914606
-0.8022232
-0.80490476
-0.79855216
-0.79027987
-0.79583496
-0.79646695
-0.7935038
-0.799385
-0.80085665
-0.7924527
-0.7986967
-0.7963898
-0.79183084
-0.799622
-0.7950426
-0.79209375
-0.8028459
-0.79824626
-0.800926
-0.7947166
-0.79694766
-0.7982481
-0.79611236
-0.7975441
-0.7989413
-0.79789674
-0.80258864
-0.7954972
-0.7954398
-0.79416883
-0.79826164
-0.80131495
-0.79942864
-0.79376686
-0.7936073
-0.7942832
-0.7961972
-0.79583067
-0.7992687
-0.79671144
-0.7954287
-0.7980283
-0.7980796
-0.8004616
-0.80031025
-0.7971291
-0.79931873
-0.79257363
-0.79957974
-0.80033004
-0.7972858
-0.80050975
-0.79890394
-0.79750013
-0.8045461
-0.79717475
-0.7939198
-0.80039483
-0.79955953
-0.79895633
-0.7985451
-0.8007557
-0.80428165
-0.80167675
-0.7963023
-0.7995671
-0.8006034
-0.7999831
-0.801464
-0.799552
-0.803725
-0.8009818
-0.7986253
-0.80027294
-0.8087585
-0.79982203
-0.80147684
-0.810234
-0.8008245
-0.7999825
-0.8015648
-0.80218166
-0.80166316
-0.79951835
-0.8012248
-0.79891986
-0.8016821
-0.80425805
-0.80216295
-0.8036768
-0.797151
-0.8022065
-0.80161643
-0.8064581
-0.80279243
-0.8026583
-0.80088264
-0.7975202
-0.8042423
-0.8022023
-0.8025496
-0.8001963
-0.8038169
-0.79896706
-0.8044854
-0.8066561
-0.8027615
-0.8015132
-0.802801
-0.80023396
-0.8042176
-0.80581975
-0.8041106
-0.8089162
-0.80392563
-0.8046662
-0.8049513
-0.8047769
-0.8024741
-0.80898875
-0.80125326
-0.80183005
-0.8054319
-0.80288106
-0.80821043
-0.8015816
-0.8019975
-0.79937047
-0.8036461
-0.80485624
-0.8068426
-0.80698943
-0.8066322
-0.7929537
-0.8055459
-0.8100247
-0.80408305
-0.8023355
-0.80850756
-0.8032978
-0.80588216
-0.80604494
-0.8068737
-0.8024048
-0.8107011
-0.7988149
-0.8015713
-0.8010339
-0.8097521
-0.80498326
-0.80110514
-0.79877245
-0.8034316
-0.8060478
-0.80676454
-0.8049455
-0.8064127
-0.80472815
-0.80152065
-0.80789036
-0.80039054
-0.8072253
-0.80683494
-0.80333716
-0.80637544
-0.7997433
-0.8012995
-0.8061375
-0.8093288
-0.8023322
-0.80005467
-0.804429
-0.80876154
-0.80710554
-0.7968018
-0.80535287
-0.8100986
-0.8067666
-0.8059535
-0.803166
-0.8043407
-0.8071994
-0.80896217
-0.8035536
-0.80196786
-0.80319744
-0.80255955
-0.8008413
-0.80602914
-0.8055528
-0.8047973
-0.8090424
-0.80684674
-0.807308
-0.80632395
-0.80576736
-0.80165887
-0.808872
-0.8061994
-0.8114814
-0.80554867
-0.80221057
-0.8051161
-0.8094609
-0.80429596
-0.81160355
-0.8123633
-0.80710286
-0.8175483
-0.80640817
-0.8091399
-0.8101193
-0.8127617
-0.81220216
-0.8068893
-0.8088923
-0.8048456
-0.802081
-0.8065978
-0.8015747
-0.80970407
-0.8098723
-0.81071633
-0.804988
-0.8070797
-0.80565155
-0.8056639
-0.81002903
-0.80765593
-0.80895615
-0.80668366
-0.8083241
-0.80252784
-0.8032339
-0.8103391
-0.8062248
-0.8069037
-0.8097321
-0.809586
-0.8097706
-0.80568886
-0.8058019
-0.8103108
-0.8006867
-0.8106332
-0.80609846
-0.8092225
-0.8070654
-0.81125355
-0.8040192
-0.8165344
-0.80629474
-0.7993388
-0.80415523
-0.8016752
-0.80236465
-0.8055427
-0.80824465
-0.80482477
-0.81061476
-0.8079793
-0.81031394
-0.8122305
-0.8099197
-0.8133491
-0.81064874
-0.8113241
-0.81012607
-0.8103606
-0.80358946
-0.8175227
-0.8097253
-0.80595255
-0.8105654
-0.81128454
-0.81126845
-0.80417174
-0.8112504
-0.81440085
-0.8101447
-0.8077709
-0.80863893
-0.81440526
-0.8153395
-0.818943
-0.80998725
-0.8109566
-0.80947185
-0.81058294
-0.81535244
-0.8071071
-0.81037545
-0.81235594
-0.8132482
-0.8107454
-0.8103578
-0.81347567
-0.8080014
-0.809512
-0.8102664
-0.8061981
-0.8065518
-0.8088875
-0.80689824
-0.81144476
-0.81089276
-0.81110513
-0.8036324
-0.81179595
-0.81254864
-0.8154016
-0.8143433
-0.81328577
-0.8111972
-0.8142594
-0.8141451
-0.81883633
-0.8130923
-0.82040197
-0.8120564
-0.8101381
-0.81101286
-0.8094458
-0.8101416
-0.80964655
-0.8119197
-0.8167243
-0.8034066
-0.8037844
-0.81443036
-0.81188434
-0.82102555
-0.81683284
-0.81434375
-0.8124479
-0.8140198
-0.8079453
-0.8155895
-0.8064252
-0.8099573
-0.8113408
-0.80878484
-0.80959654
-0.80203116
-0.8114395
-0.80768794
-0.8143474
-0.80753833
-0.81207746
-0.80992204
-0.8120805
-0.8136352
-0.81123316
-0.8153259
-0.81107527
-0.809304
-0.8101958
-0.81269616
-0.8162593
-0.8136938
-0.81550354
-0.8112188
-0.8145019
-0.8133113
-0.8106567
-0.813239
-0.8128675
-0.81766236
-0.8136229
-0.8158267
-0.81074005
-0.81425256
-0.81309414
-0.817451
-0.8071384
-0.81171954
-0.8170555
-0.8158663
-0.81698793
-0.8157331
-0.81100243
-0.8130788
-0.8152086
-0.8156356
-0.8154453
-0.80883956
-0.813232
-0.8148514
-0.81209064
-0.8178013
-0.81528044
-0.8101953
-0.8106295
-0.8069016
-0.81186944
-0.81331295
-0.811561
-0.8116284
-0.81242925
-0.81733376
-0.8159805
-0.8155878
-0.8067348
-0.81664574
-0.812646
-0.8151969
-0.8134275
-0.8180192
-0.8085203
-0.8152038
-0.8184556
-0.81054753
-0.8124276
-0.813884
-0.81365836
-0.80846703
-0.8086966
-0.81188166
-0.8127376
-0.8082394
-0.81652147
-0.8138492
-0.80628616
-0.8079519
-0.81322205
-0.8151151
-0.811192
-0.8168516
-0.8128369
-0.81318295
-0.81658745
-0.813927
-0.8100737
-0.80914956
-0.8170211
-0.8143814
-0.8238258
-0.8172775
-0.81730616
-0.82084656
-0.8110063
-0.8085052
-0.82308686
-0.81052345
-0.8178525
-0.8174005
-0.8181174
-0.8121014
-0.81186026
-0.81572086
-0.8142663
-0.8109062
-0.81700563
-0.8144983
-0.81676173
-0.81706744
-0.8138487
-0.8189074
-0.8148418
-0.81314677
-0.8151104
-0.8197161
-0.81277615
-0.815591
-0.81951696
-0.82153034
-0.8191935
-0.8169395
-0.816451
-0.813549
-0.81678784
-0.8152077
-0.81535727
-0.8129629
-0.8137667
-0.8126692
-0.8188998
-0.8165152
-0.8135083
-0.8176863
-0.81685704
-0.81570774
-0.81614816
-0.8184073
-0.8238873
-0.8128431
-0.8202939
-0.8190982
-0.8157689
-0.81612813
-0.81128544
-0.82125366
-0.81557614
-0.8197999
-0.8188817
-0.8157835
-0.8214436
-0.81778824
-0.81679827
-0.8167042
-0.8143708
-0.815259
-0.8136143
-0.8179447
-0.82008517
-0.8187639
-0.81178254
-0.8254903
-0.8209893
-0.8195061
-0.8191962
-0.8170562
-0.8187883
-0.8208648
-0.8150013
-0.81574625
-0.8191663
-0.8125574
-0.8145264
-0.8224998
-0.8148949
-0.81947345
-0.82026094
-0.8169408
-0.8169816
-0.8137446
-0.81968457
-0.82095885
-0.8198148
-0.820054
-0.8121895
-0.8181702
-0.8189337
-0.8187632
-0.82289004
-0.8149126
-0.82030874
-0.8206911
-0.8232003
-0.8106118
-0.82097584
-0.81929487
-0.8225676
-0.8237107
-0.8197304
-0.8165125
-0.8222883
-0.815888
-0.81270295
-0.81456584
-0.81894463
-0.8153632
-0.81687623
-0.8171216
-0.8231802
-0.82250875
-0.8180359
-0.8239288
-0.81908166
-0.8165324
-0.814448
-0.8207464
-0.8178679
-0.81389236
-0.818049
-0.8205988
-0.819701
-0.8121137
-0.8123681
-0.819942
-0.8212563
-0.8212933
-0.819244
-0.8187146
-0.8251814
-0.8194442
-0.8172222
-0.8168518
-0.82095575
-0.812759
-0.82446843
-0.8173755
-0.82202166
-0.81826437
-0.81339777
-0.81932205
-0.82058805
-0.81713796
-0.81500894
-0.82412463
-0.82801694
-0.81877804
-0.8186176
-0.8267304
-0.8147732
-0.82197237
-0.81859344
-0.81931204
-0.8219198
-0.82546186
-0.81716895
-0.821163
-0.81689036
-0.8146424
-0.8191814
-0.8177765
-0.81510305
-0.8197288
-0.8261104
-0.8219633
-0.8166758
-0.81415236
-0.8255505
-0.8161252
-0.8192129
-0.8203724
-0.82416195
-0.82076365
-0.8249414
-0.82100916
-0.8190306
-0.8181001
-0.82070047
-0.8182077
-0.8213087
-0.8198472
-0.8193629
-0.81969875
-0.8194311
-0.8236652
-0.8223864
-0.81756794
-0.817853
-0.81822896
-0.8206276
-0.82333493
-0.82095253
-0.8217917
-0.82430595
-0.8178352
-0.8219996
-0.8168537
-0.82463825
-0.82258135
-0.82554877
-0.823261
-0.82027656
-0.8294748
-0.81972003
-0.8178199
-0.82172316
-0.8288935
-0.8248727
-0.82123554
-0.8117724
-0.8209206
-0.822621
-0.81751317
-0.8193509
-0.8259753
-0.8215615
-0.81512237
-0.8226448
-0.8220667
-0.82127136
-0.8209127
-0.8241566
-0.81785125
-0.8239765
-0.8195135
-0.82868505
-0.82313037
-0.82464796
-0.82676214
-0.82509
-0.82359153
-0.8261254
-0.8261019
-0.81766635
-0.81569535
-0.81823033
-0.82402027
-0.8199645
-0.82439643
-0.8220363
-0.8212458
-0.81894726
-0.8235584
-0.8269171
-0.8244326
-0.827178
-0.8204493
-0.8259594
-0.821261
-0.82226145
-0.8255653
-0.8257599
-0.82923126
-0.8173252
-0.8187223
-0.8212928
-0.81954646
-0.81917965
-0.8223058
-0.82354254
-0.8160955
-0.8206108
-0.82055926
-0.82671225
-0.82514393
-0.8259468
-0.8267985
-0.8260969
-0.8195644
-0.8227321
-0.82504195
-0.8253395
-0.82513505
-0.828735
-0.823209
-0.8238484
-0.8170106
-0.8203862
-0.82572067
-0.81971526
-0.8186152
-0.8187083
-0.818563
-0.8260125
-0.8283959
-0.8249027
-0.83177006
-0.8246252
-0.8200495
-0.82803106
-0.82841253
-0.81923926
-0.82841796
-0.82643193
-0.82890147
-0.8196623
-0.829191
-0.82773316
-0.81746346
-0.81898654
-0.8270574
-0.8178847
-0.82411695
-0.8267929
-0.8264731
-0.8252049
-0.8220008
-0.8295846
-0.8239459
-0.8294674
-0.8258923
-0.82559234
-0.8189483
-0.8244886
-0.8193928
-0.81987756
-0.8240621
-0.823028
-0.8177497
-0.82476795
-0.8200154
-0.81735176
-0.82572186
-0.8227917
-0.81999296
-0.82349676
-0.826161
-0.8281232
-0.8241594
-0.8271357
-0.8217899
-0.8227723
-0.8282064
-0.8263806
-0.82360363
-0.82993907
-0.82744324
-0.8296044
-0.8238684
-0.82321644
-0.8287411
-0.8249159
-0.82766676
-0.82909477
-0.8275885
-0.8251875
-0.8244799
-0.82602537
-0.8228898
-0.82556576
-0.8209294
-0.8208343
-0.82714885
-0.827116
-0.82362324
-0.8274689
-0.8297241
-0.82647717
-0.8275039
-0.82815546
-0.82358295
-0.8231603
-0.8258436
-0.82970184
-0.828189
-0.8293437
-0.8222481
-0.8276288
-0.8281552
-0.8239964
-0.8265285
-0.8260896
-0.8246669
-0.8263543
-0.8204857
-0.81827587
-0.81873196
-0.8259867
-0.8268319
-0.82589394
-0.8199985
-0.82818025
-0.81776726
-0.83064395
-0.8282647
-0.82563967
-0.8262135
-0.82061857
-0.82120115
-0.822698
-0.8267285
-0.82784915
-0.8258086
-0.8256179
-0.8257012
-0.82138246
-0.82468295
-0.8249648
-0.8274849
-0.82597184
-0.8294656
-0.82829326
-0.82682395
-0.82781863
-0.8257698
-0.8299087
-0.8186631
-0.8238947
-0.8307358
-0.82548344
-0.8258141
-0.8299218
-0.82843244
-0.8266307
-0.8254116
-0.82450116
-0.82330716
-0.8255989
-0.82561946
-0.82499295
-0.824509
-0.827741
-0.82793146
-0.8262634
-0.82091254
-0.8264229
-0.82887036
-0.82052654
-0.8248154
-0.8276286
-0.8292552
-0.8319555
-0.82375824
-0.8308576
-0.8284332
-0.8275875
-0.8288457
-0.8265383
-0.8258381
-0.82820064
-0.8289073
-0.825335
-0.82659626
-0.8255062
-0.83078676
-0.82428634
-0.8263389
-0.82677466
-0.824833
-0.82877296
-0.8310214
-0.8255261
-0.8264107
-0.8240475
-0.8252227
-0.8293818
-0.82719713
-0.82324404
-0.8214332
-0.8264527
-0.82944936
-0.82798034
-0.82632613
-0.8264141
-0.8271378
-0.8205291
-0.8221312
-0.82709605
-0.8327798
-0.8290168
-0.8228715
-0.82538414
-0.8235651
-0.822279
-0.82505476
-0.8241205
-0.8250712
-0.82542443
-0.8291829
-0.822843
-0.8281468
-0.82677007
-0.828523
-0.8264479
-0.8302355
-0.82630706
-0.8280782
-0.82629764
-0.8236561
-0.82899934
-0.8308386
-0.83087796
-0.82849926
-0.8266901
-0.822039
-0.82422733
-0.82157487
-0.83305305
-0.832364
-0.8266885
-0.8234242
-0.8264782
-0.83523875
-0.8226721
-0.83206743
-0.82738733
-0.82710725
-0.8276396
-0.8304911
-0.8336595
-0.8284317
-0.82777745
-0.8260639
-0.82630664
-0.8232837
-0.8253326
-0.83348745
-0.8330106
-0.8250186
