-0.17346299
-0.19107807
-0.22770324
-0.2440592
-0.27725416
-0.3076536
-0.33682978
-0.36153588
-0.38643235
-0.40862477
-0.44000763
-0.4446334
-0.4656029
-0.48571965
-0.51920754
-0.50797844
-0.5315549
-0.5399612
-0.54559493
-0.55364156
-0.571392
-0.5861923
-0.5903295
-0.60802734
-0.61121446
-0.61624485
-0.6223018
-0.63790756
-0.6290385
-0.6473973
-0.6486816
-0.6596098
-0.6668595
-0.6664778
-0.68293226
-0.6765972
-0.69619364
-0.69170105
-0.6915202
-0.69465935
-0.70576704
-0.70540524
-0.71269333
-0.713818
-0.72367436
-0.72477245
-0.7301613
-0.732059
-0.73359275
-0.7384488
-0.7407002
-0.7484357
-0.7498179
-0.75071377
-0.74774915
-0.75357574
-0.7505728
-0.7601435
-0.7631196
-0.76042145
-0.76603705
-0.75861293
-0.77464074
-0.7760088
-0.7695717
-0.7692636
-0.7696371
-0.7745237
-0.7738295
-0.7727198
-0.76869845
-0.77407485
-0.7711072
-0.7781107
-0.7824095
-0.7751539
-0.77770424
-0.78068817
-0.7839715
-0.78274906
-0.7829001
-0.7801159
-0.77842486
-0.7889891
-0.7842026
-0.77971387
-0.7836147
-0.77949244
-0.79275733
-0.7901523
-0.7811478
-0.7901484
-0.7870705
-0.7858636
-0.78970754
-0.78674203
-0.78613526
-0.79016757
-0.7910983
-0.7915304
-0.7922375
-0.7881742
-0.79546803
-0.79170334
-0.7923821
-0.8009666
-0.7922507
-0.7907243
-0.7889932
-0.7969988
-0.79477763
-0.7988275
-0.7967624
-0.79458153
-0.78966653
-0.7981298
-0.79811
-0.79370075
-0.7979583
-0.7979039
-0.79838204
-0.7974519
-0.80045664
-0.79590267
-0.79727066
-0.79612345
-0.79792076
-0.79966885
-0.7973825
-0.8069547
-0.795461
-0.79453444
-0.8009413
-0.79896706
-0.8030823
-0.7992148
-0.7995096
-0.7958294
-0.79268074
-0.80576533
-0.80074835
-0.7994035
-0.7974764
-0.80102944
-0.8040107
-0.79921234
-0.80112976
-0.8007097
-0.79979247
-0.80328393
-0.7976903
-0.80367905
-0.8021602
-0.8034244
-0.8040148
-0.80571926
-0.80229586
-0.80049664
-0.7932106
-0.808709
-0.80412114
-0.8053807
-0.8078383
-0.803051
-0.79831654
-0.80474734
-0.79903865
-0.80626845
-0.80420846
-0.79594934
-0.80768156
-0.80889535
-0.8072197
-0.8021044
-0.7982974
-0.7981278
-0.80665576
-0.8055408
-0.80500096
-0.8078443
-0.8089867
-0.80475163
-0.80798227
-0.80322087
-0.8044494
-0.80596465
-0.80152076
-0.80637467
-0.80444974
-0.79855984
-0.8123255
-0.81344193
-0.8095292
-0.80557305
-0.8083704
-0.8070894
-0.80920076
-0.8087298
-0.8042542
-0.8065094
-0.80882424
-0.8091675
-0.8033329
-0.8044584
-0.8010051
-0.8003025
-0.80938053
-0.8035145
-0.80761313
-0.8103991
-0.81281674
-0.80604935
-0.81064624
-0.80422664
-0.80803007
-0.80562925
-0.7973504
-0.7995601
-0.8041918
-0.7960339
-0.81025183
-0.8052095
-0.8055817
-0.8092987
-0.8090644
-0.8032631
-0.80461633
-0.8097292
-0.8015833
-0.80529726
-0.81149274
-0.8023186
-0.81222236
-0.8069768
-0.8124781
-0.80491626
-0.80880207
-0.8101229
-0.81400585
-0.80044276
-0.8092182
-0.8034716
-0.81345737
-0.8075094
-0.8058501
-0.8069643
-0.81202346
-0.80632687
-0.8117113
-0.8108378
-0.8069173
-0.8118305
-0.8078697
-0.81020623
-0.80802
-0.8124024
-0.8115377
-0.8179972
-0.8134269
-0.80861413
-0.8132481
-0.8072702
-0.81037486
-0.8198702
-0.8132137
-0.80974835
-0.81456727
-0.8153626
-0.8114401
-0.8078825
-0.8085977
-0.80962825
-0.8143275
-0.8091646
-0.8101097
-0.80608726
-0.81424946
-0.8166843
-0.8094201
-0.8101425
-0.8111146
-0.81056654
-0.81289345
-0.8126981
-0.80617166
-0.81520766
-0.8203369
-0.804965
-0.80785227
-0.8108983
-0.8029809
-0.81416065
-0.8119887
-0.81075114
-0.81248087
-0.81360316
-0.8202765
-0.8095837
-0.8150948
-0.8081137
-0.8146052
-0.8141585
-0.809361
-0.8117937
-0.8135731
-0.8115341
-0.80985785
-0.81162673
-0.81763726
-0.80894315
-0.8152994
-0.81715107
-0.8062536
-0.815717
-0.80992067
-0.80840236
-0.81243205
-0.80865175
-0.81623566
-0.8150103
-0.8182232
-0.8158714
-0.81312394
-0.81489277
-0.80868787
-0.81171685
-0.8137176
-0.8133783
-0.8046205
-0.80966336
-0.81620663
-0.81196916
-0.81340355
-0.8130793
-0.81168437
-0.8081073
-0.8157325
-0.81174505
-0.8148544
-0.8163465
-0.8139547
-0.8194227
-0.8118827
-0.815236
-0.81514627
-0.81616086
-0.8174341
-0.81892616
-0.8115999
-0.8161263
-0.81560826
-0.80825776
-0.8190979
-0.8141477
-0.81177557
-0.8104078
-0.8171854
-0.8195782
-0.81614
-0.81623125
-0.81766796
-0.8196838
-0.8135293
-0.821435
-0.8137461
-0.8164068
-0.82113534
-0.8140819
-0.8269512
-0.8188638
-0.81703043
-0.8180351
-0.8123736
-0.82001996
-0.8139842
-0.8130226
-0.8085022
-0.8124496
-0.81795764
-0.8221894
-0.82116944
-0.815724
-0.816771
-0.8170861
-0.816558
-0.81366384
-0.8093554
-0.8112806
-0.8144536
-0.8147577
-0.81740004
-0.81673443
-0.8182343
-0.8216159
-0.8189352
-0.8137925
-0.81947196
-0.822075
-0.812215
-0.81502116
-0.8186519
-0.8149025
-0.81301045
-0.8194209
-0.8159861
-0.8130971
-0.8162428
-0.8156456
-0.81719553
-0.8166418
-0.8147795
-0.8250694
-0.8172866
-0.8144706
-0.8147518
-0.82094544
-0.8202498
-0.8155308
-0.81755674
-0.81818444
-0.81625044
-0.8203677
-0.81877947
-0.82434946
-0.82362485
-0.8176361
-0.82207197
-0.8175754
-0.81862736
-0.8171693
-0.8171638
-0.8182882
-0.82301575
-0.81704825
-0.8203646
-0.8225736
-0.82080126
-0.8240644
-0.8147888
-0.81858927
-0.8123128
-0.8195098
-0.8191063
-0.823247
-0.82129735
-0.8199493
-0.8156921
-0.8186984
-0.82568353
-0.8162354
-0.82197183
-0.82074475
-0.8249091
-0.8162398
-0.8243744
-0.82307345
-0.81869787
-0.8237283
-0.81704396
-0.82325107
-0.8256461
-0.8189764
-0.8165037
-0.8222896
-0.8176759
-0.8106824
-0.814548
-0.8241146
-0.8244196
-0.8220768
-0.8143217
-0.8159006
-0.82294387
-0.8142654
-0.81705594
-0.81740284
-0.820058
-0.8168085
-0.82317716
-0.8213724
-0.8196724
-0.8142481
-0.8235792
-0.822428
-0.824513
-0.81845075
-0.8181515
-0.81343573
-0.8182857
-0.8214713
-0.81859463
-0.8156996
-0.82416147
-0.81942743
-0.8232104
-0.8189522
-0.8152784
-0.8179809
-0.82288843
-0.81818116
-0.8176478
-0.81349844
-0.8213376
-0.82844687
-0.8221899
-0.82208043
-0.82344943
-0.81971693
-0.81669074
-0.81930244
-0.82268137
-0.82245666
-0.820809
-0.8287878
-0.8248466
-0.8188904
-0.81988186
-0.82143235
-0.82146704
-0.8202252
-0.8152468
-0.82188976
-0.82422215
-0.8203575
-0.8230497
-0.8172537
-0.81903905
-0.8188483
-0.8223382
-0.81894135
-0.8179891
-0.8176372
-0.81680745
-0.82424986
-0.82212055
-0.813877
-0.82110035
-0.82696
-0.82205915
-0.8177626
-0.8212313
-0.8189611
-0.82902306
-0.8254008
-0.82536125
-0.8230083
-0.8166673
-0.82333046
-0.82561487
-0.81940866
-0.817973
-0.820663
-0.81705266
-0.81646407
-0.82214874
-0.8173445
-0.83068806
-0.8204392
-0.8217323
-0.8187521
-0.8249234
-0.8210869
-0.81708544
-0.8205318
-0.8166643
-0.81627005
-0.8236354
-0.8179936
-0.8199603
-0.8198625
-0.82012284
-0.81485856
-0.814593
-0.82321614
-0.8118008
-0.8210911
-0.8223076
-0.8178462
-0.8217112
-0.82528657
-0.8238563
-0.8113955
-0.823511
-0.81528664
-0.8220983
-0.82277775
-0.8244039
-0.82231987
-0.8190707
-0.81892616
-0.81899416
-0.81865066
-0.8177181
-0.8227674
-0.8197499
-0.82563394
-0.8242735
-0.8175047
-0.82366604
-0.8175615
-0.8154498
-0.82078934
-0.8180426
-0.8253099
-0.8173477
-0.8198954
-0.8219245
-0.8266695
-0.8188667
-0.8232101
-0.8160964
-0.8236492
-0.8214091
-0.8157885
-0.8136705
-0.8191357
-0.8199593
-0.8151329
-0.8232695
-0.8232371
-0.8195293
-0.8225606
-0.81762004
-0.82397383
-0.8172902
-0.82249653
-0.8197527
-0.8145466
-0.82877684
-0.81916904
-0.82003266
-0.8253073
-0.8203683
-0.82255113
-0.81883687
-0.8300431
-0.81825966
-0.8239945
-0.8173835
-0.82035
-0.825704
-0.8179695
-0.8195696
-0.82707155
-0.8267
-0.8200036
-0.8189586
-0.82312375
-0.82558894
-0.8234297
-0.8207005
-0.8228079
-0.8286559
-0.81151354
-0.81724924
-0.8273978
-0.8203296
-0.8173504
-0.8192326
-0.8210535
-0.8256254
-0.82373405
-0.82221496
-0.8255768
-0.8208174
-0.8274554
-0.8200775
-0.8229258
-0.8193141
-0.82687336
-0.82244945
-0.82370216
-0.8197157
-0.825791
-0.8230425
-0.8239079
-0.82619756
-0.82236975
-0.81996924
-0.8176396
-0.82241404
-0.8252884
-0.82417923
-0.824039
-0.82909584
-0.82739663
-0.822129
-0.8227307
-0.81978786
-0.82312095
-0.8254576
-0.8239237
-0.8206765
-0.81970793
-0.8186263
-0.8237525
-0.82361853
-0.8236603
-0.8227685
-0.8172253
-0.8185463
-0.82355654
-0.8237112
-0.8225321
-0.82216007
-0.818577
-0.8204684
-0.8259871
-0.822784
-0.818307
-0.82258654
-0.82348484
-0.8227492
-0.8285143
-0.8265376
-0.823479
-0.82677686
-0.8225479
-0.8223082
-0.8216017
-0.82180196
-0.8266533
-0.827514
-0.8283265
-0.8226981
-0.81587356
-0.82563335
-0.8205628
-0.8240301
-0.8223056
-0.824187
-0.82197076
-0.8287646
-0.82215697
-0.8231175
-0.8212103
-0.8281315
-0.82347643
-0.8239731
-0.82225716
-0.8202015
-0.82387847
-0.81657904
-0.8221431
-0.8280604
-0.8285303
-0.82159394
-0.82726485
-0.828645
-0.8183255
-0.82402116
-0.82844543
-0.82228845
-0.8220856
-0.8260427
-0.8216333
-0.8207574
-0.8203253
-0.82509476
-0.82546204
-0.823155
-0.82147866
-0.827184
-0.82320625
-0.8227793
-0.824869
-0.82431257
-0.8281442
-0.8254837
-0.8187682
-0.8284062
-0.8250673
-0.8222299
-0.8240979
-0.82737726
-0.8243767
-0.83055043
-0.8328021
-0.82698417
-0.8242841
-0.82548916
-0.8319987
-0.82566166
-0.8202032
-0.82500935
-0.8247618
-0.8238188
-0.82494944
-0.82184345
-0.82086927
-0.8234235
-0.8183489
-0.8180404
-0.8242595
-0.820461
-0.8227505
-0.8278729
-0.82616305
-0.8246391
-0.82235533
-0.82447106
-0.82566786
-0.8249552
-0.82768977
-0.8219593
-0.82111627
-0.82274544
-0.82533103
-0.8288842
-0.82573926
-0.81970376
-0.82974094
-0.82939667
-0.82431924
-0.8266672
-0.81813043
-0.81840456
-0.82151425
-0.8249861
-0.8204453
-0.8345478
-0.825551
-0.8224015
-0.8253864
-0.82493234
-0.8205796
-0.8219361
-0.823845
-0.8200745
-0.82252496
-0.8211555
-0.8284847
-0.8218602
-0.8200168
-0.82877827
-0.8240169
-0.82239103
-0.8223801
-0.8301419
-0.8343593
-0.82481766
-0.825286
-0.8235008
-0.8298011
-0.8261673
-0.8261311
-0.82618874
-0.82101023
-0.8264043
-0.83252174
-0.82640505
-0.8212997
-0.8263967
-0.8222912
-0.82820207
-0.82616216
-0.83134216
-0.8220669
-0.8249957
-0.8298583
-0.83442473
-0.8234464
-0.82692605
-0.8287908
-0.82636577
-0.82034266
-0.82900316
-0.833863
-0.82372946
-0.8257674
-0.8342393
-0.8218237
-0.82746017
-0.82741475
-0.8256791
-0.8278564
-0.828333
-0.8252898
-0.8193822
-0.8252978
-0.8240058
-0.8230349
-0.82677513
-0.8319375
-0.8240636
-0.82583445
-0.83219844
-0.82602334
-0.8194681
-0.82075185
-0.8229948
-0.82546484
-0.8303011
-0.8231383
-0.8242078
-0.8284255
-0.8258131
-0.8272009
-0.8299028
-0.822923
-0.8277324
-0.8247395
-0.8271926
-0.829307
-0.83048886
-0.83164084
-0.8255996
-0.8298317
-0.8257421
-0.82670337
-0.83075523
-0.8284684
-0.8284911
-0.83177286
-0.824523
-0.82076705
-0.82428396
-0.8277974
-0.8298087
-0.83094233
-0.8223664
-0.8259274
-0.83064836
-0.82403135
-0.82352227
-0.8264489
-0.82676715
-0.83146733
-0.82479435
-0.82414925
-0.8266895
-0.82943976
-0.8251132
-0.8252652
-0.83288795
-0.82523274
-0.82496506
-0.83002007
-0.8298191
-0.8287193
-0.8264899
-0.8265931
-0.8272333
-0.8285073
-0.8346115
-0.8302607
-0.82269037
-0.8296657
-0.8290248
-0.82869023
-0.8292202
-0.82368994
-0.8289658
-0.82707673
-0.83166987
-0.8260256
-0.8253649
-0.81550914
-0.8221126
-0.825495
-0.8216782
-0.82009673
-0.8255554
-0.82409906
-0.83217514
-0.8230346
-0.8262607
-0.8260816
-0.8295102
-0.8244995
-0.8200024
-0.8261989
-0.8292941
-0.8245465
-0.82569116
-0.82761544
-0.8218955
-0.8300643
-0.8260186
-0.8303648
-0.8271524
-0.82664686
-0.8276104
-0.82574075
-0.8248372
-0.8250575
-0.82927126
-0.8286363
-0.82862437
-0.83265716
-0.8225316
-0.82515633
-0.8194106
-0.8201417
-0.831354
-0.8246542
-0.82714385
-0.826482
-0.82491577
-0.8299833
-0.82639444
-0.8260367
-0.8256096
-0.82528275
-0.82143575
-0.8201519
-0.8256387
-0.8268336
-0.8242124
-0.82122874
-0.8305222
-0.82628775
-0.82567453
-0.8278122
-0.8204072
-0.82229024
-0.826958
-0.8234871
-0.82201725
-0.82296824
-0.83018315
-0.82106614
-0.8251655
-0.8288241
-0.82442164
-0.826466
-0.8304297
-0.83011144
-0.8274097
-0.82539326
-0.8253889
-0.82880574
-0.8291758
-0.8258215
-0.8292444
-0.83000195
-0.8299502
-0.8319942
-0.8350019
-0.82828695
-0.82628214
-0.8292513
-0.8235284
-0.8350712
-0.82482016
-0.8263385
-0.8254717
-0.830177
-0.83167493
-0.82821333
-0.8316089
-0.8252552
-0.82697564
-0.83159816
-0.8245869
-0.8312794
-0.8310111
-0.83111805
-0.8241625
-0.8263862
-0.8276527
-0.8332198
-0.82828546
-0.8252712
-0.8344515
-0.8293718
-0.82983965
-0.8279894
-0.8282004
-0.8260386
-0.83093363
-0.828925
-0.8213039
-0.82453054
-0.8311747
-0.8314088
-0.83326995
-0.83551276
-0.8268927
-0.8311736
-0.82189995
-0.8304446
-0.83049273
-0.8224002
-0.82812244
-0.82830715
-0.8281598
-0.82397795
-0.8243851
-0.82568145
-0.82923317
-0.82599735
-0.82582974
-0.8308631
-0.82749134
-0.8275303
-0.83019286
-0.828421
-0.8268311
-0.8243421
-0.8307024
-0.8313569
-0.82872105
-0.8231302
-0.82787615
-0.82386565
-0.8296271
-0.8297831
-0.8292461
-0.82928383
-0.8275841
-0.8254001
-0.8291944
-0.8274523
-0.8310654
-0.8302808
-0.82976407
-0.8275229
-0.8290168
-0.82508713
-0.82289946
-0.8259027
-0.83105206
-0.83158356
-0.83171594
-0.83042216
-0.8290101
-0.8302089
-0.8300382
-0.82536846
-0.82483923
-0.82444936
-0.82209706
-0.8292114
-0.83367693
-0.8244477
-0.8254511
-0.82668173
-0.8306514
-0.82523835
-0.83050835
-0.8269738
-0.8334113
-0.83137983
-0.826371
-0.8285109
-0.8348614
-0.8262208
-0.8275701
-0.8238039
-0.83693975
-0.83243376
-0.8276822
-0.82756656
-0.826591
-0.8318184
-0.8332959
-0.8293152
-0.83309597
-0.8249733
-0.8316731
-0.8265727
-0.8296557
-0.8274679
-0.83067364
-0.8280703
-0.82553655
-0.82963014
-0.8281578
-0.82642716
-0.83004266
-0.82751006
-0.8309614
-0.82615674
-0.8328431
-0.82469064
-0.822783
-0.81965846
-0.8300618
-0.82448924
-0.8292014
-0.8298361
-0.82997566
-0.8286714
-0.8291429
-0.825392
-0.83025265
-0.82847553
-0.82496953
-0.8351048
-0.83151686
-0.825576
-0.8308385
-0.82595295
-0.8340847
-0.8250328
-0.8282517
-0.8321317
-0.82391864
-0.8279243
-0.8288084
-0.82896173
-0.83139414
-0.8269843
-0.82986873
-0.8241275
-0.82789826
-0.82888263
-0.83153296
-0.83176696
-0.83458394
-0.8318962
-0.8293686
-0.82903385
-0.8285976
-0.82472295
-0.82983565
-0.828191
-0.82964456
-0.8307062
-0.82902974
-0.83354616
-0.83111835
-0.8282321
-0.82754534
-0.8253529
-0.8359198
-0.82815653
-0.83266723
-0.8334943
-0.8305452
-0.8297833
-0.82869184
-0.82858413
-0.83652204
-0.8334017
-0.8276086
-0.8283666
-0.8252169
-0.8352503
-0.83401
-0.82979906
-0.83041555
-0.8267776
-0.8309483
-0.82931757
-0.8320117
-0.8326229
-0.8352527
-0.8290197
-0.83262646
-0.83579063
-0.82796127
-0.8295236
-0.8321942
-0.8199712
-0.8308655
-0.8339879
-0.83008254
-0.83079547
-0.8342783
-0.8291262
-0.83658814
-0.83436275
-0.8283043
-0.83032584
-0.8356425
-0.83282024
-0.83335906
-0.8365382
-0.82908356
-0.8317708
-0.83100694
-0.84061754
-0.83246744
-0.83662695
-0.83560574
-0.8313503
-0.8309635
-0.83448994
-0.83329135
-0.83580554
-0.83340454
-0.8290193
-0.82650137
-0.82897395
-0.82976514
-0.8355992
-0.8361385
-0.83333284
-0.83158946
-0.83296627
-0.83519685
-0.82966185
-0.83007336
-0.8323961
-0.8248095
-0.8329421
-0.8303392
-0.8296512
-0.82769716
-0.8308475
-0.83480006
-0.8260973
-0.82943624
-0.83455664
-0.83327353
-0.8339367
-0.83350885
-0.82671386
-0.8326746
-0.83162385
-0.83102715
-0.83491826
-0.83462685
-0.83243334
-0.8345852
-0.8304919
-0.8378256
-0.83655006
-0.8334733
-0.8302806
-0.83481556
-0.829012
-0.8265837
-0.8282952
-0.832966
-0.8242496
-0.83026487
-0.8313692
-0.83322835
-0.83450925
-0.8346037
-0.8302662
-0.82914585
-0.8301448
-0.83452034
-0.8340646
-0.831823
-0.8319313
-0.82859546
-0.8327592
-0.8291836
-0.8316209
-0.8334759
-0.83410287
-0.839306
-0.8354027
-0.8282396
-0.8333056
-0.83781826
-0.8369732
-0.83209014
-0.8358167
-0.83004206
-0.830152
-0.8328188
-0.82846063
-0.8311878
-0.8329265
-0.8315915
-0.83529353
-0.837022
-0.8376906
-0.83263415
-0.83286446
-0.83289933
-0.8308347
-0.83249664
-0.8307267
-0.8328241
-0.8339
-0.8303903
-0.8330224
-0.83790976
-0.838899
-0.82989585
-0.83192104
-0.83797383
-0.8364892
-0.8351719
-0.8338605
-0.832255
-0.83267605
-0.83546114
-0.83837724
-0.8370802
-0.83323187
-0.837796
-0.8368817
-0.833053
-0.8325899
-0.83301896
-0.833219
-0.82957274
-0.8345074
-0.8342147
-0.83288896
-0.8330228
-0.82984185
-0.8282201
-0.8339231
-0.8316034
-0.832727
-0.83174014
-0.82772833
-0.8289621
-0.83526367
-0.83072984
-0.8331439
-0.83535314
-0.83453536
-0.831557
-0.8349044
-0.84036237
-0.8293287
-0.8317973
-0.8341683
-0.83470607
-0.83980703
-0.8329075
-0.83418286
-0.83709586
-0.8383565
-0.8328112
-0.8328533
-0.84068197
-0.835386
-0.83362263
-0.83493835
-0.82927954
-0.83737546
-0.8305546
-0.83107007
-0.8312019
-0.8359203
-0.83214384
-0.8298009
-0.8336709
-0.83564657
-0.83311784
-0.83024925
-0.838584
-0.82875794
-0.835358
-0.83555704
-0.83676785
-0.8351405
-0.83431214
-0.82829833
-0.83556724
-0.83685184
-0.83726037
-0.83370817
-0.8308409
-0.83661914
-0.8366476
-0.83502746
-0.8342406
-0.83672154
-0.83314455
-0.83470595
-0.83306277
-0.83166885
-0.8254048
-0.8338851
-0.8301996
-0.8342077
-0.8317705
-0.82690084
-0.8355842
-0.8297747
-0.83633584
-0.8341701
-0.8314734
-0.8335163
-0.8346623
-0.8362081
-0.83452725
-0.8359745
-0.83416426
-0.8361972
-0.8356156
-0.83430886
-0.8346732
-0.83960515
-0.8375046
-0.83776337
-0.8403539
-0.83682024
-0.8331178
-0.836676
-0.8350531
-0.8361576
-0.8389453
-0.8411458
-0.8344434
-0.83532524
-0.8382659
-0.833369
-0.83534735
-0.84319556
-0.83287495
-0.836971
-0.83211243
-0.8329775
-0.8376553
-0.8325126
-0.8351598
-0.83592165
-0.8358405
-0.835776
-0.8344332
-0.8344002
-0.83438194
-0.8354981
-0.8340362
-0.8299038
-0.8344235
-0.84039015
-0.8323316
-0.83304226
-0.8315224
-0.8303529
-0.8377098
-0.8366711
-0.8350846
-0.8287461
-0.8392727
-0.8349057
-0.83439964
-0.8330527
-0.8341972
-0.8341852
-0.83611286
-0.8309431
-0.8397736
-0.83149546
-0.8380798
-0.83122385
-0.8372313
-0.8355741
-0.8375212
-0.8333787
-0.83307934
-0.8366614
-0.83653563
-0.84004265
-0.829449
-0.83337957
-0.83600295
-0.83289355
-0.8387634
-0.83122593
-0.8370416
-0.8439767
-0.83603096
-0.8375339
-0.8360001
-0.8372882
-0.8337572
-0.8353154
-0.8357919
-0.83291775
-0.83705497
-0.83918375
-0.83787304
-0.83392596
-0.83682805
-0.8379106
-0.8348115
-0.8432268
-0.82975924
-0.83025765
-0.83325315
-0.828641
-0.83691907
-0.8335663
-0.83549833
-0.8393887
-0.8363127
-0.8375866
-0.83372855
-0.8349898
-0.832141
-0.83251
-0.83374715
-0.83699596
-0.8355159
-0.8335491
-0.8301681
-0.83432126
-0.8319229
-0.84353185
-0.8309369
-0.8350404
-0.8362029
-0.82986486
-0.8365464
-0.8370579
-0.8351722
-0.8323317
-0.8296729
-0.83557636
-0.8396242
-0.8329265
-0.83688885
-0.8393496
-0.83537173
-0.831066
-0.830216
-0.83850384
-0.8356698
-0.8324119
-0.8361261
-0.83788747
-0.83324564
-0.83764255
-0.83574665
-0.8394029
-0.8332898
-0.83134043
-0.83235425
-0.83495015
-0.83283955
-0.8368137
-0.8307265
-0.8354266
-0.8363152
-0.8346821
-0.8362509
-0.83464074
-0.8370543
-0.83842725
-0.83278596
-0.8360878
-0.8365014
-0.8321828
-0.8328899
-0.8383122
-0.8312692
-0.8353808
-0.8310965
-0.83810693
-0.8374872
-0.83687013
-0.8403916
-0.8376702
-0.8356773
-0.84079516
-0.8333979
-0.8374527
-0.83453393
-0.836756
-0.8331024
-0.8365267
-0.83728594
-0.8311929
-0.8329166
-0.8347507
-0.8331572
-0.8361378
-0.84086937
-0.83596903
-0.83598274
-0.83675593
-0.8362792
-0.83843786
-0.83953416
-0.8335041
-0.8345912
-0.83506423
-0.83878064
-0.8365377
-0.83949727
-0.84007037
-0.8350958
-0.83512545
-0.8422762
-0.83533084
-0.83607155
-0.8413174
-0.8303491
-0.8343445
-0.83993685
-0.8334029
-0.8287179
-0.83746046
-0.8347657
-0.8371908
-0.8315465
-0.8402933
-0.83212906
-0.8368206
-0.8329147
-0.83680516
-0.8419022
-0.8394382
-0.83204705
-0.8343772
-0.8384284
-0.8370037
-0.8319335
-0.83095086
-0.83160436
-0.83519065
-0.8378478
-0.83325
-0.83305556
-0.83352673
-0.8378266
-0.83317894
-0.8339354
-0.8293046
-0.83452475
-0.8411317
-0.83208156
-0.82905066
-0.83631945
-0.83503765
-0.8317601
-0.8377758
-0.83983034
-0.8332963
-0.8346448
-0.8390771
-0.8361791
-0.83283997
-0.836705
-0.83603704
-0.83632064
-0.8361778
-0.8385663
-0.83720756
-0.8353697
-0.8368599
-0.83842105
-0.8323326
-0.8345207
-0.83663154
-0.8413911
-0.8358104
-0.83606434
-0.8365142
-0.83858645
-0.8316049
-0.8369593
-0.835721
-0.8285855
-0.83250415
-0.8343103
-0.83268243
-0.83155245
-0.8391826
-0.83638144
-0.8294014
-0.8368033
-0.8363756
-0.8380607
-0.8320699
-0.8361088
-0.83346725
-0.8358516
-0.8344756
-0.8394625
-0.83897376
-0.84065604
-0.83411634
-0.8377814
-0.8352238
-0.83582926
-0.8310431
-0.8397102
-0.8358091
-0.8391974
-0.82743716
-0.8377148
-0.83471
-0.8383859
-0.83347446
-0.8369549
-0.8330756
-0.8402875
-0.8304983
-0.831861
-0.83511776
-0.8366636
-0.8335731
-0.84113425
-0.8361191
-0.8329366
-0.8314129
-0.8405136
-0.83972275
-0.8352835
-0.8330717
-0.8361663
-0.8309938
-0.8319994
-0.8314268
-0.8317542
-0.8334905
-0.8325497
-0.83180636
-0.8330326
-0.83026624
-0.8318815
-0.8321187
-0.8324463
-0.84000784
-0.8360805
-0.8335616
-0.83572036
-0.8333339
-0.83184844
-0.8335334
-0.8397138
-0.83626825
-0.8323322
-0.834409
-0.832104
-0.83111775
-0.8370833
-0.8334339
-0.8353257
-0.8331571
-0.84077406
-0.8399875
-0.8372968
-0.8357199
-0.8351253
-0.8350239
-0.83963525
-0.8324766
-0.8392578
-0.83576655
-0.8395823
-0.835087
-0.8379737
-0.8343852
-0.8379627
-0.83799636
-0.83249503
-0.84217787
-0.8326735
-0.836641
-0.84066826
-0.8343459
-0.83721805
-0.8377004
-0.8301136
-0.8410094
-0.8357627
-0.8370749
-0.8375001
-0.8343462
-0.8359495
-0.8406701
-0.83882445
-0.83676916
-0.83880484
-0.83812344
-0.83527553
-0.83694947
-0.83729917
-0.834828
-0.83954054
-0.84024197
-0.83333474
-0.83819604
-0.8299006
-0.8388882
-0.8381327
-0.83502215
-0.8382344
-0.83692825
-0.83674705
-0.8334277
-0.83191794
-0.8369875
-0.83833206
-0.8283578
-0.83449906
-0.8343263
-0.8390555
-0.8384782
-0.83618397
-0.83853316
-0.8387171
-0.836253
-0.8428874
-0.8406556
-0.83801067
-0.834183
-0.84188086
-0.838691
-0.8400407
-0.83423805
-0.8325428
-0.84472984
-0.84052503
-0.8324135
-0.8350825
-0.8322794
-0.8361022
-0.8412331
-0.83493036
-0.83710766
-0.8381332
-0.83773273
-0.838902
-0.8388761
-0.8429189
-0.83663803
-0.8405984
-0.8380706
-0.8328194
-0.8417187
-0.84140545
-0.84216774
-0.83683383
-0.83761424
-0.83853877
-0.8335238
-0.8321167
-0.83787817
-0.8362617
-0.8284591
-0.8340534
-0.8382044
-0.8423235
-0.8410596
-0.8338874
-0.84047985
-0.8400825
-0.8390232
-0.8379542
-0.8360212
-0.84398013
-0.8374431
-0.833054
-0.8385913
-0.8410465
-0.83766586
-0.8357689
-0.8394407
-0.83407545
-0.8353639
-0.8367638
-0.8400764
-0.839076
-0.8394758
-0.8380341
-0.8395246
-0.8334255
-0.8386718
-0.8392004
-0.83581954
-0.84097916
-0.83975524
-0.84053904
-0.83898515
-0.840505
-0.83716786
-0.8405226
-0.83082485
-0.8362566
-0.83572465
-0.8362566
-0.8364309
-0.8335722
-0.836529
-0.8332849
-0.83523434
-0.8375611
-0.83425546
-0.83693737
-0.8397832
-0.8299117
-0.8376835
-0.8362805
-0.8359462
-0.8341306
-0.84143573
-0.8342678
-0.83510274
-0.83630806
-0.8315946
-0.83198494
-0.8365695
-0.8317007
-0.8370493
-0.837359
-0.8351873
-0.8408166
-0.83176553
-0.83864224
-0.8428807
-0.8327727
-0.8338736
-0.83613724
-0.83741593
-0.83657813
-0.8376941
-0.83926505
-0.83684325
-0.8367266
-0.8360754
-0.8281873
-0.8306533
-0.84126735
-0.83927965
-0.8379239
-0.8332487
-0.8358474
-0.8415085
-0.83973515
-0.8432731
-0.8361563
-0.837726
-0.8368102
-0.83523875
-0.8387149
-0.8307413
-0.83498025
-0.8369335
-0.8393817
-0.83886886
-0.835592
-0.8422844
-0.8404995
-0.8338687
-0.8346428
-0.83351344
-0.8393651
-0.8367686
-0.83567554
-0.84188855
-0.84029
-0.8405448
-0.835058
-0.8417866
-0.8350744
-0.8325226
-0.8380137
-0.8357994
-0.83966655
-0.84098744
-0.8390388
-0.8403508
-0.83951914
-0.8368919
-0.83804065
-0.83541185
-0.84051055
-0.833474
-0.83584267
-0.84341836
-0.8411646
-0.83428574
-0.83963615
-0.834096
-0.8396017
-0.83679044
-0.83927554
-0.83491725
-0.8389532
-0.8324967
-0.8371761
-0.83201534
-0.8400478
-0.83561635
-0.8371992
-0.8386944
-0.84028584
-0.84173054
-0.8381294
-0.8339535
-0.83416116
-0.83695817
-0.8304421
-0.8363092
-0.8313946
-0.8379746
-0.84136873
-0.83846056
-0.83469784
-0.8397889
-0.83890325
-0.83577484
-0.83741266
-0.8336336
-0.8328075
-0.8346206
-0.8369424
-0.8389605
-0.8396819
-0.84054476
-0.83654547
-0.8387108
-0.83889496
-0.8344835
-0.8393758
-0.8380165
-0.8411268
-0.8378552
-0.8394462
-0.8387501
-0.8367083
-0.84175694
-0.83883166
-0.8314638
-0.83602905
-0.8382362
-0.8403134
-0.8413449
-0.8335978
-0.84222716
-0.84261197
-0.83775854
-0.84264135
-0.83281446
-0.84312534
-0.8359027
-0.8372995
-0.84268343
-0.83874136
-0.83917767
-0.8339745
-0.837831
-0.8403919
-0.8392459
-0.8424917
-0.84174466
-0.84570044
-0.83638936
-0.83791184
-0.8370568
-0.84538424
-0.8392104
-0.8393299
-0.8387907
-0.8380715
-0.83739424
-0.8381601
-0.83890826
-0.83786786
-0.8369339
-0.8455989
-0.8424903
-0.83980024
-0.8358525
-0.83532786
-0.84028167
-0.8425435
-0.8375986
-0.8421471
-0.8346677
-0.84496284
-0.8352083
-0.83527577
-0.84335434
-0.8380097
-0.84236467
-0.84080875
-0.8428083
-0.84503907
-0.83748347
-0.8421683
-0.8392343
-0.8403421
-0.8392197
-0.8415273
-0.8402137
-0.838616
-0.84065926
-0.8380909
-0.83886397
-0.83598906
-0.8397722
-0.8389922
-0.8386278
-0.8421169
-0.84148777
-0.84197766
-0.83796996
-0.83854896
-0.83824897
-0.8413136
-0.83727425
-0.8392252
-0.83572614
-0.8411428
-0.8437261
-0.838206
-0.8392212
-0.83777124
-0.841113
-0.8420319
-0.83911824
-0.835776
-0.83956814
-0.8359777
-0.84321606
-0.83989686
-0.8375665
-0.84131074
-0.8411404
-0.83770597
-0.8384524
-0.83776987
-0.83152944
-0.83886755
-0.8371487
-0.8425861
-0.83953935
-0.83634746
-0.84038216
-0.8377666
-0.83797276
-0.84075344
-0.8418992
-0.83784837
-0.83570117
-0.8363903
-0.8347459
-0.84284025
-0.83636767
-0.8348658
-0.84115934
-0.8382072
-0.8361802
-0.84043294
-0.8384082
-0.8349007
-0.8400153
-0.83638966
-0.8390394
-0.8450294
-0.83831495
-0.83946705
-0.8377047
-0.8338308
-0.8356258
-0.83567286
-0.840079
-0.8451557
-0.8377609
-0.83444804
-0.8385779
-0.8385334
-0.838211
-0.83640003
-0.8363345
-0.8356932
-0.83500683
-0.83718836
-0.83771014
-0.83554417
-0.83766794
-0.8435427
-0.8403725
-0.84421915
-0.83666337
-0.8409105
-0.84077895
-0.83753383
-0.837033
-0.8380081
-0.8393169
-0.836875
-0.83767414
-0.839274
-0.8369484
-0.8333958
-0.8369381
-0.8412418
-0.8411849
-0.8375731
-0.84160006
-0.8422084
-0.8368346
-0.83982456
-0.83832705
-0.8352655
-0.83586246
-0.83769655
-0.8366795
-0.8374659
-0.83556575
-0.8384035
-0.8365882
-0.8400326
-0.8370356
-0.8424874
-0.8407475
-0.8403689
-0.83451015
-0.8395853
-0.8398737
-0.835401
-0.83339
-0.83914095
-0.83500665
-0.8391421
-0.8354481
-0.8414836
-0.83773375
-0.847435
-0.83700657
-0.83898526
-0.8363699
-0.8414674
-0.84009355
-0.8367603
-0.8349766
-0.8403154
-0.8430275
-0.8383146
-0.8449956
-0.84004647
-0.8390379
-0.83761895
-0.83948225
-0.830364
-0.83923614
-0.8335617
-0.8361604
-0.83702034
-0.84629536
-0.8473337
-0.8392512
-0.84026873
-0.83914876
-0.84342337
-0.8388285
-0.83641297
-0.8349563
-0.84363765
-0.83796346
-0.84073263
-0.8424374
-0.83773714
-0.8432006
-0.8399176
-0.8425496
-0.8440124
-0.83937293
-0.84306586
-0.83875304
-0.83831537
-0.8348217
-0.84103864
-0.8378336
-0.83696127
-0.8318574
-0.83214986
-0.8396441
-0.83737934
-0.8372829
-0.83997387
-0.8413108
-0.8379189
-0.8411933
-0.84140456
-0.83924097
-0.84095824
-0.83877575
-0.83583254
-0.83827925
-0.8378586
-0.8339939
-0.8344038
-0.84238315
-0.8361477
-0.84419376
-0.8343352
-0.8440151
-0.8401597
-0.8396984
-0.8365934
-0.84036607
-0.83701384
-0.83803654
-0.8372634
-0.84220266
-0.834865
-0.83925116
-0.8396909
-0.839889
-0.8374351
-0.8408992
-0.8342112
-0.84560734
-0.84099495
-0.83543813
-0.84104276
-0.8394289
-0.83858174
-0.83929116
-0.8377436
-0.8382198
-0.84189105
-0.8409172
-0.84565645
-0.84204346
-0.8391946
-0.8370311
-0.838712
-0.83807844
-0.83918107
-0.83590657
-0.8421945
-0.83790326
-0.8435486
-0.8380388
-0.8361572
-0.8333656
-0.83935434
-0.8392737
-0.8432709
-0.83872515
-0.8391734
-0.84136283
-0.84319866
-0.83564115
-0.8352006
-0.8448619
-0.84213865
-0.8428449
-0.8410456
-0.8336556
-0.83863914
-0.83791226
-0.84003735
-0.8399774
-0.83728015
-0.8426652
-0.8372017
-0.8385328
-0.84422874
-0.840341
-0.8380359
-0.8371731
-0.83483756
-0.83836067
-0.83839923
-0.84061354
-0.83516675
-0.83798057
-0.8397974
-0.84672797
-0.8431986
-0.83938587
-0.8371503
-0.8397133
-0.8376283
-0.8393238
-0.845563
-0.8396804
-0.8343732
-0.8401909
-0.8392342
-0.84428895
-0.8389693
-0.8416036
-0.84192866
-0.840277
-0.8406673
-0.83819085
-0.8446152
-0.8429621
-0.841002
-0.84616625
-0.843484
-0.8344377
-0.8361143
-0.83345383
-0.8465122
-0.83905166
-0.84026265
-0.83970344
-0.8388269
-0.8389714
-0.8403131
-0.84172523
-0.84097886
-0.8411181
-0.8354773
-0.8398682
-0.8370561
-0.8401786
-0.8391083
-0.841362
-0.83812726
-0.8380851
-0.83593106
-0.8417909
-0.84005463
-0.841986
