0.11563998562257022
0.2443465784330282
0.2563827550581952
0.3164171230024331
0.19563067127621547
0.1971683971005383
0.1789313807349779
0.2880212735343201
0.5409668752575301
0.27260108427359003
0.23076206699861018
0.42565112914100367
0.09217035765291631
0.2799107452144113
0.17838691041268082
0.4130288718894941
0.3502631829470158
0.38075082674164795
0.23944207292817077
0.2886985188831724
0.1555623867890368
0.17100394790491044
0.8278409538126228
0.32917297280208613
0.314771220686823
0.5478154852273932
0.45650161710401327
0.32799171416036327
0.4894304094210084
0.17764710432932349
0.16385997786007406
0.25909345135377937
0.17418965923208982
0.2012144097959496
0.22875424307177936
0.21520323101562855
0.3109719433917842
0.17535698763974092
0.09972205622033041
0.44719963039153293
0.3510686026275106
0.31811098643256686
0.14146725485717757
0.05118199631674728
0.06649707932774625
0.39438374745367166
0.4021261354249459
0.4629459782244172
0.4486101220568195
0.3254921221845453
0.3866823324620748
0.17374647204451887
0.4079258666004339
0.24174654301247514
0.061234057882800313
0.34578046230532183
0.20181665436377041
0.2669315881306573
0.20115234751422673
0.11034364909300104
0.358560212031255
0.22205778275249347
0.3977499055954424
0.10934897974405233
0.331158433345234
0.43287889328017154
0.5563657730228398
0.056575562603141484
0.4385664092693724
0.3165430718253107
0.17111298955128915
0.33634271595852633
0.2158784583534873
0.25335827839712605
0.31291272353148336
0.29371169157819654
0.07045304943988068
0.16991144941648417
0.14493391143084702
0.30230467749115286
0.30857078843972885
0.14343581552636472
0.15240179731099568
0.16956243612204092
0.11921584021981796
0.4116002182975033
0.5347777513961192
0.5382972389722728
0.22411928450520122
0.21423450873137356
0.19661242616253075
0.034731184221879915
0.4524519383628946
0.28638686703583743
0.15610266454692148
0.15557596048958686
0.3528307828198115
0.3010795098471654
0.4315376327832316
0.1962906688224779
0.2176610554978929
0.015763496152487025
0.18991049364065726
0.4607486745618856
0.6048942289340693
0.25973943401655825
0.22143689119256332
0.15991792442096778
0.13593666734872423
0.24037698677546135
0.5030649084367749
0.4080298087195794
0.2686542618613526
0.6679207999974086
0.4911361570493343
0.4134420212633315
0.3886684395253191
0.2072178224737187
0.2498358549665955
0.3108781811789633
0.6889866455440201
0.36259332681638523
0.08260991469374429
0.15160283586412038
0.12913853475080989
0.3204793445624331
0.547161959935116
0.38637251083886587
0.5747924313947372
0.2962406738302648
0.4214080507350609
0.2980296848206991
0.10588455034446921
0.3163016157549974
0.23580321014200473
0.44351973285229107
0.9495974120825024
0.5693767562635939
0.16953749638787646
0.5085542423952406
0.3956539668820261
0.4552661451220778
0.20800954722980775
0.26721502901969074
0.2595964008300765
0.5465522159963788
0.8484670525127319
0.12601177129668437
0.15959693328467847
0.10090694554924773
0.2667992091027985
0.6067101823488532
0.2785292064614655
0.32257128655992223
0.328310973180196
0.3627892249384787
0.3534580831740149
0.4429492503638951
0.33153859356287474
0.04341888353716012
0.1944413388088099
0.21351559944958412
0.2964967371028167
0.3339660188224494
0.21944946111694996
0.39943015431756457
0.21320468460318462
0.19865988521535022
0.8318414607399235
0.17068894346463365
0.5323232962658072
0.24157830201715458
0.0883418652141513
0.04719898421535683
0.3290639798639238
0.16683784251498038
0.2316795462652153
0.8782322016080802
0.17902213457479263
0.18305736304045858
0.2596953792970373
0.7665804995166472
0.06138110337699527
0.6475590287166523
0.31462851449599927
0.2303124657425682
0.3810515070592557
0.3730064372839069
0.25510163683394904
0.531891155539428
0.13177978582457633
0.38567259028306855
0.20073349275408975
0.38637936176422094
0.48200451907868413
0.4290705183578701
0.24240232115413377
0.4925259954350974
0.24304467096746332
0.11387269945751838
0.17165714587544986
0.2642705383976577
0.0529710114221118
0.2873821038001319
0.5702750839932541
0.03432344698099699
0.10460636368145462
0.11876470556740772
0.3144060945773602
0.2544137477917432
0.4289698735985215
0.1861541811000796
0.20015020959182991
0.2271077881009854
0.6244974617348451
0.48689711837485905
0.343518163738799
0.17332926605104723
0.5035817811230594
0.6007977725936967
0.48234744056651124
0.31111250520914174
0.2564980497852926
0.2644882399043101
0.1327270632404513
0.2306853420109364
0.3043803243991383
0.48553764747193257
0.2680509568617804
0.35900985118092316
0.5341319874903827
0.18612375747001375
0.2399045607281848
0.44542731099919913
0.4592409099304222
0.4168078671953886
0.23486887208353197
0.06386234898308785
0.5329169072775154
0.15023293528809653
0.4529348474832901
0.6275932906389085
0.22972502594333444
0.17589452313233145
0.32668456270555507
0.08277485561322662
0.27667268726269634
0.579042124618508
0.12485962894096632
0.380045621131205
0.15710639762514866
0.08719327094639269
0.3511598531320379
0.14365454260439725
0.30640930501805397
0.4951504072181241
0.5434954714121435
0.466360300781672
0.2647022316740593
0.19907565557640133
0.4881433502019065
0.4680932595545825
0.4191336101831199
0.2598064321555367
0.21939084369828227
0.66912233505319
0.4424724286472671
0.7040561326760144
0.18782546158284844
0.3967539199472451
0.05505803268031246
0.41922788431331803
0.2704193270615721
0.44201907655919
0.3458118435335581
0.3704012233960644
0.4193131422260718
0.4201609097996736
0.3019108557751526
0.34382756138299747
0.6202440591342732
0.2258597164241997
0.10809849791600956
0.22496706774772915
0.3710460588527733
0.4914558282518813
0.3055637279938438
0.17196295579854073
0.5153266970386448
0.4535353189470717
0.16153963226908657
0.15853214702403395
0.548030518386373
0.5511229235099673
0.548073391718474
0.3458254610384759
0.23288937359030817
0.4656965753940878
0.6800604389109037
0.18308808003446572
0.550255169470466
0.24502926635719863
0.1672888624206052
0.2929484322781328
0.3435531402553231
0.8221950423963839
0.2270061625341802
0.6381012912328331
0.20415121343193374
0.13791609484329817
0.29213012661047566
0.560038159806616
0.11824983861560898
0.23603679942825923
0.7220899549602119
0.5973229093965228
0.27743528278760193
0.06852553702686154
0.15159506551004776
0.5339474601959123
0.28172452526782377
0.05634180097427845
0.24476070571354547
0.06944399238875203
0.4481134449338212
0.352148677752203
0.5344956287731872
0.26617829003661886
0.6554586553421252
0.6119519908271562
0.37991176324421333
0.5320280898619787
0.6241491653747819
0.467397498579526
0.3032456758195503
0.5229779703634638
0.11618199149453938
0.26721945492342863
0.3929205899251471
0.4574955682159178
0.49512745363331023
0.28200460819488854
0.7533688083332033
0.048317205263702485
0.2173685956918452
0.1591970503317286
0.4328634493130566
0.10908314044086057
0.11936924817015261
0.28132251370554673
0.17710342525030373
0.5194325487236531
0.1734121446327437
0.37897041375262647
0.24379937525880405
0.4097861638529781
0.699651480579151
0.3930634412780221
0.12180366910019251
0.15363576050556638
0.43203172848625204
0.3176967450613707
0.29449089675989615
0.23474682827547805
0.3394521905668354
0.3313245334819771
0.5722267842736747
0.1395404708132914
0.25773142607983446
0.28154099413175726
0.29379899683136856
0.024498570507324804
0.26939373198908434
0.4721526132226742
0.27724746571569137
0.1476109036874727
0.2676911596911635
0.21976535697074875
0.47007022826165357
0.32522711853289465
0.222464705518509
0.10994842349845699
0.2942878925145492
0.3211121519367493
0.17350654638750507
0.0926617636946252
0.22816550571840932
0.1581268843592065
0.18435560286734756
0.2092543157857309
0.32822035502712615
0.4493577704833173
0.23966837788037265
0.41727966661112825
0.40625879830324374
0.18438752519191481
0.10486383231897782
0.3512254121401969
0.27108668562092075
0.40516512883790345
0.16453459308286195
0.16298613516392194
0.09430875781291037
0.4982352676019481
0.47786273670789076
0.4939748563057278
0.12199111663704708
0.4044483358994204
0.3122327911095493
0.10475903202993957
0.3813553787171784
0.24695768497264556
1.112832333277312
0.6181178291367522
0.35922699379317796
0.6092295756757432
0.476562253667987
0.5767219903476265
0.260315941492434
0.39262522872624306
0.19063993714956848
0.10693214043659484
0.23664131889889675
0.2779000295099908
0.39469333897675835
0.3686956156638445
0.15189287196790402
0.12826148188940284
0.48634868746312926
0.16107549095330648
0.4634465012732466
0.33989111459040305
0.13267833991815062
0.08213903023686728
0.2265812429085445
0.35185913530510116
0.07650422500263986
0.39563329933868785
0.4047876377098886
0.5693488744618096
0.24629474865708664
0.6054697528445698
0.21903867103721184
0.32653873510416237
0.6959835291861112
0.5421156012023616
1.255254052488
0.14924132853004557
0.23997254304427706
0.09015275275804444
0.10503695684018144
0.2474895061494904
0.15599073331793242
0.2048988547697521
0.25746863727778985
0.33377671924050817
0.39934851219347633
0.4049664743030539
0.28205065878066415
0.5300142257983298
0.2238121003716619
0.48958774586515097
0.3091381752351247
0.2306102741450151
0.11805483173644013
0.35075147564458875
0.29015822698860844
0.3225099905818343
0.08765710357799597
0.32335268867562184
0.1494471120425338
0.313905172030015
0.27951581297555717
0.1971504346196206
0.2694892287109681
0.15549866696986353
0.2825671835209377
0.3194665367310468
0.7592295739099472
0.3810993486207749
0.2546117185358535
0.26827717872315954
0.19965769040879858
0.30913351601778427
0.4547377899791441
0.4982120427035205
0.2967937317432189
0.1879542897108384
0.3296811236945959
0.18345943984018898
0.34834778697122215
0.9232698075809526
0.24844593735931197
0.23335868413149918
0.16670390589371764
0.33861947639164275
0.2862596405106445
0.4366722466501943
0.3907085726421335
0.09623707466275455
0.4959287651166149
0.15501628207724472
0.2647506015813698
0.4372649697332971
0.1267353066843519
0.2406151040457797
0.2389651677861629
0.4837963537902269
0.247454162334823
0.23802203433402372
0.23107349652027054
0.22971270088239482
0.1333587546658566
0.0917477564540546
0.07548170892338033
0.299726633107604
0.5234922603401196
0.09396668200872603
0.3234901997172207
0.016641769937988767
0.2625353893020331
0.252858766125
0.3402290049455165
0.3123391916711802
0.026563017774987752
0.3779872013162479
0.342870130197468
0.18947700107442306
0.10404024606448371
0.18553502734081162
0.11983554349065159
0.1752708490254971
0.053970482775225266
0.37495143350937554
0.18955721815225296
0.5178901270113224
0.49708441944502624
0.23754357423867614
0.27749484022704174
0.31149639803279683
0.36037060955436845
0.2574338706847422
0.23830255370336043
0.3105678341721926
0.3334435564925334
0.602994325512643
0.2928326664041291
0.1656058823625867
0.589516562452802
0.2320880990657894
0.09315960238016696
0.17646088624094453
0.033307540772891615
0.21228972011460048
0.6726030928358919
0.5609482219303633
0.48622707919736
0.10013653537891444
0.12472145193497446
0.2415187888865695
0.44216729584189535
0.30105734544950363
0.3230092189865477
0.11172537990642428
0.17346911750944644
0.28194551424064096
0.09246641466496974
0.28018826695199156
0.7682125266416524
0.2048476474059309
0.13298233640607282
0.3224226136786653
0.6369700774215734
0.3398900724136242
0.1087675039914582
0.1957129011492789
0.31320928997013975
0.3187532970637107
0.4188635727460247
0.27300127056593665
0.14892282236696547
0.28441382399894616
0.28926472173756806
0.47407433838865615
0.5660168381202714
0.38887131026607397
0.48251295164674185
0.23030126868690926
0.3984653245248112
0.2074222883168623
0.4247554719935527
0.1960053291903238
0.10683021439049487
0.1824372029758771
0.27873620897972706
0.68605490939973
0.4085278500716229
0.36957862047276274
