-0.8429387
-0.8422183
-0.8467978
-0.849532
-0.84640634
-0.8572986
-0.8540433
-0.8609457
-0.8598888
-0.8629555
-0.86614347
-0.8663068
-0.8646672
-0.86871207
-0.86709374
-0.86938316
-0.8726848
-0.87466997
-0.87754613
-0.88025004
-0.87901694
-0.8804706
-0.88207614
-0.88581014
-0.8932268
-0.8944322
-0.8956608
-0.8997726
-0.8986204
-0.89968157
-0.91068673
-0.91021436
-0.91231114
-0.9176127
-0.9184991
-0.92166275
-0.92465454
-0.9272145
-0.9304056
-0.93568337
-0.93816394
-0.9322713
-0.937282
-0.937721
-0.9397456
-0.94196117
-0.93771434
-0.9433018
-0.9434797
-0.9442086
-0.9450792
-0.945579
-0.9469769
-0.9456975
-0.9455662
-0.9468649
-0.94935006
-0.9485205
-0.94815844
-0.95080024
-0.950506
-0.94959944
-0.9492649
-0.95047295
-0.9511216
-0.9487702
-0.95042783
-0.9523491
-0.9522249
-0.95167947
-0.95149696
-0.95255727
-0.9516456
-0.95448965
-0.95313144
-0.95338273
-0.95288634
-0.95479214
-0.9554401
-0.9549642
-0.95544595
-0.9559321
-0.95533675
-0.95613265
-0.9567059
-0.95782936
-0.9568322
-0.9564273
-0.95667744
-0.9563894
-0.95674556
-0.95697445
-0.956612
-0.956459
-0.956294
-0.9567747
-0.9573759
-0.9582678
-0.9572445
-0.95669645
-0.95868677
-0.9572892
-0.9575279
-0.9574014
-0.958406
-0.9577224
-0.9576478
-0.95845604
-0.9580201
-0.95848936
-0.9589248
-0.9572103
-0.9580417
-0.9592144
-0.95914036
-0.9595574
-0.95826256
-0.95859396
-0.9589695
-0.95773566
-0.959019
-0.9587091
-0.9590858
-0.95945895
-0.959219
-0.95996594
-0.95938045
-0.9600716
-0.9582009
-0.9592994
-0.95930433
-0.9602599
-0.95891106
-0.959084
-0.9586448
-0.9589153
-0.9591779
-0.9594295
-0.9586383
-0.9600733
-0.9588893
-0.9605405
-0.95869035
-0.95902735
-0.9595009
-0.96003133
-0.9604475
-0.9602032
-0.95942193
-0.9600186
-0.9603315
-0.9612677
-0.9600779
-0.95980495
-0.96028376
-0.9595653
-0.9597715
-0.95933133
-0.95939845
-0.96146655
-0.96071136
-0.95961916
-0.9588823
-0.96029073
-0.95977736
-0.9603099
-0.9594823
-0.96042055
-0.96042
-0.958951
-0.96175706
-0.9594739
-0.95972836
-0.95982176
-0.95961297
-0.9594086
-0.9602861
-0.9595215
-0.96009016
-0.96066105
-0.96100426
-0.95790595
-0.9612679
-0.96067995
-0.9593584
-0.9600486
-0.95924634
-0.9598422
-0.95921296
-0.96020716
-0.9603986
-0.95988023
-0.9587411
-0.9610786
-0.9607205
-0.9584249
-0.9607385
-0.9599309
-0.9592707
-0.9597018
-0.96052706
-0.9599597
-0.96046054
-0.9604398
-0.9601732
-0.9605654
-0.96115595
-0.9606326
-0.96184653
-0.96091324
-0.95955086
-0.9614093
-0.9601283
-0.9594144
-0.9610284
-0.9600155
-0.96029246
-0.9614213
-0.9607647
-0.959836
-0.9598915
-0.9593403
-0.9608891
-0.9616342
-0.9608725
-0.9604177
-0.96113324
-0.9602472
-0.9593526
-0.9596867
-0.9587739
-0.9615913
-0.9607628
-0.9608063
-0.9607819
-0.9609946
-0.96143615
-0.960149
-0.9595006
-0.9609442
-0.96073484
-0.9604436
-0.95970166
-0.9604009
-0.9597282
-0.95940644
-0.9604895
-0.9600248
-0.9609941
-0.9616293
-0.96167266
-0.9592016
-0.9589844
-0.960318
-0.9599495
-0.9565174
-0.9582812
-0.96021056
-0.96127254
-0.9616386
-0.96058434
-0.9612984
-0.9611685
-0.9603735
-0.96117234
-0.96018714
-0.9624699
-0.96229535
-0.96103173
-0.96127397
-0.96137017
-0.96079224
-0.96076155
-0.9617148
-0.9604994
-0.9613004
-0.96138823
-0.9611488
-0.962337
-0.96133304
-0.96198666
-0.96168554
-0.9625028
-0.9608636
-0.96270853
-0.9613075
-0.9619409
-0.9612931
-0.96113366
-0.9617355
-0.96167076
-0.9618443
-0.9617839
-0.9614634
-0.9620983
-0.9610558
-0.9606598
-0.9615108
-0.96139574
-0.9609123
-0.9623119
-0.9621385
-0.9613862
-0.96254104
-0.9620068
-0.9612743
-0.9615762
-0.9608029
-0.96066874
-0.9619628
-0.9617128
-0.9605971
-0.96134156
-0.96223915
-0.963436
-0.9606203
-0.9620472
-0.96213824
-0.96175
-0.96171826
-0.9616494
-0.9619227
-0.9622795
-0.9610786
-0.9616557
-0.9623241
-0.9613426
-0.96224564
-0.96146995
-0.96020555
-0.9613557
-0.96183974
-0.96152836
-0.9620732
-0.96285635
-0.9620324
-0.96083736
-0.9618861
-0.96237636
-0.9619209
-0.9624817
-0.96287364
-0.9618464
-0.96175957
-0.9624432
-0.9617951
-0.96143484
-0.9624962
-0.9612904
-0.9628784
-0.9617178
-0.96271807
-0.9606952
-0.9616139
-0.9616574
-0.9623699
-0.9621829
-0.96202946
-0.9618658
-0.9624086
-0.9605327
-0.96207875
-0.96205276
-0.96361727
-0.96187145
-0.96239585
-0.96254224
-0.9611394
-0.9632019
-0.95991075
-0.9622182
-0.96268064
-0.96177185
-0.96310884
-0.9626101
-0.9629168
-0.96176064
-0.9621137
-0.96250284
-0.96172607
-0.9623313
-0.9623903
-0.9623769
-0.96227294
-0.96178514
-0.9622186
-0.96272457
-0.9616701
-0.9615259
-0.9618484
-0.96163404
-0.96242875
-0.96141624
-0.96257675
-0.96243423
-0.9625169
-0.9627429
-0.96122295
-0.9635058
-0.9610838
-0.9625072
-0.96155125
-0.96211624
-0.9611307
-0.9623971
-0.9611314
-0.96176
-0.9630661
-0.9619007
-0.96263754
-0.96259785
-0.96211785
-0.9623705
-0.9630994
-0.9616848
-0.9624005
-0.9633686
-0.962826
-0.96296
-0.9627217
-0.9624844
-0.9623459
-0.96320516
-0.96179825
-0.96206987
-0.9631536
-0.96225214
-0.9620808
-0.96195096
-0.96301323
-0.9606754
-0.9631139
-0.96218646
-0.9631004
-0.96135974
-0.9630915
-0.9625939
-0.96140504
-0.9627067
-0.9621951
-0.96251917
-0.9628518
-0.960761
-0.96259415
-0.96262723
-0.9607894
-0.9618582
-0.9612296
-0.96375257
-0.9629517
-0.9626144
-0.9615254
-0.96060675
-0.961749
-0.9610124
-0.96152663
-0.96211576
-0.96107024
-0.96181923
-0.96128905
-0.96106374
-0.96045834
-0.9614541
-0.96403533
-0.9617209
-0.9619151
-0.9623191
-0.96241444
-0.9618196
-0.96163934
-0.96168613
-0.9623875
-0.9626848
-0.9620583
-0.9616955
-0.9618475
-0.962692
-0.96260524
-0.96251464
-0.9621384
-0.9624474
-0.9606031
-0.9622235
-0.9616595
-0.9632006
-0.9623416
-0.96251404
-0.9621979
-0.9623114
-0.96119314
-0.96309847
-0.9617473
-0.96180123
-0.96321195
-0.9629552
-0.9629741
-0.96304625
-0.9622027
-0.9631591
-0.9614443
-0.96193725
-0.96165043
-0.9625106
-0.96174014
-0.9631612
-0.9627468
-0.96242154
-0.9619646
-0.9616997
-0.96239036
-0.9624094
-0.9624784
-0.9614438
-0.96385425
-0.96287084
-0.96237916
-0.9627469
-0.9632745
-0.961526
-0.9622161
-0.96319044
-0.9631253
-0.963159
-0.96244574
-0.9619156
-0.9614804
-0.9620696
-0.96335936
-0.96303296
-0.963526
-0.9631004
-0.96146786
-0.9617619
-0.96238965
-0.96254534
-0.9619537
-0.9617536
-0.96292317
-0.96207523
-0.9622559
-0.9621744
-0.9634875
-0.9632604
-0.9627849
-0.96211743
-0.9616511
-0.9633704
-0.9629481
-0.9629064
-0.963133
-0.96283704
-0.96347636
-0.9623109
-0.96266055
-0.9623147
-0.96422803
-0.96203554
-0.96334535
-0.96235764
-0.9622646
-0.96267116
-0.963028
-0.96178025
-0.9627897
-0.96287787
-0.9635838
-0.9621424
-0.9631047
-0.9619553
-0.9621316
-0.9623294
-0.96164066
-0.9623651
-0.96252817
-0.9629807
-0.96363485
-0.9622834
-0.96174043
-0.9614299
-0.9624002
-0.9620073
-0.9626061
-0.9623803
-0.9619241
-0.962085
-0.9637
-0.96312785
-0.96233183
-0.9619172
-0.96242887
-0.96124524
-0.9624154
-0.9641136
-0.9627888
-0.9629667
-0.96379036
-0.9625409
-0.96256024
-0.96330047
-0.96329284
-0.96360946
-0.96354467
-0.9634082
-0.96288604
-0.9623193
-0.96310794
-0.9622944
-0.96254236
-0.96371156
-0.9637513
-0.9622008
-0.96248364
-0.9626469
-0.96328276
-0.9635963
-0.9632805
-0.96236056
-0.9624911
-0.96212065
-0.9635283
-0.96108127
-0.9629364
-0.96387994
-0.9631332
-0.9619245
-0.96305037
-0.9634162
-0.9641707
-0.96365434
-0.96179485
-0.96219003
-0.96204656
-0.9615378
-0.9632757
-0.9641402
-0.9629737
-0.96324605
-0.96335083
-0.9620311
-0.9627544
-0.9627143
-0.9644571
-0.9624671
-0.96267426
-0.9615158
-0.962603
-0.96374786
-0.96320087
-0.96375406
-0.96323353
-0.96358675
-0.96248513
-0.96351767
-0.9627478
-0.9641588
-0.96309483
-0.9632962
-0.9628385
-0.96144575
-0.96206665
-0.9620922
-0.9637217
-0.9624057
-0.9620939
-0.9626537
-0.96357745
-0.9625577
-0.96293855
-0.96363395
-0.96284574
-0.9648655
-0.96238226
-0.9622506
-0.9624314
-0.9621793
-0.96285874
-0.9626174
-0.964582
-0.9626581
-0.9631068
-0.96281123
-0.96276736
-0.9622009
-0.96310043
-0.9617691
-0.963801
-0.96245074
-0.9638585
-0.9629052
-0.96288145
-0.962829
-0.96239305
-0.96285456
-0.9617392
-0.96197194
-0.9627431
-0.9627226
-0.96286047
-0.96312594
-0.96319073
-0.9625403
-0.9624264
-0.9634871
-0.96257347
-0.96171683
-0.96253115
-0.96315527
-0.962822
-0.9637842
-0.9629085
-0.9632066
-0.9627845
-0.962246
-0.9621759
-0.9629433
-0.96319723
-0.9626955
-0.96228373
-0.9637887
-0.9615865
-0.9615876
-0.9611634
-0.96325594
-0.9623709
-0.9626707
-0.96260196
-0.96147037
-0.96173245
-0.9615753
-0.9619473
-0.9604284
-0.96108633
-0.9616737
-0.96176124
-0.9631422
-0.96327126
-0.962582
-0.9624608
-0.9629109
-0.9611676
-0.9624128
-0.9620685
-0.96250266
-0.9615869
-0.9622588
-0.96184963
-0.96265876
-0.9621714
-0.964238
-0.9623717
-0.96245253
-0.9620794
-0.96231395
-0.96304125
-0.9626753
-0.9621652
-0.9621158
-0.9622445
-0.9623693
-0.962096
-0.9637285
-0.9619664
-0.96324617
-0.96403456
-0.96227753
-0.96279514
-0.96387714
-0.961946
-0.9627067
-0.96231997
-0.96350825
-0.96133864
-0.9618844
-0.9624259
-0.96407557
-0.9622102
-0.9620829
-0.96218324
-0.96183413
-0.9632812
-0.96304864
-0.9624797
-0.96249706
-0.96293265
-0.9629181
-0.96344435
-0.96244544
-0.9605862
-0.9612888
-0.96386147
-0.9622175
-0.9630962
-0.9623906
-0.96186
-0.9636543
-0.9632637
-0.96359795
-0.962935
-0.96338844
-0.96288955
-0.9615842
-0.9630215
-0.96155465
-0.9624743
-0.9627567
-0.96237
-0.96301174
-0.96281314
-0.96299183
-0.9629633
-0.96219367
-0.96274924
-0.962776
-0.9631285
-0.96251184
-0.96358186
-0.96377784
-0.9630729
-0.9631451
-0.9644088
-0.96387076
-0.9632961
-0.96262956
-0.9632525
-0.9626642
-0.9620495
-0.9635378
-0.9629464
-0.96296805
-0.9633076
-0.96293485
-0.9622724
-0.9628601
-0.9630619
-0.96279836
-0.9620366
-0.9627125
-0.96204185
-0.962084
-0.96267956
-0.9605449
-0.96338266
-0.962473
-0.9628307
-0.96172917
-0.9624487
-0.9626976
-0.962945
-0.96292126
-0.9621925
-0.9623035
-0.9634061
-0.96252114
-0.96316534
-0.962998
-0.9629178
-0.96270937
-0.9619589
-0.9621717
-0.96325886
-0.96395534
-0.96364313
-0.96236044
-0.9628085
-0.9627052
-0.9628982
-0.96134967
-0.96269935
-0.9642117
-0.9600293
-0.9624731
-0.96301705
-0.9625249
-0.9625222
-0.96302396
-0.9634967
-0.96341926
-0.963021
-0.9625562
-0.96372086
-0.9631242
-0.96295863
-0.9621438
-0.96174353
-0.9628918
-0.9641769
-0.9630852
-0.96260417
-0.96388876
-0.96263295
-0.9626426
-0.9637661
-0.96322066
-0.96302927
-0.96374416
-0.96239316
-0.96302074
-0.9629174
-0.9625911
-0.9622446
-0.96228504
-0.9630821
-0.96316695
-0.9613298
-0.9642428
-0.9615004
-0.96274173
-0.9622096
-0.9637916
-0.9631351
-0.96241087
-0.96382314
-0.96206903
-0.9605898
-0.9625738
-0.9595591
-0.95807266
-0.95916224
-0.96100736
-0.96002936
-0.9611303
-0.96127176
-0.9617661
-0.96063936
-0.9602701
-0.9610444
-0.96260715
-0.9621435
-0.96201664
-0.9612906
-0.9607852
-0.9619571
-0.9604808
-0.9620839
-0.96263653
-0.96376246
-0.9615595
-0.96141535
-0.96160614
-0.96344435
-0.96281946
-0.9631815
-0.9619343
-0.9627601
-0.96210986
-0.96232784
-0.9630306
-0.96271044
-0.962777
-0.9623044
-0.9613304
-0.9621523
-0.9614211
-0.961957
-0.9634476
-0.962227
-0.9628136
-0.9633355
-0.96303934
-0.9624055
-0.96293736
-0.9628644
-0.963547
-0.9638581
-0.96213776
-0.9630788
-0.9631086
-0.9625782
-0.96306765
-0.9605064
-0.96276724
-0.96091264
-0.9628227
-0.9635093
-0.9625507
-0.9630486
-0.96217537
-0.9630466
-0.9637984
-0.9633222
-0.96292174
-0.9636897
-0.96272856
-0.963248
-0.96336144
-0.96154803
-0.96140265
-0.9622236
-0.9626247
-0.96292794
-0.96239394
-0.96398246
-0.96340996
-0.9627849
-0.9628565
-0.9624652
-0.9630506
-0.9630197
-0.9625756
-0.96282125
-0.9623169
-0.9630825
-0.96323395
-0.9627098
-0.96286917
-0.963215
-0.9620605
-0.96304137
-0.9628746
-0.96358144
-0.9639272
-0.964268
-0.9633998
-0.9617567
-0.9622035
-0.96290755
-0.96352845
-0.9633816
-0.9625245
-0.9618602
-0.96343917
-0.963238
-0.96373945
-0.9623128
-0.96308595
-0.9630206
-0.9619616
-0.96209157
-0.96366626
-0.96237254
-0.9629781
-0.96298057
-0.9630581
-0.9631487
-0.9634387
-0.9634855
-0.9629876
-0.96189153
-0.9633278
-0.9632116
-0.9633899
-0.963507
-0.96354246
-0.96261585
-0.9631849
-0.9638202
-0.9637684
-0.9623651
-0.9632316
-0.96395636
-0.96237814
-0.96235466
-0.9635896
-0.9633638
-0.9628524
-0.9631911
-0.96264213
-0.96232265
-0.9627709
-0.96253544
-0.9620945
-0.9634192
-0.9624034
-0.96180767
-0.9612615
-0.9613394
-0.9622646
-0.96105427
-0.96165484
-0.96133596
-0.96226555
-0.9620495
-0.96211064
-0.9631365
-0.962274
-0.96218324
-0.96158856
-0.9622602
-0.9615098
-0.9635767
-0.9634666
-0.96280074
-0.9623232
-0.96238375
-0.96372366
-0.9628857
-0.9633174
-0.9618557
-0.9638059
-0.9622574
-0.9640391
-0.9588732
-0.9629279
-0.9628425
-0.9633234
-0.9623623
-0.9641921
-0.9637593
-0.9631249
-0.96321005
-0.9625852
-0.9631214
-0.9619878
-0.9623729
-0.96349525
-0.96285033
-0.9631322
-0.96247107
-0.9623912
-0.9632306
-0.96355927
-0.9641886
-0.96323913
-0.9629886
-0.96377414
-0.96199137
-0.96309906
-0.9622598
-0.96376216
-0.96344966
-0.96323204
-0.96276563
-0.9623753
-0.9623948
-0.9629472
-0.9638729
-0.9630046
-0.96341544
-0.9629333
-0.96380055
-0.96252066
-0.96318614
-0.9626572
-0.9618159
-0.9628921
-0.96201646
-0.96273965
-0.9624506
-0.96307844
-0.96307695
-0.96322256
-0.96294236
-0.9629622
-0.9630889
-0.9629542
-0.96295977
-0.9634546
-0.96311224
-0.96319264
-0.9637722
-0.9632806
-0.9631912
-0.9622341
-0.9625206
-0.96307254
-0.96290916
-0.96158636
-0.96409184
-0.9630456
-0.9636806
-0.9637906
-0.9630906
-0.9629958
-0.96346724
-0.96339726
-0.9640989
-0.9631875
-0.9620963
-0.96371984
-0.96480715
-0.9637584
-0.9637319
-0.96217865
-0.96192753
-0.96277297
-0.96274316
-0.96297324
-0.9623402
-0.96320415
-0.9635352
-0.9624517
-0.9627428
-0.9621296
-0.96352917
-0.96425515
-0.9630266
-0.9631557
-0.9640104
-0.9628493
-0.96360683
-0.9625105
-0.96349835
-0.9634643
-0.9623046
-0.9626093
-0.96270674
-0.96249175
-0.9629244
-0.9629241
-0.9631184
-0.9625299
-0.96328044
-0.962026
-0.9642466
-0.96239877
-0.9630165
-0.9638298
-0.9643552
-0.96431464
-0.96293426
-0.963727
-0.9632276
-0.96285534
-0.9630066
-0.96422094
-0.9622104
-0.9625204
-0.9628217
-0.96348614
-0.96251374
-0.96285474
-0.9627022
-0.9607596
-0.9623028
-0.9618702
-0.96183157
-0.96197116
-0.96337914
-0.96227527
-0.9623986
-0.9615574
-0.9626035
-0.96196336
-0.96214885
-0.96329945
-0.96110904
-0.9629437
-0.96170187
-0.96386915
-0.9627269
-0.9618021
-0.96158266
-0.96208614
-0.96123856
-0.9620667
-0.9625183
-0.96369135
-0.9618582
-0.96344095
-0.9641619
-0.9622402
-0.9620289
-0.9629627
-0.9628427
-0.9638465
-0.9617714
-0.9639623
-0.9630356
-0.9622828
-0.9635525
-0.9624631
-0.9627228
-0.96390265
-0.9633238
-0.9630465
-0.9631559
-0.9625891
-0.96230966
-0.9630551
-0.9633894
-0.9631761
-0.9618545
-0.9607701
-0.9623745
-0.9628426
-0.9626575
-0.96269333
-0.96182084
-0.96345764
-0.9622382
-0.963378
-0.9638623
-0.9628327
-0.962354
-0.9635824
-0.9636063
-0.96378964
-0.9621841
-0.9625711
-0.96405137
-0.9630161
-0.9628895
-0.963945
-0.9627464
-0.9637021
-0.96308625
-0.96251196
-0.96294475
-0.96386385
-0.96315616
-0.9630967
-0.9630232
-0.9636057
-0.9633066
-0.9626863
-0.96298015
-0.9639534
-0.9633465
-0.9646059
-0.96380174
-0.9621169
-0.96263164
-0.96319705
-0.96464235
-0.96337545
-0.963157
-0.963519
-0.96252024
-0.9633116
-0.9630085
-0.96388954
-0.963405
-0.96316355
-0.963399
-0.96336997
-0.9630128
-0.96426773
-0.96292335
-0.9637245
-0.9632766
-0.96377
-0.96380705
-0.96344423
-0.9630015
-0.9621962
-0.9620307
-0.96311194
-0.9629504
-0.96314806
-0.9625646
-0.96340865
-0.9633363
-0.96397233
-0.9635188
-0.96395487
-0.96258926
-0.9625773
-0.96248233
-0.9618833
-0.9629939
-0.9620207
-0.96266216
-0.9630379
-0.9630697
-0.9608263
-0.9642514
-0.9624473
-0.96320236
-0.9627876
-0.9626921
-0.9623163
-0.96230453
-0.96247476
-0.9637718
-0.96318793
-0.9635615
-0.96293306
-0.96288687
-0.9636979
-0.96307325
-0.9630201
-0.9628358
-0.96238583
-0.9628566
-0.9618775
-0.96330863
-0.9627742
-0.9626926
-0.9627562
-0.9629385
-0.96283174
-0.96276265
-0.96363133
-0.9619329
-0.9626421
-0.9621963
-0.9628787
-0.9630916
-0.9628566
-0.964318
-0.9623877
-0.9598758
-0.9641292
-0.96246725
-0.963965
-0.96332806
-0.9639604
-0.96410185
-0.9622842
-0.9631242
-0.9631092
-0.9629955
-0.963222
-0.9624168
-0.9634139
-0.96374106
-0.9636535
-0.96274716
-0.9634558
-0.96198785
-0.96329576
-0.9628941
-0.96232635
-0.9633255
-0.96355385
-0.9633931
-0.96332043
-0.96335155
-0.96270543
-0.96338797
-0.9644478
-0.9632637
-0.96343553
-0.96329236
-0.9631703
-0.96261626
-0.9624249
-0.96259654
-0.9626423
-0.96345305
-0.96287227
-0.9627771
-0.9632175
-0.9634896
-0.9637401
-0.9625571
-0.96304244
-0.96261775
-0.96218634
-0.96380794
-0.96304077
-0.96291316
-0.96250534
-0.9637861
-0.962623
-0.96192354
-0.96343726
-0.96323085
-0.96308947
-0.9624829
-0.9622459
-0.96276534
-0.9635559
-0.9640101
-0.9626648
-0.96284026
-0.9626184
-0.9630538
-0.96264446
-0.9627387
-0.96332294
-0.96284914
-0.9622925
-0.96207327
-0.9607943
-0.96243966
-0.96356505
-0.963343
-0.963221
-0.962555
-0.9626368
-0.962651
-0.9630909
-0.963306
-0.96243834
-0.96267855
-0.963439
-0.96296877
-0.96274805
-0.96422845
-0.96345943
-0.96344113
-0.96307594
-0.9636504
-0.96412885
-0.9641022
-0.96351004
-0.9621749
-0.9624314
-0.9639635
-0.9638654
-0.96341807
-0.9644459
-0.962802
-0.9628951
-0.9634563
-0.96318156
-0.963211
-0.96353376
-0.96382755
-0.9631404
-0.9643745
-0.96307236
-0.9636966
-0.96312875
-0.96230364
-0.96413803
-0.9627901
-0.9636069
-0.9631153
-0.96292686
-0.96341217
-0.96395195
-0.96291053
-0.9629627
-0.96246386
-0.96409476
-0.9638621
-0.96366835
-0.9631729
-0.96288764
-0.9622326
-0.96345043
-0.9635096
-0.9624841
-0.9632909
-0.96349746
-0.9633354
-0.9627751
-0.96219426
-0.96390516
-0.9635982
-0.96277195
-0.9630776
-0.9634299
-0.9634456
-0.96441793
-0.96512634
-0.9636249
-0.9628539
-0.96325606
-0.9624219
-0.9621032
-0.96468
-0.9626931
-0.96297044
-0.96350604
-0.9624231
-0.9631729
-0.9627724
-0.96306354
-0.96248925
-0.9627723
-0.96296674
-0.9623116
-0.96273017
-0.96348053
-0.9631566
-0.96362245
-0.9621136
-0.9629219
-0.9609887
-0.9627353
-0.96340257
-0.96219736
-0.9625206
-0.9627898
-0.9618902
-0.96248406
-0.96237206
-0.96300334
-0.9622209
-0.96237135
-0.9642875
-0.9639801
-0.9627249
-0.9635019
-0.96369106
-0.9638004
-0.9636982
-0.9631908
-0.963712
-0.96394515
-0.9637225
-0.96331435
-0.9631397
-0.96347433
-0.96285176
-0.96298623
-0.9628379
-0.96412504
-0.96412295
-0.9632702
-0.96335983
-0.96347874
-0.96276367
-0.9615925
-0.96304375
-0.96315145
-0.96274674
-0.96295524
-0.9631246
-0.96301866
-0.9628145
-0.9624315
-0.96242714
-0.96261203
-0.9626971
-0.96322715
-0.9623594
-0.96210015
-0.96327883
-0.9634431
-0.96287334
-0.96383625
-0.96432817
-0.96358144
-0.96362215
-0.9634538
-0.96415883
-0.9627832
-0.9629891
-0.9631454
-0.9631754
-0.9633057
-0.9635823
-0.96388
-0.96318406
-0.9645173
-0.96178603
-0.96304905
-0.96271163
-0.9612061
-0.96188
-0.9636299
-0.96114385
-0.96202534
-0.9628237
-0.96274567
-0.95898277
-0.9629051
-0.96366155
-0.9616751
-0.96324664
-0.96332806
-0.9639076
-0.96189564
-0.9619923
-0.9621006
-0.9619012
-0.96139425
-0.9611828
-0.9619284
-0.9619147
-0.961841
-0.9635137
-0.961405
-0.96277183
-0.96196735
-0.961855
-0.9615942
-0.96223575
-0.96272564
-0.9632831
-0.9626195
-0.96184057
-0.961131
-0.9617622
-0.96338785
-0.9626802
-0.96285355
-0.96307695
-0.9621766
-0.963238
-0.9632454
-0.9632964
-0.9626728
-0.9626998
-0.9603254
-0.9624919
-0.9634757
-0.96252817
-0.9627527
-0.9627017
-0.96213657
-0.96298796
-0.9626363
-0.96374524
-0.9613039
-0.9628252
-0.9628428
-0.96303254
-0.96401256
-0.9629917
-0.9624439
-0.9619663
-0.96321845
-0.961784
-0.9639296
-0.961966
-0.96286964
-0.96209997
-0.9626566
-0.9622699
-0.9626325
-0.96306294
-0.96399736
-0.962921
-0.9638072
-0.9624025
-0.96355903
-0.9632611
-0.9634168
-0.96360344
-0.96326756
-0.9627237
-0.9634262
-0.96269095
-0.9643991
-0.96375006
-0.9627201
-0.9628267
-0.96328163
-0.9645438
-0.96273583
-0.96352905
-0.9647615
-0.96138954
-0.9624483
-0.9642302
-0.963039
-0.9629696
-0.9627536
-0.9638454
-0.9633864
-0.96303576
-0.9627676
-0.96207076
-0.96240985
-0.96342015
-0.96289355
-0.9634982
-0.9645585
-0.9633908
-0.9640858
-0.964132
-0.96323246
-0.9627683
-0.962935
-0.96418977
-0.9629977
-0.9630363
-0.9629625
-0.96328044
-0.962507
-0.9628975
-0.96351755
-0.9639081
-0.9632075
-0.963678
-0.9643762
-0.96377856
-0.96340203
-0.96219325
-0.96273553
-0.9631313
-0.9625327
-0.9649212
-0.96407145
-0.9629236
-0.9623917
-0.96405417
-0.9632436
-0.9636357
-0.9637923
-0.9635687
-0.9635624
-0.96348125
-0.96323454
-0.9631996
-0.9626334
-0.961762
-0.96272457
-0.963108
-0.9631847
-0.96375996
-0.96299416
-0.9637451
-0.96296847
-0.96204513
-0.96347463
-0.9627565
-0.9632512
-0.9646964
-0.9634002
-0.96274817
-0.96335024
-0.96260303
-0.9643968
-0.9635942
-0.9639988
-0.9641458
-0.9628907
-0.9630425
-0.9623815
-0.96304476
-0.9633091
-0.9637085
-0.96388197
-0.9642271
-0.9625196
-0.96375245
-0.9641402
-0.963323
-0.963036
-0.96245944
-0.9630321
-0.96259433
-0.9636646
-0.9633528
-0.9629835
-0.96257746
-0.9634482
-0.96474934
-0.96404994
-0.96437544
-0.96347207
-0.96366847
-0.9634096
-0.9626948
-0.963221
-0.96270615
-0.9631806
-0.9631824
-0.9629245
-0.9633829
-0.9637953
-0.96403575
-0.9634631
-0.96316737
-0.9648124
-0.9635612
-0.9647028
-0.96286255
-0.9640193
-0.9638857
-0.96251315
-0.9632047
-0.96264815
-0.963009
-0.962247
-0.96355474
-0.96395683
-0.96340597
-0.96424705
-0.9626515
-0.96410066
-0.96330774
-0.96306896
-0.9635293
-0.9630971
-0.9632931
-0.96370095
-0.9621644
-0.96309
-0.9618581
-0.9633312
-0.9641908
-0.9628904
-0.96335304
-0.96219534
-0.9632148
-0.9627161
-0.9620393
-0.9634603
-0.964064
-0.963464
-0.96496814
-0.9632799
-0.96345466
-0.9633574
-0.96356076
-0.96295476
-0.96282595
-0.9634008
-0.96402997
-0.9635328
-0.9629467
-0.96332663
-0.9627204
-0.96271217
-0.9633478
-0.9640792
-0.9628875
-0.9628897
-0.9635631
-0.96254116
-0.96270573
-0.96315783
-0.96310157
-0.963924
-0.96388924
-0.96314377
-0.9638058
-0.96136475
-0.9633172
-0.9639223
-0.9638462
-0.96215296
-0.96291023
-0.9628779
-0.9635503
-0.9633454
-0.9636612
-0.96369374
-0.96321875
-0.96277726
-0.962835
-0.962649
-0.9631293
-0.9628862
-0.96327
-0.96266854
-0.9642321
-0.96404594
-0.9638271
-0.9603906
-0.9626329
-0.96407384
-0.96407545
-0.9629898
-0.9630734
-0.96258926
-0.9621895
-0.9626187
-0.9639828
-0.9631093
-0.96270597
-0.9635414
-0.96355176
-0.9624293
-0.9644126
-0.964236
-0.9632749
-0.9635848
-0.962423
-0.9632832
-0.9642483
-0.96378887
-0.9641143
-0.9634642
-0.96396047
-0.96337944
-0.9628287
-0.96278495
-0.9633127
-0.96275485
-0.9638819
-0.96328515
-0.96389174
-0.96263236
-0.9635246
-0.9630825
-0.9623562
-0.9632033
-0.96397597
-0.96247935
-0.9644844
-0.96298516
-0.96340865
-0.9637913
-0.96361125
-0.96397954
-0.9630864
-0.96298605
-0.9623286
-0.96304554
-0.9638178
-0.96353376
-0.9620156
-0.96382993
-0.9598664
-0.96369904
-0.9632681
-0.9622527
-0.9620471
-0.96324366
-0.96205336
-0.9623985
-0.96336037
-0.962898
-0.96388644
-0.9631286
-0.96255744
-0.9649562
-0.9624884
-0.9630767
-0.9631895
-0.9649791
-0.9637297
-0.96331143
-0.96449745
-0.96335095
-0.9623495
-0.963765
-0.9626538
-0.9636614
-0.96293527
-0.96346855
-0.9609871
-0.96415216
-0.9636563
-0.96353686
-0.9638857
-0.9635149
-0.9633849
-0.96299076
-0.96386486
-0.9634552
-0.9637392
-0.9627426
-0.96391916
-0.96316886
-0.96354586
-0.96352994
-0.962229
-0.9627675
-0.96373814
-0.96318555
-0.9626715
-0.9628242
-0.96325296
-0.9636765
-0.96282446
-0.9617291
-0.9646663
-0.96325415
-0.9629108
-0.9626026
-0.96246386
-0.96184
-0.96301115
-0.9633993
-0.9637534
-0.9641384
-0.96301335
-0.9636064
-0.9635028
-0.9633502
-0.9638975
-0.9637374
-0.9628439
-0.96434546
-0.9652217
-0.9636413
-0.96384025
-0.96177953
-0.96213526
-0.9630933
-0.9641043
-0.96332735
-0.96276206
-0.96324885
-0.96277916
-0.9637326
-0.9627661
-0.9640535
-0.963239
-0.96294147
-0.9631435
-0.9629953
-0.9628322
-0.9626661
-0.962808
-0.9641703
-0.963042
-0.96347296
-0.96278894
-0.96419424
-0.96248025
-0.9636862
-0.9631043
-0.96342003
-0.9628147
-0.96342635
-0.9626609
-0.96321553
-0.96328104
-0.9611391
-0.96298844
-0.96430004
-0.96244127
-0.96269864
-0.96267235
-0.9633471
-0.9637179
-0.96222794
-0.9643675
-0.9627648
-0.9630532
-0.96342266
-0.9638694
-0.9638272
-0.9631135
-0.9637195
-0.9627965
-0.9641866
-0.96378535
-0.9644774
-0.96205866
-0.9642163
-0.96328145
-0.96318907
-0.9628751
-0.9642858
-0.9641372
-0.9626407
-0.9634291
-0.96323824
-0.9627862
-0.9636573
-0.9615504
-0.9625958
-0.9627738
-0.96372145
-0.96375865
-0.9631088
-0.96350145
-0.96256155
-0.9643037
-0.9629658
-0.96129996
-0.9643492
-0.96439767
-0.96298265
-0.96267605
-0.963415
-0.96276194
-0.96330374
-0.9636111
-0.96440864
-0.96419066
-0.96312815
-0.9631923
-0.96286243
-0.96408165
-0.96272206
-0.9646545
-0.9634882
-0.96364886
-0.9631171
-0.9632357
-0.9620902
-0.96324813
-0.96318305
-0.96242857
-0.9634809
-0.96260977
-0.9637546
-0.9636557
-0.96341395
-0.9636346
-0.96495914
-0.96310997
-0.96364325
-0.9628797
-0.9627886
-0.96204704
-0.9627007
-0.96341664
-0.963051
-0.96367615
-0.96331805
-0.96457183
-0.96413285
-0.96215725
-0.96402144
-0.9632405
-0.9633763
-0.96245193
-0.9626423
-0.9641401
-0.9629499
-0.9636359
-0.9633395
-0.9609909
-0.963532
-0.9639929
-0.9636888
-0.9645512
-0.96385723
-0.9642554
-0.9637614
-0.9635531
-0.9640818
-0.9641402
-0.96317744
-0.96308374
-0.9632892
-0.9630609
-0.9634415
-0.9624589
-0.9637916
-0.963448
-0.9632408
-0.9634844
-0.96403855
-0.96382105
-0.963811
-0.9624053
-0.96383923
-0.9630571
-0.96356374
-0.9634287
-0.9632461
-0.9632377
-0.96429646
-0.96282315
-0.96386796
-0.9637133
-0.9633489
-0.9630252
-0.9625168
-0.9624637
-0.964179
-0.96315503
-0.9626941
-0.96348673
-0.96282095
-0.9636435
-0.9638594
-0.96248776
-0.963378
-0.9624573
-0.9633788
-0.96346974
-0.96353245
-0.9633466
-0.96323067
-0.9632493
-0.96329635
-0.9627508
-0.9628744
-0.9635307
-0.96174383
-0.9639673
-0.96226823
-0.96194327
-0.9635139
-0.96427125
-0.9621153
-0.963227
-0.96345294
-0.9631155
-0.9637388
-0.9631207
-0.96331257
-0.96353143
-0.96293586
-0.96271837
-0.9637052
-0.96213585
-0.96282905
-0.962224
-0.96320313
-0.9620096
-0.96220136
-0.9603967
-0.9609477
-0.96077496
-0.96196574
-0.96247953
-0.9631802
-0.9625763
-0.9613468
-0.9626506
-0.96233886
-0.9624338
-0.9635875
-0.9622254
-0.9638106
-0.96399516
-0.9629305
-0.9630974
-0.96345973
-0.9619505
-0.96359825
-0.9630298
-0.9601359
-0.96274316
-0.9611763
-0.9632419
-0.96243775
-0.9628181
-0.96446806
-0.96297497
-0.9635759
-0.9638052
-0.9630322
-0.96415627
-0.9638618
-0.96239954
-0.96281826
-0.9636205
-0.96281224
-0.96248925
-0.9642978
-0.9635259
-0.96320754
-0.9634218
-0.9625592
-0.96410304
-0.9630322
-0.96345264
-0.96357393
-0.9628987
-0.96282154
-0.9629169
-0.96319425
-0.96312255
-0.9631799
-0.96361244
-0.9634236
-0.96393275
-0.9631729
-0.9627675
-0.96443063
-0.9641641
-0.9642892
-0.9643541
-0.9634528
-0.96294147
-0.96231073
-0.9632389
-0.9633481
-0.9633411
-0.96326023
-0.96323407
-0.96277666
-0.9640599
-0.963173
-0.96402895
-0.9622787
-0.9641159
-0.96385735
-0.9631907
-0.9636355
-0.9638165
-0.9639432
-0.96409196
-0.964805
-0.9626696
-0.9639646
-0.96318537
-0.9637754
-0.9634385
-0.9640723
-0.962984
-0.9646046
-0.96428627
-0.9642034
-0.9627078
-0.9631211
-0.9632405
-0.96294975
-0.96356297
-0.96361685
-0.9639398
-0.9627113
-0.9629325
-0.9633459
-0.96242744
-0.96248156
-0.9630067
-0.96341515
-0.9627132
-0.9638896
-0.9642744
-0.96348363
-0.9624919
-0.9628673
-0.96328515
-0.9638853
-0.96253866
-0.9624584
-0.9619402
-0.96257067
-0.96216327
-0.962331
-0.963177
-0.9627347
-0.96169406
-0.96394
-0.9630824
-0.963358
-0.9620425
-0.9631197
-0.96336687
-0.9626906
-0.9627805
-0.96319693
-0.96349317
-0.9629987
-0.9628507
-0.9633115
-0.9633338
-0.96358275
-0.963624
-0.9639874
-0.9626446
-0.96329594
-0.9638597
-0.9631885
-0.96379167
-0.96313286
-0.9627942
-0.9640063
-0.96431255
-0.9631364
-0.96244377
-0.963766
-0.9626921
-0.96363646
-0.963672
-0.9628982
-0.962747
-0.9638221
-0.96373796
-0.9636539
-0.9621061
-0.96153194
-0.96347284
-0.96323
-0.96371424
-0.9638087
-0.96317905
-0.96283346
-0.9634149
-0.96302444
-0.96197915
-0.96277535
-0.96264684
-0.96279466
-0.96370023
-0.96315134
-0.962581
-0.9632308
-0.9634002
-0.96262985
-0.963318
-0.9634976
-0.964188
-0.9623616
-0.96391815
-0.96137077
-0.9631915
-0.96386826
-0.9628994
-0.96371406
-0.9635951
-0.9638165
-0.96308255
-0.96403044
-0.9635933
-0.96402425
-0.96355903
-0.96407425
-0.9643724
-0.9634137
-0.9630318
-0.9629062
-0.9636731
-0.9632426
-0.9633269
-0.9636015
-0.963452
-0.96297735
-0.9629512
-0.96338284
-0.9644136
-0.96396726
-0.9630857
-0.96329826
-0.96392804
-0.96321994
-0.9640689
-0.96383023
-0.9632477
-0.96293753
-0.9634133
-0.96419996
-0.96291745
-0.96294254
-0.9627554
-0.96370125
-0.96390164
-0.96273583
-0.96449393
-0.9651435
-0.9639871
-0.96304846
-0.96419865
-0.9645143
-0.96353084
-0.9627354
-0.96366316
-0.9644329
-0.964278
-0.96381676
-0.9637385
-0.96342045
-0.9635911
-0.9632709
-0.96473026
-0.9640919
-0.962932
-0.9625186
-0.9641211
-0.96312547
-0.963617
-0.96322644
-0.9637229
-0.9635482
-0.9634577
-0.96312094
-0.96356434
-0.9634615
-0.96343553
-0.9633979
-0.96374285
-0.9646515
-0.9645205
-0.9635978
-0.96340144
-0.96432704
-0.9642168
-0.96237564
-0.9637417
-0.9632163
-0.9641702
-0.96322495
-0.9637836
-0.9631521
-0.96221894
-0.963078
-0.9635322
-0.9620459
-0.9626759
-0.9635389
-0.9625621
-0.9632854
-0.96350145
-0.9630403
-0.9632231
-0.9633383
-0.9639076
-0.963786
-0.96268237
-0.9635955
-0.9629073
-0.9633085
-0.962207
-0.9617549
-0.96204567
-0.9631037
-0.9629397
-0.9628092
-0.962894
-0.9632296
-0.96265346
-0.9628239
-0.9623139
-0.9619279
-0.96329385
-0.9626334
-0.96323377
-0.9636687
-0.9630094
-0.9633429
-0.9633824
-0.9629977
-0.9640197
-0.96344453
-0.96303576
-0.9631835
-0.96395123
-0.96429366
-0.9635105
-0.96235317
-0.96295464
-0.96392775
-0.9642533
-0.96417964
-0.9645042
-0.9644862
-0.963561
-0.9644869
-0.9633498
-0.9641078
-0.9638423
-0.96405905
-0.9606639
-0.9634884
-0.96355814
-0.9640843
-0.96381783
-0.9635427
-0.96457815
-0.9634478
-0.96262556
-0.9629829
-0.96298295
-0.96188706
-0.9635508
-0.96294147
-0.96335
-0.96251696
-0.9641642
-0.959799
-0.9626454
-0.96278286
-0.963139
-0.9633283
-0.9631599
-0.9641393
-0.96361727
-0.9634896
-0.96401685
-0.9636767
-0.96393186
-0.9640996
-0.96316355
-0.96237826
-0.96366715
-0.9632329
-0.96353626
-0.96220464
-0.9638236
-0.9636559
-0.9630839
-0.9637147
-0.9649076
-0.9642449
-0.9639242
-0.96406704
-0.9637208
-0.9626979
-0.9640317
-0.96342653
-0.9638504
-0.96354234
-0.96332973
-0.9633776
-0.9635474
-0.9633709
-0.962697
-0.96317846
-0.9640738
-0.9645519
-0.96367306
-0.96379256
-0.9636417
-0.9628896
-0.9627141
-0.9634083
-0.96519387
-0.9629346
-0.9628974
-0.96259326
-0.9634522
-0.96397996
-0.9625001
-0.9634198
-0.9633857
-0.9625105
-0.96400493
-0.9639115
-0.9636607
-0.96311074
-0.9628639
-0.96294504
-0.9625879
-0.96384245
-0.96299905
-0.96272564
-0.9635257
-0.96294147
-0.9630563
-0.9632943
-0.96249884
-0.96362436
-0.9627285
-0.9626807
-0.96280444
-0.96340966
-0.9640376
-0.96489495
-0.9630055
-0.96269757
-0.9635287
-0.96345073
-0.96420336
-0.9629108
-0.96297604
-0.96274436
-0.9632955
-0.96251416
-0.96359634
-0.96349657
-0.9642067
-0.9623758
-0.96412337
-0.96456444
-0.9634886
-0.9633382
-0.96311814
-0.96287763
-0.96442324
-0.9629512
-0.96390766
-0.963699
-0.9636885
-0.964374
-0.9620858
-0.9628669
-0.9638604
-0.96321905
-0.9642127
-0.9631592
-0.9638887
-0.9639632
-0.9635455
-0.9652109
-0.9632607
-0.9632952
-0.96256196
-0.9644698
-0.9641393
-0.96178645
-0.9633211
-0.96375597
-0.9636056
-0.96452844
-0.9640136
-0.96331906
-0.9638558
-0.9640998
-0.96271205
-0.9633032
-0.9646666
-0.96332866
-0.963673
-0.9639049
-0.9634112
-0.96359336
-0.9626837
-0.96347785
-0.9625168
-0.9631733
-0.9640801
-0.96464735
-0.96337074
-0.96342933
-0.96362215
-0.9627891
-0.96239513
-0.9632006
-0.9626539
-0.96326447
-0.9637626
-0.9632739
-0.9637751
-0.9635388
-0.96195346
-0.9630333
-0.96302027
-0.96309185
-0.9645184
-0.96278626
-0.9621408
-0.96170366
-0.961745
-0.9635898
-0.96146995
-0.9641881
-0.9625909
-0.9614269
-0.96380335
-0.96234363
-0.96244216
-0.9640371
-0.9635136
-0.963505
-0.96257377
-0.9636797
-0.9635931
-0.9636621
-0.96336377
-0.9643978
-0.9637976
-0.96402955
-0.9642169
-0.9636929
-0.9628864
-0.96168804
-0.9628283
-0.9630567
-0.9640057
-0.963048
-0.96320546
-0.96264046
-0.964009
-0.96258193
-0.96370864
-0.9645255
-0.9626319
-0.96382415
-0.96302795
-0.96278435
-0.9633197
-0.96290463
-0.96442235
-0.9632972
-0.962379
-0.963691
-0.9636272
-0.96320844
-0.96335024
-0.9626156
-0.9629046
-0.9627492
-0.96438944
-0.9633201
-0.96323097
-0.964647
-0.96382815
-0.963946
-0.9639675
-0.96288604
-0.9631782
-0.9629254
-0.96067256
-0.9632134
-0.9626512
-0.96352154
-0.9638224
-0.96315885
-0.9636592
-0.964896
-0.96378076
-0.96349955
-0.96384406
-0.96452725
-0.9633251
-0.9632058
-0.9639534
-0.9639073
-0.96303475
-0.96394765
-0.96297884
-0.9642035
-0.96379626
-0.9634132
-0.9646528
-0.9629765
-0.96327025
-0.9636336
-0.9636186
-0.9644287
-0.9639296
-0.96416277
-0.96508896
-0.9648632
-0.96269065
-0.9626679
-0.96434754
-0.96341443
-0.96497595
-0.9639802
-0.9640537
-0.962404
-0.9637308
-0.962731
-0.9632645
-0.96301603
-0.96270233
-0.9636715
-0.9624294
-0.964234
-0.96390027
-0.9638324
-0.96414274
-0.96402013
-0.96274453
-0.9635774
-0.96236867
-0.96500784
-0.9651533
-0.9634752
-0.96298593
-0.9631589
-0.9636642
-0.9637109
-0.96351576
-0.96328145
-0.9632535
-0.96416074
-0.96389073
-0.96326685
-0.9649276
-0.96407783
-0.96441114
-0.96329653
-0.9633621
-0.96312845
-0.9639422
-0.96304864
-0.96249115
-0.96282554
-0.96312016
-0.9625275
-0.9622321
-0.963307
-0.9636707
-0.9637665
-0.96330553
-0.9640467
-0.9637986
-0.9634756
-0.96278876
-0.963303
-0.96213794
-0.9638523
-0.9628183
-0.96315855
-0.96233046
-0.96283
-0.9637671
-0.96286213
-0.9632834
-0.9625469
-0.96237063
-0.9622603
-0.9626659
-0.96372825
-0.96357256
-0.96398044
-0.9622825
-0.96340424
-0.9636157
-0.9637627
-0.96309125
-0.96299565
-0.9637541
-0.96320057
-0.9628373
-0.96419406
-0.9642047
-0.9642586
-0.9631138
-0.96189255
-0.9631338
-0.96267605
-0.9624503
-0.9626314
-0.96383107
-0.96251094
-0.9630609
-0.9639786
-0.963666
-0.9643548
-0.9635353
-0.96270174
-0.9640047
-0.9632264
-0.9639046
-0.9630824
-0.9637353
-0.9624965
-0.96482193
-0.96432465
-0.9634032
-0.9621232
-0.96322596
-0.9632343
-0.963907
-0.96287173
-0.96288526
-0.96347016
-0.9636955
-0.96439123
-0.96394086
-0.9630751
-0.9623861
-0.9629368
-0.962398
-0.9640479
-0.962571
-0.964545
-0.9636505
