0.3575563220505288
0.26906225912540854
0.07809758873719293
0.1399715236706994
0.3787656024461996
0.25022160375513625
0.09124360797483155
0.2135437009083175
0.1637054703050529
0.2070098559641015
0.18523170513562173
0.2832204729221048
0.2377125549349815
0.18289857849871677
0.6175730998728816
0.2352163490381748
0.2554073757191175
0.3628390500302607
0.32378763093779817
0.06536317015485603
0.19649831285937358
0.32923324695753337
0.45449060901601973
0.25954399376278975
0.22649660958153392
0.0883999097260229
0.4920199396465375
0.31755569682458984
0.2391477746699943
0.5729380727978993
0.46974052258505755
0.14731983868154402
0.3038448368994721
0.19557529552734723
0.13477192867169166
0.30905246802770914
0.4799264428683288
0.2271951324318263
0.39702792501814066
0.44620503104004094
0.45219902038771276
0.31103606102351655
0.26416630270122793
0.1290856534414866
0.21118195272075202
0.2067435708478387
0.213630046124885
0.255273802326852
0.5139268439157142
0.22003299419918973
0.06680305996992526
0.3785939149990048
0.32173628729733184
0.20489850203090593
0.14164821710381045
0.27068802154796723
0.2051714166634988
0.28124492751860575
0.14215789564420733
0.10291871039914176
0.5857809825629868
0.0937283167113211
0.26180886636485123
0.31932654089471285
0.012680946802820585
0.28315266071838724
Mean: 0.2671973731014256
