0.20370145648514942
0.621616618895051
0.11001063688021427
0.4408358013113041
0.32513245331003204
0.23103630199299657
0.20453845699439718
0.3104442507790191
0.09361186372922692
0.15189065777554886
0.4168493366677602
0.38032485678362393
0.10935699737714348
0.2659031611356876
0.07206312123294192
0.5511382179133637
0.1388634623839042
0.35508967891833687
0.08149042250582174
0.2531325394542888
0.16184508286688268
0.129932257429009
2.140217078391013
0.3081368282135383
0.4081674715576341
0.30424492839404715
0.3322801841448228
0.26147459037609405
0.23427533155621033
0.17243214371315524
0.20280322207669438
0.272055786199775
0.2588621437129418
0.2813999256170329
0.3717685021519539
0.2933534643495891
0.33208342887652975
0.15681662870104066
0.08206141351564723
0.06287715077844461
0.2098108483217111
0.3586448966859278
0.18156667164011978
0.5694303739541905
0.2742111872330075
0.08441013783413498
0.22224156086491448
0.2649927532491331
0.38588057033469325
0.4430487962374887
0.3235631763481315
0.22437971396560202
0.4086674692584829
0.20449563472057047
0.34259221754546376
0.18466487902580098
0.13659587776711377
0.3424655433423511
0.10677497962853329
0.22485455721848455
0.5757517590774409
0.3047021304084812
0.2986013904846469
0.4216895541287896
0.49284170136284783
0.37514037861059707
0.2179755931651734
0.29339030759578144
0.2551174276357867
0.21925581446057307
0.3398268603652966
0.3556698970529619
0.5376491534314702
0.599481113826619
0.3464959074534683
0.25370219933837784
0.23692624662265108
0.3781037529069021
0.17482741112336744
0.430635536671698
0.4144198113290209
0.2493590511694989
0.284772252969233
0.15740772916043186
0.16498397876862453
0.5699534789293843
0.2810351255415399
0.5509581829822213
0.46514006668557983
0.1974529135139142
0.4031479762792577
0.28104833451288813
0.1700079188764568
0.15603199543354945
0.16168455844325602
0.32566404768160667
0.22378781457317098
0.19600308009810255
0.4759528261234757
0.3867516978834389
0.06888058959667634
0.29272198986145703
0.6171667036921952
0.19062865266241497
0.6457842178508404
0.0652025497938022
0.08327544103356803
0.11856720105362656
0.22275595039450974
0.5805278813750152
0.48336718436670545
0.1209371138975844
0.39578196059095744
0.3476669724218827
0.5421651867649413
0.26786153632521154
0.41189833210932847
0.6130181768204589
0.503128085376459
0.05296030043181755
0.44646166176508906
0.17981880352586554
0.1948049658822255
0.27206803118796424
0.6514462466783218
0.2504665606571038
1.9901791859297704
0.22851895128329017
0.4760285324181495
0.36508188791631935
0.09110079653928851
0.20269669428112996
0.23779110177171345
0.14625808946766372
0.09455878199296877
0.5684496913478944
0.699354400446433
0.3036552559264592
0.2735053492035899
0.11605225296926579
0.35204045661366484
0.472662058002673
0.24674963631223076
0.48977720846261813
0.46012405539424617
0.503452874213951
0.2965545728096561
0.060037265217666086
0.367618458660842
0.1471751735472231
0.16423222093917475
1.3121625748178882
0.7364144637178481
0.12494212945806218
0.11710393165327905
0.22869400546986676
0.6374458676042195
0.3514928214219323
0.2344379404279422
0.24373084727645195
0.45063524586234
0.3930414985916891
0.2753146552000618
0.18069419514751958
0.05892958761501576
0.2879846612930311
0.26343946655440137
0.6269873808698434
0.883800866738758
0.07396250024261718
0.3799890629236704
0.3844851981178719
0.4577699816156973
0.11588804023981526
0.5303751387743351
0.24407856964394326
0.15788617690155546
1.0509181980904012
0.17627062569398252
0.36349344174041703
0.45924280770056763
0.5865158037642154
0.24290158276113352
0.7873977882916154
0.20890465689690896
0.133318230107154
0.29898229131647935
0.20096446541972277
0.41657719855489656
0.09796927166301651
0.25275125350237065
0.7755747132959664
0.447872508437211
0.26155807780740625
0.49137523772705916
0.6992090258798285
0.36500291706293914
0.798905083409665
0.4777814824382916
0.47904571461625267
0.29066186614765244
0.4966764872131621
0.3726734623471953
0.7751091859534595
0.35650534740685114
0.0876249051286525
0.30406881791185536
0.1536885712939265
0.2810665282552889
0.31036584043035137
0.4314155283817678
0.5289104066117346
0.2616585182077185
0.400670706879891
0.4443865310619824
0.48218584641113277
0.12707016113205688
0.24999442109411965
0.5302214933481743
0.8057272996849648
0.17485233082060733
0.36705177064072336
0.2440874155323217
0.26939416957067897
0.12534418665493113
0.37819549923461065
0.36039430657624744
0.41173396782548766
0.3984583002444676
0.2482815717270981
0.4816122163756195
0.18470802855265644
0.11417066860098618
0.05094852218808502
0.5735804447865815
0.32000995562662155
0.44877142087855904
0.21650688947587998
0.12625331875043652
0.7549369640856096
0.47006439742340467
0.545329235059732
0.28155625513383487
0.29389972317039287
0.3574050675257213
0.5819150417313084
0.1957946227704604
0.5306444585247106
0.39629040621903217
0.3774451435702503
0.24345533224218743
0.7778252008381664
0.10831252470593879
0.7784474696369779
0.27514334455356454
0.39021826071438787
0.6298227540616493
0.7548380348856453
0.31184583778157327
0.1503030002172827
0.16794719977385153
0.42700046266492653
0.06403987028793616
0.23974528326952682
0.3823545651009423
0.3965304261168007
0.17531564048724785
0.30683737898151325
0.1613189780587406
0.09584518134602811
0.12919542672685697
0.4546762648036791
0.4648940654104968
0.7423655091025658
0.61338395806153
0.38111910160552953
0.1859058258381954
0.07273238155503743
0.22355391146703082
0.8562758584057143
0.2726577870644688
0.6378930677995809
0.2658280250806958
0.2972780077950985
0.533497502189847
0.5909591655013811
0.3762636988793192
0.09085485903821867
0.3159588909399559
0.4378529114873072
0.0404777453329538
0.29055784632136367
0.23484643251306667
0.24281317145902934
0.4911565505679806
0.13098684692628662
0.294296463493225
0.11688476971940086
0.4448541521504205
0.14126992556333418
0.4653620510881885
0.5767681517185528
0.7055963039171064
0.5940503680885799
0.484547397160971
0.7236618287233635
0.6813716899465861
0.6989084518166098
0.2741562358400087
0.1262572425130342
0.22579433956501616
0.5270256397817219
0.2810828702590169
0.4338541962483868
0.3468178880836754
0.05299031705858558
0.209314774383057
0.5207490187087838
0.3554406567505583
0.3354837592425225
0.27593091513195145
0.48705331484203623
0.29245690820188597
0.20245590232592187
0.43776254002787024
0.2820845723432993
0.40377393276820733
0.26429225792327965
0.7340710806557882
0.41279169144355654
0.5263550072214573
0.07084234767298427
0.41187674482774755
0.24485763675122993
0.32886089058823254
0.359572342255006
0.1343752079431806
0.2666702153665112
0.38341991157276745
0.18958043926163326
0.7909290199999569
0.24449551680881354
0.10797030973425545
0.26410343847200984
0.25015641536146865
0.4636282575450995
0.3666926322829632
0.16909418756164837
0.3713042048486779
0.2639938564050093
0.5878824061955357
0.5681376603624163
0.6030059376976971
0.37041241022691346
0.43148166700078794
0.33353161080486604
0.4434589998965367
0.8042416351181079
0.3052571186466723
0.34726238654579916
0.46573289563162784
0.2798057285540379
0.34530790400150857
0.344543775198318
0.24057067932390927
0.39645963339088275
0.35218339844437896
0.30556306663271326
0.3262224592251002
0.24357312013161975
0.23493194336785625
0.7170071878324367
0.05523154941556492
0.30655935564464803
0.43874249911996754
0.17467035159991068
0.08968701470617846
0.27686320236918144
0.3645208125366483
0.11121425222026096
0.32075375922512595
0.36546000396173456
0.18197587339258353
0.6250650283391205
0.4959381443737661
0.32857461272981586
0.19121577103048798
0.32225949254202535
0.3707462045990638
0.19254616262654475
0.4658801020144589
0.517850739307188
0.4419732250463432
0.30684349576159575
0.5539966932915887
0.46502795432858973
0.3417103165288131
0.5533991906820882
0.2656514594451745
0.6628970828556586
0.03970585627379482
0.44032570436189095
0.16257107737317322
0.28219837247304463
0.4266018597075846
0.3586190086438289
0.03507769889300725
0.2942889335438845
0.24121329858329363
0.5575840218991851
0.6889493996718812
0.5083138755611493
0.766716766020152
0.4171562797627905
0.15002911420250845
0.12429324574781833
0.4453974361366147
0.3250170934756244
0.3463685660398616
0.3088585297138316
0.40789381555270376
0.17902036894641177
0.3607242986432462
0.4640430499790821
0.5502019825722082
0.2182906452288345
0.2625566386866662
0.3607969108994065
0.47145397194154626
0.3210905312320209
0.829379416204342
0.20704565802168484
0.1356095809108554
0.5015911957307027
0.37111468482034726
0.5201338204543123
0.1949297309210246
0.3725012612218867
0.4540382206645338
0.4246739540123792
0.1115797477825865
0.2980493902636502
0.42686918774746985
0.436226342790244
0.19242244198455444
0.43557835616901286
1.154510406383455
0.11376720239090024
0.622869431395076
0.28440929120066427
0.29919902547555816
0.1304591560937485
0.21934454035465456
0.4340117105805371
0.4083448753458558
0.09870507749471237
0.1338449731837185
0.32050945155622057
0.19153427188995303
0.10293298534293
0.047190037812899745
0.2875131165207053
0.35409163538032745
0.3393085959585298
0.09476843104485422
0.10685832942431644
0.24425196044806155
0.20687598504917645
0.1134528723934676
0.040255440681117444
0.30419429507789797
0.3442224142093227
0.08348458305103765
0.60203723963474
0.23504988553725364
0.229371649643234
0.2190584483225727
0.5611849194540384
0.354037196030853
0.421240998628665
0.32872271109682627
0.26351227762801427
0.3045628897995554
0.40862680067393214
0.32165686399819476
0.45970280732790697
0.3559000264395796
0.16128432765918152
0.1537182287658851
0.20504171248675407
0.28090510538469776
0.9254802369673536
0.38168486564504
0.20524149337627023
0.4060745079411837
0.7089430248500894
1.2060098825724732
0.26962003090135117
0.4253212156029556
0.2446320774186818
0.5793964979358295
0.17455700633909577
0.3290898673857531
0.3765209956957346
0.25432718290642287
0.3163293575390709
0.29677723455808824
0.18909622297480477
0.1862866693207282
0.38067387459015395
0.6550604739488746
0.48438876024248834
0.19085179906108515
0.41015172522414234
0.21697723018418621
0.3383580723172939
0.5969232609299993
0.31948214002595754
0.25836227855976956
0.6288683518350436
0.6228641962292095
0.40906314929374693
0.11075896770789347
0.3227936010301546
0.10994519722361164
0.484825151134822
0.34083740001253926
0.15884696318279004
0.5047451856837119
0.34300587340335476
0.2710324270532607
0.41487870488716827
0.39033826087340984
0.3231154605318073
0.10277963128202777
0.21496261700085054
0.42385862374144095
0.15027550210088583
0.6099671989456875
0.49525534869167215
1.1207860048841431
0.4373345364187761
0.6668013463033601
0.3077622764629061
0.44274885695528704
0.6884351163510976
0.1333011767025034
0.2819845559289314
0.21140674942484894
0.43434072925579903
0.0703496390450635
0.14500970495744755
0.1596510566237981
0.16035730315641927
0.2690459163729949
0.26790416373459
0.16576310028700186
0.4526376695173452
0.3182114288806265
0.36079426207250526
1.1548900294989959
0.23011987562781985
0.2894660046527742
0.3262267065885804
0.29778626357357907
0.06112800655400685
0.11265059413790256
0.387155803906961
0.2813716134709742
0.35177877041116856
0.34328643744226833
0.14776338071879958
0.4024896852761884
0.4864632528235987
0.37887873861871046
0.268191483951165
0.6385255989648779
0.3471100001548171
0.1262242198633085
0.24349412605826476
0.15137566572915362
0.05993804280092661
0.13976842039893353
0.7435569973569536
0.2600135557184292
0.22063019377438498
0.6619149987555623
0.39888725391314933
0.5510197247053394
0.4136384033981669
0.3020037125149468
0.1421583201619535
0.052991547543455364
0.2238998604141486
0.3629851692941747
0.184850198605819
0.3583281842768495
0.4787108144600436
