510.3679050709893
389.0482818489665
321.44115559018053
308.85862299153933
332.94066805720576
362.2382399483186
383.39236217001917
405.7541693377585
518.4419791715535
387.66742713552526
270.8206212596136
210.71904421150137
214.77366505108287
241.42972165622112
285.53757071094475
320.6898211742064
520.503430712774
386.80969426307564
247.12295552187615
133.71273607794177
111.69417170340216
145.95335385746372
198.328375398759
249.73584865879872
500.9325126838213
352.20667878178597
201.7146520265429
80.79862597658712
58.92923762346176
82.98045050049045
129.33841578246924
198.9351799084912
437.6462561547733
285.266660002221
138.36673357995048
55.026864918724876
6.287661143638531
59.86623025573461
123.29020526859664
205.06276829643028
342.8460715430461
210.6611619167957
98.1997145680018
76.68129362798199
65.07866215135478
89.02092954902884
163.0037887647774
244.5246824207322
232.73781174285344
165.61700812469425
142.83264040041405
150.39329020945107
142.5809021111674
152.46867892798033
207.71449998126985
283.13801098228936
212.81430756840322
220.5420614916829
236.6474712947412
243.38984298087692
231.6241566731684
233.79577442776537
270.2256922458873
329.6411990266175
Mean: 236.26266573772529
