400.70224749155363
338.17931396968504
302.75061094267414
361.52386182040806
297.36690465194954
234.42273501444976
229.99011541804657
318.3655657455836
457.93928979947196
325.5276973556255
260.55719963247236
193.42528829483396
133.2725603092711
184.94642065291504
325.6181365851088
482.9975894874918
627.0225546025846
320.47801176974434
242.0954527650336
170.0341582074376
101.09878096832131
58.14326556277666
155.58406144042377
306.50715216260227
451.5378079831445
565.159516347899
285.5432514551704
199.24602500773779
122.56095960241173
58.70467046348992
21.32075507098758
108.0691609882567
250.51808886608973
370.1354530943986
474.93054887891714
322.4899949903159
235.80478767049505
156.39782399074755
82.8614116036872
20.98962915212131
65.7400370014048
175.38855194447856
275.9725349336707
353.6177426539318
299.0951128603732
203.4532502085079
107.31590008892458
27.60222314043748
34.56879151174954
96.49689470372954
160.79509827811808
242.9208378196293
350.7119869473748
230.82150964924716
115.10172772034021
34.61909625431126
25.753301470516657
14.394879839501813
76.46406603253236
177.1704514444665
261.08770242842206
141.07888301939252
71.40729360778991
64.91468658077459
65.87057005162848
85.63289633743406
Mean: 216.86083161128823
