308.939341386938
260.9255685877652
282.3620111993235
149.0424896465177
120.0912894264755
81.02670225320877
156.4362166255254
319.58770689810444
446.4139760652325
179.4659557679265
70.94893710724266
10.764195998861352
5.168105633152886
67.93734154596335
233.61511231514814
365.63046503919963
432.5596176045158
306.88243470238075
156.5047820826282
37.48459937996902
1.9377922919287038
1.1732313499344753
2.226626020413507
75.49157750567845
276.42120382209237
348.70093752196806
362.6733960490469
240.7259305407614
106.302422110876
3.9796128834461104
0.8876426573251144
1.474741745051745
36.75947918102832
220.66847703318098
282.7286516953105
454.62194207906253
396.0614502557686
178.61240961923897
9.61517260715852
2.022569001964252
1.911745567104376
122.69559897438286
366.03567160977394
409.43707773818636
355.68672501132613
167.8396843159526
1.3847816631286818
1.7734019672551204
1.350945659318213
90.83120246511409
308.23389659720914
333.6737619804376
191.25824331361895
14.228415477413106
1.5208044402051795
0.1485841648059189
11.480635774146064
124.29967767269802
289.75470428015973
279.98839706954044
40.0974159890731
10.58669952626576
47.1520230662997
83.8186011983045
177.2517521452871
387.0756313445446
Mean: 163.85436657952826
