-0.23855023
-0.27119604
-0.3124862
-0.36227837
-0.3949514
-0.40443364
-0.42168474
-0.4484049
-0.4345236
-0.4490182
-0.47587895
-0.46009547
-0.47883475
-0.48817134
-0.5014201
-0.50098723
-0.51756364
-0.5113848
-0.52524483
-0.52373135
-0.53600484
-0.54621166
-0.54923767
-0.559765
-0.55474764
-0.5564608
-0.568776
-0.5700915
-0.57512707
-0.5867011
-0.58371115
-0.60293794
-0.5951496
-0.59669745
-0.60050577
-0.60347354
-0.61068904
-0.6055585
-0.61455256
-0.62771755
-0.61987364
-0.6243148
-0.62554
-0.6247647
-0.6355884
-0.6391426
-0.6318529
-0.6462029
-0.64227176
-0.6406599
-0.63997996
-0.6399391
-0.6550712
-0.65524465
-0.66183174
-0.6666858
-0.6590808
-0.66280997
-0.6664391
-0.6608338
-0.66490394
-0.67619425
-0.6669188
-0.67496526
-0.67005384
-0.68144506
-0.6771934
-0.67638475
-0.6925996
-0.690196
-0.69499433
-0.6905835
-0.6982779
-0.6943682
-0.7006742
-0.696518
-0.69829786
-0.69705033
-0.70597875
-0.7041727
-0.7105522
-0.71103865
-0.70239246
-0.71067023
-0.7105007
-0.7172087
-0.715698
-0.72104794
-0.71914613
-0.7167253
-0.71886265
-0.72498703
-0.7240712
-0.7208432
-0.72034127
-0.730633
-0.7226966
-0.7257048
-0.7313033
-0.73183477
-0.7387073
-0.73564947
-0.7301446
-0.74153507
-0.734864
-0.7349763
-0.74165916
-0.73931366
-0.7431732
-0.74074584
-0.74323493
-0.73876053
-0.7485854
-0.7442901
-0.7509188
-0.7483337
-0.74665266
-0.74669856
-0.7550399
-0.75350493
-0.75711507
-0.7565699
-0.7544567
-0.7518527
-0.7581642
-0.75978065
-0.7567236
-0.75692457
-0.75350744
-0.7635175
-0.7676662
-0.7592493
-0.76362973
-0.7687131
-0.7655424
-0.76229554
-0.7719163
-0.7657385
-0.75834864
-0.7581935
-0.7677583
-0.76599634
-0.77116853
-0.76620585
-0.76996994
-0.770589
-0.76620764
-0.7696292
-0.7732971
-0.7709446
-0.7639108
-0.769715
-0.7733954
-0.7781999
-0.77567834
-0.7704351
-0.77273744
-0.77412784
-0.7758858
-0.78004396
-0.7775224
-0.7773418
-0.7788348
-0.7811945
-0.77763414
-0.776834
-0.7818104
-0.7788905
-0.7775464
-0.7766484
-0.7771998
-0.78702146
-0.7810167
-0.7778192
-0.777142
-0.782925
-0.7808888
-0.7847357
-0.7843275
-0.78478706
-0.77679074
-0.7840677
-0.7866002
-0.7820185
-0.7852352
-0.7880059
-0.783238
-0.7855295
-0.7806707
-0.7824589
-0.7830496
-0.7861984
-0.7900639
-0.7834152
-0.7862481
-0.78760326
-0.7846551
-0.7852875
-0.7885214
-0.7887924
-0.7813417
-0.7945935
-0.7884667
-0.78973037
-0.7806798
-0.78951514
-0.7811687
-0.7909666
-0.7887236
-0.7904257
-0.7853891
-0.78974503
-0.7916944
-0.7875533
-0.79248726
-0.7918207
-0.78377527
-0.791151
-0.7930034
-0.7934558
-0.78813183
-0.7835511
-0.79378015
-0.79137
-0.7907098
-0.79291254
-0.7879203
-0.79619426
-0.7886196
-0.79554534
-0.7943647
-0.79604095
-0.79067975
-0.79682577
-0.79113376
-0.79688585
-0.79617715
-0.79449487
-0.7884959
-0.7937507
-0.79705215
-0.7950457
-0.7914747
-0.79467875
-0.7937364
-0.79300547
-0.7945582
-0.7967395
-0.7926395
-0.79324013
-0.7889272
-0.7929576
-0.7969664
-0.7932092
-0.79553807
-0.78923005
-0.78722984
-0.7953844
-0.7943745
-0.78696996
-0.7964797
-0.7889583
-0.7955877
-0.788801
-0.79207414
-0.79299235
-0.795122
-0.7945644
-0.79041785
-0.7970448
-0.78958285
-0.795256
-0.79633677
-0.79421693
-0.79692215
-0.7918159
-0.7915831
-0.7905523
-0.79663116
-0.7981292
-0.7990869
-0.79403317
-0.8005007
-0.802929
-0.79445136
-0.7970599
-0.79502314
-0.79783857
-0.8029229
-0.80024105
-0.80270493
-0.8033738
-0.80607307
-0.8017241
-0.80020666
-0.80121493
-0.8011142
-0.79813385
-0.7978674
-0.8060295
-0.79926777
-0.8002006
-0.7995516
-0.80003786
-0.8012058
-0.8000656
-0.8031296
-0.8017949
-0.8023784
-0.79827774
-0.8004816
-0.80037546
-0.79663944
-0.7968215
-0.8010739
-0.8013257
-0.79749185
-0.79783076
-0.80199784
-0.79885507
-0.8046203
-0.7989199
-0.8045639
-0.79906046
-0.80399823
-0.80265915
-0.801147
-0.8034112
-0.79929256
-0.80013317
-0.80204165
-0.8018673
-0.8036451
-0.7963657
-0.80102134
-0.80562645
-0.80382204
-0.802954
-0.80381984
-0.8023358
-0.8007476
-0.8038769
-0.8030622
-0.8105279
-0.8025598
-0.80033225
-0.80701727
-0.8083339
-0.8056732
-0.8051612
-0.8036295
-0.8096998
-0.8059094
-0.8002382
-0.80794585
-0.8050958
-0.8033959
-0.8078768
-0.8063594
-0.80821633
-0.80361485
-0.80933166
-0.8094297
-0.808884
-0.80834585
-0.814241
-0.80805886
-0.81007266
-0.80628717
-0.80566126
-0.80862427
-0.80579835
-0.8074963
-0.8064052
-0.80734646
-0.8065332
-0.8160489
-0.8100912
-0.8107975
-0.80718696
-0.81251657
-0.8020668
-0.8084285
-0.8096952
-0.8163017
-0.8086998
-0.8084025
-0.81069595
-0.8062256
-0.80837536
-0.8115999
-0.812827
-0.81264174
-0.80511117
-0.8099724
-0.81151146
-0.8075137
-0.81153953
-0.8089309
-0.81252086
-0.81038606
-0.8128055
-0.8126356
-0.8115011
-0.81264085
-0.80982876
-0.811981
-0.81229573
-0.8123799
-0.8175985
-0.8186897
-0.80935496
-0.8153923
-0.816105
-0.8125538
-0.8108806
-0.8176623
-0.8093992
-0.81871843
-0.80989325
-0.81750727
-0.8180752
-0.8117149
-0.8146973
-0.8148957
-0.81453276
-0.8198535
-0.81743985
-0.81254625
-0.8106344
-0.81472933
-0.8239056
-0.8119823
-0.81474197
-0.8129562
-0.815277
-0.8138167
-0.81658965
-0.81711435
-0.81219256
-0.8134898
-0.8093027
-0.81306195
-0.8132748
-0.81350315
-0.8131705
-0.8188901
-0.81692517
-0.81347823
-0.8189137
-0.8186902
-0.81763107
-0.8163608
-0.81678945
-0.8171539
-0.8216848
-0.8169845
-0.81597686
-0.8197901
-0.82053053
-0.818559
-0.8182361
-0.8212903
-0.81840473
-0.8232005
-0.82156247
-0.8174264
-0.81502706
-0.81005275
-0.81731415
-0.8125519
-0.8136922
-0.81624794
-0.8200519
-0.81440705
-0.8201014
-0.8135933
-0.81053525
-0.8173434
-0.81941324
-0.81383485
-0.81723243
-0.82249594
-0.81370586
-0.8200176
-0.8108172
-0.8181834
-0.8170449
-0.81790745
-0.8200789
-0.818511
-0.8181522
-0.82174915
-0.8197825
-0.82110256
-0.8180533
-0.81990224
-0.820366
-0.82318956
-0.8238249
-0.8201277
-0.8122424
-0.81822497
-0.82385737
-0.81844413
-0.8222654
-0.8221668
-0.8195692
-0.8233816
-0.82225174
-0.8183185
-0.8190973
-0.8182648
-0.82158786
-0.8206945
-0.82632834
-0.8170534
-0.8217815
-0.81887984
-0.82096434
-0.8202355
-0.82122123
-0.82079375
-0.81968856
-0.8230181
-0.82056075
-0.82211274
-0.8168624
-0.8149967
-0.8178611
-0.82169396
-0.8209247
-0.8191124
-0.82165885
-0.81884307
-0.8224402
-0.8191965
-0.8213347
-0.8177446
-0.8236808
-0.82283676
-0.81906414
-0.8217653
-0.8249809
-0.827006
-0.8172565
-0.82025534
-0.8215578
-0.82399267
-0.8175921
-0.81603324
-0.8181579
-0.8189398
-0.82117796
-0.82158136
-0.8212823
-0.82437557
-0.81946564
-0.82127666
-0.82248753
-0.81888056
-0.8179385
-0.81965023
-0.8199469
-0.8256469
-0.819663
-0.82008076
-0.82350814
-0.82106763
-0.824653
-0.8184429
-0.8248145
-0.8190103
-0.82659566
-0.8195472
-0.8192464
-0.8173968
-0.8255603
-0.81597763
-0.8226694
-0.82320434
-0.8199995
-0.8247763
-0.82776225
-0.82659745
-0.8175742
-0.8236919
-0.82639855
-0.82386494
-0.82472175
-0.82219493
-0.82704043
-0.820305
-0.8227493
-0.82651734
-0.8288748
-0.8189942
-0.8251265
-0.8234443
-0.82487464
-0.82634413
-0.82858896
-0.82358
-0.82539004
-0.8261319
-0.82573
-0.82340544
-0.82328206
-0.8237522
-0.8282166
-0.82339
-0.82997495
-0.8241531
-0.82684267
-0.8235397
-0.8204161
-0.8226677
-0.8238078
-0.8273084
-0.8244964
-0.8256228
-0.8213468
-0.82321286
-0.8281182
-0.82626915
-0.8290196
-0.82846004
-0.8273511
-0.8274144
-0.8234113
-0.82667357
-0.82544714
-0.8254877
-0.8262607
-0.8274197
-0.8241327
-0.8228919
-0.8241464
-0.8212614
-0.82038593
-0.82743007
-0.8221305
-0.81953144
-0.824873
-0.8242882
-0.8226831
-0.82840854
-0.82731366
-0.82556725
-0.82515603
-0.82675076
-0.82421744
-0.82416916
-0.82820994
-0.8265869
-0.8290852
-0.82737803
-0.8254992
-0.82362986
-0.8243328
-0.8297663
-0.82679474
-0.8242447
-0.8234922
-0.82680947
-0.8217488
-0.8246532
-0.83254415
-0.8290968
-0.820129
-0.8244864
-0.8216259
-0.8268005
-0.8242573
-0.8198697
-0.8258927
-0.8221321
-0.8218809
-0.8235672
-0.8260032
-0.82552904
-0.8251965
-0.82623976
-0.8291691
-0.82641315
-0.82373303
-0.82117665
-0.82882786
-0.8247778
-0.825141
-0.82368016
-0.8232445
-0.8258991
-0.82574815
-0.8249578
-0.8305423
-0.8313682
-0.8270585
-0.8288083
-0.8259333
-0.8296718
-0.82526064
-0.82578903
-0.8317727
-0.83068424
-0.8235491
-0.8297135
-0.826676
-0.83007693
-0.8265662
-0.8241813
-0.8309066
-0.828364
-0.8268986
-0.82647103
-0.82374525
-0.83126944
-0.8262176
-0.83155924
-0.8266906
-0.8286197
-0.82479566
-0.82955056
-0.82600355
-0.82503074
-0.8326197
-0.82970357
-0.83010197
-0.83269304
-0.8328983
-0.8297825
-0.8272487
-0.82701933
-0.8298866
-0.83050424
-0.82987654
-0.82470584
-0.82482165
-0.8294756
-0.8287399
-0.8292455
-0.83214206
-0.8270201
-0.8282369
-0.82531166
-0.83420914
-0.8325517
-0.8295967
-0.83194953
-0.8263425
-0.8290707
-0.8233783
-0.8290018
-0.8229211
-0.8296961
-0.827749
-0.8291047
-0.8272134
-0.8328071
-0.8311989
-0.8280259
-0.8361411
-0.8336264
-0.83178246
-0.8346144
-0.83494097
-0.8275711
-0.8324646
-0.8302396
-0.832764
-0.8318227
-0.8280286
-0.8302648
-0.8313197
-0.82837963
-0.8329577
-0.83355707
-0.83338606
-0.8336223
-0.8344075
-0.8327857
-0.82618487
-0.8327769
-0.8284421
-0.8310435
-0.83124095
-0.8282115
-0.8359243
-0.83520126
-0.8308447
-0.8334755
-0.8323004
-0.8369857
-0.83107406
-0.834243
-0.832999
-0.83260614
-0.8341774
-0.83005244
-0.83429074
-0.83495736
-0.8337419
-0.8337251
-0.83590263
-0.8364274
-0.8385044
-0.83397096
-0.83363235
-0.83611625
-0.84182525
-0.84011894
-0.8369014
-0.84054476
-0.8341377
-0.83833396
-0.83272815
-0.8291969
-0.8411236
-0.83227336
-0.83734065
-0.8273897
-0.83450645
-0.8305478
-0.8305372
-0.83286613
-0.8305184
-0.83392304
-0.8319563
-0.83378565
-0.83268034
-0.8303955
-0.83448404
-0.8339983
-0.83683085
-0.834045
-0.8403379
-0.8350547
-0.83306104
-0.83655983
-0.8347495
-0.8370377
-0.84038866
-0.8349296
-0.8376206
-0.83892715
-0.8368271
-0.8347473
-0.83494985
-0.83312047
-0.8363754
-0.83090144
-0.8300457
-0.8334447
-0.8354047
-0.83649623
-0.8357352
-0.83463264
-0.83071923
-0.8368604
-0.8398136
-0.8331398
-0.8345032
-0.83668834
-0.8338237
-0.84034634
-0.833901
-0.83532304
-0.8378196
-0.8400944
-0.8388223
-0.8410739
-0.8388864
-0.8408207
-0.8441357
-0.840717
-0.8379389
-0.839896
-0.83864945
-0.8442179
-0.8383928
-0.8404747
-0.8449594
-0.83723134
-0.83563346
-0.8370843
-0.8442883
-0.84450954
-0.840739
-0.84108734
-0.8401448
-0.83849484
-0.84328866
-0.84037715
-0.84121734
-0.8452795
-0.8446147
-0.83614564
-0.8476067
-0.8423828
-0.8404592
-0.8362133
-0.84018487
-0.83983034
-0.8394077
-0.83692473
-0.83848023
-0.83967215
-0.83727425
-0.8405734
-0.8384788
-0.8379629
-0.84180075
-0.83777857
-0.84038985
-0.83962035
-0.84529626
-0.8403751
-0.8350481
-0.8381239
-0.84080404
-0.8402741
-0.84003526
-0.840661
-0.84334403
-0.8395554
-0.8364965
-0.83938676
-0.84140253
-0.8357161
-0.83984613
-0.83932155
-0.8382115
-0.83823943
-0.8344943
-0.8396108
-0.8405515
-0.83814716
-0.8389757
-0.84105814
-0.840446
-0.8424007
-0.8403566
-0.8422483
-0.84208614
-0.8405745
-0.8413351
-0.8389489
-0.8422247
-0.8424539
-0.8371224
-0.8414429
-0.8433212
-0.843712
-0.8404083
-0.84119225
-0.8434756
-0.83740723
-0.8377468
-0.8426207
-0.84287304
-0.8429099
-0.8393156
-0.83686423
-0.8425975
-0.8405537
-0.84540004
-0.84247226
-0.84628737
-0.842384
-0.84540755
-0.8442204
-0.84201133
-0.8438671
-0.84251374
-0.8410619
-0.8463505
-0.8391969
-0.8392356
-0.8452411
-0.84269977
-0.8426456
-0.8418516
-0.84207225
-0.8400809
-0.8462282
-0.8430074
-0.8436255
-0.84587014
-0.8445045
-0.8428235
-0.84088594
-0.8456961
-0.8416394
-0.8470263
-0.84210706
-0.8436014
-0.84542227
-0.8428868
-0.8415579
-0.84143656
-0.84652257
-0.8436043
-0.84634936
-0.8442231
-0.84490794
-0.8400389
-0.8436874
-0.8454446
-0.84714293
-0.84372103
-0.8394259
-0.84071714
-0.8408263
-0.8410962
-0.8400683
-0.8405572
-0.8384194
-0.8370212
-0.8412016
-0.841437
-0.8418432
-0.8452493
-0.8415241
-0.84344256
-0.84204465
-0.83873856
-0.8429649
-0.84473145
-0.8450712
-0.8412344
-0.8436545
-0.8455369
-0.8442798
-0.84218264
-0.8441357
-0.8417289
-0.83922154
-0.8428226
-0.8451821
-0.8472128
-0.84237146
-0.83982676
-0.8447742
-0.84389603
-0.8417921
-0.8413407
-0.8408623
-0.8476296
-0.842383
-0.8465706
-0.8426949
-0.8423167
-0.84633374
-0.8467893
-0.8453123
-0.84212035
-0.8442641
-0.84576344
-0.84574604
-0.8441111
-0.8439888
-0.84139013
-0.8419745
-0.84713143
-0.84511274
-0.8450407
-0.8441721
-0.8443305
-0.83900666
-0.8421957
-0.8415936
-0.84004456
-0.84185773
-0.8393266
-0.8453355
-0.8427552
-0.84463036
-0.8392376
-0.8439633
-0.8436095
-0.84482217
-0.84201324
-0.844366
-0.84632576
-0.8473169
-0.8456089
-0.8451037
-0.84531415
-0.8442946
-0.8478249
-0.8435201
-0.8424272
-0.84692997
-0.8468224
-0.84646547
-0.84226155
-0.8490057
-0.8458404
-0.8415628
-0.84141344
-0.8432664
-0.8441348
-0.8401072
-0.8435147
-0.84230655
-0.8477132
-0.83982426
-0.84497094
-0.8446363
-0.8452333
-0.8465748
-0.8430899
-0.8482462
-0.84691143
-0.84500897
-0.8436826
-0.8469885
-0.8435762
-0.84482616
-0.8442805
-0.84463245
-0.85052145
-0.83947515
-0.8456323
-0.8429089
-0.8442916
-0.84258777
-0.84790456
-0.8445866
-0.8472313
-0.8453144
-0.84442365
-0.8426374
-0.84330976
-0.84395957
-0.8442628
-0.84689987
-0.84448385
-0.8482335
-0.8452796
-0.84194976
-0.8461531
-0.8407092
-0.8480986
-0.846215
-0.84664893
-0.8426092
-0.8442415
-0.8429624
-0.8508356
-0.84146714
-0.84496504
-0.8436852
-0.83653605
-0.8430413
-0.8417597
-0.84132135
-0.84231156
-0.8428797
-0.8423241
-0.8418306
-0.8481649
-0.8378423
-0.8455632
-0.84385747
-0.84155583
-0.8469528
-0.8492725
-0.8400663
-0.8470625
-0.843499
-0.8435688
-0.847088
-0.8483843
-0.84969753
-0.84474474
-0.84269124
-0.84275454
-0.8454689
-0.8481013
-0.8460103
-0.84298396
-0.8431339
-0.8443812
-0.8473701
-0.8445197
-0.84214926
-0.84181947
-0.8457649
-0.8470707
-0.8472894
-0.84905905
-0.847327
-0.8466956
-0.84442717
-0.8471089
-0.85022664
-0.84747046
-0.8445931
-0.8413412
-0.84515727
-0.8430797
-0.8448472
-0.8449338
-0.84718853
-0.8452103
-0.847542
-0.846194
-0.84542096
-0.8460639
-0.8456272
-0.8472009
-0.84303963
-0.8456665
-0.8466641
-0.84257686
-0.84871775
-0.8452977
-0.8518395
-0.8512678
-0.8507806
-0.8456643
-0.84672296
-0.8501749
-0.84429336
-0.8436686
-0.8470212
-0.84733415
-0.8482741
-0.8422258
-0.84579504
-0.85060424
-0.85182166
-0.85026413
-0.84863764
-0.84920365
-0.8437027
-0.8468849
-0.848606
-0.84536433
-0.8445633
-0.8476008
-0.8458333
-0.8485507
-0.8446411
-0.84784126
-0.8464036
-0.848156
-0.84565747
-0.8509113
-0.8496599
-0.85075426
-0.85253626
-0.84746087
-0.84775424
-0.8468578
-0.84784055
-0.8431496
-0.8412877
-0.8471832
-0.8467784
-0.8433375
-0.8493022
-0.8462449
-0.8460333
-0.8479064
-0.84425557
-0.85316354
-0.8505988
-0.844643
-0.8468546
-0.8481477
-0.84554344
-0.8499986
-0.8507074
-0.85018915
-0.8542937
-0.84847003
-0.8477997
-0.84393996
-0.8454984
-0.84802043
-0.85277784
-0.84735036
-0.8489746
-0.8396007
-0.849099
-0.84662014
-0.8463914
-0.8486015
-0.84331286
-0.8511812
-0.85013163
-0.8474635
-0.845042
-0.84340894
-0.84482414
-0.848585
-0.85112756
-0.8459891
-0.84579384
-0.85449475
-0.8499696
-0.8485691
-0.842833
-0.8485489
-0.8485383
-0.8463875
-0.84824234
-0.8471565
-0.8454222
-0.8436781
-0.85001016
-0.8454731
-0.84688723
-0.84817046
-0.8468375
-0.847711
-0.84439474
-0.8454564
-0.8489469
-0.84771067
-0.84762806
-0.8477814
-0.8473193
-0.84663564
-0.8501038
-0.8500449
-0.84922075
-0.84887433
-0.8506322
-0.84932613
-0.84849125
-0.8464156
-0.85474885
-0.8457275
-0.8514942
-0.8474299
-0.8508019
-0.847642
-0.8428067
-0.8530621
-0.84991807
-0.8450893
-0.85135645
-0.84599817
-0.84658897
-0.85033035
-0.8488074
-0.854963
-0.8527142
-0.8526367
-0.85255915
-0.849562
-0.84915733
-0.8481843
-0.8483921
-0.84694076
-0.8492127
-0.8512553
-0.8473856
-0.8490146
-0.8465414
-0.8490681
-0.8557137
-0.85184604
-0.8440096
-0.85203034
-0.84791327
-0.84628963
-0.85429907
-0.8466051
-0.8505276
-0.8529356
-0.85297
-0.8522352
-0.85160077
-0.847862
-0.8484752
-0.84891903
-0.8465026
-0.8491642
-0.85062087
-0.84975964
-0.8493803
-0.85078627
-0.848712
-0.8542832
-0.8510941
-0.85331553
-0.85500526
-0.85253143
-0.8500215
-0.8526434
-0.849318
-0.8527906
-0.84864414
-0.85036135
-0.848495
-0.8476706
-0.85133606
-0.8452685
-0.8484558
-0.84801996
-0.85226625
-0.846424
-0.85287446
-0.8495364
-0.8521708
-0.8558543
-0.8527953
-0.8543796
-0.84868884
-0.8451323
-0.8507692
-0.84950864
-0.8520743
-0.85001945
-0.85123694
-0.85083115
-0.8516551
-0.84940237
-0.84402215
-0.85202116
-0.8493001
-0.8476099
-0.8550969
-0.8503112
-0.851192
-0.84949076
-0.85314405
-0.855815
-0.84851074
-0.8493201
-0.85094345
-0.857056
-0.8550588
-0.85003525
-0.85194117
-0.8496014
-0.84781635
-0.8545902
-0.85146993
-0.85588986
-0.8471305
-0.8503751
-0.8501156
-0.85027003
-0.8518039
-0.8460013
-0.84699005
-0.85396016
-0.85311514
-0.85327905
-0.8529339
-0.8554232
-0.8546627
-0.8552307
-0.85409
-0.8516329
-0.846986
-0.8530328
-0.8537001
-0.8489076
-0.8564912
-0.85148823
-0.85599434
-0.8533466
-0.8485916
-0.8503399
-0.8545722
-0.85009044
-0.85178244
-0.85625684
-0.85162246
-0.8527947
-0.85495806
-0.8574555
-0.8513218
-0.85351753
-0.8515155
-0.8509758
-0.85220456
-0.85185534
-0.851899
-0.8523432
-0.8566708
-0.8529958
-0.85497683
-0.85484356
-0.85651547
-0.8526962
-0.85573196
-0.85172856
-0.8493754
-0.8530271
-0.84969366
-0.853753
-0.8475345
-0.8544738
-0.85152215
-0.8578658
-0.8559759
-0.8519665
-0.8509633
-0.8534572
-0.8560257
-0.85355794
-0.85556024
-0.8574717
-0.8555968
-0.84755933
-0.84925705
-0.8532838
-0.8494491
-0.8510689
-0.8524554
-0.8508853
-0.8455221
-0.85148597
-0.8529151
-0.8498348
-0.85244095
-0.85279644
-0.8487314
-0.8549449
-0.8555591
-0.8526985
-0.8510653
-0.8530588
-0.8521509
-0.85119945
-0.85095793
-0.8513103
-0.85015106
-0.8521787
-0.8520734
-0.8529433
-0.8547361
-0.85475713
-0.8571203
-0.8541737
-0.8545153
-0.85540664
-0.8555392
-0.8543051
-0.8520109
-0.85619277
-0.8559125
-0.8601254
-0.8529664
-0.85874784
-0.855793
-0.8585599
-0.85764617
-0.85588884
-0.8562233
-0.85694885
-0.85241616
-0.85696805
-0.85476524
-0.8549156
-0.85694724
-0.8570819
-0.854775
-0.85747725
-0.85778844
-0.8542677
-0.8558548
-0.85138494
-0.8558661
-0.8559414
-0.85281986
-0.8540316
-0.8543231
-0.85151297
-0.8528517
-0.8530503
-0.8525499
-0.8521182
-0.8507711
-0.8565987
-0.85385936
-0.85279816
-0.8545356
-0.84890366
-0.853235
-0.85648113
-0.8597217
-0.85378724
-0.85471696
-0.8552426
-0.85561794
-0.85756356
-0.8526341
-0.85322887
-0.85230094
-0.8540962
-0.85087776
-0.8527953
-0.85415584
-0.85578275
-0.85298824
-0.85435236
-0.85300153
-0.85433936
-0.8511439
-0.85221267
-0.85149974
-0.85257965
-0.8524058
-0.8578669
-0.85207725
-0.8558176
-0.8508086
-0.8555
-0.8530962
-0.8518805
-0.8540491
-0.8525006
-0.85450995
-0.8563742
-0.85361546
-0.85300046
-0.8502445
-0.85095817
-0.85536665
-0.85633767
-0.85354847
-0.8565895
-0.8524741
-0.8508038
-0.85201585
-0.85266125
-0.8557894
-0.853339
-0.84969705
-0.8519922
-0.8530928
-0.8513799
-0.85225314
-0.860471
-0.85430986
-0.8561642
-0.8542485
-0.85649574
-0.8488526
-0.85628
-0.85103965
-0.8531449
-0.8512353
-0.8553864
-0.85492516
-0.8496495
-0.8541078
-0.8507954
-0.85302985
-0.85503197
-0.85739505
-0.85628617
-0.8538508
-0.8488287
-0.8527647
-0.8495763
-0.8511076
-0.8493336
-0.85418135
-0.8551505
-0.852715
-0.854707
-0.8531515
-0.8553096
-0.85389763
-0.85593337
-0.85244656
-0.85140896
-0.854657
-0.8557739
-0.8535213
-0.8534564
-0.85384357
-0.8555415
-0.8540913
-0.856497
-0.8557628
-0.8555134
-0.85518897
-0.8531008
-0.85581774
-0.85621756
-0.85765165
-0.85695434
-0.85198313
-0.85372376
-0.85698515
-0.8556279
-0.8556175
-0.8558087
-0.8592841
-0.8567825
-0.85706913
-0.8596617
-0.85687625
-0.85741484
-0.8560861
-0.8535811
-0.8581161
-0.85738444
-0.85850537
-0.8601287
-0.8571012
-0.85777473
-0.85257405
-0.86193883
-0.857599
-0.85540193
-0.85738397
-0.8568132
-0.8544176
-0.85214186
-0.85363936
-0.8555269
-0.85628235
-0.86257374
-0.85416156
-0.8556732
-0.85392725
-0.85487974
-0.853165
-0.85486144
-0.8597446
-0.85787684
-0.8618782
-0.8597284
-0.86150736
-0.8562649
-0.8571244
-0.85481894
-0.85824305
-0.8609986
-0.8560998
-0.853437
-0.85617703
-0.85445464
-0.8578629
-0.8531838
-0.8571014
-0.85560197
-0.85931903
-0.862113
-0.8574728
-0.8551683
-0.8613215
-0.8535242
-0.8568236
-0.85879654
-0.85745656
-0.85797185
-0.8581805
-0.8545804
-0.8601934
-0.8576342
-0.86243016
-0.8579771
-0.8558908
-0.8613854
-0.8580637
-0.85623974
-0.8545512
-0.85766524
-0.85644215
-0.8580716
-0.85810506
-0.85578966
-0.855934
-0.85589826
-0.8621129
-0.85957193
-0.8570056
-0.86303514
-0.855282
-0.8551892
-0.85970277
-0.8582884
-0.8568275
-0.86227447
-0.8607336
-0.86090094
-0.8545034
-0.85738134
-0.854028
-0.84981066
-0.8551052
-0.8537064
-0.8588615
-0.8583961
-0.8595047
-0.86178654
-0.85783154
-0.85245353
-0.8582201
-0.857677
-0.85412294
-0.85654026
-0.8554729
-0.8601467
-0.8522303
-0.85770243
-0.85567546
-0.8579035
-0.85552144
-0.85889584
-0.8581052
-0.85742307
-0.8566649
-0.8553124
-0.85881245
-0.85933477
-0.859322
-0.8585771
-0.85964936
-0.8555965
-0.85909814
-0.85866547
-0.8618251
-0.8536836
-0.85932887
-0.8602205
-0.858952
-0.85907054
-0.85982466
-0.85781825
-0.8614712
-0.8602729
-0.8569321
-0.8576879
-0.8621284
-0.8566832
-0.8589229
-0.8603931
-0.85691243
-0.8582657
-0.86155576
-0.8561639
-0.859399
-0.8605646
-0.85633695
-0.8613268
-0.85592127
-0.8613881
-0.85886383
-0.86045367
-0.8594126
-0.85661465
-0.8579856
-0.85700953
-0.85891783
-0.8606761
-0.8574787
-0.85996467
-0.8568853
-0.8592194
-0.8613398
-0.8570098
-0.85455555
-0.8580866
-0.8638985
-0.8603612
-0.859069
-0.86358565
-0.86158407
-0.8580523
-0.85815287
-0.8587873
-0.86026925
-0.8587704
-0.85959184
-0.8567182
-0.86158127
-0.85746115
-0.85813224
-0.8565478
-0.8531323
-0.8579302
-0.8577976
-0.85783994
-0.85472685
-0.85489756
-0.8551659
-0.85871613
-0.8523228
-0.8566301
-0.8517946
-0.8571979
-0.85970014
-0.85684615
-0.858331
-0.85988116
-0.8582468
-0.8561185
-0.8592964
-0.8622312
-0.8600893
-0.85599345
-0.85385543
-0.85697424
-0.85846364
-0.8594747
-0.8526353
-0.8609997
-0.85755306
-0.8568057
-0.85943425
-0.85576695
-0.8596341
-0.8543858
-0.8619129
-0.85718846
-0.860637
-0.85788965
-0.85925996
-0.85846674
-0.855199
-0.8634208
-0.8597709
-0.86473596
-0.862112
-0.85961515
-0.8619948
-0.86193347
-0.8602739
-0.8601119
-0.8626757
-0.85925376
-0.8584744
-0.85809106
-0.86300856
-0.86420006
-0.85624355
-0.858483
-0.8556168
-0.8593265
-0.8611331
-0.85918504
-0.8561779
-0.8553971
-0.8596613
-0.8585993
-0.86209005
-0.86043906
-0.8608223
-0.8564728
-0.85786724
-0.85834527
-0.859174
-0.8558411
-0.85783994
-0.85869414
-0.856423
-0.8621026
-0.8606682
-0.85805446
-0.86262727
-0.8603563
-0.86475325
-0.8628108
-0.86032057
-0.8588512
-0.86015624
-0.85993916
-0.85773355
-0.8609236
-0.8629614
-0.86640525
-0.8618599
-0.8584567
-0.8691604
-0.86218786
-0.8592543
-0.86089706
-0.8624812
-0.86576897
-0.8622348
-0.85936654
-0.8591396
-0.85901034
-0.8601051
-0.8609003
-0.8624665
-0.8593669
-0.8611147
-0.85998106
-0.8634506
-0.86255556
-0.8569402
-0.8652018
-0.8603463
-0.8623495
-0.8597521
-0.8596458
-0.86336523
-0.8630458
-0.85917383
-0.8575909
-0.8618462
-0.8596004
-0.85851306
-0.8584913
-0.8582617
-0.8562688
-0.8595488
-0.862199
-0.86121637
-0.86298645
-0.85841656
-0.86292475
-0.85873723
-0.8645554
-0.8564431
-0.8589894
-0.85718644
-0.8569276
-0.86431634
-0.86407125
-0.86284614
-0.86441904
-0.85726935
-0.86144215
-0.8604176
-0.85796946
-0.8620426
-0.85877246
-0.86003447
-0.8605388
-0.86196345
-0.8617133
-0.86038965
-0.8598634
-0.8617412
-0.8613353
-0.86438805
-0.8553283
-0.8605303
-0.8604893
-0.8626015
-0.860848
-0.8599063
-0.86043054
-0.8652984
-0.85941803
-0.8623415
-0.8624729
-0.85971576
-0.86139154
-0.8564114
-0.8631127
-0.85974884
-0.8612186
-0.8627195
-0.8604196
-0.8630094
-0.863826
-0.8618912
-0.8614091
-0.8587704
-0.8647958
-0.86188877
-0.86122
-0.86083597
-0.8600416
-0.8620497
-0.8591148
-0.8629918
-0.86278075
-0.86131096
-0.8588944
-0.8600142
-0.8566506
-0.8631086
-0.8595528
-0.85942465
-0.8595825
-0.86161137
-0.86137205
-0.863158
-0.8574887
-0.8607219
-0.86448056
-0.8541563
-0.85548955
-0.8609653
-0.85679793
-0.8605901
-0.8613738
-0.8570382
-0.8539922
-0.8581025
-0.8553596
-0.8619151
-0.85933465
-0.8573812
-0.8568757
-0.85860556
-0.8580259
-0.85999167
-0.8616947
-0.8643235
-0.8600801
-0.8651385
-0.8569893
-0.86240745
-0.86319804
-0.8660269
-0.8607041
-0.8653475
-0.86547756
-0.8640964
-0.86171335
-0.8577758
-0.8592925
-0.86155045
-0.86076796
-0.85967004
-0.8621812
-0.858703
-0.8629622
-0.8593939
-0.85862136
-0.86195225
-0.8608263
-0.85561305
-0.8616698
-0.8606457
-0.8607673
-0.8587599
-0.85861504
-0.8608115
-0.85932785
-0.8602781
-0.862307
-0.861624
-0.8650143
-0.86033547
-0.86006564
-0.8615254
-0.8634049
-0.860702
-0.86093855
-0.8622617
-0.86266017
-0.8614099
-0.8658188
-0.8632406
-0.858924
-0.86560243
-0.86235714
-0.86633855
-0.8652303
-0.86283404
-0.86425966
-0.8649218
-0.86561614
-0.86138564
-0.8633307
-0.86050427
-0.8613022
-0.8655653
-0.86373675
-0.8628628
-0.86430234
-0.8670751
-0.85892904
-0.85996795
-0.8673162
-0.8590465
-0.86216134
-0.8639077
-0.86073107
-0.8641711
-0.86720854
-0.8625752
-0.86556673
-0.86264575
-0.8657885
-0.86387783
-0.8605117
-0.864247
-0.8663769
-0.862278
-0.8604935
-0.8631433
-0.85723144
-0.85827273
-0.8566464
-0.8599405
-0.8600087
-0.855699
-0.8598883
-0.8661903
-0.8587305
-0.8610292
-0.8567077
-0.8621251
-0.8586797
-0.85944855
-0.86028165
-0.8651631
-0.86017185
-0.86262864
-0.86175334
-0.85929745
-0.8617844
-0.8646746
-0.8666252
-0.86110204
-0.86528355
-0.8650885
-0.86341834
-0.8644811
-0.86610013
-0.8646795
-0.858989
-0.8640038
-0.8644148
-0.8652255
-0.86532265
-0.86619323
-0.862903
-0.8653678
-0.8639901
-0.8671065
-0.8615077
-0.8654822
-0.8560754
-0.86501455
-0.86163926
-0.861954
-0.8620617
-0.86201286
-0.8663906
-0.8649435
-0.86183184
-0.86926585
-0.8640951
-0.8620808
-0.862451
-0.86008596
-0.8577209
-0.85698986
-0.86218673
-0.86658955
-0.8627805
-0.86179394
-0.8638187
-0.8595584
-0.86050993
-0.8594909
-0.86020464
-0.862205
-0.8628389
-0.8643916
-0.86351377
-0.8625691
-0.86077005
-0.85828286
-0.86283594
-0.8621915
-0.86529136
-0.86392206
-0.8629045
-0.86768174
-0.86535746
-0.8657176
-0.86087704
-0.86484075
-0.8647221
-0.8622218
-0.8552238
-0.8596639
-0.86038357
-0.8635498
-0.8599297
-0.86312914
-0.8599594
-0.85808456
-0.86390346
-0.8596433
-0.8656084
-0.858242
-0.8587243
-0.8602832
-0.86324245
-0.86241865
-0.86105025
-0.861446
-0.8635696
-0.8604763
-0.86321855
-0.86792314
-0.86604095
-0.8617943
-0.8620601
-0.86501074
-0.86557865
-0.8675654
-0.86553395
-0.8627108
-0.8655663
-0.8613815
-0.8622529
-0.8679705
-0.8669558
-0.8647442
-0.86788124
-0.86196935
-0.8668182
-0.8638298
-0.8643713
-0.8645949
-0.8643664
-0.8671051
-0.86580473
-0.8683829
-0.86349213
-0.8661597
-0.86688286
-0.86680424
-0.8648221
-0.8666737
-0.8694476
-0.8657304
-0.86618173
-0.8663347
-0.8602259
-0.8644873
-0.86612725
-0.8639958
-0.86501044
-0.8594285
-0.86923087
-0.86619353
-0.8681855
-0.8630115
-0.86258125
-0.8597551
-0.86392313
-0.86289954
-0.8647476
-0.8649056
-0.8648635
-0.86841804
-0.86153257
-0.86888945
-0.86684
-0.8645971
-0.86473703
-0.8611445
-0.8637847
-0.8686383
-0.86306626
-0.863174
-0.86424434
-0.8640528
-0.86506444
-0.86522365
-0.867259
-0.8661727
-0.8654157
-0.8597937
-0.86298466
-0.8604538
-0.8629263
-0.8644914
-0.86502904
-0.8606064
-0.8645979
-0.8623181
-0.8664686
-0.86324835
-0.8652893
-0.8650555
-0.86865366
-0.8618778
-0.86351955
-0.86275536
-0.8637773
-0.85912836
-0.8653411
-0.8661412
-0.86191946
-0.86034155
-0.8623514
-0.8653954
-0.8660801
-0.8652126
-0.86663675
-0.8598266
-0.8611945
-0.86421764
-0.8606468
-0.8622318
-0.8675047
-0.8628931
-0.86844057
-0.86688507
-0.867834
-0.8610666
-0.8631513
-0.8671839
-0.86746365
-0.86662173
-0.86485654
-0.8603591
-0.8660725
-0.86548305
-0.87152255
-0.8682786
-0.87080026
-0.86774075
-0.86686957
-0.86852396
-0.8691567
-0.8661118
-0.86622846
-0.8635541
-0.86713374
-0.8639678
-0.86447346
-0.8646467
-0.86658055
-0.8633868
-0.86806655
-0.86683935
-0.8702266
-0.86810684
-0.8689561
-0.87000614
-0.8650739
-0.86711305
-0.8617711
-0.8629017
-0.86569124
-0.86410844
-0.8651464
-0.8641379
-0.8627234
-0.8654152
-0.8610581
-0.86487645
-0.86484337
-0.86415464
-0.8667622
-0.86284786
-0.86807525
-0.86836976
-0.8634842
-0.8648628
-0.8626705
-0.8659616
-0.85806584
-0.86338013
-0.86563617
-0.86625135
-0.8613941
-0.86550015
-0.8631931
-0.8671219
-0.86473936
-0.8675985
-0.8676925
-0.86561364
-0.8648193
-0.8708202
-0.8656585
-0.86773676
-0.8615341
-0.8618719
-0.8653454
-0.8632348
-0.8586209
-0.8648675
-0.86462265
-0.85944074
-0.86223584
-0.86315215
-0.8640611
-0.86109555
-0.8634871
-0.85881644
-0.86365956
-0.8635413
-0.8603315
-0.8664533
-0.8624157
-0.86569107
-0.86354846
-0.8608526
-0.8590096
-0.8634914
-0.86096895
