-0.39563084
-0.38880363
-0.39286464
-0.40406424
-0.4097539
-0.40109372
-0.40353602
-0.42379534
-0.41014308
-0.42820764
-0.42669618
-0.4244174
-0.4309699
-0.4470316
-0.4434346
-0.44447
-0.4553211
-0.457748
-0.45838982
-0.4634047
-0.45121127
-0.46551177
-0.45971912
-0.4876944
-0.48704076
-0.49316475
-0.49871206
-0.49129498
-0.50504214
-0.5039227
-0.50984544
-0.5270714
-0.526033
-0.5233532
-0.53241706
-0.53569865
-0.54207474
-0.5385911
-0.55314106
-0.5411289
-0.5594273
-0.5585556
-0.5546604
-0.54560363
-0.5599281
-0.5573733
-0.5605307
-0.5559166
-0.55191153
-0.5602444
-0.549027
-0.5620781
-0.56496996
-0.5621865
-0.5660443
-0.5648734
-0.5613887
-0.5681639
-0.56213677
-0.56579024
-0.5725138
-0.56514925
-0.56684935
-0.5665969
-0.56553006
-0.5697132
-0.5570673
-0.57903075
-0.56169975
-0.57174486
-0.56085986
-0.5733795
-0.57091886
-0.5591643
-0.55367655
-0.5582918
-0.5699283
-0.5594418
-0.5747496
-0.57001483
-0.5647
-0.5625113
-0.5747407
-0.57108414
-0.56099164
-0.5623823
-0.57442576
-0.567273
-0.5692577
-0.58436364
-0.56628126
-0.5538506
-0.56461686
-0.57536393
-0.5712903
-0.5652538
-0.5679872
-0.5734414
-0.58045954
-0.5739603
-0.58201784
-0.5767255
-0.5652903
-0.58577543
-0.5800916
-0.5725035
-0.56556296
-0.5896503
-0.5644655
-0.57546085
-0.5747262
-0.5708544
-0.57053393
-0.5924405
-0.5785806
-0.57637954
-0.57396346
-0.5774757
-0.5829495
-0.5812763
-0.58352697
-0.5754091
-0.5786388
-0.5752553
-0.5826238
-0.579218
-0.58115375
-0.57836634
-0.5645038
-0.5658521
-0.57368326
-0.5823708
-0.58824587
-0.57567596
-0.57878727
-0.5816514
-0.5755874
-0.58648413
-0.58166677
-0.5721872
-0.58644754
-0.58116585
-0.57987136
-0.580036
-0.5834613
-0.5831529
-0.58939475
-0.58196163
-0.5808657
-0.58118016
-0.5875575
-0.5819413
-0.5902621
-0.584538
-0.5903405
-0.5791176
-0.58842546
-0.58585817
-0.5746233
-0.58505815
-0.59008586
-0.59409815
-0.58704895
-0.5813524
-0.58840173
-0.58738434
-0.5905955
-0.5819057
-0.5920786
-0.5862115
-0.5903733
-0.5926357
-0.5897422
-0.59023124
-0.5934062
-0.591176
-0.5898381
-0.5879127
-0.5919895
-0.5840706
-0.6078375
-0.58307725
-0.58394814
-0.58961326
-0.58401304
-0.58245856
-0.5849939
-0.59041274
-0.5867387
-0.5968227
-0.5883773
-0.5863692
-0.591894
-0.59790856
-0.5893834
-0.5971599
-0.5907059
-0.5782018
-0.5835495
-0.59511006
-0.59166867
-0.5814806
-0.59591246
-0.5879833
-0.59280443
-0.58312637
-0.59081006
-0.5823042
-0.5899939
-0.59608454
-0.5806168
-0.58808815
-0.58854467
-0.5926574
-0.5906058
-0.59391725
-0.5905965
-0.59005344
-0.5961828
-0.59800714
-0.59014153
-0.5956874
-0.58572
-0.60585564
-0.5952553
-0.5960144
-0.595682
-0.5951988
-0.5883745
-0.6001627
-0.593511
-0.5913386
-0.59594184
-0.6011956
-0.60214394
-0.59290504
-0.5962628
-0.6026728
-0.59646016
-0.59851325
-0.59748566
-0.6023709
-0.60700727
-0.6038906
-0.5936944
-0.5943352
-0.6028278
-0.6011603
-0.60612214
-0.6016357
-0.6153966
-0.6074283
-0.5985423
-0.5943209
-0.61426175
-0.60499704
-0.5990949
-0.6016688
-0.5995191
-0.599061
-0.6048837
-0.5965428
-0.598783
-0.6067586
-0.6001041
-0.6018586
-0.6005886
-0.60608834
-0.6008408
-0.60702074
-0.5985428
-0.60408384
-0.60713357
-0.6031207
-0.5977495
-0.60667396
-0.60299325
-0.6100091
-0.6135877
-0.59998727
-0.6061584
-0.5992715
-0.5980268
-0.6002187
-0.6037645
-0.6176872
-0.608966
-0.60160094
-0.6043581
-0.6067045
-0.61246496
-0.62266994
-0.60903674
-0.6100143
-0.60827655
-0.6125547
-0.6062482
-0.6036996
-0.61043143
-0.6062505
-0.61702913
-0.61237776
-0.6104077
-0.60423267
-0.60575897
-0.6120983
-0.613741
-0.60741824
-0.6065764
-0.6122063
-0.6113209
-0.6150548
-0.61327374
-0.61255246
-0.6050174
-0.62168324
-0.6017004
-0.6152862
-0.6260774
-0.61587065
-0.60840774
-0.6158775
-0.60553485
-0.61646193
-0.62052536
-0.6235036
-0.61908793
-0.62802404
-0.6197722
-0.6201393
-0.6180799
-0.62190837
-0.60341483
-0.6146106
-0.6157504
-0.61858314
-0.620646
-0.6179587
-0.61353
-0.62158954
-0.60641366
-0.6092002
-0.61037487
-0.61423606
-0.6229085
-0.6201761
-0.617302
-0.6188195
-0.61993164
-0.6193011
-0.6177822
-0.62231356
-0.61536896
-0.6132608
-0.6198346
-0.62074363
-0.6185339
-0.61773264
-0.6223873
-0.6241686
-0.62269664
-0.6250252
-0.6224431
-0.6212321
-0.6138271
-0.63634634
-0.6185466
-0.6246468
-0.61325777
-0.62825155
-0.62480426
-0.6260587
-0.62761533
-0.62564886
-0.61826164
-0.61905706
-0.6197023
-0.6221069
-0.62989795
-0.6243278
-0.6289172
-0.62862927
-0.62621576
-0.6284606
-0.62668216
-0.62976295
-0.6309427
-0.6301843
-0.62806135
-0.6258968
-0.62786645
-0.6209004
-0.616807
-0.62172
-0.6217818
-0.62968814
-0.6163117
-0.6263394
-0.6289345
-0.62580603
-0.6148882
-0.62647593
-0.6256022
-0.63334715
-0.63431925
-0.62783897
-0.6302194
-0.63289773
-0.6323307
-0.62160534
-0.62782776
-0.6283104
-0.6240339
-0.62447757
-0.6292448
-0.6295452
-0.62898403
-0.6275226
-0.63310003
-0.62924314
-0.62676406
-0.63111126
-0.6368689
-0.62891454
-0.62535864
-0.62775767
-0.61591506
-0.6303772
-0.61902124
-0.6290768
-0.6281345
-0.62496746
-0.624708
-0.61985445
-0.62719214
-0.6280971
-0.62990654
-0.62427473
-0.62018335
-0.6279968
-0.63052905
-0.6242667
-0.6221334
-0.6293813
-0.62469685
-0.6325356
-0.6262217
-0.6259648
-0.6244033
-0.6290425
-0.6321134
-0.6381726
-0.6287228
-0.6261133
-0.6353078
-0.6285219
-0.6210297
-0.61787975
-0.62152964
-0.62132835
-0.624671
-0.6266235
-0.631059
-0.62840796
-0.63002837
-0.6345792
-0.6364687
-0.6283689
-0.6235809
-0.63142353
-0.63047874
-0.6336542
-0.6344543
-0.6291002
-0.6348885
-0.63399947
-0.62243485
-0.634275
-0.63103515
-0.62618536
-0.6358882
-0.6321103
-0.62914944
-0.6361681
-0.63721585
-0.6217069
-0.63479537
-0.6364104
-0.63044137
-0.6220656
-0.636284
-0.6293232
-0.6276758
-0.6355551
-0.6328721
-0.6426747
-0.6349573
-0.6300796
-0.63053924
-0.62782985
-0.6248986
-0.63166994
-0.63043416
-0.6215311
-0.6258807
-0.6250966
-0.6334146
-0.6241772
-0.6259944
-0.63517547
-0.637128
-0.63684255
-0.6381915
-0.63545775
-0.63218397
-0.6298264
-0.6365162
-0.62653595
-0.6349153
-0.63137347
-0.63353354
-0.6373503
-0.6248794
-0.63140655
-0.63549
-0.63729054
-0.6374757
-0.6383837
-0.62514216
-0.6344959
-0.626137
-0.63277584
-0.63775575
-0.6284615
-0.6425932
-0.63095516
-0.62471735
-0.6213588
-0.62011075
-0.63530976
-0.6335032
-0.62403107
-0.6241122
-0.6258293
-0.6288769
-0.6242285
-0.62403613
-0.62597406
-0.62021714
-0.6361226
-0.6296659
-0.6284545
-0.6301792
-0.6299203
-0.63138735
-0.6351386
-0.6411039
-0.63441163
-0.6359564
-0.6356862
-0.635197
-0.6251772
-0.6351447
-0.637691
-0.6306375
-0.6380295
-0.62932473
-0.64748085
-0.6332343
-0.6373617
-0.6307459
-0.6315541
-0.6335208
-0.6393568
-0.63976663
-0.6328439
-0.63926643
-0.6321208
-0.6349664
-0.63446546
-0.63673365
-0.6301649
-0.6412399
-0.64309275
-0.62673944
-0.62803555
-0.6312587
-0.6350931
-0.6233202
-0.6222603
-0.63029546
-0.62454736
-0.63212633
-0.6396097
-0.6325852
-0.631295
-0.62807536
-0.6296613
-0.62405586
-0.6274511
-0.6225318
-0.64244884
-0.6329372
-0.63831073
-0.6340296
-0.6325824
-0.62622195
-0.6317857
-0.6267531
-0.63784003
-0.62618864
-0.62926567
-0.63131493
-0.62927264
-0.6308856
-0.62726057
-0.6381734
-0.6278157
-0.62691003
-0.6290146
-0.62976944
-0.63325065
-0.63830996
-0.6344757
-0.6376508
-0.632022
-0.6380836
-0.63487124
-0.63971925
-0.63433146
-0.64072347
-0.63270503
-0.63763654
-0.63507587
-0.63648796
-0.6288534
-0.6350279
-0.62714696
-0.6288965
-0.63802755
-0.6346224
-0.6445191
-0.6394248
-0.64171666
-0.63695896
-0.6283299
-0.6334129
-0.6363038
-0.6348301
-0.6310013
-0.6344757
-0.63436294
-0.63009655
-0.6425597
-0.6271945
-0.6363123
-0.6318915
-0.62989587
-0.637575
-0.64098763
-0.6314352
-0.6317635
-0.64341223
-0.6310312
-0.63977116
-0.63504636
-0.63217
-0.6429855
-0.63731813
-0.6308622
-0.6394756
-0.6349913
-0.63656205
-0.64544
-0.63951206
-0.6341859
-0.62960947
-0.6345584
-0.63431364
-0.6409879
-0.63581455
-0.6379789
-0.6451537
-0.6369669
-0.6348649
-0.6344002
-0.6228038
-0.63706934
-0.6334193
-0.6313314
-0.63450646
-0.63421977
-0.6375204
-0.6404076
-0.63391304
-0.63898367
-0.6390414
-0.63913
-0.6333343
-0.62990904
-0.63476384
-0.6387474
-0.6314929
-0.63986415
-0.6356075
-0.6340237
-0.6326684
-0.63891506
-0.6279697
-0.629268
-0.6347557
-0.6326384
-0.6368341
-0.63825613
-0.6403866
-0.63973945
-0.63321954
-0.6296838
-0.6334694
-0.64676607
-0.6398332
-0.6430629
-0.6316952
-0.6245659
-0.63068527
-0.62341475
-0.6314531
-0.6236591
-0.64132863
-0.641397
-0.63626516
-0.6341143
-0.62932616
-0.6354539
-0.62660813
-0.64303
-0.63294894
-0.6321769
-0.6333963
-0.6348305
-0.6342854
-0.6338714
-0.6386185
-0.64161754
-0.63780844
-0.6306587
-0.6242207
-0.6365136
-0.6347683
-0.6425391
-0.63749504
-0.6386251
-0.6348217
-0.63924325
-0.6376162
-0.6437676
-0.6310302
-0.6370967
-0.64080423
-0.63202214
-0.625757
-0.6391759
-0.637434
-0.6375154
-0.636504
-0.6278026
-0.63755536
-0.6353174
-0.63497144
-0.6374833
-0.63195455
-0.6265194
-0.64924335
-0.63572985
-0.63293904
-0.63853955
-0.63376313
-0.6368088
-0.6313535
-0.6434623
-0.6462001
-0.6343725
-0.6365566
-0.64368176
-0.62611574
-0.62370515
-0.6293137
-0.6294338
-0.63484395
-0.63868535
-0.64024895
-0.6340875
-0.6446299
-0.6321674
-0.63550043
-0.64074165
-0.6331861
-0.63394755
-0.6433611
-0.64266133
-0.63237685
-0.6385016
-0.6469145
-0.6398938
-0.64142406
-0.6410877
-0.63260984
-0.64072484
-0.6363228
-0.6374792
-0.6416525
-0.63201755
-0.63506645
-0.63998735
-0.64673215
-0.6287744
-0.644998
-0.6378132
-0.63422805
-0.6381331
-0.6413955
-0.63916326
-0.63658035
-0.6317031
-0.6300373
-0.6363305
-0.63765913
-0.6372574
-0.64404535
-0.6437915
-0.63813525
-0.6414397
-0.6334689
-0.6368377
-0.6352345
-0.63932824
-0.6364876
-0.6342271
-0.6372749
-0.6360508
-0.6381516
-0.6338676
-0.6351745
-0.62828463
-0.6421213
-0.62821454
-0.6379806
-0.62621266
-0.64705795
-0.6359574
-0.6437861
-0.6366427
-0.63592213
-0.6337195
-0.6380297
-0.63749963
-0.6346383
-0.63638914
-0.6419366
-0.6409823
-0.6334205
-0.6422684
-0.6398665
-0.6337601
-0.6398104
-0.6282523
-0.6314362
-0.6348835
-0.63659215
-0.63219655
-0.63818675
-0.6460634
-0.6381357
-0.637114
-0.6418296
-0.6292562
-0.6383285
-0.64220685
-0.64323807
-0.63543844
-0.6420852
-0.63946223
-0.6347208
-0.63663363
-0.642382
-0.63182294
-0.6368911
-0.64363456
-0.63160664
-0.64099497
-0.63243914
-0.63371617
-0.6473634
-0.63976777
-0.6400902
-0.6437898
-0.6371087
-0.6367424
-0.6422322
-0.6401869
-0.64076823
-0.6271035
-0.63732034
-0.6361959
-0.6316668
-0.6317096
-0.62934697
-0.6407941
-0.6376321
-0.6416109
-0.63035417
-0.63842463
-0.6350889
-0.6383156
-0.63783276
-0.6433129
-0.6302019
-0.63736236
-0.62946326
-0.6363449
-0.6358379
-0.63360655
-0.6348454
-0.63226813
-0.64183843
-0.6367948
-0.62995857
-0.6378324
-0.6370847
-0.6347388
-0.6310512
-0.6504595
-0.6395943
-0.64386934
-0.6443437
-0.63871884
-0.6352051
-0.63697416
-0.64394253
-0.6438292
-0.6321322
-0.6321613
-0.6355612
-0.6346811
-0.6399083
-0.6429799
-0.6324198
-0.6391307
-0.6358837
-0.64184093
-0.63848454
-0.64333546
-0.64274573
-0.6329555
-0.6425581
-0.6377584
-0.63520247
-0.64128983
-0.6359676
-0.64401156
-0.63613397
-0.64159906
-0.622096
-0.6346379
-0.63387
-0.6389608
-0.6454574
-0.64296544
-0.64571464
-0.635824
-0.6284667
-0.6271995
-0.63347906
-0.6325972
-0.6318927
-0.6331353
-0.64131397
-0.64723384
-0.6340708
-0.64484537
-0.6351444
-0.63202286
-0.6381076
-0.65036035
-0.633087
-0.6415631
-0.6375258
-0.6361739
-0.63511956
-0.63811046
-0.62958854
-0.6342062
-0.636728
-0.63932824
-0.6358696
-0.63740814
-0.6369067
-0.64459205
-0.63701826
-0.637472
-0.63646543
-0.6446798
-0.64006567
-0.6398999
-0.6340656
-0.6429649
-0.6341334
-0.6311844
-0.64460313
-0.6345494
-0.63667357
-0.6446019
-0.634912
-0.62939334
-0.639779
-0.6339736
-0.64372605
-0.62548584
-0.6422334
-0.641589
-0.63275766
-0.63858885
-0.6326992
-0.631859
-0.64381343
-0.6425913
-0.64464474
-0.63338286
-0.64252216
-0.645968
-0.63608956
-0.6387203
-0.63704914
-0.6318868
-0.6447675
-0.64784706
-0.6467446
-0.633078
-0.647075
-0.6395717
-0.64607954
-0.6531439
-0.648799
-0.6419676
-0.63629
-0.64170206
-0.6402184
-0.63968796
-0.64448565
-0.6371672
-0.63985157
-0.63130546
-0.6405292
-0.63494086
-0.6373085
-0.6335528
-0.6389209
-0.6422576
-0.6395378
-0.6356494
-0.6406836
-0.64197975
-0.6359258
-0.64093703
-0.6360111
-0.64039445
-0.6351318
-0.6382222
-0.6432641
-0.641135
-0.6371184
-0.6450209
-0.6432239
-0.6313533
-0.63608915
-0.63993025
-0.63585776
-0.64566207
-0.6380892
-0.63464487
-0.63691634
-0.6405619
-0.635874
-0.6346514
-0.6374947
-0.64270765
-0.64369994
-0.6394071
-0.64402455
-0.6383265
-0.6397435
-0.63841754
-0.6346131
-0.63600075
-0.6391947
-0.63036835
-0.6374119
-0.6366973
-0.6425458
-0.64983624
-0.64742434
-0.63026893
-0.639278
-0.63929576
-0.62826425
-0.64393073
-0.64616394
-0.63135713
-0.6333539
-0.6378825
-0.6353572
-0.63137746
-0.62832886
-0.6437457
-0.6430712
-0.6403806
-0.63393086
-0.639786
-0.64145666
-0.6404656
-0.6434945
-0.635326
-0.64439774
-0.6388618
-0.6354078
-0.6401199
-0.64030266
-0.63121456
-0.6446922
-0.6389578
-0.6411452
-0.64026034
-0.6408954
-0.6424415
-0.63271064
-0.65027934
-0.6409934
-0.63616383
-0.6392667
-0.638195
-0.6393334
-0.64196086
-0.6408087
-0.6390385
-0.6349285
-0.63183
-0.6437067
-0.64497554
-0.6353394
-0.6402102
-0.6459249
-0.6399371
-0.64555484
-0.6423165
-0.64059335
-0.63884467
-0.6361755
-0.6516135
-0.6416354
-0.637231
-0.63410264
-0.6395391
-0.6454078
-0.6363292
-0.64087117
-0.6395449
-0.63417023
-0.6479533
-0.6380077
-0.6413091
-0.6390615
-0.6340568
-0.6356615
-0.64362663
-0.63572973
-0.64346784
-0.6420105
-0.6471338
-0.637131
-0.6434172
-0.6385361
-0.6379729
-0.63518214
-0.63907295
-0.63491994
-0.64876145
-0.64179164
-0.6479165
-0.6439112
-0.6429872
-0.64450586
-0.6345795
-0.6399778
-0.6400709
-0.6367784
-0.6408136
-0.6375186
-0.6444351
-0.6487514
-0.64310837
-0.6346904
-0.63918537
-0.64070904
-0.63524604
-0.6356799
-0.6407118
-0.6385174
-0.6280193
-0.64411825
-0.6356945
-0.6417275
-0.64360434
-0.6485976
-0.63694733
-0.64215636
-0.6343534
-0.64148915
-0.6450165
-0.6441462
-0.637665
-0.63704765
-0.6439787
-0.63859516
-0.6342757
-0.6312619
-0.63364285
-0.638549
-0.6472616
-0.63595253
-0.6399269
-0.64020956
-0.6408798
-0.6407374
-0.63443637
-0.63458514
-0.6451632
-0.6407455
-0.6414
-0.63735586
-0.63660425
-0.6353705
-0.6479094
-0.64306474
-0.6376397
-0.64057267
-0.6418591
-0.6374946
-0.63260126
-0.6375936
-0.6311741
-0.64370507
-0.64222884
-0.63910013
-0.6418447
-0.65072393
-0.63987505
-0.6422505
-0.6385006
-0.64065635
-0.6404341
-0.6459672
-0.64452827
-0.6421396
-0.6323058
-0.641106
-0.6354988
-0.63679945
-0.6403022
-0.6368802
-0.63729626
-0.64569783
-0.63571113
-0.6473009
-0.6405464
-0.6374092
-0.639914
-0.63616294
-0.64163387
-0.6324099
-0.6400838
-0.63979757
-0.6471735
-0.6378087
-0.6379507
-0.6395392
-0.6389155
-0.64536935
-0.638933
-0.6293534
-0.6389558
-0.63948536
-0.6414904
-0.6329757
-0.6375346
-0.63266766
-0.640814
-0.63340205
-0.6450592
-0.6426324
-0.6401476
-0.6470445
-0.64176
-0.64529455
-0.6452375
-0.63198245
-0.64125866
-0.6480422
-0.64545107
-0.63825226
-0.64266735
-0.6430167
-0.64411885
-0.6366316
-0.64138424
-0.64953154
-0.6433193
-0.6442128
-0.6437483
-0.6355555
-0.6346592
-0.63997895
-0.6482892
-0.64103407
-0.65130675
-0.6405268
-0.63997686
-0.6374188
-0.63491595
-0.6429814
-0.64142203
-0.64473397
-0.6364357
-0.6360412
-0.6507404
-0.6362517
-0.639451
-0.638944
-0.63626957
-0.632573
-0.64228445
-0.641543
-0.63492024
-0.6320955
-0.63979137
-0.63661504
-0.6431746
-0.63521564
-0.6390226
-0.6387408
-0.6362374
-0.6384283
-0.64001966
-0.6311259
-0.6363901
-0.63481134
-0.6347409
-0.63567173
-0.6464994
-0.64186966
-0.6429319
-0.6472369
-0.64447016
-0.6484431
-0.6418602
-0.64006466
-0.6356815
-0.6461686
-0.6341251
-0.6368152
-0.63949734
-0.6429905
-0.6390248
-0.6409828
-0.639034
-0.6388332
-0.6357531
-0.6316984
-0.6436797
-0.6419084
-0.6308992
-0.634665
-0.64049965
-0.6356733
-0.6489843
-0.64184576
-0.65050715
-0.6341595
-0.6331727
-0.6396447
-0.63985634
-0.64444107
-0.6453076
-0.63059145
-0.63670826
-0.6416453
-0.6431517
-0.63276607
-0.6441507
-0.64717793
-0.645104
-0.6340483
-0.6412269
-0.6524696
-0.64297634
-0.63274497
-0.64330363
-0.6432691
-0.64046997
-0.64563495
-0.64387846
-0.6328763
-0.6396366
-0.64326
-0.64195544
-0.6412778
-0.6470999
-0.64506686
-0.64570487
-0.64226127
-0.6388987
-0.6421261
-0.6393194
-0.6459329
-0.6355201
-0.6395526
-0.6354625
-0.6451156
-0.63734454
-0.6434493
-0.6478087
-0.63727593
-0.6514196
-0.6447652
-0.64107263
-0.6462973
-0.6402077
-0.6386421
-0.641056
-0.6365211
-0.64571834
-0.64232296
-0.6408004
-0.64234304
-0.640962
-0.6451017
-0.6468584
-0.64209205
-0.6406771
-0.6475937
-0.6394231
-0.64212096
-0.63269454
-0.63694894
-0.63786817
-0.6357073
-0.6431435
-0.6556477
-0.64384675
-0.6414943
-0.63775396
-0.6380269
-0.64086145
-0.64048463
-0.6408524
-0.6403464
-0.63440925
-0.6300744
-0.6445433
-0.6386185
-0.6372267
-0.6336008
-0.6322356
-0.6437278
-0.6402102
-0.64358675
-0.64151865
-0.6415736
-0.6430035
-0.64579314
-0.6316763
-0.6340012
-0.633702
-0.63800657
-0.6316019
-0.6439925
-0.64438623
-0.635871
-0.637885
-0.64057076
-0.64368755
-0.635883
-0.6442876
-0.6430637
-0.627032
-0.6358573
-0.6360355
-0.6421929
-0.6409932
-0.6381038
-0.6375344
-0.64937466
-0.6440666
-0.6428247
-0.6436732
-0.6455649
-0.6375511
-0.6379229
-0.65155584
-0.63582045
-0.6432286
-0.64429736
-0.63675714
-0.6356336
-0.6453641
-0.6400696
-0.638531
-0.62979114
-0.642931
-0.6370761
-0.64683336
-0.63702375
-0.6411309
-0.64250904
-0.63995516
-0.6435418
-0.6279741
-0.635889
-0.6484975
-0.6379232
-0.6410409
-0.6446862
-0.6382064
-0.63815534
-0.6420297
-0.6402068
-0.64351606
-0.6453517
-0.6356577
-0.64131445
-0.64248276
-0.6439029
-0.6374603
-0.6441816
-0.6390336
-0.6460995
-0.6366418
-0.63629186
-0.6539367
-0.63967735
-0.63827294
-0.63580817
-0.6429528
-0.6409649
-0.64382625
-0.6365235
-0.64292836
-0.64730936
-0.644413
-0.64548916
-0.63097376
-0.63957006
-0.6345936
-0.6408942
-0.6369318
-0.6324813
-0.6413596
-0.6381896
-0.6398038
-0.6455514
-0.6405977
-0.6450866
-0.6335946
-0.6468734
-0.6364408
-0.63907975
-0.63676715
-0.64176506
-0.6434558
-0.64774233
-0.64811695
-0.63510895
-0.63846266
-0.63175786
-0.6427701
-0.6552138
-0.63647485
-0.63587636
-0.65290225
-0.63944125
-0.633583
-0.6397045
-0.6439207
-0.6398126
-0.64585
-0.64278525
-0.64623135
-0.6494051
-0.6430005
-0.63943726
-0.6449411
-0.6465704
-0.64741784
-0.63070595
-0.64872056
-0.64248556
-0.6390035
-0.64236385
-0.63690555
-0.6410149
-0.6450549
-0.63012505
-0.6422109
-0.6452285
-0.6414889
-0.6313332
-0.63841814
-0.64564854
-0.64425933
-0.6518484
-0.6464146
-0.64038074
-0.6321268
-0.63597786
-0.64557195
-0.6430474
-0.64368606
-0.63918257
-0.6379351
-0.63694054
-0.6387711
-0.64084685
-0.63035196
-0.63801426
-0.64970064
-0.6455456
-0.6465874
-0.641406
-0.65505326
-0.64480394
-0.64469093
-0.64690757
-0.6417363
-0.64747906
-0.64049745
-0.636624
-0.6423046
-0.6442939
-0.6449513
-0.6523526
-0.64836955
-0.6447475
-0.6380044
-0.6391332
-0.6436179
-0.6450416
-0.6438764
-0.63913167
-0.6355665
-0.63815266
-0.64499086
-0.63390166
-0.6411175
-0.644242
-0.6361536
-0.63615626
-0.6400014
-0.6364174
-0.64168096
-0.6408337
-0.64302534
-0.63955945
-0.6437604
-0.6376474
-0.6410555
-0.6445063
-0.65185785
-0.6424837
-0.649606
-0.6451674
-0.6462241
-0.64474034
-0.63777786
-0.64981496
-0.6333296
-0.63636464
-0.64505273
-0.64649224
-0.6395286
-0.64817995
-0.6353017
-0.641016
-0.63851386
-0.6370288
-0.64671725
-0.6431338
-0.6358549
-0.64935654
-0.63983643
-0.6357728
-0.64233357
-0.6441124
-0.64586705
-0.64224917
-0.64685637
-0.6523693
-0.6517756
-0.62916327
-0.6407146
-0.6460987
-0.64029324
-0.65114343
-0.6479655
-0.64687985
-0.65290064
-0.64820564
-0.6418683
-0.6398873
-0.6326947
-0.64045477
-0.6370435
-0.63686883
-0.6514607
-0.64262503
-0.6428751
-0.6378583
-0.6365882
-0.64663446
-0.6488164
-0.6433096
-0.642335
-0.6391316
-0.647423
-0.647737
-0.64523804
-0.6432907
-0.6437442
-0.6397818
-0.63257015
-0.6484154
-0.6424253
-0.65248066
-0.6460865
-0.6381906
-0.6452521
-0.64443946
-0.6365347
-0.6380793
-0.6449614
-0.6454843
-0.648976
-0.64385307
-0.64681685
-0.6355187
-0.6494145
-0.65180176
-0.6416946
-0.64374834
-0.64246184
-0.64249575
-0.6462975
-0.6379283
-0.6405931
-0.6372175
-0.6422167
-0.65180093
-0.6441661
-0.63920814
-0.64761317
-0.64186555
-0.6425927
-0.63614255
-0.62886584
-0.64260316
-0.6452726
-0.63902324
-0.63615125
-0.6422703
-0.6467978
-0.6503899
-0.6395479
-0.6393347
-0.643524
-0.6509446
-0.646875
-0.6437914
-0.6391191
-0.6524275
-0.64499044
-0.6437618
-0.6427848
-0.65334344
-0.63960224
-0.64721715
-0.6434626
-0.6469926
-0.6352059
-0.6369026
-0.6423711
-0.6425427
-0.64387494
-0.64338845
-0.63766325
-0.64531076
-0.64530885
-0.6393329
-0.6469783
-0.6432958
-0.6366769
-0.6409324
-0.6549791
-0.64306265
-0.6394083
-0.638349
-0.63530684
-0.650089
-0.64193296
-0.63663155
-0.64100116
-0.643337
-0.6318347
-0.64975935
-0.6454913
-0.6441607
-0.6455672
-0.63694894
-0.64102095
-0.6337844
-0.65101045
-0.64379746
-0.6388186
-0.6455521
-0.64549404
-0.64233094
-0.63751096
-0.6413322
-0.63043493
-0.63908225
-0.6420833
-0.6380447
-0.6474757
-0.6422943
-0.64051884
-0.64428115
-0.64202243
-0.6426832
-0.64703244
-0.6495964
-0.6527034
-0.64619815
-0.64587367
-0.6400009
-0.6468626
-0.6416877
-0.64113325
-0.63902426
-0.6401008
-0.64712304
-0.64013356
-0.6414806
-0.64473784
-0.6418462
-0.63302815
-0.6451919
-0.6404464
-0.65296453
-0.64429766
-0.64372224
-0.6383122
-0.6447539
-0.6491929
-0.64698756
-0.64654106
-0.64564496
-0.64999336
-0.6520398
-0.642611
-0.6395383
-0.6433714
-0.6395821
-0.64165324
-0.65153736
-0.6368005
-0.6380983
-0.6439942
-0.6531092
-0.6388568
-0.6452414
-0.6415252
-0.6342241
-0.6457368
-0.64749295
-0.6427497
-0.6479394
-0.6432452
-0.6457273
-0.63860345
-0.6361142
-0.6447616
-0.63723904
-0.6504868
-0.64349854
-0.6360558
-0.6458383
-0.64127725
-0.64413846
-0.6419107
-0.6457521
-0.63547033
-0.6414793
-0.63923424
-0.6488236
-0.6376929
-0.6501192
-0.64664084
-0.6434737
-0.64488214
-0.6421318
-0.6535461
-0.64892334
-0.63375133
-0.6451233
-0.6434781
-0.6398599
-0.636158
-0.64527386
-0.6484146
-0.6437405
-0.64168924
-0.64902073
-0.6451022
-0.64485264
-0.64268154
-0.63748926
-0.6481301
-0.64214844
-0.64747864
-0.64624447
-0.63655865
-0.6462872
-0.64523286
-0.649874
-0.6413023
-0.6412415
-0.64035493
-0.6468037
-0.64436024
-0.6501213
-0.64869946
-0.6373774
-0.646502
-0.6404279
-0.6485091
-0.6443245
-0.63811404
-0.6450063
-0.6463314
-0.6420694
-0.6482397
-0.648262
-0.6411156
-0.6382606
-0.651337
-0.6447121
-0.6513612
-0.641468
-0.64869595
-0.64465517
-0.64294404
-0.64497185
-0.6498039
-0.64640963
-0.65019727
-0.6425262
-0.6451421
-0.6416338
-0.64452535
-0.6435961
-0.6411436
-0.64558864
-0.6515952
-0.64091957
-0.6405071
-0.6485871
-0.6461313
-0.6393443
-0.64591086
-0.65131533
-0.64913666
-0.65134084
-0.64068484
-0.6505623
-0.64886224
-0.6467272
-0.6449206
-0.64568436
-0.65415245
-0.64630973
-0.64754826
-0.6438334
-0.6472888
-0.6428267
-0.6419956
-0.6460151
-0.64351285
-0.64537436
-0.6424275
-0.6480064
-0.63620144
-0.6476311
-0.6447059
-0.6516995
-0.6389942
-0.63807404
-0.6469578
-0.6507219
-0.6483496
-0.64258456
-0.6515593
-0.6475742
-0.6432745
-0.6437144
-0.6361649
-0.6472068
-0.6408694
-0.6427228
-0.64798987
-0.648271
-0.6483143
-0.6479527
-0.6443652
-0.648183
-0.6413756
-0.63866055
-0.64105004
-0.64805925
-0.6544343
-0.6502949
-0.63946664
-0.6444242
-0.6494479
-0.6483164
-0.6466837
-0.6420598
-0.64175534
-0.6447008
-0.6452306
-0.64471257
-0.6393784
-0.64500207
-0.6481218
-0.6501795
-0.64554936
-0.6436516
-0.6428665
-0.651941
-0.6465257
-0.64562386
-0.6530733
-0.65236783
-0.6492534
-0.64316124
-0.6476841
-0.6445707
-0.6410446
-0.6425192
-0.6357373
-0.633022
-0.64398694
-0.65712076
-0.6486023
-0.6369895
-0.64774704
-0.64390945
-0.6399218
-0.6464527
-0.64865613
-0.6399061
-0.6444614
-0.6411216
-0.6432574
-0.6479288
-0.63889533
-0.6457554
-0.6442718
-0.6476148
-0.6441294
-0.6504057
-0.64767224
-0.65275043
-0.64530814
-0.6307861
-0.62998146
-0.6521474
-0.6402521
-0.64462
-0.64315546
-0.6485682
-0.6359505
-0.64765686
-0.651862
-0.64463717
-0.645259
-0.64191073
-0.64988613
-0.6487926
-0.64492816
-0.64482456
-0.64260626
-0.6358863
-0.6522659
-0.6469094
-0.6536478
-0.64805996
-0.6427901
-0.6543421
-0.64846724
-0.6487368
-0.6425407
-0.642929
-0.6469351
-0.6476107
-0.64607716
-0.6401395
-0.6433019
-0.63376343
-0.65363795
-0.6440274
-0.6387118
-0.64051205
-0.6451913
-0.6474664
-0.64319396
-0.6460934
-0.640144
-0.64360505
-0.6537431
-0.6491716
-0.64357865
-0.6418833
-0.6380501
-0.6524667
-0.64223784
-0.6428273
-0.64513844
-0.6484654
-0.635038
-0.6430014
-0.63852084
-0.6453757
-0.64739525
-0.6450332
-0.6377177
-0.6439214
-0.651429
-0.6444241
-0.6416928
-0.6464226
-0.65444195
-0.6430745
-0.6414844
-0.64736474
-0.6412494
-0.6418919
-0.6447064
-0.6522009
-0.6500704
-0.64063704
-0.64493394
-0.65192497
-0.63905036
-0.65068066
-0.64098173
-0.6441154
-0.64592195
-0.64050686
-0.63615304
-0.64874077
-0.64861476
-0.6564598
-0.646408
-0.64998794
-0.6526657
-0.63467216
-0.6416963
-0.6480985
-0.636665
-0.6476407
-0.6577095
-0.64341205
-0.6386152
-0.6375953
-0.63995147
-0.6443409
-0.6435117
-0.64505833
-0.6445313
-0.6448519
-0.6463975
-0.64394623
-0.64500993
-0.6393188
-0.64326507
-0.63422
-0.6436606
-0.6469759
-0.6452471
-0.6471971
-0.6464329
-0.6450159
-0.65082973
-0.6471743
-0.6477502
-0.6462005
-0.6346324
-0.65045196
-0.6435956
-0.6472979
-0.64245695
-0.64826596
-0.6375908
-0.64199847
-0.65387654
-0.639916
-0.6401484
-0.643022
-0.648218
-0.6236366
-0.651252
-0.6401005
-0.6468746
-0.6455074
-0.6453519
-0.6499839
-0.6347095
-0.65600127
-0.6407756
-0.6509024
-0.65099716
-0.64381987
-0.64621043
-0.6500801
-0.6426793
-0.6460002
-0.64791405
-0.649297
-0.6413646
-0.6557841
-0.64868945
-0.65150124
-0.6530304
-0.6389085
-0.646677
-0.6467389
-0.6493002
-0.64175886
-0.6504034
-0.64755994
-0.6405062
-0.644531
-0.6463529
-0.644901
-0.650128
-0.64499605
-0.64897805
-0.6483406
-0.64563566
-0.6558167
-0.6504754
-0.6437216
-0.6413821
-0.6414301
-0.64737344
-0.6438536
-0.63803494
-0.64743984
-0.64844424
-0.639759
-0.6398659
-0.64312375
-0.64797044
-0.6509515
-0.6454414
-0.6494912
-0.6451682
-0.64614034
-0.6472227
-0.6425822
-0.64416146
-0.63992333
-0.65150434
-0.6410309
-0.65066266
-0.6451658
-0.6505725
-0.64569086
-0.64772433
-0.6423232
-0.64699
-0.64813715
-0.6478925
-0.65322727
-0.6448174
-0.64291835
-0.63780206
-0.64330727
-0.6554406
-0.6543633
-0.64647645
-0.6453278
-0.64159364
-0.6475265
-0.6433266
-0.6488351
-0.6496826
-0.6434219
-0.6548793
-0.6387779
-0.6329575
-0.6544399
-0.6428413
-0.65297955
-0.6459625
-0.64783627
-0.6477896
-0.64368004
-0.6544055
-0.6317959
-0.64444536
-0.64726627
-0.6453148
-0.64458406
-0.6458465
-0.64855117
-0.6577051
-0.6466552
-0.6464699
-0.6524901
-0.65494204
-0.6409304
-0.6504675
-0.6417146
-0.64183086
-0.65255034
-0.65414935
-0.6447842
-0.6543304
-0.6476019
-0.65036845
-0.6449945
-0.65849
-0.6436455
-0.64606184
-0.66090953
-0.6358481
-0.6480064
-0.6463403
-0.63553774
-0.6465695
-0.6447267
-0.6475159
-0.6489797
-0.6388461
-0.6453061
-0.647772
-0.6387879
-0.6476961
-0.64839256
-0.63866454
-0.64967
-0.6544
-0.64774436
-0.6397181
-0.6456472
-0.64315903
-0.646881
-0.6439159
-0.64696795
-0.644557
-0.6437303
-0.65001124
-0.65220153
-0.64765996
-0.6424287
-0.6484506
-0.6407277
-0.64146847
-0.64460695
-0.63879174
-0.64437723
-0.6466851
-0.64826936
-0.6543614
-0.6550298
-0.6492015
-0.6436801
-0.64923805
-0.64951557
-0.6478617
-0.6482496
-0.64557165
-0.6418152
-0.64172745
-0.6501625
-0.6509743
-0.6443693
-0.65079385
-0.65205246
-0.6445564
-0.6439918
-0.64211756
-0.6439271
-0.64311177
-0.63981295
-0.6522912
-0.63998294
-0.64854825
-0.64696765
-0.6477781
-0.64803475
-0.6479361
-0.65168965
-0.6529699
-0.6386526
-0.6492607
-0.6538538
-0.65209556
-0.65360874
-0.6491024
-0.6545011
-0.64628416
-0.64531004
-0.6452863
-0.63751817
-0.6519988
-0.64481175
-0.64289796
-0.65108204
-0.6541497
-0.64703053
-0.6461444
-0.65505636
-0.6464631
-0.639796
-0.64135164
-0.65053034
-0.64768577
-0.6485939
-0.6444597
-0.64576596
-0.64141
-0.6484657
-0.6411843
-0.65530103
-0.6462115
-0.6425142
-0.6404499
-0.64766014
-0.6441609
-0.64529455
-0.6430589
-0.63871205
-0.6569068
-0.6514445
-0.6336373
-0.65276074
-0.64281195
-0.6459513
-0.64833933
-0.6492216
-0.6405854
-0.6443593
-0.6361238
-0.65395194
-0.6426362
-0.6468896
-0.65040094
-0.6521747
-0.650659
-0.6425214
-0.6555606
-0.65409136
-0.6560725
-0.65265757
-0.64920294
-0.6464213
-0.6520969
-0.6489311
-0.6418254
-0.6464288
-0.6534897
-0.6464445
-0.6412557
-0.6523501
-0.6545177
-0.6562166
-0.65389794
-0.6515351
-0.65452605
-0.6498098
-0.6448028
-0.6531688
-0.64209867
-0.6478768
-0.65515405
-0.6424245
-0.6465336
-0.65209687
-0.6430399
-0.6399673
-0.64974403
-0.6489373
-0.65325123
-0.64828455
-0.6505741
-0.6543626
-0.64353895
-0.645481
-0.6504438
-0.64317155
-0.6506997
-0.6385026
-0.6467236
-0.6500998
-0.6464872
-0.661646
-0.6547004
-0.6492829
-0.654381
-0.649943
-0.6486335
-0.65095294
-0.64020807
-0.65419
-0.6478543
-0.65289986
-0.646001
-0.647111
-0.65182
-0.6486976
-0.6551789
-0.64835787
-0.64731103
-0.6389149
-0.6476134
-0.652678
-0.6466169
-0.6529785
-0.6512691
-0.65046924
-0.65088236
-0.64793074
-0.64569855
-0.64477617
-0.64976424
-0.65015733
-0.6501778
-0.6551124
-0.65037555
-0.6444867
-0.64964825
-0.64894
-0.64270544
-0.65153027
-0.6429703
-0.6515588
-0.64246255
-0.648637
-0.64732146
-0.6574698
-0.65233994
-0.6452907
-0.6432742
-0.6464068
-0.6412036
-0.6467229
-0.63811255
-0.6411875
-0.64429605
-0.6527383
-0.649065
-0.64469147
-0.64955544
-0.6522683
-0.63750935
-0.6514072
-0.63854885
-0.650262
-0.6488874
-0.65134764
-0.6474484
-0.6483656
-0.6439692
-0.64824975
-0.6437809
-0.64625746
-0.6472516
-0.6458656
-0.6462785
-0.64455134
-0.6454281
-0.6456082
-0.6398339
-0.6500325
-0.64923304
-0.6415538
-0.64969367
-0.65071315
-0.6512931
-0.65590507
-0.65385884
-0.6528922
-0.6431869
-0.64821637
-0.6496259
-0.6477654
-0.645726
-0.65208805
-0.6486417
-0.6508484
-0.65032864
-0.658973
-0.64581364
-0.648458
-0.64872235
-0.6499788
-0.651026
-0.64695996
-0.64960766
-0.652448
-0.6571938
-0.6482707
-0.6495409
-0.6503248
-0.6477778
-0.64874995
-0.6512414
-0.6670081
-0.6566643
-0.6505963
-0.647883
-0.65762544
-0.65108573
-0.65247667
-0.64401066
-0.6415177
-0.6485618
-0.64024985
-0.6492464
-0.6470023
-0.64243305
-0.6566621
-0.6459183
-0.6532129
-0.65272504
-0.6437302
-0.6525967
-0.64643204
-0.65398574
-0.65364575
-0.6427364
-0.64396435
-0.65114164
-0.65534115
-0.6540186
-0.6511359
-0.6468198
-0.6396958
-0.64983034
-0.6438435
-0.647529
-0.6464198
-0.6505303
-0.6513315
-0.64611405
-0.6474267
-0.64668125
-0.6492278
-0.64078593
-0.6430738
-0.6527797
-0.65749323
-0.6401768
-0.6490602
-0.6440225
-0.6477488
-0.6508316
-0.65215313
-0.6509182
-0.64860094
-0.64567196
-0.6479223
-0.65025496
-0.652336
-0.6504729
-0.6425334
-0.6513258
-0.662904
-0.64750946
-0.6526067
-0.64679366
-0.64598674
-0.6542661
-0.6527344
-0.64637643
-0.6434121
-0.65111166
-0.6513882
-0.6539077
-0.64781445
-0.6467864
-0.65470266
-0.64644015
-0.65252525
-0.6481348
-0.6505767
-0.6442277
-0.6500452
-0.64585984
-0.6439901
-0.64003867
-0.64660805
-0.65066254
-0.65527743
-0.6499019
-0.648835
-0.6528582
-0.65460277
-0.6465882
-0.64378303
-0.6504463
-0.64890575
-0.65236264
-0.6475516
-0.65773296
-0.64767945
-0.6583406
-0.64640975
-0.6472635
-0.64933103
-0.64946574
-0.6525499
-0.64885926
-0.6433457
-0.64706385
-0.6518483
-0.64201254
-0.6524552
-0.64947265
-0.6417248
-0.64213216
-0.64500725
-0.6451582
-0.6580005
-0.65237916
-0.6507879
-0.6436524
-0.6390522
-0.64640903
-0.6439656
-0.6448596
-0.6413145
-0.64600563
-0.6463296
-0.6508928
-0.65562224
-0.64304596
-0.6461986
-0.6510007
-0.6368341
-0.64244515
-0.6441102
-0.64862937
-0.6478523
-0.6438815
-0.6455921
-0.65548694
-0.6523032
-0.6425549
-0.6505367
-0.65279025
-0.6532488
-0.6460608
-0.6395218
-0.6463768
-0.64412284
-0.6469361
-0.6494146
-0.6513039
-0.6617926
-0.6476254
-0.6526618
-0.64987326
-0.6417128
-0.64582187
-0.6404168
-0.6497304
-0.6486408
-0.6440247
-0.6491749
-0.64833385
-0.6496288
-0.65429157
-0.6466499
-0.6545905
-0.65063065
-0.6535171
-0.6496013
-0.6494773
-0.65972567
-0.64362097
-0.6512533
-0.64155483
-0.64599097
-0.6542392
-0.64780706
-0.646952
-0.6535932
-0.65068585
-0.6447827
-0.647483
-0.6476705
-0.6511004
-0.652833
-0.6460055
-0.65021974
-0.6528841
-0.64781946
-0.6422052
-0.6583175
-0.6478167
-0.64816225
-0.65210336
-0.64368796
-0.65100354
-0.6567479
-0.6499735
-0.6532468
-0.652671
-0.65559894
-0.652792
-0.6536854
-0.6512896
-0.64359254
-0.648376
-0.6525837
-0.6476804
-0.65690356
-0.64648175
-0.65064454
-0.6487826
-0.6473877
-0.6461859
-0.65634876
-0.6443883
-0.64523005
-0.64949155
-0.6563246
-0.65219647
-0.65422535
-0.64963835
-0.64835757
-0.64570403
-0.6426523
-0.6441398
-0.6398724
-0.6476686
-0.6446341
-0.6443144
-0.64398384
-0.65050685
-0.6513222
-0.64799315
-0.6537921
-0.65856737
-0.64637446
-0.65197134
-0.6514688
-0.64677423
-0.6535041
-0.64546037
-0.6534395
-0.65133077
-0.64812356
-0.6568881
-0.6528288
-0.6499771
-0.6511009
-0.65556985
-0.6436753
-0.6480778
-0.6490035
-0.6451076
-0.64949834
-0.65554994
-0.6561957
-0.6520475
-0.6553713
-0.6476445
-0.646947
-0.64212394
-0.6509917
-0.65504634
-0.65259624
-0.65892094
-0.6505968
-0.6547618
-0.6515376
-0.6463144
-0.65268016
-0.65174425
-0.65071934
-0.6516732
-0.65532213
-0.65490144
-0.64598554
-0.65715617
-0.64983475
-0.6481593
-0.6473734
-0.64831924
-0.6495943
-0.651552
-0.6563938
-0.6514863
-0.64806986
-0.6571544
-0.6435933
-0.64833254
-0.65493923
-0.6473902
-0.65167063
-0.65923893
-0.64445007
-0.6425275
-0.6491455
-0.65024275
-0.6469288
-0.64400434
-0.65339553
-0.65478593
-0.64677227
-0.64832044
-0.6423666
-0.65713084
-0.66062355
-0.6543578
-0.6499186
-0.6563728
-0.6447075
-0.65178376
-0.64503473
-0.6456813
-0.6535689
-0.65154195
-0.65322214
-0.6486249
-0.6571235
-0.64772856
-0.64987725
-0.642725
-0.6558566
-0.65016955
-0.65404665
-0.6551222
-0.6491004
-0.65484214
-0.64737904
-0.6460524
-0.6467286
-0.6481371
-0.63950473
-0.64700764
-0.656714
-0.6542705
-0.64560604
-0.65755326
-0.648415
-0.6523785
-0.64574873
-0.6528669
-0.64405996
-0.65010554
-0.650479
-0.6502868
-0.6535102
-0.64972085
-0.6463403
-0.6549778
-0.65042275
-0.6532358
-0.65110344
-0.6459233
-0.6477465
-0.65517426
-0.64793336
-0.6489169
-0.6517493
-0.6491148
-0.64266115
-0.65463257
