-0.68617356
-0.7173614
-0.7396143
-0.76525503
-0.7894741
-0.8053047
-0.8210907
-0.8363007
-0.8436797
-0.85111415
-0.85285264
-0.859128
-0.8619017
-0.8686569
-0.8700751
-0.87568784
-0.8757724
-0.8809715
-0.8844472
-0.888929
-0.8884169
-0.8905293
-0.89280826
-0.89596915
-0.89680713
-0.9014237
-0.9024464
-0.90452856
-0.90503883
-0.90474665
-0.9100541
-0.9107505
-0.9102834
-0.9118436
-0.9128779
-0.91186774
-0.91420496
-0.9150219
-0.9156272
-0.91752815
-0.9195815
-0.91841525
-0.9192943
-0.9215954
-0.922674
-0.92347383
-0.9209569
-0.924646
-0.92527544
-0.92654073
-0.9273167
-0.92791265
-0.9288578
-0.9303813
-0.93115914
-0.93214655
-0.9314895
-0.9328787
-0.9328482
-0.93470967
-0.93432593
-0.9351136
-0.93498856
-0.9371557
-0.9378554
-0.935632
-0.93608564
-0.93873876
-0.9397238
-0.9396603
-0.93744326
-0.9389415
-0.9388535
-0.9417743
-0.9416451
-0.9421945
-0.9406606
-0.94198465
-0.94369006
-0.94217634
-0.9416635
-0.94266677
-0.94386405
-0.94308114
-0.94220626
-0.9448488
-0.94454247
-0.94384754
-0.94526315
-0.9446361
-0.94400007
-0.9455055
-0.9435136
-0.94583786
-0.94567895
-0.94617414
-0.94642085
-0.9469362
-0.9468097
-0.9449569
-0.9466974
-0.94630736
-0.94547564
-0.9456967
-0.94683784
-0.9473819
-0.94555116
-0.94633025
-0.94782996
-0.9477132
-0.94655323
-0.94645363
-0.9444304
-0.94667614
-0.9474542
-0.9482248
-0.9466048
-0.94816655
-0.9477959
-0.94725126
-0.9485222
-0.94913954
-0.94790477
-0.9484894
-0.94829124
-0.94913644
-0.95022726
-0.9512455
-0.949867
-0.95112246
-0.95056856
-0.9511334
-0.9499128
-0.95182276
-0.9500992
-0.9512755
-0.95087594
-0.95021546
-0.9511094
-0.95191365
-0.9508971
-0.95181113
-0.9513315
-0.9516937
-0.9523477
-0.9502226
-0.9514193
-0.9519926
-0.9483581
-0.94702506
-0.9490628
-0.9495852
-0.9498647
-0.9485663
-0.9492739
-0.94962496
-0.9489519
-0.9464608
-0.947242
-0.9506433
-0.9497922
-0.95067924
-0.9495122
-0.9503954
-0.9509663
-0.9514348
-0.9504344
-0.9513606
-0.9513574
-0.95017457
-0.95173484
-0.950532
-0.9507559
-0.9504819
-0.95252633
-0.95146173
-0.95177287
-0.9528217
-0.95217866
-0.9527537
-0.9531308
-0.9524383
-0.95362306
-0.9532209
-0.95280695
-0.9533765
-0.9533118
-0.9534603
-0.95189786
-0.9527445
-0.95253074
-0.9539704
-0.95315087
-0.9538882
-0.9541763
-0.9527759
-0.9533985
-0.9539285
-0.9513814
-0.9519674
-0.95462346
-0.9531856
-0.9534818
-0.9536471
-0.9543097
-0.9547391
-0.9552916
-0.95458436
-0.9551056
-0.95519143
-0.9546051
-0.9543704
-0.9540038
-0.95422715
-0.9553068
-0.9537312
-0.9544636
-0.9555496
-0.9546493
-0.95478636
-0.9543724
-0.9542602
-0.95532906
-0.95647943
-0.95475
-0.9555808
-0.95454043
-0.9552765
-0.9553622
-0.9558548
-0.9545702
-0.9557401
-0.9552602
-0.95501333
-0.9547659
-0.9570192
-0.95711344
-0.95467305
-0.9540879
-0.95576924
-0.9559708
-0.95524603
-0.95499444
-0.9556712
-0.95428395
-0.95477086
-0.95507616
-0.955089
-0.95473564
-0.9562215
-0.9561819
-0.9551296
-0.95206445
-0.9498888
-0.9505315
-0.9491538
-0.9512285
-0.9498758
-0.9491978
-0.95084435
-0.9515737
-0.9511354
-0.94959927
-0.95090795
-0.9507668
-0.9511369
-0.9520801
-0.9514001
-0.95118594
-0.95233536
-0.9518712
-0.9519735
-0.95047843
-0.9523717
-0.9516398
-0.9515111
-0.95243144
-0.9522667
-0.9537326
-0.95347214
-0.95294195
-0.952795
-0.95410126
-0.9528382
-0.95466655
-0.95340025
-0.95380783
-0.9524251
-0.95382804
-0.95418555
-0.954421
-0.9550139
-0.95355034
-0.95426154
-0.9541248
-0.9542661
-0.9544284
-0.954431
-0.95566875
-0.95420176
-0.9560662
-0.95509166
-0.9556225
-0.95501244
-0.95454687
-0.9540616
-0.9541613
-0.9548142
-0.95450294
-0.95590967
-0.9560942
-0.95521677
-0.9553483
-0.95504165
-0.9559696
-0.9541827
-0.95604163
-0.9547106
-0.9551822
-0.9557643
-0.9570435
-0.9559968
-0.9568303
-0.9559918
-0.9566626
-0.95602995
-0.95632493
-0.9553321
-0.9561015
-0.95542794
-0.95549
-0.95608115
-0.95572734
-0.9558727
-0.9573659
-0.95625705
-0.95429856
-0.9560762
-0.95742536
-0.9556472
-0.9568796
-0.95784557
-0.956606
-0.9550288
-0.954977
-0.9552121
-0.9556213
-0.95591044
-0.9554236
-0.9554754
-0.95529085
-0.9560155
-0.9552833
-0.9564313
-0.95639783
-0.95652115
-0.9554239
-0.9557577
-0.95557535
-0.95537573
-0.95497346
-0.95550215
-0.95637125
-0.95712113
-0.95533
-0.95628065
-0.957117
-0.95500404
-0.9567969
-0.95555
-0.9559495
-0.95708156
-0.95627356
-0.95631033
-0.95700306
-0.95806485
-0.95646447
-0.95658326
-0.95703626
-0.9570402
-0.9567175
-0.95623887
-0.95705104
-0.9557223
-0.9554645
-0.9562254
-0.95771134
-0.95604485
-0.95630014
-0.9566398
-0.9563881
-0.95608884
-0.95585907
-0.95662344
-0.9560215
-0.95547724
-0.95653
-0.9558334
-0.95671004
-0.9555132
-0.9566022
-0.95581853
-0.95603245
-0.95575804
-0.9566589
-0.9556628
-0.9568336
-0.95773643
-0.9559964
-0.9567597
-0.9580212
-0.95744073
-0.95710015
-0.9580435
-0.95563257
-0.95643544
-0.95712703
-0.9576397
-0.9581912
-0.958067
-0.9571637
-0.9573171
-0.95825976
-0.95670664
-0.95683783
-0.95841587
-0.95571053
-0.9576304
-0.9568709
-0.95817804
-0.95606506
-0.9568628
-0.956934
-0.95846945
-0.95784545
-0.95830667
-0.95792484
-0.9569461
-0.9574255
-0.95842403
-0.9585162
-0.95830756
-0.958699
-0.95909
-0.95874023
-0.95764464
-0.958777
-0.95844764
-0.95912397
-0.95966613
-0.9597659
-0.9588567
-0.9588096
-0.9587196
-0.95799255
-0.9589903
-0.9586791
-0.95821303
-0.9581138
-0.9580732
-0.95858926
-0.95812726
-0.9587213
-0.96042
-0.9592181
-0.95904887
-0.95756876
-0.95856667
-0.9588695
-0.9593881
-0.958223
-0.95875925
-0.95934707
-0.9585644
-0.95889133
-0.9590983
-0.9596298
-0.9590823
-0.9594667
-0.9588869
-0.9590744
-0.9579012
-0.959248
-0.95891774
-0.9595561
-0.95854706
-0.95880014
-0.95869076
-0.9584745
-0.9576083
-0.95973796
-0.9582975
-0.9576109
-0.96004546
-0.9585531
-0.95913345
-0.9597796
-0.95799804
-0.95911676
-0.9577458
-0.9574126
-0.9593076
-0.95949787
-0.9576388
-0.95904064
-0.9602854
-0.9583103
-0.95937085
-0.9584945
-0.95890665
-0.95931995
-0.95991427
-0.95837957
-0.96025366
-0.95883447
-0.9582116
-0.95981634
-0.9604462
-0.9591879
-0.9588068
-0.95952576
-0.96069527
-0.9596255
-0.957618
-0.95903
-0.9582587
-0.95871747
-0.9592701
-0.95947194
-0.9599676
-0.9598235
-0.9589952
-0.959308
-0.95883346
-0.96011126
-0.9587842
-0.9579507
-0.95858085
-0.95957524
-0.95961577
-0.95996124
-0.95964307
-0.9592099
-0.95724094
-0.95994896
-0.9590887
-0.9596505
-0.95961213
-0.9597687
-0.95949745
-0.96051645
-0.9602744
-0.9599828
-0.95996374
-0.9602779
-0.961144
-0.9602303
-0.96018463
-0.9599806
-0.9593371
-0.9603993
-0.959852
-0.95948386
-0.9599775
-0.9606625
-0.9608025
-0.96038496
-0.9603066
-0.9597459
-0.9597342
-0.9605541
-0.9599233
-0.959864
-0.9600614
-0.9594319
-0.9601574
-0.959408
-0.9590701
-0.95824695
-0.95934856
-0.9592412
-0.9587212
-0.95768315
-0.9582127
-0.9586578
-0.9589094
-0.9576184
-0.95942575
-0.95948625
-0.9586554
-0.9572525
-0.9592019
-0.9596255
-0.9591854
-0.95867944
-0.96020436
-0.9597418
-0.95919997
-0.95938194
-0.95960104
-0.9599676
-0.9599637
-0.9592508
-0.9601608
-0.9594205
-0.9600121
-0.95938843
-0.9593031
-0.96041036
-0.96064675
-0.9584142
-0.95903236
-0.959391
-0.9597472
-0.9589284
-0.960399
-0.95838743
-0.95767224
-0.9597233
-0.9589924
-0.9574956
-0.95989823
-0.95999205
-0.9603333
-0.9598947
-0.95840365
-0.95987386
-0.96073985
-0.96044326
-0.9589974
-0.9587606
-0.9584711
-0.9593813
-0.959941
-0.96097875
-0.95941556
-0.96022594
-0.96005666
-0.95954484
-0.9611733
-0.9606702
-0.9618955
-0.95985895
-0.959657
-0.9600595
-0.95986795
-0.9615975
-0.9612048
-0.9616837
-0.9605575
-0.9613441
-0.95949346
-0.96086645
-0.9600743
-0.9608165
-0.95952076
-0.95958537
-0.96034616
-0.9594519
-0.95959336
-0.95871943
-0.96048874
-0.95701605
-0.9553077
-0.95554477
-0.95497453
-0.95137334
-0.9566284
-0.95970017
-0.95826936
-0.95891416
-0.958293
-0.95907927
-0.95875454
-0.9581751
-0.959241
-0.9597483
-0.96050656
-0.9585033
-0.9576412
-0.95898825
-0.95879966
-0.9581251
-0.9571746
-0.9577797
-0.95984703
-0.9579362
-0.9580114
-0.95767677
-0.95879537
-0.9585774
-0.9581361
-0.95838624
-0.9574611
-0.9597347
-0.95915353
-0.9586662
-0.9590176
-0.958516
-0.9592794
-0.9589904
-0.9597565
-0.9599875
-0.9585205
-0.9585519
-0.95923257
-0.95892596
-0.9594405
-0.96020985
-0.95982045
-0.9606894
-0.9596447
-0.96020555
-0.95981747
-0.9607455
-0.95992345
-0.9602616
-0.95978695
-0.95962125
-0.9583677
-0.95884204
-0.9593188
-0.9603385
-0.9582429
-0.9597179
-0.9601247
-0.95922655
-0.958993
-0.9598997
-0.9594451
-0.9589254
-0.9597288
-0.9594977
-0.9584633
-0.95959246
-0.9586856
-0.95785934
-0.9580314
-0.9579203
-0.95346767
-0.95530707
-0.95817864
-0.9578922
-0.9546773
-0.95479554
-0.9569352
-0.9576744
-0.9536076
-0.9546877
-0.956994
-0.9575966
-0.9560499
-0.95675606
-0.9580016
-0.9572747
-0.95733273
-0.95795536
-0.9583123
-0.9586577
-0.9582309
-0.9594526
-0.95851636
-0.9605677
-0.9592664
-0.95864916
-0.95952266
-0.9599136
-0.95872897
-0.9588028
-0.95809186
-0.959476
-0.95758235
-0.95765966
-0.9567027
-0.9588151
-0.95894617
-0.95778877
-0.95736396
-0.9571275
-0.9589039
-0.9601181
-0.95898485
-0.95841336
-0.96011347
-0.95970744
-0.95969677
-0.959363
-0.9577865
-0.95913494
-0.96037596
-0.96060944
-0.959913
-0.95956004
-0.9594214
-0.9600868
-0.95912343
-0.96149427
-0.9598832
-0.95993197
-0.9606882
-0.9587395
-0.95869136
-0.95808697
-0.9598103
-0.9594903
-0.96005195
-0.9594535
-0.96035
-0.9600951
-0.95952684
-0.95734435
-0.959938
-0.95949787
-0.9583189
-0.9594209
-0.96009654
-0.96022487
-0.9580631
-0.95994246
-0.9602937
-0.96041656
-0.9598419
-0.95952827
-0.95909375
-0.9599563
-0.95845586
-0.9595673
-0.9602633
-0.9599269
-0.960315
-0.95922416
-0.9604405
-0.96007574
-0.9594651
-0.9592072
-0.9588365
-0.95893145
-0.95908654
-0.9584969
-0.95950246
-0.95702344
-0.96020097
-0.9587533
-0.9589408
-0.9590518
-0.9595662
-0.95965314
-0.9588181
-0.9598697
-0.9598281
-0.96082056
-0.9608785
-0.960035
-0.9606114
-0.9611241
-0.9600315
-0.9604971
-0.95978653
-0.95943934
-0.961642
-0.9614942
-0.9609555
-0.96046376
-0.9608015
-0.96025825
-0.9598781
-0.95884836
-0.9599106
-0.9613823
-0.9588431
-0.96092045
-0.9605116
-0.9609827
-0.9607202
-0.95986307
-0.9597404
-0.9607211
-0.9613125
-0.9604611
-0.9609145
-0.95999926
-0.96069986
-0.95989865
-0.9598914
-0.9603491
-0.96093374
-0.9599184
-0.96014726
-0.96126276
-0.96092564
-0.95975536
-0.96027386
-0.9611184
-0.9598821
-0.9602815
-0.9605922
-0.95997673
-0.9597729
-0.96013623
-0.9597428
-0.95944303
-0.9598634
-0.9605074
-0.9591938
-0.96090204
-0.9600841
-0.9605366
-0.96003354
-0.9608346
-0.9602463
-0.96042156
-0.9610367
-0.95928687
-0.960778
-0.9614681
-0.9599277
-0.9595463
-0.96020675
-0.9602641
-0.9599149
-0.9601921
-0.95936006
-0.96103066
-0.96093357
-0.9597092
-0.96009564
-0.9614177
-0.96103907
-0.9612386
-0.9610403
-0.96061665
-0.9614474
-0.9606236
-0.961747
-0.96135926
-0.96206534
-0.96067435
-0.9603538
-0.9611604
-0.9625868
-0.96067977
-0.9615595
-0.9608765
-0.9613226
-0.96025115
-0.96088403
-0.9604844
-0.96048695
-0.9601244
-0.9599219
-0.9603877
-0.9604381
-0.96085
-0.9612315
-0.96159804
-0.961567
-0.96107316
-0.9614562
-0.9606608
-0.95878464
-0.9610123
-0.9607019
-0.96111107
-0.96109295
-0.9600568
-0.96052796
-0.9611493
-0.9609666
-0.96140075
-0.959655
-0.96089685
-0.9602652
-0.9614801
-0.96100634
-0.960123
-0.96088547
-0.9604324
-0.9594722
-0.9611753
-0.96052426
-0.9602609
-0.9609039
-0.96084267
-0.961077
-0.96114105
-0.9606428
-0.9601063
-0.9600572
-0.96060175
-0.9617874
-0.9598787
-0.9615026
-0.9619004
-0.9598662
-0.9603087
-0.96063536
-0.96089095
-0.96075857
-0.9612475
-0.96186167
-0.96129304
-0.9606748
-0.96035445
-0.96119636
-0.96068066
-0.9602367
-0.9600957
-0.96179914
-0.96090084
-0.9615723
-0.9615056
-0.9613412
-0.96047926
-0.95961684
-0.96155894
-0.9618919
-0.9605973
-0.9614048
-0.9602108
-0.9602971
-0.9609615
-0.96104825
-0.96133304
-0.96007425
-0.9609786
-0.9611302
-0.96100295
-0.9609769
-0.96065986
-0.9599521
-0.96117896
-0.96155155
-0.96045226
-0.96098524
-0.9609134
-0.96107566
-0.9608132
-0.9588694
-0.9616624
-0.9595305
-0.9583344
-0.9601785
-0.9606955
-0.95787907
-0.95803064
-0.9614597
-0.9586725
-0.95683026
-0.95964116
-0.9601198
-0.9587212
-0.9598553
-0.95984805
-0.95938545
-0.96005756
-0.9600175
-0.95837456
-0.9583421
-0.95849687
-0.9589851
-0.95932984
-0.9593744
-0.9593564
-0.95983255
-0.9588979
-0.9585291
-0.9599365
-0.95924413
-0.959749
-0.95920557
-0.9606788
-0.9597022
-0.9602616
-0.96053815
-0.96076965
-0.96008694
-0.96028084
-0.9605335
-0.9597586
-0.9615368
-0.96139497
-0.9604962
-0.96025866
-0.9601873
-0.9617453
-0.9607129
-0.9604385
-0.9602761
-0.9614346
-0.959356
-0.9608324
-0.95671314
-0.95960104
-0.9600116
-0.96072125
-0.95876527
-0.96048045
-0.9609971
-0.9591093
-0.95950794
-0.960958
-0.9588979
-0.9601288
-0.9596352
-0.9610139
-0.9596347
-0.95949167
-0.9600369
-0.9605649
-0.9597631
-0.95890546
-0.9606062
-0.960117
-0.9596268
-0.95939684
-0.9591048
-0.9612233
-0.9610702
-0.9600023
-0.95984656
-0.9610236
-0.96057224
-0.95900744
-0.95910394
-0.9608814
-0.96177214
-0.95956945
-0.960246
-0.9610163
-0.9608172
-0.9603089
-0.960418
-0.9607089
-0.96002984
-0.96085066
-0.9610446
-0.96059567
-0.9598257
-0.9600054
-0.9608546
-0.96143043
-0.9609923
-0.9602835
-0.9603501
-0.96075237
-0.9616853
-0.96167535
-0.96096075
-0.9611839
-0.96171653
-0.96145296
-0.96017355
-0.9595142
-0.961634
-0.9609049
-0.96137977
-0.95938593
-0.9624003
-0.96023285
-0.9614266
-0.9624264
-0.9617752
-0.9614233
-0.961946
-0.96077037
-0.9623946
-0.9624059
-0.9612864
-0.96151984
-0.9622739
-0.96241724
-0.960703
-0.9611813
-0.96087253
-0.9607919
-0.96061754
-0.9608445
-0.96070576
-0.96111375
-0.9612971
-0.96094817
-0.9606486
-0.9612808
-0.96163857
-0.96150786
-0.96155494
-0.961268
-0.9613901
-0.9612505
-0.9616444
-0.9611598
-0.961156
-0.96060014
-0.9607285
-0.9616447
-0.9619233
-0.9620035
-0.9623411
-0.96196866
-0.9625096
-0.9606894
-0.96159047
-0.9600651
-0.96255976
-0.9606665
-0.96075034
-0.96317255
-0.9619318
-0.9625474
-0.9622916
-0.9618578
-0.96133745
-0.9624795
-0.9619079
-0.9618732
-0.962374
-0.9610145
-0.96127737
-0.9632546
-0.96006006
-0.96093404
-0.9616833
-0.9619139
-0.96154606
-0.96235454
-0.96193254
-0.96192795
-0.9628191
-0.9614692
-0.96055436
-0.96053135
-0.96118814
-0.9627317
-0.9622654
-0.9635369
-0.96098465
-0.9617976
-0.9616722
-0.9625533
-0.9620792
-0.960843
-0.96159226
-0.9605505
-0.96076584
-0.96099555
-0.96137196
-0.96256596
-0.96106684
-0.9610262
-0.96283036
-0.9621963
-0.9626099
-0.9618055
-0.96142644
-0.96208227
-0.9608046
-0.96195626
-0.96226364
-0.9616123
-0.96221364
-0.9606247
-0.96092963
-0.9621241
-0.9619915
-0.9617375
-0.96206105
-0.96177924
-0.96064454
-0.9614308
-0.96226186
-0.96177673
-0.96083164
-0.9593695
-0.9599572
-0.9615622
-0.96160024
-0.9612313
-0.96120465
-0.96198857
-0.96011984
-0.961326
-0.96275955
-0.9607595
-0.96100974
-0.962251
-0.96097976
-0.9606
-0.9609095
-0.96103954
-0.9620413
-0.9617721
-0.961757
-0.9617528
-0.9605309
-0.96195126
-0.9612752
-0.96111363
-0.9612127
-0.9612737
-0.96080124
-0.9600462
-0.9590759
-0.96158785
-0.96217257
-0.96031904
-0.96054214
-0.9625745
-0.96087164
-0.9617084
-0.96171236
-0.9610101
-0.9610972
-0.9611586
-0.96175086
-0.9609148
-0.96180415
-0.96209663
-0.9611937
-0.9613956
-0.96156263
-0.96202755
-0.9617396
-0.96118957
-0.9621922
-0.9621066
-0.96109486
-0.9614417
-0.9620259
-0.9626709
-0.96058065
-0.96223944
-0.96315056
-0.96119136
-0.96156603
-0.9616329
-0.9609198
-0.96265644
-0.9607666
-0.9613917
-0.9614151
-0.961585
-0.961326
-0.9618906
-0.96175903
-0.96175283
-0.9621412
-0.96205103
-0.9624636
-0.9611988
-0.9617906
-0.9622159
-0.96230835
-0.96242434
-0.961762
-0.9605102
-0.962941
-0.96204823
-0.96275204
-0.9617651
-0.96156675
-0.9616376
-0.9618943
-0.962714
-0.9625292
-0.9617354
-0.9615094
-0.9620877
-0.9609568
-0.96131766
-0.9613296
-0.9619455
-0.96110326
-0.96007276
-0.96202344
-0.96157676
-0.9623321
-0.96153975
-0.96108764
-0.96072745
-0.9607367
-0.9616747
-0.9621547
-0.9619141
-0.96078455
-0.96110207
-0.9613606
-0.9618364
-0.96182066
-0.9609106
-0.96190286
-0.9592689
-0.9599335
-0.96269524
-0.9610213
-0.96217567
-0.96216375
-0.9619624
-0.9632953
-0.96109605
-0.96175706
-0.9614493
-0.96098125
-0.9614313
-0.9605736
-0.96129113
-0.96175694
-0.9623483
-0.96094847
-0.9608994
-0.9615904
-0.96186674
-0.96049863
-0.9612352
-0.9621804
-0.96155614
-0.96107095
-0.9614932
-0.96166974
-0.9612721
-0.96155196
-0.96300495
-0.9614124
-0.96256953
-0.96157956
-0.96285844
-0.961336
-0.96072614
-0.9614339
-0.9622666
-0.96116966
-0.9612673
-0.96165246
-0.9617958
-0.96143264
-0.961791
-0.96062595
-0.9608224
-0.9605639
-0.96057284
-0.9613838
-0.96126205
-0.9624442
-0.95967495
-0.9611722
-0.96172535
-0.9608631
-0.96089166
-0.96098703
-0.96237206
-0.9609277
-0.96118283
-0.96202654
-0.96290624
-0.96249026
-0.96189415
-0.9627238
-0.96077704
-0.961876
-0.96192837
-0.9622083
-0.96233094
-0.9626893
-0.9611421
-0.9603148
-0.95901924
-0.96055156
-0.9622751
-0.96138114
-0.96174866
-0.9621309
-0.96197945
-0.9601848
-0.9601747
-0.9621667
-0.9605268
-0.95825034
-0.9585349
-0.960263
-0.9613313
-0.9603674
-0.9581067
-0.96017057
-0.96155703
-0.96140957
-0.96137524
-0.9613526
-0.9608572
-0.9609479
-0.96104074
-0.9603374
-0.962542
-0.962668
-0.96165866
-0.9593166
-0.9603632
-0.961435
-0.96035606
-0.9595206
-0.9613055
-0.9618877
-0.95939595
-0.96204424
-0.96085024
-0.9607145
-0.9618844
-0.9606632
-0.9623151
-0.9613178
-0.95971376
-0.96220374
-0.9624116
-0.9618166
-0.9622182
-0.9621492
-0.9620641
-0.9615049
-0.9622347
-0.96246326
-0.96148854
-0.9617289
-0.9618493
-0.9617403
-0.96184117
-0.9620281
-0.96200514
-0.96218926
-0.96105444
-0.9615938
-0.9611913
-0.96131516
-0.96147835
-0.96167284
-0.96211106
-0.9624091
-0.96117204
-0.9622685
-0.9633291
-0.9639005
-0.96224904
-0.9618159
-0.9618249
-0.9620041
-0.96112907
-0.9634404
-0.96158755
-0.96173924
-0.96200556
-0.96169
-0.9621534
-0.9618436
-0.96163815
-0.96109945
-0.96043396
-0.9618862
-0.9618863
-0.96130806
-0.96092755
-0.9612709
-0.96192557
-0.96172225
-0.9618602
-0.9598272
-0.9619326
-0.96183324
-0.96020806
-0.96084017
-0.9622506
-0.9614429
-0.9607847
-0.9608738
-0.961674
-0.96131986
-0.9607897
-0.9608505
-0.96232194
-0.9620629
-0.9610901
-0.96087784
-0.96204084
-0.9622389
-0.96140796
-0.96108377
-0.9603909
-0.9620137
-0.9616763
-0.96079427
-0.96083945
-0.96053547
-0.96108127
-0.96099
-0.9591653
-0.9577598
-0.95891464
-0.96030253
-0.9609542
-0.9602577
-0.95955604
-0.96173126
-0.96167547
-0.961053
-0.9596792
-0.9612776
-0.9605888
-0.9600643
-0.9599426
-0.960193
-0.9622788
-0.9610537
-0.9606293
-0.96043384
-0.961102
-0.9619545
-0.961718
-0.960962
-0.96180445
-0.9613409
-0.96113694
-0.9618633
-0.9616873
-0.9604754
-0.9613286
-0.96183723
-0.9595667
-0.9591193
-0.95949256
-0.9614039
-0.96030426
-0.9602641
-0.961511
-0.96160686
-0.961744
-0.9615832
-0.96025157
-0.9617075
-0.9626898
-0.96152383
-0.9619157
-0.9620608
-0.9613555
-0.9597691
-0.96173024
-0.96202904
-0.961217
-0.96205926
-0.9613608
-0.9627195
-0.96064043
-0.9608321
-0.96184415
-0.9623898
-0.96132755
-0.96223
-0.9625895
-0.96139807
-0.9610212
-0.96289515
-0.9610646
-0.96210223
-0.96219826
-0.9611771
-0.96136665
-0.9622625
-0.96140987
-0.9621148
-0.9618774
-0.9619332
-0.96123797
-0.96131027
-0.9616418
-0.961415
-0.96213806
-0.9628081
-0.9620906
-0.96274686
-0.96295935
-0.96161103
-0.9619159
-0.9618634
-0.96030027
-0.96238923
-0.96263397
-0.9623602
-0.9611354
-0.9623397
-0.9613826
-0.96172744
-0.96152383
-0.96340096
-0.96147996
-0.96300834
-0.96173066
-0.9613335
-0.96203846
-0.96197724
-0.9613482
-0.9610407
-0.9623955
-0.962013
-0.96320975
-0.96161294
-0.960969
-0.9608862
-0.9604984
-0.96032715
-0.9596881
-0.95931894
-0.9612549
-0.9607111
-0.9608679
-0.96070576
-0.96075374
-0.96030694
-0.96083987
-0.9612472
-0.9612095
-0.9603395
-0.96005124
-0.96036935
-0.9618625
-0.9597152
-0.9593648
-0.9610092
-0.9609248
-0.96139413
-0.9606062
-0.9625037
-0.9623062
-0.95956445
-0.9604906
-0.9616657
-0.9610569
-0.96122116
-0.961675
-0.96211344
-0.9615596
-0.961329
-0.96086943
-0.9610264
-0.9609692
-0.9610393
-0.9606003
-0.9609498
-0.96181047
-0.9612561
-0.9616755
-0.9604947
-0.95938873
-0.960412
-0.9603564
-0.96132165
-0.9588804
-0.95896673
-0.9602724
-0.96118295
-0.95980644
-0.9600975
-0.9597769
-0.96106637
-0.96081847
-0.96079934
-0.9609145
-0.96102786
-0.9603526
-0.95993215
-0.9600508
-0.9603652
-0.96066535
-0.9619214
-0.9619171
-0.96203923
-0.96148425
-0.9616929
-0.96128225
-0.96170145
-0.9625024
-0.9622769
-0.9621423
-0.9620632
-0.96224433
-0.96114594
-0.9609176
-0.96108514
-0.96166086
-0.96150255
-0.96236277
-0.9624976
-0.96058416
-0.96219474
-0.9617807
-0.9616437
-0.9625889
-0.9623098
-0.96165794
-0.9633033
-0.96186614
-0.9618724
-0.9625671
-0.96167207
-0.96285963
-0.9631495
-0.96209764
-0.96270394
-0.962054
-0.96109384
-0.96133274
-0.9625408
-0.9625028
-0.9614998
-0.9624399
-0.96229434
-0.9596948
-0.9614062
-0.9626974
-0.96206766
-0.9610861
-0.96129286
-0.96201736
-0.96175295
-0.9626758
-0.96203464
-0.9618607
-0.9619239
-0.9631279
-0.9621099
-0.96255606
-0.96293837
-0.9614859
-0.96191883
-0.962241
-0.9618002
-0.9621065
-0.9621358
-0.9629862
-0.96207595
-0.9624796
-0.9627066
-0.9627076
-0.96276534
-0.9629371
-0.9627456
-0.9632451
-0.96241724
-0.96379477
-0.9624786
-0.9603501
-0.9519691
-0.94554365
-0.94857997
-0.9530082
-0.9517748
-0.9491546
-0.9503535
-0.9499923
-0.9501103
-0.952665
-0.95353913
-0.9532992
-0.9520468
-0.9513624
-0.9511682
-0.9524541
-0.95395607
-0.95420516
-0.95260453
-0.9530221
-0.9532542
-0.9549521
-0.95554733
-0.9545411
-0.9549165
-0.95426524
-0.9560858
-0.95585984
-0.95549655
-0.9567659
-0.9576344
-0.9568816
-0.95810264
-0.9561115
-0.9567468
-0.95710135
-0.9569694
-0.9560768
-0.9578448
-0.9565188
-0.9574975
-0.95635366
-0.9574987
-0.9577197
-0.95744514
-0.95756775
-0.9592297
-0.95828396
-0.95825124
-0.9585403
-0.9585802
-0.9581905
-0.9588663
-0.959022
-0.9594131
-0.95982105
-0.9599186
-0.95717204
-0.95978105
-0.95767283
-0.95949346
-0.9599814
-0.95867074
-0.9589002
-0.95903563
-0.9586931
-0.96018445
-0.960789
-0.960465
-0.9597052
-0.959988
-0.9590699
-0.95989645
-0.9593184
-0.95945835
-0.95870197
-0.9601119
-0.9593343
-0.9601585
-0.95967156
-0.9603069
-0.95749146
-0.9596948
-0.96034706
-0.9607389
-0.9603026
-0.9606133
-0.9605386
-0.96052194
-0.9598568
-0.9610343
-0.9603036
-0.9601386
-0.9602695
-0.96051055
-0.9605083
-0.9613676
-0.9616204
-0.95994043
-0.96063584
-0.9600096
-0.9606833
-0.96150625
-0.9615032
-0.96179694
-0.9613396
-0.96122557
-0.960414
-0.9604582
-0.96075886
-0.9620803
-0.9612505
-0.96169984
-0.96089715
-0.96151483
-0.96033955
-0.96096087
-0.9617257
-0.9607943
-0.9610227
-0.9610695
-0.96014476
-0.9618451
-0.95994663
-0.9612916
-0.9614592
-0.96169305
-0.96045625
-0.95979476
-0.9614024
-0.960248
-0.96009237
-0.9605257
-0.96158737
-0.9606068
-0.96069175
-0.9589001
-0.9616613
-0.96067995
-0.95997554
-0.9606334
-0.9612442
-0.9609241
-0.9596429
-0.9603339
-0.9616439
-0.96125835
-0.9612041
-0.96061254
-0.96219045
-0.9609087
-0.960334
-0.96169233
-0.96180695
-0.96099454
