0.26943607461351143
0.15686870283766957
0.2570883314224815
0.5183842948226108
0.4367872188148086
0.1935472929087057
0.17131649526755977
0.13241793759022785
0.019460775708021648
0.0757007862813002
0.0896633900345543
0.33105909563547925
0.29646555217775344
0.10465911867861208
0.5676975897830986
0.2670568404713692
0.4410715852482108
0.2916605308110178
0.22875562641897393
0.8228772494439874
0.33233398309594897
0.264786653071703
0.2746396320082967
0.49250973088343275
0.2595463447909991
0.8597822166281447
0.2161946825201811
0.15073321747954202
0.3540712568574974
0.22354858608668995
0.3130611759248742
0.2683433909043434
0.0967131622956182
0.06619681320989403
0.3655213013262377
0.33880119541294457
0.47734041432439744
0.5925252433798771
0.06151981660260611
0.8059908517577213
0.27384408089714346
0.5017380702741111
0.18581203831670406
0.08448847732023561
0.2695693917191567
0.3610024493016938
0.691717324105276
0.32677875963354874
0.19464429784796008
0.5627137076527833
0.3649682125200234
0.46405165773081086
0.24479580564655182
0.4790707297801429
0.28939238182958105
0.384538646732394
0.24686430657497527
0.33249795988221625
0.5010946960684447
0.4478750043162596
0.19873939320676579
0.28073814550575477
0.33743428483422816
0.6573202912019743
Mean: 0.3307472542254631
