-0.26900494
-0.34346855
-0.3779348
-0.43013743
-0.4493978
-0.53170925
-0.5603667
-0.61800176
-0.6348102
-0.6572194
-0.68411005
-0.6992912
-0.695266
-0.69352454
-0.70565736
-0.71615344
-0.7167892
-0.7306522
-0.73551977
-0.7392818
-0.74553883
-0.74868315
-0.75796896
-0.7738009
-0.76857686
-0.77702045
-0.7852788
-0.78852636
-0.8026626
-0.7947786
-0.80883723
-0.8062778
-0.8119343
-0.81137323
-0.8270286
-0.82410103
-0.8431919
-0.84564507
-0.8553417
-0.8570513
-0.8744624
-0.8725263
-0.8925777
-0.89131176
-0.8894511
-0.89624107
-0.8992475
-0.9012069
-0.9038615
-0.90160537
-0.91288346
-0.90557015
-0.904386
-0.91230065
-0.9129164
-0.91739786
-0.91847134
-0.9217215
-0.92181957
-0.92725855
-0.9266426
-0.93076557
-0.9304288
-0.932763
-0.93073803
-0.9321284
-0.93113124
-0.9357549
-0.93693644
-0.9343781
-0.9375137
-0.9361534
-0.939631
-0.9352737
-0.93946743
-0.9417712
-0.9412492
-0.9378659
-0.9436032
-0.94497615
-0.9452502
-0.9424076
-0.9457603
-0.9515194
-0.9457673
-0.94299585
-0.95002323
-0.946477
-0.9445522
-0.949929
-0.9470157
-0.9488039
-0.9519584
-0.94988334
-0.95447236
-0.9499286
-0.9555552
-0.9520751
-0.95567304
-0.9542558
-0.951772
-0.95150894
-0.9538263
-0.95471925
-0.95707697
-0.95432377
-0.95368093
-0.9521877
-0.9544666
-0.95761454
-0.9549123
-0.95527864
-0.95858955
-0.9587184
-0.9538957
-0.9567037
-0.9601506
-0.9607927
-0.9605977
-0.95992166
-0.9604835
-0.9583589
-0.95820224
-0.958815
-0.95540905
-0.95986027
-0.9636619
-0.960643
-0.959969
-0.96234787
-0.9615998
-0.9597588
-0.9617343
-0.96198356
-0.96159035
-0.96053064
-0.96042216
-0.95884156
-0.9576988
-0.9638132
-0.95768183
-0.96154773
-0.9585448
-0.9599497
-0.95887905
-0.96257323
-0.9605791
-0.96235245
-0.96063274
-0.9601592
-0.9608196
-0.9651862
-0.9605892
-0.9647065
-0.96236664
-0.9646676
-0.96293586
-0.96470225
-0.9607891
-0.9681372
-0.96069705
-0.9650956
-0.9658516
-0.96518046
-0.9628911
-0.967299
-0.9645872
-0.96351206
-0.96530646
-0.9639421
-0.96527046
-0.9662114
-0.97035277
-0.9638278
-0.9646829
-0.96380943
-0.96665585
-0.9643375
-0.96519154
-0.9654105
-0.9669823
-0.9630766
-0.9665667
-0.96154183
-0.96394634
-0.9675848
-0.9654295
-0.9648326
-0.96756136
-0.96307373
-0.96736586
-0.96752554
-0.96694326
-0.9668313
-0.96995074
-0.96837354
-0.9705346
-0.969724
-0.96665734
-0.96512973
-0.9693403
-0.9691677
-0.9691036
-0.9681452
-0.9669014
-0.9701073
-0.96798
-0.9697031
-0.9690589
-0.9709712
-0.96961087
-0.96901625
-0.9720262
-0.96942693
-0.9721621
-0.97387904
-0.9708677
-0.9702938
-0.9734189
-0.96955436
-0.96805954
-0.97214276
-0.9723112
-0.97122085
-0.97160876
-0.9734594
-0.97088784
-0.97383046
-0.9742799
-0.97205895
-0.9748581
-0.9729438
-0.97284734
-0.97230554
-0.9758303
-0.9747197
-0.97440535
-0.9713054
-0.97596514
-0.9761861
-0.9760273
-0.9733421
-0.97687554
-0.9764941
-0.97569543
-0.9760749
-0.9772353
-0.9757837
-0.97843266
-0.9793569
-0.97786254
-0.9772615
-0.97807264
-0.9789782
-0.97840446
-0.97766733
-0.9792575
-0.9797549
-0.9783317
-0.9768177
-0.9788905
-0.978787
-0.9775808
-0.97805685
-0.9772919
-0.9802448
-0.9803711
-0.98203105
-0.9802958
-0.9792039
-0.9779559
-0.97981584
-0.9812642
-0.98135877
-0.9829317
-0.9820258
-0.982974
-0.9832707
-0.9823052
-0.9804212
-0.9807889
-0.9829254
-0.9846513
-0.9828806
-0.98397875
-0.9830227
-0.9840496
-0.9833932
-0.9844608
-0.9840041
-0.98403645
-0.9829513
-0.98278725
-0.9826652
-0.98533523
-0.98388
-0.98293847
-0.98440135
-0.9837329
-0.9832401
-0.9850488
-0.98664904
-0.9841282
-0.98379713
-0.9860249
-0.9857709
-0.9832763
-0.98546433
-0.986505
-0.9849592
-0.9859086
-0.9847393
-0.9865304
-0.9872468
-0.9866333
-0.98599416
-0.98716265
-0.98425496
-0.9852829
-0.9876103
-0.98735374
-0.9879248
-0.9857544
-0.9840701
-0.98692983
-0.9859548
-0.98338
-0.985365
-0.985746
-0.9852075
-0.98359376
-0.98650795
-0.98674923
-0.98608124
-0.9868561
-0.98810685
-0.98816985
-0.9857722
-0.98701954
-0.98906195
-0.98890275
-0.9871553
-0.986732
-0.98731714
-0.9867127
-0.9845502
-0.9887484
-0.9873732
-0.9847421
-0.9877332
-0.9889194
-0.98681164
-0.9875404
-0.9890257
-0.98699766
-0.9864531
-0.9889209
-0.98880756
-0.9873766
-0.9881582
-0.9890886
-0.98916274
-0.9871172
-0.98701704
-0.98867947
-0.98920405
-0.9879083
-0.9881014
-0.9910323
-0.99019027
-0.9892744
-0.9888309
-0.99064374
-0.9903765
-0.9890966
-0.9882177
-0.99013704
-0.9909623
-0.99011356
-0.9887214
-0.9897179
-0.99117786
-0.99090827
-0.9900181
-0.9893606
-0.9905905
-0.9905559
-0.99104005
-0.9907647
-0.9910941
-0.98955613
-0.98684347
-0.9881696
-0.99115586
-0.9918509
-0.98998743
-0.98728424
-0.9906561
-0.99066085
-0.98945177
-0.99144346
-0.99193734
-0.990126
-0.98793894
-0.9892864
-0.99115837
-0.98925835
-0.9903254
-0.9917098
-0.9912477
-0.98879015
-0.9916613
-0.99101466
-0.9879874
-0.9902793
-0.99164456
-0.98821783
-0.9907879
-0.9912655
-0.9889378
-0.9920131
-0.9904703
-0.98965746
-0.99295235
-0.99113613
-0.9906263
-0.99285305
-0.992498
-0.99024916
-0.99072266
-0.99030095
-0.9891448
-0.99259204
-0.99172986
-0.98843205
-0.99013245
-0.9923452
-0.9908574
-0.9883646
-0.9900268
-0.99188226
-0.98951167
-0.986784
-0.9922025
-0.98863685
-0.98962724
-0.9918921
-0.9902393
-0.9885843
-0.9911158
-0.9917656
-0.988825
-0.9911633
-0.99150604
-0.9905259
-0.9918359
-0.99256986
-0.9918
-0.9915446
-0.9932656
-0.99220824
-0.9894988
-0.9905667
-0.99274284
-0.99093705
-0.9906247
-0.9918748
-0.9932361
-0.9930766
-0.9926895
-0.9927872
-0.99344087
-0.99361557
-0.9930564
-0.9935359
-0.9930016
-0.99149865
-0.99246186
-0.9934964
-0.99380404
-0.99419856
-0.9931647
-0.99208945
-0.9929728
-0.9943388
-0.99393517
-0.99270695
-0.99101776
-0.99218947
-0.99395823
-0.99312294
-0.99208826
-0.9930586
-0.9933213
-0.9936722
-0.9940523
-0.99263525
-0.99096566
-0.9932163
-0.99457985
-0.99386483
-0.9918512
-0.99265593
-0.9942542
-0.9939267
-0.9923716
-0.992421
-0.99317664
-0.9944204
-0.993846
-0.99275833
-0.9933606
-0.99525446
-0.99455726
-0.99291855
-0.9931337
-0.9947187
-0.99502623
-0.9948177
-0.99490386
-0.9955851
-0.99517506
-0.99462146
-0.9949383
-0.9951512
-0.9954696
-0.9953944
-0.99538624
-0.995463
-0.996002
-0.995811
-0.9955922
-0.9956383
-0.995831
-0.9957709
-0.9958133
-0.9957027
-0.99564403
-0.99533963
-0.99544567
-0.9949425
-0.99422675
-0.99372303
-0.9943229
-0.9951798
-0.99594074
-0.99628043
-0.99592835
-0.9959555
-0.9957851
-0.9954341
-0.995452
-0.995234
-0.99516964
-0.9950705
-0.9951293
-0.99547356
-0.9955087
-0.9955176
-0.9956603
-0.9954568
-0.99525
-0.9941555
-0.99361634
-0.9937748
-0.99468476
-0.9954429
-0.99602985
-0.9958323
-0.994722
-0.99403715
-0.99462396
-0.99523026
-0.9958734
-0.9961323
-0.99597144
-0.9954835
-0.994527
-0.99411
-0.99499565
-0.9960831
-0.9963307
-0.9954376
-0.9950718
-0.99536115
-0.9954136
-0.99543375
-0.9953807
-0.99599415
-0.99630505
-0.9966282
-0.9955809
-0.995071
-0.9941448
-0.9942891
-0.99424046
-0.9949151
-0.9958069
-0.9959991
-0.99620265
-0.9956487
-0.9944933
-0.9916822
-0.99301076
-0.9959447
-0.9948988
-0.992693
-0.99447715
-0.99532765
-0.99369997
-0.9943217
-0.9952846
-0.9948995
-0.9952562
-0.99505377
-0.99312615
-0.9929849
-0.9951399
-0.99559045
-0.99472356
-0.9946156
-0.9949395
-0.99416244
-0.9945534
-0.9959364
-0.99442315
-0.9918859
-0.99534464
-0.99582225
-0.9934204
-0.99468
-0.9958483
-0.99452096
-0.9940939
-0.99488306
-0.9952274
-0.9951499
-0.99526125
-0.9948494
-0.9943531
-0.9950633
-0.9962873
-0.99642396
-0.99522483
-0.9945197
-0.9952576
-0.9964454
-0.9969264
-0.9962078
-0.9953689
-0.9950575
-0.99540704
-0.995778
-0.99580646
-0.9963213
-0.99670905
-0.9966143
-0.9962899
-0.99644643
-0.9963011
-0.9959477
-0.9954803
-0.9957232
-0.99621534
-0.9967184
-0.9966993
-0.99684274
-0.9968172
-0.99701405
-0.99707115
-0.99704295
-0.9971713
-0.9966225
-0.9962725
-0.99607474
-0.9959907
-0.996206
-0.99695593
-0.9970367
-0.99645495
-0.99527085
-0.9952124
-0.9960908
-0.9968213
-0.9969621
-0.9962715
-0.99555194
-0.9956594
-0.996066
-0.9965643
-0.9969633
-0.99715936
-0.99702305
-0.996887
-0.9965421
-0.99673396
-0.9968973
-0.99682397
-0.9974019
-0.9969978
-0.9969218
-0.9965256
-0.9950639
-0.99542665
-0.9970837
-0.99720347
-0.9956793
-0.9941738
-0.99538875
-0.99658483
-0.9970475
-0.9968448
-0.99634993
-0.9956937
-0.99513704
-0.9953653
-0.9958271
-0.9965956
-0.99709195
-0.99731123
-0.9967196
-0.99660516
-0.9968259
-0.99718475
-0.9973994
-0.9968691
-0.99671865
-0.9964758
-0.99693483
-0.9972615
-0.9974999
-0.99710804
-0.9966281
-0.99635077
-0.99647903
-0.9963277
-0.9955728
-0.9951527
-0.99608064
-0.9970317
-0.9968692
-0.9964737
-0.9963028
-0.9969801
-0.9970617
-0.99712336
-0.99645936
-0.9964679
-0.9961831
-0.99569964
-0.9951563
-0.99544054
-0.9964817
-0.9972351
-0.9969534
-0.9966111
-0.99660003
-0.9969797
-0.9972919
-0.99728495
-0.9968966
-0.99644595
-0.9957393
-0.9951667
-0.9949287
-0.99505496
-0.99586916
-0.99611366
-0.9960738
-0.99625933
-0.99671394
-0.99688846
-0.9965113
-0.9959937
-0.9952146
-0.99518627
-0.99652684
-0.9970184
-0.9968951
-0.9960634
-0.99519616
-0.9956095
-0.9963946
-0.9967462
-0.99681157
-0.9963273
-0.9961284
-0.9964147
-0.9966636
-0.9971972
-0.9971749
-0.99705946
-0.9967385
-0.99605304
-0.9960087
-0.9962904
-0.9969079
-0.99736196
-0.9974981
-0.9972795
-0.9969027
-0.99619156
-0.9963053
-0.99631417
-0.9962226
-0.9964005
-0.99689335
-0.9972545
-0.997479
-0.9974297
-0.9974351
-0.99721056
-0.9969555
-0.99743384
-0.997758
-0.99756736
-0.9971369
-0.9968563
-0.996815
-0.9973343
-0.99782425
-0.9976726
-0.9974077
-0.99728936
-0.9969498
-0.99669254
-0.99639934
-0.99602187
-0.99567235
-0.9959193
-0.9960329
-0.9964592
-0.9970584
-0.99755144
-0.997631
-0.9973092
-0.9971566
-0.99713385
-0.99735576
-0.9973916
-0.9975826
-0.99755114
-0.99762905
-0.9975648
-0.9976053
-0.9977077
-0.9977482
-0.99766386
-0.9977477
-0.9976297
-0.9976258
-0.997689
-0.997555
-0.99741083
-0.99719083
-0.99700433
-0.9969461
-0.9969381
-0.996831
-0.9969462
-0.9972866
-0.99773484
-0.9975742
-0.9976225
-0.997442
-0.9974225
-0.9977302
-0.997617
-0.9978705
-0.9977089
-0.99769586
-0.9976122
-0.9976346
-0.9974601
-0.9967556
-0.9954327
-0.99447227
-0.9953999
-0.99608546
-0.99670595
-0.99682236
-0.9971125
-0.99726194
-0.9966886
-0.9957873
-0.99548465
-0.9963568
-0.9973431
-0.99709487
-0.99544615
-0.9926073
-0.9955731
-0.9971891
-0.995746
-0.99387926
-0.99653023
-0.9960352
-0.99315035
-0.9951817
-0.9962993
-0.9949962
-0.9961992
-0.9967753
-0.99550724
-0.9956382
-0.99733657
-0.9965285
-0.99558145
-0.99656487
-0.9973493
-0.9969336
-0.9963118
-0.99700177
-0.9972678
-0.9971777
-0.9963354
-0.99552315
-0.9960123
-0.9967869
-0.99674714
-0.9956152
-0.99436694
-0.9964168
-0.99721855
-0.99547815
-0.9954904
-0.9973688
-0.99721307
-0.9963981
-0.9971711
-0.9976121
-0.9970393
-0.9968071
-0.99709123
-0.99708533
-0.9967994
-0.99574286
-0.995264
-0.9960186
-0.9967623
-0.9967284
-0.99618655
-0.9958297
-0.99670076
-0.99756783
-0.99684596
-0.99578714
-0.9961931
-0.99677056
-0.99606633
-0.99633497
-0.9973477
-0.9972662
-0.9964306
-0.99667376
-0.997207
-0.99706644
-0.99668074
-0.9969653
-0.99719214
-0.9968757
-0.99519014
-0.99500525
-0.9968287
-0.99684745
-0.9957902
-0.9967975
-0.9966174
-0.9958854
-0.9970269
-0.99740005
-0.99679625
-0.99636513
-0.9969313
-0.9973216
-0.9969363
-0.9965805
-0.9973088
-0.997408
-0.9967731
-0.9965421
-0.9973845
-0.99756783
-0.99653965
-0.9961701
-0.9971378
-0.997481
-0.9969429
-0.9966984
-0.9970747
-0.99700886
-0.99678075
-0.99674535
-0.99743253
-0.9976416
-0.9974393
-0.9974773
-0.9977423
-0.9977695
-0.9976809
-0.9975609
-0.99771523
-0.9975323
-0.99728185
-0.99682134
-0.9965124
-0.995969
-0.99575955
-0.9959519
-0.99627185
-0.99681354
-0.9975306
-0.99747735
-0.9966178
-0.9961259
-0.9965404
-0.9969387
-0.99652904
-0.99638486
-0.9962866
-0.9962449
-0.99605185
-0.99568456
-0.99587405
-0.9966281
-0.9971531
-0.997464
-0.9974146
-0.996809
-0.9959072
-0.99589145
-0.9968429
-0.99756145
-0.99744076
-0.99677783
-0.9957904
-0.99575186
-0.9965889
-0.99746424
-0.9975758
-0.9968097
-0.9956269
-0.9954382
-0.99659777
-0.9975688
-0.997024
-0.9951067
-0.99446553
-0.99598193
-0.99727374
-0.997102
-0.99652857
-0.9957885
-0.99593806
-0.99655014
-0.99705535
-0.99744195
-0.9976984
-0.99745655
-0.99704283
-0.9957921
-0.9956423
-0.99683154
-0.9974286
-0.9970333
-0.996116
-0.9953787
-0.9957639
-0.99711466
-0.9976431
-0.9969427
-0.9963229
-0.9967611
-0.9974177
-0.9977505
-0.99765986
-0.9977688
-0.99784184
-0.9977257
-0.99787754
-0.99772334
-0.997748
-0.99755424
-0.9977461
-0.99759316
-0.99777216
-0.99790305
-0.99762106
-0.99768424
-0.99755824
-0.99749553
-0.99742997
-0.997569
-0.9976406
-0.9976664
-0.99788886
-0.99770063
-0.9975138
-0.9972732
-0.9969579
-0.99696565
-0.9970612
-0.9971408
-0.99756926
-0.9976688
-0.9978239
-0.9976579
-0.9972095
-0.99677706
-0.9961748
-0.99590933
-0.99597424
-0.99657106
-0.9971906
-0.9977197
-0.9978279
-0.9972092
-0.9966609
-0.99564403
-0.99580216
-0.9968771
-0.9974388
-0.9975804
-0.99715245
-0.99685967
-0.9967353
-0.99690664
-0.9975475
-0.99757904
-0.9974847
-0.9968167
-0.9966024
-0.9965396
-0.99718064
-0.9977402
-0.9978081
-0.9971823
-0.996438
-0.9957232
-0.9963095
-0.9975056
-0.99728185
-0.9957318
-0.9953755
-0.99637294
-0.995451
-0.9961192
-0.9972409
-0.9953575
-0.9942304
-0.9964305
-0.9971879
-0.9954498
-0.9959229
-0.99716
-0.9963369
-0.9952531
-0.9968148
-0.99726504
-0.99576676
-0.99576366
-0.9970839
-0.99660325
-0.99517924
-0.99615437
-0.9972812
-0.99689394
-0.9966721
-0.99722457
-0.9976211
-0.9973784
-0.9969616
-0.9971911
-0.99738234
-0.99752116
-0.9970765
-0.99702996
-0.99729663
-0.9974009
-0.9972258
-0.9971242
-0.9975061
-0.99757975
-0.99745214
-0.9978133
-0.99762815
-0.9977582
-0.99788535
-0.99767965
-0.99783236
-0.997703
-0.9977851
-0.9976802
-0.99723744
-0.99685895
-0.99625087
-0.9962634
-0.9970413
-0.99751455
-0.9974982
-0.9971772
-0.9968255
-0.99690825
-0.99707204
-0.99772024
-0.99765205
-0.99701697
-0.9959936
-0.99546987
-0.99643433
-0.99719155
-0.9979055
-0.9975122
-0.997049
-0.99637085
-0.9958534
-0.9962438
-0.9968454
-0.99736345
-0.9975272
-0.9972177
-0.99715805
-0.99651545
-0.9956241
-0.9951334
-0.9954144
-0.9964604
-0.99742556
-0.99751043
-0.99673826
-0.9967663
-0.99739313
-0.9976973
-0.99757195
-0.9976047
-0.9976933
-0.99748284
-0.9975251
-0.9975683
-0.9974868
-0.99796045
-0.9976676
-0.9976534
-0.99734265
-0.9972436
-0.9970792
-0.997352
-0.9977048
-0.997618
-0.9974449
-0.9977736
-0.99801195
-0.99767214
-0.997784
-0.99770474
-0.9976059
-0.99784935
-0.9975448
-0.9974019
-0.9970647
-0.9970147
-0.9970635
-0.9971837
-0.9978697
-0.9977991
-0.9978056
-0.9978369
-0.99758995
-0.9973582
-0.99703383
-0.9965776
-0.99670476
-0.9974221
-0.9979372
-0.99797535
-0.9975589
-0.9973972
-0.9974136
-0.9973545
-0.99763036
-0.9974734
-0.9976742
-0.99776053
-0.9978665
-0.9978829
-0.9977938
-0.9977086
-0.9977984
-0.99788123
-0.99776804
-0.9977731
-0.99760365
-0.9969454
-0.9960861
-0.99568135
-0.99602467
-0.99603367
-0.995388
-0.9962284
-0.9973332
-0.9975352
-0.9961602
-0.9953773
-0.9963846
-0.99735254
-0.99763894
-0.9975893
-0.9976046
-0.99728304
-0.9968552
-0.9963613
-0.99562925
-0.99557954
-0.9964436
-0.99758106
-0.99745977
-0.99703556
-0.99641484
-0.9962484
-0.99662095
-0.9971509
-0.9974648
-0.9975665
-0.9975574
-0.99787277
-0.9971971
-0.99660724
-0.9963955
-0.9967746
-0.9971343
-0.99714476
-0.99695945
-0.99705017
-0.99700254
-0.99688184
-0.9965683
-0.9968789
-0.9972845
-0.9976254
-0.99765253
-0.99739957
-0.9970805
-0.99665016
-0.9965315
-0.99598116
-0.99582535
-0.99584806
-0.99708027
-0.9977073
-0.99709505
-0.99651486
-0.9965707
-0.99730027
-0.99767715
-0.99776083
-0.9975321
-0.9967541
-0.9959816
-0.99548656
-0.9964395
-0.9969588
-0.99716836
-0.9972448
-0.996986
-0.9970617
-0.9966611
-0.9969325
-0.9971514
-0.99711734
-0.9974815
-0.9976786
-0.99724203
-0.99690974
-0.9965491
-0.996687
-0.99716824
-0.9967938
-0.9971082
-0.9972006
-0.9974543
-0.9978097
-0.99755216
-0.9977206
-0.99759185
-0.9977347
-0.99770886
-0.99759644
-0.9969733
-0.99643856
-0.9962216
-0.99691147
-0.9975201
-0.9975964
-0.99749327
-0.9969683
-0.9967757
-0.9967976
-0.99704826
-0.99706185
-0.99719495
-0.99755216
-0.9976665
-0.9978363
-0.997563
-0.9973903
-0.9973536
-0.9971341
-0.9975268
-0.9976621
-0.9977137
-0.9976038
-0.99758
-0.9976289
-0.99729425
-0.99702656
-0.9965717
-0.9965029
-0.99683774
-0.99694294
-0.99712783
-0.99754125
-0.99765736
-0.9972956
-0.9963573
-0.99521774
-0.99523944
-0.99588066
-0.99672264
-0.99715215
-0.9975316
-0.9976315
-0.9973149
-0.9968709
-0.9961665
-0.9953831
-0.996183
-0.9973792
-0.99745065
-0.99620163
-0.9949009
-0.9952103
-0.9968164
-0.99745786
-0.9969678
-0.9962129
-0.9962312
-0.99696
-0.9971283
-0.9969853
-0.9971689
-0.99714285
-0.9969582
-0.99613065
-0.9960074
-0.9970847
-0.9975369
-0.9971978
-0.9969304
-0.9970801
-0.9973052
-0.9972885
-0.99732393
-0.9976185
-0.99752337
-0.99752754
-0.9976451
-0.99743944
-0.9976418
-0.9976245
-0.9978485
-0.9978307
-0.9977422
-0.99775565
-0.99775636
-0.99789554
-0.9978486
-0.9977622
-0.9976835
-0.99775386
-0.99770343
-0.9978394
-0.99767905
-0.998057
-0.99781466
-0.99784195
-0.9978601
-0.997703
-0.9980043
-0.9979324
-0.99785686
-0.9978882
-0.99760354
-0.99732065
-0.9970395
-0.996776
-0.9966359
-0.99639463
-0.9966566
-0.9972438
-0.997726
-0.9978485
-0.99764943
-0.9974028
-0.9969346
-0.99659395
-0.9967633
-0.99723154
-0.9971493
-0.99740636
-0.9974652
-0.9974307
-0.99770856
-0.99763817
-0.9977946
-0.9974261
-0.9972119
-0.99729866
-0.9977013
-0.9977631
-0.9977994
-0.9976271
-0.99807006
-0.997968
-0.9977235
-0.9976504
-0.99729836
-0.9967605
-0.99614334
-0.9957638
-0.9961645
-0.99648803
-0.996465
-0.99660087
-0.99688077
-0.9974506
-0.99763125
-0.9978093
-0.99758554
-0.99718934
-0.9967199
-0.9964373
-0.99672323
-0.99728847
-0.99695086
-0.9964109
-0.99629796
-0.9969755
-0.9974735
-0.9977186
-0.9976082
-0.9973256
-0.9965735
-0.9965503
-0.9971511
-0.9978957
-0.9975693
-0.99700713
-0.9968234
-0.9966829
-0.9964487
-0.9964908
-0.99667674
-0.9968969
-0.99678296
-0.99631554
-0.9950116
-0.99543184
-0.9972039
-0.9971396
-0.99489087
-0.99307865
-0.9953979
-0.99717134
-0.99646306
-0.99441576
-0.99471956
-0.99577814
-0.9954935
-0.9958749
-0.9971762
-0.9960349
-0.99521446
-0.99582547
-0.9968455
-0.9971111
-0.9967683
-0.99607235
-0.9964746
-0.9972263
-0.9975359
-0.9968911
-0.9958747
-0.9954733
-0.9971124
-0.9973374
-0.99560064
-0.994177
-0.99513525
-0.9964156
-0.99546117
-0.99532497
-0.99661255
-0.99675256
-0.99539
-0.99533105
-0.99662673
-0.99680483
-0.9960065
-0.9960719
-0.9968739
-0.99691147
-0.99641746
-0.996693
-0.9972758
-0.9972388
-0.9965579
-0.9963501
-0.9970226
-0.9970858
-0.99684495
-0.99709237
-0.99722725
-0.9976296
-0.99760187
-0.9973239
-0.99702674
-0.995852
-0.99470824
-0.9955552
-0.99706054
-0.9973275
-0.99591684
-0.9951283
-0.9960416
-0.9972219
-0.9972096
-0.99680823
-0.99699056
-0.9970825
-0.99755996
-0.9974478
-0.99773467
-0.9976233
-0.99769515
-0.99760437
-0.99773395
-0.99759185
-0.99777746
-0.99778503
-0.9979397
-0.9979906
-0.997667
-0.99774784
-0.9976411
-0.9974511
-0.99719363
-0.99692434
-0.9963012
-0.9953981
-0.9952528
-0.99669844
-0.99767745
-0.9973182
-0.9957675
-0.9958816
-0.9967499
-0.99764454
-0.99741983
-0.9970029
-0.99649966
-0.9962813
-0.99644697
-0.9971968
-0.9974854
-0.9973588
-0.9973694
-0.9966495
-0.9962808
-0.9967714
-0.9972861
-0.9974762
-0.9977833
-0.9977115
-0.9975746
-0.99773157
-0.9975211
-0.99750865
-0.9976164
-0.99713093
-0.9971454
-0.99726313
-0.9973703
-0.9974046
-0.9979261
-0.9977287
-0.9977255
-0.9977404
-0.99752635
-0.9973303
-0.9972692
-0.9973462
-0.9978361
-0.9977651
-0.9977281
-0.9973381
-0.9970018
-0.9969143
-0.99709624
-0.9974828
-0.99789953
-0.997855
-0.99760795
-0.9971203
-0.9959503
-0.9945673
-0.9959349
-0.99728477
-0.99736935
-0.99601936
-0.99470264
-0.9959166
-0.99699676
-0.9971142
-0.9968314
-0.9967751
-0.9963942
-0.9964829
-0.99699646
-0.997274
-0.9974209
-0.9970461
-0.99687994
-0.99628377
-0.99642664
-0.9966669
-0.9969352
-0.9971545
-0.99743557
-0.99772173
-0.99733895
-0.9970341
-0.9969784
-0.9972686
-0.9974635
-0.99702275
-0.9968544
-0.9965351
-0.9962969
-0.99615526
-0.9966637
-0.9970547
-0.9975927
-0.9974138
-0.99751705
-0.99762124
-0.99770224
-0.99758273
-0.997623
-0.99785274
-0.99778396
-0.9978442
-0.99774027
-0.9979782
-0.9977961
-0.9977151
-0.9978192
-0.99788797
-0.9976046
-0.9975521
-0.9972123
-0.99692386
-0.9971485
-0.9974933
-0.9978489
-0.9974983
-0.9969994
-0.9961631
-0.9959144
-0.9973662
-0.9974607
-0.99650455
-0.99478334
-0.9952195
-0.9967915
-0.99672204
-0.9960716
-0.9965882
-0.99680936
-0.9964868
-0.99600095
-0.9962899
-0.99654335
-0.9967986
-0.99753916
-0.9976173
-0.99734956
-0.99715847
-0.9966929
-0.9965176
-0.9960619
-0.99587816
-0.9964221
-0.9968613
-0.9973946
-0.9973966
-0.9975594
-0.9973759
-0.9973643
-0.9973891
-0.9975014
-0.9973613
-0.9972324
-0.9967578
-0.9965104
-0.9967778
-0.9970226
-0.9974845
-0.9975431
-0.99750626
-0.99742705
-0.99732745
-0.9972381
-0.99713695
-0.9971057
-0.9976009
-0.9977772
-0.99781483
-0.9972127
-0.99677646
-0.9960612
-0.99502647
-0.995102
-0.9972016
-0.99748605
-0.9959031
-0.99472547
-0.99622697
-0.9970061
-0.9960168
-0.99414825
-0.9945368
-0.9964981
-0.99535453
-0.9932728
-0.9965556
-0.9942378
-0.99183893
-0.9963959
-0.9917031
-0.9954764
-0.99487966
-0.9919928
-0.9959028
-0.9953958
-0.9930552
-0.9967175
-0.9942184
-0.9941539
-0.9963248
-0.9923715
-0.99458456
-0.9966984
-0.993742
-0.9957701
-0.9965116
-0.9940392
-0.99460727
-0.9966819
-0.996456
-0.9960051
-0.9966727
-0.99687284
-0.99643224
-0.9966896
-0.9971853
-0.99702007
-0.9970025
-0.9969783
-0.99728006
-0.99710274
-0.99722385
-0.997494
-0.9979257
-0.9972872
-0.9973227
-0.997444
-0.99739826
-0.9975671
-0.99757737
-0.9977632
-0.9977205
-0.9978632
-0.99752647
-0.9977986
-0.99790055
-0.9976507
-0.99768543
-0.99766505
-0.9980473
-0.99790376
-0.99801314
-0.99783045
-0.9980559
-0.99807316
-0.99799013
-0.9980603
-0.99794406
-0.9980184
-0.99802566
-0.9980864
-0.99810505
-0.9981136
-0.99815565
-0.99801195
-0.99809855
-0.99805945
-0.9981298
-0.9981931
-0.9981613
-0.99802476
-0.99811137
-0.99811447
-0.9979425
-0.9980203
-0.9979794
-0.99793774
-0.9980188
-0.99794424
-0.9979342
-0.9979158
-0.99773693
-0.9976406
-0.99745226
-0.99753386
-0.9976178
-0.9978456
-0.9980464
-0.998049
-0.9980841
-0.9979201
-0.9975833
-0.9970036
-0.9964322
-0.9968864
-0.99756414
-0.9979897
-0.9977505
-0.9974564
-0.99689615
-0.9951583
-0.994183
-0.99669063
-0.99751914
-0.99603057
-0.992955
-0.99477375
-0.99725854
-0.99696076
-0.9953999
-0.9953126
-0.99678695
-0.99760103
-0.9969089
-0.99584585
-0.9961784
-0.9963246
-0.9965491
-0.99651074
-0.9968734
-0.99751836
-0.99723417
-0.99634904
-0.9962142
-0.9971479
-0.99743867
-0.99644333
-0.99525833
-0.9959192
-0.9965831
-0.99667776
-0.9964209
-0.9968683
-0.9970942
-0.99681926
-0.9970397
-0.9969529
-0.9970192
-0.99680245
-0.9968925
-0.9968848
-0.9969658
-0.997392
-0.9976996
-0.9973612
-0.9973776
-0.99758106
-0.99795103
-0.99763376
-0.9971694
-0.9968976
-0.99672776
-0.99741554
-0.9976776
-0.99763626
-0.99716747
-0.9968954
-0.99657536
-0.9967919
-0.9976338
-0.9975678
-0.99707687
-0.99597394
-0.9952097
-0.9959374
-0.9973679
-0.99764097
-0.9969117
-0.9955569
-0.9952615
-0.9968567
-0.99788946
-0.9974541
-0.99682593
-0.99683833
-0.99742216
-0.9977586
-0.997705
-0.997661
-0.99718887
-0.9972331
-0.9973024
-0.9975637
-0.99743193
-0.9973978
-0.99717724
-0.9971607
-0.99732065
-0.9976644
-0.9981055
-0.99790704
-0.997743
-0.9973577
-0.99710953
-0.99723303
-0.99760044
-0.99782676
-0.99782467
-0.9979853
-0.9978417
-0.9978
-0.9978907
-0.9978918
-0.9979451
-0.99791425
-0.9977306
-0.9974108
-0.99733865
-0.99697155
-0.996823
-0.9971481
-0.9976795
-0.9975531
-0.99725467
-0.99706525
-0.9969094
-0.99665934
-0.9965821
-0.9965798
-0.9967287
-0.99704653
-0.99748313
-0.9977208
-0.99762523
-0.9971739
-0.99740374
-0.997708
-0.9974148
-0.9966982
-0.9969262
-0.997418
-0.99766827
-0.9970839
-0.99644333
-0.99692994
-0.99783975
-0.9977033
-0.9970925
-0.99707496
-0.99741054
-0.9974731
-0.9972362
-0.99742335
-0.9978048
-0.9980353
-0.9979251
-0.9979259
-0.9979382
-0.9981489
-0.9978785
-0.9979182
-0.99797404
-0.9980966
-0.9980305
-0.9977987
-0.9977585
-0.9979292
-0.9978089
-0.9979026
-0.9977331
-0.9978173
-0.99808955
-0.99777544
-0.9978535
-0.9973749
-0.9970945
-0.99646443
-0.9951573
-0.99402744
-0.9961135
-0.99754053
-0.997288
-0.9960373
-0.9953157
-0.9965685
-0.9975849
-0.99752575
-0.9966063
-0.9964439
-0.99675214
-0.9972877
-0.99758434
-0.99736494
-0.9968083
-0.996773
-0.996849
-0.9973486
-0.9977341
-0.99747485
-0.99703723
-0.99701744
-0.9969991
-0.99707586
-0.9969701
-0.99743897
-0.9975906
-0.9975871
-0.99759674
-0.9973019
-0.9977037
-0.9978039
-0.9976617
-0.99740374
-0.99752855
-0.99760574
-0.9977708
-0.99758214
-0.9974605
-0.997518
-0.99749404
-0.9973524
-0.9972157
-0.9969886
-0.99704397
-0.99714935
-0.9977248
-0.997918
-0.9980272
-0.99769527
-0.99745196
-0.9974671
-0.99764335
-0.9975948
-0.9974835
-0.9972482
-0.99753165
-0.9978712
-0.9978376
-0.9979136
-0.99773556
-0.9975687
-0.9974247
-0.9972112
-0.997232
-0.9973993
-0.99777615
-0.99778163
-0.99779177
-0.9978646
-0.99789053
-0.99754
-0.99745494
-0.9974669
-0.9973648
-0.99705577
-0.99654025
-0.9962941
-0.99635
-0.9965361
-0.99755365
-0.9976601
-0.9967393
-0.99574685
-0.99560606
-0.9962769
-0.9974649
-0.99778575
-0.9973411
-0.9967496
-0.99692863
-0.99713904
-0.99738866
-0.9976865
-0.99766076
-0.997613
-0.99779844
-0.9977051
-0.9974704
-0.9976479
-0.99782103
-0.9978392
-0.997851
-0.99771655
-0.9976928
-0.99753404
-0.99764115
-0.9977533
-0.99753404
-0.9972105
-0.9969498
-0.9969363
-0.99745905
-0.9976927
-0.99744487
-0.99694574
-0.99682665
-0.997193
-0.9975917
-0.99771893
-0.99757785
-0.99761474
-0.9974768
-0.99738616
-0.9972668
-0.9968596
-0.99720776
-0.99771404
-0.99786854
-0.99759024
-0.99745333
-0.9967246
-0.99606055
-0.9954434
-0.9963519
-0.99750805
-0.99748594
-0.9970517
-0.9969505
-0.99708736
-0.9974438
-0.99740607
-0.99732405
-0.9977422
-0.997594
-0.9970592
-0.99702966
-0.99718314
-0.99737084
-0.99767303
-0.9978248
-0.99796873
-0.9979385
-0.99782544
-0.99781954
-0.9980766
-0.99775934
-0.99788564
-0.9979081
-0.9978536
-0.99774235
-0.99741465
-0.99704516
-0.9967091
-0.99619985
-0.99582916
-0.9960256
-0.9959271
-0.9965752
-0.9972404
-0.99758244
-0.9972807
-0.9964226
-0.99540263
-0.995762
-0.99679077
-0.99761635
-0.9975157
-0.99717015
-0.99657524
-0.9963733
-0.99649745
-0.9963179
-0.9961752
-0.99632156
-0.99662554
-0.99698937
-0.99742943
-0.99762243
-0.9977399
-0.9975781
-0.9974586
-0.9977498
-0.99774045
-0.9980547
-0.9978266
-0.9978487
-0.9978952
-0.997881
-0.9979029
-0.99774575
-0.9977835
-0.9976534
-0.99759763
-0.99733055
-0.996951
-0.99638164
-0.9955825
-0.99567103
-0.9968179
-0.99761856
-0.9977498
-0.9974594
-0.99612993
-0.99480236
-0.99622107
-0.99767697
-0.9960078
-0.9927603
-0.9931014
-0.9964268
-0.9965002
-0.9929629
-0.9952268
-0.9966824
-0.99345887
-0.9948307
-0.99635094
-0.9955821
-0.99570376
-0.99637395
-0.99524486
-0.99433416
-0.99556386
-0.9965824
-0.9960744
-0.9964571
-0.9969534
-0.9966078
-0.9958881
-0.9963765
-0.9976681
-0.9970823
-0.9965308
-0.9969161
-0.99738336
-0.99765295
-0.997344
-0.99725395
-0.9975807
-0.9974305
-0.9972404
-0.99719787
-0.99749935
-0.9976314
-0.9973403
-0.99691767
-0.9968578
-0.99728376
-0.9978555
-0.9977358
-0.99765074
-0.99746156
-0.9974521
-0.9975638
-0.99770176
-0.9976445
-0.99762493
-0.9975996
-0.99769163
-0.9972118
-0.9971333
-0.99690586
-0.9966386
-0.9967759
-0.99715304
-0.99755746
-0.9978129
-0.99779975
-0.99767256
-0.9976252
-0.99782485
-0.9976871
-0.99774134
-0.99765027
-0.99773425
-0.99776137
-0.99801797
-0.9979255
-0.9979412
-0.9976575
-0.9975954
-0.9975644
-0.9973956
-0.99758744
-0.99725163
-0.9971221
-0.9975254
-0.9979101
-0.9979052
-0.9977175
-0.9968751
-0.9965152
-0.99656856
-0.9973701
-0.99795234
-0.9977207
-0.9968574
-0.9956825
-0.99568087
-0.9972558
-0.99761933
-0.99693525
-0.9958559
-0.99567986
-0.99578524
-0.9957431
-0.99658203
-0.99745524
-0.9974935
-0.9960185
-0.99472195
-0.99558693
-0.9975175
-0.99673575
-0.994239
-0.9953783
-0.99710476
-0.9971606
-0.9963543
-0.99651283
-0.9967977
-0.99719626
-0.99746704
-0.9972893
-0.996692
-0.99645346
-0.99713296
-0.9977355
-0.9974017
-0.9967133
-0.99645656
-0.9972335
-0.99750006
-0.9974362
-0.99733704
-0.99717176
-0.99766237
-0.99780554
-0.997627
-0.99781364
-0.99765444
-0.997749
-0.99749106
-0.9973953
-0.99770623
-0.99787533
-0.99770975
-0.99778676
-0.9976054
-0.99744344
-0.9975951
-0.9974903
-0.9976506
-0.99770623
-0.9977965
-0.9978703
-0.9978809
-0.9978667
-0.99802995
-0.9979084
-0.9978806
-0.99804723
-0.9977979
-0.99778855
-0.9977005
-0.99784935
-0.9980358
-0.99819255
-0.9979115
-0.99805325
-0.9979318
