-0.65267426
-0.6480898
-0.6444038
-0.64797455
-0.6445607
-0.6440674
-0.64906085
-0.64722085
-0.64793646
-0.64230204
-0.64421695
-0.6473899
-0.6545951
-0.6502086
-0.6537465
-0.65462565
-0.6559744
-0.6566632
-0.6593882
-0.65765154
-0.6585329
-0.6606104
-0.649163
-0.6555206
-0.66213953
-0.6675132
-0.65999246
-0.65905625
-0.6617668
-0.6590578
-0.6666137
-0.66757154
-0.66688514
-0.6655598
-0.6588815
-0.67124885
-0.6721112
-0.6704974
-0.6712201
-0.6819553
-0.6770033
-0.67059135
-0.6752632
-0.6728066
-0.676735
-0.6830225
-0.681616
-0.6727027
-0.6766498
-0.6805584
-0.67558384
-0.6804417
-0.67988837
-0.67408764
-0.68451107
-0.68242157
-0.67849046
-0.6806943
-0.67967737
-0.6750745
-0.6764303
-0.6823779
-0.6854852
-0.67895424
-0.6776785
-0.6903487
-0.68078095
-0.6913347
-0.67721224
-0.67580247
-0.6775939
-0.6760215
-0.686056
-0.6817662
-0.68806547
-0.6856685
-0.683187
-0.684276
-0.6848339
-0.6826267
-0.6855907
-0.68144304
-0.6890659
-0.6769071
-0.68996173
-0.6822312
-0.6859358
-0.6884343
-0.6907963
-0.6833315
-0.6923587
-0.6889289
-0.6884377
-0.6934237
-0.69066566
-0.6841385
-0.6867424
-0.68548954
-0.68532765
-0.6848303
-0.6875528
-0.6905223
-0.68408036
-0.69307727
-0.6868134
-0.68886185
-0.6889146
-0.69179446
-0.6854999
-0.68440926
-0.6869281
-0.686102
-0.6784543
-0.69107026
-0.69155616
-0.6901315
-0.68871605
-0.6893153
-0.68341565
-0.69249076
-0.6908995
-0.6880965
-0.6946391
-0.6911494
-0.6895012
-0.6904049
-0.6936564
-0.6964424
-0.688862
-0.6948295
-0.69716436
-0.69072104
-0.6916117
-0.6826875
-0.68850017
-0.6943657
-0.6947887
-0.6911137
-0.6901855
-0.6877498
-0.6795368
-0.68752486
-0.6877956
-0.6867755
-0.68651664
-0.6898085
-0.6929764
-0.6873691
-0.6903862
-0.6936498
-0.698632
-0.6963814
-0.6919775
-0.68804467
-0.69056
-0.6901448
-0.6906438
-0.68548083
-0.6847283
-0.68944645
-0.6947579
-0.69367087
-0.6901374
-0.69536644
-0.69330996
-0.6930168
-0.693402
-0.69182855
-0.69970596
-0.68790114
-0.6922309
-0.6899591
-0.6938573
-0.69597614
-0.6996056
-0.68960047
-0.6944543
-0.69301784
-0.69376266
-0.6879359
-0.69310254
-0.6966486
-0.6938995
-0.6898221
-0.6941253
-0.69808114
-0.69467354
-0.69604814
-0.69037175
-0.691037
-0.69780123
-0.69445646
-0.70259947
-0.6894907
-0.69729537
-0.69639426
-0.68601483
-0.6909572
-0.6918517
-0.69388443
-0.6983924
-0.6967772
-0.6952347
-0.69315886
-0.69168526
-0.6940322
-0.6937465
-0.69487303
-0.6989659
-0.69937223
-0.69321924
-0.7049941
-0.6941259
-0.69669706
-0.6895893
-0.6957904
-0.6939114
-0.6995916
-0.6953775
-0.69342893
-0.686659
-0.6917368
-0.6972003
-0.70143914
-0.6948785
-0.6926245
-0.6938709
-0.6979496
-0.6961715
-0.7018338
-0.70181316
-0.69216686
-0.70200557
-0.69829524
-0.7013285
-0.70316
-0.6993059
-0.70659083
-0.6986747
-0.6941892
-0.70360386
-0.6949062
-0.70798755
-0.6953315
-0.70191723
-0.70311576
-0.70213705
-0.6999226
-0.7009293
-0.70474535
-0.7094228
-0.70626897
-0.69932294
-0.6974551
-0.70105606
-0.7110159
-0.70533574
-0.70590746
-0.70152694
-0.70227
-0.7049485
-0.7098427
-0.7034888
-0.7111618
-0.7082724
-0.708197
-0.70559233
-0.7092945
-0.70630074
-0.7059844
-0.7089827
-0.70675755
-0.70416963
-0.70169127
-0.7065807
-0.7028274
-0.7028393
-0.70349646
-0.7100569
-0.69494736
-0.70710325
-0.7059418
-0.7087047
-0.70693725
-0.7071565
-0.6995262
-0.70868546
-0.7012819
-0.70392865
-0.70980585
-0.70936507
-0.7093396
-0.7085865
-0.71088225
-0.70788515
-0.7079302
-0.70481455
-0.70777243
-0.71473193
-0.7117064
-0.69773424
-0.715899
-0.70469177
-0.70905733
-0.70827425
-0.7109863
-0.71484935
-0.71459824
-0.7118406
-0.7073268
-0.70652074
-0.71001446
-0.70651495
-0.70577633
-0.70878476
-0.7115757
-0.7089879
-0.7087791
-0.70429474
-0.7081696
-0.7025118
-0.7073221
-0.7124396
-0.7103909
-0.7093415
-0.71088463
-0.7104898
-0.707613
-0.7055236
-0.71285546
-0.71035504
-0.70504004
-0.7044596
-0.7090713
-0.7143172
-0.7116359
-0.70197856
-0.715662
-0.71146005
-0.7125472
-0.70382684
-0.7055476
-0.7066153
-0.70892185
-0.7092252
-0.70764893
-0.7176889
-0.7077911
-0.7106506
-0.70553374
-0.7035552
-0.71645945
-0.7147085
-0.7093561
-0.7074441
-0.7144537
-0.7090492
-0.7058472
-0.713278
-0.7074841
-0.70882183
-0.71209306
-0.7140623
-0.7135043
-0.7139248
-0.708361
-0.7098806
-0.7088899
-0.70909244
-0.7092609
-0.7133161
-0.71644187
-0.71426654
-0.71525574
-0.71196043
-0.715218
-0.7132307
-0.7151111
-0.71326125
-0.7082729
-0.7115601
-0.71447873
-0.7056031
-0.7094584
-0.71237123
-0.7075647
-0.7100048
-0.708069
-0.71305025
-0.7129779
-0.71412355
-0.70831776
-0.70667636
-0.7065041
-0.7082229
-0.71437126
-0.71076876
-0.706509
-0.7151479
-0.7097867
-0.7120913
-0.7194827
-0.7072627
-0.7129678
-0.7122912
-0.704209
-0.7121435
-0.70844454
-0.7079048
-0.7164192
-0.71375525
-0.71223056
-0.71080005
-0.7090654
-0.71010226
-0.7172552
-0.71970916
-0.71331203
-0.71132153
-0.7176396
-0.71007025
-0.7109011
-0.7063383
-0.72026974
-0.71670204
-0.70965135
-0.71716315
-0.71705705
-0.71161234
-0.7155228
-0.7102783
-0.71964514
-0.7073797
-0.7199675
-0.71512634
-0.7144242
-0.7164706
-0.70914507
-0.70878106
-0.7090817
-0.71447337
-0.72059137
-0.71376234
-0.7086528
-0.7139703
-0.7168542
-0.7156807
-0.7155959
-0.7125742
-0.71794605
-0.7161005
-0.7132285
-0.7101409
-0.71870875
-0.72142404
-0.7122338
-0.7124101
-0.7144325
-0.71682304
-0.7139051
-0.7172094
-0.7080241
-0.7175205
-0.7152048
-0.7158412
-0.7103931
-0.71468186
-0.72286594
-0.711716
-0.71834207
-0.71125
-0.7145342
-0.7203194
-0.71754944
-0.7149301
-0.7197022
-0.72071
-0.71506625
-0.7166608
-0.717039
-0.71498865
-0.71559227
-0.71838886
-0.71602035
-0.7141431
-0.7120207
-0.7184435
-0.7193807
-0.7172795
-0.7175495
-0.71219033
-0.7226021
-0.7119669
-0.7209383
-0.7283425
-0.71417767
-0.72108227
-0.71127236
-0.7117631
-0.7111494
-0.7189876
-0.71512187
-0.70656997
-0.71600014
-0.71838707
-0.72272617
-0.7157144
-0.7158951
-0.72150743
-0.7114669
-0.7184042
-0.70970184
-0.714441
-0.72460103
-0.71236736
-0.7124067
-0.7226831
-0.7190431
-0.71639496
-0.71976906
-0.7208312
-0.7177002
-0.721539
-0.721015
-0.7159038
-0.71714073
-0.71482253
-0.7189575
-0.72010815
-0.7130192
-0.7066568
-0.7200414
-0.7165152
-0.71897125
-0.72228277
-0.713866
-0.72427106
-0.72001934
-0.71593
-0.7157361
-0.72218484
-0.7192523
-0.7184332
-0.71406424
-0.71650726
-0.7136723
-0.71745807
-0.7195218
-0.7237208
-0.7124856
-0.7165374
-0.7233818
-0.71735084
-0.7160966
-0.7110801
-0.72220117
-0.7178089
-0.7134786
-0.71928465
-0.7222299
-0.7197976
-0.7142005
-0.7234376
-0.7185203
-0.7171645
-0.7132045
-0.7160206
-0.714645
-0.71420634
-0.7244335
-0.72463757
-0.720051
-0.71902704
-0.7199892
-0.7208477
-0.71945715
-0.7209356
-0.72184384
-0.7225802
-0.72157377
-0.71276236
-0.7239177
-0.7234306
-0.7214817
-0.71771216
-0.7197897
-0.7234055
-0.7226839
-0.7255392
-0.72656274
-0.7178147
-0.7181606
-0.7225386
-0.7215193
-0.71954966
-0.7220858
-0.7191279
-0.7238527
-0.72218084
-0.72573006
-0.72697735
-0.7194545
-0.71992415
-0.7179562
-0.71793205
-0.7146185
-0.7123606
-0.7263676
-0.71964765
-0.7204699
-0.7225785
-0.71950746
-0.71994793
-0.7198996
-0.71783197
-0.71498704
-0.71959007
-0.71747196
-0.7261911
-0.7185455
-0.71803254
-0.7132023
-0.7193554
-0.71414876
-0.7174158
-0.71937907
-0.72387755
-0.71557343
-0.72481805
-0.72886765
-0.7191742
-0.7222161
-0.71575016
-0.7161776
-0.719821
-0.72625566
-0.7244978
-0.71920246
-0.71963984
-0.72268397
-0.72603184
-0.72107095
-0.717929
-0.71396285
-0.72251385
-0.72327805
-0.7254524
-0.72475076
-0.7236088
-0.72320056
-0.7195672
-0.71949273
-0.72016513
-0.7244672
-0.72062665
-0.72403675
-0.7171654
-0.7193355
-0.71842
-0.7201066
-0.72123736
-0.71777725
-0.72380346
-0.7269485
-0.7144227
-0.7186516
-0.7238352
-0.72030395
-0.72103757
-0.72242695
-0.7244331
-0.72354513
-0.72253686
-0.71533036
-0.72162724
-0.7191394
-0.7239427
-0.7222208
-0.72976464
-0.71240294
-0.72042155
-0.7257091
-0.72278607
-0.7234135
-0.7188176
-0.72673213
-0.7215489
-0.7220849
-0.7211875
-0.7233352
-0.721052
-0.71977335
-0.7222659
-0.7172956
-0.73069406
-0.7224978
-0.7227556
-0.72049105
-0.71821433
-0.7253566
-0.7205113
-0.72239107
-0.7267868
-0.7208914
-0.7186245
-0.71909094
-0.72187746
-0.72341233
-0.7160834
-0.71878904
-0.726192
-0.7259489
-0.72289324
-0.7186906
-0.7249213
-0.7207661
-0.7278939
-0.7292588
-0.7174892
-0.7290327
-0.72561616
-0.72011626
-0.72577035
-0.72236145
-0.72025204
-0.7220935
-0.72364986
-0.7178331
-0.7217252
-0.72844326
-0.7157131
-0.71670526
-0.72353584
-0.7260671
-0.72369
-0.7187465
-0.725733
-0.72191554
-0.72370654
-0.7201597
-0.720909
-0.72459644
-0.72066104
-0.7211618
-0.7223676
-0.7239524
-0.72038287
-0.72995377
-0.7200362
-0.7209033
-0.7218611
-0.7228835
-0.7227642
-0.71996206
-0.72325146
-0.7253064
-0.7287928
-0.7139281
-0.72977173
-0.72781235
-0.7243485
-0.7260865
-0.72110635
-0.7210661
-0.7238595
-0.7204325
-0.72515744
-0.73274434
-0.7250837
-0.72226846
-0.71950495
-0.7209513
-0.722316
-0.724146
-0.72873616
-0.7231256
-0.7303638
-0.7271174
-0.7253226
-0.71823883
-0.7194469
-0.7228143
-0.723361
-0.72355944
-0.7196666
-0.7269057
-0.71384346
-0.7278751
-0.7243459
-0.7296759
-0.72820145
-0.72148424
-0.7216921
-0.7241147
-0.72463083
-0.72756994
-0.7266437
-0.72630435
-0.7258075
-0.7086602
-0.7188944
-0.7292641
-0.72641605
-0.7311461
-0.727897
-0.7218518
-0.7204682
-0.7255747
-0.7298833
-0.7303881
-0.7301435
-0.72632396
-0.7216346
-0.7261981
-0.72219104
-0.7248954
-0.7298566
-0.7198923
-0.72202563
-0.72322536
-0.72225076
-0.7199371
-0.73555815
-0.7232918
-0.7276262
-0.72178185
-0.727367
-0.72877383
-0.7248738
-0.72339934
-0.72693205
-0.7213246
-0.7245027
-0.7234451
-0.7268493
-0.72379816
-0.7227356
-0.7272686
-0.7296626
-0.726419
-0.7266691
-0.7289013
-0.7184561
-0.72233903
-0.7256249
-0.7184419
-0.7219052
-0.7209821
-0.72708994
-0.7239532
-0.7265972
-0.7221257
-0.7274344
-0.7272376
-0.7288933
-0.72119755
-0.72059536
-0.73104244
-0.72798824
-0.72690946
-0.723028
-0.7288632
-0.7243644
-0.7250922
-0.72974545
-0.7241012
-0.7264624
-0.72376364
-0.72417814
-0.72716576
-0.7232018
-0.72105986
-0.72114223
-0.7211487
-0.725637
-0.7261701
-0.7283286
-0.72056264
-0.7256631
-0.7248185
-0.7256553
-0.7261883
-0.7302762
-0.7268095
-0.7261036
-0.722695
-0.7224275
-0.7266438
-0.72930086
-0.72858286
-0.7251386
-0.7199404
-0.72407305
-0.7190159
-0.73273027
-0.7273249
-0.7281975
-0.72602135
-0.7271018
-0.7267589
-0.73249835
-0.71716243
-0.7264193
-0.719782
-0.7258434
-0.72200495
-0.71909237
-0.7262237
-0.7224239
-0.7196118
-0.72736925
-0.72771996
-0.7242688
-0.7244297
-0.72737813
-0.73103064
-0.7223254
-0.72883785
-0.7254514
-0.72259134
-0.7247765
-0.72731566
-0.7275601
-0.7236676
-0.72256076
-0.7242042
-0.7246736
-0.72013485
-0.73196435
-0.7262802
-0.72905135
-0.7283883
-0.73029125
-0.72989035
-0.7292103
-0.7273964
-0.7248998
-0.7316013
-0.72663194
-0.7228734
-0.7264053
-0.72739536
-0.7372005
-0.7256902
-0.7230919
-0.72292835
-0.73033285
-0.7279672
-0.7271858
-0.7324177
-0.7318288
-0.72343624
-0.7289479
-0.7311816
-0.7287405
-0.72615755
-0.7243299
-0.72613454
-0.7239904
-0.7277467
-0.7273074
-0.72407436
-0.7231082
-0.7297157
-0.7264729
-0.7286947
-0.7299247
-0.7313779
-0.72548383
-0.72521245
-0.72761804
-0.73092717
-0.7198956
-0.73149216
-0.7267822
-0.73524314
-0.7328827
-0.7289848
-0.7282862
-0.72933114
-0.72478753
-0.7222647
-0.7273308
-0.7270529
-0.7226672
-0.7281894
-0.72403157
-0.7287408
-0.73487204
-0.7277148
-0.7310343
-0.7277202
-0.7357767
-0.72952604
-0.72448766
-0.72965103
-0.7289325
-0.72797054
-0.72691953
-0.7295684
-0.7284761
-0.72195745
-0.7290298
-0.7270689
-0.7247286
-0.72882193
-0.72710377
-0.73042446
-0.73179984
-0.73091495
-0.7302603
-0.72727305
-0.72346866
-0.725208
-0.7288527
-0.7284712
-0.72672933
-0.72692597
-0.7304734
-0.7292771
-0.7282854
-0.72848976
-0.72571445
-0.7245606
-0.73028135
-0.72698236
-0.7297685
-0.7342255
-0.7286186
-0.72292316
-0.7225067
-0.7300862
-0.731343
-0.72797155
-0.72977847
-0.7284333
-0.72789896
-0.7296878
-0.7246381
-0.72882277
-0.7275263
-0.7272579
-0.7282434
-0.729748
-0.73125273
-0.72977895
-0.7283826
-0.730829
-0.73337513
-0.73306984
-0.7299189
-0.72635657
-0.7311925
-0.7254112
-0.72926235
-0.7289423
-0.7279753
-0.733307
-0.7271766
-0.7264953
-0.7293502
-0.72248596
-0.7236945
-0.7274706
-0.72846
-0.72327954
-0.7316697
-0.7337862
-0.72788507
-0.7299484
-0.7252238
-0.73479307
-0.7288892
-0.73384935
-0.73242694
-0.73082036
-0.7256189
-0.73162895
-0.7316296
-0.73550016
-0.7307853
-0.73363096
-0.7306213
-0.7359818
-0.73262745
-0.7335149
-0.7361477
-0.7386764
-0.7287023
-0.7330298
-0.729582
-0.73560894
-0.7328739
-0.7317917
-0.7332388
-0.73027235
-0.732275
-0.7295524
-0.73347193
-0.72876394
-0.7295148
-0.7326196
-0.7322112
-0.7321767
-0.73567325
-0.7366163
-0.7361162
-0.7342326
-0.73639673
-0.729016
-0.7305575
-0.73137856
-0.7306509
-0.7300226
-0.72886395
-0.7288649
-0.7301746
-0.7338022
-0.7348965
-0.7362838
-0.73202616
-0.73029447
-0.7361069
-0.7272359
-0.726788
-0.73590124
-0.73379654
-0.72546154
-0.7372144
-0.73197204
-0.7249891
-0.7358113
-0.73414856
-0.73162854
-0.736728
-0.72440565
-0.7313876
-0.7352465
-0.72483784
-0.7266231
-0.7421126
-0.7359807
-0.73523283
-0.7346849
-0.74173075
-0.7319507
-0.7329752
-0.7376531
-0.72570044
-0.7379344
-0.7358987
-0.7325016
-0.735919
-0.7276512
-0.73471206
-0.72898823
-0.7312192
-0.7340045
-0.7306693
-0.7303671
-0.7302267
-0.7307258
-0.7300759
-0.7352797
-0.7277275
-0.73757493
-0.7331765
-0.73075855
-0.72456473
-0.73381376
-0.7358223
-0.738425
-0.732998
-0.72674614
-0.7308915
-0.7329373
-0.73194325
-0.7310489
-0.72664493
-0.7309093
-0.7332192
-0.7314928
-0.73608935
-0.72843534
-0.7350462
-0.7351844
-0.73239267
-0.7338597
-0.7294744
-0.7322805
-0.7316644
-0.73136777
-0.7379885
-0.73043245
-0.73097533
-0.7284346
-0.7332511
-0.7329649
-0.7359557
-0.7298378
-0.7308098
-0.7288592
-0.7355631
-0.73021406
-0.73347574
-0.728382
-0.7313596
-0.7347995
-0.73806673
-0.7349274
-0.73208475
-0.7279407
-0.7278414
-0.7364898
-0.7331881
-0.73941207
-0.7363737
-0.72769964
-0.7288316
-0.7304488
-0.73756087
-0.7301227
-0.7303559
-0.72910786
-0.7297267
-0.73592764
-0.73438776
-0.7296775
-0.7315066
-0.73445594
-0.7251912
-0.725443
-0.73348606
-0.7322686
-0.73339313
-0.73581475
-0.7306965
-0.7421136
-0.72919464
-0.73542684
-0.72922564
-0.7354944
-0.74029505
-0.7320678
-0.7323222
-0.73711306
-0.7393724
-0.73355824
-0.7338233
-0.7360113
-0.7363786
-0.7363023
-0.74245614
-0.73431444
-0.736739
-0.73419356
-0.728144
-0.7436134
-0.73343134
-0.7296947
-0.7358038
-0.7406463
-0.738751
-0.7332588
-0.738157
-0.7380617
-0.73406404
-0.7419649
-0.7350271
-0.7346945
-0.7385944
-0.7308601
-0.7361294
-0.73531246
-0.7361241
-0.7395191
-0.7328697
-0.73731726
-0.7375121
-0.73249453
-0.735367
-0.7406427
-0.7398977
-0.73536605
-0.73459285
-0.72820973
-0.73794323
-0.7348912
-0.7308346
-0.74026257
-0.7331275
-0.73341274
-0.7354956
-0.7308996
-0.7390399
-0.7372771
-0.74159783
-0.73321646
-0.73421705
-0.73603976
-0.7355525
-0.74166363
-0.7326619
-0.7338911
-0.73740155
-0.7343127
-0.7369145
-0.7284305
-0.7397402
-0.72718555
-0.73147565
-0.7317542
-0.7348769
-0.7338925
-0.7377269
-0.7338226
-0.74299437
-0.73848295
-0.73908174
-0.73427176
-0.7309822
-0.74215025
-0.7369395
-0.7372369
-0.7358027
-0.7377994
-0.7389279
-0.7348178
-0.73440725
-0.74069524
-0.7359641
-0.7408312
-0.74441504
-0.7385204
-0.73694694
-0.7331982
-0.72827923
-0.7250518
-0.7352719
-0.7327031
-0.73896277
-0.73627406
-0.74069583
-0.74067515
-0.73138607
-0.7394704
-0.7409478
-0.7387367
-0.7331941
-0.7423803
-0.72961307
-0.7414456
-0.7371047
-0.73432237
-0.7454054
-0.73532295
-0.737814
-0.73054683
-0.73424315
-0.7379398
-0.73704594
-0.7397585
-0.73618096
-0.740082
-0.74190277
-0.7380455
-0.73343986
-0.7353722
-0.7395401
-0.7340231
-0.74237067
-0.74121773
-0.73659754
-0.7313936
-0.7326868
-0.7365215
-0.73823476
-0.7329341
-0.7371046
-0.7388197
-0.7318373
-0.74018866
-0.73514163
-0.73738956
-0.7381949
-0.73290044
-0.73907036
-0.7340103
-0.731601
-0.7353547
-0.7394553
-0.7373381
-0.7304917
-0.73478246
-0.7350774
-0.7388448
-0.741065
-0.74299264
-0.7326673
-0.74005437
-0.7350215
-0.73220575
-0.72880703
-0.7353602
-0.7353653
-0.7436315
-0.73643833
-0.73353845
-0.7360116
-0.7411846
-0.7383935
-0.7326021
-0.73621
-0.74279153
-0.7360066
-0.7371391
-0.740286
-0.7335897
-0.73469085
-0.7400824
-0.7411501
-0.73667
-0.7398699
-0.7422381
-0.73351383
-0.738737
-0.74304926
-0.73546296
-0.7380983
-0.7426809
-0.7355284
-0.7364113
-0.7410266
-0.73718846
-0.738952
-0.7364943
-0.73672926
-0.74372065
-0.73408985
-0.73589617
-0.7409411
-0.73515385
-0.73952186
-0.7378046
-0.73612404
-0.7418079
-0.7385531
-0.7389145
-0.7445909
-0.7358035
-0.73216313
-0.7481084
-0.74252295
-0.734517
-0.7310216
-0.74227047
-0.7389789
-0.7334859
-0.7368121
-0.7346745
-0.74044645
-0.7385773
-0.7336935
-0.734062
-0.7434418
-0.73431444
-0.7385554
-0.73505014
-0.74310213
-0.74239445
-0.73908913
-0.738127
-0.7432232
-0.7336764
-0.73506606
-0.73385
-0.7453057
-0.74188447
-0.7386903
-0.739565
-0.740533
-0.7402
-0.7416954
-0.7391991
-0.73472923
-0.7301341
-0.74125004
-0.74084294
-0.7358586
-0.7391672
-0.7465868
-0.73729956
-0.7431987
-0.73786837
-0.7386277
-0.7308865
-0.7339617
-0.73857766
-0.7440575
-0.74101925
-0.7438274
-0.74000597
-0.73859215
-0.7394553
-0.74146235
-0.74423605
-0.7353951
-0.74416345
-0.7338635
-0.7444732
-0.73959225
-0.7360629
-0.7404049
-0.7390935
-0.74004996
-0.73055565
-0.73534846
-0.743562
-0.74262905
-0.73689926
-0.74408436
-0.7417456
-0.7407091
-0.742099
-0.7399324
-0.73631114
-0.74527484
-0.7397149
-0.7394309
-0.73872334
-0.7390218
-0.73665327
-0.7441553
-0.7372825
-0.73913616
-0.73655134
-0.74641657
-0.7434343
-0.7347706
-0.7422789
-0.74015594
-0.7425193
-0.7441467
-0.7408871
-0.7309306
-0.7386471
-0.7430498
-0.7417469
-0.74209636
-0.736299
-0.735255
-0.73422164
-0.73971957
-0.7467666
-0.74299335
-0.7422351
-0.740326
-0.74296844
-0.74261457
-0.7383719
-0.74426
-0.7391931
-0.7398109
-0.74284744
-0.73760664
-0.74485844
-0.7397881
-0.7403904
-0.7367807
-0.73876536
-0.74582434
-0.73905975
-0.7337792
-0.74050766
-0.74496996
-0.7357775
-0.7372654
-0.73770595
-0.7410479
-0.7354346
-0.74206066
-0.73703635
-0.7371416
-0.74199796
-0.7428105
-0.74058574
-0.7403456
-0.7424546
-0.74359846
-0.74317914
-0.742493
-0.73503834
-0.73789567
-0.7489777
-0.7403457
-0.73806345
-0.74341035
-0.74319637
-0.740659
-0.7419551
-0.73809594
-0.743835
-0.7462459
-0.73791313
-0.7356353
-0.7393537
-0.74026096
-0.7415416
-0.7425656
-0.7414855
-0.73210555
-0.74739987
-0.7319644
-0.7384807
-0.74192697
-0.73650795
-0.7416906
-0.7388575
-0.7446622
-0.7447692
-0.74580276
-0.74425566
-0.7385679
-0.7423531
-0.744294
-0.74076325
-0.7416257
-0.74108785
-0.7404174
-0.74648416
-0.7414719
-0.7352771
-0.7344204
-0.74018186
-0.7459274
-0.739772
-0.74216294
-0.73612034
-0.7438261
-0.73985165
-0.73824954
-0.73762125
-0.7383545
-0.7374832
-0.74306345
-0.74645567
-0.7419865
-0.7334003
-0.7358094
-0.73618925
-0.738677
-0.7377957
-0.74072456
-0.73987293
-0.7499657
-0.7498234
-0.73812896
-0.7433152
-0.7367507
-0.7467755
-0.743
-0.74175644
-0.7385118
-0.74687
-0.74172646
-0.7450754
-0.7466086
-0.73768604
-0.7394813
-0.7446961
-0.74235225
-0.7409962
-0.7474755
-0.7450844
-0.74432606
-0.73792857
-0.743104
-0.7392302
-0.7416804
-0.73808
-0.7469597
-0.7452866
-0.7412879
-0.7407837
-0.74810266
-0.7471669
-0.7399321
-0.73500454
-0.74096626
-0.7478687
-0.75319326
-0.7441986
-0.7335337
-0.73945004
-0.7408552
-0.7487028
-0.73831075
-0.74248385
-0.7436899
-0.74068475
-0.74245054
-0.74922514
-0.73941624
-0.7477857
-0.7445844
-0.7392712
-0.7392884
-0.7470595
-0.7439863
-0.7415498
-0.74715656
-0.7447296
-0.7462014
-0.7436486
-0.74328077
-0.740891
-0.7401792
-0.73959965
-0.7391493
-0.74341357
-0.73872036
-0.7409922
-0.7469763
-0.73866427
-0.7460552
-0.74645305
-0.74183863
-0.74776804
-0.7425639
-0.7444802
-0.7481692
-0.7440443
-0.74019736
-0.74028116
-0.7442292
-0.7468668
-0.74670124
-0.743886
-0.74042195
-0.7456295
-0.7424258
-0.74536616
-0.74249446
-0.7467331
-0.7470499
-0.740463
-0.74906266
-0.74851704
-0.74201375
-0.74531037
-0.74882185
-0.74214095
-0.74088544
-0.7487326
-0.7397211
-0.74473107
-0.7388958
-0.74601865
-0.7430396
-0.74876213
-0.74468875
-0.7524941
-0.7422341
-0.7422411
-0.7466177
-0.7397978
-0.7468109
-0.75250286
-0.74228513
-0.7431184
-0.74140894
-0.746321
-0.74480844
-0.74180406
-0.7436613
-0.7424907
-0.7461264
-0.74358875
-0.75123173
-0.7408042
-0.7448648
-0.744724
-0.7507884
-0.7408287
-0.7463026
-0.7432395
-0.7451662
-0.7485925
-0.74840933
-0.7449972
-0.74061257
-0.7499864
-0.7424044
-0.7427178
-0.74719334
-0.7459134
-0.74290895
-0.73974234
-0.74987525
-0.742442
-0.74544543
-0.74506277
-0.74708647
-0.74653256
-0.7415445
-0.74698776
-0.7494288
-0.74127895
-0.73853445
-0.74671394
-0.7437644
-0.7437393
-0.74287915
-0.7493925
-0.7503071
-0.749194
-0.7396269
-0.7469729
-0.7427428
-0.75129104
-0.74655735
-0.7447766
-0.7443366
-0.74941736
-0.742956
-0.7388675
-0.7434507
-0.7449893
-0.7509455
-0.7442659
-0.75121367
-0.74836916
-0.7454734
-0.74113595
-0.74072224
-0.7415577
-0.7425454
-0.74386716
-0.74371743
-0.74891317
-0.738094
-0.7443651
-0.7485961
-0.7385268
-0.7493354
-0.74699366
-0.7428372
-0.74294734
-0.74622375
-0.7390854
-0.7434164
-0.74463314
-0.7493351
-0.74849135
-0.74248564
-0.743235
-0.7493497
-0.7461124
-0.74585927
-0.74282074
-0.743974
-0.7463644
-0.7481745
-0.74564934
-0.7430346
-0.74749726
-0.74626094
-0.74740094
-0.75063026
-0.7437845
-0.74631554
-0.7452412
-0.7460743
-0.7528649
-0.7406708
-0.7467286
-0.7423545
-0.74530804
-0.74685913
-0.74764246
-0.74713373
-0.750201
-0.74179167
-0.7443917
-0.74868596
-0.7454432
-0.7455345
-0.74058706
-0.74386823
-0.74786615
-0.7477683
-0.74689907
-0.7440898
-0.74838483
-0.74071306
-0.7403525
-0.74862397
-0.7435465
-0.7455477
-0.7411753
-0.74593496
-0.7500135
-0.74260455
-0.7502394
-0.7396986
-0.7480786
-0.74194723
-0.743776
-0.7469096
-0.7504728
-0.7546331
-0.7493155
-0.74584806
-0.7454248
-0.74433213
-0.7438659
-0.7433594
-0.7494645
-0.750032
-0.74671125
-0.7426146
-0.7464108
-0.7442973
-0.74926144
-0.7405968
-0.7499113
-0.746106
-0.7491696
-0.7458141
-0.74521184
-0.7461498
-0.7527929
-0.7417362
-0.7518264
-0.746736
-0.7534274
-0.7438383
-0.74587595
-0.7463826
-0.7459559
-0.74457014
-0.7469881
-0.7479159
-0.7433583
-0.7495651
-0.7475421
-0.74818873
-0.7427705
-0.7506513
-0.7489696
-0.7469929
-0.74609536
-0.7434698
-0.7482288
-0.7462352
-0.75036544
-0.75408524
-0.7438313
-0.7492758
-0.7512295
-0.7475043
-0.74973327
-0.75518495
-0.74814254
-0.74963665
-0.75750524
-0.7528775
-0.7481971
-0.74864084
-0.7438675
-0.74989706
-0.7505183
-0.7443161
-0.7500937
-0.74811757
-0.7470058
-0.74651325
-0.7484774
-0.7428028
-0.752007
-0.75397736
-0.74967754
-0.75146955
-0.74756235
-0.7447976
-0.7489538
-0.74994856
-0.75063866
-0.7546074
-0.74489194
-0.7519763
-0.7459635
-0.7531192
-0.75198346
-0.7511246
-0.74887836
-0.7492005
-0.7465256
-0.7441811
-0.74520504
-0.74942005
-0.75274837
-0.74915636
-0.74543834
-0.7480591
-0.74351156
-0.7469451
-0.75044066
-0.7485056
-0.7554648
-0.7529324
-0.7512041
-0.7466167
-0.7537126
-0.75523025
-0.74034655
-0.7553616
-0.7513933
-0.74923486
-0.74564475
-0.7542009
-0.75272787
-0.74636376
-0.7564305
-0.7506557
-0.74508953
-0.751714
-0.7478664
-0.74846363
-0.7504515
-0.7503023
-0.7512598
-0.7486701
-0.7533852
-0.7499278
-0.7520708
-0.74731463
-0.74870396
-0.748982
-0.74395496
-0.74691164
-0.7495424
-0.751335
-0.7494799
-0.7478421
-0.74723417
-0.74941015
-0.751006
-0.75032043
-0.7525107
-0.7445492
-0.74638397
-0.74586546
-0.7442062
-0.75030786
-0.74725854
-0.7468546
-0.7426902
-0.75426406
-0.75310874
-0.7482507
-0.74578816
-0.7449202
-0.74977285
-0.7412319
-0.7548961
-0.75015426
-0.7562157
-0.7495089
-0.74952286
-0.7474135
-0.7512501
-0.7519683
-0.75242233
-0.7505435
-0.7482394
-0.74926037
-0.747683
-0.7504108
-0.75570625
-0.7531886
-0.75118685
-0.7520507
-0.7454644
-0.74790436
-0.7530023
-0.7550563
-0.7523151
-0.7561529
-0.7417531
-0.748231
-0.7550995
-0.7491366
-0.7537564
-0.74951446
-0.7472435
-0.7481081
-0.74265033
-0.7459285
-0.75378835
-0.7466105
-0.7495554
-0.7486761
-0.7554623
-0.7480036
-0.74510247
-0.75671124
-0.7512636
-0.74824494
-0.75681263
-0.74940425
-0.751633
-0.7529925
-0.7513822
-0.7512745
-0.7495747
-0.7502119
-0.74779093
-0.7491382
-0.7526495
-0.746058
-0.7471893
-0.7528978
-0.7531795
-0.7570535
-0.7481391
-0.74406755
-0.7465677
-0.7494361
-0.74988556
-0.75052637
-0.7512889
-0.75222534
-0.75391483
-0.7461777
-0.749956
-0.7559587
-0.74261576
-0.7501976
-0.7491058
-0.74961793
-0.75077116
-0.7513915
-0.751095
-0.75008726
-0.7447791
-0.7527092
-0.7529973
-0.75181204
-0.75252837
-0.7542386
-0.7526935
-0.7481107
-0.7536227
-0.7495328
-0.7478849
-0.7593252
-0.7473616
-0.7533955
-0.7486521
-0.7555878
-0.7458097
-0.75259227
-0.7497438
-0.7512585
-0.7526709
-0.7476384
-0.7430788
-0.7516722
-0.74983513
-0.75242996
-0.7605102
-0.7546968
-0.74782526
-0.74614614
-0.74671865
-0.7493665
-0.7567729
-0.7527538
-0.7592582
-0.7505482
-0.74810016
-0.75571734
-0.7513769
-0.74971944
-0.75109184
-0.75309867
-0.74822223
-0.7528065
-0.7518126
-0.7558199
-0.7503502
-0.7533494
-0.75644374
-0.7537838
-0.7565978
-0.752877
-0.7510553
-0.74898523
-0.7572693
-0.7562551
-0.75048786
-0.75468606
-0.7493081
-0.7502343
-0.7496618
-0.74889994
-0.75479716
-0.75663275
-0.7495444
-0.74806803
-0.754252
-0.7524439
-0.74878174
-0.75469714
-0.7480275
-0.75066036
-0.751983
-0.75322706
-0.7533146
-0.7461907
-0.7532561
-0.75122434
-0.75423366
-0.7531516
-0.7567268
-0.7539778
-0.7546956
-0.7497324
-0.75455284
-0.7493661
-0.74832916
-0.7450836
-0.75274456
-0.7483699
-0.7550499
-0.75608444
-0.7546493
-0.75296867
-0.757713
-0.7522515
-0.75767004
-0.7502816
-0.7530605
-0.74860173
-0.7577143
-0.7541863
-0.7504649
-0.75328016
-0.759122
-0.74823266
-0.7520608
-0.7589789
-0.7539458
-0.7508621
-0.7555983
-0.7553815
-0.75351703
-0.7498887
-0.75176483
-0.75063246
-0.7557938
-0.753962
-0.74863523
-0.7577799
-0.75204027
-0.75210124
-0.7517659
-0.75091517
-0.7549068
-0.75077456
-0.7497832
-0.75366426
-0.7545919
-0.7496629
-0.7527852
-0.7533481
-0.75711346
-0.7589405
-0.7489521
-0.749963
-0.7538802
-0.75675
-0.7621379
-0.7576364
-0.7504517
-0.7506838
-0.75404453
-0.74938655
-0.74984914
-0.7512942
-0.74968743
-0.75294
-0.7561417
-0.7504645
-0.7499891
-0.7454438
-0.7607837
-0.75535417
-0.7515914
-0.746312
-0.74852616
-0.7479852
-0.75046074
-0.7586688
-0.75540835
-0.75299335
-0.75641006
-0.7497408
-0.75230545
-0.75631744
-0.74838287
-0.75240946
-0.7560404
-0.7585134
-0.76008135
-0.75718224
-0.75358695
-0.7575379
-0.75933063
-0.7538249
-0.75588983
-0.75184685
-0.75820976
-0.7532555
-0.75633925
-0.7624381
-0.7482523
-0.75512445
-0.7554069
-0.7529961
-0.7606366
-0.7507795
-0.7499546
-0.7548457
-0.75602955
-0.7578357
-0.7545072
-0.75214547
-0.75449353
-0.7585152
-0.75930524
-0.755002
-0.76017016
-0.75377697
-0.75357836
-0.75814736
-0.75138557
-0.75755304
-0.758184
-0.75918967
-0.7537443
-0.7558348
-0.7579919
-0.7489673
-0.7565557
-0.7516656
-0.75415623
-0.7597827
-0.7493973
-0.7601973
-0.75497025
-0.7566729
-0.75672656
-0.75513196
-0.7510845
-0.7528631
-0.75769234
-0.75912786
-0.75293857
-0.75694215
-0.7537006
-0.7528498
-0.75627935
-0.7545694
-0.7553037
-0.7581756
-0.7523375
-0.75947964
-0.7551745
-0.7578725
-0.7556059
-0.7542515
-0.75898486
-0.7602681
-0.7534835
-0.7562681
-0.7577149
-0.75564176
-0.7493902
-0.7545068
-0.75770164
-0.7600549
-0.7580286
-0.7603919
-0.75219923
-0.75197566
-0.75654507
-0.75660473
-0.7555445
-0.76316357
-0.75904155
-0.7564441
-0.75588614
-0.7601925
-0.7576572
-0.7541052
-0.7559323
-0.75177705
-0.75469553
-0.753964
-0.7493858
-0.7554736
-0.75310516
-0.75307703
-0.7523344
-0.75817186
-0.75736684
-0.75344473
-0.75621706
-0.7593723
-0.7564611
-0.75205433
-0.7503916
-0.75973254
-0.7568109
-0.75507367
-0.74433583
-0.75450265
-0.75214666
-0.7564763
-0.7547382
-0.7582537
-0.74712723
-0.75996214
-0.7536419
-0.75818735
-0.75665957
-0.75679976
-0.7585515
-0.754158
-0.7501803
-0.7546517
-0.75606364
-0.762028
-0.7565666
-0.7550337
-0.7555614
-0.75649893
-0.75834006
-0.7541281
-0.7603403
-0.76145536
-0.7613714
-0.74949867
-0.75288755
-0.7551388
-0.7542254
-0.75821036
-0.7571007
-0.76552945
-0.7564798
-0.7622824
-0.7531314
-0.75832194
-0.7613943
-0.75340575
-0.7651169
-0.75832546
-0.7596438
-0.75690967
-0.7545537
-0.7558407
-0.755079
-0.75086814
-0.75682074
-0.75355464
-0.7571595
-0.7568752
-0.75693333
-0.7608939
-0.7579628
-0.7607516
-0.7621853
-0.75788826
-0.7576476
-0.75664926
-0.7517967
-0.7571655
-0.757149
-0.75984216
-0.75930387
-0.763561
-0.7547782
-0.7546133
-0.76029307
-0.7560727
-0.75753677
-0.75907105
-0.75934964
-0.75325894
-0.75482726
-0.7529152
-0.75771177
-0.75684106
-0.76634806
-0.7592215
-0.7605573
-0.7533861
-0.76649725
-0.7568341
-0.7601592
-0.7603037
-0.75821453
-0.7530827
-0.7602882
-0.7569369
-0.7672969
-0.75965405
-0.7570359
-0.7596139
-0.75251484
-0.7590281
-0.75284976
-0.7595343
-0.75918734
-0.7607266
-0.75652415
-0.76468307
-0.7541617
-0.75460076
-0.7601125
-0.7603568
-0.75607723
-0.7578582
-0.7563827
-0.7609902
-0.763175
-0.7533761
-0.766512
-0.76033914
-0.7635612
-0.76150876
-0.7593385
-0.7575566
-0.75478804
-0.7595046
-0.761737
-0.76151425
-0.7655587
-0.760579
-0.7603378
-0.75698084
-0.7568471
-0.759976
-0.759196
-0.7607592
-0.7518774
-0.7630592
-0.75900745
-0.7586772
-0.75691056
-0.7586953
-0.75860983
-0.753199
-0.76186836
-0.7559065
-0.7618694
-0.751816
-0.75481755
-0.7634732
-0.75883776
-0.75844157
-0.76304954
-0.7557157
-0.76295304
-0.756843
-0.7591087
-0.75896555
-0.76000804
-0.75945485
-0.76392734
-0.75578624
-0.75895303
-0.75780326
-0.7594776
-0.7562724
-0.75939643
-0.7625565
-0.7591735
-0.7653688
-0.7621858
-0.7644674
-0.7639694
-0.75681096
-0.761297
-0.7567386
-0.76249737
-0.75610703
-0.75673866
-0.7591576
-0.76131344
-0.7606089
-0.76055765
-0.75739604
-0.7634023
-0.7560042
-0.761273
-0.7643532
-0.7646642
-0.75629705
-0.75635374
-0.7580137
-0.7589328
-0.76141465
-0.7575132
-0.7574028
-0.7633029
-0.76250404
-0.7610641
-0.75242585
-0.7606171
-0.76249343
-0.7635257
-0.763744
-0.7613078
-0.76362175
-0.7609853
-0.75929224
-0.7553544
-0.75614434
-0.76573026
-0.7668607
-0.7613177
-0.76427567
-0.76083255
-0.75285196
-0.7603612
-0.7580129
-0.7619073
-0.75904715
-0.7606611
-0.7623032
-0.7610954
-0.76267326
-0.75903404
-0.7574978
-0.763591
-0.7624889
-0.76422244
-0.758792
-0.7622259
-0.7602119
-0.76066494
-0.76004446
-0.76136756
-0.76121616
-0.77376556
-0.76622546
-0.760145
-0.7572942
-0.76373553
-0.7579478
-0.75931144
-0.7621238
-0.75646996
-0.7645057
-0.7589506
-0.757907
-0.7644154
-0.77076054
-0.76316565
-0.7562379
-0.765226
-0.76358753
-0.76044655
-0.7584881
-0.7651868
-0.7626731
-0.75972605
-0.7632321
-0.76194113
-0.76256794
-0.7654454
-0.75947994
-0.7671216
-0.76068807
-0.763551
-0.7643432
-0.7599372
-0.7613739
-0.7628127
-0.76165795
-0.75898165
-0.7637681
-0.7606054
-0.75967604
-0.7628546
-0.7542699
-0.76682246
-0.75661623
-0.7631188
-0.76059777
-0.7644235
-0.76694834
-0.76083046
-0.7691923
-0.76444787
-0.76587033
-0.7600645
-0.7638439
-0.7613246
-0.763175
-0.758928
-0.76171654
-0.7601689
-0.766558
-0.76598436
-0.7638818
-0.7597594
-0.76270014
-0.76533127
-0.76349205
-0.75674266
-0.7606013
-0.76321214
-0.764881
-0.75686055
-0.75878596
-0.7669273
-0.7590855
-0.76960635
-0.76568395
-0.75875556
-0.76446295
-0.7594406
-0.7589166
-0.76397955
-0.7546624
-0.7583006
-0.7655239
-0.7637812
-0.76204944
-0.7614934
-0.7652756
-0.76568097
-0.7686534
-0.76877165
-0.7609143
-0.7630047
-0.7568368
-0.76553917
-0.76183635
-0.76326466
-0.76167995
-0.7572533
-0.7599025
-0.76329863
-0.7656162
-0.7669939
-0.76804674
-0.76361626
-0.7591443
-0.76252055
-0.7614848
-0.76342773
-0.7631999
-0.7629839
-0.76144344
-0.76094115
-0.76600176
-0.758518
-0.76747644
-0.7603243
-0.7625348
-0.7648589
-0.76410997
-0.7532809
-0.7642725
-0.77071464
-0.76497096
-0.7682653
-0.7702238
-0.7574911
-0.76955545
-0.7634384
-0.7628978
-0.770197
-0.7661486
-0.76321816
-0.76585275
-0.7578395
-0.7634337
-0.76120585
-0.76050997
-0.75781
-0.7686689
-0.77024835
-0.75938517
-0.7619281
-0.75928813
-0.75843495
-0.7620538
-0.76585954
-0.76410043
-0.76452345
-0.7645386
-0.75895035
-0.766683
-0.7653653
-0.75543123
-0.77071387
-0.7619312
-0.7644181
-0.76277304
-0.7666457
-0.76688737
-0.7593752
-0.7669516
-0.7610471
-0.76594114
-0.76280487
-0.76798236
-0.7623922
-0.75823
-0.7656829
-0.76102334
-0.76498485
-0.7571384
-0.76675993
-0.7632099
-0.7607161
-0.76117575
-0.76120573
-0.76134014
-0.7629535
-0.7660071
-0.7633827
-0.76759136
-0.76354617
-0.76515454
-0.7637041
-0.768453
-0.77260816
-0.76751864
-0.7653727
-0.7628763
-0.7638697
-0.7599428
-0.7646556
-0.76083475
-0.77235705
-0.7672408
-0.7643056
-0.76392335
-0.7627985
-0.7611572
-0.76397413
-0.75961196
-0.7642221
-0.761824
-0.7641311
-0.7670041
-0.7658962
-0.7632794
-0.7644492
-0.7652576
-0.76661956
-0.7666631
-0.7626226
-0.7675318
-0.76307166
-0.76108044
-0.7699242
-0.76653653
-0.7694201
-0.763404
-0.76548076
-0.7665795
-0.7600562
-0.7603027
-0.7665034
-0.7690952
-0.7568631
-0.7677281
-0.76649666
-0.7670678
-0.7647228
-0.77410626
-0.76843125
-0.76282036
-0.7673833
-0.7623604
-0.76756454
-0.7624922
-0.7609023
-0.75946516
-0.7671415
-0.7696783
-0.75993943
-0.7657264
-0.7668559
-0.7642152
-0.76948524
-0.7669098
-0.7706844
-0.7637623
-0.75943285
-0.76671445
-0.76765496
-0.7668634
-0.7662564
-0.76500374
-0.76596355
-0.76508915
-0.7602213
-0.76150346
-0.7650358
-0.76791036
-0.77006876
-0.7655084
-0.765401
-0.76110685
-0.76889694
-0.7604626
-0.7617966
-0.7686542
-0.7591605
-0.7718499
-0.76850307
-0.7620882
-0.76020324
-0.7665769
-0.7632023
-0.76750803
-0.7648227
-0.7639468
-0.7651922
-0.7606473
-0.7595615
-0.76243323
-0.7684691
-0.77123815
-0.76714635
-0.76790094
-0.76227164
-0.763493
-0.76370126
-0.764463
-0.76344347
-0.7574636
-0.7622827
-0.76274157
-0.7638543
-0.7644946
-0.77230424
-0.77046394
-0.7649376
-0.76994455
-0.77050084
-0.76632094
-0.76359946
-0.76676726
-0.76407033
-0.76833063
-0.7651716
-0.7663351
-0.76725835
-0.7774981
-0.7679231
-0.760246
-0.7646376
-0.7652837
-0.7702227
-0.7702951
-0.766782
-0.7683303
-0.7665
-0.77069175
-0.76970726
-0.7618474
-0.7684174
-0.7653702
-0.7633893
-0.7707385
-0.7646017
-0.7617365
-0.7597887
-0.76434934
-0.76817423
-0.7652583
-0.76705104
-0.766966
-0.76802176
-0.76477444
-0.76839244
-0.7715856
-0.76394105
-0.77197486
-0.7732702
