-0.21100192
-0.21008551
-0.2152773
-0.21007638
-0.21932133
-0.22517698
-0.22255346
-0.20837466
-0.21700476
-0.22694282
-0.2312804
-0.21918409
-0.22994325
-0.22439696
-0.21920156
-0.22887759
-0.22980481
-0.23224197
-0.22685494
-0.24466753
-0.22517589
-0.23203322
-0.23759806
-0.23340836
-0.22564927
-0.23786683
-0.24813849
-0.2458865
-0.25356072
-0.2365562
-0.23098932
-0.24830845
-0.24075228
-0.25259018
-0.24676478
-0.24680991
-0.25110814
-0.2600573
-0.2578239
-0.2619655
-0.26216495
-0.25519043
-0.2578381
-0.25550264
-0.267651
-0.27046278
-0.26022318
-0.25472122
-0.27391547
-0.26775727
-0.2657593
-0.2710355
-0.26612756
-0.26696682
-0.27455455
-0.27439606
-0.2809137
-0.26879662
-0.2867543
-0.27328876
-0.27947116
-0.2630269
-0.27479178
-0.28525633
-0.26831916
-0.28950098
-0.28646547
-0.27987263
-0.29152194
-0.28081927
-0.28146964
-0.29552123
-0.27813756
-0.28442678
-0.29626897
-0.2881446
-0.29759791
-0.29232836
-0.30013576
-0.28373206
-0.29794234
-0.28586218
-0.29509863
-0.2897791
-0.2903422
-0.29806075
-0.29405224
-0.29285955
-0.30146617
-0.29636055
-0.30471098
-0.3010442
-0.29745647
-0.29915267
-0.2906204
-0.2996356
-0.29808387
-0.2912777
-0.29738307
-0.30114993
-0.29109445
-0.30859795
-0.30830362
-0.30162787
-0.3149722
-0.31320924
-0.30729526
-0.32130915
-0.3086179
-0.30956638
-0.30693763
-0.3102775
-0.3121504
-0.30516082
-0.30379722
-0.30689743
-0.3065924
-0.31368548
-0.32362506
-0.30198082
-0.3092697
-0.31245232
-0.31862056
-0.31421003
-0.3207975
-0.31634802
-0.3169315
-0.3112823
-0.30737966
-0.3131565
-0.3162312
-0.3157718
-0.33665696
-0.30290353
-0.31544566
-0.31213397
-0.31354296
-0.31734097
-0.31752923
-0.3161282
-0.31459013
-0.3049014
-0.31595755
-0.3198321
-0.31019375
-0.32570502
-0.33174476
-0.32155302
-0.31303674
-0.30746385
-0.31941888
-0.32302418
-0.3290468
-0.31763372
-0.31392622
-0.31826374
-0.31754446
-0.32049978
-0.31715697
-0.32146797
-0.32381833
-0.31707758
-0.3365192
-0.33681625
-0.32254562
-0.32762876
-0.34299132
-0.32589212
-0.32457075
-0.3209824
-0.33030176
-0.33373383
-0.3279856
-0.3251306
-0.32483932
-0.3268609
-0.33361164
-0.33766145
-0.3274601
-0.3446275
-0.3222951
-0.35164294
-0.3329486
-0.33630133
-0.3359438
-0.33807608
-0.33218783
-0.3325362
-0.3364252
-0.33349913
-0.3408826
-0.33674327
-0.3373183
-0.33375937
-0.34571883
-0.33842278
-0.3579878
-0.33662748
-0.3533241
-0.35906827
-0.33389595
-0.34410235
-0.35387617
-0.35285547
-0.35505095
-0.35013393
-0.34201378
-0.35108727
-0.3508819
-0.35080716
-0.33154565
-0.35404545
-0.34636772
-0.3634416
-0.36196852
-0.3472413
-0.348681
-0.33947903
-0.34717375
-0.3510636
-0.35963497
-0.34829324
-0.35552883
-0.3607898
-0.35263172
-0.3521873
-0.35406333
-0.34568587
-0.355615
-0.360255
-0.34983233
-0.3682635
-0.36322355
-0.3545243
-0.3574243
-0.35633868
-0.35718712
-0.3678808
-0.35511246
-0.35668093
-0.36157602
-0.35986248
-0.36929238
-0.35851812
-0.35999066
-0.36595657
-0.36192885
-0.3475874
-0.37283862
-0.36182296
-0.36412704
-0.36332056
-0.36675042
-0.38314673
-0.37644443
-0.35930726
-0.37949017
-0.3767969
-0.3837436
-0.3677217
-0.37182513
-0.37514153
-0.36890507
-0.3729399
-0.36631066
-0.3813463
-0.3825245
-0.3749594
-0.36903054
-0.38564655
-0.38153988
-0.3750476
-0.3823173
-0.3697095
-0.38432044
-0.3858113
-0.39129433
-0.39006078
-0.3805501
-0.3696939
-0.3877122
-0.37434465
-0.3927116
-0.38134816
-0.3781515
-0.392841
-0.38629293
-0.38117415
-0.38753992
-0.39443132
-0.39236918
-0.39995787
-0.39520139
-0.3879819
-0.3914336
-0.38806465
-0.3848511
-0.39632618
-0.38993335
-0.3863918
-0.40617546
-0.39927927
-0.3893606
-0.40644744
-0.39913914
-0.39215076
-0.39409998
-0.41052765
-0.4077648
-0.39616713
-0.40657705
-0.3999663
-0.402003
-0.4094532
-0.4051495
-0.39850792
-0.39677668
-0.40335754
-0.39391047
-0.39828146
-0.40133128
-0.40263042
-0.41090426
-0.41461396
-0.40403682
-0.40756133
-0.41659608
-0.40953532
-0.40175202
-0.41346613
-0.40838665
-0.4052807
-0.3980602
-0.41070047
-0.4197198
-0.41217193
-0.41915745
-0.4165294
-0.4126772
-0.42682388
-0.41707948
-0.41313198
-0.41978776
-0.42415106
-0.41664472
-0.41787407
-0.4253772
-0.42662448
-0.4266156
-0.423351
-0.42470896
-0.42937973
-0.42476884
-0.42124945
-0.43125638
-0.4290643
-0.43381172
-0.43185768
-0.4335394
-0.43433896
-0.43311775
-0.43023103
-0.4423574
-0.44224313
-0.44142634
-0.4457856
-0.4426654
-0.44577673
-0.4393995
-0.4485555
-0.45199856
-0.43647322
-0.45507327
-0.45502785
-0.43764907
-0.44362292
-0.44348016
-0.4523101
-0.4489377
-0.44427907
-0.45844227
-0.460327
-0.45032203
-0.45682648
-0.4618963
-0.46622205
-0.4426969
-0.4617524
-0.45844802
-0.4639628
-0.45671338
-0.46437624
-0.45649925
-0.46071282
-0.4619251
-0.45926842
-0.46183392
-0.45868316
-0.47251046
-0.46349016
-0.46912625
-0.4572487
-0.46791622
-0.4686957
-0.47764105
-0.47171873
-0.48613244
-0.46569026
-0.47359526
-0.47975373
-0.47618434
-0.47690862
-0.4746216
-0.4774859
-0.47479653
-0.4743623
-0.4815571
-0.47398213
-0.47538045
-0.4830609
-0.49603385
-0.48814628
-0.4870715
-0.48495623
-0.4862705
-0.48476458
-0.48968744
-0.48324805
-0.48779532
-0.47697714
-0.48821405
-0.4932341
-0.48323944
-0.4809287
-0.4745114
-0.48893917
-0.4889429
-0.48532087
-0.4937365
-0.48462248
-0.484802
-0.48629722
-0.49824336
-0.49035585
-0.48690853
-0.49658147
-0.50520957
-0.5048048
-0.49905616
-0.4951951
-0.49945143
-0.5038948
-0.50119513
-0.5050459
-0.5030124
-0.5100261
-0.50516343
-0.4992764
-0.5070696
-0.5060748
-0.50618833
-0.5076277
-0.50108653
-0.5110399
-0.5071907
-0.51041913
-0.5115769
-0.5073185
-0.5125382
-0.5123292
-0.5152892
-0.5268513
-0.513807
-0.5057753
-0.52028453
-0.52631813
-0.50729585
-0.5137731
-0.52354085
-0.5150835
-0.5138382
-0.5199365
-0.5149835
-0.5250376
-0.521561
-0.53538185
-0.5187231
-0.5203847
-0.5221888
-0.52108806
-0.5239377
-0.52074933
-0.52770716
-0.5236605
-0.5297622
-0.5310171
-0.5292104
-0.5320881
-0.52945656
-0.5295966
-0.5359856
-0.5365958
-0.5225731
-0.5286493
-0.53332645
-0.5285965
-0.5258331
-0.52908516
-0.53081614
-0.5322001
-0.53961384
-0.53789425
-0.5381743
-0.5332763
-0.5429285
-0.5334496
-0.54063374
-0.5309904
-0.5341743
-0.539442
-0.5362089
-0.5344698
-0.54141736
-0.54489243
-0.5351836
-0.5362709
-0.5519167
-0.5386801
-0.550581
-0.54759175
-0.5488992
-0.54271847
-0.5372953
-0.5363273
-0.5484632
-0.5596505
-0.5427541
-0.54882216
-0.54185516
-0.5405469
-0.5618728
-0.54971015
-0.5501352
-0.553495
-0.5559502
-0.55245835
-0.54729486
-0.55060846
-0.55651075
-0.55163723
-0.5584514
-0.55393106
-0.5457679
-0.55400777
-0.54246026
-0.5595209
-0.5603757
-0.5577479
-0.5568494
-0.56646067
-0.54850316
-0.55777335
-0.5538052
-0.54985994
-0.55731404
-0.56677234
-0.5726026
-0.56470513
-0.5683341
-0.5690411
-0.5573506
-0.5595918
-0.56115365
-0.5649133
-0.5669601
-0.56714606
-0.5627858
-0.5636895
-0.5591383
-0.5612251
-0.5516524
-0.56097096
-0.56036013
-0.5722977
-0.56161004
-0.57113576
-0.56196934
-0.5741919
-0.5761311
-0.56404734
-0.57213503
-0.57236207
-0.5777118
-0.5769071
-0.57681286
-0.5754038
-0.5755634
-0.5772648
-0.5757341
-0.57578456
-0.5721848
-0.581628
-0.58032936
-0.5767102
-0.57625633
-0.5764862
-0.5791151
-0.58278483
-0.5840846
-0.5807898
-0.5761007
-0.5819891
-0.57709926
-0.5730751
-0.57756615
-0.5808377
-0.58037686
-0.5883865
-0.58393645
-0.588903
-0.5806938
-0.5827137
-0.5909644
-0.5831786
-0.5846035
-0.584637
-0.59369
-0.58687264
-0.597546
-0.5990837
-0.58812135
-0.5802404
-0.5886103
-0.58703697
-0.590827
-0.591983
-0.59034044
-0.58941156
-0.601583
-0.5872048
-0.58732253
-0.5859558
-0.5840974
-0.5993095
-0.5904371
-0.60119355
-0.59628224
-0.59449416
-0.59546876
-0.58817434
-0.60010564
-0.60140437
-0.5933264
-0.59047663
-0.6009882
-0.59243745
-0.59103984
-0.59391695
-0.5950261
-0.5928516
-0.59555614
-0.594176
-0.59418863
-0.5971316
-0.590339
-0.59896016
-0.5949382
-0.5941018
-0.6020532
-0.5945986
-0.59245366
-0.6011092
-0.6002999
-0.5993313
-0.5855531
-0.59441847
-0.5973917
-0.5984965
-0.6000915
-0.6016534
-0.5970355
-0.6067845
-0.59695953
-0.6088308
-0.5973816
-0.59404826
-0.6019417
-0.60821617
-0.6040161
-0.5979303
-0.59963727
-0.6012006
-0.60729706
-0.59775984
-0.6029091
-0.59223515
-0.5979197
-0.6047447
-0.59603226
-0.5986698
-0.61544603
-0.6110398
-0.6118309
-0.6006297
-0.6042781
-0.6064948
-0.6114111
-0.60528606
-0.6056442
-0.60100144
-0.60382
-0.6042486
-0.59841585
-0.6096188
-0.6024132
-0.6056839
-0.60593235
-0.61333716
-0.6088331
-0.6100991
-0.61510015
-0.6112351
-0.6095475
-0.60557747
-0.5974562
-0.61123693
-0.6076359
-0.6089383
-0.6028527
-0.61645055
-0.60775185
-0.6189142
-0.59695864
-0.6130748
-0.6121781
-0.61020786
-0.61151797
-0.6117325
-0.61087346
-0.60730374
-0.6036787
-0.6034681
-0.6126773
-0.6131779
-0.6072599
-0.61997867
-0.61095184
-0.6174345
-0.6054804
-0.6071465
-0.61099625
-0.60894996
-0.61483246
-0.6144125
-0.6087727
-0.60553753
-0.6081023
-0.6055838
-0.6159862
-0.60778844
-0.60911477
-0.6035382
-0.609156
-0.61313224
-0.6225515
-0.6107311
-0.61581284
-0.6118316
-0.6205323
-0.6132544
-0.61374766
-0.6199613
-0.6148904
-0.6141851
-0.621245
-0.6123497
-0.6160077
-0.62429845
-0.61133957
-0.6217534
-0.61733156
-0.62120193
-0.6054537
-0.61381274
-0.6099841
-0.615045
-0.60543984
-0.61665875
-0.6150467
-0.617579
-0.61664474
-0.61211365
-0.63267547
-0.61332554
-0.60753345
-0.6249284
-0.61822104
-0.61587405
-0.61809945
-0.6195619
-0.6111877
-0.6262429
-0.6148881
-0.61894965
-0.6151599
-0.61972666
-0.6171282
-0.6207243
-0.6210608
-0.62770617
-0.61228704
-0.63267815
-0.6234182
-0.6109304
-0.6292107
-0.61799866
-0.62025005
-0.61934155
-0.61906564
-0.622017
-0.6181736
-0.62382334
-0.6275981
-0.6244092
-0.6089938
-0.61845315
-0.61540204
-0.61596906
-0.62358195
-0.6303459
-0.6200263
-0.61824286
-0.6240423
-0.6200213
-0.6303781
-0.60870534
-0.62284696
-0.6298578
-0.62417334
-0.63361794
-0.62626386
-0.6236164
-0.6138378
-0.6292701
-0.62505734
-0.62412417
-0.62133956
-0.6352818
-0.6341645
-0.62490404
-0.6311303
-0.6326045
-0.6219705
-0.6250765
-0.6273277
-0.6292089
-0.62800354
-0.6269381
-0.63459516
-0.6225352
-0.62306964
-0.6226144
-0.6207329
-0.6253611
-0.627067
-0.6339609
-0.62450284
-0.632945
-0.62805396
-0.6248699
-0.63649756
-0.6257346
-0.6222911
-0.6287111
-0.62169975
-0.631802
-0.6220763
-0.6289732
-0.6367373
-0.628056
-0.6346067
-0.6324975
-0.62362283
-0.6258858
-0.6320908
-0.6280502
-0.63549423
-0.6265037
-0.6351424
-0.639808
-0.6383445
-0.6315655
-0.6346278
-0.6283414
-0.627188
-0.6285795
-0.6331837
-0.63687676
-0.6332112
-0.63229537
-0.6405628
-0.63284653
-0.63746834
-0.6321198
-0.63168055
-0.63619554
-0.63148975
-0.6312127
-0.63720506
-0.64001054
-0.62768936
-0.6358648
-0.6262748
-0.6359961
-0.6318366
-0.63854605
-0.63632965
-0.6319187
-0.6398576
-0.63915044
-0.6372241
-0.62756956
-0.63062
-0.63587046
-0.6302496
-0.62853146
-0.6362282
-0.6376867
-0.64410734
-0.6288847
-0.63639563
-0.64199203
-0.62926143
-0.6314912
-0.6251364
-0.63413197
-0.6374748
-0.6332924
-0.62869906
-0.64221746
-0.63917553
-0.6337498
-0.63708425
-0.6346176
-0.63545865
-0.63135105
-0.6370089
-0.6401179
-0.6355424
-0.63603234
-0.6380714
-0.6311909
-0.636973
-0.6292455
-0.63618004
-0.6286233
-0.6383962
-0.63343525
-0.63639957
-0.6401666
-0.62368256
-0.6484466
-0.6371954
-0.6402976
-0.64479864
-0.63925546
-0.6343898
-0.6404664
-0.6389273
-0.6434889
-0.63939345
-0.6463706
-0.63738805
-0.6382893
-0.6311058
-0.6456803
-0.6378261
-0.6443943
-0.6322219
-0.6361814
-0.64294887
-0.63893145
-0.64708084
-0.65087086
-0.6376537
-0.63383895
-0.64541316
-0.6312182
-0.6398437
-0.6406888
-0.63709366
-0.63848776
-0.6382477
-0.63533294
-0.6271607
-0.6376151
-0.6374678
-0.6307774
-0.6396464
-0.6456861
-0.63885826
-0.6373443
-0.64080304
-0.63441825
-0.6439841
-0.64207566
-0.64467734
-0.63985395
-0.63750553
-0.62889403
-0.62995994
-0.63305634
-0.64896715
-0.6358429
-0.6500895
-0.6376579
-0.63600075
-0.64192677
-0.62860966
-0.64559394
-0.6423967
-0.6424521
-0.64113057
-0.6401411
-0.64339805
-0.6372511
-0.6334019
-0.64836115
-0.6360143
-0.6326465
-0.6478753
-0.63266546
-0.65043515
-0.6421327
-0.6320438
-0.6454598
-0.64065945
-0.64252055
-0.6417276
-0.6230968
-0.6406929
-0.63934803
-0.636559
-0.6350703
-0.6393691
-0.65033734
-0.63768995
-0.6365077
-0.6393727
-0.6441815
-0.6359913
-0.6459471
-0.6329432
-0.6417022
-0.6381002
-0.6404647
-0.6418831
-0.63948894
-0.63440025
-0.6316098
-0.6295128
-0.64314806
-0.63889307
-0.63621116
-0.63395894
-0.6433277
-0.64906853
-0.6414167
-0.6432826
-0.64812416
-0.6409806
-0.63552815
-0.63243353
-0.6405739
-0.65138507
-0.6440099
-0.628028
-0.64322144
-0.63687813
-0.63976294
-0.6599589
-0.6335246
-0.6388731
-0.6419173
-0.65173984
-0.6464205
-0.64829963
-0.63961124
-0.64459336
-0.6367557
-0.64871264
-0.64302725
-0.6440428
-0.6419695
-0.6490049
-0.65014386
-0.64749664
-0.63734335
-0.6373504
-0.6437784
-0.64559025
-0.6458722
-0.6451829
-0.65580064
-0.6470399
-0.6472388
-0.6496062
-0.64849645
-0.64528495
-0.6441068
-0.63443786
-0.6393519
-0.649564
-0.6481455
-0.6343324
-0.64983267
-0.64159095
-0.6451664
-0.655252
-0.6369038
-0.6478824
-0.646673
-0.6493618
-0.6532164
-0.6395535
-0.6398845
-0.6504872
-0.65100193
-0.64071876
-0.6443036
-0.64292103
-0.63926405
-0.6360339
-0.64698786
-0.6480071
-0.6344233
-0.6385528
-0.64980406
-0.65105855
-0.6480963
-0.6439454
-0.6530437
-0.65068537
-0.6490411
-0.6490865
-0.6444062
-0.6386762
-0.63343173
-0.6429989
-0.6502314
-0.65250754
-0.64773333
-0.64357716
-0.6523916
-0.6494155
-0.64791226
-0.65387875
-0.64571804
-0.64537495
-0.6565682
-0.64854205
-0.6456312
-0.64068437
-0.65235597
-0.66072476
-0.6406213
-0.6547742
-0.64288855
-0.6427147
-0.6439794
-0.64097905
-0.64336497
-0.6433147
-0.6525431
-0.64370584
-0.6409278
-0.64253175
-0.64649165
-0.64836967
-0.65071577
-0.66276455
-0.6387731
-0.65381974
-0.65359426
-0.6429604
-0.64898366
-0.6471093
-0.65570956
-0.64834565
-0.6462026
-0.6549731
-0.6527563
-0.6451908
-0.647127
-0.65418327
-0.64345986
-0.6476797
-0.6476682
-0.64925814
-0.6540216
-0.6529517
-0.64764416
-0.658032
-0.65577924
-0.6518558
-0.6534169
-0.64576364
-0.655848
-0.6440556
-0.6553782
-0.6513638
-0.64369357
-0.6472871
-0.654903
-0.6405594
-0.663904
-0.6497021
-0.6498267
-0.65071505
-0.6499669
-0.6646246
-0.6511527
-0.65221465
-0.6590439
-0.64876986
-0.6542658
-0.650091
-0.6620236
-0.6585415
-0.65874726
-0.6546852
-0.6520366
-0.6591702
-0.66022635
-0.6609002
-0.651902
-0.64753354
-0.6539205
-0.6599669
-0.66007847
-0.6554536
-0.6474052
-0.6588986
-0.6521902
-0.6601117
-0.65200186
-0.65440667
-0.649258
-0.6570722
-0.66876256
-0.6581199
-0.66538113
-0.6517376
-0.6454199
-0.65957576
-0.66219854
-0.66367126
-0.6486977
-0.6595663
-0.65620303
-0.6465647
-0.6517534
-0.6569939
-0.6591937
-0.65890294
-0.657416
-0.65721476
-0.6580825
-0.64804155
-0.6623666
-0.6535403
-0.6638193
-0.65349185
-0.65004086
-0.64989114
-0.65515333
-0.6475235
-0.65907234
-0.6537193
-0.6660454
-0.66093516
-0.65296125
-0.65704685
-0.65337324
-0.65905875
-0.6568357
-0.6513206
-0.6555522
-0.65351456
-0.65603673
-0.65529394
-0.6598747
-0.6594439
-0.6629463
-0.6623518
-0.6571637
-0.6691138
-0.65974915
-0.66467756
-0.66278964
-0.6652762
-0.6549939
-0.6584558
-0.66246843
-0.6540875
-0.6590508
-0.65788376
-0.65710783
-0.658988
-0.6718365
-0.66716105
-0.66618615
-0.6642291
-0.67096275
-0.66902006
-0.6575253
-0.6550216
-0.6689584
-0.65393627
-0.6580543
-0.6583417
-0.6627043
-0.6598988
-0.6548615
-0.65901715
-0.6578835
-0.66684663
-0.6642545
-0.67059904
-0.664078
-0.66106075
-0.6541148
-0.6643949
-0.65945154
-0.66671777
-0.65538394
-0.6638936
-0.66131836
-0.667943
-0.6664901
-0.6515643
-0.6665898
-0.66515607
-0.6593733
-0.65766555
-0.657671
-0.65690523
-0.6593244
-0.6614874
-0.6652902
-0.6652066
-0.6547164
-0.6625388
-0.66211665
-0.6606103
-0.67447585
-0.67149955
-0.6617131
-0.65976083
-0.66361994
-0.665355
-0.6605377
-0.6583956
-0.65986997
-0.6608377
-0.6651722
-0.65676314
-0.66716343
-0.6628018
-0.65546614
-0.6712903
-0.6620241
-0.66564405
-0.6541178
-0.6650587
-0.6647139
-0.6600711
-0.666999
-0.6619431
-0.6639434
-0.6670272
-0.66770345
-0.6660069
-0.6645086
-0.66594833
-0.6652996
-0.6664079
-0.65997654
-0.6613736
-0.65199757
-0.66273767
-0.6653568
-0.67176366
-0.66847163
-0.6639528
-0.6706457
-0.65943944
-0.6750578
-0.6668266
-0.67013955
-0.663523
-0.6617761
-0.6675043
-0.6707568
-0.66269475
-0.6693845
-0.6529726
-0.6759594
-0.6711902
-0.6686453
-0.66195834
-0.65600455
-0.6661245
-0.6647928
-0.66651225
-0.67327386
-0.6633874
-0.66039944
-0.6672839
-0.6603326
-0.6712389
-0.6611842
-0.6721972
-0.66696745
-0.6613282
-0.66909784
-0.6662472
-0.660457
-0.65227854
-0.67044
-0.65742606
-0.6651447
-0.67262834
-0.6613237
-0.6777853
-0.6742489
-0.66399246
-0.66761506
-0.6602204
-0.67342246
-0.66579396
-0.6674357
-0.66655105
-0.6641003
-0.6709271
-0.6649707
-0.65955985
-0.6684645
-0.67005396
-0.6630916
-0.6611798
-0.67289424
-0.66350603
-0.66483134
-0.67070365
-0.6699239
-0.65780395
-0.6711109
-0.6679993
-0.6657249
-0.6694371
-0.67112356
-0.6743173
-0.67112297
-0.67308307
-0.6635081
-0.6641822
-0.67190325
-0.6660398
-0.6674121
-0.670493
-0.67303866
-0.65973014
-0.66729695
-0.6667762
-0.6658796
-0.65941393
-0.6726969
-0.6774142
-0.67372376
-0.66555715
-0.66278744
-0.66782767
-0.6732752
-0.6742547
-0.6716659
-0.67414135
-0.6802945
-0.66387194
-0.66536176
-0.6736489
-0.6696441
-0.6652487
-0.66411436
-0.6757142
-0.6656736
-0.66973466
-0.6587
-0.66946536
-0.66460156
-0.67631936
-0.6678987
-0.6720003
-0.67439246
-0.6655919
-0.6554642
-0.6689934
-0.67021596
-0.6697212
-0.67233104
-0.67585105
-0.6702973
-0.6754363
-0.6694272
-0.66081756
-0.6648545
-0.6687437
-0.6724488
-0.66939306
-0.66208667
-0.66717666
-0.6692537
-0.66899544
-0.6663817
-0.67049086
-0.669146
-0.67907953
-0.66558427
-0.6655912
-0.67604953
-0.6675042
-0.6713444
-0.6644226
-0.6762681
-0.6749614
-0.6758571
-0.6777264
-0.6656472
-0.6705822
-0.66913265
-0.6742399
-0.6618678
-0.6706399
-0.6644837
-0.67286164
-0.6748559
-0.6701728
-0.66763157
-0.6686607
-0.67347074
-0.6692436
-0.6679249
-0.6658331
-0.6764884
-0.6697277
-0.6801997
-0.66747636
-0.67626935
-0.66369027
-0.6752504
-0.67183924
-0.66712636
-0.6745762
-0.67247576
-0.6719471
-0.6721159
-0.66647786
-0.66817486
-0.6767541
-0.675784
-0.6724563
-0.67475694
-0.67210555
-0.66657394
-0.669234
-0.6750011
-0.65803045
-0.67264825
-0.6563385
-0.66632473
-0.6743506
-0.67136246
-0.66931677
-0.6650576
-0.66335595
-0.67235476
-0.6798677
-0.6660422
-0.6672739
-0.67334336
-0.66871893
-0.66651607
-0.67072767
-0.66569257
-0.6680302
-0.66282153
-0.66866153
-0.67851865
-0.66053444
-0.67225873
-0.67514884
-0.66741526
-0.6763043
-0.6770982
-0.6669308
-0.67131567
-0.6734409
-0.6781592
-0.6768875
-0.6685319
-0.67013127
-0.67099226
-0.67556065
-0.66930103
-0.6820393
-0.6726083
-0.6776616
-0.67216986
-0.6700542
-0.67736185
-0.67113876
-0.67699635
-0.6776774
-0.6699516
-0.6573896
-0.6673476
-0.67420465
-0.67618626
-0.6644223
-0.66349465
-0.6658404
-0.67957807
-0.6749059
-0.6691548
-0.66554
-0.6793796
-0.66248727
-0.6686199
-0.66722846
-0.6688411
-0.6769595
-0.6793892
-0.6702114
-0.6816079
-0.66848433
-0.6704612
-0.6737463
-0.68209416
-0.68216115
-0.6642619
-0.6763443
-0.66559136
-0.6815542
-0.6755908
-0.6642109
-0.6696322
-0.66716456
-0.6701732
-0.68143976
-0.67364055
-0.673277
-0.67573696
-0.6774063
-0.6688678
-0.6768442
-0.6769161
-0.6827428
-0.6819693
-0.66786164
-0.67867684
-0.6784731
-0.6700172
-0.6738167
-0.68032587
-0.662403
-0.6743729
-0.67437434
-0.67168033
-0.6766221
-0.679001
-0.6693029
-0.6694841
-0.6748287
-0.6798544
-0.6793868
-0.6776156
-0.6719468
-0.6771914
-0.67264545
-0.6866105
-0.6769245
-0.6771483
-0.67805284
-0.66289574
-0.6747371
-0.6772293
-0.67196757
-0.67502177
-0.67514616
-0.67474765
-0.672832
-0.66968805
-0.67375165
-0.67771995
-0.6762903
-0.67283046
-0.6749973
-0.66972184
-0.65568924
-0.6784969
-0.6745825
-0.68065226
-0.67793065
-0.68108577
-0.6841424
-0.6678211
-0.66935486
-0.6701913
-0.6664703
-0.6736326
-0.6760847
-0.67769
-0.6765484
-0.67207897
-0.66944593
-0.67053515
-0.67269784
-0.6809252
-0.67247957
-0.6692498
-0.67870575
-0.6659384
-0.67928034
-0.6696313
-0.6768342
-0.68050534
-0.66964716
-0.6833436
-0.6757103
-0.67367154
-0.67578495
-0.6707781
-0.67959887
-0.66980803
-0.68348694
-0.66952676
-0.68592817
-0.6798808
-0.6656015
-0.6810913
-0.67672986
-0.68204683
-0.68155545
-0.66590744
-0.67772096
-0.6738961
-0.68433493
-0.6816456
-0.6746991
-0.67884725
-0.68720984
-0.67172354
-0.6685959
-0.6740692
-0.68048626
-0.6653949
-0.6819164
-0.6778645
-0.6764765
-0.6745023
-0.68265086
-0.67786825
-0.67969215
-0.67485887
-0.6754746
-0.6753993
-0.67303824
-0.67349
-0.67232955
-0.670605
-0.6788481
-0.67218876
-0.6761752
-0.6880943
-0.67479235
-0.6723663
-0.6807055
-0.6703813
-0.67516077
-0.6758594
-0.67961395
-0.679054
-0.67474216
-0.67236567
-0.6814807
-0.6762643
-0.6750449
-0.66295254
-0.6783728
-0.67747384
-0.6740793
-0.67419
-0.6779553
-0.6798882
-0.6769843
-0.6747361
-0.6722242
-0.67570907
-0.6751598
-0.67295426
-0.67290336
-0.68373615
-0.68471074
-0.6763107
-0.68317133
-0.679733
-0.6824866
-0.68039477
-0.6721021
-0.6717837
-0.67811704
-0.67672527
-0.67022175
-0.67619056
-0.6800425
-0.6717573
-0.6704644
-0.67966354
-0.6729605
-0.6801795
-0.6793524
-0.67087996
-0.6725676
-0.6711987
-0.66715735
-0.67890376
-0.67131716
-0.67750114
-0.67424595
-0.6791659
-0.68295234
-0.67493
-0.681651
-0.6810222
-0.6729901
-0.6751385
-0.6738572
-0.67869866
-0.6784668
-0.6864423
-0.6808211
-0.6700411
-0.67401093
-0.67523533
-0.68168396
-0.6682119
-0.6823045
-0.67214745
-0.6731909
-0.6726382
-0.6806447
-0.67442876
-0.68934304
-0.676671
-0.6796981
-0.67287356
-0.68370676
-0.672031
-0.68282896
-0.68426436
-0.67597467
-0.6711255
-0.6750681
-0.677876
-0.6792371
-0.67217344
-0.68106925
-0.6804218
-0.676282
-0.67977434
-0.6755967
-0.66393846
-0.6818495
-0.68629825
-0.6776572
-0.67465174
-0.6778256
-0.6666366
-0.68462336
-0.6688041
-0.6755696
-0.6724765
-0.6693961
-0.6813546
-0.6784349
-0.66727746
-0.67822385
-0.6711215
-0.6720187
-0.68789023
-0.67187214
-0.6772617
-0.6691061
-0.6694281
-0.6797936
-0.68036646
-0.6773306
-0.6783029
-0.6776374
-0.68444395
-0.67784065
-0.68422735
-0.6753107
-0.6771022
-0.6778886
-0.67935675
-0.67425877
-0.6835289
-0.67827904
-0.67977965
-0.6835919
-0.6910164
-0.67429173
-0.6684077
-0.6847331
-0.6719171
-0.68512666
-0.6886537
-0.6832382
-0.67559326
-0.67726505
-0.682269
-0.6818374
-0.67126656
-0.68343866
-0.6754504
-0.67983514
-0.6825014
-0.678259
-0.6865649
-0.6815514
-0.6853128
-0.66866416
-0.6849108
-0.6748907
-0.68079174
-0.6835898
-0.68668234
-0.6830647
-0.6890013
-0.6822214
-0.6814685
-0.6732763
-0.68100744
-0.67614037
-0.6790098
-0.6669319
-0.6775689
-0.6743017
-0.68567586
-0.6845947
-0.6792045
-0.67637277
-0.6840441
-0.67896926
-0.6906379
-0.67518437
-0.68810785
-0.6830516
-0.6824424
-0.67432624
-0.6840572
-0.6765027
-0.68144345
-0.6889944
-0.6849414
-0.67896134
-0.6854719
-0.68568647
-0.67958564
-0.6837307
-0.67532414
-0.6783599
-0.6787156
-0.6812791
-0.67608595
-0.6871789
-0.6788565
-0.6727688
-0.6770699
-0.6741297
-0.67777336
-0.682451
-0.68739134
-0.6781924
-0.677997
-0.6683957
-0.6824392
-0.6843026
-0.6743247
-0.688821
-0.6735018
-0.67563725
-0.6783596
-0.6770326
-0.67670906
-0.6807132
-0.6808968
-0.6808445
-0.6729428
-0.6908449
-0.6859293
-0.68110067
-0.68028426
-0.68242824
-0.67665297
-0.68427336
-0.68174255
-0.6818041
-0.6697521
-0.6838234
-0.68484956
-0.67597175
-0.6760792
-0.6851495
-0.68832797
-0.6745172
-0.67820257
-0.6771028
-0.68703127
-0.6740634
-0.6755417
-0.6822829
-0.6690706
-0.6801604
-0.683012
-0.6781068
-0.68779725
-0.6828589
-0.6836481
-0.68097043
-0.67767423
-0.69000006
-0.6799633
-0.6795271
-0.67887425
-0.6906686
-0.68177366
-0.6842034
-0.67385966
-0.691944
-0.6890502
-0.6722809
-0.6927416
-0.6741437
-0.67837495
-0.6780554
-0.69293284
-0.67678404
-0.67994225
-0.682278
-0.67913634
-0.6734583
-0.68235
-0.68394184
-0.6749515
-0.6753502
-0.6794897
-0.6832682
-0.6842987
-0.6762951
-0.69180083
-0.6791753
-0.6820063
-0.6838618
-0.6876895
-0.68503934
-0.67973006
-0.6864502
-0.68087184
-0.68499225
-0.6818006
-0.68372625
-0.67951185
-0.6893503
-0.67892015
-0.6772082
-0.6758893
-0.68171054
-0.67543894
-0.68681973
-0.67924786
-0.67901444
-0.67920154
-0.69001275
-0.68774474
-0.68872184
-0.68400115
-0.68582505
-0.692578
-0.68095434
-0.67645735
-0.68211675
-0.6838068
-0.67646444
-0.6757109
-0.68662214
-0.68279946
-0.6874713
-0.684202
-0.6831731
-0.6822085
-0.68168104
-0.67664355
-0.6863727
-0.68816334
-0.69191426
-0.6872625
-0.69004416
-0.6817451
-0.6896624
-0.6798332
-0.68480587
-0.6853811
-0.68334544
-0.690093
-0.6871022
-0.68020916
-0.683404
-0.6835031
-0.6845104
-0.6737149
-0.6884149
-0.6890167
-0.6863367
-0.6860016
-0.6904023
-0.6836401
-0.68183714
-0.67117536
-0.6870601
-0.6876321
-0.68609107
-0.67464983
-0.68845797
-0.6819504
-0.6742229
-0.6845694
-0.6898634
-0.6835502
-0.6835648
-0.67418116
-0.68729526
-0.68328464
-0.6714592
-0.6807855
-0.68833053
-0.68497014
-0.6852292
-0.681542
-0.68147707
-0.6747027
-0.67849654
-0.6762964
-0.6904132
-0.68162096
-0.6779264
-0.6699766
-0.6871278
-0.67661506
-0.6873449
-0.6838177
-0.6823223
-0.6833486
-0.67790806
-0.6836049
-0.6871669
-0.6922669
-0.68158567
-0.68291616
-0.6793141
-0.6861507
-0.6766241
-0.6837352
-0.69004685
-0.6722344
-0.6869008
-0.6760954
-0.680055
-0.6817472
-0.6781834
-0.6848166
-0.6744149
-0.6723377
-0.68441606
-0.6825862
-0.6866982
-0.6895011
-0.68101525
-0.68711215
-0.67673826
-0.6924522
-0.68720484
-0.67633647
-0.6826253
-0.6872226
-0.6840453
-0.6899313
-0.6855365
-0.6895476
-0.68704295
-0.68058836
-0.6941135
-0.6794635
-0.69012773
-0.6823397
-0.68598413
-0.6821393
-0.6850068
-0.6868465
-0.6823214
-0.67667454
-0.68693656
-0.6850981
-0.6838708
-0.6861506
-0.69153804
-0.6850444
-0.6828047
-0.6895954
-0.67647433
-0.68593806
-0.6839973
-0.6863915
-0.6872597
-0.6851951
-0.6810543
-0.675694
-0.6880261
-0.67774516
-0.6831975
-0.6792641
-0.6889676
-0.6796819
-0.68974143
-0.68421555
-0.68949145
-0.6803654
-0.68193465
-0.6907793
-0.67791474
-0.68467563
-0.6846456
-0.69121057
-0.67611706
-0.6813061
-0.68043953
-0.6784679
-0.6838404
-0.6766947
-0.67973834
-0.68236876
-0.6878111
-0.6786913
-0.67744297
-0.6875274
-0.68778723
-0.68121916
-0.6844552
-0.6852736
-0.6833772
-0.68363565
-0.6892728
-0.6724249
-0.68067473
-0.6782271
-0.6782562
-0.6854191
-0.6856946
-0.67913395
-0.6823365
-0.68875563
-0.6871228
-0.68598187
-0.6717359
-0.6795425
-0.67672896
-0.67760766
-0.6786508
-0.6861344
-0.67497456
-0.6888657
-0.68770504
-0.680643
-0.6829628
-0.6763091
-0.6916032
-0.68685865
-0.6800572
-0.6870798
-0.68406713
-0.68758464
-0.6803315
-0.6774008
-0.6835498
-0.68534267
-0.6847171
-0.68072855
-0.6891955
-0.6903988
-0.68757486
-0.67395353
-0.69366986
-0.6815543
-0.674586
-0.6773809
-0.6787211
-0.6925269
-0.6795246
-0.67537594
-0.6863665
-0.6803753
-0.6909932
-0.68311286
-0.6799388
-0.6910656
-0.676901
-0.6920708
-0.684661
-0.68043935
-0.68792117
-0.67905897
-0.6934006
-0.67983294
-0.68142825
-0.69463223
-0.6917712
-0.6941333
-0.6720034
-0.6921618
-0.6940746
-0.68145984
-0.6847725
-0.6857602
-0.6871478
-0.69010925
-0.6722142
-0.695082
-0.68292296
-0.6928889
-0.6847022
-0.6795587
-0.67927104
-0.6851199
-0.6901354
-0.6922889
-0.6816392
-0.6820954
-0.6870221
-0.68278176
-0.68505484
-0.6868069
-0.6818016
-0.69187003
-0.6750581
-0.686426
-0.67687356
-0.6834062
-0.6861719
-0.68980867
-0.6857812
-0.68638325
-0.68819636
-0.6817367
-0.6879995
-0.6866627
-0.6919057
-0.6878841
-0.6899369
-0.6966864
-0.6759924
-0.68797505
-0.6857523
-0.6883632
-0.683164
-0.68888235
-0.6821834
-0.6809734
-0.68931603
-0.6852781
-0.6794566
-0.6783716
-0.6701411
-0.6858935
-0.6823238
-0.6712953
-0.6861785
-0.68726885
-0.67842805
-0.69329244
-0.6831684
-0.68394345
-0.6846548
-0.6821855
-0.6788419
-0.6798817
-0.6823536
-0.6737283
-0.6833043
-0.67762154
-0.6900128
-0.68352073
-0.6923487
-0.69421244
-0.67543286
-0.6906659
-0.68993956
-0.6734983
-0.68663555
-0.68852985
-0.6923928
-0.69042426
-0.6838057
-0.6879023
-0.6852286
-0.67915356
-0.6890525
-0.6858448
-0.6819528
-0.6821948
-0.6881975
-0.68263024
-0.6845334
-0.6806424
-0.67811626
-0.68309194
-0.6798149
-0.6754214
-0.6943976
-0.68745816
-0.69366497
-0.6850719
-0.676832
-0.686331
-0.68479556
-0.6787438
-0.6913135
-0.69112706
-0.68486345
-0.68263227
-0.68498087
-0.6842073
-0.6908607
-0.6904604
-0.6936952
-0.68239444
-0.6947687
-0.6817787
-0.69031435
-0.6902464
-0.68170375
-0.6789422
-0.686731
-0.69004637
-0.68941236
-0.685715
-0.68833417
-0.6899205
-0.6855765
-0.6815495
-0.6788091
-0.67312413
-0.6770173
-0.6819744
-0.6796105
-0.6814142
-0.6832611
-0.6832524
-0.68585044
-0.6799185
-0.6909761
-0.6764225
-0.6708268
-0.68019676
-0.6929999
-0.68448687
-0.68630975
-0.6854125
-0.67846125
-0.68239695
-0.68724066
-0.6923924
-0.68766236
-0.68888193
-0.68713003
-0.6769581
-0.6769534
-0.6851443
-0.69320756
-0.6835977
