-0.7124376
-0.7171195
-0.7076567
-0.70872396
-0.7167612
-0.71564597
-0.71177775
-0.7140426
-0.72664696
-0.730135
-0.7278026
-0.7345951
-0.725445
-0.73024714
-0.7352171
-0.7419801
-0.7451091
-0.74207133
-0.7460095
-0.74594104
-0.75151074
-0.7527894
-0.764756
-0.7555882
-0.7687616
-0.7792853
-0.7808521
-0.7822335
-0.7848818
-0.7880605
-0.7995431
-0.80125874
-0.8047495
-0.8021754
-0.81018716
-0.824582
-0.81632745
-0.81837153
-0.8208525
-0.833039
-0.8311172
-0.8213044
-0.8290608
-0.83155584
-0.8333872
-0.833945
-0.83248836
-0.83678234
-0.8402717
-0.8446198
-0.84583884
-0.83985513
-0.85076874
-0.85361934
-0.8499133
-0.84860355
-0.8558419
-0.8543148
-0.8609383
-0.859752
-0.8604378
-0.8628214
-0.87476796
-0.868952
-0.8747621
-0.86993635
-0.87372863
-0.8715897
-0.87676877
-0.8788346
-0.8774792
-0.88168615
-0.893498
-0.8840206
-0.8884031
-0.888545
-0.88997436
-0.89346147
-0.89747626
-0.8938094
-0.8992965
-0.903694
-0.902709
-0.9014235
-0.90076494
-0.9076503
-0.9057543
-0.9099237
-0.9094155
-0.9087331
-0.9122405
-0.9082868
-0.9087794
-0.91513294
-0.9145948
-0.9161574
-0.91641134
-0.91397136
-0.91163045
-0.9119229
-0.9168534
-0.91484094
-0.91358143
-0.91755694
-0.91715735
-0.91590285
-0.91840744
-0.91685885
-0.9151706
-0.9176475
-0.91423434
-0.9148425
-0.91671604
-0.91812205
-0.91967887
-0.9209696
-0.92237437
-0.91770047
-0.9167319
-0.91966045
-0.91970444
-0.9198095
-0.92094326
-0.92089593
-0.9162497
-0.92171806
-0.91949916
-0.92232656
-0.92042696
-0.9203416
-0.92201734
-0.9227559
-0.9240684
-0.920438
-0.9197785
-0.9208393
-0.9245077
-0.92065746
-0.9199043
-0.9235158
-0.9219808
-0.92400295
-0.9218736
-0.9186392
-0.92539376
-0.9236134
-0.9226497
-0.9248559
-0.9259326
-0.92436606
-0.92197174
-0.9265013
-0.9210393
-0.9243156
-0.92337877
-0.92474645
-0.9239961
-0.92286694
-0.9223915
-0.9248714
-0.9254112
-0.92329884
-0.92684656
-0.9223685
-0.92467254
-0.9257974
-0.92773294
-0.9252945
-0.9255204
-0.92570645
-0.9276182
-0.92624164
-0.92667294
-0.9225484
-0.9280208
-0.92776805
-0.925628
-0.9284696
-0.92313087
-0.9248747
-0.92970663
-0.92895997
-0.92562366
-0.92913276
-0.9273379
-0.9275843
-0.9292927
-0.9280745
-0.9280399
-0.92700076
-0.92680293
-0.9275283
-0.92478186
-0.9255768
-0.928733
-0.92622316
-0.926352
-0.9264887
-0.9296265
-0.9257898
-0.9294187
-0.93000966
-0.9301613
-0.930351
-0.9299262
-0.9293585
-0.9291969
-0.9233203
-0.93191403
-0.9293156
-0.92697394
-0.92410326
-0.92818666
-0.92879206
-0.9284063
-0.9246454
-0.9268067
-0.92860955
-0.92819285
-0.92790747
-0.9265254
-0.92964625
-0.9314087
-0.9295584
-0.9296675
-0.93023384
-0.92858136
-0.930126
-0.92929304
-0.92919
-0.92880493
-0.92924035
-0.92857796
-0.9298298
-0.930463
-0.92878735
-0.9310831
-0.92837393
-0.93012315
-0.9281115
-0.9310443
-0.93039405
-0.931317
-0.9288406
-0.93081445
-0.9278257
-0.92978233
-0.9325931
-0.9288258
-0.92999995
-0.92940444
-0.9309282
-0.9315321
-0.93047166
-0.92629653
-0.9301257
-0.9316204
-0.9298283
-0.9310545
-0.9308886
-0.93129647
-0.9296861
-0.9273319
-0.9321173
-0.9292462
-0.9300962
-0.93054235
-0.9267209
-0.9271365
-0.9305273
-0.93243665
-0.9311045
-0.9297202
-0.92876244
-0.9269933
-0.93125653
-0.9264613
-0.9330911
-0.9313473
-0.9314824
-0.93095624
-0.9324477
-0.93095565
-0.92973864
-0.9325244
-0.93056244
-0.93040544
-0.9337701
-0.933122
-0.93107027
-0.92909503
-0.9309816
-0.9291909
-0.93080634
-0.93210423
-0.93019325
-0.93160087
-0.9311068
-0.93115515
-0.93061626
-0.9336998
-0.93080837
-0.9324947
-0.9286095
-0.9301106
-0.92868626
-0.930493
-0.92849076
-0.9307784
-0.9311131
-0.9298397
-0.9326114
-0.9301552
-0.9308736
-0.9312274
-0.92886156
-0.9333768
-0.9324302
-0.93484235
-0.93197286
-0.93085223
-0.93237585
-0.93283623
-0.9324766
-0.9337752
-0.93192095
-0.92772615
-0.93301016
-0.93389887
-0.9348145
-0.927845
-0.93147284
-0.9311481
-0.9349001
-0.9344653
-0.92853284
-0.933056
-0.9303291
-0.93288964
-0.9327433
-0.932986
-0.9339056
-0.93227357
-0.93204254
-0.93325216
-0.9292542
-0.9281706
-0.9317158
-0.93327934
-0.93234867
-0.9318204
-0.9321006
-0.9322404
-0.93208724
-0.9343717
-0.93272626
-0.9267746
-0.9326459
-0.93145853
-0.9297654
-0.9310181
-0.9321001
-0.9348646
-0.93203455
-0.93144435
-0.9316339
-0.92855746
-0.9334869
-0.9314423
-0.9280175
-0.9304901
-0.935536
-0.9326861
-0.9305675
-0.92930925
-0.9332331
-0.93546563
-0.9320365
-0.93297863
-0.93473965
-0.9311119
-0.9332556
-0.9335396
-0.9318896
-0.9349733
-0.93396384
-0.9328978
-0.93300676
-0.932094
-0.9363849
-0.93103296
-0.9333534
-0.9315547
-0.9315893
-0.93375367
-0.9339467
-0.9340475
-0.93287677
-0.9327273
-0.93272996
-0.93114215
-0.93167514
-0.935049
-0.9349216
-0.9322879
-0.9332996
-0.9291378
-0.93395716
-0.9339118
-0.93214816
-0.9328088
-0.92936
-0.9345824
-0.9357945
-0.9338296
-0.9327473
-0.9326454
-0.93221515
-0.9322172
-0.9353909
-0.931095
-0.9358295
-0.93609166
-0.9339022
-0.9351046
-0.93306404
-0.93264705
-0.93151855
-0.93215543
-0.9317121
-0.9307165
-0.936537
-0.93543285
-0.93215036
-0.9336995
-0.9310792
-0.93120277
-0.93293977
-0.93326294
-0.93259907
-0.9362732
-0.9363107
-0.935336
-0.9329765
-0.9350825
-0.9342588
-0.9329068
-0.9351022
-0.93523866
-0.93479437
-0.9370953
-0.9341818
-0.93344015
-0.9361868
-0.9359144
-0.9357322
-0.9331878
-0.93425876
-0.9334439
-0.93285775
-0.93602306
-0.93260497
-0.93344545
-0.93547577
-0.9360215
-0.9350493
-0.93492347
-0.931112
-0.93448555
-0.9346125
-0.9329977
-0.93442595
-0.9332063
-0.93282956
-0.93508685
-0.92977417
-0.932844
-0.9340271
-0.93211806
-0.93418896
-0.9341213
-0.932817
-0.9340554
-0.9347065
-0.935309
-0.9337995
-0.93392146
-0.9330743
-0.93448436
-0.93126285
-0.9348267
-0.9321434
-0.9309686
-0.9331925
-0.9335639
-0.93644285
-0.9339005
-0.9358496
-0.93571454
-0.93336666
-0.9345681
-0.9360017
-0.9333956
-0.9313139
-0.9335821
-0.9345167
-0.935464
-0.9358344
-0.9351235
-0.9324536
-0.9317295
-0.9323256
-0.9346752
-0.9336406
-0.9356783
-0.9357465
-0.9333933
-0.9327439
-0.93046504
-0.9322189
-0.9365829
-0.9343257
-0.93093616
-0.9314723
-0.93170404
-0.9334777
-0.93284196
-0.93565065
-0.9348721
-0.9343692
-0.9369097
-0.93482417
-0.93426096
-0.9349593
-0.9335551
-0.936743
-0.93385273
-0.93432456
-0.9343223
-0.9373437
-0.93622345
-0.9363213
-0.93587565
-0.933636
-0.9344716
-0.9341308
-0.935512
-0.9322493
-0.9335767
-0.93693906
-0.9358633
-0.93605745
-0.93612087
-0.9339137
-0.92887056
-0.93649745
-0.93266445
-0.9370654
-0.93463266
-0.9323354
-0.93518215
-0.9329573
-0.9385272
-0.93537486
-0.9353977
-0.9342299
-0.9309018
-0.9352715
-0.9334846
-0.9320633
-0.934802
-0.9334397
-0.93675715
-0.9341988
-0.93864465
-0.93903077
-0.9349047
-0.9364098
-0.9320774
-0.93682444
-0.9346656
-0.9346288
-0.9348932
-0.9352911
-0.9347929
-0.9340412
-0.9313381
-0.935373
-0.9363061
-0.9330737
-0.9333965
-0.9351826
-0.9322652
-0.9352506
-0.93386227
-0.93601
-0.9356346
-0.9355515
-0.93437046
-0.93583673
-0.9380066
-0.9334739
-0.9344926
-0.9372857
-0.93662107
-0.93406594
-0.9358093
-0.9340854
-0.93473524
-0.9376033
-0.9355427
-0.93787944
-0.9349135
-0.9323066
-0.933891
-0.9371058
-0.9338692
-0.93577594
-0.93278146
-0.9332816
-0.9357822
-0.9365282
-0.93606234
-0.93104047
-0.9333256
-0.93419594
-0.93344593
-0.9354712
-0.9334977
-0.9329048
-0.93426156
-0.93633693
-0.93691164
-0.93692064
-0.93550164
-0.9336944
-0.9338301
-0.93760926
-0.93280524
-0.9371992
-0.9339106
-0.9362502
-0.93642086
-0.9364242
-0.9346026
-0.93469226
-0.9361349
-0.9375124
-0.938705
-0.93490285
-0.93479884
-0.93513376
-0.9347644
-0.9368189
-0.9363659
-0.93633133
-0.936376
-0.9341801
-0.934799
-0.936159
-0.9348099
-0.9367631
-0.9382515
-0.93563765
-0.93275
-0.93362004
-0.9340773
-0.93810153
-0.93836695
-0.93370146
-0.9372446
-0.9336399
-0.9367024
-0.93471354
-0.93652225
-0.93526286
-0.9343769
-0.93580556
-0.93366
-0.9383995
-0.9370368
-0.93451774
-0.93592083
-0.9342668
-0.9362327
-0.9338743
-0.93244475
-0.93508565
-0.9370532
-0.93563616
-0.9359058
-0.9337956
-0.93813264
-0.93528366
-0.9331843
-0.9377766
-0.9338204
-0.931961
-0.9361455
-0.935562
-0.93804336
-0.93298566
-0.93455136
-0.9354106
-0.93815035
-0.9350052
-0.9368625
-0.9331559
-0.93766636
-0.9356282
-0.9376936
-0.936055
-0.9379246
-0.9346083
-0.93242574
-0.9349143
-0.93267125
-0.9351021
-0.9368742
-0.9365128
-0.9343752
-0.9344176
-0.9380819
-0.93426734
-0.9347412
-0.9369336
-0.93426704
-0.93408906
-0.93588835
-0.93574995
-0.93625677
-0.93326765
-0.93442607
-0.93511236
-0.93579406
-0.93741775
-0.93698215
-0.93681335
-0.9325853
-0.9333734
-0.93333894
-0.9334399
-0.93551457
-0.9357242
-0.93488073
-0.93366086
-0.9336797
-0.93615365
-0.9359331
-0.93575186
-0.9345789
-0.9337805
-0.936627
-0.9371345
-0.9388448
-0.9371533
-0.933917
-0.9361725
-0.9355071
-0.93727726
-0.93670815
-0.9359233
-0.93843347
-0.9371954
-0.93741035
-0.93414205
-0.93510485
-0.9372001
-0.93304956
-0.9340029
-0.9366584
-0.9362605
-0.9340021
-0.93793577
-0.9359428
-0.9381
-0.932628
-0.9358128
-0.9345549
-0.93545556
-0.9373943
-0.93481815
-0.93300295
-0.9367908
-0.93640095
-0.9365089
-0.93246955
-0.936501
-0.9359597
-0.9318238
-0.93451965
-0.9357522
-0.9363624
-0.9344782
-0.9371444
-0.93393147
-0.9356116
-0.9344679
-0.9337673
-0.93581116
-0.9353277
-0.93454325
-0.93418306
-0.9355998
-0.9363722
-0.932454
-0.93886405
-0.93506896
-0.936888
-0.935256
-0.9354743
-0.9377631
-0.93683535
-0.9385817
-0.9354735
-0.93585366
-0.93734497
-0.9329148
-0.9365882
-0.93368787
-0.9348304
-0.93594867
-0.93650043
-0.93242013
-0.93442035
-0.93817294
-0.93645954
-0.93857366
-0.9331114
-0.9356777
-0.93522114
-0.93628836
-0.9352607
-0.93736666
-0.9348257
-0.93547016
-0.9367619
-0.9341294
-0.9339187
-0.93443173
-0.9361741
-0.9359137
-0.9360894
-0.9367449
-0.9363573
-0.93233156
-0.9368273
-0.9332511
-0.93698955
-0.93607134
-0.93798727
-0.9341928
-0.9345235
-0.9350554
-0.9373226
-0.9363925
-0.936796
-0.93718743
-0.93488413
-0.9369845
-0.9376654
-0.9353727
-0.93538815
-0.93683034
-0.9349611
-0.93344754
-0.9326723
-0.9386034
-0.93433344
-0.9348579
-0.9350526
-0.9375234
-0.9361368
-0.93652356
-0.93474245
-0.9357386
-0.9380848
-0.935207
-0.93499374
-0.93642884
-0.93601733
-0.93359184
-0.935902
-0.93771297
-0.9362331
-0.93602383
-0.9342914
-0.93396145
-0.93744695
-0.93451977
-0.93329686
-0.9366051
-0.93775934
-0.9376032
-0.9346793
-0.93515474
-0.9355295
-0.9346151
-0.9357242
-0.93517226
-0.9338911
-0.935311
-0.93604714
-0.9380139
-0.93744236
-0.93493676
-0.93327904
-0.937224
-0.935486
-0.93606776
-0.93442297
-0.9356971
-0.936578
-0.9346043
-0.93627393
-0.9332965
-0.9340698
-0.9361153
-0.9328705
-0.93526965
-0.93290824
-0.9345497
-0.93753225
-0.93841237
-0.9343142
-0.93645686
-0.9334069
-0.93450564
-0.9386004
-0.93409276
-0.9374449
-0.93325716
-0.9373623
-0.93708086
-0.93614
-0.9365982
-0.9320242
-0.9327593
-0.93534535
-0.93470234
-0.93625695
-0.93500805
-0.93688244
-0.93507123
-0.9343478
-0.9362456
-0.9366343
-0.9375333
-0.934792
-0.93241924
-0.93778723
-0.93756825
-0.9370066
-0.9381638
-0.9358869
-0.93728185
-0.9340398
-0.9371712
-0.9371106
-0.93352467
-0.93654525
-0.9336961
-0.93476844
-0.93604964
-0.93486583
-0.9343492
-0.9364844
-0.93721926
-0.9388502
-0.9370336
-0.93512803
-0.93541753
-0.93301857
-0.9392848
-0.93511873
-0.9343405
-0.93473506
-0.93451285
-0.93665266
-0.93664247
-0.93535316
-0.937205
-0.9375897
-0.9349302
-0.93673366
-0.93466276
-0.9338663
-0.93924844
-0.9348083
-0.9367278
-0.93706703
-0.93612236
-0.93541247
-0.93344885
-0.93687177
-0.9354907
-0.93969727
-0.9333026
-0.9358786
-0.9354338
