561.0924610694647
605.9603306637367
676.7790527357031
531.4730910715539
455.1590233016551
480.02571612336953
540.1890910441457
550.9391193558442
555.6224981653149
695.7719096569514
516.258294881947
367.53333357822356
334.81679516511525
361.8579347529431
389.2813297370677
423.55875453561504
476.3876187908292
844.8491858804845
686.454748160313
515.4841857524573
333.44465525037066
190.94980670503693
184.374956739556
241.5299870703325
313.2215469723565
401.54424131229734
797.1044311923388
657.4940861595126
490.2930521573681
276.79576460361
81.60997052262066
54.21457521390083
135.053791220395
252.7755832279338
372.05140294401974
686.5737630005724
554.4593161321122
382.8656985195759
173.5088234279004
53.96409365067401
60.9824978710931
156.4929063442438
277.87058607294284
399.08762042467276
360.7717738512378
230.89985722857827
151.0789173902224
156.9647225943207
163.98381780390315
226.08694903972074
329.9227795014454
438.4151238751595
248.8678258276536
251.23415055007428
281.5462898054923
295.72600214234615
282.57007158575715
311.1519457024378
383.50283544402544
476.8422652295827
401.11555481721655
429.77226191119695
442.0053714075065
405.94006238651616
404.75946330094087
450.87756218301655
Mean: 382.14838234449275
