-0.37668908
-0.37958464
-0.37040183
-0.38145232
-0.38051495
-0.38588434
-0.3889044
-0.38663372
-0.38376448
-0.39585325
-0.3988059
-0.38983905
-0.39871687
-0.40716282
-0.40215334
-0.41466698
-0.39912432
-0.41370967
-0.41867474
-0.41896462
-0.41211414
-0.42195222
-0.43066323
-0.42382064
-0.44161746
-0.43115008
-0.4333681
-0.43167323
-0.42770633
-0.44571525
-0.4380654
-0.45511508
-0.44123983
-0.4405927
-0.44019893
-0.4490323
-0.44150105
-0.44369355
-0.45504194
-0.45485833
-0.45065093
-0.44948685
-0.4511958
-0.44173637
-0.4517386
-0.46136943
-0.46043414
-0.45262563
-0.4680274
-0.4674139
-0.45668116
-0.45897952
-0.45578602
-0.46701428
-0.45985508
-0.4567618
-0.4655786
-0.4659277
-0.46115342
-0.46765617
-0.46845117
-0.477883
-0.46699765
-0.46584395
-0.46707323
-0.48360357
-0.46880728
-0.47081906
-0.47970012
-0.48578194
-0.4768066
-0.4848091
-0.4762117
-0.4784096
-0.47446674
-0.47224933
-0.47732368
-0.4918437
-0.4726076
-0.4858108
-0.47569075
-0.48511013
-0.48154908
-0.48706245
-0.48178658
-0.49010637
-0.4835556
-0.4886149
-0.49162173
-0.48789978
-0.48899072
-0.481802
-0.49495423
-0.48442248
-0.49910942
-0.49607763
-0.49951595
-0.49092546
-0.503056
-0.4964734
-0.49068466
-0.49099395
-0.49048147
-0.49637687
-0.4864263
-0.49406382
-0.49785945
-0.50303406
-0.49309483
-0.4980312
-0.5022154
-0.49239895
-0.5044208
-0.5076299
-0.5023655
-0.5040515
-0.50864756
-0.50270253
-0.502228
-0.49541876
-0.51273143
-0.51420003
-0.49980137
-0.50731665
-0.5095406
-0.5109221
-0.5042807
-0.5077365
-0.5109126
-0.5126361
-0.51055235
-0.5031469
-0.5072125
-0.5126302
-0.5100843
-0.517408
-0.51803434
-0.5082924
-0.51803917
-0.5091613
-0.5063749
-0.5134579
-0.52123123
-0.50965226
-0.525035
-0.5102625
-0.51577973
-0.513628
-0.51804185
-0.5215753
-0.51839966
-0.5174808
-0.5198068
-0.5312489
-0.51658064
-0.5175284
-0.5230218
-0.52745515
-0.520059
-0.5274416
-0.5275403
-0.51865655
-0.52925116
-0.5284459
-0.52354825
-0.52905434
-0.522835
-0.51921487
-0.5208076
-0.52258265
-0.5125528
-0.52406394
-0.52802616
-0.5176551
-0.5198816
-0.5242465
-0.51817906
-0.5309969
-0.532639
-0.52768993
-0.5239958
-0.5249346
-0.5332723
-0.5293866
-0.5294595
-0.53257847
-0.52930117
-0.52802396
-0.5196397
-0.52292264
-0.5255683
-0.5258286
-0.5280783
-0.52668935
-0.52136916
-0.5240783
-0.5323037
-0.5317708
-0.53367347
-0.52929145
-0.53695357
-0.52964526
-0.53636605
-0.5373224
-0.53185874
-0.53203607
-0.5255702
-0.5270888
-0.53775716
-0.532756
-0.5278505
-0.5403784
-0.53160304
-0.5270909
-0.53531116
-0.53191507
-0.53063285
-0.53506285
-0.53452915
-0.5401375
-0.53471476
-0.5341791
-0.5380938
-0.5384308
-0.53875834
-0.53340423
-0.5316066
-0.5373774
-0.53973526
-0.5367215
-0.53765994
-0.5352697
-0.5376498
-0.54545736
-0.5362275
-0.53439736
-0.5455281
-0.52764237
-0.5355357
-0.54259855
-0.53506184
-0.5364084
-0.5454604
-0.54103756
-0.5400899
-0.54286027
-0.5429806
-0.541008
-0.5368395
-0.539302
-0.5393436
-0.542773
-0.5411725
-0.5439645
-0.5492474
-0.54004794
-0.54925793
-0.53820044
-0.54452217
-0.53227305
-0.5502588
-0.5468142
-0.5504014
-0.5431999
-0.54292965
-0.5413009
-0.55369395
-0.54937464
-0.54906845
-0.54461956
-0.5440667
-0.5510475
-0.5555363
-0.5438382
-0.5451198
-0.54334176
-0.54762644
-0.54382265
-0.5475342
-0.5505637
-0.5446569
-0.5384587
-0.55190474
-0.5566261
-0.54610366
-0.5463897
-0.5409531
-0.55651546
-0.55271524
-0.5443186
-0.5512216
-0.5646295
-0.5516114
-0.54711664
-0.5566813
-0.556647
-0.5490405
-0.5536349
-0.5506382
-0.5570477
-0.5499006
-0.55388033
-0.5522278
-0.5474191
-0.55603
-0.556819
-0.5600732
-0.5453814
-0.5487855
-0.5511605
-0.5605827
-0.5576913
-0.5560879
-0.5540509
-0.5551421
-0.5519479
-0.54861164
-0.55192
-0.55595106
-0.5509448
-0.56044436
-0.5584945
-0.5567643
-0.5504592
-0.5634016
-0.5595468
-0.5564848
-0.56140196
-0.56413347
-0.5619753
-0.560681
-0.5626985
-0.5594895
-0.56142634
-0.5629017
-0.5585292
-0.5629019
-0.5659712
-0.5591695
-0.56201667
-0.56150186
-0.563824
-0.55896586
-0.56453633
-0.55451524
-0.56696206
-0.5616396
-0.5645609
-0.5590419
-0.5708593
-0.5608001
-0.5633797
-0.56337565
-0.56303793
-0.56371605
-0.5569457
-0.5593679
-0.5664658
-0.5660494
-0.5749405
-0.5649215
-0.56421304
-0.56211376
-0.5711122
-0.56629866
-0.570246
-0.56276
-0.57329077
-0.5727969
-0.5642807
-0.56300366
-0.56987005
-0.5662819
-0.5734073
-0.57126516
-0.56623703
-0.56914204
-0.57401896
-0.5693939
-0.5606847
-0.5719216
-0.5714623
-0.5764743
-0.5665993
-0.57044345
-0.5750563
-0.5712142
-0.5749107
-0.577645
-0.56940657
-0.57307714
-0.5715881
-0.5758771
-0.5627163
-0.57115704
-0.5708885
-0.56775737
-0.5790172
-0.5637404
-0.57445925
-0.57928044
-0.5680044
-0.5722344
-0.57609206
-0.5782142
-0.5787383
-0.5833753
-0.5730818
-0.57366294
-0.57308966
-0.57795244
-0.57467
-0.57799375
-0.5811127
-0.5686075
-0.5735163
-0.57629836
-0.57424796
-0.58285266
-0.5760923
-0.57739884
-0.57458866
-0.5802685
-0.5694341
-0.5804119
-0.57416624
-0.5819372
-0.5779663
-0.5771126
-0.5803778
-0.58413225
-0.58506536
-0.5775693
-0.5771948
-0.5779503
-0.5695061
-0.58045506
-0.57785106
-0.581137
-0.5820564
-0.57882684
-0.58005387
-0.58536667
-0.58748657
-0.58731705
-0.583664
-0.57651365
-0.58356196
-0.57869655
-0.5721265
-0.58401483
-0.58383226
-0.5809381
-0.5898339
-0.57522684
-0.5891732
-0.5857234
-0.58176416
-0.58683753
-0.58460283
-0.5746481
-0.5852517
-0.57726485
-0.589762
-0.5824778
-0.5900918
-0.58478117
-0.5840857
-0.5797416
-0.57737887
-0.57966214
-0.5857267
-0.5860586
-0.58246744
-0.5801558
-0.5935291
-0.581078
-0.58245605
-0.5887737
-0.58410215
-0.5862582
-0.583573
-0.59456795
-0.5854278
-0.59045327
-0.58261627
-0.5910121
-0.5825887
-0.59102917
-0.59574676
-0.592958
-0.5922475
-0.59313387
-0.59064597
-0.59027886
-0.59246063
-0.5909773
-0.5857121
-0.59015864
-0.59870803
-0.59410137
-0.60045314
-0.5856518
-0.5881053
-0.59351474
-0.59529996
-0.59240335
-0.5926561
-0.5888671
-0.5900944
-0.5916375
-0.58894575
-0.5940331
-0.59006447
-0.5957439
-0.5982521
-0.59885454
-0.5970988
-0.5856938
-0.59209716
-0.59946114
-0.59433186
-0.5977558
-0.5965517
-0.5988411
-0.5975729
-0.59930354
-0.60230523
-0.5985568
-0.5928373
-0.598706
-0.59870553
-0.6005211
-0.5961178
-0.5959008
-0.6026495
-0.60212964
-0.5998591
-0.604505
-0.60069865
-0.6005794
-0.59973156
-0.59861356
-0.60002214
-0.59844816
-0.5989491
-0.5966373
-0.608182
-0.60033303
-0.6007562
-0.6021772
-0.6007585
-0.60253614
-0.6042551
-0.601345
-0.6064881
-0.6019913
-0.60236764
-0.60667145
-0.6078624
-0.6079726
-0.59865856
-0.6081511
-0.6026406
-0.6080773
-0.6075089
-0.6039596
-0.6077034
-0.60142106
-0.6066273
-0.60290444
-0.6096476
-0.6081704
-0.6063685
-0.60743755
-0.61206234
-0.60311586
-0.61072326
-0.60186774
-0.61316895
-0.61175203
-0.61749583
-0.6026977
-0.61766356
-0.61369884
-0.6142644
-0.61201805
-0.61316884
-0.61482215
-0.6098908
-0.60397524
-0.610466
-0.6062757
-0.61150175
-0.61338776
-0.61840737
-0.60843295
-0.6138189
-0.6118325
-0.62086797
-0.61134505
-0.6154078
-0.6101747
-0.6161252
-0.616951
-0.61289203
-0.618851
-0.6070075
-0.609716
-0.6155243
-0.61460465
-0.6117645
-0.6186487
-0.6122965
-0.6142921
-0.60886854
-0.6189174
-0.6158715
-0.61357266
-0.6173555
-0.61350906
-0.61906445
-0.6089204
-0.61650074
-0.6212286
-0.6175032
-0.61451
-0.61877066
-0.61858827
-0.61349064
-0.62158877
-0.6150242
-0.61520654
-0.6203368
-0.61443335
-0.616944
-0.6199274
-0.6230608
-0.62544996
-0.6180048
-0.6240987
-0.6231211
-0.62249374
-0.62739456
-0.61786854
-0.61943316
-0.62118673
-0.61893374
-0.6218635
-0.62384754
-0.62281644
-0.62101215
-0.61836594
-0.6175939
-0.6183393
-0.62158394
-0.6260097
-0.63144
-0.6272003
-0.6258566
-0.61645585
-0.6182435
-0.62576306
-0.63193893
-0.6353385
-0.6260366
-0.6176053
-0.63421416
-0.62248117
-0.62952685
-0.6189073
-0.62638175
-0.62870276
-0.6257163
-0.62334627
-0.62648064
-0.6242652
-0.6297856
-0.6240088
-0.6242974
-0.62750924
-0.62868524
-0.6189839
-0.62369204
-0.627738
-0.6289799
-0.62653345
-0.6265802
-0.63020176
-0.6320507
-0.6286274
-0.62571114
-0.6291333
-0.6314332
-0.6321299
-0.62395054
-0.6245467
-0.63833565
-0.62496746
-0.6303738
-0.63233405
-0.6234614
-0.62879026
-0.6282538
-0.63124293
-0.63429105
-0.6344012
-0.63318753
-0.6270792
-0.6319128
-0.63686764
-0.6321899
-0.63485956
-0.63200337
-0.6348297
-0.6331699
-0.6376792
-0.628636
-0.63079023
-0.63271534
-0.6349404
-0.6342037
-0.6367226
-0.63382745
-0.64156103
-0.6285781
-0.63995814
-0.6335375
-0.63962483
-0.6350446
-0.6423434
-0.6367451
-0.6303251
-0.63980746
-0.6375723
-0.63582176
-0.6366413
-0.6318895
-0.6397352
-0.6356691
-0.6345369
-0.64026093
-0.63398504
-0.6457443
-0.6311635
-0.6332972
-0.63948256
-0.63629234
-0.64369214
-0.63959825
-0.6378294
-0.6372195
-0.64483047
-0.6380058
-0.6381375
-0.6393654
-0.6344993
-0.6435556
-0.63875437
-0.64002675
-0.6386296
-0.6404324
-0.6363529
-0.633873
-0.6473828
-0.6464711
-0.6416826
-0.64329356
-0.64360714
-0.6401852
-0.64669913
-0.639474
-0.64063764
-0.64315695
-0.6383703
-0.6435937
-0.6433735
-0.64215815
-0.6427725
-0.6475386
-0.64654016
-0.64010966
-0.63927
-0.63971734
-0.6491607
-0.6421406
-0.6453335
-0.6432006
-0.6394128
-0.6455442
-0.6422608
-0.6403019
-0.64551693
-0.64473677
-0.6501898
-0.64422035
-0.647229
-0.6410788
-0.6472257
-0.64364725
-0.644865
-0.65097374
-0.6467745
-0.64614695
-0.64394313
-0.6490761
-0.6514517
-0.6489251
-0.6443657
-0.6509483
-0.6475788
-0.65287
-0.64791656
-0.6510318
-0.6525368
-0.64867985
-0.64561135
-0.64983535
-0.645031
-0.6488589
-0.6471933
-0.65064704
-0.64583015
-0.65160567
-0.6437987
-0.6496596
-0.64769024
-0.64754665
-0.65066624
-0.6532994
-0.64653134
-0.6531239
-0.6485283
-0.64892656
-0.65468526
-0.6540553
-0.64392495
-0.64757615
-0.6480619
-0.65235984
-0.65426666
-0.65401196
-0.6477782
-0.6550236
-0.6507301
-0.650605
-0.6529633
-0.65032315
-0.6503998
-0.6522433
-0.65516925
-0.6483325
-0.6540293
-0.65651387
-0.6558526
-0.6587498
-0.6524629
-0.6505761
-0.6545406
-0.6554455
-0.65583056
-0.65617025
-0.6544389
-0.6545442
-0.65334463
-0.64771014
-0.6527389
-0.65837455
-0.650372
-0.6508505
-0.65334314
-0.66153777
-0.6564457
-0.6543916
-0.65706795
-0.6601949
-0.6537965
-0.65111256
-0.65854484
-0.6540289
-0.65472764
-0.65230787
-0.6535845
-0.6561614
-0.6573421
-0.66289216
-0.6540657
-0.65524775
-0.65254354
-0.6558659
-0.65597683
-0.6539404
-0.6563578
-0.6586718
-0.6571588
-0.6566962
-0.65972877
-0.65985143
-0.65244675
-0.6544776
-0.6501097
-0.6570254
-0.65767074
-0.66170996
-0.6573939
-0.6564751
-0.65834576
-0.6564323
-0.6538557
-0.65765893
-0.6556307
-0.6569152
-0.6587992
-0.6546473
-0.65545046
-0.65243864
-0.6536861
-0.6599885
-0.65631235
-0.65317804
-0.66211545
-0.65882254
-0.65717125
-0.6623084
-0.65870935
-0.6556161
-0.6579333
-0.655245
-0.65069354
-0.6567042
-0.65582377
-0.6527539
-0.6612109
-0.6554817
-0.65442073
-0.65927356
-0.65938157
-0.65542364
-0.65608436
-0.66027176
-0.66012436
-0.66020066
-0.6578432
-0.66716623
-0.65691996
-0.6577561
-0.65633404
-0.6583351
-0.66595286
-0.65446246
-0.6604191
-0.6642987
-0.6589153
-0.6587726
-0.6600513
-0.6568967
-0.6571874
-0.6624084
-0.6579802
-0.6606802
-0.6594749
-0.6622909
-0.6585183
-0.6622485
-0.6534923
-0.66496867
-0.6654098
-0.66027975
-0.66315097
-0.665408
-0.66418284
-0.66145587
-0.66371477
-0.6619547
-0.65777355
-0.66099846
-0.6602943
-0.66612965
-0.66188973
-0.66453636
-0.66257745
-0.67048347
-0.6583713
-0.6631235
-0.66495323
-0.6624801
-0.6628008
-0.6650811
-0.66355497
-0.66254556
-0.6681241
-0.66474444
-0.6615588
-0.6606773
-0.66143745
-0.662867
-0.6655257
-0.6607025
-0.66071194
-0.66406083
-0.6639345
-0.6630978
-0.66588634
-0.66576886
-0.6668556
-0.663737
-0.66242087
-0.66792667
-0.66788626
-0.66844726
-0.66889364
-0.66871953
-0.67016214
-0.6637707
-0.66280127
-0.6676703
-0.66235983
-0.6647697
-0.666271
-0.6607546
-0.6661339
-0.66618735
-0.668882
-0.67062366
-0.6642854
-0.66270554
-0.6645718
-0.6615541
-0.6589519
-0.6629815
-0.6707573
-0.6690991
-0.6671885
-0.6642087
-0.66662896
-0.67125624
-0.6686822
-0.6693216
-0.6683384
-0.6614229
-0.6682931
-0.6653532
-0.6604897
-0.6587389
-0.6718432
-0.6643462
-0.6616737
-0.6666194
-0.66467166
-0.66507906
-0.6667274
-0.67299616
-0.6624655
-0.6633455
-0.66684806
-0.669695
-0.6660015
-0.67136425
-0.6683016
-0.6668084
-0.66595936
-0.66822714
-0.6718926
-0.6719382
-0.6655414
-0.668832
-0.6710077
-0.6672704
-0.6661222
-0.6678861
-0.66244334
-0.6664554
-0.66865563
-0.67249984
-0.6685915
-0.6764648
-0.6702314
-0.67047775
-0.6683719
-0.668255
-0.67070955
-0.67629534
-0.67180675
-0.66726506
-0.66599625
-0.6701465
-0.66662484
-0.6729247
-0.66603494
-0.66883016
-0.668707
-0.6672934
-0.6716174
-0.6656312
-0.6726022
-0.6695626
-0.66773933
-0.6710577
-0.67227584
-0.6724968
-0.6683362
-0.67004436
-0.6715491
-0.6722011
-0.6703656
-0.67252624
-0.6659046
-0.66977656
-0.6744979
-0.6730639
-0.67119217
-0.66674006
-0.6741467
-0.67320514
-0.66678214
-0.6696617
-0.66926086
-0.6667574
-0.6675765
-0.6741602
-0.66977406
-0.67060775
-0.6744383
-0.66873795
-0.6681895
-0.6747971
-0.6696234
-0.6686106
-0.6695043
-0.6727721
-0.6723535
-0.6730301
-0.6714935
-0.67385817
-0.669721
-0.67315716
-0.6752597
-0.6728359
-0.6728609
-0.67167205
-0.6729275
-0.6756987
-0.67459464
-0.6757391
-0.6735422
-0.6735132
-0.67963666
-0.6726707
-0.669839
-0.67491555
-0.6755089
-0.6733631
-0.6776021
-0.66850525
-0.6738693
-0.6726025
-0.6743302
-0.6716281
-0.66733015
-0.6755889
-0.67508066
-0.6761122
-0.6702669
-0.67491454
-0.6708901
-0.68213594
-0.67083365
-0.6742778
-0.67682546
-0.6725479
-0.6718513
-0.6780709
-0.6805418
-0.679484
-0.6715281
-0.67648983
-0.6724028
-0.6721571
-0.6762309
-0.6711821
-0.6772235
-0.6728922
-0.67213947
-0.67316055
-0.6771103
-0.6753333
-0.6728853
-0.6759171
-0.67435265
-0.6793597
-0.67633724
-0.6764297
-0.67781043
-0.67363185
-0.67514104
-0.6743715
-0.6783798
-0.6703494
-0.6731725
-0.6798732
-0.6785791
-0.674225
-0.67064196
-0.6768211
-0.6757348
-0.68231714
-0.674739
-0.6716062
-0.6788507
-0.6786758
-0.6764318
-0.6753677
-0.67489815
-0.67698574
-0.6743825
-0.677247
-0.67240363
-0.6780392
-0.67570746
-0.6808988
-0.6782265
-0.6777824
-0.6757084
-0.6794615
-0.68487
-0.67651445
-0.67763233
-0.6805452
-0.67683405
-0.6776243
-0.6772589
-0.67609257
-0.6795614
-0.68295413
-0.6799704
-0.6752424
-0.6788992
-0.67851686
-0.6727183
-0.67585444
-0.67927855
-0.6758127
-0.6787031
-0.6835312
-0.67957634
-0.6772305
-0.6795279
-0.6750208
-0.685102
-0.6784824
-0.6836724
-0.67996466
-0.68014985
-0.67632115
-0.6856064
-0.676381
-0.67652345
-0.6765459
-0.68108195
-0.6806773
-0.6793274
-0.683909
-0.68088394
-0.6796317
-0.68101966
-0.6783358
-0.6713357
-0.67847365
-0.67657316
-0.6774488
-0.68377054
-0.67708313
-0.6795855
-0.68089765
-0.67944723
-0.68470293
-0.6743646
-0.6762966
-0.6829792
-0.67575496
-0.68547535
-0.67597777
-0.68718654
-0.6824966
-0.6792139
-0.6745332
-0.68347394
-0.68211144
-0.67653245
-0.6783791
-0.67766833
-0.6797994
-0.6810191
-0.6750389
-0.67965865
-0.6786343
-0.68511456
-0.6841661
-0.68148285
-0.6851843
-0.68177235
-0.6815636
-0.6807623
-0.6824874
-0.68174505
-0.6808614
-0.6843207
-0.6797828
-0.6848903
-0.68103445
-0.68793285
-0.68445927
-0.68335634
-0.68133986
-0.6815393
-0.68402976
-0.68055195
-0.6824867
-0.68113995
-0.67767286
-0.6836042
-0.68315566
-0.6804854
-0.68256825
-0.6891562
-0.68072176
-0.6899597
-0.68281794
-0.6892733
-0.68662626
-0.68881756
-0.6856633
-0.68219656
-0.6798171
-0.6820505
-0.6880459
-0.68503827
-0.6834585
-0.6813394
-0.6817657
-0.6823511
-0.688216
-0.6851783
-0.6844327
-0.6879733
-0.6856262
-0.68096185
-0.68473196
-0.6885344
-0.6846585
-0.6844241
-0.6922313
-0.68626344
-0.6839117
-0.68224627
-0.67813003
-0.6817045
-0.6834112
-0.6828813
-0.6756688
-0.6854139
-0.6911027
-0.68262887
-0.68551326
-0.68420374
-0.6857758
-0.6839206
-0.6864229
-0.6859853
-0.68087775
-0.6880335
-0.6822144
-0.68387467
-0.6857707
-0.68299264
-0.6839793
-0.687297
-0.68643826
-0.68826145
-0.6872218
-0.68413454
-0.6845337
-0.68747205
-0.6874889
-0.6844968
-0.68105245
-0.68841213
-0.68124336
-0.6847633
-0.68549913
-0.6815535
-0.6908485
-0.6884537
-0.6854265
-0.6905098
-0.6818882
-0.6869289
-0.6806816
-0.69300425
-0.69050974
-0.6856275
-0.68412864
-0.6928481
-0.6766161
-0.69005305
-0.68749636
-0.68389845
-0.68522835
-0.6837317
-0.68261003
-0.6889969
-0.684528
-0.6865886
-0.6854956
-0.68510056
-0.6822457
-0.6845032
-0.68931663
-0.6902036
-0.68673563
-0.6812397
-0.69060135
-0.6895504
-0.69231516
-0.6902621
-0.6875295
-0.6892548
-0.6872496
-0.6897295
-0.6920657
-0.6913536
-0.69925696
-0.6867585
-0.68700683
-0.6895707
-0.69569343
-0.6947939
-0.6881283
-0.68489724
-0.6881946
-0.68795353
-0.690585
-0.68882555
-0.69051886
-0.68764937
-0.6888707
-0.68853176
-0.6849974
-0.68800706
-0.6863002
-0.6912604
-0.68920815
-0.6907005
-0.69460434
-0.6871252
-0.69457453
-0.6939974
-0.69169545
-0.6938191
-0.6947295
-0.69306064
-0.68707776
-0.6850717
-0.68677
-0.68928224
-0.68775785
-0.692235
-0.69109917
-0.6875489
-0.69295293
-0.69032645
-0.6893702
-0.692351
-0.6867849
-0.69379795
-0.692072
-0.6879276
-0.69177663
-0.6923281
-0.6858765
-0.68394107
-0.68819803
-0.6950753
-0.6889417
-0.6884403
-0.6912881
-0.69337
-0.68919617
-0.6913025
-0.68650174
-0.69613916
-0.69029427
-0.6911572
-0.69231755
-0.6932723
-0.6919071
-0.69051087
-0.6899913
-0.6924365
-0.69014424
-0.6900251
-0.6960901
-0.69267845
-0.69001013
-0.6905123
-0.6861328
-0.69465625
-0.69272006
-0.6886437
-0.6925876
-0.6907575
-0.6877693
-0.69169915
-0.6924595
-0.6903145
-0.6955573
-0.69343543
-0.6965999
-0.6923454
-0.69403404
-0.6976388
-0.6898704
-0.69497496
-0.6936673
-0.6919495
-0.6860395
-0.690437
-0.6930431
-0.689526
-0.69512224
-0.6983481
-0.691947
-0.6990617
-0.69390404
-0.69240576
-0.6961777
-0.6955225
-0.69126886
-0.69070923
-0.6963703
-0.69260716
-0.69534874
-0.695565
-0.69294137
-0.69690233
-0.6935808
-0.69136715
-0.6932088
-0.69511503
-0.69232404
-0.69183964
-0.69490355
-0.6943608
-0.6962804
-0.69673157
-0.69174194
-0.69821733
-0.6884851
-0.6928523
-0.69312435
-0.6963212
-0.69078153
-0.6895996
-0.6919061
-0.69711506
-0.6933794
-0.6917805
-0.6989862
-0.6936619
-0.6941097
-0.69525737
-0.6950903
-0.69119966
-0.6963296
-0.6973842
-0.6950119
-0.69740325
-0.7007824
-0.6948153
-0.69391686
-0.7002466
-0.6974018
-0.693673
-0.69588596
-0.69023114
-0.6975176
-0.6967532
-0.69486094
-0.69046324
-0.69792515
-0.69694954
-0.6953889
-0.6946112
-0.6963793
-0.6981769
-0.697769
-0.697036
-0.6966345
-0.69738144
-0.6987441
-0.6943973
-0.6986576
-0.6996774
-0.69660485
-0.6963351
-0.69170034
-0.7005155
-0.69589674
-0.6966853
-0.6915526
-0.69085944
-0.69371796
-0.69668555
-0.6959523
-0.69429606
-0.69612944
-0.6990688
-0.69354004
-0.6972843
-0.6987185
-0.6986597
-0.69517165
-0.6994913
-0.68993026
-0.69265246
-0.6990417
-0.69819474
-0.69586813
-0.6944333
-0.69664407
-0.69828457
-0.69917285
-0.69909567
-0.70090574
-0.7013927
-0.7003067
-0.7026137
-0.69435334
-0.70043087
-0.69832456
-0.6988893
-0.69676834
-0.69825065
-0.69845
-0.69709384
-0.69635147
-0.69976103
-0.69338447
-0.69675577
-0.6968167
-0.6998222
-0.6999898
-0.70368516
-0.7011116
-0.69645625
-0.69643044
-0.70056516
-0.7008006
-0.70324373
-0.69817823
-0.6971707
-0.7013683
-0.6966499
-0.69344556
-0.69984585
-0.69740963
-0.70286024
-0.69913805
-0.70091
-0.70200276
-0.6985994
-0.7022432
-0.7016961
-0.70040303
-0.7023682
-0.6971634
-0.700044
-0.6955522
-0.69813466
-0.70407075
-0.69544804
-0.69349885
-0.6998427
-0.6995045
-0.70160085
-0.70235294
-0.6982465
-0.70140463
-0.7011949
-0.69906324
-0.70007676
-0.700997
-0.7002583
-0.7021298
-0.71020633
-0.70527923
-0.6996331
-0.6986382
-0.6985901
-0.70054585
-0.7020852
-0.69816506
-0.7009617
-0.70055854
-0.6971986
-0.69922787
-0.7009711
-0.7082631
-0.69716626
-0.7019127
-0.70049554
-0.7015135
-0.6983226
-0.693612
-0.70412445
-0.70456415
-0.7068804
-0.70351577
-0.6958152
-0.7038611
-0.69650006
-0.7016953
-0.7030934
-0.70459265
-0.6983217
-0.6990364
-0.6997238
-0.7033604
-0.7023611
-0.6990747
-0.7088731
-0.6976501
-0.70553905
-0.706981
-0.6998974
-0.7025193
-0.70276505
-0.7040388
-0.7024495
-0.70164984
-0.69746464
-0.70265657
-0.7038529
-0.70315295
-0.7030225
-0.7021358
-0.7032169
-0.7012498
-0.70430106
-0.7077514
-0.7024778
-0.69722915
-0.709307
-0.7036468
-0.70115757
-0.7011451
-0.7067799
-0.7053606
-0.70477897
-0.7026389
-0.70191234
-0.70239335
-0.69886106
-0.7027404
-0.7021238
-0.70447344
-0.7025239
-0.70269984
-0.70444393
-0.70140976
-0.70781535
-0.6992211
-0.70676947
-0.70257163
-0.70941573
-0.7068668
-0.707095
-0.7040295
-0.70228887
-0.7083046
-0.7016095
-0.7016368
-0.70312333
-0.70275515
-0.70602
-0.7072486
-0.7030866
-0.70442533
-0.6994313
-0.7041266
-0.70002824
-0.7054019
-0.70781404
-0.7032042
-0.70396227
-0.70593303
-0.7035773
-0.70757306
-0.6995124
-0.7036584
-0.7053302
-0.7030034
-0.70081425
-0.71114063
-0.6988575
-0.7078962
-0.6994737
-0.70385754
-0.7039007
-0.70341134
-0.70800585
-0.70724654
-0.70366746
-0.70097935
-0.7074715
-0.704626
-0.7074801
-0.70019585
-0.7029127
-0.7060015
-0.705083
-0.7078938
-0.70615095
-0.7046391
-0.7056591
-0.70100737
-0.70498776
-0.7047438
-0.7027336
-0.70879596
-0.7064474
-0.7069387
-0.70429426
-0.7040352
-0.70363694
-0.70434624
-0.7049343
-0.7107316
-0.7090095
-0.7032952
-0.7034847
-0.7088496
-0.70943546
-0.7016228
-0.70706356
-0.70144314
-0.7053448
-0.70788485
-0.7066724
-0.7043863
-0.70982915
-0.71009624
-0.70362586
-0.7100592
-0.70614713
-0.70415086
-0.7020002
-0.7090451
-0.7029269
-0.70418143
-0.7098414
-0.7082181
-0.7096516
-0.70585114
-0.70857424
-0.70908535
-0.7027279
-0.70451087
-0.7109679
-0.70846474
-0.70317477
-0.70598036
-0.711339
-0.707058
-0.70978
-0.7040223
-0.7044501
-0.7076831
-0.7066212
-0.7062217
-0.7113386
-0.7078396
-0.7054903
-0.7095793
-0.713739
-0.70871985
-0.70529133
-0.70661145
-0.70893836
-0.70770514
-0.70695925
-0.7085875
-0.7096419
-0.70791626
-0.70802486
-0.7119952
-0.7084231
-0.7081245
-0.708119
-0.7080543
-0.71017826
-0.71614105
-0.7049474
-0.7060301
-0.7103868
-0.7133559
-0.71076876
-0.7063172
-0.7021946
-0.7137786
-0.7062329
-0.70751625
-0.7074031
-0.709659
-0.70432544
-0.70704836
-0.7112315
-0.7081796
-0.70957977
-0.70409787
-0.7083781
-0.7092769
-0.70773405
-0.70649135
-0.7095398
-0.7091128
-0.707668
-0.70540017
-0.70624053
-0.70712924
-0.70978844
-0.7070555
-0.7061785
-0.70552427
-0.71146095
-0.7163976
-0.71002614
-0.7091132
-0.70955235
-0.711342
-0.71057093
-0.70765746
-0.7124361
-0.7170184
-0.7092112
-0.7112924
-0.7107132
-0.7141868
-0.71240455
-0.7107027
-0.71066487
-0.7125359
-0.7080565
-0.71482927
-0.70574695
-0.7106441
-0.70976824
-0.7093331
-0.7128468
-0.7073342
-0.70934
-0.71374214
-0.71073335
-0.71191806
-0.7079655
-0.7106648
-0.71201485
-0.7127152
-0.70925224
-0.71151346
-0.7080509
-0.7164954
-0.7057236
-0.7095874
-0.7139895
-0.707348
-0.70714855
-0.70920366
-0.713879
-0.7110118
-0.71132815
-0.709134
-0.70971197
-0.71099037
-0.71376574
-0.70894545
-0.71510506
-0.71630436
-0.71335727
-0.7077193
-0.7119451
-0.71075904
-0.7107962
-0.7163892
-0.71136504
-0.70804
-0.71349955
-0.7138984
-0.7069728
-0.7153337
-0.71094507
-0.71547663
-0.714824
-0.70634335
-0.7101018
-0.71496487
-0.71200573
-0.7156929
-0.71372384
-0.71059
-0.7183009
-0.71319914
-0.7109284
-0.71777636
-0.705299
-0.71174777
-0.7108613
-0.70848
-0.71404034
-0.71552014
-0.7098169
-0.7103573
-0.71006596
-0.7144958
-0.7145444
-0.7104666
-0.71005404
-0.7139995
-0.70695096
-0.71610504
-0.7124264
-0.7138997
-0.70763814
-0.7117283
-0.71851623
-0.7117614
-0.7107593
-0.71462995
-0.7118254
-0.7096129
-0.7146881
-0.71263236
-0.7119092
-0.71611583
-0.7150045
-0.70847166
-0.7123223
-0.71024615
-0.7157563
-0.71928394
-0.71918094
-0.7170632
-0.71207297
-0.7127135
-0.7127565
-0.71555084
-0.71266615
-0.70764744
-0.7083756
-0.713476
-0.71507144
-0.71529967
-0.714337
-0.71489817
-0.7152427
-0.7130727
-0.7086263
-0.71715784
-0.71678764
-0.71417207
-0.7116948
-0.71613026
-0.716252
-0.7091897
-0.7103767
-0.71136487
-0.7167742
-0.7139561
-0.7148449
-0.7169825
-0.7123345
-0.71532863
-0.71582806
-0.7188547
-0.71913755
-0.71033823
-0.7138045
-0.7132951
-0.7148181
-0.7130707
-0.7100063
-0.71421593
-0.71315604
-0.71127427
-0.7136868
-0.70780927
-0.7174035
-0.71226037
-0.71519977
-0.7119296
-0.71553445
-0.7162537
-0.7162959
-0.70914865
-0.70936847
-0.71132666
-0.71787965
-0.71554786
-0.7123097
-0.7098814
-0.7152306
-0.7093657
-0.71107954
-0.7182071
-0.7182812
-0.714035
-0.7155572
-0.7177272
-0.71328706
-0.7198671
-0.71478456
-0.7174884
-0.71643156
-0.71708566
-0.72035944
-0.71739686
-0.7189649
-0.71248394
-0.7128455
-0.71840227
-0.7121121
-0.7104106
-0.71616286
-0.71489024
-0.7138901
-0.71539456
-0.7169847
-0.7166497
-0.72175926
-0.71801496
-0.71800023
-0.7157467
-0.7231712
-0.72190815
-0.7178162
-0.7190047
-0.71478784
-0.71225125
-0.71806383
-0.7138259
-0.71054643
-0.71658874
-0.7168392
-0.71750635
-0.7182827
-0.7136356
-0.71603805
-0.71576744
-0.71842587
-0.7182767
-0.71228266
-0.7153775
-0.71736395
-0.71685433
-0.7172624
-0.7154533
-0.71551025
-0.71533346
-0.72353727
-0.7159753
-0.71776986
-0.71951133
-0.7201266
-0.7184636
-0.7202107
-0.7158381
-0.7180213
-0.71639115
-0.7149573
-0.71466386
-0.7166652
-0.7193783
-0.7205671
-0.71292186
-0.72506493
-0.71583754
-0.7181877
-0.7188681
-0.7193452
-0.725695
-0.71698135
-0.7180697
-0.72116435
-0.71890676
-0.7155564
-0.7193621
-0.72078055
-0.71552247
-0.718453
-0.7139268
-0.7202258
-0.7198049
-0.7214114
-0.7200219
-0.72044057
-0.7181863
-0.7168325
-0.7189722
-0.7215897
-0.7213847
-0.719244
-0.7148745
-0.7195731
-0.7160321
-0.718275
-0.7201901
-0.72053236
-0.7163842
-0.719174
-0.718213
-0.7091106
-0.71607107
-0.71866345
-0.7182997
-0.7191363
-0.7205938
-0.7226331
-0.71847373
-0.71994704
-0.7195377
-0.7191242
-0.71924466
-0.7206278
-0.7143923
-0.7172917
-0.7174788
-0.71804607
-0.7169693
-0.7197532
-0.719021
-0.72350377
-0.7227545
-0.7181222
-0.72240454
-0.7164642
-0.72106963
-0.71746624
-0.72199905
-0.7221206
-0.7155206
-0.72169924
-0.71694994
-0.71648914
-0.721056
-0.7212428
-0.72101873
-0.7167466
-0.71888334
-0.7159196
-0.71874434
-0.7216633
-0.7194251
-0.7170811
-0.7207206
-0.71433985
-0.71940804
-0.7204287
-0.71948296
-0.71595776
-0.7197319
-0.72073674
-0.718293
-0.7208719
-0.71809804
-0.7220586
-0.7193249
-0.7194997
-0.72151875
-0.7215479
-0.7209315
-0.7194588
-0.7228476
-0.7193755
-0.7193822
-0.72389257
-0.7181977
-0.71786076
-0.7207193
-0.71877414
-0.71746933
-0.7163677
-0.72347635
-0.71942395
-0.7219119
-0.72174555
-0.72393274
-0.7199095
-0.722108
-0.722422
-0.71813637
-0.72228813
-0.71990603
-0.7205552
-0.72063273
-0.7209441
-0.72076774
-0.72229594
-0.7168831
-0.7213299
-0.71893907
-0.71842694
-0.72260165
-0.71702397
-0.71721476
-0.7195135
-0.71804345
-0.71908236
-0.7194225
-0.72370076
-0.7154103
-0.72550666
-0.71808964
-0.7233688
-0.7181409
-0.7218664
-0.7203562
-0.7227403
-0.72256607
-0.7205096
-0.72082376
-0.7210139
-0.7266264
-0.72234637
-0.7240265
-0.7175794
-0.7183228
-0.7225645
-0.71843886
-0.71935093
-0.7193532
-0.72204065
-0.7225578
-0.71837306
-0.7232764
-0.72144413
-0.7186887
-0.71916384
-0.7198735
-0.7191139
-0.7216788
-0.7206268
-0.71769345
-0.7206089
-0.7255911
-0.720876
-0.71904105
-0.72009903
-0.724164
-0.7170102
-0.72081953
-0.7196708
-0.7177457
-0.7187248
-0.71981007
-0.72331035
-0.7234041
-0.7194436
-0.72537804
-0.72204274
-0.72385764
-0.7219022
-0.7196674
-0.7224646
-0.72342145
-0.72009265
-0.72065234
-0.720807
-0.722995
-0.7258638
-0.72453564
-0.72035486
-0.7258515
-0.7228574
-0.72549736
-0.7193717
-0.7279129
-0.71866983
-0.72188723
-0.7217542
-0.7229834
-0.721377
-0.72453195
-0.7191028
-0.72587955
-0.7248281
-0.7235814
-0.724808
-0.7202691
-0.726834
-0.7212561
-0.7193412
-0.7239711
-0.71903884
-0.7230878
-0.7255089
-0.7225535
-0.72428864
-0.7262089
-0.7219807
-0.7249766
-0.7214334
-0.7209787
-0.722919
-0.72503173
-0.72126293
-0.72240376
-0.7213552
-0.7224222
-0.7225598
-0.72454625
-0.7221654
-0.71796995
-0.7257823
-0.72107464
-0.724137
-0.7236233
-0.7220464
-0.72488785
-0.7239764
-0.7303479
-0.7214613
-0.72625476
-0.7236749
-0.7238845
-0.71821326
-0.71862066
-0.72575533
-0.722826
-0.7238765
-0.72336704
-0.7239745
-0.7257565
-0.72380555
-0.72714233
-0.7203685
-0.7285078
-0.72653925
-0.7178915
-0.7303556
-0.7215191
-0.7251707
-0.72524804
-0.72298455
-0.7251768
-0.72322136
-0.7214306
-0.72636175
-0.7250006
-0.724473
-0.7239842
-0.7201404
-0.72335076
-0.7258003
-0.7228081
-0.7227797
-0.7234533
-0.7230833
-0.7256566
-0.72488
-0.7285845
-0.72611237
-0.72027916
-0.7235038
-0.72558117
-0.72147727
-0.7249164
-0.72643405
-0.7237493
-0.72457993
-0.7274752
-0.724474
-0.721314
-0.7208274
-0.7295004
-0.72465616
-0.72747123
-0.72882485
-0.72548586
-0.72297615
-0.72956246
-0.7268623
-0.72400546
-0.7238958
-0.7306742
-0.7184803
-0.72636735
-0.7244122
-0.72839934
-0.7255474
-0.7237179
