-0.45524815
-0.44201747
-0.46901637
-0.48968744
-0.4988314
-0.5029666
-0.5088793
-0.53192455
-0.5439448
-0.54696214
-0.5578213
-0.56709695
-0.55280393
-0.5696283
-0.59091115
-0.58062583
-0.6021511
-0.6115721
-0.6185058
-0.6287517
-0.6107003
-0.6250548
-0.657427
-0.66773355
-0.6898845
-0.6757267
-0.69312173
-0.6995374
-0.71135294
-0.7066799
-0.7315222
-0.75146294
-0.75137514
-0.76269287
-0.76657045
-0.7710911
-0.77723676
-0.79212147
-0.79615325
-0.80184287
-0.798988
-0.81140316
-0.8137828
-0.8185397
-0.8266125
-0.822378
-0.82660735
-0.8353558
-0.8298566
-0.83947164
-0.8367737
-0.84775656
-0.84620315
-0.84963953
-0.84699553
-0.8523993
-0.8524036
-0.85731196
-0.85312545
-0.86044985
-0.85803705
-0.8649631
-0.86383855
-0.86154014
-0.8657547
-0.86791414
-0.8657745
-0.8723452
-0.866916
-0.87650067
-0.87470186
-0.8750266
-0.873176
-0.8728351
-0.88367957
-0.87541884
-0.8832015
-0.8790952
-0.88089794
-0.87789416
-0.87605256
-0.88211596
-0.8774433
-0.88335335
-0.8864191
-0.88508904
-0.88467544
-0.8852971
-0.8839489
-0.8852925
-0.8888635
-0.887157
-0.8845799
-0.88672453
-0.88720757
-0.891189
-0.8865115
-0.88635266
-0.8859226
-0.8868803
-0.88730276
-0.8851705
-0.8880177
-0.8920658
-0.8886382
-0.89026654
-0.8882619
-0.8919468
-0.8909825
-0.8921662
-0.891792
-0.8922455
-0.8930479
-0.8918968
-0.8922182
-0.89125496
-0.8927246
-0.8949007
-0.89469296
-0.89462954
-0.89497894
-0.8934806
-0.8958004
-0.89504635
-0.895719
-0.89440817
-0.89441824
-0.90021956
-0.89576983
-0.8944213
-0.89692116
-0.89368486
-0.8994207
-0.89387643
-0.8960239
-0.89554846
-0.8947913
-0.8951045
-0.8955866
-0.893839
-0.8954319
-0.8972114
-0.8959536
-0.8990315
-0.89315087
-0.89945614
-0.89905465
-0.897824
-0.8974863
-0.89838517
-0.89727
-0.89989084
-0.9003994
-0.8987489
-0.89748234
-0.89932585
-0.8988501
-0.89616853
-0.8990893
-0.89775455
-0.90117043
-0.9017749
-0.9028204
-0.9004636
-0.9000639
-0.90106404
-0.8972456
-0.9014018
-0.89752614
-0.89813995
-0.9008114
-0.9004762
-0.90187424
-0.900148
-0.901494
-0.9013079
-0.89845103
-0.9009382
-0.8989105
-0.9016641
-0.9033716
-0.8996408
-0.89691615
-0.9025424
-0.89798146
-0.899706
-0.8989997
-0.9015969
-0.9005699
-0.9019823
-0.90173906
-0.9016732
-0.89973927
-0.89940995
-0.9042887
-0.89853144
-0.9005905
-0.90290517
-0.90340483
-0.90102994
-0.90168846
-0.9024228
-0.9014372
-0.89997816
-0.9021062
-0.9010922
-0.9025229
-0.9011974
-0.89892
-0.90194976
-0.9020509
-0.90220904
-0.9011028
-0.9022776
-0.9029269
-0.9033856
-0.90251446
-0.9032865
-0.9030502
-0.9020504
-0.9005725
-0.8998589
-0.9034526
-0.90064096
-0.9011223
-0.9004297
-0.90033925
-0.90294623
-0.90648437
-0.9032335
-0.9008713
-0.90236753
-0.9024933
-0.9011164
-0.9044169
-0.9033211
-0.9052298
-0.90065604
-0.9034331
-0.9054724
-0.90421665
-0.9025374
-0.90207386
-0.90235484
-0.9035498
-0.90366346
-0.9028958
-0.9039262
-0.9047738
-0.90340704
-0.90171474
-0.90167385
-0.9025893
-0.903464
-0.9020271
-0.9011814
-0.9005595
-0.8997118
-0.902684
-0.905314
-0.90222704
-0.9050981
-0.9066844
-0.9054764
-0.90272593
-0.90176666
-0.9022546
-0.9045876
-0.90530956
-0.9053541
-0.90346766
-0.9011245
-0.90411234
-0.90467507
-0.9011508
-0.9053868
-0.9050589
-0.9051723
-0.90376633
-0.900593
-0.9052357
-0.90437406
-0.90298176
-0.9038145
-0.90315676
-0.9046042
-0.9030541
-0.9038923
-0.9032707
-0.9036444
-0.9078458
-0.90559167
-0.9062533
-0.9041222
-0.9079708
-0.90621203
-0.90458006
-0.901765
-0.9049584
-0.9025047
-0.90685505
-0.90326613
-0.9035041
-0.9063126
-0.90481246
-0.9023733
-0.9064899
-0.9059514
-0.9036281
-0.90653825
-0.90512735
-0.90451795
-0.9026433
-0.90437305
-0.90551984
-0.90475744
-0.9071228
-0.9048865
-0.9006562
-0.9055571
-0.9065707
-0.90400517
-0.9063693
-0.90451264
-0.90369534
-0.90381736
-0.90260804
-0.907281
-0.90562993
-0.90266013
-0.9051745
-0.9054879
-0.90444297
-0.90548795
-0.9048125
-0.90405595
-0.9034203
-0.90353876
-0.9062084
-0.9038307
-0.9070091
-0.90917784
-0.9010192
-0.9079295
-0.9081422
-0.9067255
-0.90810806
-0.9080276
-0.90696424
-0.90698147
-0.90330565
-0.9024792
-0.90589213
-0.9083542
-0.9075876
-0.90852803
-0.9068331
-0.9081959
-0.90471613
-0.9052526
-0.90509796
-0.9053444
-0.9030368
-0.9061918
-0.90623116
-0.90604985
-0.9046115
-0.9042323
-0.9050244
-0.90436006
-0.90355194
-0.90626526
-0.9057553
-0.9088683
-0.90572953
-0.9096721
-0.905836
-0.9095325
-0.90489185
-0.9051265
-0.9071576
-0.9046045
-0.9082082
-0.90817857
-0.90430427
-0.9073691
-0.9046047
-0.9057395
-0.9071316
-0.9061459
-0.9084159
-0.9116946
-0.9057432
-0.9045736
-0.90487474
-0.906521
-0.90579593
-0.902236
-0.9055238
-0.906595
-0.90749776
-0.904535
-0.9053732
-0.9047903
-0.9054569
-0.907196
-0.903275
-0.9055691
-0.9065418
-0.90753764
-0.9111885
-0.9054378
-0.90454036
-0.9080209
-0.90239626
-0.90800416
-0.9068393
-0.9029717
-0.9064578
-0.90738064
-0.90719974
-0.90652853
-0.90194106
-0.9052781
-0.9058479
-0.91023564
-0.906774
-0.9067482
-0.9048023
-0.90767056
-0.90554976
-0.9082333
-0.906511
-0.907209
-0.90798116
-0.9069316
-0.9048688
-0.9074181
-0.9089943
-0.90815157
-0.9054828
-0.9088192
-0.90395224
-0.9044089
-0.9086273
-0.9061705
-0.9083116
-0.90941036
-0.90544605
-0.90551865
-0.90637684
-0.9069595
-0.90716743
-0.90601856
-0.9071489
-0.907798
-0.90554816
-0.90960455
-0.9053079
-0.9083771
-0.9047838
-0.9106104
-0.90693617
-0.9080151
-0.9089398
-0.90734273
-0.9086364
-0.9090063
-0.906841
-0.90687734
-0.9072013
-0.9089433
-0.90879
-0.90288365
-0.90889335
-0.90856344
-0.9076869
-0.90729165
-0.90841806
-0.9069213
-0.90869343
-0.9061612
-0.9078562
-0.9057565
-0.9076591
-0.90874684
-0.9081718
-0.906327
-0.90828407
-0.9097624
-0.90519565
-0.9088478
-0.90826565
-0.906974
-0.9067658
-0.9065871
-0.9057075
-0.910075
-0.9093934
-0.9093679
-0.90737486
-0.9094901
-0.90624845
-0.911525
-0.90945005
-0.90978295
-0.9090765
-0.90904784
-0.9087877
-0.9061342
-0.90880233
-0.91028243
-0.90691483
-0.9063841
-0.90972227
-0.90908307
-0.9069289
-0.9074678
-0.9074933
-0.9095099
-0.9053966
-0.90879923
-0.9056664
-0.9067738
-0.9079319
-0.90927947
-0.90852255
-0.90705174
-0.90681726
-0.90861875
-0.9069928
-0.9090444
-0.911913
-0.90662813
-0.90837705
-0.9099613
-0.9051138
-0.9103588
-0.9086555
-0.9113307
-0.9093926
-0.9081861
-0.9087796
-0.90848964
-0.9067282
-0.9107694
-0.9084564
-0.90718466
-0.9077943
-0.9058997
-0.9080836
-0.9107766
-0.9067527
-0.9065292
-0.90769506
-0.90961826
-0.90820754
-0.9101829
-0.9066477
-0.90803665
-0.9101241
-0.9086473
-0.90739673
-0.9072848
-0.9101581
-0.91010714
-0.90981984
-0.9074702
-0.9116763
-0.9100211
-0.906729
-0.90819544
-0.9087128
-0.90746033
-0.9083508
-0.905699
-0.91099715
-0.91111606
-0.9071122
-0.9129914
-0.9089712
-0.90902257
-0.90705174
-0.9068722
-0.90778506
-0.9073617
-0.90689033
-0.91020346
-0.9088269
-0.90883505
-0.9103106
-0.9101278
-0.90882504
-0.9084261
-0.90941554
-0.90824556
-0.90905523
-0.9101865
-0.91000485
-0.908769
-0.9090748
-0.90818024
-0.9088577
-0.90960574
-0.90994143
-0.91114855
-0.9101019
-0.9104656
-0.9088044
-0.90937483
-0.90614074
-0.9086473
-0.90998566
-0.9114018
-0.91217196
-0.90971243
-0.90870935
-0.9058542
-0.90916777
-0.9086686
-0.9076237
-0.90834093
-0.90569544
-0.90974265
-0.90949565
-0.90696955
-0.9079804
-0.9109603
-0.90812933
-0.9061966
-0.9063395
-0.90932167
-0.9097588
-0.9073022
-0.90691185
-0.91076314
-0.9082814
-0.91067815
-0.9056782
-0.909829
-0.9099133
-0.9064276
-0.9119797
-0.9098199
-0.9054642
-0.9122668
-0.9113486
-0.90852875
-0.9091713
-0.913155
-0.9107066
-0.91003036
-0.90830714
-0.9089687
-0.91164035
-0.9096652
-0.9097371
-0.9088274
-0.9107557
-0.91071004
-0.9119111
-0.9095891
-0.90957564
-0.9076423
-0.91097564
-0.9087235
-0.90944237
-0.9108446
-0.9094293
-0.9069088
-0.9082821
-0.91142297
-0.9061665
-0.9087399
-0.90886146
-0.91019565
-0.90932447
-0.909258
-0.912832
-0.91152644
-0.9095513
-0.9101989
-0.91179097
-0.9108046
-0.9096367
-0.90859365
-0.9091961
-0.90932494
-0.9074612
-0.90937996
-0.9114732
-0.9088307
-0.9098941
-0.9087274
-0.908454
-0.9090665
-0.9040314
-0.90967816
-0.9069489
-0.91180384
-0.9106825
-0.9062881
-0.91051066
-0.91169775
-0.90621984
-0.9084877
-0.90778184
-0.9082705
-0.91239166
-0.9079827
-0.90709436
-0.91102093
-0.90944964
-0.90730083
-0.90867925
-0.90883523
-0.91234356
-0.9107481
-0.91117716
-0.90882874
-0.90589535
-0.90927273
-0.9128088
-0.9119263
-0.9073173
-0.90623766
-0.91061014
-0.9068639
-0.90811926
-0.90934837
-0.90975374
-0.9105324
-0.9115729
-0.907151
-0.9085689
-0.90967506
-0.9100057
-0.9102482
-0.91148955
-0.91015303
-0.90854514
-0.9098448
-0.9108904
-0.9124485
-0.90786487
-0.9100552
-0.90861166
-0.90973085
-0.9093807
-0.9129009
-0.91184896
-0.909893
-0.9115423
-0.9090372
-0.9097948
-0.9072103
-0.9111485
-0.9094227
-0.9085381
-0.91113764
-0.91252714
-0.9099778
-0.9080614
-0.91180843
-0.91164976
-0.90933615
-0.91114724
-0.90813625
-0.9123313
-0.9100814
-0.9070306
-0.90786314
-0.90819335
-0.91329956
-0.9109755
-0.90969616
-0.9124289
-0.90920514
-0.91011906
-0.9119343
-0.90924215
-0.9106109
-0.90939933
-0.9095547
-0.90953046
-0.9105947
-0.9118854
-0.91032326
-0.9108553
-0.9080824
-0.908554
-0.90878856
-0.9092567
-0.90900856
-0.91269034
-0.9118418
-0.913449
-0.9095563
-0.9116342
-0.9074207
-0.907255
-0.9090815
-0.9055195
-0.90908396
-0.91030085
-0.9118576
-0.90981835
-0.9096974
-0.9081968
-0.9079084
-0.9096083
-0.91236556
-0.9085488
-0.9104566
-0.91023964
-0.91062933
-0.91061896
-0.9132075
-0.91254044
-0.9102274
-0.9116134
-0.9102024
-0.91141313
-0.9105622
-0.9157024
-0.9108601
-0.9118512
-0.91156656
-0.9101998
-0.91063243
-0.90676147
-0.90996695
-0.91268116
-0.91149724
-0.91019946
-0.9084987
-0.9092856
-0.90943843
-0.9090407
-0.90981656
-0.9078994
-0.90914726
-0.90830314
-0.91242635
-0.90876305
-0.90908104
-0.9103668
-0.9091268
-0.90927213
-0.91020215
-0.91023016
-0.9119534
-0.9107788
-0.9128959
-0.9127624
-0.9065735
-0.90991247
-0.911981
-0.9133894
-0.9089336
-0.91362333
-0.91185987
-0.90821564
-0.9110738
-0.90859807
-0.9116145
-0.91112185
-0.9104427
-0.9078242
-0.9103991
-0.9116247
-0.91159767
-0.91187227
-0.9071904
-0.91207004
-0.90952927
-0.9119306
-0.90949786
-0.9121275
-0.91212535
-0.91075784
-0.91348255
-0.91121006
-0.909325
-0.9060617
-0.90767163
-0.9105157
-0.91104174
-0.9103662
-0.91168416
-0.90985036
-0.9114379
-0.9115168
-0.9102282
-0.91142696
-0.91016614
-0.9098419
-0.9094816
-0.90776896
-0.907991
-0.9061161
-0.9134732
-0.91181594
-0.90982753
-0.910799
-0.9119759
-0.9102213
-0.90935326
-0.9099661
-0.9106723
-0.90920526
-0.9117997
-0.90983224
-0.91131526
-0.91257185
-0.9113144
-0.91076005
-0.9132309
-0.9105912
-0.9081917
-0.91075873
-0.9126907
-0.9118176
-0.9102241
-0.9115482
-0.91034687
-0.9136706
-0.9118105
-0.90943766
-0.91075915
-0.9109963
-0.9109886
-0.9121494
-0.91091985
-0.9110056
-0.91100734
-0.9101735
-0.91158956
-0.9107068
-0.9115687
-0.911971
-0.9101497
-0.9113822
-0.9074726
-0.91103804
-0.90885025
-0.91052014
-0.9096822
-0.9091761
-0.90999633
-0.9068066
-0.91053987
-0.90945977
-0.9101819
-0.91137683
-0.9125654
-0.9102057
-0.90819764
-0.9117145
-0.91119117
-0.90970707
-0.90854555
-0.91095155
-0.91067845
-0.910661
-0.91089004
-0.91290015
-0.91135234
-0.9113186
-0.9087301
-0.9110472
-0.9110179
-0.9100506
-0.91265297
-0.9141097
-0.91228807
-0.9108841
-0.9115752
-0.9113787
-0.91158175
-0.91008615
-0.909162
-0.91063
-0.9097498
-0.9102153
-0.9116691
-0.91101366
-0.9130484
-0.9123406
-0.9084067
-0.9094676
-0.912213
-0.9118373
-0.91040176
-0.9136149
-0.91021115
-0.9098079
-0.909935
-0.91267544
-0.9130417
-0.9120341
-0.9101669
-0.91133887
-0.91148007
-0.9103599
-0.91225004
-0.90874624
-0.9111994
-0.909043
-0.91431993
-0.9128198
-0.9094227
-0.9114371
-0.91194874
-0.9139422
-0.91386604
-0.9102355
-0.9082509
-0.9104408
-0.9133411
-0.9102555
-0.90960246
-0.9113738
-0.9100429
-0.9107858
-0.91081357
-0.9106577
-0.9116069
-0.9105506
-0.9087764
-0.9119227
-0.9150381
-0.9122758
-0.9129211
-0.9122748
-0.91169095
-0.9105343
-0.91247517
-0.9133051
-0.90847576
-0.9133181
-0.9103491
-0.9125112
-0.91034603
-0.9123822
-0.91222507
-0.90882194
-0.9091021
-0.9096836
-0.9120786
-0.9124414
-0.9116348
-0.9129957
-0.91252
-0.9109654
-0.91307586
-0.91296214
-0.9111266
-0.9094635
-0.9115115
-0.91439307
-0.9127215
-0.9132137
-0.91242284
-0.90978473
-0.9109036
-0.9099804
-0.9131236
-0.91350216
-0.9138392
-0.91067743
-0.9131146
-0.9152271
-0.9139027
-0.91000515
-0.9121535
-0.9117507
-0.9089424
-0.9131004
-0.90914404
-0.9111497
-0.9127322
-0.91200805
-0.9128666
-0.9126095
-0.9118283
-0.9078804
-0.9106516
-0.9128402
-0.9126544
-0.9144439
-0.9085716
-0.91077846
-0.910367
-0.911034
-0.9141916
-0.9139758
-0.9095804
-0.91105765
-0.91356796
-0.9067426
-0.91153693
-0.9094829
-0.9140778
-0.914514
-0.9088645
-0.91001666
-0.9098118
-0.91099304
-0.9115347
-0.910458
-0.9107148
-0.91254044
-0.91322064
-0.90962785
-0.91023177
-0.9115551
-0.9117666
-0.90919995
-0.91081685
-0.9112644
-0.9112429
-0.9085593
-0.91260785
-0.9114857
-0.9109778
-0.9086695
-0.91120577
-0.9151687
-0.91140264
-0.91226155
-0.91208154
-0.91128457
-0.90852857
-0.91368407
-0.9100785
-0.9133755
-0.9120895
-0.9141189
-0.9120338
-0.9089256
-0.91285735
-0.91015404
-0.9114767
-0.91298413
-0.9116907
-0.9118548
-0.91160166
-0.90921813
-0.9131806
-0.9126627
-0.91235214
-0.91291565
-0.9103394
-0.9118171
-0.91101897
-0.9107761
-0.91099834
-0.91181916
-0.9118765
-0.91404593
-0.9085265
-0.91393036
-0.9099951
-0.9124791
-0.91463757
-0.91345996
-0.9101446
-0.9140109
-0.9146306
-0.91001326
-0.9134287
-0.9107861
-0.9117097
-0.91219866
-0.9132962
-0.91238225
-0.9107745
-0.9133524
-0.91116655
-0.90887254
-0.91396505
-0.9157665
-0.913448
-0.91478646
-0.9115631
-0.9119866
-0.9100686
-0.912373
-0.91088766
-0.909183
-0.9150785
-0.9115427
-0.91128886
-0.9134805
-0.91359884
-0.91218823
-0.90847564
-0.9141095
-0.9095414
-0.91178256
-0.9141522
-0.91195726
-0.9114803
-0.91290575
-0.9110806
-0.912999
-0.91363436
-0.91392326
-0.91367924
-0.90995264
-0.9095157
-0.91096413
-0.9131714
-0.91284263
-0.9108193
-0.9137695
-0.9134889
-0.9117096
-0.912074
-0.91405535
-0.9103374
-0.9122654
-0.909763
-0.9107816
-0.9122244
-0.91225415
-0.9133237
-0.91293657
-0.9103591
-0.91327727
-0.91748726
-0.9132614
-0.91729474
-0.9132775
-0.91492665
-0.9113441
-0.9108803
-0.9091927
-0.91084284
-0.9111875
-0.91589236
-0.9127474
-0.90875155
-0.91198635
-0.9129432
-0.91101503
-0.9126619
-0.9117302
-0.911255
-0.9106655
-0.91471416
-0.91325
-0.91158634
-0.91237164
-0.90887076
-0.9120069
-0.91382414
-0.91289383
-0.9103165
-0.91058284
-0.91369295
-0.91439533
-0.9124291
-0.9150285
-0.910789
-0.9112236
-0.9111408
-0.91418576
-0.91267353
-0.9114069
-0.911011
-0.9117476
-0.9129296
-0.91417354
-0.9130927
-0.9143519
-0.9126072
-0.9135322
-0.9103923
-0.91579616
-0.9124011
-0.91431814
-0.9117791
-0.9111752
-0.91665155
-0.91156983
-0.9139114
-0.9132346
-0.9163189
-0.9137983
-0.913004
-0.91291875
-0.9121194
-0.9111674
-0.9096287
-0.9142606
-0.91377187
-0.91362053
-0.9150091
-0.91153026
-0.9162016
-0.91329193
-0.90969723
-0.91218346
-0.91254497
-0.91303843
-0.9142967
-0.9136917
-0.91391027
-0.9122426
-0.91137105
-0.91156614
-0.91436106
-0.9133659
-0.91436857
-0.9130934
-0.90929365
-0.91449463
-0.9133764
-0.909339
-0.91183084
-0.9155468
-0.91148484
-0.913714
-0.9150861
-0.9133581
-0.90990394
-0.9133264
-0.91276073
-0.9144972
-0.91534334
-0.91303754
-0.91266114
-0.91113394
-0.91034806
-0.9109848
-0.9139083
-0.91102403
-0.91495013
-0.9130055
-0.9146733
-0.91314083
-0.9125054
-0.9137309
-0.912689
-0.9147716
-0.91437817
-0.91542685
-0.911068
-0.91204214
-0.91364586
-0.9135893
-0.91400737
-0.91411215
-0.914277
-0.9134989
-0.914099
-0.9126369
-0.9140949
-0.912817
-0.91378826
-0.91318303
-0.9134016
-0.9151809
-0.91098297
-0.91291904
-0.9163729
-0.9160414
-0.91309863
-0.9112614
-0.91393864
-0.91184926
-0.9108784
-0.9119968
-0.914747
-0.91290146
-0.91339564
-0.91138506
-0.91205347
-0.915962
-0.91277546
-0.91528624
-0.9116964
-0.9097559
-0.91142744
-0.911591
-0.9128601
-0.91348803
-0.91391337
-0.91037565
-0.91044694
-0.9144233
-0.91375923
-0.91373557
-0.91300696
-0.91358805
-0.9144177
-0.9140457
-0.9148329
-0.91514015
-0.91485906
-0.912931
-0.91544706
-0.913761
-0.90963274
-0.9127285
-0.91399056
-0.9166888
-0.91074485
-0.91274923
-0.9118802
-0.9144542
-0.91324425
-0.91387093
-0.9137066
-0.9150516
-0.9150749
-0.91101533
-0.9127678
-0.91054016
-0.9090105
-0.9150187
-0.917072
-0.91613054
-0.912354
-0.9151689
-0.912014
-0.9119737
-0.9155233
-0.9142552
-0.9135863
-0.9118738
-0.91606385
-0.90950996
-0.9138823
-0.91112554
-0.9125603
-0.9159968
-0.9151529
-0.9111226
-0.91317
-0.91387284
-0.91285807
-0.9116531
-0.91399175
-0.9132185
-0.91316515
-0.911025
-0.9111919
-0.91244894
-0.91522914
-0.91607845
-0.91314816
-0.91495514
-0.9146729
-0.9125566
-0.913243
-0.9114234
-0.9142901
-0.9135031
-0.91380924
-0.91346246
-0.90951467
-0.9107424
-0.91274726
-0.9142003
-0.9152935
-0.9134969
-0.9126917
-0.9127902
-0.9128261
-0.91291887
-0.9140171
-0.91107756
-0.91061723
-0.9121312
-0.9145744
-0.91265106
-0.91280866
-0.9119524
-0.9146656
-0.912865
-0.91412896
-0.9122103
-0.9141887
-0.91512036
-0.9152501
-0.9161134
-0.9153429
-0.9120572
-0.91300315
-0.91230184
-0.9180942
-0.9130666
-0.9102388
-0.9128949
-0.9135609
-0.9135032
-0.91468316
-0.911333
-0.9131113
-0.9146678
-0.9147446
-0.9125782
-0.91310334
-0.9143215
-0.9131633
-0.91646296
-0.91337204
-0.9164189
-0.91388637
-0.9125959
-0.9134179
-0.9159566
-0.9139649
-0.9153744
-0.91223115
-0.914937
-0.91270274
-0.9163067
-0.91310114
-0.9121152
-0.91412556
-0.91578555
-0.9141207
-0.91578835
-0.9149858
-0.9153139
-0.9114032
-0.914631
-0.9132675
-0.9148379
-0.9132662
-0.913537
-0.91412085
-0.915703
-0.9138473
-0.9157182
-0.9128384
-0.9129071
-0.91209817
-0.9124363
-0.91489786
-0.91238654
-0.9132992
-0.9127891
-0.91563
-0.9127718
-0.9129167
-0.91370827
-0.9149434
-0.91366255
-0.9137572
-0.91606754
-0.91476464
-0.9159553
-0.9145171
-0.914012
-0.9116998
-0.91343457
-0.91397566
-0.9154356
-0.9138002
-0.91490567
-0.91219056
-0.9128585
-0.9148318
-0.91385263
-0.9158071
-0.9116189
-0.91229606
-0.91392094
-0.91357696
-0.91379106
-0.91698104
-0.9134614
-0.91414523
-0.91309214
-0.91521823
-0.9137304
-0.91447914
-0.91330034
-0.9155155
-0.912136
-0.91337305
-0.91524
-0.91035837
-0.9149312
-0.9137117
-0.9125917
-0.9141611
-0.9153758
-0.91195035
-0.9151861
-0.9141101
-0.9113931
-0.9155569
-0.9121772
-0.91314065
-0.913837
-0.9154573
-0.9118085
-0.9123
-0.9138998
-0.91216826
-0.91601866
-0.91275233
-0.91084486
-0.913609
-0.9168176
-0.9142988
-0.91606236
-0.9134977
-0.9116738
-0.9164756
-0.91463834
-0.91262895
-0.9137115
-0.9106709
-0.91477275
-0.91655284
-0.9154725
-0.9140364
-0.9148391
-0.9152302
-0.9145222
-0.91421163
-0.9138035
-0.9155266
-0.9132842
-0.91321427
-0.9149275
-0.91176957
-0.9124565
-0.91450566
-0.9163475
-0.9143301
-0.9132589
-0.91048795
-0.9111941
-0.91418785
-0.91136163
-0.9125867
-0.9130471
-0.91217697
-0.9120868
-0.91533935
-0.91488326
-0.9143865
-0.91507363
-0.9133989
-0.91461426
-0.91641176
-0.9160248
-0.9161434
-0.914798
-0.9097795
-0.9130344
-0.9151576
-0.9129986
-0.91143495
-0.9128349
-0.9128496
-0.911451
-0.914365
-0.9152846
-0.9136574
-0.91342264
-0.9145256
-0.91272694
-0.9130057
-0.9082931
-0.91408587
-0.9160269
-0.9134182
-0.9136562
-0.9148421
-0.914614
-0.91202486
-0.91718847
-0.9138923
-0.9116073
-0.9149269
-0.9183328
-0.9129043
-0.91499054
-0.9136099
-0.91322714
-0.91554797
-0.9156255
-0.9153354
-0.9160891
-0.912092
-0.9128789
-0.9160777
-0.9147086
-0.91293746
-0.9155776
-0.9157027
-0.91315174
-0.91558367
-0.9159705
-0.91446537
-0.9142723
-0.91222143
-0.9134211
-0.9169382
-0.9122314
-0.91386837
-0.9154486
-0.9122717
-0.9150756
-0.913409
-0.911549
-0.9131556
-0.91348237
-0.91505355
-0.9156216
-0.9158631
-0.91126466
-0.9135156
-0.91515535
-0.91406274
-0.9141159
-0.91499954
-0.91215175
-0.9122691
-0.9116209
-0.91211784
-0.91265285
-0.9142279
-0.9115847
-0.91292536
-0.91419953
-0.91447955
-0.9144302
-0.91622865
-0.91549
-0.91256773
-0.9134575
-0.9132632
-0.91509765
-0.91389275
-0.9156423
-0.9131693
-0.91165936
-0.9132021
-0.9147256
-0.9133224
-0.9135334
-0.9177048
-0.9120818
-0.91540706
-0.9167918
-0.9190051
-0.9177538
-0.9159662
-0.9116748
-0.913658
-0.9150375
-0.91484445
-0.91343176
-0.91585124
-0.9130278
-0.917074
-0.9161651
-0.91456676
-0.91021115
-0.9162122
-0.9163833
-0.9126737
-0.9172511
-0.9142055
-0.9167752
-0.9162779
-0.9143993
-0.9104065
-0.9142216
-0.91379416
-0.9152919
-0.913435
-0.91341645
-0.9132504
-0.91353965
-0.91339487
-0.91416377
-0.9136239
-0.9155686
-0.91417557
-0.9143067
-0.9170717
-0.9136625
-0.9131887
-0.91287017
-0.9151956
-0.91306573
-0.91514707
-0.9149629
-0.91591763
-0.91442794
-0.9158778
-0.91556895
-0.9127378
-0.90910953
-0.91382545
-0.91517735
-0.91435057
-0.915872
-0.91301644
-0.91575897
-0.91706073
-0.9145598
-0.91467226
-0.91420627
-0.9141038
-0.91323316
-0.915086
-0.9162538
-0.9172431
-0.9159004
-0.9127682
-0.91482806
-0.91431695
-0.9146821
-0.91758925
-0.91337156
-0.91608125
-0.9182096
-0.91141975
-0.9151108
-0.91610664
-0.9134822
-0.91779685
-0.9126469
-0.9131232
-0.9136867
-0.9178608
-0.91729057
-0.9162823
-0.9149399
-0.9133506
-0.9144868
-0.91543466
-0.91526854
-0.9163669
-0.91314715
-0.9134586
-0.91358566
-0.91388667
-0.9156735
-0.9158926
-0.9148042
-0.9169579
-0.9135874
-0.91257346
-0.9164992
-0.9178596
-0.9179495
-0.91376317
-0.9184615
-0.9150783
-0.91485906
-0.91480577
-0.9157588
-0.9105725
-0.9147014
-0.9166255
-0.9136097
-0.918003
-0.9160674
-0.91529775
-0.91477865
-0.91411585
-0.9141541
-0.91525686
-0.91434413
-0.91452473
-0.9156235
-0.9146573
-0.91637313
-0.9142121
-0.9129282
-0.91393656
-0.91689765
-0.9145106
-0.91703767
-0.914117
-0.9158348
-0.9136617
-0.9139782
-0.9137097
-0.9155903
-0.9168111
-0.91559213
-0.9154858
-0.9150027
-0.91789407
-0.9146858
-0.91501534
-0.9142318
-0.9155771
-0.9166459
-0.91445774
-0.91698015
-0.9152172
-0.9153822
-0.9148568
-0.9146367
-0.9142931
-0.91777635
-0.9145531
-0.9155231
-0.9142388
-0.91443694
-0.9179262
-0.91665363
-0.91441196
-0.91775095
-0.9161499
-0.9145849
-0.91417855
-0.912593
-0.91409314
-0.91533476
-0.91504747
-0.91436493
-0.9144948
-0.91604155
-0.9156553
-0.9149049
-0.9186468
-0.9134802
-0.91646314
-0.91564363
-0.914627
-0.911331
-0.912655
-0.91375923
-0.91437453
-0.9138392
-0.9164728
-0.91774935
-0.9143293
-0.9171549
-0.91460055
-0.913419
-0.9149583
-0.9161362
-0.9115012
-0.91589826
-0.9183451
-0.9132441
-0.9150906
-0.91587996
-0.9170974
-0.91581386
-0.9150407
-0.9127987
-0.9160019
-0.9138592
-0.9174272
-0.9165698
-0.9122966
-0.9160257
-0.91214037
-0.91233134
-0.9164749
-0.9149051
-0.9145844
-0.9136662
-0.9126516
-0.91373223
-0.9163715
-0.91758657
-0.9154369
-0.9139062
-0.9158887
-0.91271645
-0.9135105
-0.9129481
-0.9120188
-0.91340834
-0.91558677
-0.9168003
-0.91736734
-0.91341186
-0.9134512
-0.91509014
-0.9160896
-0.9150703
-0.91843253
-0.9180688
-0.9112969
-0.91805464
-0.9138437
-0.91652036
-0.91211087
-0.9152638
-0.9144977
-0.912466
-0.9132057
-0.9120953
-0.9151329
-0.9160118
-0.9155578
-0.91611046
-0.9159035
-0.91306376
-0.9161236
-0.9160093
-0.9150826
-0.9150395
-0.9142448
-0.9159904
-0.9165245
-0.914559
-0.9139574
-0.91659796
-0.9158127
-0.9150703
-0.91503435
-0.9161159
-0.91569686
-0.9141953
-0.90922934
-0.9129228
-0.916228
-0.9153276
-0.91577977
-0.9148892
-0.91699725
-0.9160984
-0.917884
-0.9149969
-0.91663957
-0.91202915
-0.91632247
-0.9159431
-0.916051
-0.91699165
-0.91612345
-0.9146665
-0.9162249
-0.91462964
-0.91500443
-0.913467
-0.9157974
-0.9140554
-0.91490555
-0.9129778
-0.91571516
-0.9135775
-0.9164444
-0.9165508
-0.91800225
-0.9134983
-0.9155816
-0.9180135
-0.91573757
-0.9156759
-0.91661716
-0.9155256
-0.9165902
-0.9144318
-0.91307616
-0.9133843
-0.9124223
-0.91525185
-0.91467977
-0.91419697
-0.91295224
-0.9145967
-0.91544557
-0.9169663
-0.9162199
-0.9174856
-0.91612345
-0.9178091
-0.9157661
-0.91622865
-0.9162356
-0.91766304
-0.91594565
-0.9154357
-0.9133766
-0.91425556
-0.91203874
-0.9141351
-0.91640335
-0.92044675
-0.91575193
-0.9139837
-0.9152254
-0.9152691
-0.9172742
-0.91389775
-0.91735125
-0.9153651
-0.91215
-0.9146667
-0.91672724
-0.91777986
-0.9155156
-0.9182509
-0.91429055
-0.915033
-0.91834784
-0.91300243
-0.9171383
-0.9144326
-0.91449875
-0.91685295
-0.9183316
-0.9147235
-0.91293305
-0.916723
-0.91530716
-0.91329795
-0.9137851
-0.9164292
-0.9171139
-0.9144434
-0.915422
-0.91679746
-0.915883
-0.91692066
-0.9165367
-0.9160033
-0.9159317
-0.91375065
-0.91549784
-0.9165297
-0.914965
-0.91609675
-0.91568816
-0.91539264
-0.9157845
-0.91288745
-0.9167782
-0.91734546
-0.91320574
-0.91554254
-0.91358
-0.91605824
-0.9142301
-0.91541946
-0.91484433
-0.9139437
-0.9142032
-0.91486895
-0.91383713
-0.9145174
-0.9134618
-0.91318005
-0.91530657
-0.9153566
-0.9125657
-0.9117594
-0.91460425
-0.9156618
-0.9171224
-0.91581964
-0.91409606
-0.9158392
-0.9133574
-0.9151026
-0.9164362
-0.91467434
-0.9159286
-0.9133895
-0.9129424
-0.9159543
-0.9149552
-0.913904
-0.91545504
-0.91542166
-0.91545856
-0.9151611
-0.9148445
-0.9148127
-0.9164737
-0.9176128
-0.91431254
-0.9149224
-0.9169364
-0.9173438
-0.9162894
-0.91896
-0.9130639
-0.9166256
-0.9135714
-0.91977125
-0.9146853
-0.9122289
-0.9173612
-0.9162899
-0.920002
-0.9179882
-0.916546
-0.9155638
-0.91695565
-0.91914314
-0.9172176
-0.91526926
-0.91736573
-0.9166559
-0.91589844
-0.91566473
-0.91485393
-0.91626155
-0.9146577
-0.9168537
-0.9153968
-0.913613
-0.9188789
-0.9149452
-0.9160787
-0.91236097
-0.9167687
-0.9147961
-0.9160638
-0.9160514
-0.91468376
-0.91565526
-0.9195537
-0.9164416
-0.9170411
-0.9142363
-0.915635
-0.91663283
-0.9146262
-0.91421545
-0.91484624
-0.9164809
-0.91602445
-0.9147737
-0.91318834
-0.9168756
-0.9178576
-0.91475916
-0.9155677
-0.9150452
-0.91633475
-0.9147568
-0.91840756
-0.915692
-0.91481787
-0.91599673
-0.9154571
-0.91611105
-0.9160276
-0.9141538
-0.91515887
-0.91559166
-0.915277
-0.9168161
-0.9184168
-0.9168458
-0.91639566
-0.91646427
-0.9154906
-0.91464704
-0.9128562
-0.9153643
-0.9145217
-0.9156996
-0.91905785
-0.9175238
-0.9134466
-0.9167055
-0.9164066
-0.9154534
-0.9156635
-0.91536456
-0.91541934
-0.91587096
-0.91728795
-0.9167819
-0.91212445
-0.9144128
-0.9141366
-0.9164246
-0.91542315
-0.9175175
-0.91686106
-0.9192112
-0.9169145
-0.9145963
-0.91298413
-0.9169856
-0.9180547
-0.9152302
-0.9185155
-0.9161422
-0.918369
-0.91596293
-0.9149864
-0.917632
-0.9187236
-0.91671604
-0.91813076
-0.91362584
-0.91873246
-0.919021
-0.91664314
-0.9144374
-0.9143013
-0.91304296
-0.91412157
-0.9167886
-0.91496617
-0.917297
-0.9154334
-0.91802514
-0.9146808
-0.91538733
-0.91362476
-0.9138053
-0.91564184
-0.917679
-0.915962
-0.91565305
-0.9162962
-0.9179962
-0.91485614
-0.9185256
-0.9173273
-0.9202333
-0.91716987
-0.9150544
-0.9129594
-0.9186638
-0.9172692
-0.91725594
-0.9178386
-0.9181451
-0.913868
-0.9166111
-0.9146661
-0.9162995
-0.9149541
-0.9150171
-0.9144804
-0.9146071
-0.91487277
-0.9148129
-0.9189672
-0.914698
-0.91594267
-0.9126097
-0.91428256
-0.91445774
-0.9160569
-0.9160266
-0.9132273
-0.91609836
-0.9162085
-0.9186535
-0.91701305
-0.9189772
-0.91678566
-0.9167664
-0.91541535
-0.916636
-0.9126448
-0.9136157
-0.91637385
-0.91675556
-0.9171148
-0.9187146
-0.9172466
-0.9158721
-0.9161096
-0.9158515
-0.91643614
-0.91578496
-0.9162664
-0.9148713
-0.9133204
-0.9160643
-0.917962
-0.9167442
-0.91947687
-0.91515857
-0.91637444
-0.91661924
-0.917348
-0.9156688
-0.917144
-0.91720396
-0.91671973
-0.91641015
-0.9170192
-0.91597056
-0.91559327
-0.91545224
-0.9158037
-0.9142344
-0.913686
-0.91493005
-0.9190369
-0.91687834
-0.9141752
-0.91715896
-0.9157914
-0.91437787
-0.91378903
-0.9144048
-0.9139972
-0.91403604
-0.9154714
-0.9141965
-0.91435647
-0.91904455
-0.91600275
-0.9174641
-0.91525555
-0.91823506
-0.91315114
-0.9154427
-0.9137547
-0.919344
-0.9147239
-0.9172298
-0.9177097
-0.9158145
-0.9171566
-0.91733974
-0.91385514
-0.91524816
-0.9183662
-0.91578984
-0.9153401
-0.91710633
-0.91504824
-0.91930157
-0.91656977
-0.9193487
-0.91834325
-0.9176815
-0.9197341
-0.9126482
-0.91790634
-0.9164891
-0.91685456
-0.9163565
-0.9154498
-0.91722584
-0.9155182
-0.91699463
-0.91752595
-0.9155607
-0.915261
-0.9107068
-0.91832817
-0.9168887
-0.91466105
-0.91700923
-0.914475
-0.9169644
-0.91398424
-0.9148444
-0.9163326
-0.9176079
-0.91537833
-0.91586846
-0.91589004
-0.9148587
-0.9134747
-0.9140005
-0.9156705
-0.9153056
-0.915419
-0.9155651
-0.91508603
-0.91550326
-0.91703224
-0.91693616
-0.91854376
-0.91592085
-0.9155069
-0.9166168
-0.9179028
-0.91776663
-0.91793525
-0.91542697
-0.9167134
-0.9164133
-0.91356677
-0.91503257
-0.91808444
-0.9128744
-0.91633755
-0.91499597
-0.91829824
-0.9161886
-0.91913337
-0.91757756
-0.9160274
-0.9207527
-0.9144527
-0.9190543
-0.91649526
-0.91576135
-0.91970074
-0.9163617
-0.9173889
-0.91576916
-0.9138979
-0.91540986
-0.91691524
-0.91389567
-0.9159197
-0.91703206
-0.9146895
-0.91658646
-0.9171486
-0.91801137
-0.91800946
-0.9185221
-0.91516316
-0.918288
-0.914388
-0.9156757
-0.91735125
-0.9197373
-0.9147262
-0.91779834
-0.91725326
-0.9141176
-0.91848356
-0.9162481
-0.91707283
-0.9184997
-0.9170528
-0.9156389
-0.9151569
-0.91593176
-0.91199255
-0.91540295
-0.9165455
-0.9186621
-0.91652334
-0.9170748
-0.9175944
-0.9158764
-0.91592187
-0.91487706
-0.9149357
-0.9138316
-0.91845936
-0.9192894
-0.91521543
-0.9174641
-0.9172316
-0.9171732
-0.9181872
-0.91669565
-0.91514075
-0.9175
-0.9166999
-0.9156697
-0.9156919
-0.915788
-0.91697276
-0.9181617
-0.9154026
-0.9195515
-0.9182522
-0.915549
-0.9179174
-0.91647476
-0.91763324
-0.91688055
-0.91862094
-0.9178296
-0.9184418
-0.9157535
-0.91648567
-0.9174908
-0.91686225
-0.916628
-0.9170303
-0.9149224
-0.9179001
-0.9127952
-0.9133669
-0.9159366
-0.91814744
-0.9184788
-0.9139833
-0.9187632
-0.9166416
-0.9164987
-0.9191152
-0.9176485
-0.91810906
-0.91705406
-0.920005
-0.9191577
-0.91521776
-0.9152899
-0.9159334
-0.91723496
-0.9193076
-0.91900516
-0.91654724
-0.914288
-0.91531044
-0.91609085
-0.91493976
-0.919116
-0.91581357
-0.91652846
-0.91515285
-0.92024755
-0.91822755
-0.91535753
-0.9131242
-0.91628945
-0.92050856
-0.91620445
-0.9157849
-0.9149933
-0.91740286
-0.91597176
-0.91554403
-0.913716
-0.9192922
-0.9166826
-0.91925204
-0.9157972
-0.917918
-0.91888106
-0.91518044
-0.91620183
-0.9174647
-0.9167763
-0.91708016
-0.91713554
-0.9191629
-0.91617906
-0.9171526
-0.91686404
-0.9163047
-0.9191636
-0.9184522
-0.9187394
-0.91593784
-0.9173645
-0.91661507
-0.91673046
-0.9159817
-0.9189318
-0.9200502
-0.9164755
-0.9162094
-0.91775995
-0.91354716
-0.9161801
-0.9154244
-0.9167524
-0.91666406
-0.91513336
-0.9178944
-0.91749555
-0.9164346
-0.91740566
-0.9166085
-0.9169823
-0.917046
-0.9181581
-0.9169148
-0.916839
-0.91457283
-0.9175579
-0.91550773
-0.91573316
-0.9188318
-0.9176319
-0.9180563
-0.9161805
-0.91678745
-0.91283375
-0.9158689
-0.91735786
-0.9165158
-0.9192824
-0.9193668
-0.9192048
-0.91800004
-0.9166943
-0.91538745
-0.91418225
-0.91584915
-0.9202168
-0.91980946
-0.9163361
-0.916596
-0.91594887
-0.9170278
-0.91537845
-0.9174657
-0.9161017
-0.9133142
-0.9128334
-0.91506964
-0.91663766
-0.91844606
-0.9186838
-0.9182731
-0.91595525
-0.91696376
-0.916189
-0.9141645
-0.915501
-0.91746557
-0.91833144
-0.9161469
-0.9174542
-0.917597
-0.9172326
-0.9176699
-0.9173033
-0.9138746
-0.9151689
-0.9174585
-0.9159723
-0.9158282
-0.91923296
-0.91754985
-0.9200701
-0.9158214
-0.9191893
-0.9173489
-0.91817296
-0.9181655
-0.91673625
-0.91901517
-0.9161724
-0.9178007
-0.9189821
-0.91743094
-0.9171118
-0.9194147
-0.9148669
-0.9161306
-0.91632444
-0.9191878
-0.91666603
-0.91863275
-0.9160115
-0.9172652
-0.91716945
-0.9186028
-0.9170154
-0.9146781
-0.9150828
-0.91912496
-0.9175276
-0.91650313
-0.91910535
-0.91676253
-0.91823184
-0.91737616
-0.9155308
-0.9147216
-0.9161414
-0.9149397
-0.9181024
-0.9166887
-0.9179595
-0.9171754
-0.915154
-0.91658837
-0.91765714
-0.9166394
-0.9183404
-0.91981447
-0.9175387
-0.9177707
-0.9194745
-0.9160178
-0.91545856
-0.92006934
-0.9184423
-0.915385
-0.9156204
-0.916939
-0.9172618
-0.9174285
-0.9165941
-0.91569424
-0.91908425
-0.9189415
-0.9159437
-0.91580826
-0.9184037
-0.9158254
-0.9145375
-0.9149419
-0.9152212
-0.9157678
-0.91765016
-0.91642714
-0.9220025
-0.91648674
-0.9170803
-0.9194455
-0.91654754
-0.9196462
-0.9191487
-0.9153523
-0.91753536
-0.91365397
-0.9186503
-0.91801894
-0.91750485
-0.91996986
-0.9146146
-0.9185917
-0.91712636
-0.9192838
-0.9178048
-0.91560394
-0.91820496
-0.9194641
-0.91732264
-0.91690236
-0.9193205
-0.91903776
-0.9155286
-0.9198519
-0.91995245
-0.91598064
-0.915906
-0.9213203
-0.91953367
-0.91811156
-0.91685456
-0.9161666
-0.9166468
-0.91588694
-0.91701996
-0.91756606
-0.91868013
-0.91917515
-0.91337645
-0.9195408
-0.91413987
-0.91763437
-0.9175446
-0.9153755
-0.91922253
-0.9161198
-0.9151419
-0.9188988
-0.9188591
-0.9188833
-0.91424334
-0.91478044
-0.9173803
-0.9194001
-0.91902584
-0.91848934
-0.91752017
-0.9178
-0.9200012
-0.91924477
-0.9181514
-0.9197047
-0.9190753
-0.91594774
-0.9159664
-0.9174734
-0.9155925
-0.91856706
-0.91679054
-0.91695267
-0.9162187
-0.91696775
-0.9145084
-0.9161741
-0.918766
-0.91720647
-0.9203711
-0.9162958
-0.9182021
-0.9194662
-0.91457343
-0.92084706
-0.9170062
-0.9185945
-0.9169821
-0.9175543
-0.91729933
-0.91726464
-0.91806746
-0.9194278
-0.9172103
-0.9161209
-0.9193279
-0.9191679
-0.91548413
-0.9169212
-0.9181581
-0.91950613
-0.920361
-0.91786945
-0.9181125
-0.9184056
-0.91733986
-0.91542375
-0.9165122
-0.9184935
-0.91674256
-0.91994333
-0.9147265
-0.91760755
-0.9185154
-0.9180066
-0.91849226
-0.915568
-0.9148574
-0.91604257
-0.9176087
-0.9147203
-0.914843
-0.91814625
-0.91719574
-0.9169014
-0.91956776
-0.92101485
-0.9184014
-0.9170523
-0.9168239
-0.91839087
-0.9191403
-0.9169192
-0.9187225
-0.91548383
-0.9158542
-0.91857177
-0.9169914
-0.9189485
-0.91668755
-0.91650105
-0.91844535
-0.9168692
-0.9212746
-0.91755193
-0.9162484
-0.91614753
-0.9179053
-0.9166542
-0.91815174
-0.91782016
-0.91878384
-0.9186898
-0.9147145
-0.91787684
-0.9187738
-0.9175278
-0.91809016
-0.91780776
-0.9191016
-0.9189815
-0.9176747
-0.9166892
-0.9170665
-0.9183047
-0.91686535
-0.91749686
-0.916723
-0.91749394
-0.9176739
-0.9160712
-0.9152889
-0.91672355
-0.9168086
-0.91683656
-0.9159614
-0.9196383
-0.9185837
-0.9172778
-0.914867
-0.9164789
-0.92002285
-0.91758054
-0.92020035
-0.91836864
-0.9185312
-0.9179398
-0.9195835
-0.91818595
-0.91804504
-0.91887295
-0.91987205
-0.9177701
