-0.0773097
-0.08676098
-0.11253062
-0.10924852
-0.1386539
-0.13913828
-0.15616319
-0.15615593
-0.16419423
-0.16936475
-0.17821133
-0.18557838
-0.20102873
-0.201052
-0.19705832
-0.22079203
-0.2279527
-0.21747251
-0.23803186
-0.2465817
-0.23771682
-0.24748744
-0.2528926
-0.25298956
-0.25574216
-0.2625445
-0.28171274
-0.2855252
-0.27967063
-0.2811907
-0.2777587
-0.29299176
-0.29540122
-0.30624333
-0.29977655
-0.30492008
-0.31123918
-0.31767362
-0.32301575
-0.31461954
-0.32239372
-0.32960916
-0.3271932
-0.34003976
-0.34546244
-0.35011226
-0.34582695
-0.34919763
-0.35745135
-0.3595854
-0.35166642
-0.35994238
-0.3598688
-0.36406267
-0.36002278
-0.36874825
-0.3742404
-0.3783709
-0.3735772
-0.36735436
-0.38661414
-0.3809241
-0.390664
-0.39258447
-0.38950333
-0.40933156
-0.40038615
-0.40431508
-0.40553677
-0.40842563
-0.40454203
-0.40053415
-0.41990405
-0.41514194
-0.412493
-0.41599193
-0.41337338
-0.4235388
-0.43164644
-0.42140406
-0.43398008
-0.4298225
-0.43641663
-0.43177736
-0.43501464
-0.44901222
-0.43249783
-0.43895864
-0.4490974
-0.44848266
-0.44771647
-0.4438306
-0.4416984
-0.44957393
-0.44021288
-0.45094538
-0.46052343
-0.45016277
-0.4588972
-0.4505207
-0.45439672
-0.45903614
-0.462426
-0.45764822
-0.46168557
-0.4702655
-0.45811385
-0.47644114
-0.47366163
-0.46628654
-0.47314847
-0.48102012
-0.48107162
-0.4704241
-0.46849692
-0.48004225
-0.47731295
-0.4788543
-0.4787653
-0.47440702
-0.4845436
-0.48027134
-0.4825431
-0.48054516
-0.48797542
-0.47224954
-0.47665876
-0.46913782
-0.4739606
-0.4735007
-0.47753644
-0.47521967
-0.48604646
-0.47183114
-0.48057458
-0.47842106
-0.4752995
-0.47507232
-0.477527
-0.4889385
-0.4834226
-0.48556492
-0.492338
-0.4942187
-0.4941547
-0.5015351
-0.4993592
-0.48895723
-0.49784034
-0.4967114
-0.50063723
-0.50017357
-0.4969638
-0.50254035
-0.49120143
-0.5017553
-0.5043821
-0.4969944
-0.49726838
-0.5060539
-0.5137704
-0.50660837
-0.50632757
-0.51944876
-0.5046981
-0.5106531
-0.5134516
-0.49926066
-0.50667673
-0.49844012
-0.517126
-0.5065674
-0.501155
-0.50772125
-0.5039061
-0.50777715
-0.5122117
-0.5063728
-0.51120484
-0.51691246
-0.5086116
-0.515718
-0.5119415
-0.51763463
-0.5113776
-0.5195055
-0.5073679
-0.5221987
-0.51578176
-0.5174515
-0.5200293
-0.5177782
-0.51953095
-0.5167218
-0.5187824
-0.5257414
-0.52569824
-0.520375
-0.531099
-0.5263248
-0.51950854
-0.5286188
-0.5333543
-0.5280179
-0.5292865
-0.5291012
-0.52663684
-0.5315043
-0.5332982
-0.5372695
-0.5313662
-0.5270955
-0.5341076
-0.5389241
-0.5377667
-0.53304744
-0.52854985
-0.5344582
-0.529533
-0.5337951
-0.5400911
-0.53074884
-0.546595
-0.5348065
-0.5363044
-0.5448427
-0.53412795
-0.5447077
-0.53765535
-0.53897387
-0.5420257
-0.54257363
-0.54619485
-0.5486445
-0.5357523
-0.54988116
-0.54348683
-0.5412227
-0.5430513
-0.5434258
-0.5511852
-0.54338354
-0.554707
-0.53920984
-0.5445108
-0.5535189
-0.5615207
-0.540373
-0.5545385
-0.5377582
-0.5523732
-0.54883224
-0.54310083
-0.551189
-0.55134714
-0.5444121
-0.5546712
-0.5610164
-0.5575641
-0.54932344
-0.5561696
-0.5572072
-0.5580678
-0.551037
-0.5478786
-0.5619961
-0.5522073
-0.5496006
-0.5521263
-0.5536022
-0.5564887
-0.55825806
-0.5554797
-0.55468065
-0.55836695
-0.5576726
-0.55879056
-0.5635889
-0.5540586
-0.5491426
-0.556789
-0.5564624
-0.5628662
-0.554826
-0.55675536
-0.5620663
-0.55434406
-0.56414354
-0.55088186
-0.5629758
-0.55632466
-0.5628154
-0.55884933
-0.55619746
-0.56897074
-0.56169814
-0.54896325
-0.5557856
-0.5603814
-0.56423646
-0.56574434
-0.555675
-0.5639558
-0.5652174
-0.5656153
-0.55845493
-0.553671
-0.5681159
-0.56802595
-0.5663674
-0.56760377
-0.569534
-0.56838065
-0.57196134
-0.56728053
-0.5697154
-0.5632554
-0.57510287
-0.567253
-0.5716891
-0.57214916
-0.56415755
-0.56715226
-0.5632386
-0.56562066
-0.56855077
-0.5610058
-0.56766397
-0.5653721
-0.5658631
-0.57308125
-0.57271904
-0.5622417
-0.5729071
-0.57172555
-0.56856084
-0.5742376
-0.56611586
-0.5674699
-0.5746432
-0.5759264
-0.5642515
-0.5672952
-0.57215613
-0.56513417
-0.56785274
-0.5684555
-0.5711216
-0.5723005
-0.5657171
-0.57677877
-0.5795125
-0.57463074
-0.57500356
-0.57764405
-0.5735711
-0.5803989
-0.5807604
-0.5714679
-0.579428
-0.57549864
-0.57519466
-0.57830465
-0.5699694
-0.5814274
-0.56753075
-0.5680345
-0.5734467
-0.5752922
-0.58370215
-0.58096117
-0.5731278
-0.5801337
-0.58408564
-0.58228964
-0.5753814
-0.578671
-0.585989
-0.580578
-0.57227194
-0.58156127
-0.583867
-0.58297604
-0.5833738
-0.5830989
-0.5801074
-0.5784182
-0.5859064
-0.573595
-0.57967544
-0.58098686
-0.5748477
-0.5812784
-0.584203
-0.59040767
-0.58172244
-0.5832856
-0.5802462
-0.58943784
-0.57886404
-0.5841647
-0.5816716
-0.58131254
-0.5789236
-0.5876972
-0.58493
-0.5938876
-0.5754084
-0.5809062
-0.58487374
-0.58418596
-0.5847351
-0.58926415
-0.5795485
-0.57993543
-0.5739177
-0.5889517
-0.58313876
-0.5820518
-0.5842786
-0.5902483
-0.5845577
-0.59008336
-0.5886484
-0.5891357
-0.58569264
-0.58701944
-0.5848284
-0.5903081
-0.58377784
-0.5824571
-0.5802094
-0.5902166
-0.5768492
-0.5774177
-0.5918054
-0.5850741
-0.58564025
-0.588377
-0.5838534
-0.5898076
-0.584583
-0.5951408
-0.5783339
-0.58505803
-0.59048265
-0.5909703
-0.5904547
-0.5930434
-0.5887395
-0.58079445
-0.58820957
-0.58417934
-0.58535093
-0.5908093
-0.591545
-0.5862151
-0.581537
-0.5886288
-0.5915539
-0.5981411
-0.59011704
-0.5795971
-0.5961284
-0.59386
-0.58960176
-0.58738136
-0.58582884
-0.59509957
-0.6004939
-0.58793104
-0.5984174
-0.58685935
-0.5794391
-0.59296197
-0.5980201
-0.5843265
-0.5956496
-0.5897322
-0.58453715
-0.5883141
-0.5866193
-0.58489835
-0.5854511
-0.5893907
-0.6031374
-0.5890466
-0.59625906
-0.5890834
-0.5793969
-0.5861001
-0.58659023
-0.5925577
-0.58200926
-0.5833726
-0.5840239
-0.5817931
-0.58260244
-0.58231956
-0.59147453
-0.5871164
-0.59686834
-0.58494407
-0.5874984
-0.5956515
-0.59298044
-0.5908146
-0.5912398
-0.59176916
-0.5953248
-0.594646
-0.5992222
-0.5943369
-0.59799117
-0.5972711
-0.5912381
-0.6010948
-0.5867357
-0.5923983
-0.59781665
-0.5989208
-0.5982942
-0.5943119
-0.6024095
-0.60279346
-0.5992659
-0.5998313
-0.5969885
-0.6035537
-0.6060615
-0.6044947
-0.5996349
-0.5957813
-0.5955222
-0.60278594
-0.6071451
-0.5974972
-0.59630466
-0.60058266
-0.6001209
-0.60498387
-0.6001858
-0.6066379
-0.6057571
-0.61157376
-0.60947955
-0.604563
-0.603116
-0.605086
-0.5965661
-0.6092689
-0.6005847
-0.5964853
-0.5937065
-0.59757745
-0.60595405
-0.6020603
-0.6044922
-0.605285
-0.6077113
-0.59640247
-0.60568535
-0.61102355
-0.593855
-0.607973
-0.61419064
-0.6161114
-0.60332257
-0.6144925
-0.6121401
-0.60930693
-0.6058092
-0.60995483
-0.6105145
-0.6131531
-0.61845857
-0.6094716
-0.6056074
-0.6069843
-0.602226
-0.5892447
-0.5969101
-0.60196245
-0.6131452
-0.6079293
-0.61651427
-0.61288464
-0.6167209
-0.61304104
-0.60955375
-0.60592705
-0.6068382
-0.6077283
-0.61414665
-0.6122534
-0.5994692
-0.6084674
-0.60961384
-0.6040266
-0.60159165
-0.60651165
-0.609948
-0.61292964
-0.6146654
-0.6172407
-0.6120411
-0.6139049
-0.61220425
-0.6141375
-0.61216235
-0.6125089
-0.62472516
-0.614752
-0.6177965
-0.61105716
-0.6163334
-0.6145183
-0.61957407
-0.6120515
-0.6209664
-0.6176061
-0.6167222
-0.623967
-0.61082125
-0.6202017
-0.6168774
-0.6218838
-0.61627847
-0.6293671
-0.6317526
-0.6222896
-0.61876285
-0.6182469
-0.62450576
-0.62489206
-0.625271
-0.6208123
-0.616449
-0.6291681
-0.6158999
-0.6173654
-0.61845607
-0.62236
-0.62734073
-0.6204246
-0.6257582
-0.62454176
-0.6283079
-0.6220092
-0.618736
-0.6256133
-0.62578005
-0.62261504
-0.62645924
-0.6356227
-0.6266199
-0.61371434
-0.622754
-0.6270751
-0.62782615
-0.6247523
-0.6209345
-0.63191825
-0.6254205
-0.627926
-0.62900394
-0.62046015
-0.6220639
-0.6237365
-0.62055373
-0.62074274
-0.62988025
-0.6299612
-0.6249069
-0.61850774
-0.62223643
-0.62874216
-0.6343404
-0.63010913
-0.63207644
-0.63677406
-0.627756
-0.6338187
-0.6363249
-0.6297537
-0.6215531
-0.63048106
-0.63335
-0.63476825
-0.6302738
-0.6301324
-0.6302974
-0.634457
-0.6285638
-0.6302094
-0.6300022
-0.6248041
-0.63562655
-0.6310198
-0.623008
-0.6445957
-0.6387004
-0.62861794
-0.6337309
-0.63675034
-0.6340382
-0.63576424
-0.64078176
-0.63149816
-0.6304327
-0.6329988
-0.6297138
-0.6339464
-0.63493824
-0.63610345
-0.63229966
-0.6308281
-0.6358746
-0.6375428
-0.6304423
-0.63312936
-0.6321072
-0.6355202
-0.6284831
-0.6282387
-0.6355132
-0.6318645
-0.64051723
-0.63324517
-0.64326054
-0.6356656
-0.6385731
-0.6281088
-0.6424943
-0.64745814
-0.6407322
-0.6387254
-0.63640976
-0.6425209
-0.637221
-0.63305765
-0.6401903
-0.6364958
-0.6384735
-0.6424809
-0.640856
-0.6404958
-0.64743435
-0.631616
-0.6370984
-0.6477073
-0.63747543
-0.6471569
-0.6383172
-0.6451429
-0.6383315
-0.6383862
-0.6424126
-0.63904107
-0.63122755
-0.63861984
-0.63241506
-0.6340796
-0.64463365
-0.6489634
-0.64438766
-0.6439344
-0.6412464
-0.64656115
-0.63606435
-0.634917
-0.63744706
-0.63906324
-0.64207095
-0.6481846
-0.6428763
-0.64931434
-0.644005
-0.6430033
-0.6508889
-0.6390049
-0.6413854
-0.64285284
-0.6368629
-0.6335917
-0.6398371
-0.6316976
-0.6454553
-0.6440155
-0.63712686
-0.6362768
-0.63786423
-0.6523449
-0.6367867
-0.6327812
-0.6544933
-0.6432822
-0.6416789
-0.6430348
-0.6403088
-0.6475786
-0.6495559
-0.64545524
-0.6465219
-0.6490391
-0.64304304
-0.6424005
-0.6443435
-0.64460593
-0.6495146
-0.6425567
-0.66041094
-0.6477674
-0.6443689
-0.6584923
-0.6462418
-0.65296054
-0.64426863
-0.64546174
-0.6476025
-0.65318996
-0.6461892
-0.65313923
-0.65127903
-0.64019924
-0.6462747
-0.6372825
-0.6464026
-0.6484393
-0.65336174
-0.6454058
-0.6407187
-0.64491785
-0.64317936
-0.6526823
-0.6452463
-0.64889634
-0.64733994
-0.6472175
-0.65818644
-0.65033853
-0.64864296
-0.6467256
-0.6504836
-0.6462095
-0.6467413
-0.6479932
-0.6573648
-0.6559465
-0.641623
-0.6492949
-0.65246874
-0.64367706
-0.6506339
-0.65375406
-0.64759743
-0.64737797
-0.6513754
-0.6597602
-0.64838386
-0.6565609
-0.6496583
-0.6519618
-0.6536578
-0.6511437
-0.6527722
-0.6474995
-0.6562323
-0.6488816
-0.6434042
-0.6548212
-0.64826983
-0.6459975
-0.65790796
-0.6540237
-0.6563615
-0.65239
-0.6518491
-0.6561203
-0.6527021
-0.65448385
-0.6599242
-0.6503108
-0.6517978
-0.6594389
-0.6594146
-0.65909255
-0.6527731
-0.65881
-0.66169083
-0.65700346
-0.65616316
-0.65949976
-0.6529468
-0.65386015
-0.6517788
-0.6582626
-0.65967584
-0.65583384
-0.6589957
-0.6665597
-0.66122246
-0.6586715
-0.66444534
-0.66091424
-0.66076314
-0.65517205
-0.6560338
-0.6571354
-0.66294247
-0.6549676
-0.6628954
-0.65229833
-0.65838575
-0.66469216
-0.66346
-0.6639866
-0.6584167
-0.66010433
-0.66598517
-0.6595775
-0.65961003
-0.65794843
-0.6638047
-0.6592135
-0.6634118
-0.6649602
-0.66256166
-0.6761359
-0.6666386
-0.66732377
-0.67113537
-0.66657996
-0.6677435
-0.66155285
-0.66483104
-0.6694327
-0.661277
-0.6636927
-0.67265266
-0.66145325
-0.66488516
-0.6693804
-0.6622486
-0.6633753
-0.66345555
-0.6668551
-0.6677681
-0.6606145
-0.66577065
-0.6627619
-0.66050005
-0.6641127
-0.65931904
-0.6718835
-0.6542649
-0.6632573
-0.65935785
-0.6566298
-0.6636156
-0.6605327
-0.6763436
-0.6586234
-0.6635635
-0.66976744
-0.66243255
-0.662507
-0.66959614
-0.6651845
-0.66465265
-0.6630621
-0.6674023
-0.6664826
-0.65829295
-0.6579825
-0.66653925
-0.6749963
-0.6670396
-0.659954
-0.66305137
-0.6650649
-0.6627541
-0.6612096
-0.6649648
-0.6614817
-0.66063243
-0.6556232
-0.6609216
-0.6611655
-0.66375
-0.66514534
-0.65552086
-0.6601839
-0.65270877
-0.6560182
-0.65787065
-0.66023993
-0.6412493
-0.6564434
-0.6605736
-0.6514197
-0.65594536
-0.6596278
-0.65582305
-0.6646806
-0.657576
-0.66377795
-0.66377056
-0.66161364
-0.6589439
-0.65047127
-0.65863603
-0.66166955
-0.6636179
-0.6732503
-0.6652463
-0.6590021
-0.6691034
-0.66094184
-0.6703968
-0.6664431
-0.669695
-0.66729444
-0.6647829
-0.6667057
-0.66053754
-0.66210663
-0.6740733
-0.6654914
-0.663929
-0.6774476
-0.6625545
-0.6750356
-0.67667425
-0.6680035
-0.67310894
-0.67483926
-0.6751641
-0.67539734
-0.665398
-0.67374945
-0.6714398
-0.67090636
-0.6730369
-0.67260385
-0.67611307
-0.67394716
-0.6785147
-0.6701952
-0.6758712
-0.66670275
-0.6742375
-0.6672818
-0.6710074
-0.66861653
-0.67625785
-0.67231023
-0.6797789
-0.67579114
-0.67241246
-0.67279637
-0.6741395
-0.67055184
-0.66755754
-0.6718695
-0.6755857
-0.6880119
-0.67278445
-0.67400837
-0.6712053
-0.6709748
-0.66870075
-0.67241055
-0.6681699
-0.68346035
-0.66784227
-0.66787016
-0.67844766
-0.6775167
-0.67460275
-0.6792144
-0.6790134
-0.6736448
-0.67767775
-0.6787762
-0.6794701
-0.68611467
-0.67716527
-0.68059593
-0.6703167
-0.6761414
-0.67815
-0.6768807
-0.6753985
-0.6782892
-0.68169904
-0.679935
-0.6774709
-0.6747163
-0.6787051
-0.6830994
-0.6832586
-0.6772802
-0.68949133
-0.67538285
-0.6795375
-0.6825933
-0.6783745
-0.68353355
-0.6782538
-0.67068183
-0.6780929
-0.68349874
-0.6805315
-0.67739075
-0.6790149
-0.67875904
-0.68196005
-0.6856155
-0.6810129
-0.67832637
-0.68375856
-0.6770105
-0.6884628
-0.678154
-0.6810552
-0.6870945
-0.6869426
-0.6853003
-0.6830736
-0.6858666
-0.6786295
-0.67357475
-0.68161505
-0.6856537
-0.6713163
-0.6808865
-0.6896053
-0.683524
-0.6850133
-0.6848183
-0.68364334
-0.6834918
-0.6812305
-0.68624914
-0.6779546
-0.6751759
-0.67464584
-0.676739
-0.6887125
-0.6822117
-0.680959
-0.68160987
-0.68230724
-0.68281096
-0.6827912
-0.6869647
-0.68524426
-0.6855224
-0.6863565
-0.6851035
-0.6823906
-0.68296283
-0.69454265
-0.69211674
-0.6808612
-0.69332004
-0.68393016
-0.6780802
-0.6804139
-0.6841656
-0.6822389
-0.68260145
-0.68894225
-0.68287235
-0.68593925
-0.6830293
-0.6901914
-0.6841644
-0.6839034
-0.6958396
-0.6784385
-0.6948287
-0.6942039
-0.68334204
-0.686648
-0.68530023
-0.6904799
-0.68921167
-0.6801204
-0.6975457
-0.68598026
-0.68603617
-0.6823624
-0.69252735
-0.6891903
-0.6937762
-0.69215506
-0.69069904
-0.6919182
-0.69438964
-0.6831794
-0.68463814
-0.69562304
-0.6889812
-0.6860853
-0.68641895
-0.68953866
-0.6739677
-0.6875675
-0.6838014
-0.68176115
-0.6810675
-0.6880224
-0.6771425
-0.6922113
-0.68250126
-0.69075507
-0.68654335
-0.6893424
-0.6954426
-0.6885878
-0.6886233
-0.6919495
-0.6862377
-0.69091
-0.68896276
-0.6996241
-0.7027326
-0.7000315
-0.69321394
-0.69898623
-0.6992888
-0.6956007
-0.6991331
-0.69827753
-0.6870642
-0.6917117
-0.70063484
-0.6995742
-0.69146645
-0.69320625
-0.6912846
-0.69860315
-0.6949956
-0.6878721
-0.69804114
-0.6909896
-0.69886494
-0.69542843
-0.6952693
-0.69986475
-0.6860305
-0.6881432
-0.70013255
-0.69518304
-0.69985884
-0.68711925
-0.702614
-0.69015867
-0.68484503
-0.6901283
-0.6887388
-0.6865746
-0.6922224
-0.69464487
-0.6903492
-0.69531316
-0.6861622
-0.6960388
-0.6904164
-0.6923251
-0.6903675
-0.6893584
-0.6833687
-0.69285816
-0.68590766
-0.69906765
-0.69538146
-0.69106185
-0.70069087
-0.6917691
-0.6844182
-0.68916446
-0.69306886
-0.6914549
-0.68783104
-0.6921122
-0.69314265
-0.6933003
-0.694792
-0.69732255
-0.6996956
-0.69149214
-0.69941795
-0.69399595
-0.69951004
-0.6967413
-0.6957699
-0.7026259
-0.6978345
-0.69132394
-0.6952027
-0.69572175
-0.68628645
-0.69501054
-0.6955504
-0.69597065
-0.69655514
-0.6992582
-0.697177
-0.6995031
-0.69575644
-0.6939753
-0.6954323
-0.6883817
-0.68927014
-0.6956879
-0.69618493
-0.6922159
-0.69132066
-0.6918144
-0.6967085
-0.6869793
-0.6924821
-0.6925077
-0.6951417
-0.6963064
-0.701957
-0.69015414
-0.6992101
-0.6908068
-0.69820213
-0.6917173
-0.69445753
-0.6963656
-0.6962349
-0.6969336
-0.6997559
-0.69970715
-0.692006
-0.6966853
-0.7000297
-0.69595027
-0.69962025
-0.69939995
-0.6945705
-0.70251715
-0.6943089
-0.70238364
-0.70070165
-0.6928545
-0.6952807
-0.6979021
-0.69730633
-0.70730776
-0.70374835
-0.6978744
-0.6960284
-0.69919217
-0.7022836
-0.693285
-0.6974776
-0.69605386
-0.6944317
-0.69795126
-0.6951331
-0.7008655
-0.6950738
-0.6938958
-0.7059693
-0.6973176
-0.70210147
-0.6943882
-0.7046952
-0.6952998
-0.6975421
-0.69782716
-0.69249535
-0.70113516
-0.6996878
-0.6995456
-0.7004281
-0.6968547
-0.69723266
-0.70398337
-0.70453334
-0.69967544
-0.698345
-0.69711304
-0.6998994
-0.7002
-0.7049415
-0.7027813
-0.7006656
-0.7078912
-0.6954493
-0.70650184
-0.6989456
-0.69907314
-0.7020231
-0.6959754
-0.69924676
-0.7021267
-0.7011458
-0.702195
-0.69235355
-0.7026875
-0.701318
-0.70016295
-0.69298047
-0.69384617
-0.6958478
-0.69289964
-0.6996791
-0.70356154
-0.6956896
-0.69678766
-0.6949212
-0.69531584
-0.70221794
-0.69739145
-0.7002551
-0.69862807
-0.6938036
-0.69619566
-0.7013335
-0.6993578
-0.68874604
-0.7009816
-0.6924309
-0.69950324
-0.71017087
-0.6957426
-0.7034495
-0.7009963
-0.70297444
-0.70592177
-0.7004259
-0.70633113
-0.7014679
-0.6996555
-0.6987659
-0.6972711
-0.7055615
-0.70204484
-0.6941118
-0.7011524
-0.7043782
-0.6985555
-0.69760376
-0.7061552
-0.6984624
-0.7011745
-0.70509267
-0.7050541
-0.689106
-0.6947676
-0.7016794
-0.697603
-0.7026097
-0.6955547
-0.70460147
-0.70242155
-0.69775754
-0.69379395
-0.6961253
-0.69830275
-0.7003696
-0.7038904
-0.7016834
-0.70019186
-0.69767493
-0.70069593
-0.69878983
-0.7043813
-0.6933713
-0.7006929
-0.70223844
-0.700263
-0.6930841
-0.6928016
-0.70133704
-0.698198
-0.7027569
-0.69891757
-0.7017853
-0.7033811
-0.6928221
-0.6968559
-0.69548637
-0.7014177
-0.69577485
-0.69366175
-0.7018163
-0.69752663
-0.70380735
-0.6878789
-0.69789016
-0.6970852
-0.70185804
-0.69476086
-0.6971286
-0.6985268
-0.6997909
-0.6903531
-0.6938408
-0.6972625
-0.70115095
-0.69779485
-0.70223457
-0.6961469
-0.69753224
-0.69292885
-0.6918879
-0.69161403
-0.7006867
-0.69389886
-0.6989631
-0.69167084
-0.6960876
-0.69554317
-0.6977519
-0.6968429
-0.6952908
-0.696675
-0.7002619
-0.69024223
-0.6917749
-0.6937913
-0.6901494
-0.69267654
-0.6956042
-0.6964416
-0.6979269
-0.6994602
-0.69689894
-0.69405746
-0.69286925
-0.6943914
-0.70018667
-0.6890918
-0.69345284
-0.69929767
-0.7011792
-0.6951935
-0.6988356
-0.69383776
-0.6968819
-0.6968457
-0.69838804
-0.69734555
-0.6944416
-0.70558614
-0.69369066
-0.69855314
-0.69608253
-0.70354545
-0.6883454
-0.7019106
-0.70005685
-0.6983214
-0.70511925
-0.69823927
-0.69706064
-0.7025623
-0.6957142
-0.6950581
-0.70108044
-0.6960827
-0.696756
-0.69456935
-0.6983085
-0.69674104
-0.7007238
-0.7047212
-0.70114446
-0.7027459
-0.69588125
-0.6960342
-0.7018862
-0.7005566
-0.7005001
-0.69706875
-0.6961983
-0.7016646
-0.70545703
-0.69943655
-0.7023479
-0.70348024
-0.6991638
-0.7033174
-0.6994777
-0.6985576
-0.7009133
-0.6964818
-0.69908255
-0.7113907
-0.69555235
-0.6985238
-0.7084425
-0.69907707
-0.70626646
-0.69939786
-0.7027066
-0.7082528
-0.70805186
-0.6975768
-0.7048313
-0.6962699
-0.70413184
-0.7011251
-0.7051882
-0.7025483
-0.70957005
-0.7059528
-0.70362747
-0.7016484
-0.70121896
-0.7062799
-0.69989175
-0.70431095
-0.7023318
-0.7031857
-0.6936175
-0.7010452
-0.7001261
-0.70436347
-0.69949645
-0.695817
-0.695393
-0.7074067
-0.70001996
-0.6951013
-0.6996967
-0.70357054
-0.6914255
-0.6999917
-0.6962417
-0.69820577
-0.7070969
-0.6979001
-0.70325047
-0.7055262
-0.70256096
-0.7086241
-0.70413935
-0.7034846
-0.7066279
-0.7007211
-0.70868367
-0.6932681
-0.7143878
-0.70460767
-0.69994766
-0.70813435
-0.6979188
-0.6990552
-0.7071451
-0.7011228
-0.6990379
-0.6968914
-0.70327437
-0.6982537
-0.7039944
-0.70083076
-0.7036599
-0.70314336
-0.7012602
-0.697137
-0.69863176
-0.69576067
-0.70561033
-0.701607
-0.69399005
-0.69935656
-0.69598866
-0.6959367
-0.7030324
-0.704509
-0.69959676
-0.6956968
-0.703663
-0.7030528
-0.70490986
-0.7084728
-0.7043962
-0.70496786
-0.70222116
-0.7088567
-0.6993654
-0.70317066
-0.71147424
-0.70181364
-0.70603406
-0.7057042
-0.7008147
-0.70760465
-0.7060739
-0.7017039
-0.7010677
-0.7022336
-0.70838803
-0.7067285
-0.7075608
-0.7019086
-0.70393187
-0.70109826
-0.6894587
-0.7046544
-0.7062815
-0.7086763
-0.7036526
-0.7076351
-0.7063714
-0.70177925
-0.7037216
-0.7018911
-0.7016309
-0.70062757
-0.7057401
-0.70631576
-0.7055729
-0.7002286
-0.6995539
-0.6985036
-0.6987475
-0.7003107
-0.696969
-0.69320697
-0.7031073
-0.69672024
-0.70032334
-0.6943178
-0.69480574
-0.7033751
-0.691812
-0.7091431
-0.69720525
-0.69420654
-0.6987981
-0.70603174
-0.70653784
-0.69643945
-0.70303726
-0.7031049
-0.7082226
-0.7033808
-0.70229125
-0.70739716
-0.7053938
-0.7045508
-0.7129861
-0.6979581
-0.7032908
-0.7003472
-0.7041489
-0.70978796
-0.69988585
-0.7110256
-0.71237004
-0.7054912
-0.7034129
-0.7087017
-0.7042761
-0.7026497
-0.7098789
-0.70637554
-0.7071127
-0.7054702
-0.7084728
-0.6960686
-0.7043933
-0.70522034
-0.71159434
-0.70263666
-0.7005423
-0.7031301
-0.7044834
-0.7060527
-0.7080799
-0.7020507
-0.709086
-0.71338636
-0.7042759
-0.70668036
-0.70628965
-0.7027541
-0.70206
-0.7008786
-0.708691
-0.70145977
-0.70722586
-0.7065691
-0.7059078
-0.70781153
-0.7031646
-0.7010996
-0.7083108
-0.70535
-0.707938
-0.7029474
-0.7103316
-0.70791364
-0.70411295
-0.70128983
-0.70120186
-0.6969946
-0.70278376
-0.7017815
-0.70574397
-0.69829845
-0.7052952
-0.7008907
-0.69725573
-0.7001965
-0.7031386
-0.70282
-0.6967948
-0.69703764
-0.6896859
-0.6967729
-0.69279844
-0.692378
-0.70054984
-0.6903777
-0.69339466
-0.7048794
-0.7014207
-0.7066406
-0.7041694
-0.69834036
-0.7006749
-0.6996454
-0.6980542
-0.703806
-0.6999898
-0.70830584
-0.70241785
-0.7074068
-0.7086853
-0.7057687
-0.7078675
-0.70210505
-0.70642304
-0.70445913
-0.6973032
-0.69983435
-0.707319
-0.7083704
-0.70968366
-0.69892216
-0.6985701
-0.7013828
-0.70563066
-0.69769055
-0.7087468
-0.6959015
-0.70533866
-0.6890777
-0.70109236
-0.704003
-0.7036308
-0.70374244
-0.7049246
-0.6952978
-0.70921475
-0.7059697
-0.70729184
-0.7026906
-0.6975547
-0.70172143
-0.7066842
-0.70095515
-0.703657
-0.70286185
-0.7070253
-0.7021723
-0.7007867
-0.7031675
-0.700009
-0.6959396
-0.7071486
-0.7113504
-0.71218956
-0.7045881
-0.7034394
-0.69479334
-0.7077049
-0.6983369
-0.70352995
-0.70374686
-0.7005532
-0.70679915
-0.701709
-0.6973873
-0.7014479
-0.7040352
-0.70152557
-0.70957655
-0.7022021
-0.7040403
-0.6973306
-0.7020321
-0.70814174
-0.70599467
-0.70340616
-0.7009214
-0.7014266
-0.70964533
-0.70635957
-0.71061426
-0.70184577
-0.69835746
-0.701686
-0.70305246
-0.69942284
-0.7073819
-0.7087425
-0.7052274
-0.7082459
-0.7112678
-0.6998147
-0.6978462
-0.71259516
-0.69886255
-0.70676833
-0.70416963
-0.70861673
-0.70554644
-0.7049523
-0.7078388
-0.7085613
-0.6983706
-0.7058871
-0.7045044
-0.70865965
-0.70988166
-0.70697826
-0.70596534
-0.70890254
-0.7047509
-0.7014275
-0.7053918
-0.6987532
-0.7042016
-0.7074955
-0.7031543
-0.7039128
-0.7059876
-0.70514685
-0.70164657
-0.70372474
-0.70655304
-0.7064174
-0.7016772
-0.69286054
-0.7007311
-0.7000469
-0.713471
-0.70724535
-0.70199347
-0.6983031
-0.70831126
-0.6998648
-0.70954335
-0.70204693
-0.706887
-0.70665514
-0.69931996
-0.69926065
-0.7019227
-0.7018972
-0.703799
-0.709903
-0.7087102
-0.7004918
-0.702465
-0.70380914
-0.69901496
-0.6986651
-0.6961781
-0.7060985
-0.70161474
-0.70488983
-0.70024157
-0.70804286
-0.70216095
-0.6978289
-0.69954234
-0.69357276
-0.69902474
-0.7027931
-0.7044319
-0.70612824
-0.70385295
-0.69454676
-0.7000413
-0.7047651
-0.70317894
-0.70586646
-0.7004583
-0.7038195
-0.70109475
-0.7032637
-0.698429
-0.7077266
-0.7056383
-0.7044961
-0.70112824
-0.7051201
-0.7057875
-0.7027934
-0.70475554
-0.70318806
-0.6983744
-0.7010847
-0.7061026
-0.70995593
-0.69765705
-0.7067352
-0.70721287
-0.69634956
-0.69923306
-0.70853674
-0.7062175
-0.70242983
-0.7007918
-0.70020413
-0.7073246
-0.7031602
-0.70500445
-0.7032738
-0.69387496
-0.70279187
-0.69889396
-0.70332295
-0.7094981
-0.7049224
-0.6997836
-0.7055717
-0.70288193
-0.71240836
-0.70811546
-0.70802796
-0.7053547
-0.7121129
-0.70809066
-0.7082434
-0.7011534
-0.71315676
-0.70841384
-0.70627844
-0.71165067
-0.70697075
-0.70461696
-0.7082519
-0.7158385
-0.70553166
-0.70860183
-0.7086218
-0.70295775
-0.6989152
-0.7054959
-0.7085387
-0.7011769
-0.7117417
-0.7084561
-0.7073705
-0.7061818
-0.70048153
-0.710355
-0.704514
-0.7038326
-0.7043574
-0.7105163
-0.70579165
-0.7044185
-0.7123568
-0.70877165
-0.7064788
-0.7094124
-0.7111143
-0.70198965
-0.70898086
-0.70493746
-0.70701504
-0.7046286
-0.71369046
-0.7063067
-0.7097577
-0.70852846
-0.70401
-0.7067106
-0.7097522
-0.7101567
-0.7089084
-0.7079705
-0.70931816
-0.70750016
-0.70563334
-0.7005418
-0.7070898
-0.7026958
-0.70211786
-0.70052785
-0.70522654
-0.7076336
-0.70787925
-0.70673376
-0.709944
-0.704577
-0.7022
-0.7057982
-0.7116138
-0.7092485
-0.7145828
-0.71125585
-0.7191579
-0.70990443
-0.7041829
-0.70391756
-0.70809466
-0.7050066
-0.7062618
-0.70790094
-0.7065219
-0.70522356
-0.6999515
-0.7079428
-0.7111441
-0.70063984
-0.70440084
-0.7064848
-0.70912796
-0.70718557
-0.7121156
-0.7103043
-0.702226
-0.7011519
-0.70882297
-0.709856
-0.7081165
-0.70856434
-0.7115434
-0.7064485
-0.7069144
-0.7041971
-0.7113178
-0.7113495
-0.7069739
-0.69809544
-0.7119812
-0.7060355
-0.7069584
-0.70436794
-0.7052632
-0.7085541
-0.70473015
-0.7070204
-0.700744
-0.70355445
-0.7011568
-0.69790524
-0.7073977
-0.6992344
-0.7035527
-0.70147175
-0.70384526
-0.7013586
-0.70646286
-0.70992446
-0.70904547
-0.70839685
-0.70672846
-0.7143784
-0.7098628
-0.717807
-0.7067613
-0.7060515
-0.70768666
-0.70140326
-0.7054123
-0.7039381
-0.7136323
-0.70059836
-0.7078554
-0.70609087
-0.7031982
-0.7042792
-0.70598423
-0.70989585
-0.7014721
-0.6959352
-0.7039056
-0.69870883
-0.70195365
-0.7075128
-0.70668966
-0.70655423
-0.703879
-0.70714134
-0.70960134
-0.7034249
-0.70376915
-0.71129066
-0.71138144
-0.7054378
-0.70202315
-0.71011436
-0.70989496
-0.7036059
-0.71409667
-0.7076624
-0.70256937
-0.703425
-0.7116081
-0.7050477
-0.71120185
-0.70448476
-0.70536685
-0.7046019
-0.70917845
-0.70827496
-0.70603055
-0.7035102
-0.70807815
-0.70781386
-0.70560515
-0.71510977
-0.7003386
-0.71160895
-0.7045064
-0.7118645
-0.70809376
-0.70753336
-0.70998394
-0.7003881
-0.7083137
-0.704632
-0.70624566
-0.70831865
-0.70930016
-0.70314604
-0.71397215
-0.7034108
-0.70799977
-0.7062526
-0.70243955
-0.7078508
-0.70186067
-0.70928395
-0.70330083
-0.70434344
-0.70786715
-0.70751345
-0.7058418
-0.7007213
-0.7046542
-0.7046786
-0.7038379
-0.7041184
-0.7122163
-0.6981978
-0.6990506
-0.71097606
-0.7044966
-0.70103794
-0.7098003
-0.70308447
-0.7058287
-0.70760715
-0.71385765
-0.69506353
-0.70080113
-0.7016014
-0.6982573
-0.7023361
-0.7093395
-0.7078494
-0.69718003
-0.7040341
-0.71024704
-0.70881504
-0.6964427
-0.70521307
-0.70813936
-0.697227
-0.7045297
-0.70525503
-0.70154303
-0.705515
-0.7131022
-0.6998906
-0.7107516
-0.7009701
-0.713767
-0.708004
-0.70772773
-0.7051136
-0.7101198
-0.7083051
-0.70580125
-0.70341676
-0.70526
-0.7053762
-0.7098849
-0.70317286
-0.70820224
-0.71716744
-0.71068734
-0.6976613
-0.70900947
-0.70663923
-0.6995473
-0.69831353
-0.6995537
-0.7133315
-0.7026981
-0.6997487
-0.7107992
-0.70509946
-0.7072524
-0.70850885
-0.7014317
-0.71069056
-0.7048714
-0.70926553
-0.7076103
-0.7082227
-0.7103538
-0.7049311
-0.7111198
-0.7028646
-0.70125157
-0.7161654
-0.70926774
-0.71519965
-0.70306224
-0.7095217
-0.71266186
-0.70850295
-0.708487
-0.7109921
-0.7122463
-0.7091396
-0.7002755
-0.7145464
-0.7084038
-0.710413
-0.7099218
-0.7107258
-0.7009429
-0.7018581
-0.7076704
-0.711273
-0.70798606
-0.70644045
-0.7077087
-0.704346
-0.70809543
-0.71103066
-0.7070009
-0.7091161
-0.7013097
-0.71276575
-0.70340776
-0.70603573
-0.71064943
-0.7094247
-0.7121778
-0.7093184
-0.7082496
-0.7040784
-0.7127145
-0.70826924
-0.71438926
-0.7153335
-0.71674925
-0.71591896
-0.7017859
-0.70887977
-0.7058892
-0.7095936
-0.70765394
-0.715225
-0.7045447
-0.7033822
-0.7171577
-0.7049947
-0.7053069
-0.70593977
-0.69878674
-0.7046156
-0.7052959
-0.69928336
-0.70534754
-0.70850086
-0.69538784
-0.71197927
-0.7071147
-0.70711476
-0.7046592
-0.70368135
-0.70646656
-0.70708007
-0.7114856
-0.6977153
-0.70987904
-0.70197034
-0.70190173
-0.70359033
-0.70751894
-0.7060959
-0.70555246
-0.70731443
-0.71825856
-0.70099336
-0.70543003
-0.714008
-0.71226156
-0.71452284
-0.705245
-0.7154784
-0.71084386
-0.7057698
-0.7127061
-0.7121238
-0.7057286
-0.704254
-0.71063626
-0.7101847
-0.70825076
-0.7092309
-0.7064275
-0.7089325
-0.7101009
-0.70457774
-0.722146
-0.70985293
-0.7182068
-0.7070794
-0.7108647
-0.71265566
-0.7096215
-0.70457506
-0.7144337
-0.7137058
-0.7069539
-0.7048739
-0.7040783
-0.7120966
-0.7125389
-0.7165926
-0.7196929
-0.70781744
-0.70972204
-0.70666033
-0.71390086
-0.7146857
-0.7039369
-0.7130064
-0.70570266
-0.720537
-0.7098697
-0.71358496
-0.7164958
-0.70555544
-0.7123009
-0.70714766
-0.70434767
-0.70288265
-0.7034713
-0.7083219
-0.70195514
-0.7053425
-0.70993936
-0.7102331
-0.70464146
-0.7073239
-0.7122818
-0.7069611
-0.69896084
-0.7023045
-0.7087612
-0.70430964
-0.7102008
-0.7112633
-0.701245
-0.7039832
-0.7022716
-0.7128311
-0.7052695
-0.70881075
-0.7084101
-0.699986
-0.7054707
-0.7100034
-0.7152513
-0.7071631
