Early stopping triggered at epoch 353
-0.8429387
-0.34638917
-0.6916176
-0.76596355
-0.7510505
-0.64263433
-0.7555917
-0.8181638
-0.8044422
-0.7942234
-0.79964364
-0.78786623
-0.78797174
-0.77842265
-0.7689839
-0.75611234
-0.7672799
-0.7794003
-0.80408543
-0.8220577
-0.83509576
-0.8467115
-0.85195875
-0.8628687
-0.8719405
-0.85257006
-0.8455128
-0.83866656
-0.83623415
-0.8316911
-0.83698285
-0.8264185
-0.8309704
-0.8387742
-0.836702
-0.8415757
-0.84154135
-0.84718025
-0.8486515
-0.84818953
-0.8552406
-0.8568036
-0.8555492
-0.8587877
-0.86264086
-0.861708
-0.85969454
-0.8629626
-0.86520034
-0.8681127
-0.8670772
-0.87129545
-0.87096167
-0.86738855
-0.8743098
-0.8691254
-0.86427206
-0.86925626
-0.8742286
-0.8751989
-0.8691213
-0.87434566
-0.87692654
-0.8771315
-0.8777234
-0.8818874
-0.88051206
-0.88271016
-0.88108337
-0.87834746
-0.87843126
-0.8815182
-0.88135827
-0.88394266
-0.88678634
-0.8836372
-0.8811872
-0.8809468
-0.88018745
-0.8844566
-0.88802415
-0.88551754
-0.87895644
-0.87221235
-0.87285185
-0.87150043
-0.8677698
-0.87143534
-0.876079
-0.877438
-0.88457066
-0.8848625
-0.884986
-0.8849247
-0.8856942
-0.88828814
-0.8872532
-0.88762474
-0.8852723
-0.88472134
-0.8896253
-0.88889647
-0.8861448
-0.88754904
-0.88882285
-0.88934594
-0.88788843
-0.8878261
-0.89189434
-0.88913214
-0.89346015
-0.89061594
-0.88877475
-0.8876852
-0.8860573
-0.884543
-0.8816524
-0.8825706
-0.88166296
-0.8809491
-0.8782057
-0.88459337
-0.88274413
-0.8796881
-0.8862154
-0.88108397
-0.87657374
-0.88339716
-0.8812822
-0.8798235
-0.8770279
-0.8844265
-0.8813994
-0.87802064
-0.8824812
-0.88207614
-0.8796818
-0.87740016
-0.8799722
-0.8795045
-0.87768257
-0.8836489
-0.88872427
-0.9074603
-0.89229274
-0.9222062
-0.92257136
-0.92341286
-0.92447644
-0.92986065
-0.93445295
-0.933867
-0.9415766
-0.9402261
-0.9439157
-0.94269085
-0.9372172
-0.9452595
-0.9452785
-0.9457568
-0.928978
-0.9418069
-0.9409474
-0.942118
-0.9426584
-0.9445029
-0.9484733
-0.940741
-0.9293634
-0.9368788
-0.9427022
-0.93642384
-0.9382816
-0.9455869
-0.93984944
-0.9325651
-0.93357205
-0.9438266
-0.94471085
-0.9437098
-0.94259083
-0.94799006
-0.9482367
-0.94490445
-0.952314
-0.9448012
-0.9449804
-0.9525835
-0.94159734
-0.9381917
-0.94866186
-0.94594836
-0.94169027
-0.9463053
-0.9488361
-0.94853806
-0.9518012
-0.94654256
-0.94387066
-0.9405707
-0.9414648
-0.94278574
-0.9433113
-0.9485949
-0.9495287
-0.94963706
-0.9524933
-0.9553282
-0.9537471
-0.9494652
-0.9508113
-0.95414436
-0.95518464
-0.95553756
-0.95527536
-0.95423365
-0.95410633
-0.9570033
-0.9579259
-0.9549408
-0.95336694
-0.9581483
-0.95336246
-0.95703983
-0.9585427
-0.9560106
-0.95767164
-0.95834893
-0.95618683
-0.9576316
-0.9583117
-0.95816797
-0.96003646
-0.95702815
-0.9595276
-0.9576443
-0.9588051
-0.95907956
-0.9538923
-0.9585383
-0.95916414
-0.9552236
-0.95793474
-0.9569077
-0.95746857
-0.9590505
-0.95788467
-0.9580644
-0.9584098
-0.9550732
-0.95741445
-0.956529
-0.95495
-0.959498
-0.95447487
-0.95168585
-0.95665586
-0.9571649
-0.956866
-0.9584314
-0.9583118
-0.9574728
-0.956534
-0.9585552
-0.9567262
-0.95484513
-0.95697343
-0.9555465
-0.9517864
-0.95690626
-0.9560896
-0.95706874
-0.9574448
-0.95869964
-0.95809793
-0.95766836
-0.9582126
-0.9576705
-0.9595934
-0.96006435
-0.9602704
-0.9608044
-0.9615727
-0.9605516
-0.9615097
-0.96098495
-0.9598538
-0.956
-0.9592451
-0.9586378
-0.9579985
-0.95986044
-0.9604715
-0.95994914
-0.96178514
-0.95929515
-0.95953435
-0.959514
-0.9566476
-0.9608259
-0.9582018
-0.96075743
-0.96090347
-0.96192205
-0.96062803
-0.9610564
-0.95957184
-0.95970184
-0.95921427
-0.95985335
-0.9615742
-0.9597305
-0.9607251
-0.96157515
-0.9620032
-0.9596391
-0.96197796
-0.9604541
-0.96055454
-0.96082735
-0.961061
-0.9605511
-0.9605811
-0.9599993
-0.9616144
-0.96079355
-0.9597358
-0.95647895
-0.95771354
-0.9533094
-0.951916
-0.95638406
-0.9536322
-0.95176786
-0.95353824
-0.9540856
-0.95496726
-0.95473516
-0.9551926
-0.95823306
-0.9579409
-0.95561343
-0.9560905
-0.9548162
-0.95867443
-0.95574355
-0.9560564
-0.9588451
-0.9561438
-0.95743495
-0.95779145
-0.95836955
-0.9585185
-0.95832187
0
0
0
0
0
0
0
0
0
0
0
0
0
0
0
0
0
0
0
0
0
0
0
0
0
0
0
0
0
0
0
0
0
0
0
0
0
0
0
0
0
0
0
0
0
0
0
0
0
0
0
0
0
0
0
0
0
0
0
0
0
0
0
0
0
0
0
0
0
0
0
0
0
0
0
0
0
0
0
0
0
0
0
0
0
0
0
0
0
0
0
0
0
0
0
0
0
0
0
0
0
0
0
0
0
0
0
0
0
0
0
0
0
0
0
0
0
0
0
0
0
0
0
0
0
0
0
0
0
0
0
0
0
0
0
0
0
0
0
0
0
0
0
0
0
0
0
0
0
0
0
0
0
0
0
0
0
0
0
0
0
0
0
0
0
0
0
0
0
0
0
0
0
0
0
0
0
0
0
0
0
0
0
0
0
0
0
0
0
0
0
0
0
0
0
0
0
0
0
0
0
0
0
0
0
0
0
0
0
0
0
0
0
0
0
0
0
0
0
0
0
0
0
0
0
0
0
0
0
0
0
0
0
0
0
0
0
0
0
0
0
0
0
0
0
0
0
0
0
0
0
0
0
0
0
0
0
0
0
0
0
0
0
0
0
0
0
0
0
0
0
0
0
0
0
0
0
0
0
0
0
0
0
0
0
0
0
0
0
0
0
0
0
0
0
0
0
0
0
0
0
0
0
0
0
0
0
0
0
0
0
0
0
0
0
0
0
0
0
0
0
0
0
0
0
0
0
0
0
0
0
0
0
0
0
0
0
0
0
0
0
0
0
0
0
0
0
0
0
0
0
0
0
0
0
0
0
0
0
0
0
0
0
0
0
0
0
0
0
0
0
0
0
0
0
0
0
0
0
0
0
0
0
0
0
0
0
0
0
0
0
0
0
0
0
0
0
0
0
0
0
0
0
0
0
0
0
0
0
0
0
0
0
0
0
0
0
0
0
0
0
0
0
0
0
0
0
0
0
0
0
0
0
0
0
0
0
0
0
0
0
0
0
0
0
0
0
0
0
0
0
0
0
0
0
0
0
0
0
0
0
0
0
0
0
0
0
0
0
0
0
0
0
0
0
0
0
0
0
0
0
0
0
0
0
0
0
0
0
0
0
0
0
0
0
0
0
0
0
0
0
0
0
0
0
0
0
0
0
0
0
0
0
0
0
0
0
0
0
0
0
0
0
0
0
0
0
0
0
0
0
0
0
0
0
0
0
0
0
0
0
0
0
0
0
0
0
0
0
0
0
0
0
0
0
0
0
0
0
0
0
0
0
0
0
0
0
0
0
0
0
0
0
0
0
0
0
0
0
0
0
0
0
0
0
0
0
0
0
0
0
0
0
0
0
0
0
0
0
0
0
0
0
0
0
0
0
0
0
0
0
0
0
0
0
0
0
0
0
0
0
0
0
0
0
0
0
0
0
0
0
0
0
0
0
0
0
0
0
0
0
0
0
0
0
0
0
0
0
0
0
0
0
0
0
0
0
0
0
0
0
0
0
0
0
0
0
0
0
0
0
0
0
0
0
0
0
0
0
0
0
0
0
0
0
0
0
0
0
0
0
0
0
0
0
0
0
0
0
0
0
0
0
0
0
0
0
0
0
0
0
0
0
0
0
0
0
0
0
0
0
0
0
0
0
0
0
0
0
0
0
0
0
0
0
0
0
0
0
0
0
0
0
0
0
0
0
0
0
0
0
0
0
0
0
0
0
0
0
0
0
0
0
0
0
0
0
0
0
0
0
0
0
0
0
0
0
0
0
0
0
0
0
0
0
0
0
0
0
0
0
0
0
0
0
0
0
0
0
0
0
0
0
0
0
0
0
0
0
0
0
0
0
0
0
0
0
0
0
0
0
0
0
0
0
0
0
0
0
0
0
0
0
0
0
0
0
0
0
0
0
0
0
0
0
0
0
0
0
0
0
0
0
0
0
0
0
0
0
0
0
0
0
0
0
0
0
0
0
0
0
0
0
0
0
0
0
0
0
0
0
0
0
0
0
0
0
0
0
0
0
0
0
0
0
0
0
0
0
0
0
0
0
0
0
0
0
0
0
0
0
0
0
0
0
0
0
0
0
0
0
0
0
0
0
0
0
0
0
0
0
0
0
0
0
0
0
0
0
0
0
0
0
0
0
0
0
0
0
0
0
0
0
0
0
0
0
0
0
0
0
0
0
0
0
0
0
0
0
0
0
0
0
0
0
0
0
0
0
0
0
0
0
0
0
0
0
0
0
0
0
0
0
0
0
0
0
0
0
0
0
0
0
0
0
0
0
0
0
0
0
0
0
0
0
0
0
0
0
0
0
0
0
0
0
0
0
0
0
0
0
0
0
0
0
0
0
0
0
0
0
0
0
0
0
0
0
0
0
0
0
0
0
0
0
0
0
0
0
0
0
0
0
0
0
0
0
0
0
0
0
0
0
0
0
0
0
0
0
0
0
0
0
0
0
0
0
0
0
0
0
0
0
0
0
0
0
0
0
0
0
0
0
0
0
0
0
0
0
0
0
0
0
0
0
0
0
0
0
0
0
0
0
0
0
0
0
0
0
0
0
0
0
0
0
0
0
0
0
0
0
0
0
0
0
0
0
0
0
0
0
0
0
0
0
0
0
0
0
0
0
0
0
0
0
0
0
0
0
0
0
0
0
0
0
0
0
0
0
0
0
0
0
0
0
0
0
0
0
0
0
0
0
0
0
0
0
0
0
0
0
0
0
0
0
0
0
0
0
0
0
0
0
0
0
0
0
0
0
0
0
0
0
0
0
0
0
0
0
0
0
0
0
0
0
0
0
0
0
0
0
0
0
0
0
0
0
0
0
0
0
0
0
0
0
0
0
0
0
0
0
0
0
0
0
0
0
0
0
0
0
0
0
0
0
0
0
0
0
0
0
0
0
0
0
0
0
0
0
0
0
0
0
0
0
0
0
0
0
0
0
0
0
0
0
0
0
0
0
0
0
0
0
0
0
0
0
0
0
0
0
0
0
0
0
0
0
0
0
0
0
0
0
0
0
0
0
0
0
0
0
0
0
0
0
0
0
0
0
0
0
0
0
0
0
0
0
0
0
0
0
0
0
0
0
0
0
0
0
0
0
0
0
0
0
0
0
0
0
0
0
0
0
0
0
0
0
0
0
0
0
0
0
0
0
0
0
0
0
0
0
0
0
0
0
0
0
0
0
0
0
0
0
0
0
0
0
0
0
0
0
0
0
0
0
0
0
0
0
0
0
0
0
0
0
0
0
0
0
0
0
0
0
0
0
0
0
0
0
0
0
0
0
0
0
0
0
0
0
0
0
0
0
0
0
0
0
0
0
0
0
0
0
0
0
0
0
0
0
0
0
0
0
0
0
0
0
0
0
0
0
0
0
0
0
0
0
0
0
0
0
0
0
0
0
0
0
0
0
0
0
0
0
0
0
0
0
0
0
0
0
0
0
0
0
0
0
0
0
0
0
0
0
0
0
0
0
0
0
0
0
0
0
0
0
0
0
0
0
0
0
0
0
0
0
0
0
0
0
0
0
0
0
0
0
0
0
0
0
0
0
0
0
0
0
0
0
0
0
0
0
0
0
0
0
0
0
0
0
0
0
0
0
0
0
0
0
0
0
0
0
0
0
0
0
0
0
0
0
0
0
0
0
0
0
0
0
0
0
0
0
0
0
0
0
0
0
0
0
0
0
0
0
0
0
0
0
0
0
0
0
0
0
0
0
0
0
0
0
0
0
0
0
0
0
0
0
0
0
0
0
0
0
0
0
0
0
0
0
0
0
0
0
0
0
0
0
0
0
0
0
0
0
0
0
0
0
0
0
0
0
0
0
0
0
0
0
0
0
0
0
0
0
0
0
0
0
0
0
0
0
0
0
0
0
0
0
0
0
0
0
0
0
0
0
0
0
0
0
0
0
0
0
0
0
0
0
0
0
0
0
0
0
0
0
0
0
0
0
0
0
0
0
0
0
0
0
0
0
0
0
0
0
0
0
0
0
0
0
0
0
0
0
0
0
0
0
0
0
0
0
0
0
0
0
0
0
0
0
0
0
0
0
0
0
0
0
0
0
0
0
0
0
0
0
0
0
0
0
0
0
0
0
0
0
0
0
0
0
0
0
0
0
0
0
0
0
0
0
0
0
0
0
0
0
0
0
0
0
0
0
0
0
0
0
0
0
0
0
0
0
0
0
0
0
0
0
0
0
0
0
0
0
0
0
0
0
0
0
0
0
0
0
0
0
0
0
0
0
0
0
0
0
0
0
0
0
0
0
0
0
0
0
0
0
0
0
0
0
0
0
0
0
0
0
0
0
0
0
0
0
0
0
0
0
0
0
0
0
0
0
0
0
0
0
0
0
0
0
0
0
0
0
0
0
0
0
0
0
0
0
0
0
0
0
0
0
0
0
0
0
0
0
0
0
0
0
0
0
0
0
0
0
0
0
0
0
0
0
0
0
0
0
0
0
0
0
0
0
0
0
0
0
0
0
0
0
0
0
0
0
0
0
0
0
0
0
0
0
0
0
0
0
0
0
0
0
0
0
0
0
0
0
0
0
0
0
0
0
0
0
0
0
0
0
0
0
0
0
0
0
0
0
0
0
0
0
0
0
0
0
0
0
0
0
0
0
0
0
0
0
0
0
0
0
0
0
0
0
0
0
0
0
0
0
0
0
0
0
0
0
0
0
0
0
0
0
0
0
0
0
0
0
0
0
0
0
0
0
0
0
0
0
0
0
0
0
0
0
0
0
0
0
0
0
0
0
0
0
0
0
0
0
0
0
0
0
0
0
0
0
0
0
0
0
0
0
0
0
0
0
0
0
0
0
0
0
0
0
0
0
0
0
0
0
0
0
0
0
0
0
0
0
0
0
0
0
0
0
0
0
0
0
0
0
0
0
0
0
0
0
0
0
0
0
0
0
0
0
0
0
0
0
0
0
0
0
0
0
0
0
0
0
0
0
0
0
0
0
0
0
0
0
0
0
0
0
0
0
0
0
0
0
0
0
0
0
0
0
0
0
0
0
0
0
0
0
0
0
0
0
0
0
0
0
0
0
0
0
0
0
0
0
0
0
0
0
0
0
0
0
0
0
0
0
0
0
0
0
0
0
0
0
0
0
0
0
0
0
0
0
0
0
0
0
0
0
0
0
0
0
0
0
0
0
0
0
0
0
0
0
0
0
0
0
0
0
0
0
0
0
0
0
0
0
0
0
0
0
0
0
0
0
0
0
0
0
0
0
0
0
0
0
0
0
0
0
0
0
0
0
0
0
0
0
0
0
0
0
0
0
0
0
0
0
0
0
0
0
0
0
0
0
0
0
0
0
0
0
0
0
0
0
0
0
0
0
0
0
0
0
0
0
0
0
0
0
0
0
0
0
0
0
0
0
0
0
0
0
0
0
0
0
0
0
0
0
0
0
0
0
0
0
0
0
0
0
0
0
0
0
0
0
0
0
0
0
0
0
0
0
0
0
0
0
0
0
0
0
0
0
0
0
0
0
0
0
0
0
0
0
0
0
0
0
0
0
0
0
0
0
0
0
0
0
0
0
0
0
0
0
0
0
0
0
0
0
0
0
0
0
0
0
0
0
0
0
0
0
0
0
0
0
0
0
0
0
0
0
0
0
0
0
0
0
0
0
0
0
0
0
0
0
0
0
0
0
0
0
0
0
0
0
0
0
0
0
0
0
0
0
0
0
0
0
0
0
0
0
0
0
0
0
0
0
0
0
0
0
0
0
0
0
0
0
0
0
0
0
0
0
0
0
0
0
0
0
0
0
0
0
0
0
0
0
0
0
0
0
0
0
0
0
0
0
0
0
0
0
0
0
0
0
0
0
0
0
0
0
0
0
0
0
0
0
0
0
0
0
0
0
0
0
0
0
0
0
0
0
0
0
0
0
0
0
0
0
0
0
0
0
0
0
0
0
0
0
0
0
0
0
0
0
0
0
0
0
0
0
0
0
0
0
0
0
0
