-0.29962373
-0.39777148
-0.45988947
-0.55538106
-0.57440203
-0.58072853
-0.5663378
-0.58053446
-0.57955647
-0.6156054
-0.63943285
-0.6854599
-0.70392346
-0.7205707
-0.73097646
-0.7361588
-0.73267055
-0.74229014
-0.74052703
-0.7351341
-0.74340546
-0.7371835
-0.73244524
-0.730838
-0.73789746
-0.74613255
-0.7557224
-0.75979364
-0.75936764
-0.75932133
-0.76675856
-0.76914674
-0.76352096
-0.77698594
-0.76978993
-0.768942
-0.7670359
-0.7704232
-0.7726004
-0.78052014
-0.7708978
-0.77215123
-0.7812603
-0.7719787
-0.7846123
-0.7901717
-0.78682303
-0.79429364
-0.78568196
-0.79541594
-0.7994128
-0.80290854
-0.80116946
-0.8095641
-0.8093495
-0.7996354
-0.81352514
-0.81318545
-0.812366
-0.82074815
-0.8195956
-0.8201412
-0.82601327
-0.8295572
-0.82975924
-0.8315998
-0.8261886
-0.83129084
-0.82027626
-0.8295651
-0.82443887
-0.8248188
-0.8134333
-0.82618684
-0.83459663
-0.8362901
-0.83597046
-0.83719033
-0.8371336
-0.8305464
-0.83913165
-0.83396196
-0.8344224
-0.82904613
-0.8307017
-0.8357598
-0.8216748
-0.84531564
-0.8380155
-0.8378545
-0.8405065
-0.83512545
-0.8254043
-0.81510043
-0.8142313
-0.8210259
-0.83158
-0.8274484
-0.82393897
-0.8342431
-0.8304942
-0.8312194
-0.83575904
-0.8241658
-0.82687783
-0.82699466
-0.83946264
-0.82949287
-0.8435437
-0.8432658
-0.84261113
-0.84552175
-0.85036373
-0.845919
-0.8538744
-0.8499267
-0.82594985
-0.8507776
-0.85524815
-0.84876007
-0.83598006
-0.8507854
-0.84943134
-0.84985167
-0.8549968
-0.8485254
-0.8513063
-0.8540575
-0.85572505
-0.84643054
-0.85540015
-0.8506448
-0.8516339
-0.8505711
-0.8455963
-0.84891117
-0.8459821
-0.84188205
-0.8486908
-0.8552658
-0.85569704
-0.85364467
-0.8523003
-0.8557006
-0.8593887
-0.86105686
-0.86142945
-0.8522848
-0.8574355
-0.85886043
-0.83934057
-0.838866
-0.8505484
-0.86568856
-0.8651499
-0.86677146
-0.8646523
-0.86035585
-0.8668085
-0.8648828
-0.8561655
-0.86909854
-0.86911356
-0.87463653
-0.87323946
-0.87918735
-0.8784253
-0.87277114
-0.87331325
-0.8781773
-0.8808409
-0.8787016
-0.87128985
-0.8880714
-0.88218045
-0.88341755
-0.88327515
-0.88604164
-0.8844102
-0.88540566
-0.87201667
-0.8842162
-0.88585275
-0.8896141
-0.8774159
-0.88310134
-0.8821728
-0.88603795
-0.88794
-0.8865283
-0.87513214
-0.8806796
-0.87926424
-0.88606095
-0.87897366
-0.8871214
-0.8809806
-0.8812938
-0.884165
-0.87983847
-0.8868422
-0.8877481
-0.8866021
-0.8862633
-0.8868879
-0.88817656
-0.8877913
-0.88681537
-0.8844974
-0.88365465
-0.88666064
-0.8873532
-0.88650477
-0.8770465
-0.8794045
-0.87880385
-0.8650227
-0.8680083
-0.8679114
-0.8739426
-0.87139297
-0.87667567
-0.8728501
-0.87585366
-0.87261266
-0.86454356
-0.8709396
-0.8784083
-0.8782343
-0.87343264
-0.87475824
-0.873681
-0.8717447
-0.8728733
-0.8729799
-0.86816424
-0.8639195
-0.86750305
-0.86806846
-0.86320895
-0.852849
-0.8657833
-0.86293846
-0.86512715
-0.86199605
-0.8654617
-0.8675864
-0.8623074
-0.8612965
-0.8683632
-0.86393803
-0.86517864
-0.87486446
-0.8730254
-0.86993366
-0.88061786
-0.8760981
-0.8743814
-0.88221383
-0.88309747
-0.8863453
-0.8831404
-0.88532084
-0.8865558
-0.88566184
-0.88809335
-0.88952357
-0.87861633
-0.8850508
-0.87360764
-0.88414574
-0.86310893
-0.8774703
-0.8726447
-0.87885064
-0.8718966
-0.8701075
-0.8692124
-0.87140614
-0.86648077
-0.8678596
-0.8729324
-0.864743
-0.86545706
-0.8703827
-0.8664368
-0.87015224
-0.86471474
-0.8661835
-0.8715471
-0.8619667
-0.8502562
-0.85965484
-0.8673073
-0.8596593
-0.85346127
-0.84802413
-0.8401054
-0.83736664
-0.84694105
-0.854663
-0.86016494
-0.86105007
-0.8711694
-0.8630356
-0.86886054
-0.8663862
-0.86426723
-0.8638803
-0.87153924
-0.8693399
-0.8781243
-0.87748694
-0.8766658
-0.87531006
-0.8783627
-0.87860775
-0.87685823
-0.8763623
-0.8775334
-0.8740126
-0.8627721
-0.8648787
-0.86677206
-0.85980695
-0.86498857
-0.8664918
-0.8650503
-0.8697248
-0.8634468
-0.8704165
-0.86769384
-0.8723342
-0.8616286
-0.85111254
-0.85107017
-0.8619708
-0.8701618
-0.8655328
-0.8756461
-0.86715025
-0.8706939
-0.87531203
-0.87228495
-0.86883706
-0.87668467
-0.878875
-0.8773827
-0.88149
-0.88537526
-0.8847013
-0.88280946
-0.8826381
-0.8916928
-0.88814414
-0.88939464
-0.88668036
-0.88915753
-0.8845932
-0.88187987
-0.8875878
-0.88463163
-0.88585615
-0.8807903
-0.8810058
-0.87800926
-0.8811984
-0.87668717
-0.879523
-0.8737921
-0.87472886
-0.8725163
-0.87425095
-0.87330914
-0.8723531
-0.8740336
-0.8765757
-0.8762275
-0.8756328
-0.8699939
-0.8772704
-0.87980866
-0.8752213
-0.87871546
-0.8829541
-0.8760289
-0.8805706
-0.87720716
-0.88020504
-0.88199216
-0.88199
-0.88250864
-0.8851272
-0.88498545
-0.88451415
-0.8875557
-0.8877986
-0.88906676
-0.88320106
-0.8809848
-0.892563
-0.8905885
-0.8900098
-0.88914156
-0.8910091
-0.89041287
-0.8888564
-0.89136034
-0.8929036
-0.89152366
-0.88182235
-0.8909741
-0.8961703
-0.8870421
-0.88283193
-0.8721496
-0.87584573
-0.8847755
-0.8833588
-0.8901116
-0.8870256
-0.88585407
-0.8857654
-0.88652164
-0.88860863
-0.8931907
-0.88968515
-0.89115196
-0.8858738
-0.8922633
-0.89163435
-0.8948223
-0.89055604
-0.89293385
-0.8926872
-0.8939999
-0.8967832
-0.8959323
-0.8917089
-0.88824743
-0.89078116
-0.8875118
-0.89266837
-0.891574
-0.8914397
-0.8913095
-0.8934587
-0.8964451
-0.8907701
-0.89048815
-0.89018536
-0.89553857
-0.89174294
-0.89198625
-0.89495164
-0.89222765
-0.89432645
-0.8958036
-0.8877015
-0.89363676
-0.8937132
-0.8914977
-0.88998634
-0.8924821
-0.89411116
-0.89625424
-0.89444464
-0.8939507
-0.88939464
-0.8919847
-0.89359695
-0.8923625
-0.8924325
-0.88752
-0.8892746
-0.8893345
-0.89005023
-0.88673466
-0.88857305
-0.88449657
-0.8873685
-0.88753
-0.88926136
-0.8888023
-0.8806845
-0.87820727
-0.8704329
-0.8825488
-0.87537366
-0.8820967
-0.88026136
-0.88196105
-0.87955266
-0.88347864
-0.8860807
-0.88091284
-0.88629794
-0.88735384
-0.8888747
-0.8893942
-0.88820225
-0.8824598
-0.89044946
-0.89076793
-0.89434326
-0.8889081
-0.8910144
-0.8914658
-0.88994646
-0.89473456
-0.8866275
-0.8785029
-0.8913899
-0.896118
-0.89603174
-0.89274824
-0.89828455
-0.89771163
-0.897765
-0.8942346
-0.8960417
-0.89718795
-0.89945316
-0.8999811
-0.89634717
-0.8818597
-0.87787116
-0.8744233
-0.8751273
-0.8812288
-0.87794185
-0.87271625
-0.8745238
-0.8773739
-0.87254506
-0.87511677
-0.86878467
-0.8758298
-0.8707786
-0.87282944
-0.88149595
-0.8677857
-0.8716565
-0.87446225
-0.8799115
-0.87854373
-0.8751299
-0.87850976
-0.8754535
-0.8807446
-0.88167685
-0.87982494
-0.88219887
-0.88046473
-0.8834279
-0.8891229
-0.88254356
-0.8879528
-0.8910974
-0.8889333
-0.8872483
-0.89409655
-0.8943831
-0.89134324
-0.88601506
-0.87661844
-0.89834404
-0.8915359
-0.8887504
-0.89172727
-0.89015704
-0.89139646
-0.8914416
-0.8831967
-0.89380085
-0.8917977
-0.88726103
-0.88718647
-0.89443415
-0.89232594
-0.8952401
-0.88760066
-0.88536364
-0.8914175
-0.8942857
-0.89673924
-0.89117056
-0.8883927
-0.89226896
-0.8938485
-0.8895338
-0.891074
-0.8895534
-0.88333714
-0.89562726
-0.8944701
-0.89931136
-0.89723283
-0.8951458
-0.8936909
-0.8941034
-0.8937305
-0.8941923
-0.89084613
-0.8834995
-0.89599323
-0.895517
-0.9005479
-0.8929542
-0.89326286
-0.8954566
-0.8924095
-0.89326185
-0.8936993
-0.895949
-0.8958523
-0.899943
-0.8975206
-0.89879805
-0.8992837
-0.89653105
-0.9016022
-0.8983088
-0.90172505
-0.90222794
-0.90262765
-0.9016509
-0.90116954
-0.8984582
-0.89480597
-0.8934198
-0.90124786
-0.89827573
-0.898928
-0.90011245
-0.89498454
-0.89536685
-0.8953437
-0.89524454
-0.89277345
-0.8857533
-0.89659667
-0.89743054
-0.8934903
-0.8982325
-0.9024097
-0.89947885
-0.89817214
-0.9006536
-0.9009287
-0.900491
-0.8995013
-0.89908785
-0.90013605
-0.9043506
-0.8980453
-0.9015493
-0.90097994
-0.8993837
-0.8929417
-0.89743656
-0.8994232
-0.8934408
-0.89546084
-0.891619
-0.8923657
-0.89073616
-0.8904311
-0.8948187
-0.8890792
-0.8960886
-0.8927796
-0.89706844
-0.89352363
-0.8941464
-0.8976691
-0.8898327
-0.8936921
-0.89977556
-0.89960927
-0.8975471
-0.8962768
-0.90154535
-0.89973253
-0.902631
-0.897516
-0.8974222
-0.8989707
-0.89749223
-0.89758015
-0.8973008
-0.8994323
-0.90018886
-0.89680105
-0.9030573
-0.89957136
-0.9034833
-0.8990403
-0.9038364
-0.90391445
-0.9009873
-0.9013951
-0.9025207
-0.89562714
-0.8922581
-0.9000954
-0.9036068
-0.9006494
-0.89947915
-0.9009536
-0.902117
-0.89879304
-0.90335536
-0.9049405
-0.8976862
-0.9053405
-0.905639
-0.9056125
-0.903909
-0.9034972
-0.9057372
-0.9092694
-0.90346116
-0.90924275
-0.9071065
-0.90856844
-0.90588164
-0.90770096
-0.9059491
-0.9044052
-0.9035536
-0.90431565
-0.9029171
-0.9034882
-0.9053696
-0.9024573
-0.9027311
-0.90323937
-0.9037749
-0.90374094
-0.90086025
-0.9006836
-0.89623487
-0.9008573
-0.9008471
-0.9011713
-0.90275985
-0.90141374
-0.9018691
-0.89905524
-0.9026115
-0.9043384
-0.90054613
-0.89248884
-0.901493
-0.9011699
-0.89975077
-0.89860976
-0.8961161
-0.88173676
-0.888562
-0.89011264
-0.8938501
-0.89642847
-0.8967839
-0.8948755
-0.8948728
-0.8989676
-0.8983627
-0.8877096
-0.88479555
-0.8983121
-0.8940478
-0.8989226
-0.8936147
-0.8965477
-0.8951953
-0.8933565
-0.8942539
-0.89667857
-0.89580816
-0.8936203
-0.89517474
-0.897142
-0.89559865
-0.89633673
-0.89801043
-0.8935872
-0.8848985
-0.8903225
-0.88862693
-0.8884344
-0.8854305
-0.8880508
-0.88979506
-0.89075637
-0.88907033
-0.89069724
-0.8890568
-0.8883102
-0.889279
-0.89484614
-0.88924915
-0.8896917
-0.8936713
-0.8875156
-0.895085
-0.8989887
-0.89592993
-0.8981802
-0.8995173
-0.9027948
-0.896402
-0.8980307
-0.89444417
-0.8926133
-0.9017356
-0.897659
-0.896176
-0.89739466
-0.89994276
-0.89825565
-0.8937658
-0.8924749
-0.90059483
-0.8979288
-0.89244634
-0.8886489
-0.8926971
-0.89351517
-0.88504654
-0.89363045
-0.89344305
-0.89497936
-0.8912952
-0.8909696
-0.8937319
-0.8924909
-0.897423
-0.8980106
-0.8951001
-0.8971574
-0.8949875
-0.9004479
-0.89761806
-0.8922393
-0.88793486
-0.905529
-0.9037215
-0.9052212
-0.90744305
-0.90418756
-0.90637684
-0.9037175
-0.9081132
-0.90282094
-0.9028545
-0.90201944
-0.9021581
-0.9028849
-0.90357065
-0.9021133
-0.9033712
-0.9050469
-0.904453
-0.9040626
-0.90661514
-0.90822667
-0.9087144
-0.9076772
-0.90713906
-0.90312403
-0.9028193
-0.9077594
-0.9051183
-0.9057344
-0.9048723
-0.9043292
-0.8978861
-0.887463
-0.8885492
-0.8960685
-0.8968818
-0.8971952
-0.8932601
-0.8926925
-0.88333356
-0.88255525
-0.88947207
-0.8918112
-0.88664687
-0.8883966
-0.88730067
-0.8852618
-0.8905703
-0.88978314
-0.88711506
-0.890114
-0.88781327
-0.8838775
-0.88693726
-0.8915989
-0.8853461
-0.88729995
-0.886821
-0.88703716
-0.8867576
-0.88829786
-0.88879514
-0.88710696
-0.8908543
-0.89014375
-0.8867791
-0.89138025
-0.89163166
-0.89392775
-0.8918847
-0.8946043
-0.8945918
-0.8903254
-0.8986775
-0.89642376
-0.89882827
-0.8919722
-0.88957655
-0.8965166
-0.89570194
-0.9001473
-0.89570147
-0.90189844
-0.89642733
-0.8974783
-0.8967125
-0.8968595
-0.899136
-0.89690804
-0.8976181
-0.89408773
-0.89353657
-0.89817363
-0.89573705
-0.8973504
-0.89801705
-0.8959178
-0.8971854
-0.8945443
-0.89354396
-0.89188105
-0.89671296
-0.8988044
-0.8995325
-0.8970736
-0.8962533
-0.90027636
-0.8944401
-0.89696056
-0.9007552
-0.8939985
-0.8956372
-0.89799136
-0.89349455
-0.89582175
-0.89359283
-0.892243
-0.8910406
-0.8936288
-0.897844
-0.89998794
-0.89906275
-0.90196544
-0.90121746
-0.9008724
-0.9091494
-0.9055293
-0.9043243
-0.9054021
-0.91067773
-0.90720737
-0.9100526
-0.9119052
-0.9126434
-0.91130745
-0.91078
-0.90959805
-0.91239744
-0.9082151
-0.9088241
-0.912137
-0.91491413
-0.9108725
-0.900873
-0.89457357
-0.9093441
-0.90722376
-0.90194386
-0.9029578
-0.89184916
-0.89678335
-0.89771986
-0.89756066
-0.8949272
-0.8953662
-0.89703476
-0.8901266
-0.8949772
-0.894477
-0.893191
-0.8954487
-0.8955551
-0.9007086
-0.9009619
-0.90044326
-0.90047175
-0.90016633
-0.90429735
-0.9007878
-0.90328026
-0.9059406
-0.9015189
-0.9066796
-0.9041815
-0.9070323
-0.90856767
-0.90775317
-0.9073322
-0.9088673
-0.9063182
-0.9127217
-0.90795875
-0.9048099
-0.91061527
-0.9088293
-0.90848523
-0.9097263
-0.90987146
-0.9092194
-0.9009042
-0.9075326
-0.90595025
-0.9065236
-0.9086666
-0.9079622
-0.9089395
-0.9092838
-0.91028154
-0.9004103
-0.8992839
-0.90838695
-0.9020544
-0.90753895
-0.90201956
-0.90170467
-0.8992713
-0.8959027
-0.8957317
-0.9004232
-0.89162415
-0.89590377
-0.8952907
-0.8995987
-0.89347464
-0.89141965
-0.89197314
-0.8921207
-0.89642537
-0.89290714
-0.8967794
-0.89503866
-0.8924437
-0.89769024
-0.8995743
-0.9009283
-0.900456
-0.9045633
-0.9001695
-0.9038411
-0.90044904
-0.9044288
-0.9037751
-0.9055761
-0.90417486
-0.902511
-0.9055278
-0.9077433
-0.90261674
-0.9067983
-0.9058395
-0.9064089
-0.9074811
-0.90342396
-0.90387875
-0.9023673
-0.90287477
-0.8931856
-0.8972298
-0.9032309
-0.90544325
-0.90354455
-0.9042084
-0.90211153
-0.9002683
-0.9060393
-0.90283746
-0.9046333
-0.90394706
-0.9059593
-0.9029064
-0.90542823
-0.9061823
-0.90315217
-0.9060341
-0.90731823
-0.9055117
-0.9062411
-0.9068969
-0.90332645
-0.90602636
-0.9046391
-0.9072791
-0.902997
-0.9050512
-0.9057408
-0.90399766
-0.9021339
-0.90622735
-0.9058201
-0.90594697
-0.9040751
-0.9020484
-0.90428525
-0.90379703
-0.90591776
-0.90763324
-0.9057832
-0.90687466
-0.90237683
-0.90693206
-0.91146666
-0.907674
-0.9078729
-0.9035491
-0.9063685
-0.9097915
-0.90890586
-0.90924317
-0.90421295
-0.9105551
-0.9104631
-0.9096761
-0.90333635
-0.90896285
-0.9082552
-0.90041566
-0.8953029
-0.89790463
-0.90181786
-0.89892805
-0.90180933
-0.9024878
-0.8988246
-0.9028064
-0.90655833
-0.90116173
-0.9049113
-0.9018659
-0.9050949
-0.9046444
-0.9010876
-0.9058224
-0.90578204
-0.90523684
-0.9054843
-0.90498906
-0.9073102
-0.9077443
-0.90629894
-0.9075349
-0.90144014
-0.9066327
-0.9032694
-0.9111105
-0.9086497
-0.90757376
-0.9071456
-0.9078968
-0.9015583
-0.9070553
-0.9052601
-0.90397197
-0.90543675
-0.9006298
-0.90307456
-0.9046407
-0.90024626
-0.9024588
-0.9054433
-0.9043103
-0.9040881
-0.9061286
-0.90656
-0.90302646
-0.9081645
-0.90679264
-0.91159916
-0.91209733
-0.9093247
-0.91129553
-0.9105366
-0.9069336
-0.91041607
-0.9092106
-0.9147034
-0.9153236
-0.91122776
-0.9153643
-0.9056518
-0.9099388
-0.912988
-0.91085076
-0.9117654
-0.9088228
-0.91198844
-0.9099091
-0.9082746
-0.9097753
-0.9062931
-0.9065644
-0.91192967
-0.9110716
-0.9115399
-0.9125993
-0.9124761
-0.90677583
-0.9075825
-0.9153899
-0.9072842
-0.9109317
-0.9110619
-0.9086906
-0.90896714
-0.9100674
-0.90537465
-0.9096593
-0.91003776
-0.90674883
-0.90912294
-0.9105024
-0.909086
-0.90648305
-0.9087658
-0.91083163
-0.9116708
-0.91340595
-0.9163827
-0.9168411
-0.9135615
-0.9150846
-0.9145495
-0.9159992
-0.912304
-0.9099336
-0.9090226
-0.9141624
-0.91611487
-0.91202456
-0.90900016
-0.9159855
-0.912139
-0.91503435
-0.91403306
-0.9106781
-0.91259646
-0.9136733
-0.91547716
-0.9134468
-0.91911054
-0.916115
-0.9126223
-0.91828614
-0.9160348
-0.9177266
-0.9159403
-0.9183111
-0.9151727
-0.9150039
-0.91940475
-0.918288
-0.9168709
-0.91448945
-0.91653895
-0.90808415
-0.9161897
-0.9201318
-0.91874295
-0.91983813
-0.92041755
-0.91735876
-0.9151603
-0.9189283
-0.9114602
-0.90406615
-0.91859573
-0.9161586
-0.915443
-0.91618115
-0.9165356
-0.9174047
-0.91505
-0.9153165
-0.91735035
-0.91388863
-0.9156636
-0.91612047
-0.91435677
-0.91509616
-0.9166796
-0.91847193
-0.91694343
-0.9172055
-0.9150759
-0.9121154
-0.9117829
-0.9162504
-0.9095282
-0.9075633
-0.9074561
-0.9059217
-0.9039978
-0.9032136
-0.9026135
-0.9041236
-0.90420806
-0.90729225
-0.9065306
-0.9053061
-0.90100235
-0.90767986
-0.9052713
-0.9017839
-0.9052367
-0.90456045
-0.9098017
-0.90473026
-0.90576845
-0.90819746
-0.9046266
-0.91230035
-0.91033876
-0.91156393
-0.9139015
-0.9150423
-0.9122448
-0.914071
-0.9119894
-0.91076887
-0.9152485
-0.9136268
-0.91086656
-0.9137563
-0.91008013
-0.9110683
-0.91004026
-0.8980192
-0.9110715
-0.9058134
-0.9025229
-0.9059679
-0.9041876
-0.9024247
-0.8947088
-0.8981998
-0.89985335
-0.9034397
-0.90327317
-0.9023407
-0.89714676
-0.8984065
-0.89724946
-0.8974425
-0.8970985
-0.8994853
-0.89597577
-0.8976772
-0.90089357
-0.90331393
-0.8997479
-0.9027414
-0.90567034
-0.9007773
-0.9034355
-0.904157
-0.90483946
-0.9076812
-0.9052392
-0.9094483
-0.90979165
-0.9088853
-0.90550363
-0.9016503
-0.9111238
-0.9082183
-0.90127176
-0.90485436
-0.90914124
-0.9081435
-0.90597105
-0.90876776
-0.9077974
-0.90553105
-0.9026013
-0.9090338
-0.89900696
-0.9064976
-0.90706015
-0.9037092
-0.909063
-0.91079205
-0.907981
-0.9086262
-0.9025661
-0.90580404
-0.9057982
-0.9083436
-0.9069867
-0.9110653
-0.90980375
-0.91079
-0.9083151
-0.9058396
-0.911176
-0.9076827
-0.9082707
-0.9105633
-0.90989745
-0.9009273
-0.90707046
-0.9074141
-0.90674186
-0.911689
-0.9078401
-0.9116907
-0.9089903
-0.9084003
-0.91213334
-0.90592086
-0.9091758
-0.9084436
-0.90459687
-0.9096153
-0.9072144
-0.9111704
-0.91218305
-0.908478
-0.89817387
-0.91194415
-0.9106693
-0.9061658
-0.9083496
-0.9092974
-0.9066475
-0.9067597
-0.9084876
-0.90914
-0.90876794
-0.9080291
-0.9102779
-0.91123843
-0.9140685
-0.9110019
-0.90827876
-0.9072921
-0.9061012
-0.9135883
-0.91155934
-0.90685344
-0.901833
-0.9029829
-0.905587
-0.9030289
-0.90288854
-0.9050099
-0.9061279
-0.9086172
-0.908018
-0.9044353
-0.90813625
-0.9110179
-0.9084811
-0.9099789
-0.91187125
-0.9120004
-0.908833
-0.90200645
-0.91072536
-0.9109634
-0.9146813
-0.9102712
-0.9118144
-0.91223764
-0.9132345
-0.91169643
-0.9133757
-0.9130931
-0.90981805
-0.9123786
-0.9134343
-0.90826315
-0.9104763
-0.9119418
-0.9145467
-0.91388416
-0.9162835
-0.91742676
-0.91631556
-0.91459084
-0.9171394
-0.9177016
-0.91594994
-0.91734356
-0.91757596
-0.91567475
-0.9178394
-0.916534
-0.9166568
-0.917327
-0.91684234
-0.91237044
-0.90994847
-0.9153092
-0.9107297
-0.9147499
-0.91103613
-0.9075249
-0.9077543
-0.90996283
-0.9092444
-0.91102755
-0.9120967
-0.90929294
-0.9087189
-0.8965614
-0.8951428
-0.89972174
-0.90090096
-0.89497286
-0.8971166
-0.89747137
-0.8965318
-0.89436567
-0.8958792
-0.89654887
-0.89400625
-0.88968337
-0.89693576
-0.90047586
-0.8996893
-0.9023817
-0.89364225
-0.89990306
-0.8991935
-0.9031785
-0.89663416
-0.90210557
-0.90196514
-0.8998544
-0.9047606
-0.9043391
-0.9020138
-0.8986709
-0.9067489
-0.90198225
-0.8985018
-0.90268713
-0.90387833
-0.9071319
-0.9086194
-0.90125024
-0.9001735
-0.91033
-0.9070324
-0.9029829
-0.9019258
-0.90115786
-0.8844861
-0.89679855
-0.9007431
-0.89550257
-0.8938009
-0.89880115
-0.89618444
-0.8946594
-0.89587164
-0.90015256
-0.9021215
-0.8992143
-0.89919233
-0.90102625
-0.89887446
-0.8996055
-0.90045613
-0.89982045
-0.90102553
-0.90330416
-0.9022574
-0.90412235
-0.90422505
-0.90107447
-0.9056993
-0.9001808
-0.9056734
-0.9069376
-0.90584564
-0.9081737
-0.90696394
-0.9069765
-0.9084145
-0.9134167
-0.9114403
-0.9056227
-0.907325
-0.9091059
-0.90792364
-0.9034928
-0.9080524
-0.90835917
-0.90865606
-0.9018375
-0.90774006
-0.90399265
-0.9083489
-0.90381485
-0.9044976
-0.89852506
-0.901888
-0.89682347
-0.88737285
-0.88623196
-0.8873931
-0.89326805
-0.89212835
-0.8952747
-0.8966741
-0.8943846
-0.8930186
-0.89277565
-0.8862141
-0.8918007
-0.8900572
-0.8946595
-0.89368767
-0.89266604
-0.89612967
-0.89261746
-0.89149445
-0.88687307
-0.8893935
-0.8931382
-0.88949794
-0.8968596
-0.89657426
-0.89654416
-0.89830184
-0.90167993
-0.8999259
-0.89934605
-0.9043249
-0.90322906
-0.9030612
-0.90270585
-0.9050282
-0.90278065
-0.9023356
-0.9000357
-0.90470886
-0.90465903
-0.90639806
-0.9026846
-0.90918785
-0.90532386
-0.9066617
-0.9084531
-0.90900344
-0.9096224
-0.9110474
-0.90925026
-0.91163665
-0.9095934
-0.91340655
-0.9056842
-0.9122534
-0.90617317
-0.9092597
-0.90982044
-0.9102407
-0.9107804
-0.90866
-0.90835243
-0.9104923
-0.90828264
-0.90806174
-0.9104841
-0.91215754
-0.9100195
-0.9112542
-0.9012996
-0.9118683
-0.90637064
-0.9125178
-0.9035047
-0.89988494
-0.90745884
-0.9065442
-0.9029297
-0.89894766
-0.9000084
-0.89848065
-0.9006576
-0.8959482
-0.89783055
-0.9010331
-0.9043074
-0.90093684
-0.90447104
-0.90430236
-0.90698576
-0.90700287
-0.89830554
-0.9053959
-0.9015448
-0.90471345
-0.90599805
-0.9010904
-0.90469086
-0.90554905
-0.9098344
-0.9035896
-0.90202326
-0.9047899
-0.9024805
-0.90381926
-0.89576787
-0.89763534
-0.8986531
-0.90013635
-0.900462
-0.8987383
-0.8996737
-0.90324444
-0.89952284
-0.8978282
-0.9038038
-0.9043872
-0.8957733
-0.89643496
-0.9038018
-0.902822
-0.90219283
-0.90206575
-0.9015587
-0.9068708
-0.9079237
-0.90253747
-0.9054631
-0.90959346
-0.90545386
-0.90389204
-0.9067428
-0.9053626
-0.9090599
-0.9103944
-0.902637
-0.90706587
-0.9075424
-0.9089167
-0.90721875
-0.912709
-0.9097941
-0.90867627
-0.90856117
-0.90431064
-0.9091088
-0.90943086
-0.90554637
-0.90480125
-0.9045485
-0.9052863
-0.9051556
-0.90549755
-0.9024164
-0.8992566
-0.9054944
-0.90622145
-0.90264946
-0.9048769
-0.90537333
-0.90517914
-0.9078175
-0.90839636
-0.9057287
-0.9088882
-0.9091907
-0.912744
-0.9107983
-0.91002643
-0.9093911
-0.90796596
-0.90930855
-0.9099326
-0.91335976
-0.908324
-0.91227514
-0.91301703
-0.90934587
-0.913241
-0.9151389
-0.9154914
-0.9176795
-0.9116106
-0.9167505
-0.91725457
-0.91876084
-0.9152488
-0.917612
-0.91591805
-0.9083955
-0.90494424
-0.914326
-0.9115064
-0.9122444
-0.9091006
-0.9055983
-0.90326905
-0.90401405
-0.9062187
-0.9051371
-0.9079154
-0.89773005
-0.9000312
-0.9056989
-0.9046848
-0.9050882
-0.9069475
-0.9033035
-0.90630776
-0.90611386
-0.9070039
-0.9063868
-0.90698546
-0.9037047
-0.9048141
-0.9088342
-0.9096011
-0.90414345
-0.9013617
-0.91082454
-0.90991664
-0.90895456
-0.90826166
-0.9049607
-0.9065198
-0.90170467
-0.90327084
-0.904072
-0.90157217
-0.9000878
-0.9047115
-0.8994501
-0.9025095
-0.9061701
-0.9031467
-0.90213215
-0.9062755
-0.90242094
-0.9048046
-0.89978516
-0.9026686
-0.9057459
-0.9056068
-0.9041949
-0.91290736
-0.90423596
-0.9102605
-0.9064068
-0.9097898
-0.90478003
-0.90787387
-0.9084125
-0.9070397
-0.91033983
-0.91380185
-0.9088267
-0.9069817
-0.9070396
-0.9118994
-0.9079629
-0.91122675
-0.90951985
-0.91145396
-0.91462314
-0.9109877
-0.9171383
-0.91485256
-0.9165915
-0.91567284
-0.9143006
-0.9130503
-0.9123058
-0.914008
-0.9115637
-0.91253096
-0.90994847
-0.9102866
-0.9081723
-0.91172737
-0.90933734
-0.9084223
-0.911934
-0.91007924
-0.907543
-0.91018
-0.90383345
-0.90936494
-0.9096831
-0.9100999
-0.90827835
-0.9138934
-0.9096135
-0.91121775
-0.91440296
-0.91548705
-0.90258855
-0.9119384
-0.90949327
-0.91610825
-0.9135691
-0.91288817
-0.9103778
-0.90961975
-0.9118125
-0.9097652
-0.908003
-0.9113314
-0.9080435
-0.913501
-0.91276556
-0.90815765
-0.9085804
-0.9141827
-0.90912527
-0.91039497
-0.90926796
-0.9078975
-0.9102667
-0.911384
-0.90951264
-0.9130305
-0.9106084
-0.91558605
-0.91072863
-0.9142399
-0.91135406
-0.91031903
-0.91330945
-0.91183156
-0.9165183
-0.9128771
-0.913386
-0.91506886
-0.9151408
-0.91517466
-0.91356623
-0.9137974
-0.9126552
-0.91343755
-0.9129273
-0.9159392
-0.9145624
-0.9153197
-0.9088581
-0.901949
-0.9113465
-0.90806985
-0.9094803
-0.9064963
-0.90255344
-0.902804
-0.8997632
-0.90656453
-0.90432614
-0.9031389
-0.90151465
-0.9029127
-0.90475833
-0.8977962
-0.90623957
-0.9044192
-0.9045674
-0.90593034
-0.9051795
-0.90458626
-0.9036054
-0.9073544
-0.9102351
-0.91099674
-0.91087484
-0.9079016
-0.9106038
-0.9095088
-0.9133899
-0.91281486
-0.91269135
-0.9079023
-0.9113288
-0.909705
-0.9151665
-0.9095628
-0.91166747
-0.91065043
-0.9110128
-0.9107986
-0.9022962
-0.91200334
-0.90554523
-0.90517956
-0.9097618
-0.9084434
-0.90674734
-0.91205144
-0.9066563
-0.9075136
-0.9109109
-0.9088795
-0.9132635
-0.90789837
-0.91347957
-0.91246474
-0.91239506
-0.9093529
-0.91311604
-0.9080899
-0.91011757
-0.91252613
-0.91037273
-0.9110421
-0.9122241
-0.90935755
-0.91057646
-0.9156357
-0.90984285
-0.91297686
-0.9064068
-0.9040645
-0.9097818
-0.9045171
-0.906742
-0.90645796
-0.9060199
-0.9074238
-0.9080075
-0.9078913
-0.90838724
-0.90862834
-0.9096412
-0.9110302
-0.9067545
-0.91029644
-0.90900314
-0.9095464
-0.9088097
-0.90147066
-0.90633404
-0.90241987
-0.90476644
-0.90755624
-0.90829915
-0.9082493
-0.90825677
-0.9088008
-0.9103602
-0.91022676
-0.91389555
-0.9124408
-0.9108079
-0.90655303
-0.90720916
-0.90439385
-0.9078831
-0.906754
-0.9039175
-0.90951574
-0.91056776
-0.9091687
-0.9068374
-0.9099248
-0.9098294
-0.9071421
-0.9087307
-0.9127019
-0.9086743
-0.91133136
-0.90873814
-0.9076794
-0.9093633
-0.9132331
-0.9138339
-0.9153219
-0.91706204
-0.90398496
-0.9099344
-0.91270345
-0.91070735
-0.91253704
-0.9068266
-0.9093389
-0.91033196
-0.9075163
-0.91051424
-0.9135024
-0.91236377
-0.9127846
-0.91126776
-0.9127509
-0.91326994
-0.9118859
-0.91374815
-0.91119534
-0.9107619
-0.91009563
-0.9137299
-0.9135418
-0.9151456
-0.9042606
-0.9132838
-0.89887506
-0.9064262
-0.91559386
-0.9127112
-0.91657823
-0.9123362
-0.91786903
-0.9168953
-0.9168132
-0.91354746
-0.9151937
-0.9144682
-0.9083314
-0.9158869
-0.91689914
-0.91846514
-0.91182923
-0.91649044
-0.9169922
-0.9112898
-0.9148816
-0.9148626
-0.9165532
-0.9172681
-0.9141342
-0.91384625
-0.9135387
-0.9201067
-0.9134097
-0.9185331
-0.9162465
-0.9148606
-0.91183263
-0.91670156
-0.9177624
-0.91670984
-0.9187591
-0.9189905
-0.9203008
-0.9214176
-0.90782815
-0.9072503
-0.91890115
-0.91700155
-0.9095746
-0.91098195
-0.9139089
-0.91048187
-0.90568244
-0.9117855
-0.91060174
-0.91137576
-0.9093279
-0.8983798
-0.9046484
-0.9109541
-0.9123509
-0.9065656
-0.9089213
-0.9070109
-0.90281224
-0.9040059
-0.9087917
-0.90390056
-0.90526366
-0.90454495
-0.9059356
-0.904658
-0.9042203
-0.90925837
-0.906524
-0.8994287
-0.90632206
-0.90565246
-0.91140735
-0.90904987
-0.90934813
-0.90975803
-0.90813756
-0.9113914
-0.9120518
-0.9119855
-0.90733576
-0.9126066
-0.9128934
-0.91109776
-0.9126966
-0.91591054
-0.9137123
-0.91332173
-0.91179526
-0.91137344
-0.91200817
-0.9125807
-0.9118026
-0.913917
-0.911899
-0.9136788
-0.91153854
-0.9132647
-0.9150259
-0.90612715
-0.91581064
-0.91425574
-0.91392845
-0.9162572
-0.9150536
-0.9155009
-0.9153293
-0.91491854
-0.91744
-0.91620445
-0.9180166
-0.9201946
-0.91774577
-0.916041
-0.9172913
-0.92039543
-0.91854733
-0.91940475
-0.9191128
-0.9141747
-0.9059608
-0.919237
-0.91866297
-0.91923183
-0.91617215
-0.91303664
-0.90689564
-0.91253054
-0.9141303
-0.9108955
-0.9139582
-0.91074973
-0.9148228
-0.91695786
-0.91500294
-0.91248024
-0.91767126
-0.9136421
-0.9150043
-0.9161309
-0.9170516
-0.9155151
-0.9156894
-0.9155735
-0.9178967
-0.9185498
-0.9175691
-0.9149049
-0.9167892
-0.9160427
-0.91751766
-0.9173485
-0.9185521
-0.9163366
-0.9192469
-0.91980666
-0.9180966
-0.9202151
-0.9215997
-0.9208933
-0.92028975
-0.91995347
-0.9185719
-0.92174566
-0.9228148
-0.91524196
-0.9193626
-0.92234534
-0.9198018
-0.91851246
-0.92111284
-0.9195432
-0.91833717
-0.91627425
-0.9233581
-0.91921806
-0.9195158
-0.912734
-0.915107
-0.91531855
-0.91469675
-0.9158197
-0.9099796
-0.9086184
-0.9088265
-0.91474414
-0.9122997
-0.9159428
-0.9147254
-0.9169042
-0.91210765
-0.91479695
-0.91429853
-0.91616595
-0.9144595
-0.9161069
-0.9110186
-0.90610915
-0.9138646
-0.9173875
-0.920334
-0.92195654
-0.91566944
-0.91349673
-0.91597056
-0.9206678
-0.91459394
-0.91864866
-0.9137091
-0.91610473
-0.91244304
-0.9155677
-0.91391706
-0.9150115
-0.9141503
-0.91557574
-0.90605974
-0.9101999
-0.9137701
-0.91396517
-0.9122645
-0.91298354
-0.9127526
-0.90980726
-0.9131272
-0.91075516
-0.91361916
-0.91305715
-0.9149784
-0.913185
-0.9168299
-0.91448826
-0.91494447
-0.9169084
-0.91218185
-0.9187386
-0.91489005
-0.9168511
-0.91743875
-0.91791874
-0.92005795
-0.9165665
-0.91720426
-0.9107639
-0.9181825
-0.9155109
-0.9186844
-0.9193176
-0.92039627
-0.91596615
-0.9147259
-0.91471285
-0.9139025
-0.9174735
-0.9186378
-0.90942633
-0.9151189
-0.9090335
-0.91591626
-0.91491216
-0.9159039
-0.9164184
-0.9166627
-0.9149668
-0.9153846
-0.91560704
-0.9179742
-0.91510785
-0.9129667
-0.9153085
-0.90765685
-0.9172857
-0.9186826
-0.9173186
-0.91777337
-0.917862
-0.91044515
-0.9140491
-0.91348594
-0.9166676
-0.91562605
-0.9147119
-0.9165735
-0.91484314
-0.9175679
-0.9159897
-0.9114121
-0.914518
-0.9174831
-0.91568637
-0.9165579
-0.9169821
-0.9141413
-0.91737676
-0.92036843
-0.91490114
-0.9195755
-0.919984
-0.9180209
-0.9206732
-0.91415083
-0.9148397
-0.91397196
-0.91443783
-0.9207328
-0.9195163
-0.9192116
-0.91528076
-0.9179921
-0.9190379
-0.9193272
-0.91788495
-0.9226141
-0.9182534
-0.9190106
-0.92038083
-0.92121196
-0.91877675
-0.91737086
-0.91386914
-0.91500264
-0.91853106
-0.9195579
-0.91793543
-0.91756064
-0.9186927
-0.9187141
-0.9181567
-0.92133063
-0.9159208
-0.91418827
-0.9173537
-0.9185182
-0.9185064
-0.91826
-0.9200478
-0.91694015
-0.9141668
-0.9173394
-0.91936433
-0.9160095
-0.9197002
-0.9141331
-0.91852933
-0.914725
-0.9154602
-0.9161281
-0.9173447
-0.9159709
-0.91779304
-0.91815704
-0.91683036
-0.9138302
-0.91564834
-0.91743445
-0.9147798
-0.9130802
-0.9163759
-0.9180075
-0.9157467
-0.91841847
-0.91915977
-0.9175203
-0.9198791
-0.91862744
-0.91676694
-0.9204916
-0.9180499
-0.91787785
-0.91798896
-0.91598755
-0.9182583
-0.91640145
-0.9204449
-0.9144382
-0.9146277
-0.91746444
-0.91491455
-0.91745055
-0.9178718
-0.9177773
-0.9145685
-0.91591096
-0.91622734
-0.91076493
-0.91804
-0.91565883
-0.9167939
-0.91860986
-0.91538954
-0.9148196
-0.9145385
-0.9181049
-0.9160837
-0.9162107
-0.92082924
-0.9181809
-0.92150855
-0.91920215
-0.91918594
-0.9204321
-0.91677195
-0.9171624
-0.91782886
-0.91454256
-0.9139403
-0.9187898
-0.9210011
-0.91522115
-0.92002696
-0.9212029
-0.91759926
-0.91832465
-0.9182636
-0.91656107
-0.9181745
-0.91569334
-0.91758895
-0.916049
-0.91919184
-0.9202001
-0.91912293
-0.9208726
-0.92069685
-0.9201892
-0.92065674
-0.9208122
-0.9238517
-0.92467755
-0.920339
-0.9217695
-0.92018867
-0.92311823
-0.9189751
-0.9205197
-0.9204627
-0.92253363
-0.9220611
-0.9220747
-0.9192346
-0.92147326
-0.925856
-0.9229074
-0.915243
-0.91980344
-0.92403984
-0.92581457
-0.9211085
-0.92200994
-0.917806
-0.921413
-0.9215712
-0.9196363
-0.91580206
-0.91898954
-0.9218192
-0.9186607
-0.9198779
-0.9171221
-0.92026645
-0.9150932
-0.91824406
-0.9213796
-0.9156448
-0.9048687
-0.9191058
-0.9194033
-0.91523826
-0.9180595
-0.91741365
-0.9174492
-0.9143884
-0.91697675
-0.9161426
-0.91543067
-0.91548604
-0.9152999
-0.913778
-0.9172208
-0.9188581
-0.91543967
-0.9199293
-0.91776067
-0.9171443
-0.9201062
-0.9171118
-0.917824
-0.9159334
-0.91576666
-0.9163177
-0.91860646
-0.9191027
-0.9190499
-0.9185314
-0.91787374
-0.9182017
-0.9192413
-0.9175696
-0.9230037
-0.91696537
-0.9238416
-0.9140042
-0.9199642
-0.91613215
-0.9080944
-0.9189094
-0.92017835
-0.91901845
-0.91513723
-0.9173304
-0.91773826
-0.9178523
-0.9156181
-0.91280884
-0.91356575
-0.90958744
-0.9138331
-0.9118303
-0.9123088
-0.91347164
-0.9143321
-0.9131365
-0.9142096
-0.9145708
-0.9154217
-0.92040807
-0.91534925
-0.9180521
-0.9157816
-0.91614985
-0.91991645
-0.9161166
-0.91673046
-0.91760623
-0.9171781
-0.91922593
-0.9202445
-0.9152701
-0.92002857
-0.9190905
-0.9181896
-0.923831
-0.9205436
-0.9227172
-0.9197288
-0.9199568
-0.9209148
-0.91842204
-0.920959
-0.9209486
-0.918573
-0.92189384
-0.9215022
-0.91811967
-0.9205926
-0.9193113
-0.91381174
-0.91472596
-0.91790533
-0.91941386
-0.91906625
-0.919064
-0.91533303
-0.91705596
-0.91885537
-0.9187357
-0.91446257
-0.91176116
-0.9163053
-0.91629547
-0.9148148
-0.90793884
-0.9135792
-0.9172238
-0.9143334
-0.9144588
-0.91049075
-0.9140835
-0.9097955
-0.915841
-0.9138715
-0.91401136
-0.91711384
-0.9101135
-0.91195816
-0.911594
-0.9108838
-0.9110916
-0.9126382
-0.91348803
-0.90964866
-0.91219765
-0.91422683
-0.9121349
-0.9145862
-0.91548777
-0.9162942
-0.9171403
-0.9154449
-0.91636246
-0.91629934
-0.9180722
-0.91844714
-0.91741633
-0.9217908
-0.92169386
-0.91706234
-0.91957974
-0.91754013
-0.91516644
-0.91738003
-0.91992146
-0.91902816
-0.9196868
-0.9242685
-0.91499245
-0.9189778
-0.91820395
-0.9223471
-0.9182212
-0.9216259
-0.9190607
-0.9169682
-0.9168259
-0.9190948
-0.92279226
-0.91743445
-0.91758454
-0.9194993
-0.91416395
-0.91891444
-0.9189409
-0.91826874
-0.9191507
-0.92140174
-0.9219132
-0.9156143
-0.9161705
-0.92163587
-0.91795677
-0.92124015
-0.9144981
-0.9152803
-0.91874
-0.9153683
-0.91524744
-0.9126476
-0.9183071
-0.914376
-0.90534437
-0.91034114
-0.913015
-0.91768026
-0.9111841
-0.9163647
-0.91532433
-0.91472703
-0.9176274
-0.9161407
-0.915144
-0.91741604
-0.9212568
-0.9205867
-0.916147
-0.9174209
-0.91892207
-0.92025673
-0.919768
-0.91622514
-0.91776806
-0.91394126
-0.92141277
-0.92035997
-0.92107844
-0.91971445
-0.9196593
-0.9187415
-0.9142949
-0.9185905
-0.9151583
-0.91544706
-0.9194582
-0.9181717
-0.91741794
-0.9209962
-0.91901064
-0.9199086
-0.91985554
-0.91965073
-0.9191137
-0.9143417
-0.9185812
-0.91899365
-0.9172235
-0.9190955
-0.92135066
-0.9207965
-0.92059726
-0.9198681
-0.9211147
-0.9190268
-0.90665054
-0.9169938
-0.92118067
-0.9245265
-0.9175321
-0.918319
-0.91854596
-0.9179868
-0.91581
-0.9129932
-0.91112775
-0.9148804
-0.9156083
-0.91913784
-0.91491675
-0.9167555
-0.91814506
-0.9117428
-0.90682584
-0.90528464
-0.90342355
-0.9063479
-0.907604
-0.9078042
-0.9081389
-0.90546423
-0.9030557
-0.91057235
-0.9097317
-0.91254985
-0.90898985
-0.91094106
-0.9118479
-0.91093147
-0.9104867
-0.9122584
-0.9133126
-0.9097103
-0.91309434
-0.91454035
-0.91378325
-0.90991557
-0.9121414
-0.9160573
-0.91234624
-0.91147506
-0.91312176
-0.91323644
-0.91459095
-0.9158261
-0.9169122
-0.91322964
-0.92039245
-0.9177303
-0.91686743
-0.91777945
-0.9179907
-0.918595
-0.92121553
-0.91948783
-0.91712815
-0.91686285
-0.9167205
-0.9195154
-0.9148191
-0.9184884
-0.90978485
-0.9170247
-0.91944116
-0.92053366
-0.91742903
-0.91743267
-0.91569686
-0.92013866
-0.91796166
-0.9180294
-0.9157737
-0.9175739
-0.91781527
-0.91734946
-0.91307586
-0.9185295
-0.9194569
-0.9236595
-0.9190701
-0.90372956
-0.9137546
-0.92059195
-0.91767526
-0.92198074
-0.9199598
-0.9210325
-0.91887265
-0.9170746
-0.91734576
-0.9146647
-0.9144899
-0.9206118
-0.9207361
-0.919105
-0.9189881
-0.92021406
-0.91882205
-0.9167511
-0.92197096
-0.91731346
-0.9215026
-0.9167971
-0.9169547
-0.91719294
-0.9159854
-0.9188708
-0.92238396
-0.9198098
-0.91942704
-0.9192839
-0.92053294
-0.9164509
-0.9200064
-0.9228089
-0.92061424
-0.9185556
-0.91334075
-0.919372
-0.91583264
-0.9162919
-0.92046314
-0.9189047
-0.92244136
-0.9214238
-0.92033154
-0.92222327
-0.92019784
-0.9193233
-0.9208487
-0.9204891
-0.92244726
-0.9216825
-0.9176458
-0.91478574
-0.9170844
-0.917567
-0.916653
-0.91717803
-0.91793454
-0.9188339
-0.9138832
-0.91169643
-0.91433793
-0.9148114
-0.91493225
-0.9113924
-0.9139092
-0.9114486
-0.9117509
-0.9144948
-0.91191226
-0.91347855
-0.91421866
-0.91318965
-0.9197225
-0.9167428
-0.91843045
-0.9192873
