0.2167030388902098
0.1633703407903782
0.3189983746054721
0.3719769480875797
0.22943394306929168
0.29385211555015495
0.8108991929768757
0.6538734987080517
0.753921209037649
0.18576692491675087
0.8568782448749631
1.366710732675629
1.5415154045636918
0.5867809199943624
0.38084234661632543
0.4630469508951784
0.26264224555348054
3.5439623475872852
0.678429255988871
0.49233426881317377
0.49811491262469576
0.06045795962388049
1.631934778268737
1.6812766085211317
0.7962971452585829
0.3377772451841413
0.5228993225918978
0.664326159325704
0.5548984982938221
0.5979826746847142
0.5222930114629619
1.7849236379720468
0.8444415125100659
0.22937353522541246
0.8989126865048772
0.395166379611148
0.5926372009870327
0.1720337709100326
0.5602739747539279
0.7383948858558639
0.41950248675696433
0.5133277868295544
0.639148628121749
0.7183449580844943
19.7691584576004
2.50666480923937
0.384491116360659
1.0524467261512747
0.6267628914243575
0.5543991194422988
0.20287731099218212
0.677585942725674
178.77498085545798
136.7808696448879
38.941291738664894
0.7304333484220736
0.12242788941380973
0.7694295512487639
0.10936293110643826
0.359117812289723
267.3565210899715
158.69960742237234
85.11054800998743
27.5515719224997
4.5420900755277644
0.3673375701963232
Mean: 14.492979610608208
