-0.6450129
-0.68967116
-0.7197406
-0.75005955
-0.762906
-0.78096133
-0.7946813
-0.79853314
-0.80194724
-0.8097514
-0.8169869
-0.82435584
-0.82944614
-0.8338229
-0.83999515
-0.8417939
-0.84701526
-0.8501306
-0.8528952
-0.8555815
-0.86023885
-0.8638177
-0.86857516
-0.8689144
-0.87187356
-0.8749254
-0.8772762
-0.8798197
-0.8800238
-0.8841446
-0.8836417
-0.885654
-0.8869464
-0.8913369
-0.88903224
-0.89311016
-0.8946021
-0.89396906
-0.896567
-0.89927584
-0.8966376
-0.8979855
-0.8992775
-0.90271556
-0.9027531
-0.90087587
-0.9046419
-0.9058722
-0.90682626
-0.9086095
-0.90927607
-0.9093037
-0.9098806
-0.91019577
-0.9122248
-0.911718
-0.9136349
-0.9146302
-0.91154146
-0.9148139
-0.9146619
-0.9156168
-0.91603696
-0.9166966
-0.91615194
-0.9198059
-0.91744655
-0.919151
-0.92183846
-0.9212399
-0.9229563
-0.92327857
-0.92260855
-0.921728
-0.922342
-0.92376196
-0.924274
-0.92356265
-0.92480165
-0.92472064
-0.9245113
-0.926111
-0.92631567
-0.92638147
-0.9282875
-0.9285898
-0.92682785
-0.928603
-0.9297551
-0.9283327
-0.9289429
-0.93082273
-0.93076146
-0.93063766
-0.93066454
-0.9312146
-0.9329515
-0.9345716
-0.9311753
-0.93409026
-0.9322744
-0.9343259
-0.9344323
-0.93457437
-0.93579596
-0.9351408
-0.9349642
-0.9352119
-0.93678343
-0.93638885
-0.9373636
-0.93816787
-0.93764937
-0.93684715
-0.9370892
-0.9373928
-0.9381827
-0.93901956
-0.9386028
-0.9388954
-0.9392357
-0.93994135
-0.93948156
-0.94174224
-0.9409998
-0.94207716
-0.9415333
-0.9410795
-0.9419042
-0.94179106
-0.9423626
-0.9428103
-0.9418419
-0.9427626
-0.94253635
-0.9437045
-0.9436162
-0.9438868
-0.94225675
-0.9452356
-0.94431907
-0.94472575
-0.94355494
-0.94438213
-0.94479066
-0.9453587
-0.94621426
-0.94534034
-0.9461247
-0.94744027
-0.94641894
-0.9477341
-0.9482169
-0.9470139
-0.9486353
-0.94939053
-0.9487147
-0.949703
-0.9497024
-0.9493459
-0.9485226
-0.9495355
-0.95057356
-0.9505741
-0.94921494
-0.94990414
-0.95052654
-0.95047843
-0.9497335
-0.95125306
-0.9515898
-0.95108175
-0.9516101
-0.95135
-0.95205927
-0.9521995
-0.9513248
-0.9525926
-0.95284337
-0.9528178
-0.9529762
-0.9530554
-0.9536391
-0.95395476
-0.95297307
-0.954577
-0.95468634
-0.9547734
-0.95527714
-0.95494634
-0.9556399
-0.9546048
-0.9563177
-0.9561488
-0.95624787
-0.9572449
-0.95633096
-0.9563234
-0.9565524
-0.9567166
-0.9560022
-0.95644885
-0.95706016
-0.9569564
-0.95640844
-0.9570432
-0.95867413
-0.957809
-0.9571758
-0.95802426
-0.9572174
-0.95862675
-0.95917267
-0.95956874
-0.9588022
-0.9593314
-0.9591255
-0.95868725
-0.9596419
-0.9600609
-0.9602454
-0.95994323
-0.9600307
-0.95998067
-0.95979667
-0.9604627
-0.9603085
-0.96051294
-0.96047837
-0.9611348
-0.96034974
-0.96151245
-0.9610088
-0.9621352
-0.9606453
-0.96176136
-0.9619679
-0.96219707
-0.96191406
-0.9617538
-0.9617965
-0.9619163
-0.9625061
-0.96248364
-0.9625439
-0.9615889
-0.9625922
-0.96317554
-0.9625882
-0.96342677
-0.9631941
-0.9631424
-0.9633713
-0.96336365
-0.9638593
-0.9633577
-0.9639483
-0.964403
-0.96455497
-0.96446496
-0.96462375
-0.964786
-0.96529377
-0.96440065
-0.96455586
-0.9649183
-0.9650983
-0.9651655
-0.9657367
-0.96473926
-0.9650048
-0.96560496
-0.9648344
-0.9648254
-0.96586525
-0.9652862
-0.96558964
-0.9651566
-0.96602505
-0.96663123
-0.9659484
-0.9662069
-0.9661543
-0.9666262
-0.9655679
-0.9658657
-0.9653053
-0.9670225
-0.96691287
-0.9667657
-0.9668534
-0.96702546
-0.96632814
-0.96658516
-0.96799195
-0.96691746
-0.9679598
-0.96790606
-0.9669493
-0.96734774
-0.9674093
-0.9676405
-0.9681338
-0.968887
-0.96818626
-0.96796
-0.96748674
-0.96754545
-0.96792793
-0.9686095
-0.9684303
-0.96895534
-0.969657
-0.9696838
-0.9691937
-0.96898943
-0.9692539
-0.96948516
-0.9688121
-0.9698053
-0.9699032
-0.9695501
-0.969535
-0.9696342
-0.9695185
-0.96923244
-0.968932
-0.9699289
-0.970165
-0.96942246
-0.9702086
-0.97012234
-0.97037566
-0.9697018
-0.97055554
-0.969978
-0.9709155
-0.970476
-0.9705325
-0.9705835
-0.9712949
-0.97129023
-0.97059566
-0.9715961
-0.9710662
-0.97072196
-0.97117704
-0.97174406
-0.9722994
-0.9716047
-0.9717385
-0.9719202
-0.97220993
-0.97245127
-0.97265744
-0.9715877
-0.97245747
-0.97207284
-0.9723916
-0.9726794
-0.9731722
-0.9729158
-0.9737375
-0.9736642
-0.9731633
-0.9729761
-0.9738387
-0.97433555
-0.97382045
-0.9740755
-0.974083
-0.974206
-0.9746474
-0.97449785
-0.9745607
-0.9738789
-0.97427994
-0.97435373
-0.9741958
-0.97409785
-0.9742891
-0.97433704
-0.9742155
-0.9745801
-0.97415537
-0.97425294
-0.9741488
-0.97581846
-0.97458273
-0.9746734
-0.97472644
-0.9751625
-0.9752716
-0.97527045
-0.97525716
-0.97533214
-0.9756074
-0.9750376
-0.9753925
-0.9757905
-0.9760569
-0.9756651
-0.976345
-0.9758344
-0.9756827
-0.9760868
-0.97615373
-0.97602504
-0.9759935
-0.9762954
-0.97619456
-0.97623754
-0.97597617
-0.9764182
-0.9761851
-0.976531
-0.97619927
-0.9757209
-0.9762075
-0.9767552
-0.9761081
-0.97650063
-0.97667617
-0.9770023
-0.9767386
-0.977314
-0.9770181
-0.9768974
-0.9765334
-0.9767803
-0.97710925
-0.977126
-0.9770538
-0.97747475
-0.97772366
-0.977143
-0.97750133
-0.9774649
-0.9779769
-0.9780213
-0.97754115
-0.97759414
-0.97797585
-0.97788256
-0.977661
-0.97800714
-0.97774196
-0.97768724
-0.97832334
-0.97798395
-0.97836155
-0.977765
-0.97846764
-0.9782414
-0.9785448
-0.97868574
-0.97818816
-0.9789896
-0.9778592
-0.97865623
-0.9787565
-0.97802705
-0.978655
-0.97836477
-0.9783926
-0.97843194
-0.9782241
-0.97884
-0.9788059
-0.9784107
-0.97886413
-0.97879976
-0.97870034
-0.9787522
-0.9783185
-0.97896916
-0.97829425
-0.97911334
-0.9787748
-0.9792061
-0.9792473
-0.97866344
-0.9786619
-0.9787888
-0.97979593
-0.9792793
-0.97942543
-0.979548
-0.9796681
-0.9797476
-0.9793121
-0.98033553
-0.9792683
-0.97968847
-0.97969836
-0.9791121
-0.980326
-0.97941947
-0.9794718
-0.97951937
-0.9796621
-0.97973794
-0.9797779
-0.97977436
-0.9793083
-0.98026913
-0.98017097
-0.97960895
-0.9793971
-0.9794841
-0.9796436
-0.97961265
-0.9793592
-0.97905385
-0.98015606
-0.9798122
-0.98022324
-0.97999203
-0.9797224
-0.979771
-0.9802208
-0.9798448
-0.9796868
-0.98000395
-0.98020685
-0.9800063
-0.97979385
-0.97996014
-0.97961265
-0.97946686
-0.979788
-0.9808233
-0.9800544
-0.98048633
-0.98053706
-0.97955245
-0.97969353
-0.9799959
-0.980322
-0.9804596
-0.980226
-0.9799388
-0.9808146
-0.98104274
-0.98041
-0.9797202
-0.9807696
-0.980181
-0.98029095
-0.98055
-0.98087454
-0.9811578
-0.9807356
-0.9803158
-0.98021525
-0.9803354
-0.9811344
-0.98026395
-0.9802806
-0.98079246
-0.97988755
-0.9804598
-0.980573
-0.9812739
-0.9810746
-0.98026794
-0.9802628
-0.98077255
-0.9809709
-0.9805013
-0.98098004
-0.9809718
-0.98056144
-0.981148
-0.98055446
-0.9806397
-0.9807763
-0.9808845
-0.98067945
-0.98142046
-0.98106974
-0.9810353
-0.98067737
-0.98112667
-0.98110515
-0.98115295
-0.98148394
-0.98072654
-0.98153895
-0.9811899
-0.98162305
-0.9809141
-0.9813221
-0.98071504
-0.9808791
-0.98047423
-0.98087764
-0.981104
-0.9807544
-0.9809245
-0.9808806
-0.9807968
-0.9813931
-0.98080784
-0.9811331
-0.9811197
-0.98114085
-0.9810633
-0.9810747
-0.98120177
-0.98111814
-0.981782
-0.981401
-0.9817922
-0.9811896
-0.98161376
-0.9812683
-0.9811678
-0.98150146
-0.9820878
-0.9810208
-0.9804221
-0.97930104
-0.97988415
-0.97978854
-0.9796063
-0.98005074
-0.9788809
-0.97858727
-0.97967213
-0.97923213
-0.9793411
-0.979131
-0.9791286
-0.9793684
-0.9789583
-0.9796101
-0.979493
-0.9802259
-0.97986585
-0.9793639
-0.9801128
-0.98035836
-0.9800885
-0.98051494
-0.9806984
-0.9806716
-0.9802966
-0.9814014
-0.98110473
-0.9811353
-0.9812691
-0.9808199
-0.9808807
-0.98065835
-0.981631
-0.9812359
-0.98113614
-0.98115337
-0.98167175
-0.98129106
-0.98109674
-0.98145384
-0.98081625
-0.9812509
-0.9815153
-0.9814453
-0.98150325
-0.98192644
-0.9818632
-0.9810766
-0.9817727
-0.98151535
-0.9814198
-0.98141617
-0.9814749
-0.98178905
-0.98115844
-0.9817611
-0.981539
-0.9820091
-0.9814725
-0.98152435
-0.9818856
-0.9815767
-0.9820371
-0.9822657
-0.9827243
-0.9824178
-0.98202497
-0.98208046
-0.9828281
-0.9818998
-0.98224044
-0.9824668
-0.9821509
-0.9821613
-0.98233944
-0.98253626
-0.98206663
-0.98233825
-0.98226804
-0.9823853
-0.9824607
-0.9824496
-0.98168963
-0.98256755
-0.9826956
-0.9830868
-0.98268765
-0.982517
-0.98249954
-0.98253447
-0.9828068
-0.98282737
-0.9827557
-0.9831069
-0.9828271
-0.9833976
-0.9829757
-0.9830799
-0.9829692
-0.9826453
-0.98251134
-0.98275715
-0.9832772
-0.9822531
-0.9825585
-0.9828169
-0.98278874
-0.9828231
-0.98303497
-0.9819589
-0.9829815
-0.9824488
-0.9830013
-0.9829469
-0.98295873
-0.9832208
-0.98305964
-0.98356086
-0.9826385
-0.9834335
-0.98355615
-0.98326993
-0.9833299
-0.9834623
-0.9840207
-0.98393524
-0.9832954
-0.9839767
-0.98333997
-0.98329425
-0.9836847
-0.9836418
-0.98382884
-0.98298156
-0.98370665
-0.9840244
-0.9841279
-0.98345655
-0.98366135
-0.9842525
-0.9843042
-0.9846054
-0.984272
-0.98410827
-0.9842728
-0.98358375
-0.9841144
-0.9844176
-0.9841827
-0.9846153
-0.9843136
-0.98419255
-0.98460823
-0.9844255
-0.98408765
-0.9843537
-0.98433584
-0.9839762
-0.9840145
-0.98442787
-0.9847485
-0.98448503
-0.98465693
-0.98424405
-0.9850013
-0.9844643
-0.98451346
-0.9845049
-0.9847144
-0.9849775
-0.9846671
-0.9845663
-0.9847363
-0.98495203
-0.98510426
-0.9845023
-0.9850584
-0.98449516
-0.98478454
-0.98502636
-0.9850041
-0.98528695
-0.9851309
-0.9849422
-0.98497874
-0.9843895
-0.9854522
-0.98535657
-0.9846325
-0.9843905
-0.985096
-0.9850419
-0.9853023
-0.9850899
-0.984791
-0.9850722
-0.9850329
-0.9854148
-0.9848864
-0.9853125
-0.9856857
-0.9854549
-0.98532087
-0.98501724
-0.98521227
-0.98524034
-0.98494387
-0.9851892
-0.9851661
-0.9851142
-0.98545265
-0.9851559
-0.9854008
-0.98509336
-0.98535734
-0.9852131
-0.9850608
-0.9855946
-0.98525476
-0.98542386
-0.9856392
-0.985378
-0.9859911
-0.9857195
-0.9852743
-0.9855997
-0.98590887
-0.985346
-0.9855538
-0.9856804
-0.98614264
-0.98562646
-0.9858188
-0.98534715
-0.9852307
-0.9858293
-0.9859337
-0.98549926
-0.9852952
-0.98597586
-0.98564345
-0.9853494
-0.9859349
-0.9859746
-0.9855775
-0.98599964
-0.9857593
-0.98631704
-0.9858518
-0.9858801
-0.9862138
-0.98550534
-0.9852656
-0.9858415
-0.9853421
-0.9857061
-0.98527735
-0.98581135
-0.9853114
-0.98573416
-0.9859389
-0.9859871
-0.98633105
-0.98565173
-0.98605573
-0.9858142
-0.9857474
-0.9861448
-0.9856776
-0.98610675
-0.98618126
-0.9862713
-0.98623997
-0.9859236
-0.9861649
-0.98609453
-0.98627806
-0.9870578
-0.9862098
-0.9863613
-0.98573333
-0.9858479
-0.9859142
-0.9857605
-0.9861181
-0.98589593
-0.98641026
-0.98593354
-0.985736
-0.9858084
-0.98645943
-0.9853844
-0.9862056
-0.98578954
-0.9860338
-0.9864212
-0.98636717
-0.98603964
-0.9864627
-0.98616844
-0.9862083
-0.9864867
-0.9860096
-0.9863769
-0.9864632
-0.98623765
-0.98612934
-0.9858923
-0.98610926
-0.9857516
-0.9864496
-0.9865232
-0.9860209
-0.98662364
-0.98679036
-0.9865797
-0.98663783
-0.9862594
-0.9867621
-0.98634976
-0.98648256
-0.9866291
-0.9862768
-0.98661226
-0.98624
-0.9862057
-0.9859225
-0.9864986
-0.98639363
-0.9861877
-0.9862954
-0.9864112
-0.98671246
-0.98650455
-0.9866345
-0.98638237
-0.9866347
-0.98619497
-0.98689646
-0.98695654
-0.98689854
-0.98616713
-0.98673993
-0.9865288
-0.9872818
-0.9865699
-0.98680323
-0.9869277
-0.986724
-0.9872239
-0.98695695
-0.9861779
-0.9864589
-0.9868445
-0.9870359
-0.9863928
-0.9864388
-0.9865738
-0.9863409
-0.98677063
-0.98683757
-0.9866361
-0.986342
-0.986386
-0.9863716
-0.9871068
-0.9871603
-0.9861919
-0.9868379
-0.98593
-0.98657435
-0.9869656
-0.98696464
-0.9871137
-0.9867183
-0.98643464
-0.9860384
-0.9868989
-0.9872492
-0.98735297
-0.98700607
-0.9869648
-0.9871666
-0.98713785
-0.98708683
-0.98704886
-0.98687726
-0.98730916
-0.9871319
-0.98669153
-0.9869816
-0.9867768
-0.98726
-0.98620695
-0.98642236
-0.9871819
-0.98678976
-0.98701435
-0.98630804
-0.98698956
-0.9870715
-0.98655945
-0.98721474
-0.9870835
-0.9868212
-0.9863163
-0.98689896
-0.98691005
-0.9869467
-0.98717594
-0.98608893
-0.98690116
-0.98704386
-0.98679924
-0.9867358
-0.987134
-0.98702216
-0.98666626
-0.98700845
-0.9863339
-0.9870977
-0.98632884
-0.98631984
-0.9860684
-0.9868645
-0.9863112
-0.98670304
-0.9868969
-0.98684275
-0.9868505
-0.9866468
-0.9868284
-0.9870096
-0.9867465
-0.9869848
-0.9866379
-0.9872308
-0.98689514
-0.9872454
-0.98739326
-0.9870542
-0.98678297
-0.9868077
-0.9871568
-0.9870312
-0.9869484
-0.9869184
-0.9877543
-0.98694474
-0.98701525
-0.9874644
-0.98764265
-0.9871382
-0.9861889
-0.98714054
-0.98742205
-0.9876254
-0.9875446
-0.9874317
-0.9874582
-0.98744875
-0.9876276
-0.9873662
-0.98774207
-0.9877518
-0.98697305
-0.98718286
-0.98765945
-0.98744553
-0.98777384
-0.9875513
-0.98710465
-0.9872855
-0.9872753
-0.9872789
-0.9874036
-0.9874772
-0.987596
-0.9869778
-0.9876505
-0.9877289
-0.9874525
-0.98758703
-0.9878923
-0.9874228
-0.98802525
-0.9876383
-0.98752916
-0.98694825
-0.9874212
-0.9874596
-0.9872684
-0.9875526
-0.98731494
-0.98761237
-0.9875782
-0.9870708
-0.9871678
-0.9876028
-0.98770416
-0.98703647
-0.987938
-0.9877393
-0.98718214
-0.98753417
-0.98744935
-0.98735195
-0.98796564
-0.9875365
-0.9880207
-0.98743683
-0.9875859
-0.9879161
-0.98725235
-0.98790956
-0.9877865
-0.987842
-0.987379
-0.9876534
-0.98774165
-0.98771054
-0.9875017
-0.98781335
-0.98747855
-0.98747796
-0.98745745
-0.9876437
-0.9877995
-0.9878297
-0.9880512
-0.98803055
-0.98777807
-0.9878118
-0.98807985
-0.98778474
-0.9880578
-0.98795325
-0.9878545
-0.9875287
-0.98781556
-0.98814166
-0.9879588
-0.9880849
-0.98803324
-0.9879455
-0.9875821
-0.98804927
-0.9871859
-0.9882297
-0.98689514
-0.98759884
-0.9876463
-0.9877424
-0.9878326
-0.98757553
-0.9879827
-0.9882639
-0.9878824
-0.9879861
-0.9878247
-0.98742986
-0.9886287
-0.9880622
-0.9875612
-0.9880275
-0.987906
-0.9877089
-0.98811775
-0.9883925
-0.98764074
-0.9878353
-0.9878698
-0.9881135
-0.98781496
-0.9880841
-0.9879094
-0.9882444
-0.9881229
-0.9883842
-0.9880816
-0.98833954
-0.98825395
-0.98785585
-0.9876744
-0.9873742
-0.98797715
-0.98835045
-0.98803526
-0.98778486
-0.9878845
-0.98790497
-0.9884036
-0.98795694
-0.988052
-0.98827064
-0.98806864
-0.9882329
-0.98810345
-0.9876389
-0.98837125
-0.98787373
-0.98837894
-0.98796636
-0.98850316
-0.9882119
-0.9883571
-0.98828423
-0.988479
-0.9887698
-0.988449
-0.9881617
-0.9882362
-0.9883125
-0.9881997
-0.9879898
-0.98832166
-0.98833597
-0.98771787
-0.98787606
-0.9881387
-0.9879489
-0.98817617
-0.9880132
-0.9876477
-0.9883138
-0.98810756
-0.9880825
-0.98793364
-0.9878378
-0.9881815
-0.98802674
-0.98802996
-0.98779196
-0.98799276
-0.9880025
-0.9877969
-0.9879758
-0.98790765
-0.98866713
-0.987968
-0.9881277
-0.9881886
-0.98855937
-0.98800415
-0.9879024
-0.98782253
-0.98805535
-0.988199
-0.9882656
-0.98823726
-0.9885442
-0.9881316
-0.98818743
-0.9881481
-0.98837215
-0.9883816
-0.98827845
-0.9878914
-0.98837024
-0.98790807
-0.98776066
-0.9883383
-0.98789877
-0.9882769
-0.98886687
-0.9885293
-0.98799235
-0.9884379
-0.9886869
-0.98845553
-0.98781353
-0.98854715
-0.98883015
-0.98828804
-0.98831344
-0.98817694
-0.9885352
-0.98768276
-0.98833513
-0.98807544
-0.98803234
-0.9879333
-0.9881064
-0.987742
-0.9881422
-0.9885483
-0.9878742
-0.9881839
-0.98832744
-0.9884805
-0.98839873
-0.9883691
-0.98790133
-0.9878637
-0.98767304
-0.98863167
-0.9885091
-0.98873806
-0.98832643
-0.9879586
-0.98841155
-0.9879526
-0.9881731
-0.9883834
-0.9884465
-0.9884343
-0.98898023
-0.9887985
-0.98811483
-0.98842
-0.988675
-0.98849547
-0.98893195
-0.9881325
-0.98839563
-0.98849267
-0.9885159
-0.9879561
-0.98862314
-0.9885118
-0.98841846
-0.98833334
-0.98847544
-0.9885317
-0.988862
-0.98868954
-0.9883749
-0.988601
-0.98862636
-0.9884129
-0.9887075
-0.9886659
-0.9886716
-0.988468
-0.98891234
-0.9887882
-0.9884747
-0.9884663
-0.9887385
-0.98790306
-0.9884617
-0.9884044
-0.9883014
-0.9883902
-0.98868674
-0.988548
-0.9884792
-0.9884738
-0.98865193
-0.9887935
-0.98841584
-0.9882005
-0.9886469
-0.988801
-0.98893654
-0.98870355
-0.9886987
-0.98847127
-0.98882705
-0.98902357
-0.98900956
-0.98843235
-0.98826385
-0.98898596
-0.98859954
-0.9889313
-0.9891726
-0.9884108
-0.98853844
-0.98816776
-0.9888992
-0.9887146
-0.9885613
-0.9887601
-0.98910606
-0.9890284
-0.9887833
-0.98886317
-0.9893562
-0.9884278
-0.988723
-0.9889951
-0.9886013
-0.98877174
-0.9884975
-0.98863006
-0.9882201
-0.98821956
-0.988271
-0.98862225
-0.9881466
-0.98838305
-0.98820144
-0.98876756
-0.988586
-0.9887528
-0.9889364
-0.988956
-0.9885954
-0.98875403
-0.9890733
-0.9892684
-0.9891225
-0.98878044
-0.9888748
-0.98889166
-0.98906857
-0.9890884
-0.9886305
-0.9887047
-0.9888537
-0.9887781
-0.98822045
-0.98875517
-0.9880729
-0.9887251
-0.9884484
-0.98867726
-0.98906183
-0.9889634
-0.9883102
-0.9890971
-0.98900163
-0.9889574
-0.9890484
-0.98946726
-0.9887717
-0.98901576
-0.98944294
-0.98893076
-0.98895055
-0.98902977
-0.9890475
-0.9890695
-0.9897544
-0.989527
-0.98913604
-0.9891211
-0.9889639
-0.98904634
-0.9895159
-0.9891377
-0.98945326
-0.9895657
-0.98951936
-0.9889746
-0.9889768
-0.98927426
-0.9891048
-0.98877424
-0.98889846
-0.988919
-0.9889701
-0.9895372
-0.9887762
-0.9890104
-0.9889157
-0.9889848
-0.9894351
-0.98966795
-0.9892062
-0.98929626
-0.9891229
-0.98902124
-0.9894759
-0.98928714
-0.9893755
-0.98971945
-0.989115
-0.9895676
-0.98912627
-0.98905396
-0.9891152
-0.9893553
-0.98941016
-0.9893116
-0.9892567
-0.989123
-0.9896219
-0.9893281
-0.98883957
-0.9891054
-0.98904437
-0.9892472
-0.9890243
-0.98937744
-0.9891155
-0.9893132
-0.98963434
-0.9891946
-0.9891414
-0.9891068
-0.98936856
-0.9896042
-0.98911345
-0.9889485
-0.98912215
-0.98944014
-0.9895042
-0.98914754
-0.98958147
-0.98953956
-0.98961306
-0.9895986
-0.9889542
-0.98955643
-0.98959434
-0.9894074
-0.98922616
-0.98953885
-0.98937804
-0.9896906
-0.98934746
-0.9894946
-0.9894457
-0.98899233
-0.98934674
-0.9895979
-0.98933935
-0.98953986
-0.9893348
-0.9895719
-0.98994726
-0.9894608
-0.98971176
-0.9889758
-0.9895034
-0.9894163
-0.9894321
-0.98946345
-0.9896441
-0.9896218
-0.9894153
-0.98908985
-0.9895381
-0.9901818
-0.98994964
-0.9894342
-0.9894854
-0.98943007
-0.9893848
-0.98921216
-0.9900447
-0.9895705
-0.98954535
-0.98979086
-0.9896486
-0.9889531
-0.98952955
-0.9897775
-0.9890502
-0.9893907
-0.98890156
-0.9898566
-0.98969495
-0.9895269
-0.98929244
-0.9895089
-0.98972976
-0.98938143
-0.98903054
-0.9895892
-0.9894529
-0.9896009
-0.98978275
-0.9895093
-0.9885
-0.9900318
-0.9891021
-0.98965025
-0.98914057
-0.9898061
-0.9891571
-0.98915446
-0.9894258
-0.98916554
-0.9895827
-0.98926383
-0.9894302
-0.9888054
-0.98979974
-0.9897788
-0.98969465
-0.98973006
-0.9899957
-0.98950285
-0.9901415
-0.9900468
-0.9902409
-0.99032956
-0.9896028
-0.98903227
-0.9898634
-0.98943657
-0.9894517
-0.98903376
-0.98945695
-0.98964715
-0.98895776
-0.9894181
-0.9890662
-0.98956853
-0.9897254
-0.98946905
-0.98939556
-0.98983264
-0.9893456
-0.98974264
-0.9891632
-0.9893693
-0.98889214
-0.9896555
-0.98981285
-0.98996663
-0.9895059
-0.9896966
-0.9896472
-0.98996186
-0.9900102
-0.98983955
-0.9899084
-0.9898018
-0.9898449
-0.9903915
-0.9895201
-0.9899295
-0.9899772
-0.989694
-0.9899718
-0.9895823
-0.98985195
-0.98933554
-0.9899109
-0.99004024
-0.990343
-0.9897721
-0.9895542
-0.9897008
-0.98997504
-0.9896841
-0.98983335
-0.9896701
-0.98959005
-0.989779
-0.98940337
-0.98946047
-0.9899642
-0.9897561
-0.98978966
-0.98979455
-0.99003047
-0.98961055
-0.98959196
-0.99028045
-0.98963565
-0.9897885
-0.99013156
-0.989811
-0.9899356
-0.99010175
-0.98999166
-0.99009174
-0.9900444
-0.99010533
-0.99004376
-0.99008596
-0.9902179
-0.990348
-0.9899416
-0.99006605
-0.99006027
-0.990071
-0.9900162
-0.9898136
-0.9898677
-0.9897237
-0.9897438
-0.9897102
-0.98963237
-0.9901402
-0.9903706
-0.98977154
-0.99023557
-0.9900278
-0.9896343
-0.9898221
-0.99055433
-0.99007094
-0.9896617
-0.9899613
-0.99018
-0.99010277
-0.990357
-0.99025464
-0.9900716
-0.99001276
-0.9897993
-0.989478
-0.99015415
-0.98991406
-0.9897849
-0.9902727
-0.989921
-0.9900654
-0.9902671
-0.98978126
-0.9898104
-0.990321
-0.9901797
-0.9901534
-0.98982596
-0.9899177
-0.9900729
-0.9900118
-0.9899102
-0.9902032
-0.9896645
-0.99003875
-0.990035
-0.9897825
-0.98988336
-0.99004704
-0.99007314
-0.9897652
-0.99014145
-0.9900098
-0.9899174
-0.9899649
-0.9906199
-0.99024403
-0.99041265
-0.99009573
-0.9900801
-0.99062836
-0.99014896
-0.9902278
-0.9902116
-0.98984796
-0.9901882
-0.9900301
-0.99050844
-0.9900071
-0.98958164
-0.9904343
-0.990506
-0.99004406
-0.99055797
-0.9902232
-0.9901474
-0.99005514
-0.9902117
-0.9897382
-0.9900069
-0.9902732
-0.9901236
-0.99054873
-0.9901791
-0.9904375
-0.99000144
-0.99068445
-0.9902238
-0.99050605
-0.9902696
-0.99045265
-0.99011505
-0.99027026
-0.9902583
-0.9906312
-0.99070394
-0.9904965
-0.9903073
-0.9903891
-0.99061126
-0.99096406
-0.9908339
-0.99041617
-0.9907674
-0.9906488
-0.9903523
-0.990209
-0.9905179
-0.9902061
-0.99035287
-0.9899012
-0.9905307
-0.9904197
-0.9906323
-0.9900841
-0.9895984
-0.9901681
-0.9894226
-0.9901282
-0.98975277
-0.9899123
-0.98993766
-0.9902082
-0.9896381
-0.9902046
-0.9903895
-0.9900246
-0.9900525
-0.9902506
-0.990104
-0.9900498
-0.99003553
-0.99011225
-0.9904092
-0.9902029
-0.99028194
-0.9903281
-0.99009055
-0.99029183
-0.99054307
-0.99089664
-0.99034566
-0.99031
-0.99052083
-0.99022543
-0.99049866
-0.9903763
-0.9905442
-0.9908975
-0.99060154
-0.9908683
-0.99033916
-0.99077344
-0.99048835
-0.9907445
-0.9907651
-0.9906909
-0.9905682
-0.9907852
-0.9903991
-0.99065214
-0.9910331
-0.99044013
-0.9906339
-0.9904591
-0.9909785
-0.9904263
-0.9908763
-0.99030393
-0.9908816
-0.99106914
-0.99076813
-0.99042124
-0.9900888
-0.99037653
-0.99064755
-0.9907657
-0.9913208
-0.9903966
-0.9907268
-0.9905889
-0.99124515
-0.99070764
-0.99032533
-0.99072945
-0.9908792
-0.9909284
-0.99081117
-0.9906944
-0.99111205
-0.99119705
-0.9909524
-0.99125904
-0.9906639
-0.9910727
-0.99118227
-0.99109495
-0.99147975
-0.9912568
-0.99115044
-0.99128604
-0.99147123
-0.99149865
-0.991212
-0.9914676
-0.9913544
-0.9909728
-0.99084383
-0.99138093
-0.99131197
-0.9906158
-0.99077636
-0.9910935
-0.99079865
-0.99103004
-0.9913799
-0.9911256
-0.99098545
-0.99039036
-0.99047613
-0.99054843
-0.9909891
-0.9905972
-0.9912614
-0.9909361
-0.9912442
-0.9914362
-0.9907282
-0.99078035
-0.9911018
-0.99107236
-0.9905457
-0.9907874
-0.9911504
-0.99091434
-0.99087715
-0.99094075
-0.991254
-0.99080634
-0.99065083
-0.9907116
-0.9910799
-0.9907095
-0.9908181
-0.99111795
-0.9911734
-0.99093163
-0.99061596
-0.9903379
-0.9907672
-0.99048877
-0.99049675
-0.99139374
-0.9905326
-0.9906454
-0.9910632
-0.99082524
-0.99082375
-0.9912669
-0.99103785
-0.9912392
-0.9913082
-0.99135983
-0.9908953
-0.9914471
-0.9914908
-0.9914407
-0.9913206
-0.9918696
-0.9915436
-0.9917809
-0.9916646
-0.99168164
-0.99136686
-0.99121267
-0.9919091
-0.99139184
-0.99131775
-0.99110746
-0.9914873
-0.9912472
-0.991563
-0.9913406
-0.9913015
-0.9913535
-0.9910275
-0.990996
-0.9911114
-0.990877
-0.9911107
-0.99126226
-0.9917189
-0.9913794
-0.990429
-0.99053454
-0.99135566
-0.9908867
-0.9909587
-0.9906072
-0.9907004
-0.99141747
-0.9908882
-0.99062455
-0.99106276
-0.9908927
-0.9910014
-0.9912708
-0.9914848
-0.9910875
-0.99131554
-0.99089795
-0.9912022
-0.9913149
-0.9915278
-0.9914167
-0.99113667
-0.9910582
-0.99127024
-0.99103886
-0.99078435
-0.9915325
-0.990999
-0.99077
-0.99107474
-0.9912537
-0.99149984
-0.9916013
-0.9911597
-0.99135894
-0.9915513
-0.99162954
-0.9915382
-0.9915544
-0.991199
-0.9917176
-0.9913196
-0.99149024
-0.9913972
-0.9909699
-0.99104536
-0.99132127
-0.9917413
-0.9911799
-0.9914046
-0.99194604
-0.9914005
-0.99080586
-0.9915664
-0.99181545
-0.99091005
-0.99147147
-0.9915922
-0.9910115
-0.9911775
-0.99140257
-0.9913715
-0.9916751
-0.9917527
-0.9912171
-0.9909568
-0.99113184
-0.9914185
-0.991474
-0.99136394
-0.990862
-0.9913013
-0.9919535
-0.9903429
-0.99089575
-0.99081075
-0.9908302
-0.9913818
-0.99106157
-0.9912095
-0.9912478
-0.9908408
-0.9914694
-0.9910501
-0.99117976
-0.9913211
-0.9913705
-0.99145633
-0.99158525
-0.99189657
-0.99139696
-0.99147904
-0.99124813
-0.99192446
-0.99184906
-0.99150795
-0.9910497
-0.9912623
-0.9912399
-0.99089843
-0.991467
-0.99116766
-0.99134195
-0.9916936
-0.9910983
-0.9912716
-0.9914674
-0.99094576
-0.99113834
-0.9910417
-0.9915541
-0.9912817
-0.99143404
-0.9915554
-0.9912256
-0.99113375
-0.9916007
-0.99154377
-0.99110186
-0.99074376
-0.99049157
-0.9913754
-0.99126565
-0.99073213
-0.9909764
-0.99108416
-0.990768
-0.99100775
-0.9911904
-0.9909874
-0.99128306
-0.9910021
-0.9910673
-0.9914297
-0.991469
-0.9914872
-0.9914804
-0.99112916
-0.99189353
-0.991011
-0.99134815
-0.9912454
-0.9911996
-0.9917476
-0.9917334
-0.99163175
-0.9919021
-0.9916169
-0.9917819
-0.9914737
-0.99126863
-0.99132115
-0.9913214
-0.9913425
-0.99138
-0.99157035
-0.99117416
-0.9909752
-0.99116313
-0.9914094
-0.9917272
-0.99058837
-0.99091315
-0.991484
-0.9913252
-0.99142677
-0.9912864
-0.991121
-0.99120337
-0.991011
-0.99121547
-0.991576
-0.9916106
-0.9911015
-0.99117166
-0.9912383
-0.99122834
-0.99195224
-0.9917807
-0.99146515
-0.99171454
-0.9917867
-0.9913064
-0.9909981
-0.9914548
-0.99172896
-0.9914299
-0.9916058
-0.9916264
-0.99162185
-0.991499
-0.9916216
-0.9917746
-0.9919665
-0.9913824
-0.9909281
-0.9912453
-0.9907095
-0.99081075
-0.99130905
-0.9911279
-0.9909506
-0.9912975
-0.9914407
-0.99114513
-0.9911853
-0.9911977
-0.99116534
-0.9914487
-0.9913437
-0.9910154
-0.99151313
-0.9917594
-0.99115247
-0.9915635
-0.9915543
-0.9918324
-0.991718
-0.99150634
-0.9916106
-0.99179846
-0.99168116
-0.9915504
-0.99160105
-0.99172574
-0.9914847
-0.99164295
-0.9918364
-0.99247867
-0.99131
-0.99096525
-0.9910838
-0.9917677
-0.991275
-0.9914913
-0.9916166
-0.9916399
-0.99113023
-0.990986
-0.9913798
-0.990733
-0.9908277
-0.99115366
-0.99098235
-0.9909084
-0.9911787
-0.9908179
-0.99114853
-0.99107975
-0.99110085
-0.9912032
-0.9909545
-0.99105096
-0.99124813
-0.99123836
-0.99106055
-0.9913627
-0.99100226
-0.99121135
-0.9914096
-0.9914028
-0.99154246
-0.9914196
-0.99154633
-0.9914363
-0.9913747
-0.99147743
-0.9914896
-0.99120635
-0.9915612
-0.9919364
-0.9918245
-0.9915524
-0.991867
-0.9917517
-0.99132365
-0.99152786
-0.99120003
-0.9916939
-0.99154204
-0.9917411
-0.9913617
-0.9914114
-0.991484
-0.9920834
-0.9914482
-0.99123687
-0.9917602
-0.99198574
-0.9916918
-0.99078757
-0.99170035
-0.9916426
-0.9909008
-0.99140614
-0.99157083
-0.9912488
-0.99145883
-0.99138653
-0.99110425
-0.99100363
-0.9916924
-0.99137473
-0.99156266
-0.9915729
-0.99127537
-0.9916611
-0.99186134
-0.9915971
-0.9915161
-0.99162984
-0.9920073
-0.99144024
-0.9914321
-0.99192524
-0.9918816
-0.99166423
-0.9916879
-0.9915382
-0.99165225
-0.9913725
-0.9911273
-0.9916943
-0.9916934
-0.9914653
-0.99127096
-0.9918277
-0.9915756
-0.9911354
-0.9917197
-0.9916588
-0.9909214
-0.9915618
-0.99195486
-0.99199015
-0.9912519
-0.99179685
-0.99135536
-0.99127316
-0.9918389
-0.991778
-0.9906671
-0.99174285
-0.9909184
-0.99128306
-0.9916008
-0.9916586
-0.99131393
-0.99157655
-0.991456
-0.9917534
-0.99110496
-0.9914283
-0.9918878
-0.9915525
-0.99174535
-0.9916017
-0.9917336
-0.991789
-0.99173206
-0.99152714
-0.99156666
-0.99166733
-0.9917946
-0.991753
-0.99197537
-0.9918668
-0.9917456
-0.99174213
-0.99196446
-0.99170333
-0.9910373
-0.9915682
-0.99202615
-0.99156356
-0.99145514
-0.99171174
-0.9918414
-0.991492
-0.9915124
-0.9918144
-0.9912425
-0.991498
-0.9916758
-0.99173546
-0.9912403
-0.99153596
-0.9911821
-0.9916762
-0.9916422
-0.99166787
-0.99160445
-0.9917866
-0.9917221
-0.9913162
-0.9916374
-0.9915415
-0.9917083
-0.9915376
-0.9915284
-0.99172854
-0.9918338
-0.99197716
-0.991526
-0.99179363
-0.99193573
-0.99177843
-0.9914705
-0.9917515
-0.9919025
-0.9913059
-0.9916349
-0.9921289
-0.9921978
-0.99176246
-0.9916698
-0.99179375
-0.9917307
-0.9914535
-0.99130523
-0.9916531
-0.99187565
-0.9918595
-0.99189013
-0.9910388
-0.99138767
-0.99165434
-0.99142545
-0.99172777
-0.99177945
-0.9918197
-0.9919356
-0.9915278
-0.99138665
-0.99189836
-0.99132365
-0.9916004
-0.99168855
-0.99169487
-0.9916594
-0.99161524
-0.99120784
-0.99178994
-0.9915181
-0.9910734
-0.9914938
-0.9915092
-0.99158573
-0.99160266
-0.9922194
-0.9919351
-0.99125504
-0.99155384
-0.99189156
-0.9913697
-0.9915169
-0.99163145
-0.9908662
-0.9914505
-0.99163437
-0.9912711
-0.9916928
-0.9916378
-0.99106604
-0.99125963
-0.99140084
-0.9915848
-0.99154115
-0.9915471
-0.991229
-0.99133945
-0.9913699
-0.99183184
-0.99152076
-0.99120915
-0.9914176
-0.991054
-0.9911604
-0.9913958
-0.9913572
-0.9913551
-0.9911711
-0.99154395
-0.99136454
-0.9915766
-0.9917035
-0.9917771
-0.99151963
-0.9917445
-0.99205506
-0.9913103
-0.99093676
-0.99173045
-0.9915237
-0.9912868
-0.9914652
-0.99160665
-0.9918664
-0.9915645
-0.9913254
-0.99171156
-0.9914786
-0.9916504
-0.99162936
-0.9918183
-0.9914863
-0.9917535
-0.9918285
-0.99150145
-0.9914354
