24.05902445075518
23.885204907561885
24.861284834122007
25.17573977040325
27.686022118760356
31.32445409933467
39.283314472152256
52.50485089886277
81.26565084328634
23.792443797442832
19.587101878244468
18.72530690877989
20.153378886071685
20.86398208240379
22.770904574224794
25.175360399184054
29.29043746462807
37.045007831104115
57.05414840577043
94.61339914838105
125.2768188583678
154.46983534464937
184.16618495330493
39.64369986033292
28.49229611430033
21.707540775759107
17.039850672060236
14.883027068134863
15.23663977548404
17.54734404325275
20.09182526833434
24.075675855515165
28.74697309327806
34.766393696869294
65.01460039540241
108.74119296634498
142.2093968213718
173.04594544549298
202.83937267553947
232.3898606592306
47.48284907928495
35.89369991383166
28.228580657663606
21.95652541265165
17.12217663177447
14.114319367832945
12.954882356119079
13.877621839880398
17.418041119502078
22.040135717226885
26.87671622147304
33.20240337551859
69.31349871364753
123.08200279339898
162.76429025331248
193.42326006480684
222.83294272768842
251.615140359707
277.39522740813305
54.28666724935984
43.439954235720286
34.86267825338575
28.58051637983412
22.6835064897121
17.61873019374313
14.00123548997708
12.029440099827518
12.309544734519564
14.921185997130896
19.34445831418239
26.126361250114908
33.33101518266521
72.27545719598558
135.5331408126607
184.73862932916091
213.3335588387454
242.37903570952736
269.6628098433534
293.5650970358835
311.9417730144
64.45011549524726
51.502228873545086
41.11956907485852
35.09881519774008
29.30840670538499
23.88186365844081
19.311920523494702
14.630644013855216
11.697074358524317
11.108558210939297
13.126158440876512
18.356411873554553
24.620046412382223
33.08073942573149
75.44982845478751
140.1473668448483
203.01108458021093
237.1520303539402
261.34389102361985
285.6761579023444
308.47590716340073
326.1726315842677
335.1159808267955
61.84529392780072
51.261184318104945
44.04427342901317
37.01354832594501
31.19914603695803
25.779646495024846
20.1952925908617
15.474031362668374
11.224421000851274
9.916306094168862
12.063518025605468
16.71537353068335
22.31265816542378
28.978539182742836
76.29409025677164
144.89469329014042
207.47943740879725
259.6739993677657
283.24768478869595
305.0096979590067
323.83504386444525
340.0236594274562
348.3661720852763
348.79001053812027
73.7998550559256
60.605910541115236
52.15376453921145
45.68920445731033
39.54374071383573
33.151242892414544
27.388987772346155
21.947883067771652
16.359707706876357
11.010561714512145
8.11726863652504
10.407549360005317
14.870267593373075
19.871443579044204
25.938630364775342
70.70636034882055
143.5023325732096
207.14326484659003
267.16272144331697
306.77875706753383
326.3434077803899
342.96076409063414
355.5031205208724
358.4452235262411
353.1867580020028
71.24131562582156
61.010807629305
54.049456617227406
47.895297875607994
41.84914060437317
35.67820970020758
29.4782714946217
23.190636978073012
17.038233124872995
10.682131039586725
6.644154355631851
8.368284379562056
12.838554435583845
16.982288040598526
22.939743022844734
55.200373358477414
131.4880706600945
202.20624692735777
264.434683070567
323.9532695761957
348.39533250724463
362.43592765920806
369.9385344925961
364.47960793822506
356.4304224769372
354.5917842889503
84.49532179498328
70.81835883838748
61.74455630241052
55.75364887232255
49.308522267655
42.90403002289212
36.970863043530954
31.13558677343986
25.123521857740904
17.979533456660864
10.642233390411024
5.73016928522183
6.225305456443705
10.594898249631333
14.814761111957885
19.90299135484169
32.681679313785104
109.69691872766636
187.45140555387107
255.5154802765501
318.24763860974014
368.99478239860883
378.83348263275894
378.5805997714756
366.9016300510499
355.6084459140833
357.1666204993101
83.604429510342
71.83757737225008
63.80137875176406
56.52346532389897
49.82117262532763
43.96429931431763
38.048727720867696
31.62824003199395
24.772979147172954
18.97766411495598
12.619432746370212
6.447193959451442
4.5318734593912575
8.157882266980952
12.988583970027694
17.462424232066006
23.979864881139083
73.32748968034628
158.57699486399846
234.85916350708615
303.5432586949142
363.0118092667418
393.9677314321448
388.01360955639177
365.9503626489749
351.0155383362678
357.93252335226464
83.95446228804482
72.46581006843773
65.22356021822793
58.03551770893451
51.38560316731027
44.90726872494197
38.56181953821191
32.42810093092224
26.343650937309295
19.358513058234088
12.807980376942059
7.434976447732743
3.92689894536366
6.911098401864627
11.607255799309138
16.541651323376218
21.65765174177824
39.44129803339287
122.17230002437495
204.4633311742519
274.1658431717511
337.5969455332836
385.3951581498178
390.4800916350658
361.0422200118411
346.90773656620433
356.27084721307006
84.66953914145337
73.48368650154582
66.36660226233833
59.847511954896966
53.07385070844019
46.17436382383846
39.785997934997916
33.6141730550255
27.734900103384675
21.408176787152076
14.723573642771814
7.423955982139531
1.4933551868281008
5.088658193521326
10.317415078204618
15.8960842268614
21.032871187455065
26.644007735150726
84.23172311718871
165.6876161465786
240.18478727074844
302.57151044194904
353.96539768701734
370.5765554830482
349.9634618581481
341.10262030435547
352.5503145594277
86.1390543772735
74.88012956838631
67.57989701247516
60.77319632590508
54.14002404261901
47.97707744021427
41.75064225377245
35.61779653234322
29.501657776718382
23.246287698930068
16.555076520449386
9.55841860952276
2.7135569163486646
4.254639315212155
10.216887489998056
14.854930879497026
20.767812000706527
26.639787553050414
43.87378994130517
119.85338765028838
195.80276390948563
257.9863092162624
311.11681393048866
340.5226797002895
333.9257218056827
332.24344801518356
346.98511736064114
88.98970281294187
77.61977182623626
69.11943417260959
62.3209002251769
56.12342618947595
49.98905188979832
44.13004861623458
38.29464196575922
31.89738352810357
24.903304970125173
18.089687329668482
11.642097048447177
5.511157494814614
3.9009432648449516
9.327841926577582
15.348191557035095
20.71186332786417
26.737219191113553
35.04096021856871
70.86385847216329
138.5616345955196
205.12631533542893
262.96509188062873
297.9230711182691
312.66997515245544
319.196550357307
339.67660054483036
90.50985084545083
79.95692893629905
70.95836528587803
64.14187215419113
57.827870732916416
51.67612131847145
46.350951608674656
40.570676668977875
34.07123388686796
26.914558028314893
19.99862677156654
13.553595329717837
7.997760797938427
5.552941041170113
8.972914335987616
14.558902822013547
20.262172077409666
26.912246821471168
35.26421096155729
46.1447903281292
85.86436686173656
149.22447093629947
212.18294580079748
253.51451515579404
289.11161186816406
304.32227857659456
330.52193938832943
91.5701281044412
81.1869807411054
72.28498158775348
65.0219011668186
58.47378682807771
52.58338565402555
46.92795583639625
41.34980132416267
34.93737128476447
28.673476821761334
22.146597298299938
15.585262648943253
9.94475079887342
7.125782267362303
9.16870818713787
13.397419642850915
19.460045575263926
26.181137192113347
33.06410815356814
42.43890474141496
59.649349348803106
103.98447636309335
163.01895875745168
210.278233866123
258.3138637789198
288.60788777301696
319.5376111678252
93.44230591028067
82.90494263749991
74.0416913222554
65.6522090012336
59.71028151021005
53.81669021221077
47.87016195173726
41.53892486082122
34.86783925907576
28.936448701792315
23.193542566770326
17.328163614625087
11.839149688976534
8.701985179405298
9.433681424800907
13.867073059679525
19.351572487285388
25.427540263765263
30.93106823361263
37.86409987748753
52.58543707231227
80.74709583368856
122.82797908560828
172.05614322256642
223.7244847212908
267.80490295134746
298.20458412773405
85.05882223616226
75.79716485251005
67.52294646513168
60.961684640920325
55.09769711037438
48.596517055707395
42.13216419208778
35.63629119739298
29.47727558583933
23.80652104200448
18.333645223226615
13.23853764596047
9.017445726038106
9.408163514791589
13.646145044453355
18.67639121050086
23.524777730351058
29.328365296080456
37.271229605893
48.12493145179859
69.68881396503413
102.97220147573343
139.52004039246643
182.91340977476352
230.99486668639406
273.8973679892686
85.95519453777855
78.14400561430604
69.98016042229189
62.330921321513614
55.94507719360933
49.4519938629781
43.04177161777444
36.76908503651668
30.572131771489282
24.691587168995074
19.103862075373243
13.556502556819881
9.445328133635213
9.345436132292559
13.387359043324361
18.599966544085813
23.735089404747146
30.13169919350016
37.81691848468974
46.33212748733431
59.07238111136927
85.69834616394266
116.80829203073007
151.23066199394393
191.9335129285882
79.31585020014228
71.56602609938567
63.4275235070864
56.37170947584462
49.87249543172445
43.46230941352701
37.468839005715864
31.346169137877652
24.814707789310678
18.90265676798798
13.664591263773477
10.441792817668679
10.961433890892204
13.733897303736121
17.810756405449634
23.267692173166985
30.494804768982572
37.79838668071043
45.649991463019184
54.07777411838642
67.36114062341345
94.58343668566982
127.22048367532022
163.02975438419338
80.4567602083277
71.97225870107569
63.93373848046764
56.40432292855843
50.36795730749871
44.444297167858565
38.16521116618791
31.44055192470634
24.862334861842523
18.916370522971004
14.123024646473805
11.785239692422595
12.505226385053968
14.628082136000373
17.67081440931405
22.72003193120101
29.471564352038264
37.7502298055674
45.675232193457944
52.041852340686866
61.309315814455516
76.89659944889615
106.21453582827644
73.99128887183899
65.28362818641126
57.60798636326862
50.96574445956427
44.561214766433835
38.18918719135982
31.70375744791968
25.223907520598008
19.278619756889274
14.700796123470699
12.516990276131256
12.532349613000155
14.74348443106665
18.781475951452762
24.023634633654044
30.186337423825638
36.9351091100091
44.83455165141972
51.691697793091755
60.16520353314919
71.66531385400106
68.11593264062103
59.477778276978746
51.58386636112825
44.65576055044473
38.103372001707136
31.546944517940016
25.940179232617155
20.474320890268938
15.881691804553704
12.924487453457514
12.747540324118974
15.106286144424413
20.42429190245085
26.448445823226567
31.736547137257908
38.37646039795539
45.46317696252258
52.53012103983875
60.78452871701286
62.028588138558845
52.80215905854912
45.0543371110638
38.43037382523068
32.79142840826712
27.134893883764846
21.77129093810821
17.037630361578557
14.007820192348188
13.67367161448598
16.818397527374895
21.823455413659794
27.005391575048353
33.00801989373688
40.57883284384182
47.61157090027313
54.29830473292354
47.186777840400126
40.11474696501697
33.749869281426776
28.14753172844867
22.930846782940964
17.98601676592133
15.42409276523133
16.182402760079672
18.91030936420296
22.68954625686128
27.351841683866308
34.5660144153462
42.27587017960429
35.85712947295591
30.2261318879925
24.846627634618713
21.032483036213208
19.271448244132802
19.65577724786848
21.477357975997542
24.91345172548356
30.21950766597979
