-0.56003803
-0.48898447
-0.6858932
-0.705957
-0.7112511
-0.7385119
-0.7540733
-0.7694329
-0.7789649
-0.7840699
-0.79350805
-0.8001671
-0.81701833
-0.8209909
-0.8283777
-0.83149093
-0.8425214
-0.8497284
-0.85672003
-0.83839697
-0.8080115
-0.84798795
-0.8518179
-0.86320585
-0.8736461
-0.88657296
-0.893551
-0.8884182
-0.8885377
-0.88901496
-0.89195657
-0.9047042
-0.9122548
-0.90902036
-0.9100019
-0.9155071
-0.90489197
-0.8974975
-0.9055882
-0.8895038
-0.87929785
-0.8692363
-0.87862045
-0.8839726
-0.89419675
-0.9022444
-0.90131354
-0.89746153
-0.8965216
-0.89944935
-0.9070825
-0.91089404
-0.90990496
-0.90086144
-0.9111041
-0.91446346
-0.92249435
-0.9214978
-0.92238647
-0.92316186
-0.9253641
-0.93050176
-0.92698675
-0.92685807
-0.9358222
-0.9393151
-0.94070005
-0.9390717
-0.935189
-0.9391407
-0.88297915
-0.8968293
-0.8591308
-0.90333027
-0.90978897
-0.9146516
-0.91770935
-0.9165095
-0.90781415
-0.9055586
-0.8996509
-0.8930261
-0.8893903
-0.89142716
-0.88769567
-0.8911974
-0.89188635
-0.89179677
-0.8840591
-0.8948964
-0.89806974
-0.89402246
-0.8973181
-0.89566004
-0.8965501
-0.89537144
-0.90068537
-0.90479445
-0.9075332
-0.91241693
-0.9138185
-0.9168548
-0.92166686
-0.9242589
-0.9283195
-0.92893773
-0.9338206
-0.93403375
-0.9366459
-0.93946636
-0.94110423
-0.94324
-0.946458
-0.95059323
-0.9543339
-0.95532596
-0.95400625
-0.9545435
-0.958049
-0.9370203
-0.90797126
-0.8831728
-0.85677737
-0.8541721
-0.85738885
-0.860303
-0.87951416
-0.87872845
-0.87827814
-0.89056975
-0.89429975
-0.8896952
-0.8854432
-0.8305735
-0.8855827
-0.87299335
-0.8481966
-0.8359127
-0.8255835
-0.8375849
-0.84630305
-0.871376
-0.8949906
-0.90813154
-0.8987447
-0.8804867
-0.8687942
-0.88977194
-0.9080921
-0.9170614
-0.9071844
-0.91484123
-0.9143506
-0.9182305
-0.914894
-0.9179022
-0.91773814
-0.9181037
-0.917182
-0.919764
-0.9224124
-0.9227123
-0.9299659
-0.93049276
-0.92952836
-0.9325389
-0.934804
-0.9380237
-0.9400398
-0.9394643
-0.93843293
-0.9404039
-0.94154936
-0.94317716
-0.94632995
-0.94403744
-0.94367003
-0.9447073
-0.9460422
-0.95101
-0.94985825
-0.9469849
-0.95038605
-0.9554681
-0.9576985
-0.95538497
-0.95813525
-0.96199965
-0.96194637
-0.96439433
-0.96534
-0.9640936
-0.96658516
-0.96521556
-0.96896714
-0.96789056
-0.97058576
-0.96987605
-0.97288096
-0.9711659
-0.9743061
-0.9745482
-0.97493285
-0.9766921
-0.97757846
-0.9771103
-0.97549444
-0.9775678
-0.9793537
-0.9792446
-0.97962475
-0.9779551
-0.9768377
-0.9765914
-0.97440344
-0.9790891
-0.97891885
-0.9804223
-0.9773131
-0.97232705
-0.9662499
-0.8751248
-0.8948577
-0.7893914
-0.77850944
-0.7470767
-0.73066086
-0.72716725
-0.7235131
-0.7298393
-0.73502356
-0.74585044
-0.7559106
-0.76495343
-0.7692632
-0.7681988
-0.76606655
-0.76363564
-0.7623131
-0.76560783
-0.7694225
-0.7713676
-0.7798745
-0.78272414
-0.7813448
-0.78370583
-0.7829438
-0.7873398
-0.7850618
-0.7878235
-0.7974829
-0.7967746
-0.79386854
-0.790014
-0.79374987
-0.79866683
-0.79947245
-0.8015958
-0.80303955
-0.8049419
-0.80531436
-0.8073894
-0.8098258
-0.8128268
-0.81801176
-0.814694
-0.8191548
-0.8197812
-0.81684005
-0.8216035
-0.8301593
-0.8301416
-0.83174145
-0.8287136
-0.83154494
-0.83014923
-0.8316201
-0.8349709
-0.8356439
-0.83555055
-0.83687407
-0.8363814
-0.83803487
-0.83411455
-0.83553773
-0.8356296
-0.8333086
-0.83844167
-0.8420006
-0.844095
-0.8405856
-0.84193593
-0.84467596
-0.8481435
-0.8482029
-0.8499952
-0.849282
-0.8543956
-0.85252285
-0.856876
-0.85334045
-0.8573915
-0.85610473
-0.8545693
-0.8562014
-0.85627097
-0.860468
-0.8598638
-0.8611093
-0.8629167
-0.86033744
-0.86333174
-0.8655816
-0.86339164
-0.8624099
-0.8679588
-0.86991787
-0.86895293
-0.8650347
-0.868785
-0.8676592
-0.8567224
-0.85380846
-0.85399896
-0.8619703
-0.8600796
-0.8572615
-0.8582729
-0.86178195
-0.8574669
-0.863342
-0.86727947
-0.8677922
-0.8704909
-0.87065977
-0.87710685
-0.8754759
-0.87981164
-0.87133884
-0.8825179
-0.8824026
-0.87590456
-0.87519616
-0.8721506
-0.87119025
-0.8734978
-0.87354696
-0.8798622
-0.87830585
-0.8789619
-0.87827045
-0.8837458
-0.88039523
-0.8798372
-0.8808801
-0.8719296
-0.86571825
-0.8582013
-0.857043
-0.85495645
-0.8542445
-0.8527974
-0.85705674
-0.8557207
-0.8548948
-0.86348337
-0.86382085
-0.8712882
-0.87307584
-0.8729973
-0.87263954
-0.87032574
-0.86124015
-0.8628755
-0.86341435
-0.8599427
-0.8613121
-0.8603629
-0.8577435
-0.861563
-0.860094
-0.8599843
-0.8638361
-0.86257094
-0.8677787
-0.8683496
-0.8692135
-0.87687546
-0.8795203
-0.88167787
-0.8821624
-0.8797582
-0.88036406
-0.8811438
-0.88344455
-0.8775354
-0.8821655
-0.86985946
-0.87011415
-0.8670615
-0.8664018
-0.8691355
-0.8666613
-0.86690277
-0.86831486
-0.8666391
-0.8707886
-0.8714212
-0.87194896
-0.8756677
-0.88087237
-0.88394755
-0.8849722
-0.889661
-0.8889787
-0.88155603
-0.8829571
-0.8872922
-0.8899333
-0.8872112
-0.88544065
-0.886452
-0.88786304
-0.88380426
-0.88329697
-0.8817332
-0.880838
-0.8857087
-0.8865131
-0.89040047
-0.889938
-0.890198
-0.8935107
-0.8961309
-0.888803
-0.8950844
-0.88795066
-0.89038086
-0.89532197
-0.89318305
-0.89636093
-0.89383376
-0.894873
-0.89977
-0.89525604
-0.90023947
-0.8975464
-0.8995923
-0.89611065
-0.89369947
-0.899447
-0.88891476
-0.88948226
-0.894646
-0.8992168
-0.89689845
-0.8954578
-0.8982968
-0.89888185
-0.8988635
-0.9032473
-0.8997295
-0.90260005
-0.90155125
-0.90382624
-0.901101
-0.89923096
-0.90591264
-0.90310234
-0.9033546
-0.9064518
-0.90328735
-0.9042953
-0.904318
-0.9064801
-0.9043776
-0.9069979
-0.90070975
-0.90145206
-0.9057368
-0.9060941
-0.9043524
-0.90620226
-0.9125536
-0.90773857
-0.90485907
-0.9070989
-0.9048122
-0.90664953
-0.9041746
-0.9069947
-0.90321726
-0.9062382
-0.91069704
-0.9052833
-0.895754
-0.87247086
-0.87058526
-0.8589482
-0.85846967
-0.8622817
-0.85774577
-0.85535085
-0.85332805
-0.8496993
-0.84762496
-0.85497636
-0.859589
-0.86361206
-0.8618098
-0.8621733
-0.86832535
-0.8713337
-0.87600386
-0.88359106
-0.88224506
-0.87329435
-0.88230586
-0.88059413
-0.8834428
-0.878517
-0.8818726
-0.8716326
-0.8761943
-0.8761616
-0.8782053
-0.8795428
-0.88315797
-0.87940365
-0.88182056
-0.88293004
-0.8862755
-0.883584
-0.8864821
-0.8869296
-0.8858279
-0.88311815
-0.88071364
-0.8837011
-0.88818324
-0.88723075
-0.8899963
-0.8910736
-0.88964516
-0.88950014
-0.8909955
-0.89187515
-0.89183855
-0.89534295
-0.8987752
-0.89320076
-0.89168096
-0.89819306
-0.8973877
-0.89928055
-0.8978007
-0.89808184
-0.8969741
-0.9050153
-0.89902
-0.90201306
-0.8998144
-0.9066587
-0.9069797
-0.9072
-0.9042357
-0.90775764
-0.9091277
-0.9065693
-0.90720195
-0.90162545
-0.90511733
-0.9025886
-0.90677536
-0.9118454
-0.90696454
-0.9043471
-0.9127058
-0.9109001
-0.9074928
-0.90924966
-0.90480477
-0.9090522
-0.9122644
-0.90924853
-0.9069858
-0.9103825
-0.91100645
-0.9118485
-0.91391253
-0.91071934
-0.9138597
-0.91152257
-0.9100529
-0.91060096
-0.91191673
-0.9115603
-0.91372323
-0.9118594
-0.9181163
-0.91626495
-0.91190475
-0.9158945
-0.9098992
-0.91169757
-0.9136401
-0.9097676
-0.9103002
-0.90989417
-0.9142613
-0.916323
-0.91676164
-0.91553986
-0.9161983
-0.91173244
-0.9131303
-0.9151248
-0.91780955
-0.91171664
-0.9106361
-0.91408604
-0.9134956
-0.9134768
-0.91409236
-0.9157571
-0.9153088
-0.9115558
-0.91180927
-0.91385365
-0.91248477
-0.91234344
-0.9165078
-0.9125788
-0.9145868
-0.9115944
-0.91469485
-0.916663
-0.9119148
-0.91576946
-0.9114928
-0.9174392
-0.9104652
-0.9179808
-0.9124294
-0.91116196
-0.91226816
-0.91342324
-0.9101434
-0.913076
-0.9154253
-0.9180553
-0.914799
-0.91801757
-0.92141944
-0.9168544
-0.9159998
-0.91748106
-0.91535455
-0.9155702
-0.9014329
-0.84540915
-0.8803032
-0.8579603
-0.83217794
-0.8055999
-0.7899597
-0.77025294
-0.7669082
-0.75421685
-0.76253295
-0.7732699
-0.78554773
-0.7948313
-0.8114282
-0.8152046
-0.8196948
-0.82310796
-0.82538027
-0.8309144
-0.8303474
-0.8313797
-0.82668984
-0.82935524
-0.82743156
-0.8221676
-0.82809025
-0.8298712
-0.830619
-0.8310411
-0.8384958
-0.8325305
-0.83633167
-0.8386201
-0.83386207
-0.8405655
-0.8366989
-0.83745724
-0.83855474
-0.8396102
-0.8413708
-0.84146893
-0.8444413
-0.8448491
-0.84292233
-0.8440233
-0.8430006
-0.8463646
-0.8468211
-0.84657156
-0.8499705
-0.8475186
-0.8493098
-0.85000306
-0.8463421
-0.84755564
-0.84990793
-0.8545249
-0.84942126
-0.8529611
-0.8482797
-0.850821
-0.84868014
-0.852905
-0.85045743
-0.8517841
-0.85247535
-0.8527447
-0.8546185
-0.852395
-0.8547333
-0.85922045
-0.85682666
-0.85861117
-0.8589329
-0.8569291
-0.85745835
-0.85829103
-0.8593133
-0.86187714
-0.8614001
-0.8605487
-0.85938
-0.8602069
-0.8646842
-0.8588732
-0.8635383
-0.8617677
-0.86169153
-0.8656805
-0.86437
-0.86611295
-0.86742085
-0.8659765
-0.8673527
-0.8651464
-0.8684881
-0.86746055
-0.86851513
-0.86691743
-0.8711005
-0.8743196
-0.87396586
-0.86778027
-0.8729952
-0.87396145
-0.873846
-0.87381524
-0.87234056
-0.87343395
-0.8696263
-0.8766574
-0.87496555
-0.8776231
-0.8752499
-0.8797375
-0.87808335
-0.87750196
-0.88117045
-0.8794702
-0.87769806
-0.87673956
-0.8760146
-0.8777375
-0.87288505
-0.87359256
-0.8739118
-0.8709536
-0.87713814
-0.87497133
-0.87770945
-0.88030857
-0.8802354
-0.88307935
-0.88356715
-0.8846236
-0.8859552
-0.8833046
-0.88617
-0.887881
-0.88969177
-0.8904952
-0.8926377
-0.89268285
-0.89040285
-0.8915863
-0.89263487
-0.894162
-0.8954448
-0.8954159
-0.9001159
-0.90360343
-0.89971745
-0.90229565
-0.9024051
-0.9051972
-0.8897904
-0.88581264
-0.8670889
-0.85575575
-0.8535253
-0.8530534
-0.85561776
-0.8551602
-0.853407
-0.84731495
-0.8518369
-0.8565134
-0.8625562
-0.8660201
-0.8662686
-0.86946845
-0.86826205
-0.87346524
-0.87752306
-0.8786139
-0.88401675
-0.8834968
-0.8837688
-0.8852673
-0.8836179
-0.8851921
-0.8853886
-0.8866318
-0.8831169
-0.88224435
-0.8786967
-0.87657577
-0.87762344
-0.87711114
-0.8764792
-0.87566155
-0.8788378
-0.8801547
-0.8781295
-0.8820455
-0.88750756
-0.889615
-0.89419144
-0.89546555
-0.8952808
-0.89444566
-0.89700973
-0.89866817
-0.8985012
-0.8975975
-0.90409553
-0.9040624
-0.9067232
-0.9035442
-0.9043333
-0.9090261
-0.9066019
-0.90240705
-0.903039
-0.9098571
-0.91029364
-0.9096727
-0.9056071
-0.9086864
-0.9096686
-0.91501707
-0.90619516
-0.90119684
-0.8864053
-0.8816237
-0.8800115
-0.88226056
-0.87788236
-0.88321954
-0.8825971
-0.887024
-0.8888617
-0.8891896
-0.89285463
-0.891718
-0.89609593
-0.8938678
-0.89139944
-0.8899904
-0.89166415
-0.89196235
-0.89227074
-0.89494705
-0.90133256
-0.8982032
-0.89692044
-0.898717
-0.89564794
-0.89756346
-0.8993988
-0.8963515
-0.8984861
-0.90284246
-0.9049945
-0.90430844
-0.9058806
-0.90541893
-0.9076972
-0.9074229
-0.9044878
-0.9059443
-0.90836966
-0.90873134
-0.9094561
-0.9095315
-0.91266745
-0.913873
-0.9164534
-0.9154893
-0.91239655
-0.9161744
-0.9176846
-0.915943
-0.91691405
-0.9182808
-0.9163162
-0.9195156
-0.9162295
-0.91938174
-0.9196248
-0.9214331
-0.91746783
-0.9217553
-0.92047495
-0.9209448
-0.922286
-0.91950583
-0.92333716
-0.9220452
-0.9185295
-0.9167257
-0.91937137
-0.9162117
-0.9168461
-0.91793555
-0.9157078
-0.920606
-0.9230037
-0.92093307
-0.9192507
-0.9223469
-0.92174274
-0.92004544
-0.9217289
-0.9214443
-0.923332
-0.92317915
-0.9243785
-0.9262624
-0.9233229
-0.9249488
-0.92538065
-0.9227348
-0.9247448
-0.9216345
-0.9249675
-0.92588234
-0.92479634
-0.92505413
-0.9239118
-0.92357594
-0.9226108
-0.92480433
-0.9236971
-0.92522967
-0.9243944
-0.92547786
-0.9265036
-0.92627317
-0.92714304
-0.92775774
-0.92347413
-0.9253825
-0.92742836
-0.92646646
-0.92904705
-0.9271585
-0.9265051
-0.9260418
-0.92968553
-0.9281154
-0.9292677
-0.92862195
-0.9264731
-0.9284811
-0.9088449
-0.80836236
-0.8696201
-0.8254737
-0.78980875
-0.74797785
-0.72688293
-0.7205717
-0.74417055
-0.7638703
-0.7804666
-0.7837545
-0.786128
-0.785127
-0.7868863
-0.78850716
-0.79130834
-0.7954497
-0.8032376
-0.80499935
-0.81694275
-0.81939816
-0.82793045
-0.825124
-0.8281369
-0.8272862
-0.8294463
-0.83019775
-0.83839476
-0.83755964
-0.8363258
-0.8416583
-0.8411036
-0.84158385
-0.8433793
-0.8418581
-0.84142876
-0.85056597
-0.84903044
-0.8459861
-0.84759367
-0.8478962
-0.84948653
-0.8528014
-0.8544309
-0.85530794
-0.85539955
-0.85533196
-0.85907197
-0.85897654
-0.862489
-0.8598918
-0.85998595
-0.85882324
-0.8614989
-0.8628753
-0.85601485
-0.8585553
-0.8630907
-0.8652477
-0.86289865
-0.8659449
-0.857934
-0.8651242
-0.8647712
-0.865198
-0.86465424
-0.86586577
-0.8687259
-0.86989033
-0.8668699
-0.8691645
-0.86668634
-0.8697906
-0.8695884
-0.8691072
-0.86804515
-0.8702659
-0.8725868
-0.8750959
-0.8761116
-0.87560296
-0.8737214
-0.8765282
-0.8740227
-0.8733317
-0.87929463
-0.8796439
-0.87898666
-0.8812857
-0.88094145
-0.8818418
-0.88238424
-0.881745
-0.8783243
-0.8760752
-0.8728097
-0.87883866
-0.88232505
-0.88131493
-0.87623835
-0.87738925
-0.88146
-0.8841767
-0.88452893
-0.8902565
-0.8870113
-0.8854887
-0.8874166
-0.8887148
-0.89156467
-0.8899585
-0.8868699
-0.8908386
-0.89108205
-0.89184505
-0.8908823
-0.89306027
-0.8886478
-0.8897482
-0.88854426
-0.8863148
-0.8858676
-0.8895763
-0.8878107
-0.89027923
-0.8892732
-0.8895632
-0.88979185
-0.8910651
-0.8921176
-0.8950731
-0.8927447
-0.88992184
-0.8896052
-0.89594525
-0.8964922
-0.89208835
-0.89629835
-0.8943911
-0.896019
-0.8942543
-0.8973903
-0.89655274
-0.8962041
-0.8987648
-0.8987271
-0.89512765
-0.89843154
-0.8981215
-0.8985634
-0.90175164
-0.8995076
-0.89942217
-0.8995698
-0.901673
-0.9032871
-0.9007836
-0.904247
-0.9039405
-0.90346026
-0.90615463
-0.9025879
-0.90564364
-0.905751
-0.90334034
-0.9058081
-0.90843934
-0.90907395
-0.9080772
-0.9113235
-0.9147875
-0.91340065
-0.9145952
-0.9182216
-0.9137345
-0.9197232
-0.9207751
-0.91963613
-0.91995347
-0.92152965
-0.91996586
-0.92421556
-0.9241167
-0.92299306
-0.92538595
-0.92267644
-0.9248843
-0.92445135
-0.923057
-0.92117065
-0.91947097
-0.9182405
-0.9236356
-0.92414266
-0.9189508
-0.92151
-0.9257757
-0.9209085
-0.92439127
-0.9252395
-0.92378026
-0.92464733
-0.92610466
-0.9219709
-0.9260853
-0.92736024
-0.9251504
-0.92758197
-0.9243159
-0.9242938
-0.9271514
-0.92372406
-0.90840816
-0.8918012
-0.894302
-0.88675976
-0.8899092
-0.8926641
-0.8880079
-0.8836769
-0.8840129
-0.88272923
-0.8880199
-0.8931033
-0.8994404
-0.90083647
-0.9025847
-0.9080977
-0.90902525
-0.9041602
-0.86312634
-0.8895722
-0.8737576
-0.8849459
-0.8803771
-0.8759362
-0.8748575
-0.86821294
-0.8643256
-0.85812855
-0.85891676
-0.8590974
-0.8623171
-0.86311805
-0.8600782
-0.8604861
-0.8609935
-0.85740477
-0.8559566
-0.8586399
-0.86268735
-0.8627748
-0.86258805
-0.8687323
-0.8678548
-0.8712925
-0.86865246
-0.8690776
-0.8693041
-0.8713394
-0.87359893
-0.8737613
-0.87368196
-0.87544334
-0.87674415
-0.8746624
-0.8699007
-0.8756138
-0.873735
-0.8706663
-0.86811787
-0.86152065
-0.8646573
-0.8678185
-0.8683389
-0.8741751
-0.87745655
-0.880121
-0.8814568
-0.87795633
-0.88192743
-0.88498914
-0.88879836
-0.8928393
-0.8931114
-0.8953094
-0.8943918
-0.8956992
-0.8976552
-0.89935625
-0.89762163
-0.8980809
-0.8958714
-0.899025
-0.9002691
-0.9038501
-0.9016996
-0.9014703
-0.9050676
-0.90862364
-0.90771097
-0.90846175
-0.90972346
-0.91053843
-0.90986556
-0.91184235
-0.91649216
-0.91491514
-0.9141186
-0.9148997
-0.91694146
-0.9054797
-0.9037826
-0.8894414
-0.8862592
-0.87961507
-0.8804772
-0.8809898
-0.8824306
-0.88324505
-0.88738817
-0.88850474
-0.8914923
-0.89434534
-0.894805
-0.8949377
-0.8965011
-0.90043044
-0.89956653
-0.8988089
-0.89771605
-0.897273
-0.89456224
-0.8950122
-0.8989524
-0.900884
-0.90486467
-0.90545017
-0.9089972
-0.91074526
-0.91021454
-0.9073483
-0.9083323
-0.9083673
-0.9113643
-0.9121388
-0.91517293
-0.91340697
-0.9149002
-0.9184229
-0.9154516
-0.914481
-0.9159088
-0.9169225
-0.916182
-0.91595143
-0.919979
-0.91901284
-0.919187
-0.9209313
-0.9183351
-0.92087835
-0.9198512
-0.92355347
-0.9212028
-0.9235305
-0.9239013
-0.9232373
-0.9265258
-0.9254436
-0.9236961
-0.9267129
-0.9286554
-0.92289543
-0.9284183
-0.92754257
-0.9315546
-0.9297134
-0.9319056
-0.93288296
-0.9328339
-0.9324501
-0.9330379
-0.93192685
-0.93077826
-0.9343765
-0.9337659
-0.93395275
-0.93246716
-0.9316802
-0.93448627
-0.93413365
-0.93419045
-0.9339249
-0.93400866
-0.93159175
-0.92999804
-0.93293864
-0.93007445
-0.92830426
-0.934431
-0.92495704
-0.90539926
-0.9017698
-0.89156556
-0.8814438
-0.8756671
-0.87634546
-0.87657106
-0.87882096
-0.87796175
-0.8792157
-0.87987024
-0.8863188
-0.8866831
-0.8879599
-0.88858706
-0.8871782
-0.8941375
-0.8910773
-0.8979158
-0.898717
-0.9021891
-0.9104748
-0.9128777
-0.91514575
-0.91919166
-0.916635
-0.91586703
-0.9173049
-0.91347253
-0.9112769
-0.9066131
-0.911696
-0.91901743
-0.9217674
-0.9232847
-0.91893446
-0.92004186
-0.92258096
-0.9249824
-0.9229904
-0.92633015
-0.9237833
-0.9265736
-0.9289172
-0.9293326
-0.9323004
-0.9276386
-0.93056405
-0.9283935
-0.92931175
-0.9254084
-0.92899066
-0.92558765
-0.92771256
-0.9293927
-0.9284454
-0.92783684
-0.932007
-0.9304502
-0.92916375
-0.9323741
-0.9301342
-0.9292852
-0.93244433
-0.9303079
-0.93190587
-0.93565476
-0.93145275
-0.9325197
-0.935635
-0.93271387
-0.932947
-0.9333517
-0.930212
-0.93191874
-0.93084097
-0.9342396
-0.93247885
-0.93253565
-0.9362772
-0.933362
-0.933097
-0.93312484
-0.93562454
-0.9347953
-0.93482554
-0.935127
-0.9328802
-0.9321318
-0.9325219
-0.93717784
-0.93315095
-0.9355882
-0.9358029
-0.9348546
-0.93686193
-0.93222517
-0.9372012
-0.9356676
-0.93281466
-0.93528104
-0.934028
-0.93384314
-0.9321437
-0.9371277
-0.9354597
-0.93246436
-0.9367508
-0.9345801
-0.93914557
-0.9373584
-0.93875086
-0.93655306
-0.9360586
-0.93679214
-0.937544
-0.93595785
-0.939549
-0.9398758
-0.9369749
-0.93738335
-0.93815595
-0.93475294
-0.9075461
-0.9189019
-0.9062518
-0.89822793
-0.8940203
-0.8903784
-0.89138037
-0.8911961
-0.89441776
-0.8923952
-0.88830256
-0.88692844
-0.8888063
-0.89680976
-0.9024264
-0.90375096
-0.9012633
-0.90285414
-0.9052469
-0.90337825
-0.9056229
-0.90496564
-0.89997697
-0.887862
-0.87002337
-0.87574816
-0.88016415
-0.8840879
-0.88849795
-0.89938104
-0.90023977
-0.8959203
-0.8906272
-0.88572663
-0.8880574
-0.8866178
-0.90614164
-0.90421253
-0.8940527
-0.88726723
-0.8846603
-0.8854283
-0.8873195
-0.8932417
-0.901311
-0.9086951
-0.90535605
-0.8983761
-0.89143854
-0.9090419
-0.90490323
-0.89675456
-0.891861
-0.8923098
-0.8935144
-0.89699185
-0.9016453
-0.90483123
-0.9045987
-0.90221363
-0.89955384
-0.90164566
-0.9062633
-0.9070632
-0.9140054
-0.9147682
-0.91902876
-0.9169359
-0.9185012
-0.92028844
-0.91915303
-0.92235845
-0.9209854
-0.91978323
-0.9204556
-0.9205281
-0.92413646
-0.92266685
-0.9235483
-0.9249274
-0.9264951
-0.9259985
-0.9258526
-0.9284723
-0.921888
-0.9254991
-0.9258474
-0.92323846
-0.915843
-0.91187334
-0.9133006
-0.91607594
-0.91984886
-0.922584
-0.92145485
-0.9190673
-0.9193145
-0.9225741
-0.92471564
-0.9267157
-0.9267625
-0.92616427
-0.9253974
-0.92851996
-0.92891747
-0.92887425
-0.9288294
-0.93057585
-0.9254946
-0.9249785
-0.92643195
-0.93049264
-0.9272267
-0.9282373
-0.929362
-0.93144274
-0.9300401
-0.92853564
-0.9311059
-0.93057805
-0.92850333
-0.9312496
-0.93342215
-0.93343866
-0.93415904
-0.935381
-0.9368517
-0.93648535
-0.9376299
-0.9358829
-0.93725795
-0.93675995
-0.93881273
-0.9362079
-0.9377038
-0.9390493
-0.93796456
-0.9382763
-0.93634653
-0.9381764
-0.93857837
-0.9404362
-0.93887275
-0.94000906
-0.9416667
-0.9391775
-0.9400443
-0.94123644
-0.94056624
-0.9387377
-0.93885577
-0.93731946
-0.9397829
-0.9351308
-0.93790084
-0.934644
-0.93383074
-0.9366558
-0.93632716
-0.9363661
-0.9336157
-0.93545455
-0.9319543
-0.9378244
-0.93355346
-0.9339223
-0.93041223
-0.9308441
-0.93279624
-0.9303868
-0.9322762
-0.9332276
-0.93482506
-0.9379459
-0.936511
-0.93817794
-0.9364362
-0.9389637
-0.9369509
-0.9318948
-0.9339693
-0.93491644
-0.9358282
-0.9351191
-0.9355972
-0.9377435
-0.9357795
-0.9359976
-0.939473
-0.93771064
-0.93950737
-0.93785405
-0.93965364
-0.9390917
-0.94050527
-0.942519
-0.938927
-0.93861127
-0.9365146
-0.94105554
-0.9429774
-0.93935156
-0.9403166
-0.94013184
-0.94084156
-0.943733
-0.94198895
-0.9408815
-0.94364494
-0.9421251
-0.94160604
-0.9411024
-0.9381093
-0.93928367
-0.93754
-0.9430582
-0.9351279
-0.9373582
-0.93732023
-0.93582225
-0.93399304
-0.9418767
-0.9362444
-0.93772995
-0.9303522
-0.93267393
-0.92742693
-0.92866975
-0.9292408
-0.9284802
-0.92562336
-0.92843163
-0.92913854
-0.93081224
-0.93556875
-0.92281204
-0.93089396
-0.9248116
-0.92518
-0.9246499
-0.9292361
-0.9324738
-0.9317984
-0.92802614
-0.9115647
-0.8985864
-0.88648355
-0.8836193
-0.88744444
-0.8936441
-0.8975775
-0.8991715
-0.89909244
-0.8959216
-0.8984275
-0.89185387
-0.8895285
-0.8704426
-0.880119
-0.8861086
-0.88794005
-0.8766597
-0.87727886
-0.8879617
-0.8934045
-0.8953887
-0.89408344
-0.8932846
-0.8875318
-0.89055187
-0.89320123
-0.8924264
-0.8885583
-0.89301467
-0.89601445
-0.89620495
-0.8988474
-0.901398
-0.90177286
-0.90155643
-0.90171427
-0.9040836
-0.9057104
-0.9036024
-0.90265405
-0.9065529
-0.9055112
-0.9067919
-0.9092336
-0.9090128
-0.9115211
-0.90795225
-0.9115817
-0.91192126
-0.911979
-0.9145247
-0.9148722
-0.9151271
-0.91769254
-0.9153758
-0.9156613
-0.91871244
-0.91818464
-0.9198391
-0.9206477
-0.92111206
-0.9205301
-0.9210646
-0.92525584
-0.9243451
-0.92612314
-0.92809796
-0.92827743
-0.9299316
-0.928214
-0.9291283
-0.9299601
-0.93106055
-0.93068236
-0.92969435
-0.932392
-0.9326407
-0.93148005
-0.93128455
-0.9324764
-0.9313893
-0.93294775
-0.9335161
-0.9335812
-0.93221104
-0.936071
-0.9352186
-0.9305257
-0.9325847
-0.9342724
-0.9331167
-0.93268156
-0.93414533
-0.9368936
-0.93217343
-0.9333447
-0.9387113
-0.9364838
-0.9373845
-0.9368658
-0.938747
-0.9403227
-0.93884635
-0.9379646
-0.94157946
-0.94109386
-0.9408982
-0.9373987
-0.9422423
-0.94059515
-0.94172055
-0.93922937
-0.941379
-0.9412077
-0.9399374
-0.9387975
-0.94129574
-0.94219327
-0.9409906
-0.94292307
-0.94116366
-0.9427936
-0.94032735
-0.9415189
-0.9431431
-0.94433826
-0.9426427
-0.94163704
-0.9391373
-0.94279826
-0.93758106
-0.94318956
-0.93885607
-0.935334
-0.9441683
-0.9336252
-0.93577373
-0.9230125
-0.92009985
-0.922655
-0.9215543
-0.9211577
-0.91902983
-0.92119074
-0.9221081
-0.9189926
-0.9214075
-0.9283841
-0.9279519
-0.9288818
-0.93292975
-0.9339272
-0.9329426
-0.93383247
-0.92974395
-0.929612
-0.9306539
-0.9300843
-0.9350281
-0.931803
-0.9308375
-0.92942774
-0.933902
-0.93150914
-0.93344027
-0.93421394
-0.93870044
-0.93525684
-0.93401873
-0.9369682
-0.9357946
-0.93875295
-0.9368732
-0.9371075
-0.93745965
-0.93860495
-0.9395056
-0.9375753
-0.9388935
-0.9381581
-0.9394962
-0.94094914
-0.94005805
-0.93966603
-0.94000864
-0.92690605
-0.8864847
-0.87665963
-0.864461
-0.8637632
-0.86736435
-0.8694648
-0.8645747
-0.8644609
-0.86381245
-0.8624601
-0.8570084
-0.85406387
-0.8582375
-0.8570591
-0.8595124
-0.85770553
-0.86327475
-0.87201214
-0.87521034
-0.8754076
-0.8751054
-0.8687324
-0.872148
-0.87551135
-0.88080966
-0.8893979
-0.89433384
-0.8977257
-0.90145785
-0.9026876
-0.90443027
-0.9064906
-0.90461886
-0.9090953
-0.91256475
-0.9226687
-0.8947703
-0.91205317
-0.8929107
-0.8753613
-0.8747836
-0.8822246
-0.88325673
-0.88180536
-0.8802019
-0.8799048
-0.88050663
-0.88497376
-0.8914233
-0.89477247
-0.90011096
-0.8977415
-0.89774096
-0.8948501
-0.8830103
-0.8926812
-0.891453
-0.8882747
-0.88873756
-0.8873277
-0.88998914
-0.8921215
-0.8931922
-0.89340705
-0.8985474
-0.9031488
-0.9026895
-0.9042351
-0.9064513
-0.90586895
-0.90947586
-0.90934736
-0.9132055
-0.913334
-0.9123655
-0.9121956
-0.9159359
-0.91680497
-0.9208869
-0.92029065
-0.9225862
-0.9226717
-0.92468816
-0.91551447
-0.92785066
-0.9249353
-0.9267832
-0.9259776
-0.9299307
-0.9280677
-0.9271297
-0.9281546
-0.92850137
-0.9303677
-0.9301946
-0.9286382
-0.93179655
-0.931008
-0.93225163
-0.9343603
-0.93521833
-0.93356866
-0.9332882
-0.9360198
-0.93484676
-0.93610036
-0.9347991
-0.9365822
-0.9364774
-0.9362434
-0.93668664
-0.93726176
-0.93552655
-0.93903285
-0.9381817
-0.93836147
-0.9395864
-0.94131047
-0.9394113
-0.9400718
-0.938758
-0.9402817
-0.9394553
-0.9399915
-0.94229144
-0.94030344
-0.9393726
-0.9399762
-0.93908787
-0.9408985
-0.94099915
-0.94143057
-0.94169956
-0.94214535
-0.94243693
-0.9404923
-0.93981004
-0.9421838
-0.93859273
-0.942486
-0.9427788
-0.9394498
-0.9415496
-0.94037396
-0.94143337
-0.9425993
-0.9440842
-0.9411389
-0.9448738
-0.94225204
-0.94461244
-0.9438642
-0.94445044
-0.9447789
-0.94541186
-0.9434845
-0.94364464
-0.9456688
-0.94043946
-0.9444277
-0.9439203
-0.94057196
-0.94299805
-0.94694626
-0.94176906
-0.94384646
-0.9456943
-0.9433541
-0.9433843
-0.94434553
-0.94358087
-0.94505805
-0.94317365
-0.93947953
-0.94205254
-0.9402474
-0.9400708
-0.93285215
-0.9386129
-0.9408959
-0.9388132
-0.9438702
-0.94256645
-0.9421102
-0.9421692
-0.94265574
-0.9423899
-0.9423509
-0.94359875
-0.94294214
-0.94121253
-0.94294304
-0.9434551
-0.94374627
-0.94478583
-0.945559
-0.9420868
-0.94759953
-0.9430619
-0.94344974
-0.94374967
-0.9393447
-0.9372942
-0.9342151
-0.93503654
-0.93371654
-0.93402284
-0.9343185
-0.93971395
-0.9363586
-0.94054925
-0.9410693
-0.93723565
-0.9402129
-0.9408616
-0.94393
-0.94200325
-0.94315463
-0.9430357
-0.94453114
-0.9425802
-0.9404772
-0.9423808
-0.9437854
-0.9448645
-0.9460171
-0.94331264
-0.94292843
-0.94453305
-0.94638395
-0.944594
-0.944966
-0.94264716
-0.94377756
-0.94565105
-0.94414145
-0.9449305
-0.94385654
-0.9440497
-0.94977254
-0.94731015
-0.9448249
-0.9478975
-0.9470886
-0.94419664
-0.9462958
-0.9440378
-0.9437003
-0.94590366
-0.94520545
-0.9468508
-0.94499254
-0.9453616
-0.9476822
-0.94706684
-0.94705844
-0.9462302
-0.944657
-0.9456658
-0.9454997
-0.9435122
-0.94450355
-0.9454365
-0.9453496
-0.94545865
-0.9426049
-0.94561595
-0.9451198
-0.9431972
-0.9462104
-0.9423433
-0.94629836
-0.94677263
-0.94351256
-0.94565296
-0.93718255
-0.9379314
-0.940471
-0.93662727
-0.9463875
-0.93268025
-0.9386174
-0.9371418
-0.93854374
-0.93308306
-0.9335245
-0.93455905
-0.94067997
-0.9332588
-0.94240797
-0.9420814
-0.9415179
-0.94238806
-0.94301313
-0.9406571
-0.9428886
-0.94149834
-0.941437
-0.9422604
-0.9438646
-0.940986
-0.94302577
-0.9465792
-0.94563025
-0.94435173
-0.94501364
-0.9443246
-0.9462468
-0.9472587
-0.9433934
-0.9441469
-0.9455087
-0.9441638
-0.9489598
-0.9443804
-0.942434
-0.9445877
-0.9451346
-0.946115
-0.94781387
-0.94582075
-0.9470255
-0.9448624
-0.94482285
-0.94456583
-0.9475789
-0.9424008
-0.94692874
-0.94714963
-0.94712746
-0.94184005
-0.94320816
-0.9455369
-0.9438543
-0.94732714
-0.94651574
-0.94390637
-0.9431537
-0.9380465
-0.9427392
-0.9424843
-0.9395139
-0.94318235
-0.93755895
-0.9409043
-0.9442232
-0.94357467
-0.938079
-0.9421639
-0.93854177
-0.9391046
-0.9364108
-0.92725766
-0.93090206
-0.93949497
-0.93343925
-0.9230838
-0.91532034
-0.8964914
-0.8603117
-0.8774806
-0.86786175
-0.85568696
-0.8452538
-0.8410586
-0.8288139
-0.83324057
-0.8358842
-0.8423273
-0.8507482
-0.86089134
-0.8584197
-0.8616919
-0.85884947
-0.8545453
-0.8546814
-0.85455084
-0.8609492
-0.8703882
-0.8756652
-0.8767373
-0.87604994
-0.87741464
-0.88309854
-0.8870584
-0.8922735
-0.89543396
-0.8971135
-0.9029219
-0.9068139
-0.9104109
-0.90943396
-0.90874135
-0.91180784
-0.91048104
-0.9131161
-0.91352266
-0.91311604
-0.9149927
-0.91299826
-0.9163462
-0.91520643
-0.9156778
-0.91924334
-0.9194179
-0.9196554
-0.9212486
-0.924731
-0.92428565
-0.9240341
-0.9271348
-0.92570513
-0.9264308
-0.92710644
-0.93006945
-0.92948276
-0.9307
-0.9316423
-0.9323958
-0.9319147
-0.9317931
-0.93191004
-0.93132067
-0.9289482
-0.9222487
-0.92166877
-0.92133516
-0.9239541
-0.9264067
-0.92950857
-0.92961824
-0.9261809
-0.92777616
-0.92619836
-0.92808366
-0.92640626
-0.9298292
-0.931139
-0.9320032
-0.93382007
-0.9338581
-0.93467665
-0.93662435
-0.9360734
-0.93202066
-0.93674386
-0.9357417
-0.9340235
-0.9392247
-0.937229
-0.93545467
-0.93582815
-0.9399174
-0.93961155
-0.94005483
-0.9405427
-0.94101584
-0.9400953
-0.9411156
-0.94441265
-0.9416036
-0.94141376
-0.9421264
-0.94288397
-0.9428984
-0.94476205
-0.9442149
-0.94522375
-0.94479406
-0.9440573
-0.9471142
-0.9449093
-0.94590735
-0.94525075
-0.9448527
-0.9449485
-0.946715
-0.9485765
-0.9465871
-0.9487768
-0.9477694
-0.94581676
-0.94605887
-0.9472597
-0.9458904
-0.94681215
-0.94525087
-0.9473212
-0.9475933
-0.94650996
-0.94914836
-0.9466766
-0.9442324
-0.94638795
-0.9448203
-0.946927
-0.945448
-0.945851
-0.9464152
-0.9459318
-0.9448655
-0.9466533
-0.94909114
-0.9453341
-0.9470514
-0.945136
-0.9448869
-0.94834715
-0.9420834
-0.9444735
-0.9435301
-0.944432
-0.9457936
-0.9414438
-0.9396713
-0.94617933
-0.94897395
-0.9459437
-0.94629407
-0.9468127
-0.9449167
-0.9461937
-0.94221056
-0.94174963
-0.94878286
-0.9437255
-0.9476923
-0.9468493
-0.9484911
-0.9459458
-0.94474864
-0.946214
-0.9425199
-0.945304
-0.9454628
-0.94606507
-0.9452037
-0.9460564
-0.94803566
-0.9441956
-0.9473901
-0.94812006
-0.9466071
-0.9475094
-0.94379514
-0.94868743
-0.9317424
-0.9473093
-0.9415591
-0.9439116
-0.9415586
-0.9455588
-0.94621885
-0.94434625
-0.9454362
-0.9274356
-0.83688074
-0.89984345
-0.8601696
-0.8403115
-0.8233289
-0.8025995
-0.78954846
-0.7760785
-0.77566105
-0.78430444
-0.78844714
-0.79622746
-0.7995326
-0.81161165
-0.82207316
-0.8236409
-0.8292897
-0.83701646
-0.8427385
-0.8455088
-0.84824246
-0.8507615
-0.85684836
-0.85344976
-0.8597548
-0.8586487
-0.85764766
-0.8622588
-0.86133575
-0.8646262
-0.8686967
-0.8768941
-0.88166726
-0.8854659
-0.8870011
-0.8922386
-0.8950692
-0.8989514
-0.89909965
-0.8990495
-0.8979517
-0.90027165
-0.90148073
-0.9029275
-0.9012311
-0.8901705
-0.8981635
-0.89195955
-0.887753
-0.89194983
-0.89396787
-0.89752537
-0.89876336
-0.89859384
-0.8986854
-0.8976298
-0.8998819
-0.9003087
-0.90587777
-0.9075226
-0.9109091
-0.9100958
-0.9102352
-0.91402847
-0.9161742
-0.9174766
-0.9163772
-0.9190362
-0.9209895
-0.9212914
-0.92121404
-0.9223945
-0.9185908
-0.92386585
-0.9274619
-0.92703015
-0.9188816
-0.91981554
-0.9190352
-0.91656613
-0.9210475
-0.90170264
-0.9161464
-0.9065244
-0.89680207
-0.89491254
-0.8914661
-0.8872804
-0.88563675
-0.8838141
-0.8810433
-0.8838641
-0.886116
-0.88609886
-0.8925047
-0.8932033
-0.8998231
-0.90122485
-0.90220875
-0.90647304
-0.91103053
-0.910867
-0.9113649
-0.91259223
-0.9106192
-0.9118184
-0.91689736
-0.91553664
-0.91504544
-0.9176142
-0.9225634
-0.929072
-0.9247642
-0.922184
-0.924091
-0.92435193
-0.929411
-0.92693275
-0.9240318
-0.9226744
-0.92485213
-0.9270505
-0.9298719
-0.9298044
-0.9294144
-0.9297501
-0.9333893
-0.93301964
-0.93269444
-0.93258595
-0.9337733
-0.9353025
-0.93704134
-0.9361693
-0.93641937
-0.93938714
-0.93895704
-0.93854254
-0.9385059
-0.94102037
-0.93840945
-0.93815964
-0.9393557
-0.94227177
-0.94292367
-0.94171095
-0.94134486
-0.9422098
-0.9431647
-0.94344556
-0.9406535
-0.94054973
-0.9411486
-0.94252855
-0.94293207
-0.94375914
-0.9414121
-0.9435515
-0.940971
-0.94408387
-0.94062716
-0.945595
-0.9406916
-0.9442874
-0.94359785
-0.94527805
-0.94253683
-0.9433462
-0.94590706
-0.9453147
-0.94474757
-0.9444628
-0.942142
-0.9478391
-0.9472838
-0.94768
-0.9468667
-0.94758695
-0.94447756
-0.9462051
-0.9482357
-0.9481485
-0.94411105
-0.945438
-0.9484623
-0.94695264
-0.94805014
-0.94726485
-0.94297916
-0.9456122
-0.9467597
-0.9468147
-0.9406026
-0.9447517
-0.94096303
-0.9431125
-0.9441524
-0.94435793
-0.9468768
-0.95002437
-0.9467698
-0.9487644
-0.9460816
-0.9487811
-0.94623333
-0.9464214
-0.94558114
-0.94356185
-0.94674
-0.9459818
-0.94823265
-0.9422281
-0.9448825
-0.9420599
-0.94277567
-0.9376244
-0.9433649
-0.9402901
-0.9485475
-0.9379824
-0.94116193
-0.94733334
-0.94345134
-0.948327
-0.9463953
-0.94568837
-0.94557405
-0.9460988
-0.9488807
-0.9491903
-0.94761413
-0.94841516
-0.95053154
-0.9482607
-0.94864815
-0.9488928
-0.945516
-0.95079976
-0.9444559
-0.94811547
-0.92357236
-0.91328704
-0.90788203
-0.8920955
-0.8825597
-0.872085
-0.868865
-0.86065376
-0.85560733
-0.853723
-0.8572205
-0.85803425
-0.8554863
-0.8632865
-0.8600991
-0.86262065
-0.8658295
-0.86606723
-0.8672307
-0.8677446
-0.86995214
-0.86781293
-0.8710912
-0.8700043
-0.86890274
-0.8756701
-0.8801584
-0.8802743
-0.8847567
-0.8841118
-0.89022785
-0.89316654
-0.89341134
-0.8971212
-0.9001687
-0.9024049
-0.90581036
-0.90632015
-0.908692
-0.9119934
-0.9146052
-0.914994
-0.9184513
-0.9176768
-0.91967815
-0.9171768
-0.9188666
-0.9232936
-0.9219133
-0.92414325
-0.9258612
-0.92590696
-0.9309547
-0.93259543
-0.93350935
-0.93269086
-0.9337342
-0.9341607
-0.9350732
-0.9327398
-0.93561584
-0.93773305
-0.93592495
-0.9354485
-0.9352145
-0.93617517
-0.937987
-0.93555695
-0.9357714
-0.93890494
-0.9399534
-0.937944
-0.93863124
-0.94164175
-0.9400683
-0.9393436
-0.9409371
-0.94121224
-0.9413811
-0.94200546
-0.9410566
-0.9418355
-0.9417327
-0.94237936
-0.94191414
-0.94258034
-0.94099605
-0.9447851
-0.94446814
-0.94414777
-0.94281423
-0.9434895
-0.94372296
-0.9426145
-0.9415827
-0.9431616
-0.9449276
-0.94216937
-0.9447889
-0.94314164
-0.94423366
-0.9455607
-0.94346845
-0.9436689
-0.9439961
-0.9411765
-0.9415618
-0.9421492
-0.9427578
-0.94307846
-0.94535655
-0.9434633
-0.9434829
-0.9453252
-0.9460106
-0.94382375
-0.943958
-0.9410242
-0.9447263
-0.938247
-0.9469454
-0.9421052
-0.9328926
-0.93159485
-0.93351173
-0.9324945
-0.93167937
-0.93246704
-0.9283752
-0.93092966
-0.92949617
-0.9278016
-0.932233
-0.93082494
-0.9306869
-0.9297648
-0.9294433
-0.93210584
-0.9349856
-0.9361456
-0.9361099
-0.93546075
-0.9413655
-0.93465054
-0.93318844
-0.92272705
-0.92040354
-0.9237151
-0.9258828
-0.9298392
-0.9252996
-0.9236563
-0.9264079
-0.9259527
-0.9261545
-0.92851377
-0.92809445
-0.9309973
-0.9310236
-0.9309295
-0.93497753
-0.93782115
-0.9337199
-0.9372356
-0.9376524
-0.9384613
-0.93592095
-0.9376566
-0.936783
-0.9358265
-0.9403441
-0.9404446
-0.9383331
-0.9396202
-0.9429802
-0.94048023
-0.9408325
-0.94407845
-0.94124
-0.9410857
-0.9424711
-0.9427122
-0.94315994
-0.944097
-0.94667244
-0.94159037
-0.9417453
-0.942811
-0.9436712
-0.9451454
-0.9468353
-0.94272065
-0.9457337
-0.94718313
-0.9456836
-0.9461023
-0.9463435
-0.9461442
-0.9481249
-0.94657934
-0.94537073
-0.94444025
-0.94405407
-0.9471605
-0.94718
-0.94590044
-0.9488399
-0.947778
-0.9470236
-0.9464758
-0.94664955
-0.94916385
-0.94623053
-0.9497154
-0.9456464
-0.9435158
-0.94472176
-0.94050515
-0.94252765
-0.9448449
-0.9477488
-0.9453508
-0.9472013
-0.9439323
-0.9503732
-0.93581605
-0.94197017
-0.9442608
-0.94443744
-0.9416924
-0.94086105
-0.95044386
-0.9221104
-0.9263164
-0.9092459
-0.91371346
-0.9056138
-0.9038104
-0.9045368
-0.8983833
-0.8971215
-0.89754957
