Early stopping triggered at epoch 770
-0.7089417
-0.7130717
-0.71233577
-0.7167027
-0.7178965
-0.7210127
-0.71961796
-0.7254172
-0.7306639
-0.727095
-0.7316951
-0.7386162
-0.73707706
-0.74020904
-0.74427414
-0.7466058
-0.7551907
-0.7543104
-0.75770164
-0.7620903
-0.7679586
-0.7729902
-0.7766267
-0.77969253
-0.7926894
-0.79468864
-0.80273205
-0.8072248
-0.80891466
-0.80981284
-0.8219503
-0.82037544
-0.82357144
-0.8240371
-0.8254996
-0.8339303
-0.82384723
-0.8283526
-0.8364307
-0.8406002
-0.8424025
-0.8419447
-0.843126
-0.84718573
-0.84961104
-0.8547483
-0.8577264
-0.8590002
-0.86110884
-0.86550415
-0.8712026
-0.8699155
-0.8686859
-0.8765367
-0.8721968
-0.87524223
-0.8869517
-0.8812761
-0.88493514
-0.89022714
-0.888919
-0.8942713
-0.90087956
-0.89664567
-0.9039496
-0.9008617
-0.9029162
-0.90419936
-0.9050534
-0.9050488
-0.90586996
-0.91123706
-0.91207963
-0.90851665
-0.9101879
-0.9121532
-0.909686
-0.91492397
-0.9110552
-0.9140005
-0.9137298
-0.9161829
-0.91488504
-0.91351223
-0.9147117
-0.91752356
-0.9173217
-0.9200382
-0.9194404
-0.9171544
-0.9207675
-0.9184678
-0.91781634
-0.91969275
-0.92086434
-0.9229093
-0.9215697
-0.92043597
-0.92178136
-0.9185453
-0.92227125
-0.9215824
-0.9210348
-0.9201238
-0.9226272
-0.9222161
-0.9240195
-0.92181474
-0.9209992
-0.9227761
-0.9230563
-0.9216568
-0.9233355
-0.9235484
-0.92561734
-0.9240144
-0.92404795
-0.9231748
-0.9236453
-0.92339647
-0.9242732
-0.92179173
-0.9255136
-0.92631966
-0.92303324
-0.92516553
-0.9254472
-0.9264685
-0.92480075
-0.9251355
-0.92452574
-0.9274934
-0.924212
-0.9240156
-0.924011
-0.92371535
-0.9265934
-0.9261846
-0.92537814
-0.9258895
-0.92674106
-0.9275589
-0.9270435
-0.9245921
-0.92756057
-0.9265697
-0.92715436
-0.9280384
-0.9288207
-0.9261345
-0.9246171
-0.9271219
-0.9253315
-0.9271871
-0.92761827
-0.92666775
-0.92692125
-0.92748773
-0.92661685
-0.9260506
-0.9282425
-0.9260915
-0.9272275
-0.9278839
-0.92754346
-0.9259223
-0.9280228
-0.9288723
-0.92798495
-0.928659
-0.93164796
-0.9279135
-0.9265375
-0.9280481
-0.9292781
-0.9295837
-0.9291059
-0.92853457
-0.9273056
-0.925486
-0.93133086
-0.92992514
-0.9285087
-0.9308436
-0.9290181
-0.9297348
-0.9312523
-0.9300899
-0.930802
-0.9274473
-0.92746353
-0.9289856
-0.9290783
-0.92928135
-0.9308239
-0.9273123
-0.93006176
-0.92709684
-0.9311014
-0.9303029
-0.9304011
-0.9297837
-0.9316255
-0.9303235
-0.9296361
-0.9307253
-0.93152076
-0.9291066
-0.9328563
-0.93164885
-0.93016034
-0.9303677
-0.9288325
-0.9306226
-0.93185264
-0.92726463
-0.930778
-0.93187654
-0.93122774
-0.9308363
-0.9311223
-0.9302796
-0.9312526
-0.93188816
-0.9314718
-0.93182606
-0.9316313
-0.9320462
-0.93030006
-0.93011713
-0.9307882
-0.93186027
-0.9319296
-0.93212193
-0.9329617
-0.931496
-0.93218744
-0.9318021
-0.93164897
-0.9302001
-0.93142253
-0.93112034
-0.9337779
-0.9301667
-0.930281
-0.92964005
-0.9307223
-0.9337506
-0.93102324
-0.9304523
-0.93289495
-0.9319196
-0.9301507
-0.93302965
-0.92878824
-0.928254
-0.93307
-0.9312385
-0.93282765
-0.9317978
-0.9340499
-0.9325711
-0.93032074
-0.9325957
-0.9318124
-0.9330747
-0.93299913
-0.9306573
-0.93072903
-0.9338932
-0.93144494
-0.9324823
-0.9320125
-0.9326111
-0.93071985
-0.9336877
-0.9310635
-0.9345882
-0.9330998
-0.9340224
-0.9324425
-0.9325259
-0.9331603
-0.931891
-0.9339544
-0.9329657
-0.9339939
-0.9342333
-0.93357134
-0.9333298
-0.9329249
-0.9342911
-0.93009126
-0.93213683
-0.9335197
-0.9338779
-0.9331716
-0.9339849
-0.93338907
-0.9336291
-0.93403107
-0.9340223
-0.93366367
-0.93202925
-0.9342441
-0.9323176
-0.93214685
-0.9321791
-0.93304557
-0.9328265
-0.93275964
-0.93478125
-0.9335148
-0.93337244
-0.93408245
-0.93342054
-0.9335848
-0.9326499
-0.9339541
-0.93301517
-0.9313259
-0.9332765
-0.9351492
-0.93397063
-0.9349857
-0.9345426
-0.93110687
-0.93592995
-0.9344399
-0.9357999
-0.9298894
-0.93404895
-0.9335122
-0.934739
-0.93610686
-0.93233395
-0.9338048
-0.9318449
-0.9354782
-0.9342937
-0.9353935
-0.93285304
-0.93342996
-0.93405056
-0.9339139
-0.9327909
-0.93243104
-0.9341861
-0.9355492
-0.93305194
-0.9335158
-0.9344045
-0.9333867
-0.9333836
-0.9359576
-0.9350176
-0.9318496
-0.9344761
-0.9338455
-0.93337554
-0.9348958
-0.9335965
-0.93417543
-0.9342507
-0.9341953
-0.9356946
-0.9328869
-0.9336982
-0.9337818
-0.931241
-0.93343765
-0.93449694
-0.93419
-0.93477166
-0.93266577
-0.9349265
-0.93604475
-0.9337766
-0.9343622
-0.9340856
-0.9331228
-0.9363572
-0.93404526
-0.9339613
-0.935545
-0.93464637
-0.9338081
-0.9325671
-0.93533486
-0.93512535
-0.9328611
-0.93412614
-0.93471146
-0.93383557
-0.9347061
-0.93421286
-0.9349539
-0.9344772
-0.93574715
-0.9329716
-0.9334997
-0.93219227
-0.9359437
-0.93573475
-0.93351877
-0.9343293
-0.93236357
-0.93396336
-0.9331577
-0.9332173
-0.9357372
-0.9338572
-0.9358682
-0.93559223
-0.9336151
-0.935329
-0.9336676
-0.93412
-0.9339612
-0.93520445
-0.933766
-0.9366951
-0.9350864
-0.9359931
-0.9345809
-0.9337121
-0.93335366
-0.9328655
-0.9332494
-0.9357399
-0.93318003
-0.9359045
-0.93483114
-0.9356192
-0.93428355
-0.9330026
-0.9337313
-0.93299574
-0.9355298
-0.9362686
-0.93632644
-0.9359528
-0.9344391
-0.9333677
-0.93522877
-0.93429685
-0.9351818
-0.9350864
-0.935282
-0.93520325
-0.9365835
-0.93565
-0.93430287
-0.93643403
-0.93549454
-0.9362954
-0.93337125
-0.9338866
-0.93512815
-0.9341549
-0.9355215
-0.93514067
-0.934844
-0.9351904
-0.9372197
-0.9344539
-0.9350407
-0.93482393
-0.9330879
-0.93572354
-0.9344869
-0.9368779
-0.9376681
-0.9343576
-0.9357808
-0.9339296
-0.9364444
-0.93473804
-0.93357784
-0.9359595
-0.9353347
-0.93398374
-0.93471855
-0.9344069
-0.936316
-0.9346765
-0.93613863
-0.9338038
-0.9354425
-0.93410957
-0.93631065
-0.9342813
-0.93518794
-0.9357675
-0.9345079
-0.93570876
-0.93610364
-0.9352526
-0.93629575
-0.9360612
-0.93645453
-0.9350387
-0.93409926
-0.9329788
-0.9348444
-0.93445045
-0.93633074
-0.93696225
-0.93561375
-0.9342382
-0.9349816
-0.9352429
-0.9339459
-0.9336989
-0.9369509
-0.9366674
-0.9347781
-0.9354383
-0.9332134
-0.9352516
-0.9356431
-0.9357448
-0.93427825
-0.9327428
-0.93421334
-0.9349731
-0.93388003
-0.9372844
-0.93460166
-0.9348901
-0.93577564
-0.93621016
-0.9369935
-0.93537897
-0.9334205
-0.93659824
-0.9354504
-0.93476814
-0.9361251
-0.9364659
-0.93546176
-0.9347256
-0.9355371
-0.93596786
-0.9351875
-0.9329835
-0.9349738
-0.9348059
-0.93424445
-0.93788457
-0.93618345
-0.9350413
-0.9350328
-0.934844
-0.9324902
-0.93615395
-0.93362993
-0.93607575
-0.93538713
-0.9351595
-0.9360009
-0.9350526
-0.93536407
-0.9344352
-0.93473357
-0.9352607
-0.9343743
-0.93573356
-0.9341896
-0.9351236
-0.9352201
-0.93402034
-0.93797916
-0.9332379
-0.93752855
-0.9362834
-0.93539786
-0.9360666
-0.9328724
-0.935846
-0.93399745
-0.93415666
-0.93595755
-0.9352406
-0.9355152
-0.9354336
-0.9336825
-0.93653214
-0.9356901
-0.9352067
-0.93431365
-0.93382895
-0.93504494
-0.9360216
-0.93425226
-0.93769765
-0.93540514
-0.93661195
-0.93603677
-0.9343035
-0.93711346
-0.9343537
-0.93639463
-0.9372098
-0.9369191
-0.93547547
-0.9354304
-0.934024
-0.9363483
-0.9360594
-0.9353937
-0.93587166
-0.93701863
-0.9343348
-0.93522066
-0.9367863
-0.93625915
-0.93621105
-0.9348385
-0.9340244
-0.93639255
-0.93747073
-0.93469006
-0.9339363
-0.9352724
-0.9343877
-0.9356899
-0.93658334
-0.934693
-0.9347775
-0.9359789
-0.935846
-0.9369107
-0.9371529
-0.9358667
-0.9353723
-0.9338598
-0.93609315
-0.93437123
-0.93603426
-0.93558633
-0.93615156
-0.9363725
-0.9370577
-0.93382466
-0.9368238
-0.936132
-0.9380422
-0.93798625
-0.9352622
-0.9355016
-0.93550414
-0.93554056
-0.93687433
-0.9379113
-0.93649155
-0.93715703
-0.9364822
-0.93554527
-0.9365754
-0.93501365
-0.9370114
-0.9379285
-0.93471044
-0.934534
-0.9354179
-0.9357036
-0.93698907
-0.9386331
-0.9357477
-0.9387454
-0.93614143
-0.936799
-0.9356558
-0.93716615
-0.93624616
-0.93595326
-0.9367375
-0.9364405
-0.9379118
-0.9355785
-0.9353572
-0.9348749
-0.9351778
-0.9373981
-0.9339582
-0.9346152
-0.93712306
-0.9373699
-0.9371022
-0.93734133
-0.93522537
-0.9360184
-0.9364863
-0.93507546
-0.9368414
-0.93456984
-0.9336583
-0.9337503
-0.9368974
-0.936884
-0.9346224
-0.9362339
-0.9358721
-0.93677264
-0.93476987
-0.9364178
-0.9355696
-0.9366393
-0.9354617
-0.93624806
-0.93584734
-0.9374562
-0.9349511
-0.9331948
-0.93590456
-0.93499243
-0.9357317
-0.93688816
-0.93598396
-0.934059
-0.9363852
-0.9376013
-0.9352257
-0.93719536
-0.9370584
-0.93504006
-0.93588436
-0.9353559
-0.9353767
-0.9343436
-0.93466735
-0.935171
-0.9361586
-0.9371622
-0.93682426
-0.9365874
-0.9362644
-0.93535036
-0.9343035
-0.9344162
-0.9344889
-0.9362718
-0.9347173
-0.9357926
-0.9351855
-0.93239415
-0.9354015
-0.9363734
-0.9371666
-0.93633616
-0.9343119
-0.9369753
-0.9365718
-0.9370196
-0.9357602
-0.93512785
-0.9374235
-0.93648815
-0.9373123
-0.93716073
-0.9349206
-0.9363863
-0.9349761
-0.93808013
-0.9349098
-0.9367625
-0.935756
-0.93605196
-0.93521535
-0.93833864
0
0
0
0
0
0
0
0
0
0
0
0
0
0
0
0
0
0
0
0
0
0
0
0
0
0
0
0
0
0
0
0
0
0
0
0
0
0
0
0
0
0
0
0
0
0
0
0
0
0
0
0
0
0
0
0
0
0
0
0
0
0
0
0
0
0
0
0
0
0
0
0
0
0
0
0
0
0
0
0
0
0
0
0
0
0
0
0
0
0
0
0
0
0
0
0
0
0
0
0
0
0
0
0
0
0
0
0
0
0
0
0
0
0
0
0
0
0
0
0
0
0
0
0
0
0
0
0
0
0
0
0
0
0
0
0
0
0
0
0
0
0
0
0
0
0
0
0
0
0
0
0
0
0
0
0
0
0
0
0
0
0
0
0
0
0
0
0
0
0
0
0
0
0
0
0
0
0
0
0
0
0
0
0
0
0
0
0
0
0
0
0
0
0
0
0
0
0
0
0
0
0
0
0
0
0
0
0
0
0
0
0
0
0
0
0
0
0
0
0
0
0
0
0
0
0
0
0
0
0
0
0
0
0
0
0
0
0
0
0
0
0
0
0
0
0
0
0
0
0
0
0
0
0
0
0
0
0
0
0
0
0
0
0
0
0
0
0
0
0
0
0
0
0
0
0
0
0
0
0
0
0
0
0
0
0
0
0
0
0
0
0
0
0
0
0
0
0
0
0
0
0
0
0
0
0
0
0
0
0
0
0
0
0
0
0
0
0
0
0
0
0
0
0
0
0
0
0
0
0
0
0
0
0
0
0
0
0
0
0
0
0
0
0
0
0
0
0
0
0
0
0
0
0
0
0
0
0
0
0
0
0
0
0
0
0
0
0
0
0
0
0
0
0
0
0
0
0
0
0
0
0
0
0
0
0
0
0
0
0
0
0
0
0
0
0
0
0
0
0
0
0
0
0
0
0
0
0
0
0
0
0
0
0
0
0
0
0
0
0
0
0
0
0
0
0
0
0
0
0
0
0
0
0
0
0
0
0
0
0
0
0
0
0
0
0
0
0
0
0
0
0
0
0
0
0
0
0
0
0
0
0
0
0
0
0
0
0
0
0
0
0
0
0
0
0
0
0
0
0
0
0
0
0
0
0
0
0
0
0
0
0
0
0
0
0
0
0
0
0
0
0
0
0
0
0
0
0
0
0
0
0
0
0
0
0
0
0
0
0
0
0
0
0
0
0
0
0
0
0
0
0
0
0
0
0
0
0
0
0
0
0
0
0
0
0
0
0
0
0
0
0
0
0
0
0
0
0
0
0
0
0
0
0
0
0
0
0
0
0
0
0
0
0
0
0
0
0
0
0
0
0
0
0
0
0
0
0
0
0
0
0
0
0
0
0
0
0
0
0
0
0
0
0
0
0
0
0
0
0
0
0
0
0
0
0
0
0
0
0
0
0
0
0
0
0
0
0
0
0
0
0
0
0
0
0
0
0
0
0
0
0
0
0
0
0
0
0
0
0
0
0
0
0
0
0
0
0
0
0
0
0
0
0
0
0
0
0
0
0
0
0
0
0
0
0
0
0
0
0
0
0
0
0
0
0
0
0
0
0
0
0
0
0
0
0
0
0
0
0
0
0
0
0
0
0
0
0
0
0
0
0
0
0
0
0
0
0
0
0
0
0
0
0
0
0
0
0
0
0
0
0
0
0
0
0
0
0
0
0
0
0
0
0
0
0
0
0
0
0
0
0
0
0
0
0
0
0
0
0
0
0
0
0
0
0
0
0
0
0
0
0
0
0
0
0
0
0
0
0
0
0
0
0
0
0
0
0
0
0
0
0
0
0
0
0
0
0
0
0
0
0
0
0
0
0
0
0
0
0
0
0
0
0
0
0
0
0
0
0
0
0
0
0
0
0
0
0
0
0
0
0
0
0
0
0
0
0
0
0
0
0
0
0
0
0
0
0
0
0
0
0
0
0
0
0
0
0
0
0
0
0
0
0
0
0
0
0
0
0
0
0
0
0
0
0
0
0
0
0
0
0
0
0
0
0
0
0
0
0
0
0
0
0
0
0
0
0
0
0
0
0
0
0
0
0
0
0
0
0
0
0
0
0
0
0
0
0
0
0
0
0
0
0
0
0
0
0
0
0
0
0
0
0
0
0
0
0
0
0
0
0
0
0
0
0
0
0
0
0
0
0
0
0
0
0
0
0
0
0
0
0
0
0
0
0
0
0
0
0
0
0
0
0
0
0
0
0
0
0
0
0
0
0
0
0
0
0
0
0
0
0
0
0
0
0
0
0
0
0
0
0
0
0
0
0
0
0
0
0
0
0
0
0
0
0
0
0
0
0
0
0
0
0
0
0
0
0
0
0
0
0
0
0
0
0
0
0
0
0
0
0
0
0
0
0
0
0
0
0
0
0
0
0
0
0
0
0
0
0
0
0
0
0
0
0
0
0
0
0
0
0
0
0
0
0
0
0
0
0
0
0
0
0
0
0
0
0
0
0
0
0
0
0
0
0
0
0
0
0
0
0
0
0
0
0
0
0
0
0
0
0
0
0
0
0
0
0
0
0
0
0
0
0
0
0
0
0
0
0
0
0
0
0
0
0
0
0
0
0
0
0
0
0
0
0
0
0
0
0
0
0
0
0
0
0
0
0
0
0
0
0
0
0
0
0
0
0
0
0
0
0
0
0
0
0
0
0
0
0
0
0
0
0
0
0
0
0
0
0
0
0
0
0
0
0
0
0
0
0
0
0
0
0
0
0
0
0
0
0
0
0
0
0
0
0
0
0
0
0
0
0
0
0
0
0
0
0
0
0
0
0
0
0
0
0
0
0
0
0
0
0
0
0
0
0
0
0
0
0
0
0
0
0
0
0
0
0
0
0
0
0
0
0
0
0
0
0
0
0
0
0
0
0
0
0
0
0
0
0
0
0
0
0
0
0
0
0
0
0
0
0
0
0
0
0
0
0
0
0
0
0
0
0
0
0
0
0
0
0
0
0
0
0
0
0
0
0
0
0
0
0
0
0
0
0
0
0
0
0
0
0
0
0
0
0
0
0
0
0
0
0
0
0
0
0
0
0
0
0
0
0
0
0
0
0
0
0
0
0
0
0
0
0
0
0
0
0
0
0
0
0
0
0
0
0
0
0
0
0
0
0
0
0
0
0
0
0
0
0
0
0
0
0
0
0
0
0
0
0
0
0
0
0
0
0
0
0
0
0
0
0
0
0
0
0
0
0
0
0
0
0
0
0
0
0
0
0
0
0
0
0
0
0
0
0
0
0
0
0
0
0
0
0
0
0
0
0
0
0
0
0
0
0
0
0
0
0
0
0
0
0
0
0
0
0
0
0
0
0
0
0
0
0
0
0
0
0
0
0
0
0
0
0
0
0
0
0
0
0
0
0
0
0
0
0
0
0
0
0
0
0
0
0
0
0
0
0
0
0
0
0
0
0
0
0
0
0
0
0
0
0
0
0
0
0
0
0
0
0
0
0
0
0
0
0
0
0
0
0
0
0
0
0
0
0
0
0
0
0
0
0
0
0
0
0
0
0
0
0
0
0
0
0
0
0
0
0
0
0
0
0
0
0
0
0
0
0
0
0
0
0
0
0
0
0
0
0
0
0
0
0
0
0
0
0
0
0
0
0
0
0
0
0
0
0
0
0
0
0
0
0
0
0
0
0
0
0
0
0
0
0
0
0
0
0
0
0
0
0
0
0
0
0
0
0
0
0
0
0
0
0
0
0
0
0
0
0
0
0
0
0
0
0
0
0
0
0
0
0
0
0
0
0
0
0
0
0
0
0
0
0
0
0
0
0
0
0
0
0
0
0
0
0
0
0
0
0
0
0
0
0
0
0
0
0
0
0
0
0
0
0
0
0
0
0
0
0
0
0
0
0
0
0
0
0
0
0
0
0
0
0
0
0
0
0
0
0
0
0
0
0
0
0
0
0
0
0
0
0
0
0
0
0
0
0
0
0
0
0
0
0
0
0
0
0
0
0
0
0
0
0
0
0
0
0
0
0
0
0
0
0
0
0
0
0
0
0
0
0
0
0
0
0
0
0
0
0
0
0
0
0
0
0
0
0
0
0
0
0
0
0
0
0
0
0
0
0
0
0
0
0
0
0
0
0
0
0
0
0
0
0
0
0
0
0
0
0
0
0
0
0
0
0
0
0
0
0
0
0
0
0
0
0
0
0
0
0
0
0
0
0
0
0
0
0
0
0
0
0
0
0
0
0
0
0
0
0
0
0
0
0
0
0
0
0
0
0
0
0
0
0
0
0
0
0
0
0
0
0
0
0
0
0
0
0
0
0
0
0
0
0
0
0
0
0
0
0
0
0
0
0
0
0
0
0
0
0
0
0
0
0
0
0
0
0
0
0
0
0
0
0
0
0
0
0
0
0
0
0
0
0
0
0
0
0
0
0
0
0
0
0
0
0
0
0
0
0
0
0
0
0
0
0
0
0
0
0
0
0
0
0
0
0
0
0
0
0
0
0
0
0
0
0
0
0
0
0
0
0
0
0
0
0
0
0
0
0
0
0
0
0
0
0
0
0
0
0
0
0
0
0
0
0
0
0
0
0
0
0
0
0
0
0
0
0
0
0
0
0
0
0
0
0
0
0
0
0
0
0
0
0
0
0
0
0
0
0
0
0
0
0
0
0
0
0
0
0
0
0
0
0
0
0
0
0
0
0
0
0
0
0
0
0
0
0
0
0
0
0
0
0
0
0
0
0
0
0
0
0
0
0
0
0
0
0
0
0
0
0
0
0
0
0
0
0
0
0
0
0
0
0
0
0
0
0
0
0
0
0
0
0
0
0
0
0
0
0
0
0
0
0
0
0
0
0
0
0
0
0
0
0
0
0
0
0
0
0
0
0
0
0
0
0
0
0
0
0
0
0
0
0
0
0
0
0
0
0
0
0
0
0
0
0
0
0
0
0
0
0
0
0
0
0
0
0
0
0
0
0
0
0
0
0
0
0
0
0
0
0
0
0
0
0
0
0
0
0
0
0
0
0
0
0
0
0
0
0
0
0
0
0
0
0
0
0
0
0
0
