0.2259076745340762
0.25340447240317815
0.06989985908163032
0.20215135900041284
0.11990745978627997
0.10080083282133487
0.06607456924026223
0.2301397012324187
0.22130734988152298
0.021356983724669616
0.22157777808491397
0.2543167839543475
0.19895985734167188
0.2921258318408478
0.3372228607396076
0.1282045044361087
0.21983023025551737
0.3036942545974052
0.13188109925358701
0.17390838857809818
0.13207236154726829
0.1841009444366479
0.16323314688391166
0.31169563579174425
0.1769417830281223
0.06269346434950915
0.1779512073368327
0.05504422430566045
0.18453117597514138
0.19059062336911312
0.26147436026155774
0.2285125728150059
0.04914419222299596
0.33344977075968507
0.12036328779823348
0.1703921730299818
0.17789373616150653
0.2706713049694766
0.12042712642874083
0.23994867683157253
0.25639401102696774
0.1727173018497591
0.08753981852549916
0.09130722626233134
0.06254766706959165
0.1790655510680826
0.19523489033724725
0.050343825272183645
0.20319710295910495
0.20505420991253645
0.20622813475340396
0.18828001062122574
0.10177818479905484
0.2752062897522568
0.16646935573418695
0.15128572526843803
0.11262381362383327
0.1901293848827404
0.09753843302045556
0.21033793552329422
0.07832623415035606
0.0964790277095919
0.04090589177987488
0.0384560411732472
0.08006731958680331
0.17935831890036816
Mean: 0.16819205037353083
