-0.64596343
-0.6525395
-0.6573688
-0.66060096
-0.6685092
-0.6816264
-0.6692817
-0.6941633
-0.6940998
-0.7034525
-0.69998413
-0.7085403
-0.70304734
-0.71461815
-0.7110113
-0.7169694
-0.7334935
-0.7140881
-0.7228144
-0.73875666
-0.72796386
-0.72876704
-0.73503315
-0.73098147
-0.7400831
-0.757884
-0.75362664
-0.7556528
-0.75671655
-0.754682
-0.7625607
-0.7748576
-0.7714687
-0.7735167
-0.7817199
-0.7897744
-0.787554
-0.78812534
-0.80486184
-0.80594766
-0.80253553
-0.8090742
-0.8099431
-0.8208855
-0.81593806
-0.8159085
-0.8272365
-0.82165474
-0.8257326
-0.83708423
-0.83763576
-0.83931625
-0.83523345
-0.8509068
-0.84435
-0.85264736
-0.85092795
-0.85497826
-0.86259353
-0.86040735
-0.86684287
-0.8595468
-0.86414635
-0.8728717
-0.8703529
-0.8712978
-0.869812
-0.8768811
-0.8734374
-0.87475365
-0.87860775
-0.8793384
-0.8797101
-0.88007677
-0.8810192
-0.88069236
-0.88286835
-0.88417965
-0.88402516
-0.88871366
-0.88785565
-0.88597715
-0.89066917
-0.88531846
-0.8926873
-0.8930263
-0.8927372
-0.8996971
-0.8964331
-0.8980117
-0.8979594
-0.89535946
-0.8987132
-0.8961013
-0.9010479
-0.9014883
-0.901923
-0.9011118
-0.9023563
-0.9042317
-0.9046864
-0.9006975
-0.8989475
-0.90140045
-0.90266556
-0.90059423
-0.89912874
-0.90507424
-0.8983663
-0.9026672
-0.9069268
-0.9012571
-0.8979378
-0.9064707
-0.8992392
-0.90209067
-0.9006591
-0.90663093
-0.9033762
-0.89937764
-0.9081193
-0.9000363
-0.9071285
-0.90788114
-0.91070044
-0.90913135
-0.90992653
-0.9054911
-0.9056483
-0.9033882
-0.9028597
-0.90843475
-0.90852106
-0.90576124
-0.9082097
-0.90335333
-0.90974176
-0.9076892
-0.9049868
-0.9079334
-0.9050649
-0.90576124
-0.90278244
-0.9038642
-0.90802747
-0.9095936
-0.9118269
-0.90846604
-0.9095916
-0.9115394
-0.9123117
-0.90520304
-0.91173524
-0.9118382
-0.91064745
-0.91164124
-0.906135
-0.9094531
-0.90366167
-0.910935
-0.91295797
-0.91361433
-0.9110391
-0.9100334
-0.91346896
-0.91156334
-0.91378564
-0.9103555
-0.9146518
-0.9102362
-0.9128133
-0.91063404
-0.914966
-0.90819377
-0.91230714
-0.91116494
-0.9111866
-0.909562
-0.9168008
-0.91206914
-0.9146651
-0.91224515
-0.91004056
-0.91773105
-0.91436285
-0.91134775
-0.918523
-0.9131969
-0.91341347
-0.912635
-0.9161628
-0.9113676
-0.91385895
-0.9176898
-0.916327
-0.9138161
-0.9131785
-0.91310185
-0.91508865
-0.91642
-0.91802967
-0.91468704
-0.9196263
-0.91600543
-0.9157311
-0.913181
-0.9132092
-0.9124436
-0.91701305
-0.921221
-0.9125372
-0.91362274
-0.9159228
-0.90928936
-0.91500556
-0.91658497
-0.91695863
-0.92060953
-0.91778296
-0.9127089
-0.91320145
-0.9149113
-0.9146812
-0.91898465
-0.9135939
-0.9168456
-0.91646796
-0.9140989
-0.91481054
-0.92079794
-0.91623014
-0.91598123
-0.9165379
-0.9186475
-0.91596323
-0.92128277
-0.91941535
-0.92043084
-0.9212843
-0.92060864
-0.91630137
-0.91836315
-0.9231268
-0.91734225
-0.92094564
-0.9174547
-0.9198731
-0.91645324
-0.92035365
-0.91892076
-0.92253137
-0.91877604
-0.9213932
-0.9209923
-0.921275
-0.9197603
-0.917552
-0.9196916
-0.9196026
-0.9210191
-0.9176671
-0.91745114
-0.92016095
-0.9196041
-0.9194723
-0.91904384
-0.9192468
-0.9217014
-0.92080504
-0.9203849
-0.9198024
-0.91702324
-0.91619146
-0.92236173
-0.92149645
-0.92224604
-0.91775316
-0.92337936
-0.9209891
-0.9179932
-0.9214082
-0.9154062
-0.91825294
-0.917536
-0.9211344
-0.92137504
-0.9155755
-0.9195132
-0.91917455
-0.9208672
-0.92476594
-0.921478
-0.921693
-0.9204129
-0.91907895
-0.9235797
-0.9180505
-0.92058235
-0.9213216
-0.922813
-0.9209611
-0.9248584
-0.9210373
-0.9228807
-0.9214158
-0.9223446
-0.9204505
-0.92143184
-0.92348343
-0.9165406
-0.92021364
-0.92280835
-0.92239213
-0.91902936
-0.91993684
-0.92562926
-0.9190638
-0.9253025
-0.92026705
-0.9216729
-0.9226681
-0.9244309
-0.9210536
-0.92428637
-0.92347825
-0.9256895
-0.92311347
-0.9256472
-0.92185396
-0.9240169
-0.9261497
-0.9256069
-0.9224741
-0.92231596
-0.9256486
-0.9212801
-0.92469096
-0.9247596
-0.9244599
-0.9247041
-0.9231172
-0.92566013
-0.9218622
-0.92367154
-0.92466426
-0.9230045
-0.92420286
-0.9233703
-0.92738795
-0.9248252
-0.92383766
-0.9267701
-0.9223312
-0.92507195
-0.9245207
-0.9240866
-0.925493
-0.9251021
-0.9242634
-0.9248941
-0.9209983
-0.9209017
-0.9245677
-0.92322916
-0.92052835
-0.92482334
-0.924891
-0.924296
-0.9221537
-0.9229177
-0.923298
-0.9216772
-0.9262709
-0.9234153
-0.92152077
-0.9216877
-0.92074513
-0.925772
-0.9252961
-0.92540824
-0.9265349
-0.9241623
-0.922006
-0.92366695
-0.92522544
-0.92753005
-0.92506284
-0.926972
-0.92726207
-0.9225136
-0.928464
-0.9212358
-0.92506605
-0.9239884
-0.9252738
-0.9277109
-0.925068
-0.92507195
-0.9251801
-0.92488086
-0.9222379
-0.92918473
-0.9242276
-0.92545825
-0.9252748
-0.92447853
-0.9244031
-0.9266766
-0.9280748
-0.9234825
-0.9263936
-0.9229899
-0.9251732
-0.9242909
-0.9256932
-0.927354
-0.927279
-0.92455006
-0.92718786
-0.92845964
-0.9227971
-0.92683506
-0.92570037
-0.9286593
-0.92622524
-0.9256226
-0.9249621
-0.9273151
-0.92628855
-0.9267633
-0.92466396
-0.92822677
-0.9273499
-0.9269252
-0.92606014
-0.9253214
-0.9297972
-0.92898446
-0.9265153
-0.92492366
-0.92770463
-0.92745394
-0.9267961
-0.9260191
-0.9245162
-0.9284805
-0.9273965
-0.926484
-0.9289415
-0.9286693
-0.928393
-0.9298885
-0.9258245
-0.9275491
-0.9291331
-0.9307713
-0.9235431
-0.9287264
-0.9231916
-0.9224041
-0.92428696
-0.9223845
-0.9282376
-0.92607653
-0.9293455
-0.9249256
-0.9278692
-0.927498
-0.92729825
-0.92772955
-0.9244606
-0.9268327
-0.93080246
-0.9237045
-0.927971
-0.9284603
-0.9279432
-0.92844665
-0.9283261
-0.92994523
-0.9281024
-0.9276963
-0.92809534
-0.9275851
-0.92658746
-0.9260542
-0.92759955
-0.93051
-0.92734665
-0.9280869
-0.9278069
-0.9283345
-0.92553794
-0.926449
-0.9267807
-0.9306116
-0.9301445
-0.92721945
-0.9240379
-0.9246503
-0.9281131
-0.9301529
-0.9269967
-0.9276412
-0.9265497
-0.9284819
-0.9283389
-0.9271945
-0.92654234
-0.92414135
-0.9305398
-0.92772126
-0.9254294
-0.9289835
-0.92920107
-0.9293951
-0.9291573
-0.9308104
-0.9261709
-0.92774665
-0.92657554
-0.9265664
-0.9271448
-0.92775613
-0.928702
-0.9266459
-0.93070817
-0.9320512
-0.927428
-0.9256371
-0.9281585
-0.9290165
-0.9298038
-0.9299114
-0.9288685
-0.92574555
-0.92538154
-0.9255839
-0.9253981
-0.92572594
-0.93053585
-0.92722607
-0.9321495
-0.9233671
-0.92872053
-0.9281503
-0.9279879
-0.9285197
-0.92500526
-0.93059355
-0.92688304
-0.9276894
-0.92793095
-0.93039143
-0.9295507
-0.92682266
-0.9301434
-0.9271444
-0.9303689
-0.9288452
-0.9302959
-0.92569673
-0.92815775
-0.9288324
-0.92952645
-0.92874426
-0.9313607
-0.9278941
-0.9273919
-0.92781717
-0.9300218
-0.93235713
-0.927912
-0.9282515
-0.92752004
-0.93014157
-0.9276855
-0.9277876
-0.9317628
-0.9324398
-0.9271449
-0.9287401
-0.9282249
-0.93074363
-0.92797285
-0.92696476
-0.9281981
-0.92926794
-0.93045473
-0.9242316
-0.9293212
-0.9277359
-0.93087184
-0.9311568
-0.9264919
-0.9285877
-0.9295181
-0.92641485
-0.92636573
-0.9286632
-0.9254136
-0.9295362
-0.9294149
-0.92985636
-0.9298589
-0.9293614
-0.92857254
-0.92736936
-0.9277045
-0.9293604
-0.92728823
-0.9301908
-0.93050724
-0.9283482
-0.93017566
-0.9261573
-0.9305577
-0.9298109
-0.9292757
-0.92674965
-0.9304655
-0.92638457
-0.9314234
-0.9278266
-0.9296536
-0.92845774
-0.9274959
-0.92956537
-0.9299429
-0.93216634
-0.93046206
-0.9319978
-0.9280566
-0.93387824
-0.9293777
-0.930214
-0.93088764
-0.93050224
-0.9322184
-0.9276686
-0.9293766
-0.9320007
-0.9272164
-0.92875963
-0.9275958
-0.92865413
-0.9236646
-0.9296003
-0.930253
-0.9289397
-0.9299206
-0.9326869
-0.9261468
-0.93040705
-0.9281115
-0.9312369
-0.930937
-0.93161285
-0.92875504
-0.931503
-0.92780936
-0.92982817
-0.93135726
-0.93136215
-0.9279145
-0.93071663
-0.9331203
-0.93000567
-0.9316217
-0.929418
-0.9319038
-0.9277342
-0.93223417
-0.9314115
-0.9309205
-0.9290961
-0.93291885
-0.9322357
-0.93217963
-0.9275825
-0.9288658
-0.9345778
-0.92974913
-0.92999655
-0.9286077
-0.93043643
-0.9279239
-0.9296411
-0.92900884
-0.926468
-0.932845
-0.9301653
-0.92922515
-0.93039936
-0.92992586
-0.9282396
-0.9326407
-0.9305529
-0.9269029
-0.9340537
-0.9313261
-0.9348778
-0.92841387
-0.9305106
-0.9283936
-0.93099266
-0.92704135
-0.9314412
-0.93108946
-0.92986006
-0.931084
-0.9305543
-0.9315612
-0.9312093
-0.9316967
-0.9298277
-0.9293327
-0.93253875
-0.9260778
-0.92888755
-0.9327234
-0.930786
-0.93116164
-0.9296812
-0.92809737
-0.9293837
-0.9294567
-0.9272783
-0.9306217
-0.9352019
-0.93217856
-0.92904687
-0.9270981
-0.93150276
-0.9254607
-0.9327276
-0.9300636
-0.9267859
-0.92919916
-0.9318121
-0.93240786
-0.9303827
-0.9312533
-0.9299747
-0.9286992
-0.93174094
-0.9283382
-0.93155617
-0.9330619
-0.9295664
-0.9278918
-0.9299087
-0.93201995
-0.9322061
-0.9300466
-0.93129915
-0.932085
-0.92952687
-0.9315038
-0.9304079
-0.9281987
-0.9331236
-0.9337251
-0.9363064
-0.93298835
-0.9288805
-0.9312884
-0.929438
-0.9338864
-0.9301067
-0.9319475
-0.93115884
-0.93226564
-0.9298742
-0.933678
-0.9302828
-0.9315084
-0.9303021
-0.93304324
-0.9311359
-0.9338636
-0.93121195
-0.9300943
-0.9318395
-0.93036795
-0.9292038
-0.9284375
-0.928725
-0.9304407
-0.93183196
-0.9328181
-0.93323094
-0.9317691
-0.930728
-0.92803556
-0.92927545
-0.9306417
-0.9328122
-0.9325747
-0.9304801
-0.92842376
-0.93662405
-0.93519783
-0.9364285
-0.9335155
-0.93285424
-0.93188137
-0.933834
-0.9316074
-0.9301886
-0.93653375
-0.9309957
-0.93471307
-0.93038446
-0.9316929
-0.9300861
-0.93047184
-0.93148166
-0.93112904
-0.92672324
-0.93236583
-0.92813027
-0.93034446
-0.9303496
-0.9298818
-0.9263105
-0.9318327
-0.9347056
-0.93035066
-0.93182224
-0.93361026
-0.9307495
-0.9346743
-0.9323529
-0.9360022
-0.9336718
-0.9309745
-0.92985415
-0.9325262
-0.9307856
-0.9307926
-0.9344808
-0.9297151
-0.93168634
-0.93212336
-0.9318458
-0.9324269
-0.930583
-0.93365794
-0.9298479
-0.9320724
-0.93135136
-0.932354
-0.9309166
-0.93147534
-0.9313324
-0.9321772
-0.93259674
-0.9338216
-0.93028134
-0.92889404
-0.9309415
-0.93392974
-0.9341091
-0.9315489
-0.9299636
-0.9321928
-0.93162805
-0.9317709
-0.93089134
-0.933409
-0.93201166
-0.9285612
-0.93051744
-0.9264333
-0.93048245
-0.93143153
-0.9331208
-0.9317255
-0.930389
-0.92883784
-0.933822
-0.92911464
-0.93331563
-0.9334172
-0.9323893
-0.93384176
-0.93343836
-0.93351394
-0.9355163
-0.9295883
-0.92841697
-0.9330429
-0.9300736
-0.93252873
-0.93224365
-0.9333329
-0.9274247
-0.9349856
-0.9325377
-0.93559504
-0.92886513
-0.9311895
-0.9317362
-0.93162113
-0.9293662
-0.92957705
-0.9351852
-0.93292975
-0.9351008
-0.9319429
-0.9324183
-0.9352805
-0.93403304
-0.9337472
-0.9359695
-0.931768
-0.93305546
-0.93110377
-0.9343996
-0.93601775
-0.9344015
-0.93359894
-0.9277129
-0.9322875
-0.9304933
-0.93181074
-0.9321315
-0.9339721
-0.93381405
-0.928778
-0.93558896
-0.9357429
-0.939479
-0.93147755
-0.9310205
-0.93214166
-0.93363345
-0.93566
-0.93385637
-0.93273723
-0.9327067
-0.9337627
-0.9316444
-0.93607086
-0.93496674
-0.9320379
-0.93277866
-0.9329583
-0.93721896
-0.9333638
-0.9329251
-0.9340097
-0.93371564
-0.93734986
-0.9310541
-0.9316393
-0.9381657
-0.9289552
-0.9326748
-0.9343945
-0.9338002
-0.92717737
-0.93167806
-0.93273425
-0.93297607
-0.9362968
-0.9311866
-0.93335
-0.928548
-0.9306585
-0.9339054
-0.93071955
-0.9318031
-0.9330114
-0.93347776
-0.9319545
-0.93557626
-0.93419504
-0.9341934
-0.92995244
-0.93013895
-0.93386275
-0.93727213
-0.9325833
-0.9358253
-0.93532073
-0.9331352
-0.93284506
-0.9358756
-0.93561506
-0.9320038
-0.93200725
-0.9349157
-0.9313024
-0.9353968
-0.93685305
-0.9337091
-0.933915
-0.93098855
-0.9313007
-0.93572766
-0.9317664
-0.9337806
-0.9330942
-0.9340434
-0.9321977
-0.9341016
-0.93693817
-0.93418497
-0.935824
-0.93397707
-0.93076366
-0.92944735
-0.93473685
-0.9327372
-0.9336393
-0.9313871
-0.93407613
-0.9350573
-0.93350744
-0.93324363
-0.93152755
-0.93182456
-0.93582815
-0.9339127
-0.9374025
-0.9338301
-0.93442637
-0.93534243
-0.9336967
-0.9316944
-0.935303
-0.9331809
-0.9323867
-0.9310605
-0.93368256
-0.9321684
-0.9346014
-0.93116707
-0.9324379
-0.9357821
-0.9355466
-0.9329281
-0.9341674
-0.9328165
-0.93163705
-0.9347867
-0.9321935
-0.93284756
-0.9320822
-0.93329746
-0.93054324
-0.93038505
-0.9374153
-0.93025976
-0.93346536
-0.9361475
-0.9342508
-0.93208194
-0.93557787
-0.934012
-0.93240696
-0.9323896
-0.9348472
-0.9361287
-0.9332142
-0.9339861
-0.9344237
-0.93603617
-0.93341744
-0.93222535
-0.9328796
-0.9355288
-0.93187267
-0.9341609
-0.93417233
-0.9340649
-0.9351422
-0.9331877
-0.9314189
-0.92913026
-0.93519396
-0.9363061
-0.93108195
-0.9301284
-0.93414426
-0.9322528
-0.93129987
-0.93371135
-0.9303009
-0.93287665
-0.9349563
-0.93483657
-0.9347868
-0.9351399
-0.9335307
-0.93333155
-0.9343257
-0.93158865
-0.9376409
-0.93279487
-0.9342228
-0.93040377
-0.93352044
-0.9341938
-0.9358503
-0.9315871
-0.9347864
-0.9319539
-0.9341521
-0.933822
-0.92932343
-0.935475
-0.9342562
-0.93218935
-0.93545324
-0.9335194
-0.938309
-0.93485355
-0.9377723
-0.9329365
-0.93416464
-0.9338315
-0.9358298
-0.9309621
-0.9373341
-0.9339718
-0.9367038
-0.9333539
-0.93419707
-0.93336815
-0.9329484
-0.93634015
-0.93312395
-0.9361454
-0.933117
-0.9354574
-0.9332973
-0.93348765
-0.93252826
-0.9338415
-0.93409187
-0.9336283
-0.93206376
-0.9342515
-0.93724793
-0.9364194
-0.9322755
-0.9343668
-0.9371584
-0.9331714
-0.93488425
-0.9344598
-0.9359382
-0.93088526
-0.93569547
-0.9383464
-0.9340201
-0.93351215
-0.9336176
-0.9338511
-0.9338096
-0.93384564
-0.9305748
-0.93481714
-0.9363263
-0.93658274
-0.93537474
-0.9337202
-0.93718845
-0.9347573
-0.93195516
-0.9379931
-0.9298753
-0.93602914
-0.9338866
-0.932769
-0.9349513
-0.9355399
-0.93567294
-0.930438
-0.9346111
-0.9357744
-0.9367482
-0.9370227
-0.93839175
-0.9351964
-0.93698055
-0.93642724
-0.9365713
-0.9363138
-0.93434864
-0.9351509
-0.9358508
-0.935633
-0.93902016
-0.93496644
-0.9362631
-0.93494993
-0.9345292
-0.9340491
-0.9406423
-0.93213177
-0.93622696
-0.9355893
-0.9359903
-0.9346379
-0.9350111
-0.93465817
-0.93650436
-0.9343974
-0.9335448
-0.936601
-0.9311396
-0.9371402
-0.9372287
-0.93274957
-0.9361576
-0.9296622
-0.9348271
-0.93381137
-0.93530685
-0.93452525
-0.93357223
-0.9339689
-0.93660563
-0.93376946
-0.93585455
-0.93362916
-0.9326869
-0.93320256
-0.93107694
-0.93526256
-0.93108016
-0.93822354
-0.93699443
-0.93731534
-0.9350803
-0.9356766
-0.9357052
-0.9401456
-0.93671465
-0.9329344
-0.93634075
-0.93539894
-0.9345759
-0.93526
-0.9345493
-0.93302
-0.9369206
-0.93840134
-0.93510365
-0.9372385
-0.93524826
-0.93673474
-0.9317231
-0.9374185
-0.9336813
-0.9342047
-0.93652934
-0.9347972
-0.9379117
-0.93615514
-0.936548
-0.93335503
-0.9353868
-0.9366476
-0.9359872
-0.93619007
-0.9367068
-0.9355808
-0.9345817
-0.93506557
-0.93733656
-0.9355703
-0.93462366
-0.9357078
-0.9339739
-0.93699527
-0.93463457
-0.93547827
-0.93620825
-0.9355582
-0.9357781
-0.93148726
-0.9358085
-0.9364587
-0.9312351
-0.9382771
-0.93625027
-0.9381532
-0.93602014
-0.9338339
-0.93652886
-0.9363004
-0.93632525
-0.93723303
-0.9343647
-0.9374006
-0.937162
-0.93263847
-0.93389964
-0.9341116
-0.93644166
-0.93499255
-0.93794733
-0.9362496
-0.9347762
-0.93524224
-0.93611735
-0.93794686
-0.93820095
-0.93607724
-0.93688786
-0.9322309
-0.9372995
-0.93812716
-0.9347093
-0.93048036
-0.9361148
-0.9381161
-0.9369286
-0.93382233
-0.93694586
-0.93545836
-0.937717
-0.93351
-0.9346038
-0.93668324
-0.9353375
-0.9348393
-0.9349717
-0.93745345
-0.93533146
-0.9362385
-0.9354996
-0.9330974
-0.935664
-0.9336174
-0.93928915
-0.93281275
-0.93529534
-0.93401295
-0.93307555
-0.9384803
-0.9345598
-0.9367687
-0.93433696
-0.9385405
-0.93433
-0.93897814
-0.935884
-0.93385553
-0.93547064
-0.93568283
-0.93340665
-0.9383916
-0.93524444
-0.9400653
-0.93440753
-0.93575114
-0.93930835
-0.9374875
-0.93609
-0.93461406
-0.9389474
-0.9352934
-0.93651694
-0.9372995
-0.9348823
-0.9385676
-0.9376567
-0.93329686
-0.93625313
-0.9360826
-0.9357447
-0.9387719
-0.93791467
-0.9340719
-0.93500286
-0.9366207
-0.93548405
-0.93697286
-0.9355619
-0.93568075
-0.933751
-0.9347075
-0.93330055
-0.9323017
-0.9348413
-0.934709
-0.93355197
-0.93222195
-0.93383914
-0.9332779
-0.9303745
-0.9387888
-0.9350096
-0.93895036
-0.93797743
-0.93569636
-0.934616
-0.937398
-0.9320854
-0.9353939
-0.93873733
-0.93617487
-0.9348074
-0.9348133
-0.93192744
-0.9342921
-0.93356234
-0.9380556
-0.93566936
-0.9370951
-0.93373126
-0.93855435
-0.93776816
-0.93762046
-0.9351162
-0.9374954
-0.93655723
-0.93206954
-0.93461627
-0.9396977
-0.93620104
-0.93488455
-0.9381116
-0.9378177
-0.93418676
-0.9396868
-0.9341977
-0.9350416
-0.9328491
-0.93494314
-0.93158334
-0.93907034
-0.93241423
-0.9374245
-0.9364648
-0.9345983
-0.93497574
-0.9378158
-0.9360717
-0.9374697
-0.9363703
-0.93821263
-0.93834454
-0.9372553
-0.93506366
-0.9331466
-0.934757
-0.9350289
-0.9336993
-0.93556255
-0.93941116
-0.9357572
-0.9336206
-0.9363221
-0.93387324
-0.9379944
-0.9388169
-0.9375137
-0.9334653
-0.93420386
-0.9339821
-0.9374557
-0.9349918
-0.93487054
-0.936257
-0.93458605
-0.93465847
-0.9368144
-0.9377277
-0.93798774
-0.93854266
-0.9338451
-0.9377478
-0.93912095
-0.9390839
-0.93425214
-0.9378003
-0.9337432
-0.9371622
-0.9363943
-0.9353029
-0.93746144
-0.93533766
-0.93766546
-0.93572
-0.9358933
-0.93786055
-0.93235314
-0.93456984
-0.9368695
-0.935598
-0.93586624
-0.93649703
-0.9374672
-0.9365133
-0.9355054
-0.93806523
-0.9365638
-0.93946433
-0.935995
-0.93530506
-0.9399369
-0.936395
-0.9412251
-0.94015557
-0.93574566
-0.9360022
-0.93894345
-0.93130887
-0.9358247
-0.9360537
-0.937156
-0.9355765
-0.93780756
-0.93598163
-0.9374681
-0.93713564
-0.9370259
-0.93743455
-0.9353741
-0.9367903
-0.934524
-0.9406775
-0.9403489
-0.93584293
-0.93633854
-0.936497
-0.9390937
-0.93595845
-0.93599725
-0.9332679
-0.93696517
-0.9371029
-0.937246
-0.93911946
-0.93588626
-0.9395172
-0.93477875
-0.93662465
-0.9342357
-0.93536
-0.9370236
-0.9354229
-0.9334327
-0.9341506
-0.9358451
-0.93720067
-0.9384281
-0.93680143
-0.93790084
-0.9352162
-0.93680185
-0.9364424
-0.93665934
-0.9365374
-0.93598795
-0.9354425
-0.9355633
-0.9412928
-0.93763584
-0.9340923
-0.9351178
-0.93511045
-0.93419
-0.9358297
-0.93715376
-0.9353353
-0.93697375
-0.9389818
-0.93637216
-0.93930906
-0.9368236
-0.9374345
-0.93524027
-0.93498504
-0.93753606
-0.9350629
-0.9394851
-0.9377813
-0.9387854
-0.93622357
-0.938903
-0.9387126
-0.93941003
-0.9363838
-0.9394819
-0.9358177
-0.93642473
-0.9402176
-0.9378523
-0.9386004
-0.9381391
-0.9378313
-0.9349952
-0.9344615
-0.93891835
-0.9332709
-0.9405559
-0.9355154
-0.93537474
-0.93559355
-0.93714446
-0.9378321
-0.9389698
-0.93362874
-0.9356937
-0.93541443
-0.93858194
-0.9383492
-0.93625957
-0.9381247
-0.9379654
-0.9379246
-0.9379611
-0.9378012
-0.9344903
-0.9373386
-0.938598
-0.93815356
-0.9372392
-0.9351281
-0.9380443
-0.9345865
-0.9395587
-0.9366665
-0.9328707
-0.93393856
-0.93893903
-0.94173616
-0.9346599
-0.9384787
-0.9368889
-0.93820167
-0.9346912
-0.9405944
-0.9410495
-0.93611324
-0.937567
-0.93648916
-0.9387444
-0.93630874
-0.93532264
-0.93666744
-0.9397333
-0.9363304
-0.9339046
-0.9346619
-0.9366239
-0.9393931
-0.940041
-0.93922913
-0.93724906
-0.93681854
-0.9382583
-0.93705344
-0.9372452
-0.93761665
-0.9345128
-0.93895125
-0.93649507
-0.9361706
-0.93871355
-0.937936
-0.9345661
-0.9347046
-0.93898475
-0.9363748
-0.9378753
-0.9362811
-0.9396683
-0.9376183
-0.9380577
-0.930148
-0.94090617
-0.93606085
-0.9362819
-0.93751615
-0.9390187
-0.93824065
-0.9394886
-0.93777895
-0.93940514
-0.9398504
-0.9375421
-0.94039804
-0.93776613
-0.9367163
-0.9381733
-0.9385819
-0.9312738
-0.93544924
-0.9381763
-0.9350703
-0.9351846
-0.9382883
-0.940032
-0.938212
-0.93896544
-0.9409439
-0.9366652
-0.9369441
-0.93684584
-0.9390666
-0.9362374
-0.94037855
-0.94086844
-0.9347995
-0.93838716
-0.9384783
-0.9392653
-0.9370178
-0.9348507
-0.9375797
-0.934973
-0.93764406
-0.9370814
-0.93548995
-0.93784094
-0.9372486
-0.9380818
-0.93640894
-0.9404552
-0.93670654
-0.9386048
-0.93560165
-0.9377058
-0.9368465
-0.9392749
-0.9403545
-0.9388442
-0.93612534
-0.93565714
-0.9374868
-0.935629
-0.9390974
-0.93838215
-0.93643296
-0.9384948
-0.9388891
-0.9377571
-0.9370634
-0.93785816
-0.9373917
-0.9363098
-0.9389201
-0.9384505
-0.93504435
-0.93734944
-0.9376659
-0.93905056
-0.93732834
-0.9398101
-0.93682325
-0.9393408
-0.9356045
-0.94027525
-0.937143
-0.9399526
-0.93869114
-0.93661857
-0.9381843
-0.94063085
-0.93721014
-0.938002
-0.93563235
-0.9374205
-0.9380818
-0.93960994
-0.9374154
-0.93343645
-0.93892914
-0.9369075
-0.9370968
-0.9358592
-0.93558
-0.9367502
-0.93739367
-0.93432546
-0.93533814
-0.9363492
-0.9373876
-0.937498
-0.9402015
-0.9367175
-0.93425065
-0.9368958
-0.9376513
-0.94132125
-0.93731713
-0.9359554
-0.9348066
-0.93613464
-0.93802494
-0.93825084
-0.93836087
-0.93511224
-0.93714905
-0.9399044
-0.9371954
-0.9398217
-0.93785906
-0.93774956
-0.9357405
-0.93984246
-0.93595207
-0.93578815
-0.9357042
-0.93857133
-0.93929416
-0.9363828
-0.93330425
-0.9390604
-0.933957
-0.93482274
-0.93846846
-0.93910354
-0.93724436
-0.9393481
-0.93669695
-0.9377863
-0.9385704
-0.9343166
-0.9369169
-0.939226
-0.9398589
-0.9398819
-0.93766075
-0.9344373
-0.9394029
-0.9382552
-0.93743443
-0.93512857
-0.93583655
-0.9385661
-0.9358834
-0.9378982
-0.9378004
-0.93624693
-0.937982
-0.93869805
-0.939299
-0.9363236
-0.93736297
-0.93925935
-0.93853915
-0.93739355
-0.93717605
-0.9396519
-0.9381857
-0.93798476
-0.9364442
-0.9382878
-0.93732905
-0.93775666
-0.9388989
-0.93728876
-0.9389751
-0.9393211
-0.93583643
-0.93913984
-0.9402985
-0.93528867
-0.9398
-0.9388973
-0.9381751
-0.9373025
-0.93687046
-0.94030243
-0.9379967
-0.93820584
-0.93795776
-0.93674946
-0.937209
-0.9383047
-0.9377236
-0.935704
-0.9376078
-0.93789995
-0.9404052
-0.93886423
-0.9354126
-0.93549424
-0.9348564
-0.9371076
-0.93813425
-0.93442625
-0.9388305
-0.9352684
-0.9380458
-0.93734396
-0.9354412
-0.93586
-0.9359113
-0.9371951
-0.93981016
-0.9374
-0.9368994
-0.9412167
-0.93505436
-0.93746096
-0.9374596
-0.93588054
-0.939926
-0.93879604
-0.9376158
-0.9364143
-0.94105643
-0.93699414
-0.93741685
-0.9389306
-0.93600714
-0.9392248
-0.93986565
-0.9327002
-0.93755597
-0.937116
-0.9353857
-0.94066805
-0.9384115
-0.9394364
-0.9347068
-0.9402292
-0.9371156
-0.93695444
-0.93846
-0.94050074
-0.93726134
-0.9385419
-0.9359457
-0.9400923
-0.9372525
-0.93748593
-0.93751204
-0.9365541
-0.93973684
-0.93390954
-0.9390327
-0.9376008
-0.9366623
-0.94018996
-0.9424148
-0.9395821
-0.9377844
-0.9407384
-0.936003
-0.9366766
-0.93622583
-0.9377684
-0.9410233
-0.9389076
-0.93912065
-0.93666184
-0.9368267
-0.93864983
-0.93760216
-0.94004107
-0.9391365
-0.93786657
-0.93652517
-0.9413873
-0.93973994
-0.93735147
-0.93717957
-0.93964523
-0.93913954
-0.9398003
-0.93859386
-0.9413683
-0.93847156
-0.93946624
-0.9385106
-0.93786526
-0.938744
-0.9398642
-0.9380048
-0.9342019
-0.93743813
-0.93993205
-0.9340769
-0.93799764
-0.93888235
-0.94177055
-0.938013
-0.9360438
-0.93632734
-0.9388391
-0.9380974
-0.9387918
-0.94076025
-0.93776125
-0.9389927
-0.93912494
-0.93661654
-0.9411371
-0.9364032
-0.93969685
-0.9404267
-0.93613464
-0.93767595
-0.9360345
-0.9386055
-0.9379021
-0.93712705
-0.93928844
-0.9347907
-0.93781024
-0.93696445
-0.9397323
-0.9398962
-0.93925226
-0.9378559
-0.9384388
-0.9399677
-0.9414133
-0.937733
-0.9368389
-0.93910843
-0.9389339
-0.93710995
-0.93806976
-0.9390062
-0.93679184
-0.93778735
-0.9370695
-0.9387982
-0.93605846
-0.9415489
-0.9340441
-0.93946314
-0.9401665
-0.9391887
-0.9379072
-0.9385232
-0.9359839
-0.9395279
-0.9393725
-0.93872595
-0.9404251
-0.9397444
-0.9369769
-0.938883
-0.9373157
-0.9352996
-0.9402036
-0.9392844
-0.9371519
-0.939528
-0.93873936
-0.9411975
-0.93731123
-0.93953896
-0.9399999
-0.9404648
-0.93717766
-0.93862224
-0.93976516
-0.936151
-0.9366603
-0.9363807
-0.94086283
-0.93992126
-0.9369678
-0.93837315
-0.93989617
-0.934948
-0.9373846
-0.94056886
-0.93874353
-0.9371869
-0.93988156
-0.9385984
-0.9382577
-0.93959254
-0.94153994
-0.93799055
-0.93482757
-0.9389508
-0.9374949
-0.9392737
-0.93773514
-0.93880117
-0.94018936
-0.9383742
-0.93870294
-0.9339785
-0.93849635
-0.9424229
-0.93910927
-0.93795675
-0.93208915
-0.9409558
-0.93605155
-0.93851054
-0.9435326
-0.9390165
-0.9391218
-0.9370383
-0.939162
-0.93782294
-0.9386868
-0.9399646
-0.9395589
-0.9397239
-0.9408786
-0.93763757
-0.93776023
-0.93936676
-0.9359934
-0.93817276
-0.9396569
-0.94125044
-0.940333
-0.93992376
-0.9414543
-0.9376329
-0.9405454
-0.93884504
-0.9376319
-0.93951446
-0.9370477
-0.9413134
-0.93708646
-0.93686306
-0.93876445
-0.936915
-0.93544257
-0.93749136
-0.9375922
-0.93781483
-0.94063175
-0.9384145
-0.9353253
-0.9362863
-0.9363031
-0.9381414
-0.937427
-0.9389566
-0.94332635
-0.9403489
-0.93570954
-0.93685204
-0.93734044
-0.9380552
-0.93947893
-0.93869835
-0.94004714
-0.9392525
-0.93845266
-0.93794215
-0.93570685
-0.9386771
-0.9405375
-0.9416891
-0.9371257
-0.9390614
-0.939313
-0.9385015
-0.9339024
-0.93963045
-0.94124657
-0.93954813
-0.93958205
-0.9394172
-0.93861824
-0.9409256
-0.93979937
-0.9417285
-0.93892837
-0.9387854
-0.93467075
-0.93840545
-0.93815386
-0.94121826
-0.9381947
-0.9389546
-0.9380273
-0.93734396
-0.9357026
-0.9375266
-0.933704
-0.94151604
-0.93921363
-0.9402237
-0.9393042
-0.9408891
-0.9375696
-0.9384282
-0.9397023
-0.9409533
-0.9399134
-0.9399207
-0.93765885
-0.93697923
-0.941454
-0.9359132
-0.93796283
-0.9357259
-0.940449
-0.93828577
-0.9372668
-0.9403757
-0.93751436
-0.9405985
-0.9404691
-0.93752515
-0.93848175
-0.93570167
-0.93442655
-0.93997926
-0.9379679
-0.93976986
-0.9367079
-0.93555087
-0.93843836
-0.93795913
-0.94358814
-0.9393317
-0.9393435
-0.9366245
-0.9387421
-0.9381488
-0.93582773
-0.93535644
-0.9396303
-0.94019747
-0.9407747
-0.9388522
-0.93468904
-0.9407016
-0.9363905
-0.9385427
-0.9386108
-0.940297
-0.9380678
-0.9370769
-0.9358648
-0.9390168
-0.94130534
-0.93947124
-0.9398322
-0.94084865
-0.9409165
-0.9430283
-0.94027156
-0.9378482
-0.94242996
-0.9395319
-0.93781835
-0.93989503
-0.94011676
-0.93791354
-0.9360156
-0.9391761
-0.93914837
-0.9422512
-0.9382458
-0.9370172
-0.93608636
-0.9429488
-0.94233733
-0.9396515
-0.9384174
-0.93811184
-0.93817395
-0.9387349
-0.9393687
-0.9392713
-0.94028026
-0.93744236
-0.9373042
-0.93878055
-0.93938637
-0.9376398
-0.9364549
-0.94022626
-0.93849087
-0.9409006
-0.94174504
-0.93925375
-0.93653804
-0.93949
-0.9390743
-0.9377987
-0.93849903
-0.9391297
-0.94096094
-0.9398086
-0.93745345
-0.93756336
-0.93691844
-0.939091
-0.94117665
-0.9411317
-0.937836
-0.93966794
-0.93627995
-0.9404715
-0.9361703
-0.93777484
-0.9418298
-0.94040483
-0.9385892
-0.9415925
-0.9385326
-0.94186956
-0.93496823
-0.94062144
-0.93997616
-0.9419379
-0.9407466
-0.93996155
-0.9347746
-0.94068444
-0.94202536
-0.9408915
-0.94110864
-0.93919116
-0.93932766
-0.9392035
-0.94108033
-0.9378585
-0.939136
-0.9387136
-0.94077826
-0.94066304
-0.9400868
-0.93973905
-0.9397552
-0.9387983
-0.9385208
-0.93889046
-0.9386059
-0.9382399
-0.9423209
-0.9405678
-0.93939406
-0.9385774
-0.9423042
-0.93866605
-0.9390666
-0.94002455
-0.9365345
-0.93972856
-0.94187135
-0.93902844
-0.9389512
-0.9417316
-0.9341042
-0.93999696
-0.93831
-0.93827903
-0.93887746
-0.9387271
-0.940518
-0.939938
-0.9378042
-0.9387637
-0.9390782
-0.93945533
-0.9397118
-0.9417893
-0.93744785
-0.940839
-0.9375634
-0.94020087
-0.9390204
-0.94001734
-0.9375002
-0.9373872
-0.9390818
-0.9404814
-0.93843246
-0.9388984
-0.9409841
-0.94171566
-0.9391422
-0.9411078
-0.9399748
-0.93954295
-0.9393963
-0.94176537
-0.9368971
-0.939891
-0.9377716
-0.94091314
-0.94006026
-0.9368694
-0.9379844
-0.93896276
-0.93876606
-0.93972236
-0.94016886
-0.9399451
-0.9390581
-0.93591475
-0.940996
-0.93708086
-0.93937856
-0.93774754
-0.937803
-0.9399797
-0.9406681
-0.9388578
-0.9379082
-0.93745047
-0.939241
-0.93868977
-0.9405811
-0.93699384
-0.9378298
-0.94101125
-0.93815553
-0.9412908
-0.94085956
-0.94064975
-0.93817157
-0.9365614
-0.9396012
-0.940128
-0.94082874
-0.93773943
-0.93873465
-0.9422511
-0.941173
-0.9393526
-0.9400357
-0.9387456
-0.9380263
-0.941332
-0.93595
-0.93873304
-0.93972623
-0.9394838
-0.9366238
-0.93955266
-0.9374652
-0.93537354
-0.936608
-0.9404459
-0.9360758
-0.94081074
-0.93828696
-0.94058067
-0.9428719
-0.9381935
-0.93922055
-0.9376343
-0.9414417
-0.9361793
-0.9380917
-0.9378259
-0.94088185
-0.9397393
-0.93824667
-0.9378837
-0.94157207
-0.9406303
-0.9360817
-0.9411079
-0.93855256
-0.93964875
-0.9370193
-0.9411047
-0.94033843
-0.94323695
-0.938668
-0.9390484
-0.9393433
-0.9393561
-0.94356835
-0.937694
-0.94109493
-0.93794733
-0.94049615
-0.9424647
-0.9396604
-0.94171536
-0.9393122
-0.9401899
-0.9423581
-0.940752
-0.938285
-0.9362724
-0.94060826
-0.93543494
-0.93616945
-0.93907624
-0.9375707
-0.9393339
-0.93954515
-0.9394644
-0.9395545
-0.93942714
-0.93629515
-0.93852264
-0.9391405
-0.9393964
-0.93851024
-0.9381055
-0.9403193
-0.9376523
-0.93739873
-0.93520874
-0.9390761
-0.94074255
-0.9397374
-0.94087636
-0.94186646
-0.9394434
-0.93661076
-0.9403677
-0.93901414
-0.9383237
-0.94065315
-0.9396912
-0.93895715
-0.9404141
-0.9418931
-0.9430094
-0.94149214
-0.941167
-0.9407752
-0.9420987
-0.9373871
-0.9389924
-0.93680227
-0.9433943
-0.93543553
-0.9400503
-0.93851906
-0.9411223
-0.9400213
-0.9388349
-0.938662
-0.9360039
-0.9405028
-0.93671054
-0.9384403
-0.9363692
-0.93773025
-0.9389109
-0.93969816
-0.9387663
-0.9398616
-0.93927014
-0.9382574
-0.93619215
-0.93781734
-0.937985
-0.93784606
-0.93915397
-0.9377152
-0.94190925
-0.93821394
-0.93778294
-0.93977195
-0.9412682
-0.93911153
-0.9365442
-0.93681246
-0.94133407
-0.93805707
-0.94216955
-0.939711
-0.94294816
-0.9369924
-0.9415559
-0.9440349
-0.93878305
-0.93868333
-0.9376283
-0.94006157
-0.93790025
-0.94166243
-0.94144607
-0.94165915
-0.9381829
-0.9400139
-0.93961936
-0.94180804
-0.9414384
-0.9419635
-0.94076884
-0.9387526
-0.9378356
-0.942875
-0.9402851
-0.93679523
-0.9401137
-0.93979174
-0.93764275
-0.94130516
-0.9407558
-0.9397124
-0.9381789
-0.9364635
-0.94003624
-0.940433
-0.9366737
-0.9402026
-0.93981606
-0.93943775
-0.9391017
-0.93870854
-0.93945056
-0.9396375
-0.9371623
-0.941198
-0.93906367
-0.941714
-0.9391468
-0.94144934
-0.93661696
-0.9401433
-0.9394152
-0.93733007
-0.9400562
-0.94152296
-0.93934053
-0.9398784
-0.94059855
-0.93924606
-0.94322836
-0.9415687
-0.9374158
-0.9391682
-0.9403522
-0.93943876
-0.9398523
-0.9385082
-0.9418763
-0.9437693
-0.9380747
-0.9417422
-0.93974674
-0.9407582
-0.9388919
-0.9396267
-0.9362926
-0.93957776
-0.93934125
-0.93740743
-0.9401874
-0.9410569
-0.94012755
-0.9394714
-0.93961686
-0.93733406
-0.9406751
-0.93946284
-0.9352312
-0.9383944
-0.9404802
-0.94048077
-0.94052523
-0.9419871
-0.9399604
-0.941285
-0.94335604
-0.9362978
-0.93672454
-0.9416053
-0.93867785
-0.94092005
-0.9397143
-0.9394188
-0.9408122
-0.9392745
-0.93719196
-0.9388529
-0.9377307
-0.9406144
-0.9366503
-0.9415587
-0.9397729
-0.9393829
-0.9402008
-0.9390441
-0.93887055
-0.9398026
-0.9383826
-0.93794763
-0.93672377
-0.93788373
-0.9399667
-0.9365549
-0.94075537
-0.9400855
-0.94016445
-0.93827546
-0.93972826
-0.94097984
-0.9388144
-0.94107115
-0.9409614
-0.93991363
-0.9401647
-0.94116604
-0.9410268
-0.9403843
-0.94257826
-0.940207
-0.9391896
-0.9406674
-0.94358754
-0.93888336
-0.9403319
-0.9388217
-0.9402686
-0.9410111
-0.9374801
-0.93999994
-0.93948
-0.9386372
-0.9373109
-0.9414449
-0.939973
-0.94201386
-0.9405287
-0.94389707
-0.9385749
-0.9393368
-0.93786377
-0.9415545
-0.94007814
-0.9418962
-0.9395141
-0.94105625
-0.9386158
-0.9417022
-0.93910664
-0.9415219
-0.9376637
-0.9390624
-0.9406916
-0.94161665
-0.935557
-0.9375358
-0.93790185
-0.93942267
-0.93768305
-0.94044524
-0.93893194
-0.93573946
-0.9343288
-0.93992794
-0.94052
-0.9374284
-0.94102526
-0.9361784
-0.93758667
-0.93750745
-0.9396796
-0.9390476
-0.9387419
-0.94204104
-0.93702734
-0.9400676
-0.9411885
-0.93975496
-0.94031006
-0.9389621
-0.9356742
-0.9374239
-0.940801
-0.93914056
-0.9416646
-0.939659
-0.940057
-0.937423
-0.94107515
-0.93799865
-0.9410965
-0.9422883
-0.94240826
-0.94143313
-0.9417372
-0.94035476
-0.93917274
-0.93903905
-0.9388318
-0.94146484
-0.94177765
-0.9392844
-0.9384633
-0.939216
-0.94288015
-0.93937635
-0.9388606
-0.9391702
-0.9394067
-0.9419536
-0.93868995
-0.9411922
-0.9387492
-0.94156414
-0.94071704
-0.93869704
-0.9408541
-0.94018036
-0.93963814
-0.9391404
-0.9429489
-0.9385722
-0.9401277
-0.94050324
-0.9389115
-0.9404251
-0.9378044
-0.9414374
-0.9412384
-0.9401967
-0.9395973
-0.9412036
-0.941459
-0.93743265
-0.9414211
-0.93785006
-0.93830025
-0.9395249
-0.93749374
-0.93910295
-0.93971676
-0.94275707
-0.9393556
-0.9416311
-0.9367901
-0.9364156
-0.9401399
-0.940106
-0.9422918
-0.9423404
-0.9432144
-0.94232774
-0.94208455
-0.9415056
-0.93721426
-0.94129753
-0.9378813
-0.9389997
-0.93826723
-0.9356573
-0.9388112
-0.93787956
-0.9350166
-0.9416536
-0.94254833
-0.93864274
-0.940617
-0.94160354
-0.94162935
-0.93885154
-0.9406697
-0.9395721
-0.93912685
-0.9385095
-0.9411176
-0.9404004
-0.9375517
-0.9380387
-0.94096726
-0.93851066
-0.938383
-0.93889016
-0.9394084
-0.941039
-0.939691
-0.9403948
-0.93861425
-0.9420577
-0.9422914
-0.93883365
-0.9440932
-0.9390436
-0.94041395
-0.9395992
-0.9411453
-0.94170994
-0.9409778
-0.9411892
-0.93697953
-0.94141936
-0.93884987
-0.9392071
-0.9397883
-0.93944526
-0.94135255
-0.9396079
-0.94082344
-0.94051886
-0.93655163
-0.9390209
-0.9417234
-0.94020456
-0.9408473
-0.9390196
-0.9393893
-0.94022334
-0.93946654
-0.94183296
-0.9405221
-0.9419416
-0.9411565
-0.94219154
-0.9403845
-0.9402035
-0.9435172
-0.94019985
-0.9408919
-0.93989885
-0.9394521
-0.9416172
-0.9399012
-0.9402121
-0.94206357
-0.93618494
-0.94171
-0.9390158
-0.9387093
-0.93949956
-0.94075
-0.94038117
-0.940871
-0.94148225
-0.94209075
-0.93991613
-0.9413434
-0.93881124
-0.9396036
-0.9402462
-0.9394258
-0.9415534
-0.9395155
-0.9426431
-0.93688846
-0.94247216
-0.9414259
-0.94077855
-0.94100356
-0.94199723
-0.9391586
-0.9378256
-0.93735695
-0.940682
-0.9386124
-0.93847454
-0.93833816
-0.9399418
-0.93980175
-0.9389613
-0.9417182
-0.9392827
-0.9389377
-0.938422
-0.9365794
-0.9416902
-0.9416858
-0.9409963
-0.93784004
-0.9424321
-0.9376433
-0.94272274
-0.9394991
-0.93996155
-0.9413224
-0.9392057
-0.9410813
-0.9381785
-0.9387265
-0.9411009
-0.9403955
-0.94246954
-0.9398689
-0.9419639
-0.9422451
-0.9383266
-0.94379085
-0.9377558
-0.94192994
-0.9387581
-0.94122237
-0.9417641
-0.93985534
-0.9423073
-0.9398154
-0.94105947
-0.93858117
-0.9407976
-0.94054127
-0.9403216
-0.9432872
-0.9392028
-0.9393053
-0.94262636
