-0.3997187
-0.39246976
-0.39021343
-0.41071257
-0.40556237
-0.39824608
-0.40363115
-0.4207708
-0.40744445
-0.42951554
-0.43514526
-0.42090484
-0.42873856
-0.44105652
-0.43301535
-0.44160044
-0.45874295
-0.45595658
-0.4482453
-0.45249704
-0.44879732
-0.4622835
-0.45444697
-0.48564333
-0.48265734
-0.4810919
-0.4898992
-0.49067277
-0.49370152
-0.49820283
-0.5106931
-0.5200722
-0.5247303
-0.52215177
-0.52102596
-0.5333069
-0.53993237
-0.53924394
-0.5565961
-0.54167175
-0.5591855
-0.56229347
-0.5576778
-0.54457444
-0.5670286
-0.5569802
-0.5670828
-0.5572049
-0.5487903
-0.55933994
-0.55203307
-0.5626289
-0.5649038
-0.55885917
-0.5621671
-0.56735665
-0.5585541
-0.56727827
-0.55661744
-0.5553395
-0.56646174
-0.56668687
-0.5626893
-0.5581755
-0.561771
-0.5603572
-0.55750006
-0.5739064
-0.55826765
-0.57246184
-0.55572647
-0.57095087
-0.57112
-0.5600958
-0.55065006
-0.55594164
-0.5675872
-0.55163455
-0.566348
-0.56544745
-0.5611245
-0.5653813
-0.5704322
-0.5628583
-0.5589717
-0.55861723
-0.5707072
-0.5654929
-0.56111205
-0.5865336
-0.56328183
-0.54836935
-0.5562063
-0.57076067
-0.56328464
-0.55652934
-0.56647515
-0.57441014
-0.5674355
-0.56020904
-0.57093227
-0.5749672
-0.55941534
-0.5803541
-0.57319427
-0.5708427
-0.56830245
-0.58183485
-0.5627565
-0.567641
-0.56892455
-0.5605344
-0.5703425
-0.58594894
-0.5713824
-0.5707919
-0.5644177
-0.56976247
-0.57711154
-0.56642777
-0.5715178
-0.56630266
-0.5661756
-0.56922424
-0.56917644
-0.57659745
-0.5673964
-0.56423455
-0.55755824
-0.5602656
-0.5606116
-0.57720065
-0.573917
-0.564593
-0.5718445
-0.57450044
-0.5680427
-0.57350874
-0.57341695
-0.558885
-0.586289
-0.56591517
-0.5724801
-0.566684
-0.5705439
-0.58325076
-0.5811781
-0.57108104
-0.5736557
-0.57094306
-0.57682496
-0.5722008
-0.5820759
-0.57561255
-0.5755364
-0.5706217
-0.57274294
-0.57473177
-0.56834745
-0.5709092
-0.57562816
-0.57996804
-0.5704962
-0.5746455
-0.5746973
-0.5768738
-0.5766386
-0.57276374
-0.5823293
-0.56942904
-0.58253866
-0.57986104
-0.58315104
-0.58065915
-0.5855225
-0.5821986
-0.5821658
-0.57525337
-0.5853386
-0.5743791
-0.6022256
-0.57488513
-0.5746806
-0.58066404
-0.57875144
-0.57304966
-0.57459676
-0.58691
-0.5741849
-0.58955294
-0.58207047
-0.57627535
-0.5879699
-0.5862156
-0.58295506
-0.59367394
-0.5872979
-0.57799035
-0.57472384
-0.597519
-0.5831449
-0.5727487
-0.59453005
-0.58407414
-0.5866305
-0.5714678
-0.5885905
-0.5787654
-0.58852094
-0.58777213
-0.57245225
-0.58446765
-0.5845515
-0.58677995
-0.58754027
-0.58500725
-0.587132
-0.5769378
-0.5894354
-0.5883594
-0.5809018
-0.5871446
-0.5817042
-0.5952007
-0.5894086
-0.58670294
-0.5868119
-0.5925908
-0.5830726
-0.59597677
-0.59239686
-0.5931763
-0.58361804
-0.59655535
-0.5970816
-0.5872771
-0.5871696
-0.5958603
-0.58932155
-0.5898252
-0.5942139
-0.59246904
-0.60017025
-0.59637123
-0.5815161
-0.58742166
-0.5919027
-0.5931995
-0.6012684
-0.5923467
-0.6098372
-0.6019519
-0.59167784
-0.58965224
-0.60104346
-0.5973286
-0.59198225
-0.600929
-0.58833945
-0.59757173
-0.6036442
-0.5961979
-0.5955172
-0.60409856
-0.59277874
-0.59695023
-0.59182364
-0.5991269
-0.5994045
-0.6001316
-0.5952348
-0.59708583
-0.6047493
-0.5982331
-0.5914207
-0.59918964
-0.6026066
-0.6063444
-0.61143374
-0.5949897
-0.600288
-0.59343994
-0.5936819
-0.59158456
-0.5938257
-0.6095317
-0.59302133
-0.59188694
-0.5955135
-0.59798795
-0.6069261
-0.61669284
-0.5998859
-0.6069381
-0.5979298
-0.6022916
-0.59687185
-0.60320675
-0.60210276
-0.60071725
-0.6092264
-0.60559845
-0.60073584
-0.5912862
-0.58967495
-0.60410875
-0.6108666
-0.6062528
-0.59797746
-0.6053119
-0.60521054
-0.6066595
-0.6075107
-0.6002056
-0.59971106
-0.61262345
-0.60089296
-0.6149372
-0.6200296
-0.6087497
-0.5987874
-0.6092235
-0.5971878
-0.60665125
-0.6153874
-0.6152745
-0.6082486
-0.61668825
-0.6122255
-0.6104154
-0.61423004
-0.61489004
-0.59517896
-0.6077184
-0.6020557
-0.6093852
-0.6112082
-0.6075818
-0.6042868
-0.61037815
-0.60436106
-0.6025833
-0.60408264
-0.61471546
-0.6133695
-0.6088462
-0.603978
-0.6067475
-0.60955876
-0.60838497
-0.6120969
-0.618396
-0.60296696
-0.60629195
-0.6169363
-0.61331236
-0.6061405
-0.61188376
-0.6179651
-0.61633086
-0.6122411
-0.6148956
-0.6133032
-0.61098635
-0.6090006
-0.6350887
-0.61288434
-0.6191522
-0.6081033
-0.6195577
-0.62196267
-0.61724085
-0.6217409
-0.6178603
-0.6071295
-0.6076769
-0.6147301
-0.6216138
-0.6270686
-0.6191419
-0.61990947
-0.62395203
-0.6216427
-0.6235489
-0.6218825
-0.6250916
-0.625424
-0.6235726
-0.62564087
-0.6235952
-0.6216497
-0.61736655
-0.6091197
-0.613636
-0.61652046
-0.6215972
-0.6123757
-0.6186448
-0.62600714
-0.62249047
-0.6158156
-0.6246473
-0.6231495
-0.6312809
-0.6263487
-0.62190133
-0.62306356
-0.6273145
-0.6267839
-0.62331784
-0.6263297
-0.618159
-0.6199815
-0.6216396
-0.6230852
-0.62176526
-0.6260878
-0.6238841
-0.63321847
-0.62382805
-0.6221213
-0.62519735
-0.63349044
-0.62164557
-0.6198573
-0.6199894
-0.61366475
-0.6219509
-0.6191506
-0.6234099
-0.6268194
-0.6202444
-0.6153238
-0.6133133
-0.6216841
-0.6212787
-0.6285452
-0.62090594
-0.6158874
-0.6250379
-0.62798524
-0.623795
-0.61945623
-0.62179613
-0.62498176
-0.62486607
-0.6225695
-0.6156642
-0.62409306
-0.6241225
-0.6310659
-0.6363049
-0.6222287
-0.6171502
-0.62887317
-0.62863094
-0.61689925
-0.61500657
-0.61495876
-0.6219367
-0.6217135
-0.6193137
-0.6267975
-0.6199683
-0.6264175
-0.6323164
-0.6338909
-0.6228028
-0.6208109
-0.6278391
-0.6250297
-0.6298867
-0.6302594
-0.6251925
-0.62709665
-0.63001204
-0.61548555
-0.63222814
-0.63131094
-0.6205739
-0.6314346
-0.6306187
-0.629075
-0.63742214
-0.63303214
-0.621217
-0.6266711
-0.6319637
-0.62264943
-0.6187068
-0.6322761
-0.62198126
-0.6205465
-0.6299146
-0.6276713
-0.63608557
-0.6278398
-0.6271241
-0.62384117
-0.62271833
-0.622232
-0.63347095
-0.6251125
-0.61887765
-0.61954373
-0.6250997
-0.6300902
-0.6244484
-0.62412685
-0.6287355
-0.63031536
-0.62793857
-0.6343233
-0.62658185
-0.62387764
-0.62827003
-0.63733876
-0.6191478
-0.6346786
-0.62492144
-0.62501764
-0.6342322
-0.6127399
-0.62438565
-0.6316219
-0.63501304
-0.62765247
-0.6331167
-0.6247596
-0.62228453
-0.620176
-0.63110095
-0.63444895
-0.6283201
-0.633779
-0.62410057
-0.61825407
-0.61496127
-0.61394346
-0.62841254
-0.62651294
-0.6190399
-0.61828536
-0.62168777
-0.62451965
-0.62096894
-0.62173957
-0.6184622
-0.61247003
-0.6318425
-0.6270962
-0.6244843
-0.62750113
-0.62672627
-0.62736136
-0.6299381
-0.63831204
-0.6298965
-0.6307201
-0.63176495
-0.63819027
-0.623384
-0.6344244
-0.6279852
-0.6273066
-0.6346843
-0.6235249
-0.6413237
-0.63033855
-0.63904536
-0.6270158
-0.62879103
-0.63581675
-0.63816106
-0.6360636
-0.6277688
-0.6386392
-0.6290406
-0.629475
-0.6329327
-0.6319231
-0.6286641
-0.6354953
-0.6383521
-0.62377477
-0.6268409
-0.62377465
-0.63298446
-0.6233628
-0.6182843
-0.62840515
-0.62147635
-0.63182384
-0.63760275
-0.6217643
-0.62881297
-0.6255646
-0.62367445
-0.6178106
-0.6256535
-0.6163615
-0.6343072
-0.6248152
-0.6377127
-0.63155675
-0.62275374
-0.6223434
-0.6271789
-0.6241282
-0.6362288
-0.6176416
-0.621462
-0.62553287
-0.62243843
-0.62960714
-0.6241912
-0.63187057
-0.6283583
-0.62688774
-0.6277123
-0.628639
-0.6337518
-0.6287238
-0.63117665
-0.63371426
-0.62160325
-0.6370481
-0.62992495
-0.63689446
-0.6332405
-0.6361284
-0.62907094
-0.63024575
-0.63252604
-0.6289506
-0.6231224
-0.63111556
-0.6196362
-0.62368715
-0.63218784
-0.62623554
-0.64261866
-0.6379753
-0.64377975
-0.63404566
-0.62352437
-0.6299713
-0.63582116
-0.6364242
-0.61901486
-0.6230825
-0.63374823
-0.62688893
-0.639778
-0.62351006
-0.6395727
-0.6272711
-0.6247702
-0.6338364
-0.6362808
-0.6271112
-0.62863284
-0.6411261
-0.631122
-0.63663596
-0.6339923
-0.6275763
-0.638634
-0.6322109
-0.6340759
-0.63833386
-0.63295406
-0.632952
-0.63819927
-0.64049643
-0.62916225
-0.63498974
-0.63010865
-0.6296703
-0.6363324
-0.63165593
-0.6383314
-0.64011437
-0.6331221
-0.63027704
-0.6300128
-0.6200335
-0.635444
-0.6309826
-0.6238281
-0.62744504
-0.62759787
-0.63629925
-0.6350799
-0.6303399
-0.63255864
-0.63547593
-0.62919986
-0.6251096
-0.62350804
-0.6241704
-0.6321689
-0.62545455
-0.6366129
-0.6285348
-0.6345868
-0.6305928
-0.62927955
-0.61763126
-0.6234036
-0.628527
-0.6301059
-0.6296177
-0.6340516
-0.63930583
-0.63254535
-0.6331356
-0.61694294
-0.6284693
-0.6459397
-0.63331527
-0.6420533
-0.63110054
-0.62825817
-0.62854123
-0.61920804
-0.632476
-0.627467
-0.6379562
-0.6357147
-0.6337012
-0.6262357
-0.625428
-0.6329235
-0.6158281
-0.64075315
-0.6286995
-0.6333031
-0.6258882
-0.6353247
-0.6290927
-0.6276913
-0.6332076
-0.6328259
-0.6337841
-0.63181174
-0.6227859
-0.6322012
-0.6333679
-0.64506614
-0.64024377
-0.6344249
-0.6300548
-0.6354638
-0.6324928
-0.64173514
-0.6281116
-0.63383603
-0.6348369
-0.62662977
-0.6204354
-0.6374375
-0.6329722
-0.63295966
-0.6339981
-0.6205938
-0.6337731
-0.63291836
-0.62916225
-0.6310894
-0.6319174
-0.62471837
-0.6487527
-0.6381786
-0.62933475
-0.6403992
-0.6308769
-0.6365916
-0.63022506
-0.63877535
-0.639196
-0.63279116
-0.6327216
-0.6437985
-0.62981355
-0.6223216
-0.62507856
-0.63126165
-0.632192
-0.63888687
-0.6381025
-0.63891613
-0.6404644
-0.6292766
-0.6304821
-0.6336877
-0.6314394
-0.6287665
-0.6444931
-0.6434568
-0.62985903
-0.6393067
-0.64628273
-0.6396941
-0.63463545
-0.63487834
-0.6267398
-0.63676614
-0.6333971
-0.63410115
-0.63458234
-0.62584543
-0.63212097
-0.63709617
-0.6427835
-0.62654364
-0.64105994
-0.6369496
-0.6319043
-0.6326435
-0.6367113
-0.6322555
-0.63265234
-0.63111585
-0.62630683
-0.6302215
-0.6373262
-0.63465875
-0.6385992
-0.6408185
-0.6400605
-0.63972473
-0.6289201
-0.6389376
-0.6306264
-0.63859653
-0.63328004
-0.6296526
-0.6380194
-0.6390818
-0.6317426
-0.6315721
-0.636062
-0.6276048
-0.64015645
-0.62684
-0.63818675
-0.61892813
-0.6444302
-0.6313706
-0.64293724
-0.63619524
-0.6296754
-0.6313935
-0.6338599
-0.63459396
-0.6300448
-0.6343956
-0.6422478
-0.6420393
-0.6317712
-0.63789177
-0.63475055
-0.6275324
-0.6328824
-0.62269795
-0.6296814
-0.62936586
-0.6318893
-0.62869143
-0.6306859
-0.64108485
-0.63558626
-0.6331273
-0.63524723
-0.6252509
-0.6342524
-0.6388271
-0.63659275
-0.6344105
-0.63781023
-0.63526535
-0.6290097
-0.63390297
-0.63714135
-0.62751186
-0.6320981
-0.6445242
-0.6291092
-0.6358362
-0.62927437
-0.6354796
-0.6445027
-0.6396927
-0.6399106
-0.6411727
-0.63574654
-0.6341831
-0.6393701
-0.6418937
-0.6442624
-0.62354225
-0.6368799
-0.6363241
-0.62975526
-0.629968
-0.6261877
-0.6400166
-0.63407487
-0.6425713
-0.6359311
-0.6364449
-0.6290049
-0.6392422
-0.63337487
-0.63902104
-0.62572366
-0.6342649
-0.6265228
-0.63532674
-0.6310002
-0.6284027
-0.629232
-0.62838167
-0.6355473
-0.6305673
-0.624658
-0.6329418
-0.6377578
-0.6378109
-0.62986475
-0.64870614
-0.63328433
-0.6377755
-0.6400094
-0.63735956
-0.6332667
-0.63993174
-0.6439894
-0.64054585
-0.6312929
-0.6305513
-0.63008165
-0.6300909
-0.6342079
-0.6426944
-0.6274668
-0.63572353
-0.63441074
-0.6430841
-0.6353024
-0.641886
-0.6349312
-0.63466436
-0.64189786
-0.6412459
-0.6299622
-0.64446783
-0.6337136
-0.64485526
-0.6300701
-0.6390602
-0.62168676
-0.63803554
-0.6339662
-0.63481665
-0.64164585
-0.6343176
-0.64160424
-0.63039494
-0.6268201
-0.62367666
-0.63529676
-0.6325695
-0.62884814
-0.6326478
-0.6435053
-0.646866
-0.63076854
-0.6427952
-0.63344043
-0.62787634
-0.6372028
-0.6440767
-0.63237
-0.6477067
-0.6343932
-0.6314153
-0.628932
-0.6340603
-0.6302633
-0.6316365
-0.6366818
-0.6388394
-0.629293
-0.6299018
-0.62886775
-0.6471439
-0.6306472
-0.6312538
-0.6362276
-0.6360268
-0.6371247
-0.64084935
-0.63287675
-0.64509
-0.6312413
-0.6272303
-0.64479214
-0.6297036
-0.6324898
-0.64237607
-0.6303514
-0.62830037
-0.6337333
-0.63346463
-0.6389323
-0.6217529
-0.6434635
-0.64179397
-0.63234264
-0.63465995
-0.62899745
-0.6293853
-0.64205617
-0.6416898
-0.64857364
-0.62950695
-0.6441926
-0.6469742
-0.6332402
-0.63858396
-0.63096386
-0.6306149
-0.64385724
-0.6413336
-0.64634824
-0.62811905
-0.64639115
-0.63905984
-0.64531153
-0.65097034
-0.64730966
-0.63645315
-0.63795835
-0.64313346
-0.64290667
-0.64181644
-0.6385112
-0.6331782
-0.6354029
-0.6308181
-0.6340681
-0.6344955
-0.6389254
-0.6259878
-0.63383293
-0.6374805
-0.63821954
-0.63094676
-0.63963455
-0.64012504
-0.6327013
-0.63616174
-0.64264125
-0.6419454
-0.63089937
-0.63665324
-0.6379424
-0.6362839
-0.632545
-0.6436982
-0.63671404
-0.62735254
-0.63440555
-0.6409017
-0.62829727
-0.63995486
-0.6337343
-0.63307947
-0.6357272
-0.63965535
-0.6326583
-0.6353903
-0.63912934
-0.63799286
-0.63668233
-0.63696927
-0.64089525
-0.63284546
-0.6330063
-0.6361872
-0.6349555
-0.6338921
-0.6376415
-0.62217164
-0.63498956
-0.6348186
-0.635996
-0.6440384
-0.64143544
-0.6304553
-0.6385177
-0.6356228
-0.6312552
-0.6452525
-0.6408115
-0.6223006
-0.62954175
-0.63010645
-0.6345008
-0.63386554
-0.6245831
-0.64070433
-0.63853717
-0.6383287
-0.6291808
-0.6378899
-0.635983
-0.63686997
-0.641958
-0.6301665
-0.64377636
-0.635193
-0.63407767
-0.63050777
-0.6378808
-0.6305461
-0.64019805
-0.63030463
-0.63792056
-0.6352744
-0.6379174
-0.64439046
-0.6278247
-0.6495422
-0.6443885
-0.6331948
-0.642847
-0.63058704
-0.6383549
-0.63857394
-0.63580865
-0.6369627
-0.63579875
-0.6285882
-0.6366455
-0.6410952
-0.6287848
-0.6359184
-0.63773894
-0.63379025
-0.64287674
-0.642803
-0.6391421
-0.63885224
-0.63483274
-0.64824396
-0.636077
-0.6311816
-0.63055444
-0.6393295
-0.64280564
-0.63275313
-0.63503844
-0.6360133
-0.6335505
-0.64303505
-0.6295787
-0.6382308
-0.63184834
-0.6327943
-0.63322085
-0.64470905
-0.6334446
-0.63907385
-0.64280266
-0.6389313
-0.6345422
-0.64283043
-0.6315864
-0.63484097
-0.6316871
-0.63868386
-0.6326212
-0.6486742
-0.6371826
-0.63981193
-0.6424809
-0.63841647
-0.6375653
-0.63305837
-0.6370247
-0.6379323
-0.63333416
-0.6311394
-0.6375995
-0.6365051
-0.64534116
-0.6432207
-0.63360435
-0.6322062
-0.6384688
-0.634774
-0.6353438
-0.6402064
-0.6355965
-0.6264145
-0.64020413
-0.6323794
-0.640179
-0.639544
-0.6452909
-0.63317275
-0.6434184
-0.63707036
-0.6426573
-0.64241654
-0.6419543
-0.63169074
-0.6342749
-0.64461035
-0.63902265
-0.63356644
-0.6282126
-0.63168436
-0.6358943
-0.6401617
-0.6309042
-0.63651526
-0.632147
-0.64013374
-0.638532
-0.635968
-0.6333257
-0.6472497
-0.63550174
-0.6373773
-0.6341966
-0.630703
-0.6334461
-0.6504223
-0.6401384
-0.6386536
-0.6393701
-0.6350653
-0.63460994
-0.6279489
-0.63524824
-0.62969995
-0.64096236
-0.6462622
-0.6365073
-0.6425435
-0.65269744
-0.64129305
-0.63973916
-0.6395976
-0.63684934
-0.6381971
-0.64349794
-0.6424446
-0.6373068
-0.6274903
-0.63824654
-0.63524294
-0.6329064
-0.64159894
-0.6355267
-0.63602334
-0.6423162
-0.633619
-0.64410156
-0.63514084
-0.62863755
-0.64113456
-0.63496256
-0.6404598
-0.6307911
-0.63763654
-0.6346998
-0.6428776
-0.64188683
-0.63748676
-0.6341603
-0.6319897
-0.64399517
-0.63930523
-0.62762994
-0.6365121
-0.6322076
-0.6323046
-0.62778246
-0.6293566
-0.62555206
-0.6341977
-0.6306944
-0.64548945
-0.6402612
-0.6335747
-0.6458543
-0.6409412
-0.6415797
-0.6449091
-0.63107115
-0.6391505
-0.6475563
-0.64136016
-0.6354853
-0.63589334
-0.64200556
-0.6455711
-0.6317936
-0.63566047
-0.652985
-0.6397315
-0.6433338
-0.6493231
-0.63400763
-0.6323202
-0.63212234
-0.64163345
-0.639819
-0.64770377
-0.63389874
-0.6370934
-0.6322761
-0.6294223
-0.638527
-0.64206195
-0.6394286
-0.63044155
-0.6327596
-0.6484058
-0.63358134
-0.63444096
-0.6380335
-0.63341594
-0.6285179
-0.6360566
-0.6390491
-0.6308451
-0.631419
-0.6327767
-0.6347733
-0.639846
-0.6294967
-0.63636357
-0.6368468
-0.63561046
-0.6391014
-0.6397121
-0.626794
-0.6328251
-0.6350267
-0.6321023
-0.6367572
-0.65228146
-0.6374627
-0.6430191
-0.64299476
-0.64678985
-0.64983106
-0.6383658
-0.6383442
-0.6364846
-0.64423645
-0.62892383
-0.6390258
-0.6392744
-0.642534
-0.63572645
-0.64057225
-0.63509333
-0.6373731
-0.6345984
-0.62682515
-0.6417283
-0.6397516
-0.6279759
-0.62970847
-0.6393848
-0.62938285
-0.6452703
-0.63945305
-0.6455139
-0.6328883
-0.62825996
-0.6378048
-0.6360616
-0.6431681
-0.63805985
-0.6207921
-0.6331839
-0.6431006
-0.6376588
-0.63423115
-0.6443162
-0.6444716
-0.64312285
-0.6299891
-0.6383755
-0.65095466
-0.64172924
-0.630875
-0.64142376
-0.64497507
-0.642607
-0.6464093
-0.6472996
-0.632819
-0.6389668
-0.6406756
-0.6429352
-0.6436847
-0.64089537
-0.6398273
-0.64635026
-0.6363314
-0.63939416
-0.63922024
-0.63476735
-0.6405514
-0.6350081
-0.6390565
-0.6333355
-0.6442758
-0.63819003
-0.6433162
-0.6458071
-0.6360679
-0.64900905
-0.64285606
-0.6392849
-0.64598817
-0.64396775
-0.64330685
-0.6436824
-0.6336401
-0.6473324
-0.6374306
-0.63698083
-0.64282966
-0.63887405
-0.6411474
-0.64333326
-0.641873
-0.63474995
-0.6433771
-0.638707
-0.64463884
-0.62998456
-0.63606757
-0.6345613
-0.63114744
-0.63530403
-0.6531569
-0.64234084
-0.64094996
-0.634204
-0.6351002
-0.64102143
-0.6398766
-0.6332034
-0.6357837
-0.63543475
-0.62484795
-0.6396922
-0.63901854
-0.64060235
-0.63709575
-0.6338733
-0.6418144
-0.6387499
-0.6405512
-0.6455268
-0.64109856
-0.6440504
-0.64250886
-0.6293369
-0.62961876
-0.6363646
-0.6378938
-0.6308408
-0.6446606
-0.64383274
-0.6356923
-0.6343127
-0.6389467
-0.6423796
-0.63416725
-0.64074045
-0.63464016
-0.62701684
-0.637454
-0.6380211
-0.6424099
-0.6440074
-0.639257
-0.63775694
-0.6498883
-0.64261323
-0.63770866
-0.6430899
-0.6407711
-0.6330202
-0.63418144
-0.6501958
-0.63551617
-0.63813144
-0.6432254
-0.63613975
-0.63456106
-0.6417769
-0.6338977
-0.63264966
-0.6258125
-0.638286
-0.63592046
-0.6460083
-0.63734126
-0.6391908
-0.64305526
-0.6353318
-0.6399635
-0.62684673
-0.6336159
-0.6494932
-0.6316459
-0.6427793
-0.6390669
-0.63792664
-0.6369363
-0.6388003
-0.63978493
-0.641672
-0.64143276
-0.6325119
-0.64107364
-0.6387197
-0.6403916
-0.63682836
-0.64079106
-0.6414736
-0.64561915
-0.64058065
-0.63057667
-0.6526302
-0.64495814
-0.64043385
-0.6330007
-0.641423
-0.63786846
-0.6384982
-0.63626564
-0.6364091
-0.6471741
-0.6485371
-0.6484962
-0.6341313
-0.63250196
-0.63837856
-0.6410481
-0.6281974
-0.6351984
-0.6396771
-0.63557345
-0.63764024
-0.6437867
-0.638287
-0.6464055
-0.63542795
-0.64261514
-0.6374982
-0.63426816
-0.6377657
-0.6404875
-0.6424392
-0.6480051
-0.64734924
-0.6334723
-0.6412957
-0.63070804
-0.63894135
-0.65332335
-0.6318415
-0.6354297
-0.648993
-0.6385512
-0.63520855
-0.6382923
-0.64133996
-0.643054
-0.6424745
-0.6408567
-0.64498097
-0.65027505
-0.6413018
-0.63710123
-0.63660794
-0.64635944
-0.64311457
-0.6261302
-0.6472907
-0.6423862
-0.6411942
-0.6343829
-0.6390106
-0.6371011
-0.6412052
-0.62841654
-0.6443883
-0.64905095
-0.644048
-0.6346151
-0.6384283
-0.6411096
-0.6385321
-0.65211695
-0.64667207
-0.64252377
-0.63376695
-0.634837
-0.6422394
-0.6410605
-0.64151293
-0.638566
-0.6383292
-0.6349624
-0.63715327
-0.63642746
-0.62505925
-0.63691217
-0.6453261
-0.6427934
-0.6463
-0.6410921
-0.6528296
-0.64554197
-0.6428954
-0.6447636
-0.6418612
-0.6479638
-0.6390615
-0.63691884
-0.64377177
-0.6392363
-0.6397504
-0.65436834
-0.6427126
-0.64155406
-0.6382582
-0.6356578
-0.6405853
-0.6446959
-0.64181745
-0.63656694
-0.6362445
-0.6386216
-0.6362999
-0.6280533
-0.6392161
-0.64408284
-0.64163715
-0.6297646
-0.6379508
-0.63763005
-0.63889956
-0.6380557
-0.64185107
-0.63582
-0.64423853
-0.6352486
-0.63715786
-0.6394636
-0.6479243
-0.6354259
-0.6451797
-0.6395868
-0.6399864
-0.6419294
-0.63527536
-0.64965755
-0.6314409
-0.63554287
-0.6360715
-0.63860524
-0.63781476
-0.64382535
-0.6311706
-0.63798416
-0.6336877
-0.63315547
-0.65080976
-0.64808947
-0.6371554
-0.6491763
-0.63685685
-0.6296308
-0.63795394
-0.6405023
-0.6422179
-0.63371855
-0.6435621
-0.65530336
-0.6517324
-0.62546015
-0.6423338
-0.6419677
-0.638046
-0.6482211
-0.6461507
-0.6421564
-0.6503999
-0.64816236
-0.6341634
-0.6415999
-0.62562776
-0.6385209
-0.63582504
-0.63526416
-0.64835584
-0.64115226
-0.6417798
-0.6351943
-0.632766
-0.6444198
-0.6466135
-0.6411688
-0.63910455
-0.6321612
-0.64695835
-0.6417231
-0.6393417
-0.642127
-0.64392126
-0.63954765
-0.62733465
-0.64955217
-0.64362365
-0.6489156
-0.6432415
-0.6353062
-0.6421268
-0.643014
-0.63261795
-0.6331187
-0.64023435
-0.6416832
-0.6424342
-0.64267266
-0.6430658
-0.632439
-0.6451601
-0.6474415
-0.64030856
-0.6388323
-0.64177996
-0.6384534
-0.64037824
-0.63418096
-0.6361505
-0.6364241
-0.6419664
-0.65130377
-0.64035755
-0.6408546
-0.6531592
-0.63680327
-0.6458808
-0.6282257
-0.62798065
-0.6371357
-0.6494621
-0.6334063
-0.6358654
-0.64445776
-0.6378926
-0.6514784
-0.6317503
-0.6386758
-0.6452208
-0.64996874
-0.64073604
-0.6423898
-0.6381486
-0.6471388
-0.6390843
-0.63936806
-0.64230067
-0.64730704
-0.6344885
-0.64823353
-0.64531857
-0.64663047
-0.63437504
-0.63083506
-0.64051616
-0.63925225
-0.63690126
-0.639874
-0.6391884
-0.63696086
-0.64263725
-0.63597393
-0.6479419
-0.6395687
-0.63992566
-0.6400307
-0.6502238
-0.6390102
-0.63876927
-0.63557136
-0.6371809
-0.64808583
-0.6404951
-0.6335024
-0.6440774
-0.6406971
-0.6304026
-0.65078074
-0.64788663
-0.6424899
-0.6427246
-0.6334645
-0.6354751
-0.62778664
-0.6468914
-0.64091194
-0.6353832
-0.6422527
-0.6432855
-0.63977504
-0.6375589
-0.6367408
-0.6275798
-0.6363316
-0.63801205
-0.6385819
-0.6442544
-0.6405731
-0.63684005
-0.63959044
-0.64338577
-0.6347182
-0.63953686
-0.6466791
-0.6515385
-0.6454362
-0.6496371
-0.6397013
-0.6441568
-0.6423938
-0.6346046
-0.6399243
-0.638921
-0.64306474
-0.63762623
-0.63412297
-0.6382709
-0.63584566
-0.63353974
-0.6422147
-0.6362153
-0.64760596
-0.63974184
-0.6437738
-0.63514405
-0.6435717
-0.6489181
-0.64789903
-0.64734334
-0.6463359
-0.6500213
-0.649586
-0.6460878
-0.63514525
-0.6415842
-0.63568234
-0.6391845
-0.6490109
-0.63251483
-0.63803416
-0.642138
-0.6481643
-0.63138574
-0.6405296
-0.63629305
-0.6325962
-0.639392
-0.63917345
-0.642192
-0.6418518
-0.64264715
-0.6426033
-0.63225746
-0.63179415
-0.64236087
-0.6399822
-0.64926577
-0.6392325
-0.6313685
-0.64598995
-0.6378737
-0.64603186
-0.6409731
-0.64550996
-0.63034743
-0.6378821
-0.63956
-0.6414439
-0.6329174
-0.64930123
-0.6455911
-0.6431318
-0.63774145
-0.63947153
-0.64993894
-0.64681035
-0.62387484
-0.64046687
-0.64093715
-0.64041144
-0.63025373
-0.6434041
-0.6427547
-0.6426745
-0.6395275
-0.64849854
-0.643571
-0.64386857
-0.6459369
-0.63518274
-0.6432444
-0.6390002
-0.6435946
-0.64161235
-0.63323176
-0.6423894
-0.64634705
-0.64670587
-0.63756657
-0.6359333
-0.637215
-0.6450114
-0.63962686
-0.6485955
-0.63970137
-0.6367654
-0.64083713
-0.63441783
-0.6452322
-0.6418319
-0.63560194
-0.64038366
-0.6440485
-0.6407923
-0.6486178
-0.64708817
-0.63776094
-0.6334211
-0.65349007
-0.6445501
-0.64578736
-0.6368025
-0.64772844
-0.64254045
-0.64112556
-0.6421445
-0.64353865
-0.6399689
-0.64797217
-0.6363534
-0.6455186
-0.6390931
-0.64003164
-0.643207
-0.6365073
-0.6425363
-0.64723516
-0.6387027
-0.6408391
-0.64074534
-0.64360416
-0.6373777
-0.6417686
-0.65204275
-0.6521369
-0.64976764
-0.63927966
-0.6478198
-0.6469699
-0.6413713
-0.6421379
-0.64381725
-0.6509223
-0.64582205
-0.64623064
-0.6385262
-0.6471765
-0.63910365
-0.63368726
-0.6448416
-0.64599943
-0.6401657
-0.6376949
-0.64613175
-0.63659793
-0.6397598
-0.6411707
-0.64654523
-0.6372852
-0.63701093
-0.6426709
-0.6475601
-0.6440147
-0.6346863
-0.6452993
-0.64388025
-0.63810617
-0.63914657
-0.6300505
-0.6408882
-0.63403505
-0.6391563
-0.64579946
-0.6404624
-0.64497584
-0.65021837
-0.6440169
-0.6495132
-0.6409741
-0.6346752
-0.6392083
-0.64756423
-0.65025926
-0.6477183
-0.63589084
-0.6395594
-0.6494542
-0.6454846
-0.64367086
-0.63650954
-0.6403588
-0.6389182
-0.6446219
-0.64393026
-0.6351196
-0.63872737
-0.6491804
-0.6483142
-0.6413072
-0.63677436
-0.636008
-0.6479977
-0.64599013
-0.6372611
-0.65011716
-0.645731
-0.6493893
-0.6399661
-0.65120476
-0.6435965
-0.6361899
-0.64194304
-0.6331321
-0.6306721
-0.64262575
-0.6553487
-0.6473525
-0.63655096
-0.64907867
-0.6379493
-0.63970244
-0.64034086
-0.6493181
-0.63635355
-0.64221424
-0.63423544
-0.64578557
-0.65005904
-0.6365845
-0.63995135
-0.6398859
-0.6470609
-0.6449568
-0.6485781
-0.649055
-0.65070266
-0.64313644
-0.6282535
-0.6253259
-0.6526606
-0.6388597
-0.63785106
-0.6418492
-0.64495707
-0.6353797
-0.6473611
-0.65123206
-0.6436769
-0.63774353
-0.6421163
-0.6440803
-0.6478008
-0.6405867
-0.64138067
-0.63652074
-0.6329106
-0.65725946
-0.6458586
-0.65488416
-0.6442276
-0.6414844
-0.6548138
-0.6458213
-0.64289033
-0.64473146
-0.6409631
-0.64659846
-0.64497215
-0.6484747
-0.63486755
-0.6373444
-0.63241404
-0.6541264
-0.64115936
-0.63197374
-0.6369413
-0.64103407
-0.64557326
-0.644694
-0.6427683
-0.6386295
-0.64293355
-0.6495412
-0.64511067
-0.64096475
-0.64045143
-0.6375453
-0.6471255
-0.6422781
-0.6388106
-0.6402664
-0.6489585
-0.6373348
-0.637262
-0.63459224
-0.6445714
-0.64773077
-0.6375933
-0.62991434
-0.63977605
-0.64671963
-0.6433039
-0.6398507
-0.6486708
-0.652811
-0.6430817
-0.6405586
-0.6416528
-0.637066
-0.6412522
-0.64217293
-0.6505164
-0.64759153
-0.63678813
-0.6444432
-0.6527871
-0.6342701
-0.64525294
-0.6395651
-0.6420255
-0.6447182
-0.6382992
-0.62925196
-0.64084303
-0.64692074
-0.64895743
-0.64227736
-0.64803654
-0.6526901
-0.6318693
-0.6415947
-0.63969874
-0.63463926
-0.64742225
-0.6575363
-0.64615196
-0.6408373
-0.637527
-0.6362232
-0.6457504
-0.6415527
-0.63997
-0.6375187
-0.64116824
-0.6397016
-0.6362335
-0.64113194
-0.63356155
-0.6431728
-0.63229865
-0.6367574
-0.64156866
-0.638113
-0.6465051
-0.6407487
-0.64194775
-0.6463797
-0.6461486
-0.6440004
-0.64386475
-0.63406724
-0.6492163
-0.6376544
-0.6421368
-0.63787
-0.64651114
-0.6344833
-0.63388026
-0.6492215
-0.63895506
-0.63613707
-0.6408916
-0.64551914
-0.62209266
-0.6470113
-0.64097255
-0.64613557
-0.6412833
-0.64562565
-0.6416821
-0.6317576
-0.65469104
-0.6339106
-0.64579326
-0.6491909
-0.63971406
-0.64132273
-0.64783496
-0.6385643
-0.63872975
-0.647228
-0.64365417
-0.6402244
-0.64375764
-0.64720887
-0.64976853
-0.6504118
-0.6395779
-0.64116746
-0.64495146
-0.64910525
-0.63918996
-0.6467366
-0.64274436
-0.63587147
-0.64205164
-0.64696646
-0.6383414
-0.64506465
-0.6441989
-0.64402926
-0.64709663
-0.64740515
-0.65200657
-0.64515454
-0.6357893
-0.6422781
-0.6382955
-0.64569235
-0.64158225
-0.6326829
-0.64359426
-0.64710146
-0.6382451
-0.63469803
-0.6386278
-0.6459236
-0.6513893
-0.63895017
-0.6500694
-0.6388281
-0.64438456
-0.64691937
-0.64123523
-0.64349604
-0.63766813
-0.64832723
-0.6380335
-0.64792824
-0.64118224
-0.6515381
-0.6422754
-0.6488969
-0.64264446
-0.6461102
-0.6492927
-0.6520719
-0.6504346
-0.6433146
-0.64201283
-0.6366592
-0.64177024
-0.652382
-0.6508547
-0.6435247
-0.6454713
-0.63943094
-0.6481185
-0.6450277
-0.6529253
-0.6454301
-0.646315
-0.65147907
-0.63210315
-0.6310141
-0.6497526
-0.6402769
-0.64965475
-0.64494497
-0.64699197
-0.6469803
-0.63872087
-0.651592
-0.6312788
-0.6433212
-0.64768827
-0.64194167
-0.64442044
-0.6397053
-0.64830124
-0.65483546
-0.64505666
-0.6437064
-0.6535514
-0.65115064
-0.63705486
-0.64658856
-0.6407128
-0.64107406
-0.6462885
-0.65145624
-0.64471436
-0.65073204
-0.64571655
-0.6505678
-0.636127
-0.6507885
-0.6447273
-0.6421694
-0.6615973
-0.6391962
-0.64558554
-0.64875835
-0.6369154
-0.6476973
-0.64464396
-0.64488775
-0.64606535
-0.63500345
-0.6360199
-0.6458909
-0.63920605
-0.64439464
-0.64775956
-0.6377767
-0.647684
-0.6520127
-0.6490176
-0.6340436
-0.64523554
-0.64557195
-0.6471261
-0.6473378
-0.6476979
-0.63937163
-0.64120144
-0.64713854
-0.6517462
-0.6462959
-0.6412655
-0.65067595
-0.64118814
-0.64596844
-0.6443533
-0.6415316
-0.6445857
-0.641146
-0.6491223
-0.6516992
-0.6525601
-0.6497671
-0.64721316
-0.65037936
-0.64437944
-0.6454468
-0.6450445
-0.6447672
-0.6384357
-0.6398015
-0.6444548
-0.65134764
-0.64169186
-0.6493366
-0.6452054
-0.6391179
-0.6412093
-0.64222497
-0.637285
-0.6399939
-0.6394113
-0.64954853
-0.64068043
-0.6434647
-0.6454733
-0.64429134
-0.64395994
-0.6449437
-0.65077955
-0.6550297
-0.63603556
-0.6462848
-0.648402
-0.6512478
-0.6484032
-0.6427836
-0.65356386
-0.6435052
-0.64026207
-0.6416687
-0.63562363
-0.65245634
-0.6483776
-0.64416945
-0.64520776
-0.65315473
-0.64914006
-0.6456488
-0.6524873
-0.6434847
-0.64315695
-0.6376993
-0.65114576
-0.6483719
-0.6440756
-0.6460105
-0.64025617
-0.63690156
-0.6474896
-0.6410099
-0.6536269
-0.6468127
-0.6395382
-0.63554573
-0.64231443
-0.6460796
-0.6371068
-0.641516
-0.635303
-0.6576986
-0.65088326
-0.63357633
-0.6512246
-0.6444005
-0.6457418
-0.64915645
-0.652044
-0.64241
-0.64447445
-0.63273084
-0.65239173
-0.6397967
-0.6464078
-0.6477355
-0.64749515
-0.65067756
-0.647183
-0.6563701
-0.65220624
-0.6576553
-0.64993894
-0.64570606
-0.6409467
-0.64731765
-0.64663076
-0.64095056
-0.6433861
-0.65041643
-0.6465181
-0.6369465
-0.65498596
-0.6442102
-0.6509334
-0.65110105
-0.65161014
-0.6550954
-0.6456771
-0.64185476
-0.6492274
-0.63811594
-0.6461806
-0.65269446
-0.63594073
-0.6443154
-0.65358055
-0.6398236
-0.6410024
-0.6482121
-0.6496184
-0.65230507
-0.64886254
-0.649123
-0.6496117
-0.6446988
-0.6466878
-0.6503752
-0.6412343
-0.64658904
-0.6338699
-0.6457304
-0.6441995
-0.64240134
-0.6571266
-0.6480482
-0.65049374
-0.652105
-0.64814585
-0.64670265
-0.6432216
-0.63878584
-0.64894664
-0.6419734
-0.64881235
-0.6438703
-0.6508009
-0.65146554
-0.64432406
-0.65114063
-0.6467593
-0.6470597
-0.6366297
-0.6429282
-0.64795893
-0.6452096
-0.6512222
-0.6510882
-0.647416
-0.6441248
-0.64404696
-0.64219046
-0.6388645
-0.644796
-0.65001076
-0.6456396
-0.64932007
-0.64372426
-0.64723533
-0.6490704
-0.6460268
-0.64546347
-0.6465932
-0.6422515
-0.64592505
-0.64086604
-0.6467203
-0.63920337
-0.65336484
-0.65332454
-0.64395916
-0.6423832
-0.6423885
-0.64084595
-0.6501691
-0.6323794
-0.64207673
-0.6447183
-0.6531046
-0.6496063
-0.6425969
-0.6479183
-0.6525636
-0.63528943
-0.6500251
-0.6390122
-0.6565849
-0.6531347
-0.6477649
-0.64319086
-0.6470851
-0.642269
-0.65104455
-0.6418941
-0.6498782
-0.64768285
-0.6406208
-0.6511164
-0.64196134
-0.6461959
-0.64087886
-0.634381
-0.6484487
-0.6487679
-0.63914716
-0.6483171
-0.6453467
-0.6529112
-0.65690154
-0.6481335
-0.64733756
-0.6364321
-0.64489746
-0.6467331
-0.6429036
-0.643215
-0.65187854
-0.6502817
-0.6487138
-0.64926
-0.65626943
-0.6431936
-0.65021545
-0.6499804
-0.64866745
-0.6480768
-0.64440703
-0.64822817
-0.6523139
-0.6568994
-0.64430803
-0.64993155
-0.64929044
-0.6428478
-0.64722735
-0.65102047
-0.6598609
-0.6563127
-0.64929867
-0.6456398
-0.65365857
-0.64768314
-0.64815235
-0.6467241
-0.64649653
-0.6474443
-0.6416233
-0.6500418
-0.6468097
-0.6415187
-0.6554273
-0.64506394
-0.64930713
-0.6519423
-0.6423018
-0.6474361
-0.6487031
-0.65602297
-0.64653724
-0.64091855
-0.6492446
-0.6549037
-0.65535027
-0.64925504
-0.6523802
-0.6434924
-0.6399579
-0.6490507
-0.64707273
-0.65103805
-0.6453805
-0.64997053
-0.6504692
-0.6460809
-0.6441567
-0.6450186
-0.6473998
-0.6443621
-0.63738173
-0.6494194
-0.65855783
-0.64139265
-0.64798224
-0.6468636
-0.64287114
-0.65283823
-0.6477087
-0.64914453
-0.6479112
-0.6427963
-0.64877856
-0.6531228
-0.64970237
-0.643773
-0.63873297
-0.6471964
-0.6628445
-0.64089096
-0.6509282
-0.6445816
-0.6403928
-0.6517468
-0.6413086
-0.6428233
-0.6406291
-0.64885867
-0.64550066
-0.6502781
-0.64786524
-0.6409102
-0.650336
-0.63997173
-0.6460843
-0.6493681
-0.64954305
-0.64047027
-0.64635295
-0.6451076
-0.64269763
-0.6333783
-0.64564437
-0.65325785
-0.6570717
-0.6478099
-0.6485078
-0.654986
-0.6511487
-0.64943844
-0.64070827
-0.6456715
-0.6453462
-0.6491588
-0.6453854
-0.655277
-0.64479727
-0.6591073
-0.64413905
-0.6433516
-0.6485382
-0.6476497
-0.649652
-0.6481392
-0.64341956
-0.64497596
-0.6467179
-0.6399327
-0.65369445
-0.64811426
-0.63740224
-0.64457387
-0.647101
-0.64124054
-0.66162646
-0.6539722
-0.65016437
-0.6438276
-0.64309365
-0.64921725
-0.6448967
-0.6421256
-0.64404
-0.6511611
-0.6419125
-0.64755017
-0.6539072
-0.64400434
-0.6476884
-0.6487326
-0.6342744
-0.64526045
-0.6470785
-0.6490647
-0.64754796
-0.6414953
-0.6456139
-0.653463
-0.6503392
-0.6368145
-0.6419358
-0.65196663
-0.6554489
-0.6440566
-0.6445674
-0.6477946
-0.64579993
-0.64566165
-0.64906514
-0.64744455
-0.6593817
-0.64745694
-0.6543733
-0.6449123
-0.6393159
-0.64105576
-0.63957006
-0.6467555
-0.6441625
-0.64495337
-0.6438865
-0.6437504
-0.64568514
-0.6525865
-0.63945305
-0.6526577
-0.6515713
-0.6526851
-0.6482128
-0.64630663
-0.6578908
-0.6436703
-0.64775765
-0.63734025
-0.64904225
-0.65171397
-0.6464953
-0.6478409
-0.6478853
-0.6424672
-0.640527
-0.64969003
-0.6407055
-0.6513525
-0.6497554
-0.6440567
-0.64992714
-0.6490173
-0.64748865
-0.6396842
-0.6537983
-0.6451033
-0.64732105
-0.6526441
-0.64146954
-0.65326375
-0.65624094
-0.65194184
-0.6498905
-0.6500507
-0.6513097
-0.65918016
-0.6516903
-0.64998525
-0.64658606
-0.6465207
-0.65345466
-0.6422854
-0.6568402
-0.6432745
-0.6507249
-0.64845437
-0.6425189
-0.64690787
-0.6570322
-0.6426274
-0.6479036
-0.6456406
-0.6569909
-0.6522971
-0.65240306
-0.64596754
-0.65001726
-0.64547294
-0.646303
-0.64077437
-0.6364024
-0.6439675
-0.64126533
-0.6392511
-0.6483978
-0.6485582
-0.6516727
-0.6443432
-0.6498625
-0.65663886
-0.6471313
-0.6541941
-0.6507996
-0.6508334
-0.6530774
-0.6463679
-0.64916676
-0.65151554
-0.6503244
-0.6512204
-0.65102327
-0.6484078
-0.6476981
-0.6540774
-0.63936645
-0.6470329
-0.6488242
-0.64340794
-0.6488028
-0.65564185
-0.65125173
-0.6534072
-0.65287083
-0.6446404
-0.6469697
-0.6435353
-0.6520442
-0.65470403
-0.6478408
-0.6642621
-0.6519865
-0.6441779
-0.6492121
-0.6473045
-0.65712
-0.65308475
-0.6490447
-0.65614027
-0.6518034
-0.6492386
-0.641734
-0.6581398
-0.64867216
-0.64699197
-0.6446254
-0.6435867
-0.6488827
-0.6482953
-0.65259093
-0.64890844
-0.64559054
-0.6527826
-0.6428021
-0.64718443
-0.6552343
-0.6476374
-0.6457633
-0.6597804
-0.6486762
-0.6423092
-0.64885026
-0.64766884
-0.6477426
-0.64431363
-0.6529882
-0.658438
-0.6486577
-0.65097874
-0.6460631
-0.6592598
-0.66163784
-0.6560056
-0.6478747
-0.653346
-0.64200586
-0.65073687
-0.64443785
-0.6473628
-0.6495158
-0.64756227
-0.65247095
-0.6432914
-0.65599406
-0.6469835
-0.65362287
-0.6408974
-0.6578347
-0.6509324
-0.65096927
-0.6552777
-0.65323067
-0.65358573
-0.6455963
-0.6451993
-0.645744
-0.64795697
-0.6410508
-0.64803916
-0.65471476
-0.65144575
-0.6409128
-0.657305
-0.645468
-0.64767766
-0.648054
-0.65010947
-0.6460248
-0.647949
-0.64894986
-0.6539586
-0.65041703
-0.64649504
-0.64629465
-0.6539687
-0.6508514
-0.6535186
-0.652326
-0.6430874
-0.64696664
-0.6505485
-0.6406358
-0.6487714
-0.6466768
-0.643868
-0.6361517
-0.65229046
