Early stopping triggered at epoch 829
-0.6494333
-0.6532313
-0.657558
-0.66443866
-0.66721743
-0.680871
-0.66582185
-0.6955077
-0.69750834
-0.70633626
-0.7026399
-0.70810246
-0.7010884
-0.7127599
-0.7034716
-0.7145724
-0.7312964
-0.71144414
-0.7213498
-0.73829454
-0.72949076
-0.72762704
-0.7324987
-0.72398597
-0.7339253
-0.75140184
-0.7491152
-0.75713116
-0.7516174
-0.7452891
-0.7648681
-0.76686513
-0.7711482
-0.77243495
-0.77442455
-0.7809075
-0.7845334
-0.7856272
-0.79887944
-0.800202
-0.80171365
-0.8066425
-0.81355745
-0.81898874
-0.8160263
-0.81370544
-0.82533056
-0.8212429
-0.8218834
-0.83437914
-0.8397776
-0.8390706
-0.8357787
-0.85209525
-0.84419656
-0.8508848
-0.8498996
-0.85680795
-0.8609909
-0.8587702
-0.8658462
-0.85915977
-0.8645394
-0.87315077
-0.86641425
-0.8696216
-0.8709693
-0.8757471
-0.8725686
-0.87034005
-0.8739432
-0.8746231
-0.87565684
-0.8806096
-0.8798204
-0.87871975
-0.8817233
-0.8811406
-0.8808852
-0.885967
-0.88661975
-0.8853139
-0.89196324
-0.88144696
-0.8901329
-0.8886649
-0.8891749
-0.89883447
-0.8938972
-0.89754343
-0.8980384
-0.8955765
-0.8971679
-0.8924992
-0.90003747
-0.8992778
-0.9048482
-0.90112984
-0.8999399
-0.9027348
-0.9024305
-0.90178967
-0.89745367
-0.903079
-0.90437007
-0.90048754
-0.89876217
-0.9027038
-0.8983891
-0.9031601
-0.9059076
-0.89980835
-0.9005729
-0.9062145
-0.8979135
-0.9012815
-0.90013963
-0.907661
-0.9002428
-0.898624
-0.9057617
-0.89872015
-0.90322936
-0.9053901
-0.908765
-0.9092158
-0.9088315
-0.9014877
-0.9049587
-0.90477294
-0.8996345
-0.9110327
-0.9070903
-0.9034929
-0.90772355
-0.9034881
-0.9091669
-0.9098332
-0.9079637
-0.91004634
-0.90521944
-0.903614
-0.9011556
-0.9018988
-0.9103397
-0.9093832
-0.9084583
-0.9065031
-0.9109284
-0.91131544
-0.9115751
-0.90328646
-0.9113324
-0.9089107
-0.9100091
-0.90997016
-0.90603125
-0.908571
-0.9035948
-0.91039026
-0.9114521
-0.9094517
-0.91156983
-0.9087708
-0.9112086
-0.9114998
-0.9129695
-0.9110818
-0.9133782
-0.90914845
-0.91168433
-0.90979826
-0.9147652
-0.9091006
-0.9128493
-0.910809
-0.91069555
-0.9095851
-0.9172583
-0.9134164
-0.9147327
-0.91400045
-0.9084344
-0.91751015
-0.91452044
-0.91206694
-0.9166546
-0.91378564
-0.9127149
-0.90926814
-0.91600394
-0.9117158
-0.912439
-0.91540563
-0.91569513
-0.91367006
-0.91377276
-0.91332716
-0.9123447
-0.91785
-0.9166569
-0.912969
-0.91939956
-0.9166864
-0.9160195
-0.9148891
-0.9143653
-0.913794
-0.9166082
-0.9205678
-0.9117385
-0.91381973
-0.9168995
-0.9065197
-0.9169351
-0.9141593
-0.91735387
-0.9189313
-0.9184619
-0.9101792
-0.9134873
-0.9152008
-0.91384745
-0.9166024
-0.9131537
-0.9117543
-0.91525763
-0.91212475
-0.9161883
-0.9196395
-0.9142488
-0.9162548
-0.9149724
-0.9176508
-0.9148636
-0.92041034
-0.9185846
-0.91672355
-0.9196162
-0.91792476
-0.91662925
-0.9166273
-0.92292136
-0.91618776
-0.9181324
-0.9158331
-0.9193218
-0.91382784
-0.91973454
-0.9184116
-0.9228449
-0.9188955
-0.9221775
-0.9206024
-0.9207455
-0.9198598
-0.9150245
-0.91977924
-0.917486
-0.920827
-0.9165021
-0.9180746
-0.9183764
-0.9187492
-0.918358
-0.9191874
-0.9184908
-0.91962844
-0.92176735
-0.91960526
-0.92203
-0.9180333
-0.9154979
-0.92113143
-0.918462
-0.92161804
-0.91716284
-0.92165536
-0.92051584
-0.91919047
-0.91970533
-0.9152047
-0.9177017
-0.9163396
-0.9208258
-0.9198813
-0.91505027
-0.9192682
-0.92032117
-0.92063046
-0.92483354
-0.9225571
-0.92036873
-0.9226019
-0.91902333
-0.9238392
-0.9175669
-0.92217463
-0.9194749
-0.92126524
-0.92005986
-0.92540693
-0.9213118
-0.92121613
-0.9176699
-0.92202544
-0.9217384
-0.9223954
-0.92232186
-0.915762
-0.918308
-0.9217057
-0.9208577
-0.91823703
-0.91960377
-0.92450994
-0.9192801
-0.9243018
-0.9190247
-0.92259157
-0.92206395
-0.9232214
-0.92011625
-0.9227468
-0.9226387
-0.9267731
-0.9234091
-0.92571664
-0.920333
-0.921249
-0.92574227
-0.9264702
-0.921988
-0.9208573
-0.9254208
-0.9230363
-0.9224427
-0.92407566
-0.92394006
-0.9249531
-0.9240252
-0.9253831
-0.9229671
-0.92412156
-0.9231961
-0.92280304
-0.92398477
-0.9231257
-0.9262173
-0.925379
-0.9237372
-0.9278168
-0.9183947
-0.92363745
-0.92579705
-0.92436457
-0.92547476
-0.924362
-0.92539525
-0.9247377
-0.92132914
-0.9224945
-0.9258528
-0.9227388
-0.9219305
-0.9238536
-0.9249261
-0.92502284
-0.92313355
-0.9228361
-0.92630184
-0.92121506
-0.9254086
-0.9242869
-0.92276424
-0.92216504
-0.92178863
-0.92676437
-0.9245668
-0.9222481
-0.92674196
-0.9212027
-0.9245673
-0.9247899
-0.9254132
-0.9282112
-0.923968
-0.92824215
-0.92703176
-0.92472064
-0.9276156
-0.9215957
-0.92499804
-0.92307144
-0.92451054
-0.92756855
-0.92533255
-0.9249582
-0.9266744
-0.9258845
-0.92218924
-0.93068796
-0.92238945
-0.9244871
-0.92578864
-0.92280805
-0.92333776
-0.92436993
-0.9283619
-0.92388785
-0.9263313
-0.9231213
-0.92699796
-0.9247097
-0.92693824
-0.92728823
-0.9268903
-0.9232622
-0.9271728
-0.9283047
-0.92169625
-0.9258613
-0.92501116
-0.928354
-0.9253823
-0.9268317
-0.926653
-0.9272004
-0.92733866
-0.9247137
-0.92464
-0.9287644
-0.92744666
-0.9256782
-0.9243515
-0.9245121
-0.92997015
-0.92881584
-0.92666703
-0.92318976
-0.9257428
-0.9256632
-0.9268344
-0.9237095
-0.9243834
-0.9289487
-0.92624795
-0.92670697
-0.92794776
-0.9296163
-0.9292078
-0.93070173
-0.92554367
-0.92741674
-0.9305647
-0.9301415
-0.9228929
-0.92701143
-0.92282814
-0.92278624
-0.9250632
-0.92161655
-0.92956346
-0.92627394
-0.9280698
-0.9244946
-0.92645705
-0.9291697
-0.9265016
-0.9265224
-0.9226678
-0.92566705
-0.93066496
-0.9246928
-0.9266765
-0.9283988
-0.92851126
-0.9268112
-0.92814595
-0.92853105
-0.9291049
-0.9277146
-0.92805576
-0.9281486
-0.9266273
-0.92603636
-0.9283269
-0.92903
-0.925915
-0.9283451
-0.9269561
-0.9275854
-0.9246901
-0.9258446
-0.92560625
-0.92975336
-0.9317483
-0.9268081
-0.92253536
-0.92171764
-0.9277369
-0.92868453
-0.925455
-0.9283864
-0.92571723
-0.92865366
-0.92871004
-0.9257111
-0.9282232
-0.92246723
-0.92874914
-0.92559177
-0.92513263
-0.92858464
-0.928307
-0.92737526
-0.9279503
-0.930543
-0.92547536
-0.92741644
-0.92574257
-0.926194
-0.92527574
-0.92767334
-0.92753077
-0.92621315
-0.9303626
-0.9315957
-0.92707443
-0.9239366
-0.9264956
-0.9305176
-0.9299148
-0.9301988
-0.92949015
-0.9231364
-0.92504853
-0.9248249
-0.92734903
-0.92578834
-0.93122345
-0.928069
-0.9328649
-0.9243364
-0.9281086
-0.9276091
-0.92742604
-0.92856026
-0.9230984
-0.93017524
-0.92688787
-0.9287124
-0.9287252
-0.93101174
-0.9280203
-0.9255857
-0.93022734
-0.9244652
-0.9281599
-0.928179
-0.929108
-0.92585474
-0.9285718
-0.92700696
-0.9270462
-0.92835087
-0.9316593
-0.9269313
-0.9246798
-0.9275083
-0.92762303
-0.9320897
-0.92836
-0.9291565
-0.92637855
-0.9296913
-0.927931
-0.9279346
-0.9301784
-0.93056697
-0.92529833
-0.9280743
-0.92821014
-0.930238
-0.9259446
-0.92633164
-0.927379
-0.9288793
-0.930989
-0.9255436
-0.9297072
-0.92924017
-0.9304595
-0.9321143
-0.9260435
-0.92983925
-0.9277403
-0.92779934
-0.9254911
-0.9266363
-0.9245874
-0.9280335
-0.9284173
-0.9313635
-0.92716044
-0.92871094
-0.9291036
-0.927836
-0.9285205
-0.9305513
-0.9271538
-0.9300625
-0.9295819
-0.9266153
-0.929638
-0.92414224
-0.9301347
-0.93002594
-0.9310601
-0.92717665
-0.9288705
-0.9254523
-0.93075997
-0.9275714
-0.92826223
-0.92682177
-0.9270243
-0.9303362
-0.92862004
-0.93206656
-0.92927843
-0.931355
-0.9275252
-0.9348364
-0.9284424
-0.931844
-0.93137544
-0.9299097
-0.93152124
-0.92867935
-0.9265083
-0.9317933
-0.9252032
-0.9275099
-0.925045
-0.926253
-0.92343426
-0.9301054
-0.93151116
-0.9281905
-0.9279566
-0.9343024
-0.9262665
-0.9276232
-0.9237802
-0.9300849
-0.93060756
-0.9321883
-0.92891264
-0.9315136
-0.92874616
-0.9296449
-0.9330827
-0.9301915
-0.9275017
-0.9293581
-0.9331643
-0.9283594
-0.9307133
-0.9304452
-0.93210095
-0.92709905
-0.9313519
-0.93063533
-0.9319318
-0.9272572
-0.93330884
-0.9321514
-0.9310528
-0.92808723
-0.927834
-0.932669
-0.92852265
-0.92812705
-0.92786634
-0.93054515
-0.92830527
-0.9286818
-0.928524
-0.9238868
-0.9324705
-0.9293297
-0.9300025
-0.93176305
-0.9295524
-0.9280547
-0.93114185
-0.92887324
-0.92629135
-0.9326041
-0.9311617
-0.93409413
-0.9287573
-0.92998356
-0.92934895
-0.93071294
-0.92727
-0.93093705
-0.9299077
-0.9281581
-0.9317285
-0.93202096
-0.93051493
-0.92948407
-0.93296516
-0.93010455
-0.9302229
-0.9330897
-0.9268887
-0.9295846
-0.93306255
-0.93063724
-0.92997473
-0.930457
-0.9283925
-0.928042
-0.9299681
-0.9276152
-0.93253624
-0.9369423
-0.9310932
-0.92698485
-0.9257698
-0.92947906
-0.9241587
-0.9328103
-0.9307753
-0.92513365
-0.9283095
-0.9306382
-0.93089217
-0.93023956
-0.9284473
-0.928031
-0.9280163
-0.9326374
-0.9278469
-0.931657
-0.9343798
-0.9316118
-0.92895746
-0.9301763
-0.9319107
-0.9321647
-0.93096197
-0.9310306
-0.932359
-0.92835623
-0.92967045
-0.9302901
-0.92642456
-0.93329906
-0.93186194
-0.9349879
-0.9329333
-0.9283523
-0.9297818
-0.9295051
-0.929497
-0.9297986
-0.93485594
-0.93211615
-0.93206674
-0.93023634
-0.9345083
-0.9308837
-0.93080854
-0.9296961
-0.9321332
-0.9303506
-0.9298342
-0.9313336
-0.93264955
-0.9320123
-0.9309192
-0.92979854
-0.9279786
-0.9285092
-0.92895764
-0.93323624
-0.93173003
-0.9333577
-0.9325992
-0.9289747
-0.92848504
-0.92947066
-0.9297004
-0.93191487
-0.93172807
-0.931968
-0.92726296
-0.9336292
-0.9331942
-0.93591994
-0.93191457
-0.9311032
-0.9315543
-0.9310092
-0.9325543
-0.9306561
-0.93371993
-0.93057895
-0.9352258
-0.92995965
-0.93169075
-0.9284218
-0.9316603
-0.9293136
-0.93163866
-0.92669564
-0.93294597
-0.92763126
-0.93077224
-0.92943823
-0.93061435
-0.92775166
-0.9320596
-0.9345361
-0.9307535
-0.93161327
0
0
0
0
0
0
0
0
0
0
0
0
0
0
0
0
0
0
0
0
0
0
0
0
0
0
0
0
0
0
0
0
0
0
0
0
0
0
0
0
0
0
0
0
0
0
0
0
0
0
0
0
0
0
0
0
0
0
0
0
0
0
0
0
0
0
0
0
0
0
0
0
0
0
0
0
0
0
0
0
0
0
0
0
0
0
0
0
0
0
0
0
0
0
0
0
0
0
0
0
0
0
0
0
0
0
0
0
0
0
0
0
0
0
0
0
0
0
0
0
0
0
0
0
0
0
0
0
0
0
0
0
0
0
0
0
0
0
0
0
0
0
0
0
0
0
0
0
0
0
0
0
0
0
0
0
0
0
0
0
0
0
0
0
0
0
0
0
0
0
0
0
0
0
0
0
0
0
0
0
0
0
0
0
0
0
0
0
0
0
0
0
0
0
0
0
0
0
0
0
0
0
0
0
0
0
0
0
0
0
0
0
0
0
0
0
0
0
0
0
0
0
0
0
0
0
0
0
0
0
0
0
0
0
0
0
0
0
0
0
0
0
0
0
0
0
0
0
0
0
0
0
0
0
0
0
0
0
0
0
0
0
0
0
0
0
0
0
0
0
0
0
0
0
0
0
0
0
0
0
0
0
0
0
0
0
0
0
0
0
0
0
0
0
0
0
0
0
0
0
0
0
0
0
0
0
0
0
0
0
0
0
0
0
0
0
0
0
0
0
0
0
0
0
0
0
0
0
0
0
0
0
0
0
0
0
0
0
0
0
0
0
0
0
0
0
0
0
0
0
0
0
0
0
0
0
0
0
0
0
0
0
0
0
0
0
0
0
0
0
0
0
0
0
0
0
0
0
0
0
0
0
0
0
0
0
0
0
0
0
0
0
0
0
0
0
0
0
0
0
0
0
0
0
0
0
0
0
0
0
0
0
0
0
0
0
0
0
0
0
0
0
0
0
0
0
0
0
0
0
0
0
0
0
0
0
0
0
0
0
0
0
0
0
0
0
0
0
0
0
0
0
0
0
0
0
0
0
0
0
0
0
0
0
0
0
0
0
0
0
0
0
0
0
0
0
0
0
0
0
0
0
0
0
0
0
0
0
0
0
0
0
0
0
0
0
0
0
0
0
0
0
0
0
0
0
0
0
0
0
0
0
0
0
0
0
0
0
0
0
0
0
0
0
0
0
0
0
0
0
0
0
0
0
0
0
0
0
0
0
0
0
0
0
0
0
0
0
0
0
0
0
0
0
0
0
0
0
0
0
0
0
0
0
0
0
0
0
0
0
0
0
0
0
0
0
0
0
0
0
0
0
0
0
0
0
0
0
0
0
0
0
0
0
0
0
0
0
0
0
0
0
0
0
0
0
0
0
0
0
0
0
0
0
0
0
0
0
0
0
0
0
0
0
0
0
0
0
0
0
0
0
0
0
0
0
0
0
0
0
0
0
0
0
0
0
0
0
0
0
0
0
0
0
0
0
0
0
0
0
0
0
0
0
0
0
0
0
0
0
0
0
0
0
0
0
0
0
0
0
0
0
0
0
0
0
0
0
0
0
0
0
0
0
0
0
0
0
0
0
0
0
0
0
0
0
0
0
0
0
0
0
0
0
0
0
0
0
0
0
0
0
0
0
0
0
0
0
0
0
0
0
0
0
0
0
0
0
0
0
0
0
0
0
0
0
0
0
0
0
0
0
0
0
0
0
0
0
0
0
0
0
0
0
0
0
0
0
0
0
0
0
0
0
0
0
0
0
0
0
0
0
0
0
0
0
0
0
0
0
0
0
0
0
0
0
0
0
0
0
0
0
0
0
0
0
0
0
0
0
0
0
0
0
0
0
0
0
0
0
0
0
0
0
0
0
0
0
0
0
0
0
0
0
0
0
0
0
0
0
0
0
0
0
0
0
0
0
0
0
0
0
0
0
0
0
0
0
0
0
0
0
0
0
0
0
0
0
0
0
0
0
0
0
0
0
0
0
0
0
0
0
0
0
0
0
0
0
0
0
0
0
0
0
0
0
0
0
0
0
0
0
0
0
0
0
0
0
0
0
0
0
0
0
0
0
0
0
0
0
0
0
0
0
0
0
0
0
0
0
0
0
0
0
0
0
0
0
0
0
0
0
0
0
0
0
0
0
0
0
0
0
0
0
0
0
0
0
0
0
0
0
0
0
0
0
0
0
0
0
0
0
0
0
0
0
0
0
0
0
0
0
0
0
0
0
0
0
0
0
0
0
0
0
0
0
0
0
0
0
0
0
0
0
0
0
0
0
0
0
0
0
0
0
0
0
0
0
0
0
0
0
0
0
0
0
0
0
0
0
0
0
0
0
0
0
0
0
0
0
0
0
0
0
0
0
0
0
0
0
0
0
0
0
0
0
0
0
0
0
0
0
0
0
0
0
0
0
0
0
0
0
0
0
0
0
0
0
0
0
0
0
0
0
0
0
0
0
0
0
0
0
0
0
0
0
0
0
0
0
0
0
0
0
0
0
0
0
0
0
0
0
0
0
0
0
0
0
0
0
0
0
0
0
0
0
0
0
0
0
0
0
0
0
0
0
0
0
0
0
0
0
0
0
0
0
0
0
0
0
0
0
0
0
0
0
0
0
0
0
0
0
0
0
0
0
0
0
0
0
0
0
0
0
0
0
0
0
0
0
0
0
0
0
0
0
0
0
0
0
0
0
0
0
0
0
0
0
0
0
0
0
0
0
0
0
0
0
0
0
0
0
0
0
0
0
0
0
0
0
0
0
0
0
0
0
0
0
0
0
0
0
0
0
0
0
0
0
0
0
0
0
0
0
0
0
0
0
0
0
0
0
0
0
0
0
0
0
0
0
0
0
0
0
0
0
0
0
0
0
0
0
0
0
0
0
0
0
0
0
0
0
0
0
0
0
0
0
0
0
0
0
0
0
0
0
0
0
0
0
0
0
0
0
0
0
0
0
0
0
0
0
0
0
0
0
0
0
0
0
0
0
0
0
0
0
0
0
0
0
0
0
0
0
0
0
0
0
0
0
0
0
0
0
0
0
0
0
0
0
0
0
0
0
0
0
0
0
0
0
0
0
0
0
0
0
0
0
0
0
0
0
0
0
0
0
0
0
0
0
0
0
0
0
0
0
0
0
0
0
0
0
0
0
0
0
0
0
0
0
0
0
0
0
0
0
0
0
0
0
0
0
0
0
0
0
0
0
0
0
0
0
0
0
0
0
0
0
0
0
0
0
0
0
0
0
0
0
0
0
0
0
0
0
0
0
0
0
0
0
0
0
0
0
0
0
0
0
0
0
0
0
0
0
0
0
0
0
0
0
0
0
0
0
0
0
0
0
0
0
0
0
0
0
0
0
0
0
0
0
0
0
0
0
0
0
0
0
0
0
0
0
0
0
0
0
0
0
0
0
0
0
0
0
0
0
0
0
0
0
0
0
0
0
0
0
0
0
0
0
0
0
0
0
0
0
0
0
0
0
0
0
0
0
0
0
0
0
0
0
0
0
0
0
0
0
0
0
0
0
0
0
0
0
0
0
0
0
0
0
0
0
0
0
0
0
0
0
0
0
0
0
0
0
0
0
0
0
0
0
0
0
0
0
0
0
0
0
0
0
0
0
0
0
0
0
0
0
0
0
0
0
0
0
0
0
0
0
0
0
0
0
0
0
0
0
0
0
0
0
0
0
0
0
0
0
0
0
0
0
0
0
0
0
0
0
0
0
0
0
0
0
0
0
0
0
0
0
0
0
0
0
0
0
0
0
0
0
0
0
0
0
0
0
0
0
0
0
0
0
0
0
0
0
0
0
0
0
0
0
0
0
0
0
0
0
0
0
0
0
0
0
0
0
0
0
0
0
0
0
0
0
0
0
0
0
0
0
0
0
0
0
0
0
0
0
0
0
0
0
0
0
0
0
0
0
0
0
0
0
0
0
0
0
0
0
0
0
0
0
0
0
0
0
0
0
0
0
0
0
0
0
0
0
0
0
0
0
0
0
0
0
0
0
0
0
0
0
0
0
0
0
0
0
0
0
0
0
0
0
0
0
0
0
0
0
0
0
0
0
0
0
0
0
0
0
0
0
0
0
0
0
0
0
0
0
0
0
0
0
0
0
0
0
0
0
0
0
0
0
0
0
0
0
0
0
0
0
0
0
0
0
0
0
0
0
0
0
0
0
0
0
0
0
0
0
0
0
0
0
0
0
0
0
0
0
0
0
0
0
0
0
0
0
0
0
0
0
0
0
0
0
0
0
0
0
0
0
0
0
0
0
0
0
0
0
0
0
0
0
0
0
0
0
0
0
0
0
0
0
0
0
0
0
0
0
0
0
0
0
0
0
0
0
0
0
0
0
0
0
0
0
0
0
0
0
0
0
0
0
0
0
0
0
0
0
0
0
0
0
0
0
0
0
0
0
0
0
0
0
0
0
0
0
0
0
0
0
0
0
0
0
0
0
0
0
0
0
0
0
0
0
0
0
0
0
0
0
0
0
0
0
0
0
0
0
0
0
0
0
0
0
0
0
0
0
0
0
0
0
0
0
0
0
0
0
0
0
0
0
0
0
0
0
0
0
0
0
0
0
0
0
0
0
0
0
0
0
0
0
0
0
0
0
0
0
0
0
0
0
0
0
0
0
0
0
0
0
0
0
0
0
0
0
0
0
0
0
0
0
0
0
0
0
0
0
0
0
0
0
0
0
0
0
0
0
0
0
0
0
0
0
0
0
0
0
0
0
0
0
0
0
0
0
0
0
0
0
0
0
0
0
0
0
0
0
0
0
0
0
0
0
0
0
0
0
0
0
0
0
0
0
0
0
0
0
0
0
0
0
0
0
0
0
0
0
0
0
0
0
0
0
0
0
0
0
0
0
0
0
0
0
0
0
0
0
0
0
0
0
