425.329555300356
367.67465042550316
291.45405749981757
473.7589394825587
385.5029464337339
298.94613424462733
215.44095339139176
97.28253802993922
86.21920404341958
324.0368061288252
317.72197809552864
247.24960242674385
122.81629832501903
60.07864845984322
5.122335802019509
0.7578209025002933
0.20632511283019825
234.35506069226514
237.9759413648651
222.44210436522042
101.91790114252274
5.830541951306738
1.2396729358483873
0.6808737806166608
0.2017445951100615
0.3952018469885347
249.23164007998727
200.06249886073064
157.94344621867063
30.416518085484714
0.809026639908225
0.5709803140462897
0.3109850914274521
0.2866210504667743
0.4865854187343242
284.1288469290234
248.52637734860411
118.50347173593354
6.52195289154955
0.44450972444414716
0.40532303706702094
0.8130838647283638
0.5761938088599523
1.6895514651028352
315.95021864781864
162.82650371106993
9.388317267985569
0.97460339573093
1.0625814030558165
1.2134288043298813
30.507433418025382
148.9185812364491
378.33162477855444
215.4641789740173
22.418028995412964
0.8645155320605592
0.7601342432009074
2.9148495232286624
152.7571892484436
427.34233119725616
246.46203299041903
43.52081859595557
0.540502137767594
0.3997786129119131
24.140253656176867
212.01204528193918
Mean: 124.62326365145424
