-0.41985565
-0.48835763
-0.545448
-0.59476674
-0.5925853
-0.6162609
-0.63376415
-0.64492226
-0.6546685
-0.6608657
-0.6723902
-0.6693462
-0.68489003
-0.68397653
-0.6961427
-0.70686245
-0.7109276
-0.711458
-0.7235668
-0.72891
-0.72694945
-0.7378961
-0.737576
-0.74535626
-0.7474559
-0.74970436
-0.7567977
-0.75736237
-0.7610668
-0.77115893
-0.76568377
-0.77977055
-0.77645653
-0.77933586
-0.7805226
-0.7922504
-0.78952855
-0.7924555
-0.7921407
-0.7963458
-0.7967097
-0.80188656
-0.80806035
-0.80232406
-0.811339
-0.8108193
-0.8139225
-0.8130915
-0.8178235
-0.81614715
-0.8169114
-0.8196874
-0.81883824
-0.822088
-0.8258128
-0.8231211
-0.8239843
-0.8276339
-0.82771826
-0.8299655
-0.8290313
-0.83408624
-0.83163524
-0.83105284
-0.83526456
-0.8388141
-0.8368818
-0.83842295
-0.83840066
-0.84217924
-0.8401212
-0.8423713
-0.8416845
-0.8407377
-0.8421997
-0.841824
-0.8418501
-0.84471047
-0.8431242
-0.84817135
-0.84588605
-0.848974
-0.84549195
-0.8496313
-0.844962
-0.8506595
-0.85473174
-0.85005724
-0.85153013
-0.85057926
-0.85344064
-0.85339177
-0.85703254
-0.8546386
-0.85560316
-0.8578956
-0.8577616
-0.85834026
-0.86020434
-0.85994846
-0.8600398
-0.86265343
-0.8645254
-0.86365724
-0.86011314
-0.86321
-0.8671681
-0.86419344
-0.8643393
-0.8652154
-0.8677137
-0.86498725
-0.86696184
-0.8666046
-0.86987555
-0.86936474
-0.86858445
-0.8703925
-0.86791474
-0.8687169
-0.869848
-0.8711635
-0.8732738
-0.873575
-0.8718585
-0.87410593
-0.8741421
-0.8751811
-0.87128395
-0.87615865
-0.87621856
-0.8769804
-0.8771301
-0.87581587
-0.87715137
-0.8769401
-0.88170165
-0.87872446
-0.8788268
-0.88062507
-0.88102657
-0.8809225
-0.88284993
-0.8813208
-0.88651675
-0.88048697
-0.8844995
-0.8840934
-0.8834382
-0.88625574
-0.8838865
-0.8861048
-0.88575464
-0.8870952
-0.88735586
-0.8855096
-0.8871704
-0.8885668
-0.88673854
-0.88852006
-0.8867789
-0.88678503
-0.88980085
-0.8903023
-0.88760257
-0.8913035
-0.89072883
-0.88764226
-0.8912712
-0.89098954
-0.89075714
-0.8914526
-0.89499444
-0.8923069
-0.89252365
-0.892556
-0.8910862
-0.8942609
-0.89161205
-0.8951787
-0.89220405
-0.8945443
-0.8948894
-0.89606166
-0.89645237
-0.89347345
-0.8959417
-0.8968902
-0.8990817
-0.8957675
-0.8996605
-0.8986155
-0.9001461
-0.8970646
-0.8996566
-0.8991455
-0.89970326
-0.9003469
-0.8988784
-0.8991592
-0.9017829
-0.9013239
-0.90030915
-0.9036684
-0.89916664
-0.901998
-0.90189254
-0.9015653
-0.9027554
-0.9033045
-0.90423703
-0.9047099
-0.90415144
-0.9023742
-0.90638256
-0.90554136
-0.9074224
-0.9062618
-0.9052527
-0.9047108
-0.9042601
-0.9058389
-0.906535
-0.90602124
-0.9095291
-0.90727884
-0.9091983
-0.9091779
-0.91016877
-0.9081303
-0.9112234
-0.91248643
-0.90966314
-0.9117262
-0.910788
-0.90954334
-0.91354513
-0.90953207
-0.9106356
-0.9105782
-0.9129777
-0.9135622
-0.91570055
-0.9131441
-0.9135953
-0.9140805
-0.91429096
-0.91501766
-0.91321176
-0.91505086
-0.9155865
-0.9167129
-0.91702855
-0.9168718
-0.91734254
-0.91706467
-0.91852725
-0.9175623
-0.9186944
-0.9166613
-0.9196054
-0.9177135
-0.91862184
-0.9184398
-0.92092144
-0.919558
-0.921301
-0.919415
-0.9218782
-0.91893166
-0.92158693
-0.9203879
-0.91961193
-0.9195693
-0.92109
-0.9205686
-0.9219222
-0.92199254
-0.92074865
-0.9204986
-0.92213756
-0.9229133
-0.92412305
-0.9236794
-0.9218018
-0.9203135
-0.92147326
-0.92344266
-0.9235655
-0.9233605
-0.9232232
-0.9253129
-0.92304736
-0.9239603
-0.9232457
-0.92389756
-0.9252181
-0.9275432
-0.9256494
-0.9242459
-0.9250581
-0.92487735
-0.9268577
-0.9240044
-0.9265005
-0.92479956
-0.9264748
-0.9258335
-0.9243942
-0.9275658
-0.9274794
-0.9280438
-0.9282467
-0.9271615
-0.9271583
-0.9282812
-0.92595744
-0.92846197
-0.9285574
-0.9287092
-0.9288851
-0.9274427
-0.92661077
-0.92833644
-0.9279945
-0.926303
-0.9264483
-0.9285709
-0.9315121
-0.92823786
-0.9290653
-0.93028766
-0.9285866
-0.92936945
-0.92929924
-0.92860985
-0.9289138
-0.92882776
-0.92943525
-0.9310292
-0.9315851
-0.9307503
-0.92885935
-0.9317502
-0.9310281
-0.9313774
-0.9307875
-0.9311712
-0.9317065
-0.9309272
-0.9317676
-0.93058634
-0.9316498
-0.93320215
-0.9304421
-0.92994
-0.93214524
-0.9315413
-0.9307391
-0.9318476
-0.9336494
-0.9299801
-0.93118596
-0.9328784
-0.93162537
-0.9330353
-0.9315326
-0.9326532
-0.9332706
-0.9337488
-0.9341034
-0.9340971
-0.93301463
-0.93258476
-0.93286496
-0.9317358
-0.932389
-0.9331151
-0.9320736
-0.9338845
-0.9316413
-0.9336818
-0.93497276
-0.93312585
-0.93388736
-0.9338371
-0.932528
-0.9326719
-0.934192
-0.93266577
-0.9336033
-0.9331169
-0.9343962
-0.9328379
-0.935028
-0.9345908
-0.934282
-0.93374395
-0.9351523
-0.93418103
-0.93475664
-0.9340522
-0.9361904
-0.93629605
-0.93429667
-0.9368145
-0.93621624
-0.935223
-0.93446696
-0.9355112
-0.93578494
-0.93561167
-0.93602306
-0.9356963
-0.93562835
-0.93370044
-0.9363087
-0.93505776
-0.936986
-0.9368056
-0.9354469
-0.9379843
-0.93569434
-0.93670493
-0.9366821
-0.935911
-0.93604845
-0.937212
-0.9363861
-0.93651265
-0.9376374
-0.93638927
-0.93657714
-0.93546677
-0.9381932
-0.93708783
-0.93605864
-0.9395005
-0.93710184
-0.9370108
-0.9373477
-0.938489
-0.9403701
-0.93738014
-0.9383884
-0.9374425
-0.93958807
-0.93958193
-0.93757445
-0.9358364
-0.9376848
-0.93911755
-0.9371526
-0.93912125
-0.9397713
-0.93959624
-0.9377612
-0.9398239
-0.9390078
-0.93913114
-0.93887705
-0.93773097
-0.93820244
-0.9396386
-0.936495
-0.93853605
-0.9392431
-0.9357911
-0.9373293
-0.9372094
-0.9375073
-0.93918186
-0.93968976
-0.9373952
-0.93681514
-0.9388157
-0.93992454
-0.93796897
-0.93816894
-0.9392323
-0.9394156
-0.93981117
-0.93932307
-0.9391937
-0.9390319
-0.93911797
-0.938164
-0.93926626
-0.9382292
-0.9388141
-0.93911505
-0.9386583
-0.9394639
-0.9387133
-0.93898094
-0.9402269
-0.9412638
-0.93870854
-0.939245
-0.94044185
-0.94042385
-0.94032806
-0.9388386
-0.93932927
-0.94080985
-0.9396685
-0.9405282
-0.9402111
-0.939008
-0.9382466
-0.9392953
-0.94049746
-0.939592
-0.9390867
-0.9384297
-0.9387252
-0.94163233
-0.9406339
-0.93758863
-0.93771815
-0.9403733
-0.9400193
-0.9383762
-0.9386834
-0.93898636
-0.9394119
-0.93899167
-0.9410439
-0.941538
-0.93958825
-0.93815
-0.9407209
-0.9408084
-0.9399921
-0.94089705
-0.93909085
-0.9386012
-0.940985
-0.9385912
-0.9394601
-0.94082415
-0.94053006
-0.9415115
-0.9402397
-0.9406199
-0.9393444
-0.94087595
-0.9410592
-0.9404072
-0.93919444
-0.93852574
-0.9416257
-0.9392774
-0.9421345
-0.940399
-0.941206
-0.9399846
-0.9389532
-0.9404591
-0.9409292
-0.939571
-0.9406128
-0.939753
-0.94103426
-0.9410422
-0.9408137
-0.93970364
-0.9398729
-0.9416517
-0.94066674
-0.94101334
-0.9411112
-0.938917
-0.9409621
-0.9400526
-0.939344
-0.94097334
-0.93987274
-0.93998283
-0.9405167
-0.9402048
-0.9393184
-0.94135773
-0.94149524
-0.93900764
-0.94123256
-0.9430122
-0.9402467
-0.9402473
-0.9414772
-0.9406346
-0.9416382
-0.94165546
-0.94348615
-0.9412603
-0.9411032
-0.94058084
-0.94084436
-0.9426952
-0.942592
-0.9402484
-0.9420578
-0.9396297
-0.9419123
-0.9408382
-0.9420688
-0.94117194
-0.94181603
-0.9413633
-0.9409452
-0.9420672
-0.94124514
-0.9420722
-0.9429762
-0.94192994
-0.94097286
-0.9404335
-0.93970615
-0.942553
-0.9429518
-0.9406735
-0.9404511
-0.9428798
-0.9406438
-0.9419379
-0.943315
-0.9426817
-0.94207585
-0.94288826
-0.9415256
-0.94273794
-0.9399693
-0.9432742
-0.94230527
-0.9415995
-0.9402578
-0.94164443
-0.9413526
-0.9423372
-0.9441624
-0.9426877
-0.94154644
-0.9423374
-0.94314456
-0.9430657
-0.9424417
-0.9441552
-0.94243795
-0.94255066
-0.94120115
-0.9429578
-0.9408535
-0.9416694
-0.9416918
-0.9411136
-0.9427625
-0.94093835
-0.94092953
-0.94181496
-0.9419043
-0.940338
-0.9423482
-0.94351685
-0.9422975
-0.9432302
-0.94332683
-0.9420379
-0.94285965
-0.9420251
-0.9426076
-0.9414971
-0.9416352
-0.9418993
-0.94262844
-0.9416267
-0.9429036
-0.94076246
-0.94111896
-0.94092757
-0.9423123
-0.94261557
-0.94262743
-0.9408345
-0.9418592
-0.9416394
-0.94207925
-0.9445238
-0.9434147
-0.94342655
-0.9423254
-0.9419317
-0.9432532
-0.9427839
-0.943635
-0.94278795
-0.94240063
-0.9438823
-0.94308674
-0.94173557
-0.9430317
-0.94393367
-0.9431529
-0.94450223
-0.9436
-0.94378394
-0.94222796
-0.94357723
-0.94422245
-0.94230574
-0.9434601
-0.94279724
-0.942538
-0.9443676
-0.9431428
-0.9437804
-0.9435631
-0.9425656
-0.94235575
-0.9436042
-0.94297814
-0.9453419
-0.94313717
-0.94312245
-0.9436383
-0.9441444
-0.9451141
-0.94292057
-0.9433757
-0.94467705
-0.9427521
-0.94348025
-0.9445708
-0.9439235
-0.9429791
-0.9435522
-0.9441424
-0.94288206
-0.9441618
-0.945266
-0.9439464
-0.94306
-0.94250613
-0.94204426
-0.9456232
-0.9421908
-0.94457185
-0.94377655
-0.9431594
-0.9444263
-0.9430878
-0.9451066
-0.944443
-0.9440582
-0.94518006
-0.9440001
-0.9445582
-0.94335115
-0.9440451
-0.9444665
-0.9428064
-0.94383353
-0.9427941
-0.9425107
-0.94270194
-0.9440281
-0.944135
-0.9445191
-0.94186074
-0.9419745
-0.9420071
-0.9453867
-0.9448433
-0.94482
-0.9438585
-0.9438354
-0.94453603
-0.94344336
-0.9432844
-0.943789
-0.9444585
-0.9432131
-0.9423409
-0.9435278
-0.9443295
-0.94353116
-0.9435965
-0.9438033
-0.94416434
-0.94181335
-0.9437216
-0.9445085
-0.9435774
-0.94401056
-0.9436863
-0.9432403
-0.9436402
-0.94413406
-0.9430982
-0.94320875
-0.9444991
-0.94380367
-0.94451994
-0.9452348
-0.94387525
-0.94587296
-0.9435494
-0.94417924
-0.94305074
-0.9437013
-0.9442697
-0.94598824
-0.9440403
-0.9442426
-0.944262
-0.94456136
-0.94444716
-0.9445995
-0.9449204
-0.94224745
-0.9439351
-0.9455897
-0.94498086
-0.94439787
-0.94464123
-0.9447531
-0.9468583
-0.9436691
-0.9440989
-0.94511724
-0.94274616
-0.9444198
-0.9435606
-0.94409674
-0.94308704
-0.94359654
-0.9448264
-0.9448577
-0.94407433
-0.9439364
-0.94420445
-0.9435681
-0.94349015
-0.9439187
-0.943811
-0.9428531
-0.9439603
-0.9443804
-0.94275486
-0.9450224
-0.9449158
-0.94402
-0.9444684
-0.9441083
-0.94248074
-0.94490725
-0.94432276
-0.94466305
-0.9446637
-0.9446826
-0.9449882
-0.9446795
-0.94492906
-0.94511
-0.9468443
-0.9442158
-0.9448542
-0.94427365
-0.9436974
-0.9444971
-0.9454641
-0.94509566
-0.9447515
-0.9428433
-0.94346863
-0.945519
-0.9448354
-0.94468755
-0.94656134
-0.9442911
-0.94465804
-0.9457647
-0.943951
-0.94569874
-0.944435
-0.9455143
-0.9439084
-0.9466216
-0.9451006
-0.94400924
-0.94462454
-0.94463277
-0.94578713
-0.9445306
-0.9455357
-0.9459592
-0.9457877
-0.9460059
-0.9459879
-0.9449553
-0.94613886
-0.9454714
-0.94557
-0.94471216
-0.94546336
-0.94533753
-0.9447899
-0.94549507
-0.94519454
-0.9468922
-0.94626486
-0.945627
-0.9446733
-0.9459576
-0.9476264
-0.9455812
-0.9460039
-0.9460336
-0.94622123
-0.9472224
-0.94723874
-0.9436911
-0.9450887
-0.9449442
-0.9466952
-0.94512165
-0.9456097
-0.9462951
-0.9460243
-0.94529355
-0.9460435
-0.9465709
-0.9452732
-0.94507635
-0.94568855
-0.94685423
-0.9460128
-0.9461711
-0.94549865
-0.9472009
-0.94661134
-0.9458753
-0.94651544
-0.9465611
-0.94713277
-0.9471917
-0.94738936
-0.94514567
-0.94577175
-0.9467899
-0.9453892
-0.9455964
-0.94769907
-0.94778055
-0.9461981
-0.9460028
-0.94615024
-0.9458097
-0.94784045
-0.9477318
-0.9453683
-0.9451854
-0.94705504
-0.94542396
-0.9472031
-0.94631463
-0.9466698
-0.94622475
-0.9472394
-0.9469882
-0.9462538
-0.94687164
-0.94648063
-0.94763684
-0.9461759
-0.94595575
-0.9452685
-0.9461021
-0.945893
-0.9460907
-0.94664526
-0.9461546
-0.9445146
-0.9447131
-0.94417536
-0.94557285
-0.9465787
-0.9461676
-0.94754386
-0.945663
-0.94605666
-0.94691044
-0.9456839
-0.94606984
-0.94747335
-0.9470865
-0.9464259
-0.9476338
-0.94559294
-0.9452762
-0.94654495
-0.947283
-0.946592
-0.94736624
-0.94555306
-0.94492155
-0.9467286
-0.9451685
-0.94692874
-0.9460223
-0.94534945
-0.946261
-0.9469969
-0.9475515
-0.94769156
-0.9458296
-0.9474144
-0.94665074
-0.9462927
-0.9454547
-0.9463121
-0.94820076
-0.9475614
-0.9490611
-0.94714856
-0.9460916
-0.9457027
-0.947149
-0.9474316
-0.94705284
-0.94812393
-0.9477216
-0.94698715
-0.9479811
-0.9472246
-0.94723773
-0.946823
-0.94875765
-0.9481362
-0.94764686
-0.9484766
-0.9474703
-0.9467166
-0.9468699
-0.9487541
-0.94720876
-0.94617754
-0.9474597
-0.9483643
-0.94769025
-0.9484459
-0.9479536
-0.94778425
-0.9481489
-0.94774663
-0.9479646
-0.94904
-0.94826436
-0.9481276
-0.9471408
-0.9468748
-0.9483192
-0.94737494
-0.9477304
-0.9479596
-0.949336
-0.947707
-0.9479575
-0.94839835
-0.94791037
-0.9477368
-0.9487076
-0.9475037
-0.9491824
-0.94906974
-0.94931734
-0.9486457
-0.9491814
-0.9476781
-0.9472442
-0.94973415
-0.94818157
-0.94708663
-0.9491416
-0.94935393
-0.94831425
-0.94788045
-0.948175
-0.94829845
-0.94705665
-0.94805956
-0.9478353
-0.94845307
-0.9476148
-0.9468215
-0.9479911
-0.9473831
-0.94833916
-0.94800365
-0.9473855
-0.9490991
-0.94947076
-0.9475748
-0.94826263
-0.9482415
-0.9483001
-0.9479776
-0.947822
-0.95073575
-0.94893223
-0.94953024
-0.9484351
-0.94873625
-0.94908845
-0.9494925
-0.94805247
-0.94946766
-0.9498982
-0.9476808
-0.9483844
-0.9487612
-0.9483928
-0.9487947
-0.9488949
-0.9476099
-0.9487454
-0.9475406
-0.95086306
-0.94885087
-0.9483345
-0.948168
-0.9484064
-0.94786906
-0.94778705
-0.94789463
-0.9493914
-0.9490783
-0.9489104
-0.94898945
-0.94750893
-0.9470979
-0.9471646
-0.94838125
-0.94790995
-0.9480672
-0.94779366
-0.9484066
-0.9486158
-0.9492135
-0.9484612
-0.94923854
-0.9492348
-0.9479453
-0.94769895
-0.9491749
-0.9485715
-0.9486636
-0.9488973
-0.9497605
-0.9467392
-0.9477864
-0.94831055
-0.9477263
-0.9482208
-0.94892263
-0.9481509
-0.94864565
-0.94876325
-0.94870585
-0.9482779
-0.9490938
-0.9475189
-0.9482804
-0.9477927
-0.9483991
-0.9476707
-0.9486471
-0.94823825
-0.9477146
-0.9487984
-0.94942015
-0.94801056
-0.9478828
-0.9476734
-0.9498846
-0.94899386
-0.9478876
-0.9467107
-0.9481677
-0.9479165
-0.9476822
-0.9477956
-0.9499126
-0.9479174
-0.9473444
-0.9486783
-0.9487095
-0.94886804
-0.9485293
-0.949018
-0.9494626
-0.9488484
-0.95021343
-0.94936043
-0.94945115
-0.948599
-0.94865906
-0.94956875
-0.9492148
-0.9489138
-0.9498242
-0.9490561
-0.9483221
-0.94868225
-0.9489232
-0.9493584
-0.9487986
-0.9482958
-0.9486455
-0.94904834
-0.94812524
-0.95022357
-0.9488805
-0.94879246
-0.9501414
-0.9488403
-0.94767004
-0.949317
-0.94709086
-0.94939643
-0.9490264
-0.9491804
-0.9486656
-0.94924045
-0.95017207
-0.95015675
-0.94984007
-0.9486645
-0.95031244
-0.94892234
-0.94956464
-0.94802374
-0.9473541
-0.9501882
-0.94957536
-0.9483464
-0.9493852
-0.9495735
-0.9501092
-0.94937664
-0.94909656
-0.9495261
-0.94932204
-0.949396
-0.94999063
-0.94848925
-0.9489129
-0.9507868
-0.94957095
-0.948361
-0.95041734
-0.9497984
-0.9485326
-0.9490598
-0.94904315
-0.9489769
-0.94952905
-0.9498162
-0.9502672
-0.9492914
-0.9474375
-0.9490894
-0.9488788
-0.94815266
-0.94948345
-0.9493073
-0.94862604
-0.9509148
-0.9492096
-0.94825596
-0.9495288
-0.94907594
-0.9493188
-0.94976133
-0.9485615
-0.94835055
-0.949724
-0.94803476
-0.94975793
-0.94887125
-0.9502464
-0.9497931
-0.9495263
-0.9505023
-0.9495368
-0.9492129
-0.94972354
-0.9481507
-0.9485903
-0.9484928
-0.9484492
-0.95018435
-0.9492856
-0.9502119
-0.94925576
-0.9471641
-0.94909704
-0.9498548
-0.9490629
-0.9495017
-0.95045036
-0.94775414
-0.9491508
-0.94901335
-0.94911927
-0.9497476
-0.94781154
-0.9488813
-0.9482141
-0.9497507
-0.9488052
-0.94949675
-0.9494136
-0.94918066
-0.9492204
-0.94751877
-0.9496607
-0.94896823
-0.9494808
-0.949582
-0.9491954
-0.9504532
-0.9496217
-0.94812936
-0.9505038
-0.94842297
-0.9485395
-0.9492551
-0.948721
-0.94935894
-0.9480789
-0.9483332
-0.9497156
-0.9491717
-0.9487253
-0.9502355
-0.9496066
-0.9487187
-0.95057285
-0.9496078
-0.9488902
-0.9499245
-0.94851106
-0.9503038
-0.9486598
-0.9478494
-0.94834346
-0.9492349
-0.9483021
-0.95036405
-0.9501645
-0.9482753
-0.9482593
-0.947798
-0.9477912
-0.94837844
-0.95041513
-0.94915146
-0.95094997
-0.94920355
-0.94902813
-0.9484279
-0.94895244
-0.9494926
-0.94911873
-0.9496162
-0.94871056
-0.9484792
-0.94908476
-0.94925696
-0.9485387
-0.9498573
-0.9494494
-0.9498962
-0.94952637
-0.9487531
-0.9489193
-0.9494119
-0.9495838
-0.949502
-0.9509815
-0.95054066
-0.9505725
-0.9502161
-0.94963074
-0.9498429
-0.9488463
-0.9512252
-0.9505111
-0.94895744
-0.94979507
-0.9494314
-0.9495651
-0.9491501
-0.9492293
-0.949294
-0.9493495
-0.94891685
-0.9503956
-0.94953007
-0.94884515
-0.95053864
-0.9491052
-0.94948345
-0.9489599
-0.9488341
-0.95007503
-0.9497282
-0.9492955
-0.9507606
-0.9515443
-0.94880074
-0.94971985
-0.9492401
-0.94957614
-0.95140326
-0.9497448
-0.949971
-0.94896126
-0.9490512
-0.95158625
-0.951107
-0.95049804
-0.94959563
-0.9490607
-0.9499796
-0.94999576
-0.94880354
-0.9485822
-0.94997364
-0.9478071
-0.94954777
-0.9481727
-0.94901043
-0.946524
-0.94799113
-0.9491483
-0.9489001
-0.9475843
-0.9494518
-0.9460869
-0.94779253
-0.94930387
-0.9492114
-0.94829315
-0.94853663
-0.9496986
-0.94782865
-0.94875693
-0.9501924
-0.9474959
-0.95039934
-0.94931006
-0.9498303
-0.9504961
-0.9474221
-0.9494533
-0.9490004
-0.9485061
-0.9496747
-0.94963676
-0.94988394
-0.9494958
-0.94840735
-0.95024574
-0.94913816
-0.94976777
-0.9504467
-0.9513614
-0.9496528
-0.9480682
-0.9490729
-0.94936454
-0.95054567
-0.94889706
-0.9488443
-0.9493534
-0.9497705
-0.9498926
-0.9491987
-0.9487714
-0.94742477
-0.9496633
-0.9487947
-0.9487157
-0.9489629
-0.94929105
-0.949429
-0.9508254
-0.95060253
-0.95065236
-0.94969046
-0.9508078
-0.95075065
-0.95101017
-0.95068425
-0.9503658
-0.949309
-0.94958633
-0.95123726
-0.95005614
-0.9475877
-0.9484428
-0.94986695
-0.9501947
-0.9508563
-0.94837546
-0.950164
-0.9477025
-0.94845504
-0.9489513
-0.94952875
-0.94891185
-0.9498872
-0.9481661
-0.9488117
-0.94880384
-0.9494346
-0.94897753
-0.9484053
-0.9479128
-0.950803
-0.94822186
-0.94918126
-0.9488086
-0.95028514
-0.94870555
-0.9494383
-0.9493918
-0.9469426
-0.94932437
-0.9492245
-0.94833344
-0.9486682
-0.9507108
-0.9507256
-0.9512027
-0.9508311
-0.9489247
-0.9490342
-0.9497679
-0.94725186
-0.94995373
-0.9503588
-0.95006835
-0.95112157
-0.9485295
-0.9479384
-0.95072275
-0.9499174
-0.94871575
-0.9502619
-0.9500452
-0.9494202
-0.9504903
-0.95075524
-0.95051044
-0.94971603
-0.95130867
-0.9500122
-0.95054555
-0.9501718
-0.94964767
-0.9504399
-0.948704
-0.9480276
-0.94879293
-0.95043486
-0.95019805
-0.9498188
-0.95080507
-0.94778705
-0.9496657
-0.94920886
-0.9489364
-0.95087665
-0.94828176
-0.9494536
-0.95027405
-0.9498602
-0.95012283
-0.95079815
-0.9496351
-0.9512549
-0.94940275
-0.94944006
-0.95024914
-0.9511973
-0.95066375
-0.9507534
-0.94924766
-0.9511478
-0.94952846
-0.95030034
-0.9504477
-0.95025474
-0.95054954
-0.94898146
-0.9500607
-0.9494199
-0.950024
-0.9490938
-0.95084405
-0.9500228
-0.9501266
-0.9488698
-0.94963384
-0.95020944
-0.9491217
-0.9504287
-0.950674
-0.94935614
-0.9493763
-0.9510843
-0.94833875
-0.9512535
-0.9491313
-0.95049953
-0.9494259
-0.95155627
-0.95035785
-0.9501357
-0.94846714
-0.94897604
-0.9491077
-0.9504939
-0.9496054
-0.94980127
-0.9496663
-0.9505804
-0.950791
-0.94948584
-0.9493435
-0.9494655
-0.94905007
-0.9501347
-0.9492732
-0.95070225
-0.94810915
-0.94931763
-0.9488482
-0.94885164
-0.9504153
-0.9481035
-0.94910955
-0.9480289
-0.9505496
-0.9504664
-0.94925696
-0.9493711
-0.9502634
-0.9489104
-0.9483239
-0.9504108
-0.9496746
-0.9473547
-0.9492889
-0.95071644
-0.9488338
-0.9489769
-0.94857687
-0.9486935
-0.949354
-0.94865566
-0.95001006
-0.94845206
-0.9504984
-0.95087826
-0.95107347
-0.9501706
-0.9500868
-0.94912
-0.9496565
-0.94964236
-0.9504746
-0.9507878
-0.948993
-0.94893646
-0.9501416
-0.95125866
-0.9513231
-0.95102495
-0.9497003
-0.9489069
-0.9502678
-0.9498622
-0.9490177
-0.94920135
-0.9489091
-0.9484925
-0.9489768
-0.9493727
-0.950503
-0.94764173
-0.9489068
-0.9513008
-0.9491857
-0.9500467
-0.95087636
-0.9492302
-0.9497676
-0.9496243
-0.9490705
-0.95140725
-0.9502162
-0.949219
-0.9495395
-0.950651
-0.9489522
-0.95047706
-0.9499427
-0.9503263
-0.94868845
-0.94985604
-0.9506948
-0.9504691
-0.95062596
-0.95086193
-0.95044744
-0.94963
-0.95029056
-0.95003384
-0.9496576
-0.9499538
-0.9504237
-0.94852513
-0.95077896
-0.95001924
-0.95054525
-0.9496777
-0.95017874
-0.947866
-0.9500645
-0.94812644
-0.9485565
-0.9483676
-0.9505288
-0.9487144
-0.948293
-0.94949293
-0.9490897
-0.94893765
-0.9500853
-0.95148855
-0.9495854
-0.9500097
-0.9498609
-0.9501877
-0.9494946
-0.94982684
-0.95073694
-0.9513392
-0.94979286
-0.95044017
-0.9489518
-0.94898427
-0.9520563
-0.9502894
-0.95002633
-0.94958794
-0.9496532
-0.95108986
-0.9509859
-0.9498086
-0.9493147
-0.9504273
-0.948588
-0.9515473
-0.9494266
-0.9501127
-0.9502364
-0.95080525
-0.950163
-0.95096356
-0.95207053
-0.9504969
-0.9503863
-0.95088124
-0.95069635
-0.94973767
-0.9517692
-0.95003307
-0.94925743
-0.94955635
-0.9503036
-0.94925284
-0.94947904
-0.9497082
-0.9497163
-0.95019937
-0.94963694
-0.9494183
-0.950375
-0.95032316
-0.94871813
-0.9500493
-0.95036495
-0.9492235
-0.94933945
-0.95032007
-0.95065105
-0.9478119
-0.9490165
-0.95022225
-0.9500522
-0.94866395
-0.9492812
-0.9502119
-0.9493272
-0.95065606
-0.9491576
-0.94977975
-0.950069
-0.9494872
-0.9500579
-0.95054007
-0.9481102
-0.9495349
-0.94965476
-0.9487911
-0.94982654
-0.94812775
-0.9506657
-0.9504107
-0.9490453
-0.9512018
-0.9474136
-0.9488766
-0.9500984
-0.94802636
-0.9497945
-0.94854826
-0.94907033
-0.94987535
-0.9500233
-0.9517954
-0.9496314
-0.9502655
-0.9487921
-0.950653
-0.9487905
-0.9498571
-0.95047295
-0.9501385
-0.9496888
-0.9507444
-0.94912684
-0.9498942
-0.9503881
-0.95091045
-0.9499291
-0.9498372
-0.94948536
-0.95052993
-0.94952834
-0.94977176
-0.95070004
-0.94898665
-0.950508
-0.9505732
-0.9502674
-0.9489878
-0.9495798
-0.9495712
-0.9503102
-0.95057213
-0.9504637
-0.9496973
-0.9506004
-0.9489403
-0.95085067
-0.95107996
-0.95121783
-0.94895774
-0.949916
-0.9494885
-0.9491525
-0.95088494
-0.95078063
-0.9511123
-0.94977766
-0.9487484
-0.9476814
-0.95006895
-0.95073307
-0.94839156
-0.9496636
-0.951067
-0.9496217
-0.9493588
-0.9495594
-0.95018035
-0.9505492
-0.949448
-0.95052785
-0.9504244
-0.94970566
-0.9503843
-0.95058984
-0.9513256
-0.9508135
-0.9510203
-0.95025754
-0.95097566
-0.95011413
-0.94977754
-0.9502838
-0.950898
-0.95021456
-0.95024353
-0.9500517
-0.9513585
-0.949202
-0.9494731
-0.9525211
-0.94960755
-0.95162386
-0.9512003
-0.94997114
-0.95002717
-0.950933
-0.9497569
-0.95162874
-0.95073515
-0.94770384
-0.95012593
-0.9495992
-0.94863236
-0.9488585
-0.9489843
-0.95125
-0.950242
-0.9491545
-0.9504178
-0.9505256
-0.9506642
-0.94965816
-0.95069563
-0.94884825
-0.95121413
-0.95221597
-0.9502129
-0.9492099
-0.9495566
-0.95101655
-0.9501109
-0.95109487
-0.9509677
-0.9502889
-0.9493974
-0.9503441
-0.95090055
-0.95056236
-0.94928944
-0.94984937
-0.95153975
-0.95028037
-0.9503298
-0.9507233
-0.950128
-0.94877374
-0.9500227
-0.949538
-0.9504729
-0.949219
-0.94995403
-0.948639
-0.9480891
-0.95006233
-0.9504988
-0.9492095
-0.949505
-0.9500528
-0.9500163
-0.9485871
-0.9502538
-0.9493122
-0.9507159
-0.94948083
-0.94957054
-0.94893813
-0.95101064
-0.95007455
-0.94905454
-0.9500912
-0.95047957
-0.9500381
-0.95019764
-0.95044786
-0.9489211
-0.95208037
-0.9505129
-0.94961864
-0.95003784
-0.95123
-0.9504167
-0.9502857
-0.9502302
-0.9491369
-0.9509052
-0.9510523
-0.95020723
-0.9507359
-0.95007646
-0.9497785
-0.9492512
-0.95081997
-0.9517843
-0.94948554
-0.9495732
-0.9492731
-0.94969726
-0.9490551
-0.9512148
-0.95102334
-0.95048547
-0.94864124
-0.9500372
-0.9497565
-0.9478809
-0.94862485
-0.951437
-0.9520685
-0.95125043
-0.94954926
-0.95059675
-0.94972754
-0.9488228
-0.9500336
-0.9486674
-0.9499992
-0.94954354
-0.9503397
-0.95027137
-0.9498756
-0.950186
-0.95039326
-0.9496755
-0.95028293
-0.95150274
-0.95022154
-0.9492689
-0.95084506
-0.94995004
-0.9498295
-0.9492966
-0.9508346
-0.9506599
-0.9493213
-0.95060956
-0.9495742
-0.9500251
-0.949976
-0.9498565
-0.9495522
-0.9495681
-0.9503919
-0.94901574
-0.95201033
-0.9502472
-0.9523617
-0.95149463
-0.9497732
-0.9502861
-0.95064133
-0.94866335
-0.94880897
-0.95052385
-0.9491191
-0.9498613
-0.95102596
-0.9504137
-0.95049447
-0.9506428
-0.9510842
-0.94941336
-0.9499584
-0.9516311
-0.9499323
-0.94952846
-0.94948834
-0.9497509
-0.9519424
-0.9492471
-0.95076
-0.9490028
-0.9503383
-0.9481491
-0.951273
-0.94928247
-0.9501714
-0.94789547
-0.951397
-0.9492221
-0.94995064
-0.9500955
-0.9501476
-0.94941086
-0.94838375
-0.9506693
-0.94976085
-0.95101213
-0.9506035
-0.95203245
-0.94966877
-0.9508764
-0.9493509
-0.94981784
-0.95016515
-0.949811
-0.950326
-0.95110047
-0.95055634
-0.9503744
-0.9490529
-0.95069855
-0.9506602
-0.95039356
-0.94971365
-0.9520328
-0.9495119
-0.9499125
-0.95027566
-0.9503164
-0.95031875
-0.94950277
-0.9513023
-0.9514759
-0.95120364
-0.94871986
-0.949936
-0.9509037
-0.950424
-0.95002204
-0.9514016
-0.9514883
-0.95107836
-0.9505735
-0.9476452
-0.9521991
-0.95022845
-0.95014024
-0.95084745
-0.949826
-0.9499198
-0.95124525
-0.9512325
-0.95125633
-0.95038843
-0.95150656
-0.9508082
-0.95030075
-0.9505323
-0.9515175
-0.94952697
-0.94949484
-0.9509201
-0.950661
-0.950213
-0.95127934
-0.9503302
-0.95141447
-0.950011
-0.94995475
-0.9498421
-0.95051587
-0.9500321
-0.9490704
-0.950022
-0.9503173
-0.95079565
-0.9503173
-0.9496032
-0.95064294
-0.9499249
-0.94949645
-0.95018756
-0.9491384
-0.9501438
-0.9508236
-0.9503666
-0.95209056
-0.94949275
-0.9496501
-0.9517789
-0.94862044
-0.94970316
-0.9499442
-0.95124143
-0.9498972
-0.94966465
-0.95075566
-0.9512909
-0.9504842
-0.9501806
-0.9494847
-0.9502062
-0.95065296
-0.95141345
-0.9505218
-0.94756114
-0.94985086
-0.9500492
-0.9499013
-0.9494228
-0.9514237
-0.94972897
-0.94962496
-0.9513667
-0.9496709
-0.9496909
-0.9486843
-0.9501949
-0.9496146
-0.94928735
-0.950067
-0.95156705
-0.9512157
-0.9498903
-0.9506932
-0.9507632
-0.9483791
-0.9501726
-0.9507767
-0.9492717
-0.95020276
-0.9506471
-0.95194185
-0.94973594
-0.9509106
-0.94934183
-0.9488361
-0.9510364
-0.94813573
-0.95045066
-0.9512656
-0.95010215
-0.949726
-0.9485449
-0.9490585
-0.94940084
-0.9508679
-0.950023
-0.9500522
-0.9515265
-0.95095736
-0.94844645
-0.95090383
-0.9478907
-0.94853026
-0.9497062
-0.9495204
-0.9502778
-0.9489334
-0.948444
-0.94954824
-0.9500549
-0.9509186
-0.9507691
-0.9499046
-0.95036894
-0.9509971
-0.94912845
-0.95146817
-0.9520603
-0.9503788
-0.95063925
-0.95125586
-0.9495254
-0.94877285
-0.95074373
-0.9500081
-0.95063937
-0.9519287
-0.95144063
-0.948752
-0.9498616
-0.94994056
-0.95140433
-0.9501601
-0.94955367
-0.94990754
-0.95053583
-0.94686097
-0.94935435
-0.9502017
-0.94964135
-0.950883
-0.95077264
-0.94975865
-0.95100445
-0.95055145
-0.9502856
-0.95076823
-0.950538
-0.9508694
-0.95124215
-0.9493022
-0.95026946
-0.9503425
-0.9495413
-0.95033884
-0.95067817
-0.9505602
-0.9503643
-0.9494865
-0.95029855
-0.9504171
-0.9498005
-0.9507699
-0.9509139
-0.9511949
-0.95036834
-0.9504034
-0.9488402
-0.9496621
-0.9490453
-0.9505637
-0.9510771
-0.9510661
-0.95041484
-0.950052
-0.94980824
-0.94977236
-0.95085806
-0.9492099
-0.95159996
-0.9513685
-0.9519968
-0.9498711
-0.95018643
-0.9507373
-0.95082116
-0.95044976
-0.94912434
-0.94923294
-0.9504594
-0.9501287
-0.95028824
-0.9513155
-0.95079935
-0.9511465
-0.94967556
-0.95128024
-0.9508264
-0.94863033
-0.94961655
-0.95110184
-0.9495198
-0.95131916
-0.9493707
-0.95035267
-0.9502237
-0.95068395
-0.95108426
-0.95096546
-0.9503941
-0.9500266
-0.9498915
-0.9496167
-0.9510391
-0.9506993
-0.94990015
-0.951364
-0.9512524
-0.95057243
-0.95066124
-0.9505823
-0.9506672
-0.9505514
-0.9510987
-0.9514252
-0.95089245
-0.9511405
-0.9513854
-0.95140266
-0.95200545
-0.95060354
-0.9515297
-0.9506756
-0.94853425
-0.9503734
-0.95166785
-0.95053005
-0.9504847
-0.9506391
-0.9503424
-0.95008534
-0.9496596
-0.9506163
-0.95198584
-0.9497074
-0.95110816
-0.95023656
-0.94980204
-0.95039284
-0.9504743
-0.94913477
-0.9484689
-0.94867474
-0.950438
-0.94910616
-0.95022005
-0.9495603
-0.9506613
-0.9487951
-0.94895905
-0.95012295
-0.9486341
-0.95032114
-0.94986504
-0.94878376
-0.9503055
-0.9478197
-0.94986176
-0.9501219
-0.94939375
-0.9492813
-0.9494007
-0.94989157
-0.9494566
-0.9493148
-0.9498593
-0.94888806
-0.9517571
-0.9487634
-0.949922
-0.9504063
-0.9498805
-0.9499444
-0.9507282
-0.95023793
-0.9494025
-0.95112723
-0.94922966
-0.9501431
-0.9487083
-0.950616
-0.9503985
-0.9504751
-0.95035744
-0.94939715
-0.9503117
-0.95073056
-0.95031315
-0.94881165
-0.95076984
-0.9493974
-0.94963944
-0.95074046
-0.9496703
-0.95037824
-0.9491181
-0.94994116
-0.9501042
-0.95125115
-0.9492881
-0.94962955
-0.9491031
-0.94996995
-0.9496001
-0.9493046
-0.949764
-0.9503508
-0.95003337
-0.9505391
-0.94983965
-0.9506937
-0.9522265
-0.95072234
-0.9516142
-0.95017266
-0.94948095
-0.9495869
-0.9498842
-0.95077926
-0.9499624
-0.9515275
-0.95001024
-0.9508103
-0.94985485
-0.94844514
-0.9517102
-0.9492158
-0.95027554
-0.9502858
-0.949679
-0.95017844
-0.9503274
-0.9514951
-0.9500629
