-0.44498113
-0.4658895
-0.4641084
-0.4772535
-0.49672154
-0.5054496
-0.51518524
-0.5339599
-0.5458857
-0.55291504
-0.5648102
-0.57735556
-0.57156193
-0.5918972
-0.60104775
-0.6005845
-0.61729765
-0.62820023
-0.6432771
-0.65151465
-0.65240586
-0.66374326
-0.6776459
-0.6815683
-0.697232
-0.7099902
-0.71755207
-0.72266287
-0.73793864
-0.7429778
-0.7534567
-0.77049565
-0.77948576
-0.7897692
-0.79605
-0.80344695
-0.807394
-0.8177054
-0.8162973
-0.82662493
-0.8287701
-0.8315701
-0.83473295
-0.8365306
-0.83853024
-0.84203327
-0.8432999
-0.84842753
-0.8502341
-0.8547473
-0.8571073
-0.8616026
-0.8629908
-0.86383027
-0.8636478
-0.86871743
-0.8686109
-0.8709255
-0.8677949
-0.87079674
-0.8716816
-0.8734979
-0.8745852
-0.8715382
-0.8758472
-0.8753054
-0.8780487
-0.87891346
-0.8803023
-0.88094425
-0.88388187
-0.8834915
-0.883567
-0.88392776
-0.88841885
-0.88572454
-0.8874748
-0.8855648
-0.888739
-0.88551474
-0.88793427
-0.8892522
-0.8870209
-0.8889592
-0.89035845
-0.8889325
-0.88926965
-0.89187765
-0.8901848
-0.8905838
-0.89131784
-0.8895986
-0.8908126
-0.89332557
-0.8929216
-0.89464355
-0.8941258
-0.89425224
-0.89288396
-0.89191705
-0.8943361
-0.89347386
-0.895747
-0.8946377
-0.8918817
-0.89273477
-0.8935304
-0.89582926
-0.89420915
-0.8949975
-0.8962846
-0.8957767
-0.8960855
-0.8969485
-0.89490676
-0.89692736
-0.89628786
-0.89496714
-0.8971838
-0.8977067
-0.8968802
-0.8949821
-0.89853394
-0.89692336
-0.8982208
-0.8969321
-0.89757156
-0.9001269
-0.89803433
-0.89765203
-0.8984902
-0.8972901
-0.9002643
-0.8973305
-0.89758575
-0.8983616
-0.8970355
-0.89830273
-0.89840525
-0.89787465
-0.89773226
-0.89801604
-0.8997081
-0.90047866
-0.89751554
-0.8991462
-0.900893
-0.8992145
-0.8975654
-0.8998974
-0.9000082
-0.8995457
-0.9019981
-0.9000625
-0.90173954
-0.90095943
-0.90045404
-0.8994471
-0.90268147
-0.8996696
-0.90175235
-0.902073
-0.90305984
-0.8999939
-0.90229076
-0.90172315
-0.9002684
-0.90067965
-0.90057683
-0.9011892
-0.89943653
-0.9021314
-0.90239406
-0.9026338
-0.9010291
-0.90205425
-0.9013096
-0.90138406
-0.90264297
-0.904504
-0.903059
-0.90192634
-0.9015313
-0.9029981
-0.90209424
-0.90281373
-0.90306675
-0.9025904
-0.9023576
-0.9015997
-0.9021287
-0.90267575
-0.90424955
-0.90305257
-0.9032852
-0.9025972
-0.9016005
-0.9041113
-0.9036307
-0.9024357
-0.9028651
-0.9027493
-0.90231174
-0.9023578
-0.904072
-0.9044941
-0.90386313
-0.9038518
-0.90195215
-0.90451545
-0.90443015
-0.90460545
-0.9048818
-0.9041595
-0.90524834
-0.904194
-0.9043051
-0.9043114
-0.90353405
-0.90260625
-0.9013107
-0.90348816
-0.90494543
-0.9036034
-0.9042675
-0.90217656
-0.9023816
-0.9053284
-0.9057081
-0.9058879
-0.90389603
-0.9036284
-0.90388286
-0.9043592
-0.90551925
-0.90477616
-0.9048324
-0.9052403
-0.90584224
-0.9057544
-0.906378
-0.9042741
-0.905478
-0.9053764
-0.9059476
-0.9037537
-0.9044714
-0.9065911
-0.90391713
-0.9048104
-0.9035131
-0.9050415
-0.90616256
-0.9057665
-0.90487504
-0.90276814
-0.90348494
-0.90343547
-0.90597713
-0.9068775
-0.90586334
-0.90650684
-0.90632606
-0.90422034
-0.90413845
-0.90471184
-0.9054082
-0.90572286
-0.90678966
-0.90528584
-0.9054768
-0.906498
-0.9077663
-0.9068299
-0.9040958
-0.90632457
-0.9076816
-0.9055729
-0.90466607
-0.9030673
-0.9066792
-0.9057785
-0.9052259
-0.9056839
-0.9045858
-0.90664524
-0.90598375
-0.90542006
-0.90512496
-0.90548766
-0.90870285
-0.9072733
-0.9069129
-0.9060482
-0.9076003
-0.90544844
-0.9074331
-0.90532964
-0.90637696
-0.90721416
-0.90526104
-0.9063723
-0.90710515
-0.90727615
-0.9067993
-0.9051306
-0.90673476
-0.90691483
-0.9046866
-0.90728235
-0.90637416
-0.905779
-0.90558445
-0.90651625
-0.90749514
-0.9071008
-0.907937
-0.9069482
-0.905439
-0.90514046
-0.908848
-0.90624267
-0.90754753
-0.9073414
-0.90619695
-0.90669304
-0.9063794
-0.90835124
-0.90682715
-0.9063614
-0.9048843
-0.9064264
-0.9068319
-0.90875083
-0.90577406
-0.9069507
-0.9068523
-0.9058632
-0.9065847
-0.9056806
-0.90715283
-0.90804553
-0.90642047
-0.90938956
-0.9073496
-0.9059076
-0.9071552
-0.9091674
-0.9070805
-0.90929073
-0.90743434
-0.9073222
-0.9071828
-0.90821695
-0.9068538
-0.9069742
-0.9071501
-0.9089031
-0.9073899
-0.9072349
-0.90711516
-0.9081715
-0.9072176
-0.90704775
-0.90714645
-0.9088017
-0.91051996
-0.907372
-0.9070421
-0.9076774
-0.9058076
-0.9073102
-0.9086856
-0.9077729
-0.906491
-0.90815574
-0.9078943
-0.90863025
-0.9073714
-0.90883803
-0.90998423
-0.9070881
-0.9084695
-0.90847754
-0.9076597
-0.9091309
-0.90776694
-0.9074162
-0.9078125
-0.90814793
-0.9086665
-0.9084513
-0.90663695
-0.909026
-0.90727496
-0.90783334
-0.9077432
-0.90763015
-0.90739125
-0.90775776
-0.90841246
-0.907526
-0.9069898
-0.908258
-0.9094289
-0.91080546
-0.9069875
-0.90772647
-0.90775037
-0.909395
-0.91056764
-0.9075037
-0.90749806
-0.9092326
-0.90817225
-0.9079784
-0.9107219
-0.9085239
-0.90822095
-0.9101864
-0.90807545
-0.91015804
-0.90706646
-0.9105688
-0.9074609
-0.9105633
-0.9085834
-0.9087948
-0.907369
-0.9082986
-0.909352
-0.90967625
-0.90843785
-0.9093362
-0.90869653
-0.9083981
-0.908012
-0.9099814
-0.91035783
-0.90788496
-0.9082208
-0.90762454
-0.9086638
-0.90817314
-0.9089291
-0.9089739
-0.90935975
-0.90950006
-0.9086538
-0.9087453
-0.9094748
-0.90998524
-0.9086405
-0.908637
-0.9091495
-0.9087593
-0.9077725
-0.9096278
-0.9076336
-0.9084167
-0.9083846
-0.91008425
-0.9074947
-0.90997267
-0.90881157
-0.9088251
-0.9099692
-0.90870154
-0.90957934
-0.90713036
-0.9088339
-0.90902615
-0.90867037
-0.9076753
-0.91070104
-0.9092703
-0.9091494
-0.9090687
-0.9098163
-0.9089505
-0.909151
-0.9073355
-0.9098429
-0.9085657
-0.9095412
-0.9081709
-0.90983003
-0.9086921
-0.9102611
-0.9090042
-0.90903735
-0.908433
-0.90882176
-0.90937364
-0.9081003
-0.90839475
-0.9091497
-0.9099906
-0.9106066
-0.91076267
-0.9090362
-0.9100669
-0.91027516
-0.91054595
-0.9108608
-0.9102299
-0.910145
-0.91056186
-0.9109909
-0.909006
-0.9091967
-0.9098479
-0.90930516
-0.9106211
-0.9103363
-0.90829366
-0.908358
-0.9080364
-0.91040665
-0.9090071
-0.9082851
-0.90959674
-0.9098408
-0.907484
-0.9103184
-0.9116391
-0.9087201
-0.9089332
-0.9109951
-0.9106493
-0.90906024
-0.91065025
-0.9110494
-0.9083915
-0.9105761
-0.9102664
-0.909125
-0.91244346
-0.9101274
-0.9118756
-0.911321
-0.9084745
-0.90900654
-0.90907663
-0.9084637
-0.91073287
-0.9086041
-0.9077098
-0.9099372
-0.90952605
-0.9095766
-0.91100264
-0.909725
-0.91008586
-0.9092222
-0.9100797
-0.9095484
-0.9094473
-0.9089442
-0.9092535
-0.9105652
-0.9096422
-0.90875226
-0.91060466
-0.9100532
-0.9103318
-0.9118798
-0.9094553
-0.91022116
-0.91059136
-0.9094086
-0.9097902
-0.9102237
-0.90825963
-0.9095405
-0.90870875
-0.9119006
-0.9106489
-0.91165566
-0.91086686
-0.9099939
-0.90991706
-0.9102625
-0.90954745
-0.91073245
-0.9101669
-0.9099179
-0.91186523
-0.9103874
-0.9106694
-0.9098457
-0.9103571
-0.910839
-0.91028506
-0.9111237
-0.9096156
-0.9117536
-0.9114953
-0.9113826
-0.91051096
-0.91076106
-0.91117907
-0.91184413
-0.91019934
-0.9115809
-0.9113877
-0.91271406
-0.91127795
-0.9106925
-0.91095847
-0.90881824
-0.91003436
-0.9115424
-0.9117403
-0.91133535
-0.9109903
-0.91084856
-0.9101337
-0.9104482
-0.91084665
-0.9103306
-0.9097351
-0.90964115
-0.9120505
-0.91173285
-0.91068494
-0.9108589
-0.91158426
-0.9107852
-0.90757084
-0.910514
-0.9102746
-0.91140056
-0.9100028
-0.9097427
-0.911427
-0.9110046
-0.91055995
-0.90958637
-0.91283375
-0.9103936
-0.91009736
-0.91232485
-0.91175264
-0.908705
-0.91208893
-0.91098607
-0.91009855
-0.9104383
-0.91157687
-0.9119927
-0.90993977
-0.9107276
-0.91071755
-0.9121173
-0.9118613
-0.9108068
-0.91055757
-0.9117002
-0.91125596
-0.9113241
-0.9106788
-0.90999246
-0.9103745
-0.9121577
-0.91065353
-0.911675
-0.91195154
-0.911677
-0.9108175
-0.90924996
-0.91033167
-0.90879726
-0.91172326
-0.9121487
-0.9114623
-0.91021967
-0.9105997
-0.911766
-0.9114447
-0.91054493
-0.9104727
-0.91153204
-0.91165787
-0.9105055
-0.9109098
-0.90991235
-0.9122603
-0.9093657
-0.9117115
-0.91198486
-0.9103281
-0.9104153
-0.9115682
-0.909569
-0.9110256
-0.9100944
-0.9124563
-0.90962356
-0.9112227
-0.91240597
-0.90848786
-0.91125035
-0.91144043
-0.9107196
-0.9096616
-0.91014576
-0.91022754
-0.9126703
-0.91098684
-0.91087234
-0.912094
-0.9111805
-0.91098017
-0.9111278
-0.9103478
-0.91383153
-0.91038144
-0.91224
-0.9119412
-0.91028786
-0.91184825
-0.9119502
-0.91345483
-0.9109657
-0.91039044
-0.9115856
-0.91062135
-0.9113463
-0.9119097
-0.9110514
-0.9118952
-0.91087854
-0.9111483
-0.9104565
-0.91081357
-0.91179276
-0.9112177
-0.9129679
-0.9116312
-0.9101012
-0.91111636
-0.912854
-0.9128215
-0.9114946
-0.91137606
-0.910592
-0.9112558
-0.9108318
-0.9125017
-0.91186994
-0.91126025
-0.91205734
-0.9112769
-0.9105177
-0.91164523
-0.9126053
-0.911256
-0.91055995
-0.91216916
-0.9123272
-0.911751
-0.91140974
-0.91301423
-0.91132987
-0.9108995
-0.9126221
-0.91084343
-0.91267365
-0.9127232
-0.91088533
-0.9100513
-0.9109469
-0.9138064
-0.9111718
-0.91143584
-0.9124601
-0.91073054
-0.91179085
-0.91302705
-0.9114466
-0.9129895
-0.91082877
-0.9117132
-0.912061
-0.912233
-0.9145467
-0.9111723
-0.91177994
-0.9109197
-0.9127622
-0.9125731
-0.9111267
-0.911798
-0.9120956
-0.9120513
-0.91284055
-0.91150343
-0.91113156
-0.91211456
-0.91033286
-0.911295
-0.91009134
-0.91299224
-0.9111601
-0.9116838
-0.91309124
-0.91253203
-0.9108776
-0.90994877
-0.91133046
-0.9126543
-0.9102043
-0.9123747
-0.9106828
-0.9123668
-0.91250086
-0.9127297
-0.91150606
-0.91244286
-0.9108056
-0.91028446
-0.913153
-0.9124979
-0.91282505
-0.9123771
-0.91381305
-0.9116403
-0.9103227
-0.91182494
-0.9106032
-0.9119707
-0.9123243
-0.91188073
-0.91216224
-0.9108865
-0.9120948
-0.9104913
-0.9111942
-0.9110117
-0.9104266
-0.91168636
-0.9115938
-0.91269535
-0.9132908
-0.91110826
-0.91313905
-0.91152346
-0.9096246
-0.91045964
-0.9114553
-0.9121928
-0.91235846
-0.9129005
-0.91229284
-0.91125524
-0.91311276
-0.9131159
-0.91236854
-0.9120158
-0.9119492
-0.91213197
-0.91062015
-0.9133615
-0.910898
-0.9135026
-0.9141686
-0.91197157
-0.91265166
-0.9136284
-0.9122811
-0.91179615
-0.9123736
-0.9128151
-0.9125043
-0.9114822
-0.91310596
-0.91209805
-0.91284287
-0.91282755
-0.91147023
-0.91515553
-0.91215104
-0.9128261
-0.912652
-0.9123015
-0.91162264
-0.9115858
-0.91093326
-0.91144055
-0.91419744
-0.9130165
-0.9122749
-0.9110605
-0.91138804
-0.9124965
-0.91110617
-0.9127717
-0.91136265
-0.91209203
-0.9117431
-0.91375124
-0.9134657
-0.91161925
-0.9106674
-0.91341156
-0.91170317
-0.91280377
-0.91246367
-0.9130146
-0.91302186
-0.91343105
-0.9126069
-0.91311157
-0.9129356
-0.91264445
-0.9126072
-0.91360176
-0.91134447
-0.91276115
-0.9117007
-0.912399
-0.9116053
-0.91273034
-0.91287005
-0.9127892
-0.9143431
-0.9137557
-0.9110581
-0.91315454
-0.9135355
-0.9117848
-0.9124056
-0.9124501
-0.9131595
-0.9112042
-0.9118771
-0.9106828
-0.9130057
-0.9125978
-0.9121902
-0.9130573
-0.9133595
-0.91115946
-0.91308326
-0.91220015
-0.9134475
-0.91134286
-0.91269845
-0.9129805
-0.9123856
-0.9127695
-0.9135538
-0.9119751
-0.9124305
-0.91244864
-0.91219085
-0.9118569
-0.9140998
-0.91256416
-0.91165483
-0.9124307
-0.91260475
-0.9117676
-0.9131667
-0.9116925
-0.91368794
-0.9133664
-0.91241676
-0.91021866
-0.91417426
-0.91358393
-0.91160107
-0.91248137
-0.91350025
-0.91361076
-0.9126246
-0.9140353
-0.91406006
-0.9134343
-0.9128468
-0.9115133
-0.91171867
-0.91321415
-0.91342837
-0.9140035
-0.9138173
-0.91338617
-0.9142048
-0.9121126
-0.9116465
-0.9127102
-0.9137526
-0.912714
-0.9144161
-0.9128279
-0.91051924
-0.91376543
-0.9136034
-0.91252434
-0.9132788
-0.9124492
-0.91287225
-0.9132896
-0.9117567
-0.9137225
-0.9138734
-0.91213423
-0.9121356
-0.9160185
-0.91353387
-0.9111761
-0.9140008
-0.913394
-0.9137135
-0.9140898
-0.9138353
-0.9129405
-0.91309804
-0.91413116
-0.9131516
-0.9113791
-0.9129112
-0.9126349
-0.91284716
-0.9127227
-0.91474015
-0.91307443
-0.9124202
-0.9118146
-0.91290396
-0.91469646
-0.913547
-0.9124195
-0.91444945
-0.9136838
-0.9130106
-0.9143971
-0.9128997
-0.91222125
-0.91354936
-0.9124785
-0.9130466
-0.9132392
-0.913911
-0.9134913
-0.91219825
-0.9132415
-0.9125424
-0.9154049
-0.9139108
-0.91435415
-0.91389936
-0.9153047
-0.91364574
-0.9143303
-0.91468114
-0.9139385
-0.91327465
-0.91422164
-0.91437095
-0.9127657
-0.9148679
-0.9141398
-0.91197217
-0.91366595
-0.91288954
-0.91359615
-0.9139771
-0.9131738
-0.9116991
-0.91327393
-0.91380465
-0.9144124
-0.9142062
-0.91356736
-0.91556126
-0.9142495
-0.91434187
-0.9130635
-0.9131168
-0.9149086
-0.9136271
-0.91256434
-0.9138747
-0.91383654
-0.91375726
-0.9133897
-0.91430444
-0.91448224
-0.9145928
-0.91310567
-0.91353744
-0.91241693
-0.91418064
-0.9152959
-0.91417205
-0.9138497
-0.91397303
-0.91414315
-0.91138583
-0.91388696
-0.91264886
-0.91411537
-0.91447985
-0.91290253
-0.91308933
-0.9133062
-0.9132604
-0.9132975
-0.9123817
-0.9125792
-0.9143949
-0.9147601
-0.91326123
-0.91388375
-0.9125649
-0.9158873
-0.9136726
-0.9122509
-0.91437024
-0.914548
-0.9131303
-0.91528845
-0.9131933
-0.9138536
-0.91289896
-0.91289467
-0.9142332
-0.912998
-0.9150387
-0.9133389
-0.9135878
-0.9125099
-0.9142263
-0.9126186
-0.91457105
-0.91413784
-0.91367
-0.915128
-0.9130316
-0.9142698
-0.91313106
-0.9139124
-0.9139934
-0.9136253
-0.9133967
-0.91517407
-0.91350657
-0.91417146
-0.9162608
-0.9128874
-0.9135932
-0.9131647
-0.91355467
-0.9152795
-0.9143349
-0.915753
-0.9141365
-0.9129965
-0.914274
-0.9137295
-0.914149
-0.91448975
-0.914436
-0.91514087
-0.91478485
-0.9122913
-0.9155001
-0.91468525
-0.91391087
-0.9152138
-0.9141688
-0.9150847
-0.915118
-0.91455185
-0.91354144
-0.91423887
-0.9161602
-0.9135911
-0.91179645
-0.9150227
-0.91452473
-0.915487
-0.9141705
-0.91376513
-0.91555065
-0.9136732
-0.9142276
-0.91438246
-0.9128651
-0.9155516
-0.91354185
-0.9143732
-0.915314
-0.91552943
-0.91569453
-0.9110275
-0.9151818
-0.9137219
-0.9139641
-0.91514283
-0.91577744
-0.9138478
-0.9158522
-0.91388416
-0.9146563
-0.91479707
-0.91454226
-0.91694474
-0.9139985
-0.9129503
-0.9123225
-0.9137621
-0.91535056
-0.91457844
-0.91490203
-0.9148518
-0.91331273
-0.9134685
-0.9149165
-0.9130392
-0.9141402
-0.91310835
-0.912904
-0.9138073
-0.9135546
-0.9150557
-0.9152996
-0.91372234
-0.91543835
-0.91428727
-0.91481656
-0.9164063
-0.91551626
-0.91437876
-0.9138019
-0.9130098
-0.9139446
-0.91276217
-0.9142388
-0.9148899
-0.91408104
-0.91203475
-0.9135261
-0.9128597
-0.91308
-0.91320515
-0.9152411
-0.9139008
-0.91358095
-0.91562104
-0.91550136
-0.9133474
-0.9139124
-0.9128359
-0.91369116
-0.9156027
-0.91516864
-0.9149604
-0.91359574
-0.9158098
-0.9157373
-0.9142078
-0.91540676
-0.9142515
-0.91417825
-0.9142993
-0.91549385
-0.9148665
-0.9141825
-0.9145984
-0.9159956
-0.91544163
-0.9145197
-0.9145942
-0.91533715
-0.91461444
-0.9141223
-0.91392237
-0.9142117
-0.91486394
-0.9149777
-0.914251
-0.91464585
-0.9163555
-0.91364217
-0.91497636
-0.91420215
-0.914489
-0.9150124
-0.91438055
-0.9137616
-0.9140247
-0.9137931
-0.9139561
-0.9139709
-0.9145239
-0.91623235
-0.9132532
-0.91341037
-0.91474694
-0.9139604
-0.9153829
-0.9156016
-0.9146383
-0.9141969
-0.91469485
-0.91610086
-0.91572255
-0.9143979
-0.91462904
-0.91357964
-0.9155663
-0.9161316
-0.9145331
-0.9146143
-0.91354233
-0.9160174
-0.9145649
-0.914947
-0.9152506
-0.9155848
-0.9145997
-0.91387266
-0.914473
-0.91543835
-0.9157627
-0.91562325
-0.91515374
-0.91537577
-0.915054
-0.91447556
-0.9131571
-0.91414905
-0.91474473
-0.9149524
-0.91473866
-0.9155724
-0.9149397
-0.91531813
-0.91517735
-0.9143991
-0.9152521
-0.9149072
-0.9146364
-0.91452944
-0.9167844
-0.915774
-0.91425866
-0.9145981
-0.9153226
-0.9148331
-0.9145932
-0.91447055
-0.91367537
-0.91406286
-0.9144783
-0.9144918
-0.914494
-0.9161046
-0.9143092
-0.91445625
-0.9154474
-0.91656405
-0.9132334
-0.91494817
-0.91508
-0.9159371
-0.91488373
-0.9151954
-0.91560537
-0.91343063
-0.9148528
-0.91361314
-0.91703933
-0.91569984
-0.9147575
-0.91398513
-0.9149022
-0.9141332
-0.91585225
-0.9163227
-0.9143406
-0.91280967
-0.9151308
-0.9136468
-0.9151301
-0.9151227
-0.91535556
-0.91461974
-0.91411996
-0.9161752
-0.9155485
-0.9142008
-0.91342455
-0.9145762
-0.91555715
-0.9156939
-0.9162011
-0.9162837
-0.915746
-0.915956
-0.9156999
-0.91534
-0.9147327
-0.914047
-0.91446966
-0.91805565
-0.91500545
-0.91564846
-0.91425943
-0.9156692
-0.91476154
-0.9150534
-0.91462356
-0.91573375
-0.9154217
-0.91470194
-0.9157625
-0.9139049
-0.9137941
-0.9160763
-0.9167064
-0.9160586
-0.91529256
-0.91523015
-0.9145792
-0.91475415
-0.91544485
-0.91584027
-0.9162016
-0.91499853
-0.91606337
-0.91508424
-0.9156388
-0.9149455
-0.91548234
-0.9158702
-0.9155202
-0.9158385
-0.91564727
-0.91543955
-0.9154765
-0.9151924
-0.91605604
-0.91429716
-0.91525626
-0.9150033
-0.91554326
-0.91553134
-0.91539663
-0.9156453
-0.915858
-0.915622
-0.9142846
-0.9141573
-0.9163916
-0.91490656
-0.91652155
-0.9133274
-0.91567445
-0.91554594
-0.91538155
-0.91517895
-0.9146461
-0.91580546
-0.9162258
-0.9157044
-0.91509277
-0.91455775
-0.9161684
-0.91517335
-0.91552335
-0.91455114
-0.9144572
-0.91582215
-0.9163694
-0.91478544
-0.913434
-0.91609645
-0.9153815
-0.9139264
-0.91539204
-0.9149678
-0.91509634
-0.91526556
-0.9158934
-0.91637015
-0.9158916
-0.9157001
-0.9155174
-0.91440547
-0.9172732
-0.91460216
-0.9153612
-0.9151157
-0.9137067
-0.91685975
-0.9153999
-0.91506994
-0.9155289
-0.9156083
-0.91678923
-0.9154172
-0.9142955
-0.9144399
-0.9133764
-0.916867
-0.9153986
-0.916286
-0.91589713
-0.9171015
-0.91594857
-0.91677874
-0.9149472
-0.9167169
-0.914275
-0.91424406
-0.915661
-0.9160244
-0.9150693
-0.9159071
-0.9152999
-0.91688865
-0.9158152
-0.91580516
-0.91474175
-0.9150938
-0.91512513
-0.914743
-0.9159487
-0.91701615
-0.9159741
-0.91613287
-0.9160917
-0.9172251
-0.91546834
-0.9165688
-0.9161086
-0.916177
-0.915139
-0.9142222
-0.9148778
-0.9163367
-0.91569674
-0.9153367
-0.91633517
-0.9155321
-0.9148838
-0.91537184
-0.91589004
-0.9175436
-0.9155189
-0.91650516
-0.91630757
-0.9163122
-0.9158274
-0.9166669
-0.9146444
-0.9167458
-0.9159306
-0.9172974
-0.91700834
-0.91688347
-0.9158124
-0.9138212
-0.91748327
-0.9154052
-0.9161916
-0.9153457
-0.9154825
-0.9157351
-0.91526294
-0.91694283
-0.9181378
-0.9146021
-0.9166776
-0.9172515
-0.91588724
-0.91637105
-0.9150056
-0.91619927
-0.9153739
-0.9142876
-0.915018
-0.91697496
-0.91373205
-0.9161789
-0.91704446
-0.9163113
-0.9162655
-0.91763306
-0.91490924
-0.9162626
-0.9165184
-0.9152674
-0.9169345
-0.91492313
-0.91654605
-0.9164189
-0.9166127
-0.91366917
-0.91430885
-0.91613966
-0.9167701
-0.916857
-0.9151398
-0.91666013
-0.9164756
-0.9177751
-0.9173452
-0.9151546
-0.9155959
-0.91550213
-0.9183099
-0.9159673
-0.9161822
-0.91551065
-0.91594976
-0.91647804
-0.9170361
-0.916553
-0.91670144
-0.9164025
-0.91680616
-0.91633135
-0.91559774
-0.9159546
-0.9168418
-0.91563374
-0.91608346
-0.9166974
-0.91451955
-0.9151744
-0.9148257
-0.91757214
-0.91661036
-0.91610765
-0.91539824
-0.9152059
-0.91638315
-0.9150381
-0.91465104
-0.91744334
-0.9156036
-0.9155745
-0.9175401
-0.91761696
-0.9165791
-0.91792095
-0.917261
-0.91638744
-0.91736436
-0.9172879
-0.9164228
-0.91578436
-0.9151379
-0.9156723
-0.9149918
-0.9162084
-0.91630316
-0.91649014
-0.916269
-0.91484267
-0.9153549
-0.91673553
-0.9157743
-0.91441745
-0.9172176
-0.91618407
-0.91557634
-0.9143091
-0.9165886
-0.916455
-0.91564816
-0.91566706
-0.9154736
-0.91616744
-0.9156248
-0.91722906
-0.91633916
-0.9164018
-0.91650754
-0.917468
-0.9164437
-0.9154741
-0.91520965
-0.9158339
-0.91557145
-0.91721034
-0.9170944
-0.9157672
-0.91526085
-0.91537684
-0.91723645
-0.91644156
-0.91645974
-0.91698074
-0.91693264
-0.916994
-0.9164214
-0.91744417
-0.91804606
-0.9154359
-0.9145219
-0.9167294
-0.9173476
-0.91585314
-0.91701174
-0.91661036
-0.9172195
-0.9182197
-0.9166649
-0.91593087
-0.9163247
-0.91578454
-0.9166755
-0.91598094
-0.9162617
-0.91595477
-0.91759324
-0.9169801
-0.9161455
-0.9175149
-0.9161603
-0.91432804
-0.91594386
-0.91558677
-0.9163355
-0.9172248
-0.91735077
-0.9151802
-0.91617894
-0.9172072
-0.916996
-0.91720563
-0.91682845
-0.9161833
-0.91637605
-0.91619366
-0.9159887
-0.9172293
-0.9168384
-0.91718674
-0.916668
-0.9165083
-0.9166682
-0.91718996
-0.9163192
-0.916041
-0.91824764
-0.9151167
-0.9179848
-0.91640085
-0.91808075
-0.9177525
-0.91819274
-0.91558486
-0.9157873
-0.9165814
-0.9168266
-0.9161584
-0.9163376
-0.91602105
-0.9169058
-0.9177946
-0.9171856
-0.91628903
-0.91807157
-0.9181366
-0.9159601
-0.9176423
-0.91585326
-0.9154367
-0.91538
-0.9159424
-0.91607654
-0.9165779
-0.9149203
-0.9165817
-0.916433
-0.91718453
-0.9150336
-0.91588783
-0.9161155
-0.9162551
-0.9176521
-0.91734934
-0.9157355
-0.91571057
-0.91782916
-0.91652113
-0.91593003
-0.9177099
-0.9173419
-0.91718334
-0.9179188
-0.9176326
-0.91691333
-0.9157441
-0.9179205
-0.91737455
-0.9159375
-0.9156032
-0.91682273
-0.9157922
-0.9167181
-0.9173515
-0.9161329
-0.91654867
-0.9186315
-0.9175457
-0.9178643
-0.9173421
-0.9175048
-0.91691524
-0.9166388
-0.9175986
-0.91847205
-0.91744906
-0.9164181
-0.91691154
-0.9169335
-0.91562545
-0.91767246
-0.91813797
-0.9172068
-0.9184878
-0.9156995
-0.91778356
-0.9190548
-0.9172062
-0.9183225
-0.9164695
-0.9158911
-0.9166245
-0.9177613
-0.9175408
-0.917967
-0.91876477
-0.91554433
-0.9168266
-0.9180274
-0.91696084
-0.91700035
-0.91727847
-0.9151639
-0.9170935
-0.9172513
-0.9169137
-0.91813546
-0.91579115
-0.917924
-0.9170625
-0.91716194
-0.9171286
-0.9179484
-0.9176693
-0.9158084
-0.91563845
-0.916891
-0.91745347
-0.91648686
-0.91668314
-0.91569173
-0.9176765
-0.9184765
-0.91722053
-0.9185408
-0.91737705
-0.91747427
-0.9173193
-0.9175193
-0.9176483
-0.9179073
-0.9175326
-0.9173416
-0.91775966
-0.9176819
-0.9179452
-0.91626495
-0.9165893
-0.9165655
-0.9180013
-0.91663396
-0.91684806
-0.9174622
-0.9173093
-0.91589683
-0.9167139
-0.9174873
-0.91805935
-0.9175354
-0.9176124
-0.9167266
-0.9170903
-0.9176596
-0.917803
-0.9179849
-0.91753805
-0.9179385
-0.9169633
-0.9168992
-0.91839504
-0.91899294
-0.9171838
-0.91693515
-0.9167631
-0.918069
-0.91893023
-0.91753805
-0.91755486
-0.91596013
-0.9159285
-0.91695327
-0.91697526
-0.9161793
-0.9196626
-0.9157775
-0.916863
-0.91683036
-0.9176419
-0.91754586
-0.91734964
-0.9174093
-0.917472
-0.91540456
-0.91830844
-0.91893625
-0.9160861
-0.9190079
-0.91727716
-0.9168723
-0.91778004
-0.9166215
-0.91611123
-0.91672814
-0.91813093
-0.9182715
-0.917388
-0.9177753
-0.9184927
-0.9180453
-0.9182092
-0.91739774
-0.9156244
-0.91734475
-0.91598344
-0.9174106
-0.9192374
-0.9188049
-0.91746527
-0.91752976
-0.9175373
-0.9175789
-0.91786146
-0.9170162
-0.91647774
-0.9178257
-0.916469
-0.91833603
-0.91981745
-0.9158834
-0.9177994
-0.9159815
-0.91624254
-0.9183449
-0.9161763
-0.9176713
-0.9180709
-0.91632
-0.91669834
-0.91764504
-0.91805315
-0.9171216
-0.9158029
-0.9162974
-0.91696817
-0.9154549
-0.91704136
-0.9151859
-0.9179811
-0.9183876
-0.9168516
-0.9188018
-0.91764176
-0.91668314
-0.91759145
-0.9159174
-0.9180647
-0.9189978
-0.9185153
-0.9160395
-0.9184607
-0.9173164
-0.9182905
-0.91584414
-0.91822284
-0.91711414
-0.91685855
-0.9187421
-0.9179445
-0.91771483
-0.91602993
-0.9176043
-0.9175269
-0.9179956
-0.91767406
-0.9175262
-0.9184914
-0.919436
-0.9167869
-0.91597444
-0.9174377
-0.9180946
-0.9169884
-0.9180702
-0.9186539
-0.9184035
-0.9177095
-0.91771555
-0.9174494
-0.91906697
-0.91757154
-0.9161068
-0.91779137
-0.9179567
-0.9167276
-0.9188069
-0.9186926
-0.91661024
-0.9173052
-0.91855305
-0.9171521
-0.91771257
-0.91657466
-0.9187188
-0.91840166
-0.91606814
-0.9189437
-0.9178321
-0.9182434
-0.91855574
-0.91828966
-0.91784406
-0.91808116
-0.9186454
-0.91701627
-0.9175968
-0.9186988
-0.91716987
-0.91601664
-0.9176306
-0.918464
-0.9198069
-0.916731
-0.918172
-0.9189381
-0.9175819
-0.91877437
-0.91913366
-0.9198581
-0.9187928
-0.91615975
-0.9164726
-0.9170543
-0.91549164
-0.91777396
-0.9185269
-0.91729575
-0.9175071
-0.9172356
-0.9181908
-0.91809314
-0.9176346
-0.9197817
-0.9181937
-0.91987056
-0.91647273
-0.9187907
-0.91816664
-0.9177997
-0.91840994
-0.9177244
-0.918194
-0.91837883
-0.91710055
-0.9164917
-0.9170393
-0.9184642
-0.91736203
-0.9181915
-0.91953
-0.9173041
-0.9178715
-0.9173312
-0.9184074
-0.91829133
-0.91656774
-0.91817087
-0.9185023
-0.9183634
-0.9168399
-0.91816866
-0.91676
-0.91707635
-0.9180616
-0.91787666
-0.91882205
-0.9174014
-0.9181574
-0.9196422
-0.9183738
-0.91816205
-0.9173252
-0.92006654
-0.91904616
-0.9179958
-0.91708606
-0.91827935
-0.91875726
-0.91866964
-0.9178951
-0.9178467
-0.9179644
-0.9187039
-0.91956824
-0.9186045
-0.91905606
-0.91841304
-0.9177784
-0.91814953
-0.91968733
-0.9189031
-0.91764295
-0.91873133
-0.9191298
-0.9182983
-0.9185266
-0.92006534
-0.91733795
-0.9192541
-0.91880536
-0.9191598
-0.91782475
-0.91820425
-0.9176161
-0.9172461
-0.919899
-0.91860014
-0.91674626
-0.918787
-0.91697407
-0.9183885
-0.91866213
-0.91771454
-0.9164232
-0.9153839
-0.9189433
-0.91845065
-0.9183351
-0.9190052
-0.91808724
-0.9202023
-0.9174542
-0.9182902
-0.9187706
-0.9177907
-0.9179905
-0.9175372
-0.9179423
-0.9196803
-0.9187166
-0.9176365
-0.91860557
-0.9175124
-0.91871613
-0.9181362
-0.91918534
-0.91855776
-0.9198957
-0.918194
-0.9180674
-0.91940606
-0.9199067
-0.9193322
-0.9177125
-0.9195555
-0.9167348
-0.9170635
-0.9179804
-0.9190387
-0.91626984
-0.91586864
-0.91762275
-0.91903704
-0.9183165
-0.91888237
-0.91776025
-0.91800797
-0.9188164
-0.9192195
-0.91949457
-0.92060727
-0.9198555
-0.9188632
-0.91869545
-0.9194739
-0.9157707
-0.91976625
-0.919113
-0.91925883
-0.9186749
-0.91705084
-0.91771954
-0.917432
-0.91883653
-0.91723394
-0.91852796
-0.91955096
-0.91898805
-0.91770786
-0.918466
-0.91881746
-0.9202011
-0.9178874
-0.919499
-0.9181649
-0.91880876
-0.91848487
-0.9175993
-0.91907775
-0.919311
-0.9194763
-0.91842854
-0.91803575
-0.9184448
-0.9194584
-0.91701305
-0.91680086
-0.9185563
-0.91848284
-0.9191235
-0.9171373
-0.91934526
-0.918449
-0.9178901
-0.9191905
-0.91731036
-0.91891646
-0.9192245
-0.918401
-0.9176524
-0.919471
-0.9173204
-0.91913754
-0.9187749
-0.9184145
-0.91817075
-0.91764176
-0.919191
-0.9185867
-0.9194918
-0.9190688
-0.917951
-0.91810864
-0.91905177
-0.91884094
-0.9182482
-0.9186202
-0.91850805
-0.91933244
-0.9193367
-0.9177589
-0.91782933
-0.91756755
-0.9190737
-0.9188539
-0.9177049
-0.91819465
-0.91747767
-0.9179934
-0.9188772
-0.9190569
-0.91947806
-0.91946495
-0.91903454
-0.91776013
-0.91653705
-0.9176972
-0.9191402
-0.9185781
-0.91933066
-0.91828436
-0.9192316
-0.91941696
-0.9184847
-0.92008495
-0.9191912
-0.91899955
-0.9188724
-0.91825634
-0.91895163
-0.9196585
-0.9208892
-0.91840667
-0.91864187
-0.9186616
-0.91830975
-0.9204025
-0.9189132
-0.9193776
-0.91759425
-0.91990495
-0.9189198
-0.91816384
-0.9169127
-0.91908336
-0.92011917
-0.9187508
-0.91906685
-0.91973805
-0.9185669
-0.92011535
-0.9173452
-0.91971356
-0.920233
-0.91991234
-0.92018825
-0.9181746
-0.9174823
-0.91941416
-0.9193744
-0.92030287
-0.919679
-0.91900283
-0.9177095
-0.91936654
-0.9194138
-0.9178354
-0.91910475
-0.9169662
-0.9168707
-0.9182966
-0.9181408
-0.9179453
-0.9199671
-0.9192752
-0.91972244
-0.91825426
-0.9194481
-0.91902035
-0.92079926
-0.91884834
-0.9171435
-0.91946113
-0.9183878
-0.91916794
-0.9197896
-0.91954386
-0.91963726
-0.9197522
-0.9187316
-0.9185286
-0.91775364
-0.9184006
-0.9187604
-0.91947484
-0.91894925
-0.9208346
-0.9193663
-0.91956955
-0.9201363
-0.91857046
-0.91981643
-0.9186225
-0.9188733
-0.91872245
-0.9171121
-0.9186522
-0.9171551
-0.9186373
-0.92072546
-0.91862625
-0.9177505
-0.9202647
-0.9184738
-0.9165471
-0.9179441
-0.91716504
-0.91888756
-0.9180571
-0.92014825
-0.92058533
-0.91873753
-0.91900325
-0.9193347
-0.918033
-0.91820115
-0.9184354
-0.918473
-0.9196064
-0.9181611
-0.91799986
-0.91904867
-0.91874903
-0.9184686
-0.9184272
-0.91965085
-0.91877234
-0.9194464
-0.9206861
-0.91882825
-0.9211458
-0.91902876
-0.92062056
-0.91991085
-0.91950697
-0.91873604
-0.9187063
-0.91885465
-0.9197671
-0.9182037
-0.9209512
-0.9202405
-0.918264
-0.9180447
-0.9183154
-0.9188341
-0.91997993
-0.91959584
-0.91876334
-0.9204102
-0.9199777
-0.9189203
-0.92028457
-0.9176676
-0.9193299
-0.92033744
-0.9201367
-0.92034155
-0.91668165
-0.9194052
-0.91973627
-0.9188952
-0.9188741
-0.9184596
-0.91779
-0.9193491
-0.91819096
-0.9194217
-0.9190216
-0.9189236
-0.91675144
-0.919696
-0.9196528
-0.9183162
-0.92003757
-0.918263
-0.9197731
-0.9184606
-0.9183741
-0.9189597
-0.92094296
-0.9185189
-0.91993946
-0.9192424
-0.9197321
-0.9198146
-0.9180768
-0.9210904
-0.91948473
-0.9205051
-0.9196947
-0.9189175
-0.9196619
-0.91979533
-0.91979504
-0.92080355
-0.9191902
-0.9175329
-0.91757137
-0.92022216
-0.91916573
-0.9201674
-0.9196989
-0.91843134
-0.9202252
-0.9176217
-0.9185529
-0.91962636
-0.91764754
-0.9202137
-0.91700953
-0.9187682
-0.919088
-0.92033917
-0.91898
-0.91993403
-0.92020565
-0.91861403
-0.9198749
-0.91947937
-0.91950077
-0.9212795
-0.9187738
-0.92011577
-0.9188212
-0.91931856
-0.9190796
-0.919918
-0.9184874
-0.9189898
-0.91945845
-0.9183872
-0.9188239
-0.9198967
-0.9203489
-0.91915935
-0.9210763
-0.9186219
-0.9202966
-0.91916585
-0.9182982
-0.9195271
-0.92070454
-0.9176875
-0.9204212
-0.9198819
-0.9188733
-0.91889423
-0.919318
-0.91903424
-0.9205077
-0.9181349
-0.92029417
-0.9190215
-0.9191074
-0.9193545
-0.9191096
-0.9200859
-0.92005247
-0.9197168
-0.9210336
-0.9196905
-0.91786164
-0.91957575
-0.9207476
-0.91942596
-0.9202152
-0.92046976
-0.9200081
-0.91917807
-0.9200723
-0.91760427
-0.91932154
-0.9209204
-0.92052394
-0.91809624
-0.9199427
-0.9183717
-0.91878664
-0.91851544
-0.91975486
-0.91804713
-0.91974527
-0.9196507
-0.9195151
-0.9203223
-0.9190261
-0.92068017
-0.91915363
-0.919458
-0.9206237
-0.9214109
-0.9203648
-0.919292
-0.9194297
-0.92008966
-0.9203204
-0.9207604
-0.9198814
-0.9202777
-0.9183668
-0.92051226
-0.9184437
-0.9176784
-0.91917145
-0.9212563
-0.9205763
-0.91836655
-0.92025846
-0.9196465
-0.9193793
-0.920553
-0.9190679
-0.9204732
-0.9187193
-0.9201761
-0.92072135
-0.9189508
-0.91900647
-0.9202259
-0.9202215
-0.9202858
-0.91983664
-0.92110765
-0.91857076
-0.920221
-0.9190021
-0.9175814
-0.92109483
-0.9183008
-0.91864014
-0.9192125
-0.9204325
-0.91946185
-0.9175592
-0.91808957
-0.91919607
-0.92118317
-0.91919285
-0.91922534
-0.9197411
-0.91977465
-0.9193458
-0.91867703
-0.9191815
-0.9203912
-0.9197704
-0.9196616
-0.9194627
-0.9203479
-0.92128986
-0.9210381
-0.9181166
-0.92109907
-0.9200854
-0.9200251
-0.91873467
-0.9206109
-0.9185882
-0.9206745
-0.91844773
-0.9197109
-0.9208507
-0.92004037
-0.9212443
-0.91965276
-0.9193685
-0.92152315
-0.9195132
-0.918845
-0.92155635
-0.92029864
-0.91923565
-0.91947484
-0.9206966
-0.91909856
-0.92026186
-0.9198221
-0.92018527
-0.91942257
-0.9198723
-0.9218211
-0.92051226
-0.9193632
-0.91781086
-0.91993326
-0.9196379
-0.9191938
-0.9212548
-0.9199319
-0.9202897
-0.92033863
-0.91976196
-0.9199158
-0.9208803
-0.92194855
-0.9216399
-0.91986895
-0.91814184
-0.9197665
-0.91797966
-0.919526
-0.91915673
-0.9198489
-0.91994065
-0.9202523
-0.9217281
-0.9191497
-0.9193976
-0.9196295
-0.91953754
-0.920318
-0.9214803
-0.92133486
-0.92107236
-0.9200511
-0.9182419
-0.9197907
-0.9211184
-0.920358
-0.9199271
-0.9183624
-0.9174599
-0.9191527
-0.9198847
-0.92079395
-0.9190225
-0.9204885
-0.9217621
-0.9197328
-0.9202262
-0.9190043
-0.91890824
-0.9207302
-0.92074895
-0.9200633
-0.9197243
-0.9196305
-0.9200415
-0.9202092
-0.9203623
-0.91883636
-0.91846913
-0.9212584
-0.9179992
-0.919741
-0.9206244
-0.920429
-0.92039865
-0.9210452
-0.92172587
-0.92021215
-0.91949904
-0.92031044
-0.9200893
-0.92041045
-0.9206002
-0.9202847
-0.9208489
-0.9198871
-0.9208963
-0.9208578
-0.91890436
-0.9183613
-0.9196042
-0.9213813
-0.9207665
-0.9210907
-0.9195941
-0.91898894
-0.92068917
-0.919334
-0.92024946
-0.9183728
-0.91950035
-0.92074037
-0.9205448
-0.9188359
-0.92152554
-0.92003405
-0.9201429
-0.91907483
-0.9190282
-0.9197427
-0.91948533
-0.91986585
-0.92005074
-0.92052805
-0.92036426
-0.9206895
-0.9206473
-0.9219388
-0.92117584
-0.92072767
-0.9205364
-0.9209183
-0.92088735
-0.9193854
-0.9219454
-0.9198894
-0.919088
-0.92209995
-0.92049485
-0.91910136
-0.91994286
-0.9199069
-0.9204264
-0.92128557
-0.9200791
-0.9198363
-0.9213693
-0.92062336
-0.9205363
-0.9211839
-0.92113763
-0.9197998
-0.9173788
-0.9185012
-0.9192864
-0.92090094
-0.91983557
-0.9189823
-0.9210798
-0.9202943
-0.91878134
-0.91977715
-0.9213936
-0.92120886
-0.9208124
-0.92061055
-0.92159116
-0.9200699
-0.9199901
-0.91882676
-0.9199143
-0.9214143
-0.91937685
-0.9199536
-0.9198574
-0.92082727
-0.91915065
-0.9199499
-0.920967
-0.9207431
-0.92042685
-0.91967773
-0.9217791
-0.92053556
-0.91894686
-0.92104477
-0.921853
-0.9199749
-0.91993785
-0.92063755
-0.91897213
-0.9201172
-0.91966075
-0.9206347
-0.92049056
-0.919731
-0.920792
-0.9200614
-0.9216161
-0.92096865
-0.92015123
-0.92047983
-0.9195444
-0.9202637
-0.92198694
-0.919931
-0.9198844
-0.92022187
-0.91847044
-0.9218176
-0.92168546
-0.92161924
-0.9200912
-0.9187213
-0.9208287
-0.9211199
-0.9203603
-0.9200376
-0.91897863
-0.92077214
-0.92303103
-0.9213654
-0.92105705
-0.9197881
-0.92053854
-0.9190189
-0.9204156
-0.9200262
-0.9198315
-0.92020166
-0.92072624
-0.91982967
-0.92016125
-0.9205474
-0.91830647
-0.9186089
-0.92141676
-0.92038614
-0.9211536
-0.91979855
-0.92117006
-0.91978794
-0.9186213
-0.922103
-0.9209082
-0.9212023
-0.9192427
-0.92091686
-0.9218907
-0.9202574
-0.9201625
-0.9205814
-0.9217558
-0.9194288
-0.9207552
-0.9201806
-0.92021024
-0.9200257
-0.9204367
-0.92160505
-0.9212833
-0.9221034
-0.9205569
-0.9205499
-0.9196717
-0.9195515
-0.9202804
-0.92020476
-0.91921586
-0.9219626
-0.9182118
-0.92045826
-0.9209593
-0.92056066
-0.9212977
-0.9196822
-0.9197253
-0.91967833
-0.92186725
-0.91930085
-0.91972923
-0.92020684
-0.91947144
-0.9201455
-0.9224767
-0.9213365
-0.9211454
-0.9212859
-0.92094934
-0.92225146
-0.9222811
-0.92169017
-0.92097574
-0.92051435
-0.91970915
-0.92146164
-0.9201764
-0.9202188
-0.92030215
-0.9205666
-0.9210215
-0.920795
-0.9208664
-0.9186808
-0.91982216
-0.9192644
-0.9198409
-0.9200628
-0.9205823
-0.91912776
-0.921249
-0.9201794
-0.92054427
-0.92072433
-0.92121315
-0.9189021
-0.92136544
-0.92039543
-0.9200331
-0.91957194
-0.9200593
-0.91972387
-0.92196405
-0.92085147
-0.9206012
-0.920468
-0.9182912
-0.9207455
-0.92050636
-0.91928583
-0.9205772
-0.9215874
-0.9204963
-0.9196581
-0.9193545
-0.92121327
-0.92067295
-0.9197514
-0.9211273
-0.9208307
-0.92112535
-0.9204285
-0.9205497
-0.92011386
-0.92156935
-0.9212121
-0.9221523
-0.9198871
-0.9205817
-0.92069805
-0.9205644
-0.9188995
-0.9215939
-0.92150056
-0.9210586
-0.9202767
-0.91981006
-0.9200799
-0.9206291
-0.9206468
-0.9197836
-0.9185271
-0.919006
-0.9203282
-0.9219544
-0.91945285
-0.92108107
-0.92016006
-0.91995
-0.92149293
-0.92072296
-0.92077804
-0.91903514
-0.92031306
-0.919845
-0.9202648
-0.92182463
-0.91932046
-0.92159575
-0.91916585
-0.9218474
-0.92032886
-0.92150205
-0.92200816
-0.9214686
-0.920218
-0.9214887
-0.9208402
-0.9213342
-0.921967
-0.9194003
-0.9203862
-0.92139643
-0.92160356
-0.9217295
-0.9209612
-0.92058253
-0.92152053
-0.9223882
-0.9222026
-0.9206973
-0.92041403
-0.9216331
-0.9202347
-0.9207555
-0.9219398
-0.91971
-0.9217185
-0.9202687
-0.9204183
-0.92102194
-0.91987866
-0.9220767
-0.9213078
-0.9213407
-0.9210567
-0.9213021
-0.9200783
-0.9217065
-0.9211411
-0.920328
-0.9217075
-0.9207525
-0.919958
-0.921447
-0.9211579
-0.92048806
-0.9205776
-0.92141277
-0.9208445
-0.91965127
-0.9205051
-0.9212886
-0.9195538
-0.9202529
-0.92081314
-0.9197431
-0.92110705
-0.9206358
-0.9237213
-0.9198679
-0.91950417
-0.91947323
-0.9202903
-0.9211365
-0.92157507
-0.9218324
-0.9217809
-0.92205834
-0.92058706
-0.9196852
-0.9191157
-0.9208407
-0.920679
-0.9210595
-0.9207609
-0.9202514
-0.9218737
-0.9209659
-0.92171764
-0.9190662
-0.9202521
-0.9227756
-0.92032874
-0.9205811
-0.92067796
-0.9211862
-0.9215599
-0.9225219
-0.9206963
-0.9200043
-0.9214148
-0.92225516
-0.9212625
-0.92087084
-0.9205743
-0.9192283
-0.9216299
-0.9208456
-0.9219059
-0.9209777
-0.9212462
-0.92203844
-0.92126286
-0.9205186
-0.9221989
-0.92131805
-0.92076224
-0.9205471
-0.92047244
-0.92253566
-0.92260844
-0.9221343
-0.921443
-0.92084837
-0.92098856
-0.92107207
-0.9192767
-0.9228728
-0.92070585
-0.9217923
-0.92161644
-0.92078274
-0.9210385
-0.92094135
-0.92171514
-0.92013896
-0.92034036
-0.9222214
-0.9218049
-0.9190396
-0.92129135
-0.92033076
-0.9215766
-0.9226246
-0.92098325
-0.92065614
-0.9216575
-0.9206635
-0.92005646
-0.9198683
-0.9204744
-0.9210508
-0.9214243
-0.92111254
-0.9216466
-0.9220805
-0.9210504
-0.9189912
-0.9207868
-0.9211293
-0.9217122
-0.921248
-0.9216856
-0.92032194
-0.9213507
-0.92116195
-0.9226334
-0.92129976
-0.9210505
-0.92237324
-0.9218375
-0.9196503
-0.9208751
-0.92145044
-0.9206085
-0.9207017
-0.9202556
-0.91983384
-0.92106247
-0.92098725
-0.920716
-0.92157465
-0.9210441
-0.9217139
-0.9217811
-0.920219
-0.919993
-0.9217378
-0.9209568
-0.922209
-0.92306805
-0.9191168
-0.9216511
-0.92129254
-0.9216929
-0.9226687
-0.92113113
-0.9209287
-0.9187329
-0.9210302
-0.9221439
-0.92062414
-0.9215061
-0.92305684
-0.91916835
-0.92117274
-0.9213802
-0.92208266
-0.9208266
-0.9221582
-0.92142767
-0.9211344
-0.9237674
-0.92119443
-0.9199244
-0.9219061
-0.92073274
-0.9223002
-0.92036885
-0.9203936
-0.9213983
-0.92071897
-0.91975707
-0.9215676
-0.92091805
-0.91986835
-0.92038256
-0.92098933
-0.92161816
-0.9222365
-0.9202495
-0.92122287
-0.921614
-0.9211014
-0.919479
-0.9211256
-0.9220438
-0.9217956
-0.91989905
-0.92168546
-0.9215186
-0.9202908
-0.92109454
-0.9210464
-0.9223912
-0.92025954
-0.91988003
-0.9212036
-0.92007005
-0.9215753
-0.9222388
-0.92005444
-0.9211891
-0.92206883
-0.92140204
-0.9203428
-0.9206581
-0.92223406
-0.92261827
-0.9230566
-0.9215411
-0.9202797
-0.9208363
-0.9223999
-0.9214445
-0.9218135
-0.9213414
-0.92156535
-0.9209543
-0.9201318
-0.920876
-0.92117834
-0.9200268
-0.9208113
-0.9209923
-0.9212333
-0.9213103
-0.92212766
-0.92137915
-0.9212309
-0.92031753
-0.92070323
-0.9226703
-0.9219978
-0.92123896
-0.92212754
-0.92359054
-0.92060935
-0.9201058
-0.9208083
-0.91936725
-0.92192143
-0.9206734
-0.92071146
-0.92279994
-0.9195322
-0.92204636
-0.9216464
-0.92053187
-0.92068076
-0.9216127
-0.92157507
-0.92186123
-0.9217816
-0.9209186
-0.92067564
-0.9202357
-0.92121595
-0.9199654
-0.9212687
-0.92094773
-0.9195391
-0.921066
-0.9217105
-0.92208713
-0.92391384
-0.9221671
-0.9216688
-0.92137134
-0.92075294
-0.92051435
-0.9215184
-0.9205419
-0.9210186
-0.92206
-0.9215865
-0.9233822
-0.9211981
-0.9207383
-0.92070013
-0.921563
-0.9216367
-0.9214028
-0.9230153
-0.92122495
-0.92129
-0.92107457
-0.9206144
-0.9211069
-0.922312
-0.9213214
-0.9216086
-0.9217593
-0.9216948
-0.92022973
-0.9220505
-0.92269707
-0.9219686
-0.9218297
-0.922866
-0.9222081
-0.92143285
-0.9197621
-0.92216855
-0.9226644
-0.92162454
-0.92137617
-0.9210423
-0.9207463
-0.9214187
-0.9224432
-0.9218698
-0.9221906
-0.9202371
-0.92248905
-0.9210384
-0.9230316
-0.9200478
-0.9221845
-0.9213221
-0.92216396
-0.92097884
-0.92236906
-0.92041343
-0.9209401
-0.9210816
-0.92234194
-0.9207268
-0.9230359
-0.9227964
-0.92281306
-0.92184186
-0.9213843
-0.922635
-0.9210645
-0.921851
-0.92100483
-0.92277235
-0.92121667
-0.9209499
-0.92203474
-0.9212153
-0.92118734
-0.920527
-0.9208118
-0.92192113
-0.9207748
-0.92221296
-0.9211681
-0.92167187
-0.921223
-0.9221146
-0.9217414
-0.92208236
-0.92195684
-0.9212535
-0.9198683
-0.91984713
-0.92217445
-0.9221685
-0.92206705
-0.92140096
-0.9222522
-0.9220411
-0.9215683
-0.9206691
-0.9213738
-0.9212974
-0.9215242
-0.91999227
-0.9225382
-0.92122054
-0.9205732
-0.92037827
-0.92084783
-0.9208424
-0.9208146
-0.920645
-0.9188123
-0.920591
-0.9218366
-0.9212123
-0.92148435
-0.92139405
-0.92112625
-0.9208716
-0.92067003
-0.92077273
-0.9215008
-0.9213284
-0.9209598
-0.92110264
-0.9217552
-0.91990626
-0.92175925
-0.92128974
-0.9207056
-0.9220805
-0.9215206
-0.9210839
-0.9207536
-0.92309505
-0.9220497
-0.92212903
-0.92085695
-0.921106
-0.92030025
-0.9218906
-0.92211694
-0.9206804
-0.9206424
-0.9205936
-0.9225434
-0.92153156
-0.92163926
-0.92100126
-0.9216004
-0.922664
-0.919889
-0.9213255
-0.9210528
-0.9200291
-0.92141026
-0.9209866
-0.92173856
-0.9218291
-0.920281
-0.91906786
-0.92132986
-0.92019534
-0.9219745
-0.9221143
-0.921265
-0.920991
-0.9223978
-0.9219755
-0.92301947
-0.9209432
-0.92178553
-0.9225648
-0.92068756
-0.92185867
-0.9224774
-0.92039883
-0.9194002
-0.9204619
-0.9230732
-0.9224992
-0.9214937
-0.92032486
-0.92167395
-0.922338
-0.9213872
-0.9209851
-0.9223216
-0.9226133
-0.9214984
-0.92056006
-0.9199836
-0.92033404
-0.92316335
-0.9224266
-0.9222204
-0.92170596
-0.92327785
-0.92241734
-0.9209962
-0.92061716
-0.92209935
-0.92139137
-0.92094195
-0.92129993
-0.9226902
-0.9213453
-0.92208326
-0.92231816
-0.9208403
-0.92184997
-0.92069304
-0.9204574
-0.92191935
-0.92131007
-0.9220531
-0.92251474
-0.92127955
-0.92123896
-0.9217472
-0.92107946
-0.92058384
-0.9207591
-0.9217912
-0.9220875
-0.922075
-0.9198691
-0.92286116
-0.9232352
-0.9214784
-0.9217646
-0.9204257
-0.92393607
-0.92219067
-0.92051804
-0.9225995
-0.92173624
-0.9221789
-0.9222591
-0.9231939
-0.9223927
-0.91992104
-0.92074233
-0.922899
-0.9217322
-0.9198106
-0.9226236
-0.9229019
-0.92249924
-0.92247546
-0.9212212
-0.92363
-0.9228498
-0.92181224
-0.92135
-0.92164004
-0.9205901
-0.9214875
-0.9215891
-0.92354405
-0.9226124
-0.92104954
-0.9222992
-0.921388
-0.9224882
-0.9230287
-0.9220549
-0.92094225
-0.92185485
-0.92227435
-0.9201192
-0.9212856
-0.92339826
-0.9223966
-0.9228557
-0.9232519
-0.9209402
-0.92220783
-0.92079973
-0.9216496
-0.92354214
-0.9210769
-0.92155814
-0.92143434
-0.9218251
-0.9213572
-0.92177993
-0.92292845
-0.9221673
-0.9219036
-0.9219874
-0.9205551
-0.92306066
-0.9215361
-0.921533
-0.92190164
-0.9227093
-0.9228438
-0.9210134
-0.92296845
-0.92219216
-0.92245305
-0.9221551
-0.9218272
-0.9221967
-0.9224785
-0.9222279
-0.92143154
-0.9217653
-0.92042154
-0.9214738
-0.9230481
-0.9226957
-0.9224992
-0.9243347
-0.9211935
-0.92157483
-0.9197272
-0.92251796
-0.92203116
-0.92252433
-0.9224271
-0.92165864
-0.9205742
-0.92294437
-0.92278016
-0.92113185
-0.92135763
-0.921636
-0.9226869
-0.9222153
-0.92146665
-0.9218955
-0.92025656
-0.92229795
-0.9226668
-0.92135316
-0.92091864
-0.92144495
-0.92197293
-0.92266476
-0.9225718
-0.923498
-0.92214036
-0.9221762
-0.92157686
-0.9212591
-0.9214667
-0.9212281
-0.9202602
-0.9225163
-0.92120343
-0.92201215
-0.9229244
-0.9218573
-0.92263377
-0.92135143
-0.92128366
-0.92278373
-0.921208
-0.9211445
-0.9218232
-0.9210976
-0.9216861
-0.92224866
-0.9216768
-0.92262477
-0.9202961
-0.9213287
-0.91998345
-0.92027736
-0.920974
-0.9212832
-0.92277455
-0.9237061
-0.922145
-0.92307186
-0.9207606
-0.919534
-0.9235988
-0.9199059
-0.9206835
-0.92376715
-0.9224954
-0.9232178
-0.9212467
-0.9222227
-0.9206831
-0.9231467
-0.9228964
-0.91960084
-0.92101365
-0.92197615
-0.920976
-0.92211384
-0.9219375
-0.92147046
-0.92092174
-0.9228299
-0.92179173
-0.9228404
-0.92268175
-0.9214142
-0.9212906
-0.92222553
-0.92267275
-0.9226096
-0.9210845
-0.922103
-0.9238604
-0.92250216
-0.92065126
-0.92341024
-0.92134076
-0.9206859
-0.9232333
-0.9208892
-0.9233682
-0.92289084
-0.921099
-0.92148113
-0.9223321
-0.92324835
-0.9205161
-0.92175645
-0.92144954
-0.92010987
-0.92151743
-0.92303324
-0.9205438
-0.9215566
-0.92268616
-0.9220659
-0.92409104
-0.92114294
-0.92176354
-0.9235377
-0.92150724
-0.92297155
-0.9245516
-0.9211032
-0.92047983
-0.9220332
-0.9231608
-0.92204815
-0.920531
-0.92184347
-0.92369634
-0.92257375
-0.92137766
-0.92165756
-0.92310643
-0.9214889
-0.92283404
-0.9221707
-0.92195195
-0.92197955
-0.9226559
-0.9235682
-0.9231745
-0.92151135
-0.92194664
-0.92179537
-0.9215081
-0.9234654
-0.9200489
-0.9225304
-0.92402667
-0.92340803
-0.9223651
-0.9232041
-0.9252472
-0.92124283
-0.92177546
-0.9235406
-0.9223478
-0.92354167
-0.92231214
-0.92338413
-0.9216305
-0.9228738
-0.92182297
-0.9225433
-0.921533
-0.9214784
-0.92464864
-0.92330754
-0.92375773
-0.9220456
-0.9221733
-0.9203044
-0.9226356
-0.9206573
-0.9225164
-0.92344934
-0.9216007
-0.9237228
-0.9213341
-0.92366827
-0.9213957
-0.9223869
-0.9222156
-0.9220904
-0.9222781
-0.92273104
-0.92277163
-0.9224177
-0.9219214
-0.92189574
-0.92303455
-0.9231503
-0.92405486
-0.92309415
-0.92200965
-0.9237505
-0.9227584
-0.92340904
-0.9209794
-0.9219499
-0.9216355
-0.9220592
-0.9225777
-0.92098737
-0.9232945
-0.9214102
-0.92165256
-0.9218268
-0.92259455
-0.9211213
-0.92212355
-0.9220021
-0.92110646
-0.9214352
-0.9227968
-0.9209169
-0.92151034
-0.9225308
-0.9217107
-0.92178434
-0.9225117
-0.923612
-0.92174983
-0.92314756
-0.9236036
-0.9226929
-0.9222881
-0.9200342
-0.9240597
-0.9219646
-0.9218139
-0.9229168
-0.92472434
-0.9221465
-0.9222616
-0.922386
-0.9240956
-0.9236496
-0.92213446
-0.92308307
-0.9216652
-0.9210157
-0.9224789
-0.92273355
-0.92274636
-0.92231846
-0.9233025
-0.92327356
-0.9210035
-0.9227592
-0.92159414
-0.9237515
-0.922543
-0.9225897
-0.922165
-0.92262393
-0.9232226
-0.9226868
-0.92136854
-0.9230833
-0.923388
-0.9222741
-0.9222477
-0.92247605
-0.9220432
-0.92187107
-0.9214441
-0.92185044
-0.92239124
-0.9226257
-0.92315906
-0.9230204
-0.92210126
-0.92186105
-0.9218866
-0.9206471
-0.9217305
-0.9220736
-0.92180765
-0.9223965
-0.9230264
-0.92174715
-0.92383343
-0.92188036
-0.92296284
-0.9227196
-0.92179286
-0.9221059
-0.9222953
-0.9220008
-0.9229529
-0.92333776
-0.9223363
-0.92395556
-0.9227533
-0.92258847
-0.92273307
-0.9235735
-0.9212439
-0.92277974
-0.9233492
-0.9237386
-0.92262566
-0.9228001
-0.9228287
-0.9234476
-0.92179185
-0.92549574
-0.9243921
-0.9229496
-0.9239859
-0.9233684
-0.9224471
-0.9224122
-0.9221018
-0.92330724
-0.9237882
-0.9228665
-0.9224078
-0.9213266
-0.9224471
-0.92243147
-0.92233384
-0.9221646
-0.92365295
-0.92225724
-0.923296
-0.923558
-0.9242236
-0.92197937
-0.9227657
-0.92380494
-0.9225748
-0.9229112
-0.9238936
-0.92178
-0.9233197
-0.92405474
-0.9227344
-0.92303395
-0.9221906
-0.9229687
-0.9215123
-0.92135864
-0.92224044
-0.92431146
-0.9226448
-0.9225095
-0.9213722
-0.9229274
-0.9222954
-0.9232721
-0.92452824
-0.9218517
-0.9229035
-0.9221784
-0.92294466
-0.9212393
-0.9243222
-0.92390615
-0.92370844
-0.92309666
-0.921274
-0.9231158
-0.92235136
-0.9226411
-0.9229474
-0.92309904
-0.92368644
-0.92339057
-0.92162776
-0.9229836
-0.9225321
-0.9227198
-0.922947
-0.923168
-0.92280006
-0.9241732
-0.92225516
-0.92225325
-0.9243287
-0.92245907
-0.9247394
-0.92228496
-0.9220703
-0.9221562
-0.92315036
-0.92287195
-0.9225909
-0.92465585
-0.922715
-0.9215561
-0.92203224
-0.9217397
-0.9222148
-0.92268604
-0.92210615
-0.92215914
-0.9223114
-0.92285085
-0.9217986
-0.9230028
-0.9232292
-0.923254
-0.92205745
-0.92215556
-0.92300767
-0.92398024
-0.9219408
-0.9229957
-0.92367744
-0.9219634
-0.92329854
-0.9218152
-0.9228409
-0.92533743
-0.9223871
-0.92366874
-0.9239239
-0.92313784
-0.9222249
-0.92390555
-0.92195493
-0.9237134
-0.9237105
-0.9218561
-0.9230148
-0.9242999
-0.9240097
-0.9232054
-0.9230143
-0.92307436
-0.922141
-0.92381966
-0.92297983
-0.92299676
-0.9226831
-0.92354137
-0.92143273
-0.92250514
-0.92362666
-0.9236863
-0.9254969
-0.92328286
-0.92303306
-0.9230183
-0.92160034
-0.9235408
-0.92319703
-0.92393476
-0.92295617
-0.9245098
-0.9224305
-0.92355835
-0.9231633
-0.92334706
-0.9247364
-0.9236085
-0.9223619
-0.92402756
-0.9223315
-0.92273736
-0.92337024
-0.9224599
-0.9240305
-0.92339015
-0.9223569
-0.9236186
-0.9240661
-0.9236631
-0.9212774
-0.9237287
-0.9235327
-0.92257875
-0.92324203
-0.9225118
-0.9226396
-0.92315423
-0.92148507
-0.92323935
-0.92388356
-0.9216728
-0.92254406
-0.92431295
-0.92224926
-0.9239134
-0.9227613
-0.92264885
-0.9231085
-0.92318606
-0.9234948
-0.92294455
-0.9222195
-0.92165345
-0.923173
-0.92363447
-0.9217917
-0.9222702
-0.9225222
-0.92239565
-0.9236973
-0.9234777
-0.92210275
-0.923385
-0.9221231
-0.9219724
-0.9225436
-0.92353743
-0.9218373
-0.9224822
-0.9231684
-0.922945
-0.92304
-0.92302424
-0.92345476
-0.92165613
-0.92287785
-0.92333263
-0.92176914
-0.9237577
-0.9235457
-0.9225204
-0.92343974
-0.9219997
-0.9220766
-0.9243631
-0.92281926
-0.92190033
-0.9228308
-0.9230679
-0.92198235
-0.92312276
-0.9229063
-0.9237838
-0.9223573
-0.9247385
-0.9229709
-0.923124
-0.92274314
-0.92467076
-0.922291
-0.92332596
-0.9236792
-0.9223874
-0.9244474
-0.92375284
-0.92205465
-0.9247138
-0.92467386
-0.92262197
-0.9238337
-0.9227831
-0.9237231
-0.92328936
-0.9229786
-0.92390674
-0.9236352
-0.92304444
-0.92339355
-0.92275554
-0.9223143
-0.9230587
-0.92235464
-0.92336357
-0.92243445
-0.923417
-0.9226777
-0.924387
-0.9238747
-0.9235284
-0.92367774
-0.92265147
-0.9246941
-0.9243352
-0.92305386
-0.92228365
-0.9235791
-0.92396533
-0.922063
-0.92318374
-0.92332846
-0.92321736
-0.92218393
-0.92379314
-0.92286414
-0.9224993
-0.9240932
-0.9223517
-0.9234565
-0.92306966
-0.9216738
-0.922892
-0.9224569
-0.9225754
-0.92304474
-0.9248066
-0.9220634
-0.92252237
-0.92324424
-0.9222264
-0.9230361
-0.9245708
-0.92298347
-0.9221936
-0.92322415
-0.9241829
-0.92394555
-0.9244793
-0.92262495
-0.92321414
-0.9235117
-0.92284185
-0.92272484
-0.9228961
-0.9245421
-0.92300665
-0.924388
-0.9236714
-0.9231459
-0.92175144
-0.92276186
-0.9230225
-0.9206093
-0.92335427
-0.92371345
-0.9216716
-0.923145
-0.9223653
-0.92147064
-0.9221283
-0.92316276
-0.9232921
-0.9213152
-0.9225009
-0.9225494
-0.9231328
-0.92364883
-0.924259
-0.92422485
-0.9226625
-0.92187464
-0.9229687
-0.9227077
-0.92321026
-0.92257017
-0.9231717
-0.923659
-0.9232798
-0.92270136
-0.9245665
-0.9239835
-0.9234827
-0.9237719
-0.9223624
-0.9229366
-0.9237557
-0.92293155
-0.92407966
-0.92323184
-0.9238024
-0.92410016
-0.9239256
-0.9227344
-0.9236738
-0.92428195
-0.92282045
-0.92348963
-0.92390376
-0.9240722
-0.92200804
-0.9238981
-0.922021
-0.92373884
-0.9228117
-0.9226637
-0.9238871
-0.9252129
-0.9228472
-0.92307335
-0.92331845
-0.92284477
-0.92281187
-0.92238986
-0.92375976
-0.92335695
-0.9233534
-0.9233638
-0.92218393
-0.92380464
-0.92301655
-0.9238346
-0.9234836
-0.9222485
-0.92311686
-0.922824
-0.9230496
-0.922529
-0.9233244
-0.9233985
-0.92391723
-0.9238927
-0.92252344
-0.9237052
-0.92273945
-0.9237966
-0.9225801
-0.9229331
-0.9231319
-0.92373526
-0.9216883
-0.9228962
-0.9250109
-0.9248384
-0.9238184
-0.9246156
-0.92293066
-0.92374897
-0.92229116
-0.924289
-0.9231768
-0.9220406
-0.9235685
-0.92493665
-0.9238804
-0.92191744
-0.923142
-0.92488086
-0.92363846
-0.92433
-0.92241794
-0.922228
-0.9246604
-0.9227693
-0.9230952
-0.9234931
-0.9251959
-0.9245354
-0.92232776
-0.92377
-0.92201436
-0.9229143
-0.92454636
-0.92390984
-0.9231908
-0.92334163
-0.92366105
-0.9242797
-0.923654
-0.9229913
-0.9239562
-0.9221244
-0.9242785
-0.92124325
-0.923625
-0.9238622
-0.9217573
-0.92360675
-0.9235193
-0.92419076
-0.9225284
-0.92291605
-0.92208314
-0.9225186
-0.9239635
-0.9243272
-0.9228284
-0.9228637
-0.924361
-0.9233665
-0.92321926
-0.9245206
-0.9237561
-0.9239084
-0.9224634
-0.92335856
-0.92405605
-0.9238579
-0.9246966
-0.92417926
-0.9240561
-0.9238093
-0.92416066
-0.922769
-0.92316353
-0.92608786
-0.9228967
-0.9228969
-0.9232583
-0.92467165
-0.924173
-0.9222296
-0.9240193
-0.9235219
-0.92355776
-0.92396307
-0.9240872
-0.92457604
-0.9238831
-0.92354846
-0.9242092
-0.9227558
-0.922957
-0.92340934
-0.9229256
-0.9243638
-0.9239023
-0.92249596
-0.924332
-0.92434704
-0.9217455
-0.92261726
-0.92256194
-0.9239541
-0.9244375
-0.92272353
-0.9236558
-0.92295957
-0.92364323
-0.92225665
-0.924742
-0.9232087
-0.92359567
-0.9235548
-0.92370003
-0.921735
-0.9227032
-0.92455953
-0.92320555
-0.9236458
-0.92287195
-0.9239663
-0.9232516
-0.923571
-0.92421323
-0.92305017
-0.9234115
-0.92251825
-0.924847
-0.92366046
-0.92313516
-0.9203847
-0.92316824
-0.92336583
-0.9211015
-0.92267275
-0.9241896
-0.9240732
-0.92215824
-0.9231663
-0.92174524
-0.92216176
-0.9233492
-0.9249816
-0.92288566
-0.9224191
-0.92272764
-0.9217218
-0.92311704
-0.92373574
-0.92275244
-0.923305
-0.92302483
-0.9233133
-0.9240347
-0.9240737
-0.923969
-0.92245096
-0.92510533
-0.9240567
-0.9247208
-0.9248858
-0.9232594
-0.9234239
-0.9234342
-0.92294985
-0.924215
-0.92313987
-0.92267865
-0.92379415
-0.92491996
-0.92308474
-0.92405933
-0.92375857
-0.92298913
-0.9238973
-0.92336375
-0.9249639
-0.92390925
-0.92303044
-0.92400813
-0.9230283
-0.9231941
-0.92275804
-0.92216367
-0.92318994
-0.9245798
-0.9236129
-0.92259115
-0.9236593
-0.92391104
-0.9252303
-0.9234142
-0.9244356
-0.9238493
-0.9226769
-0.9235452
-0.9232773
-0.9229784
-0.92486197
-0.9229778
-0.9228988
-0.92333
-0.9239356
-0.922562
-0.9236693
-0.9231961
-0.9242713
-0.9222301
-0.9226834
-0.9236931
-0.92281836
-0.9250467
-0.9240375
-0.9243135
-0.924748
-0.9240652
-0.9233944
-0.9240581
-0.9237078
-0.9242062
-0.92504543
-0.92479396
-0.9236662
-0.9233386
-0.9246588
-0.9252039
-0.92226845
-0.9237393
-0.9234908
-0.9236218
-0.9236169
-0.923481
-0.9245011
-0.9230285
-0.9232488
-0.9235591
-0.922489
-0.92309797
-0.92308426
-0.9242902
-0.92479444
-0.9249228
-0.922378
-0.92430896
-0.9225086
-0.9250398
-0.92369103
-0.924393
-0.9251354
-0.92492336
-0.92467296
-0.92370903
-0.92232776
-0.92443496
-0.9250891
-0.92309517
-0.9236538
-0.9242127
-0.92412084
-0.9223888
-0.92184097
-0.9252919
-0.92322624
-0.9231055
-0.9232405
-0.9233256
-0.92329156
-0.9246112
-0.9252487
-0.92270523
-0.9229707
-0.924184
-0.92431504
-0.92383397
-0.9250895
-0.9240661
-0.9233218
-0.923939
-0.92372787
-0.92311424
-0.92469454
-0.9234476
-0.9229263
-0.9251396
-0.9244727
-0.92344326
-0.92342365
-0.9247951
-0.9233999
-0.9225727
-0.92315614
-0.92403615
-0.9246489
-0.9239293
-0.92406696
-0.9244443
-0.92502373
-0.9243758
-0.9230862
-0.9261793
-0.92297906
-0.9234059
-0.9241122
-0.92411023
-0.92330074
-0.9238108
-0.9234566
-0.9239758
-0.92496127
-0.9236046
-0.9233854
-0.9235826
-0.9233821
-0.9235455
-0.9223299
-0.9246165
-0.9255413
-0.9237212
-0.92416185
-0.92353255
-0.92556417
-0.92427987
-0.9252683
-0.9234153
-0.92186964
-0.9227275
-0.92052376
-0.9236615
-0.92409164
-0.92516327
-0.9232099
-0.9236758
-0.92530054
-0.924148
-0.9232859
-0.92506933
-0.9246807
-0.92387474
-0.9242244
-0.92391056
-0.92425156
-0.92404956
-0.92256695
-0.9236664
-0.92418045
-0.9235797
-0.9257911
-0.92347324
-0.92334557
-0.9228105
-0.9235396
-0.92194253
-0.9236423
-0.92408574
-0.9228564
-0.9236763
-0.9242172
-0.9231519
-0.9235525
-0.92272013
-0.9218962
-0.924468
-0.9236917
-0.9238158
-0.9234973
-0.924322
-0.9238984
-0.92485297
-0.924756
-0.924356
-0.92353916
-0.9239463
-0.9238278
-0.92245704
-0.9222418
-0.9229034
-0.92380446
-0.92422706
-0.9244751
-0.92531025
-0.92328835
-0.9234738
-0.92221624
-0.9236523
-0.92360884
-0.92331505
-0.9243527
-0.92420805
-0.924349
-0.92363846
-0.9231095
-0.9234916
-0.9242954
-0.92443216
-0.92274404
-0.9249538
-0.92289704
-0.92397475
-0.9247957
-0.9244183
-0.923492
-0.92425364
-0.92525125
-0.92476195
-0.92513216
-0.92560494
-0.9233988
-0.92375755
-0.9227156
-0.9234061
-0.923742
-0.9233148
-0.92434305
-0.92325634
-0.92321026
-0.9250671
-0.9247607
-0.9236547
-0.9242679
-0.925382
-0.924454
-0.92442244
-0.92342734
-0.9251161
-0.9242438
-0.92375547
-0.92479944
-0.92306364
-0.9246389
-0.9251345
-0.9247577
-0.92280567
-0.92584264
-0.9250279
-0.9234548
-0.92460597
-0.92403185
-0.92457813
-0.92350614
-0.9231217
-0.9259645
-0.92429614
-0.9231408
-0.92468786
-0.9227128
-0.92547643
-0.92495227
-0.92530453
-0.9227922
-0.923454
-0.92319286
-0.9234247
-0.9232239
-0.92376214
-0.92332923
-0.9234353
-0.9232159
-0.92393994
-0.9258397
-0.92351174
-0.923348
-0.9218447
-0.9234792
-0.92319334
-0.9230704
-0.9257793
-0.92453724
-0.9219498
-0.9233666
-0.9234137
-0.9248045
-0.92428225
-0.9253267
-0.9255602
-0.92398465
-0.9241248
-0.9239863
-0.9234332
-0.9251083
-0.9242031
-0.9235858
-0.92468846
-0.9232606
-0.9260315
-0.9232229
-0.9242991
-0.92431396
-0.92246103
-0.9244712
-0.9233694
-0.9230391
-0.9250025
-0.92610246
-0.92437774
-0.92476726
-0.9248329
-0.923111
-0.9228244
-0.92517763
-0.9244514
-0.92454493
-0.9241428
-0.9229376
-0.922856
-0.9241249
-0.92434335
-0.923263
-0.9236517
-0.92456245
-0.9245611
-0.9241149
-0.9251971
-0.92546463
-0.92406267
-0.92475873
-0.9232122
-0.924397
-0.9254228
-0.92361945
-0.92472476
-0.92446655
-0.9233333
-0.9240634
-0.92562604
-0.92406625
-0.92449594
-0.92344016
-0.9256706
-0.92412585
-0.9239637
-0.9246007
-0.9257022
-0.92364603
-0.9224473
-0.92547834
-0.9239612
-0.9235548
-0.9238637
-0.9237123
-0.9238596
-0.92429364
-0.9243816
-0.92493546
-0.9228537
-0.9258653
-0.92420566
-0.92551583
-0.9240753
-0.9252721
-0.9253045
-0.92544717
-0.9240504
-0.9243927
-0.9239034
-0.9245743
-0.923994
-0.9228038
-0.92435867
-0.92522013
-0.9242117
-0.9252896
-0.92471606
-0.92382586
-0.9230335
-0.92355597
-0.9252518
-0.9238406
-0.9237951
-0.92463106
-0.92609555
-0.92482126
-0.92550385
-0.92349243
-0.9242166
-0.9247167
-0.9244082
-0.9241624
-0.924115
-0.9242544
-0.9245286
-0.92456377
-0.924619
-0.92520267
-0.9263882
-0.9245308
-0.9251171
-0.92485666
-0.9245314
-0.9246853
-0.92450464
-0.9244631
-0.9237815
-0.9246119
-0.9246823
-0.9229571
-0.924494
-0.9242585
-0.9247493
-0.92575324
-0.924742
-0.92413116
-0.9243297
-0.92444605
-0.9246341
-0.926067
-0.9237969
-0.92471206
-0.9242065
-0.92448634
-0.924827
-0.92365503
-0.9240698
-0.9242554
-0.9244781
-0.9245456
-0.9255224
-0.92385817
-0.9247444
-0.92449176
-0.92388314
-0.92468125
-0.9256991
-0.92508096
-0.92398834
-0.92473966
-0.92572224
-0.9235078
-0.9259802
-0.92491794
-0.92501986
-0.9240046
-0.9246839
-0.9251
-0.9241591
-0.9236872
