-0.19642136
-0.16761933
-0.20261687
-0.19079448
-0.20726201
-0.19533896
-0.19563352
-0.22309622
-0.20750256
-0.23046818
-0.22454233
-0.21491735
-0.20968364
-0.22006343
-0.23210481
-0.24580184
-0.23658411
-0.23015736
-0.2315333
-0.24214455
-0.23414735
-0.2406956
-0.23937587
-0.24421957
-0.24807024
-0.2602859
-0.25283194
-0.2525306
-0.24582449
-0.25005028
-0.2504217
-0.2688032
-0.2840425
-0.25308043
-0.26342684
-0.2684881
-0.27789068
-0.27337432
-0.27072254
-0.27157968
-0.28235576
-0.28947166
-0.29516822
-0.2861333
-0.28279132
-0.2583885
-0.30217138
-0.27518022
-0.27344444
-0.28392914
-0.29159334
-0.28948528
-0.2887872
-0.30079138
-0.2884565
-0.32090247
-0.3075095
-0.30829844
-0.3058599
-0.30218452
-0.30657515
-0.29059494
-0.30236185
-0.31739786
-0.30663714
-0.31012565
-0.2986149
-0.32005495
-0.32286504
-0.30731735
-0.30938146
-0.30778354
-0.33313707
-0.3414986
-0.30657262
-0.30933446
-0.3290429
-0.32674783
-0.319367
-0.3395231
-0.33355626
-0.3374821
-0.33672568
-0.34153312
-0.33202332
-0.32522562
-0.34953934
-0.3500898
-0.3420065
-0.3273526
-0.32832572
-0.33829138
-0.33273283
-0.3276314
-0.33424684
-0.34158573
-0.33028606
-0.33733585
-0.34413418
-0.3528726
-0.342139
-0.34412855
-0.33341318
-0.3335118
-0.34072873
-0.3359687
-0.34554324
-0.3510226
-0.34633344
-0.34512702
-0.3420159
-0.33913642
-0.3344659
-0.35338438
-0.33458802
-0.33098602
-0.34189743
-0.34621352
-0.33825323
-0.3415073
-0.3452101
-0.34396842
-0.34056714
-0.3483093
-0.34682208
-0.33987963
-0.3339781
-0.34463897
-0.34261754
-0.33348307
-0.3336026
-0.3443781
-0.34681502
-0.3316305
-0.356169
-0.32977682
-0.3563695
-0.34909743
-0.3454685
-0.35268426
-0.35663348
-0.33459198
-0.3360546
-0.333204
-0.34419286
-0.34420556
-0.3434804
-0.3524698
-0.33355433
-0.34474036
-0.3516557
-0.33327585
-0.3554944
-0.33617342
-0.34271863
-0.34320366
-0.34791383
-0.34816957
-0.33643726
-0.34920862
-0.34477428
-0.35426518
-0.35806823
-0.34227875
-0.3399798
-0.35663477
-0.35867965
-0.3454137
-0.33772576
-0.34389788
-0.34144372
-0.33858547
-0.35299408
-0.3508171
-0.34567007
-0.35945284
-0.3565041
-0.36295438
-0.36084375
-0.3609481
-0.35434046
-0.3571129
-0.35906032
-0.36418873
-0.36527374
-0.34898257
-0.3581059
-0.35276824
-0.3500345
-0.3606177
-0.35912699
-0.3631176
-0.3732912
-0.36627188
-0.355321
-0.36950883
-0.35955217
-0.36540812
-0.36722112
-0.38126326
-0.3677896
-0.3758106
-0.37121484
-0.36709785
-0.36121514
-0.36346263
-0.353624
-0.36184847
-0.36597008
-0.37386844
-0.3615668
-0.36066556
-0.37868163
-0.36978406
-0.36302346
-0.35477874
-0.36677933
-0.36867428
-0.36505282
-0.3719533
-0.36859703
-0.37546802
-0.37161
-0.36600512
-0.36576805
-0.37301385
-0.36553365
-0.37313262
-0.37121332
-0.3548523
-0.38097933
-0.3851148
-0.36625448
-0.37147394
-0.380217
-0.3784909
-0.36676514
-0.37364447
-0.37516212
-0.38357887
-0.38354853
-0.3713689
-0.37199497
-0.37864226
-0.38114145
-0.38299528
-0.3796759
-0.37992197
-0.39084694
-0.38262826
-0.38370293
-0.38771993
-0.38498878
-0.38211846
-0.4014142
-0.3839105
-0.38869417
-0.39125213
-0.37566298
-0.38970187
-0.3855449
-0.395356
-0.3846732
-0.3950621
-0.39908943
-0.3974312
-0.3946592
-0.39262062
-0.40253982
-0.38741127
-0.40127563
-0.3982871
-0.3908905
-0.39488927
-0.38892666
-0.39159766
-0.39982143
-0.39411756
-0.40876386
-0.38515052
-0.40641823
-0.40068907
-0.39830872
-0.39490494
-0.39126813
-0.40427706
-0.39861003
-0.39673403
-0.40252066
-0.39693397
-0.4013011
-0.4033179
-0.40547583
-0.39307088
-0.40283635
-0.39972296
-0.39655706
-0.40444875
-0.40015444
-0.4007281
-0.40650725
-0.40874782
-0.41279292
-0.4098393
-0.41284698
-0.4115337
-0.41757965
-0.4054289
-0.4099777
-0.40082914
-0.40891522
-0.41744834
-0.42832363
-0.40500185
-0.42602617
-0.42377472
-0.4157863
-0.41771442
-0.42391446
-0.42386115
-0.41015542
-0.4245653
-0.41773728
-0.41917604
-0.42897686
-0.43229482
-0.43314865
-0.43788725
-0.4136244
-0.43339145
-0.43276846
-0.42908883
-0.43830955
-0.42911607
-0.42952102
-0.4451561
-0.43212458
-0.44350395
-0.42767113
-0.43650085
-0.43040028
-0.43662643
-0.43718112
-0.44344768
-0.444156
-0.42867905
-0.43496862
-0.4431389
-0.4380048
-0.43498862
-0.44689772
-0.44596615
-0.43272707
-0.44633746
-0.44035023
-0.44210756
-0.44983965
-0.43084455
-0.44529074
-0.44331098
-0.4294525
-0.44555214
-0.4344604
-0.44512266
-0.43699533
-0.44987035
-0.4344203
-0.43821278
-0.43812796
-0.4463591
-0.44314593
-0.42852536
-0.43984574
-0.45046213
-0.44842914
-0.44200364
-0.44042194
-0.44780833
-0.44057173
-0.45017603
-0.45081344
-0.44611165
-0.45671284
-0.44020864
-0.442607
-0.44757327
-0.4425222
-0.46212113
-0.46143872
-0.45907974
-0.45130274
-0.44875488
-0.44460863
-0.4616577
-0.45192084
-0.45448583
-0.4583969
-0.46593925
-0.46260893
-0.46141535
-0.46049398
-0.4550748
-0.4559155
-0.45695105
-0.46440747
-0.4523612
-0.46648893
-0.44422486
-0.46297973
-0.45747095
-0.46082363
-0.45771268
-0.44817066
-0.4612416
-0.46850356
-0.45496863
-0.47115925
-0.46356428
-0.46481976
-0.47646317
-0.4632995
-0.4600913
-0.46857277
-0.4764813
-0.47030357
-0.4638702
-0.46852046
-0.47186583
-0.470563
-0.4616329
-0.4709701
-0.47504726
-0.48003474
-0.46742722
-0.47537386
-0.46283957
-0.48591578
-0.46628484
-0.4743983
-0.47302163
-0.46825734
-0.47403362
-0.45513687
-0.47460148
-0.4866804
-0.47072044
-0.47148898
-0.4647007
-0.48095122
-0.46545
-0.47539645
-0.4750764
-0.4602043
-0.48100352
-0.48516557
-0.47633576
-0.47875053
-0.47995466
-0.47213095
-0.47409073
-0.4802312
-0.48767596
-0.48831528
-0.48188642
-0.48010242
-0.48147482
-0.47472778
-0.47679675
-0.47663638
-0.49076968
-0.47366983
-0.47910655
-0.48407477
-0.4980796
-0.48181924
-0.48569745
-0.4923277
-0.49079707
-0.49020362
-0.48467743
-0.49242643
-0.4763231
-0.49184102
-0.49440783
-0.4841845
-0.4875297
-0.48724934
-0.49132338
-0.49059755
-0.49387038
-0.48809418
-0.48611733
-0.47882408
-0.4882232
-0.4887385
-0.4829361
-0.48527807
-0.4740517
-0.4808988
-0.50072867
-0.4864706
-0.49395832
-0.48579353
-0.5020907
-0.49207535
-0.49759158
-0.49536717
-0.4885588
-0.46856686
-0.49470514
-0.5027171
-0.49038532
-0.5073577
-0.49678102
-0.5043836
-0.49388063
-0.50011754
-0.49048677
-0.5051596
-0.49253583
-0.4933738
-0.5000538
-0.50282073
-0.48943317
-0.4923707
-0.49178502
-0.49621654
-0.5034123
-0.4993548
-0.5029768
-0.4978956
-0.5016976
-0.5098517
-0.50862086
-0.49346146
-0.49124306
-0.49873567
-0.49769574
-0.50031495
-0.49075338
-0.50010586
-0.50149894
-0.4975592
-0.51262784
-0.50306565
-0.50014126
-0.4930307
-0.49694782
-0.5013173
-0.51416594
-0.5018508
-0.50033945
-0.5142408
-0.50900644
-0.5025742
-0.5027363
-0.5059671
-0.5066447
-0.5057529
-0.5067743
-0.5149969
-0.5001547
-0.5073826
-0.5062222
-0.50751156
-0.52099466
-0.50641227
-0.4992302
-0.50460094
-0.5083083
-0.5016982
-0.5195409
-0.51684874
-0.5101691
-0.5045273
-0.50828856
-0.51581454
-0.5167742
-0.51133573
-0.50845236
-0.49852175
-0.5171797
-0.52449757
-0.51058704
-0.51693946
-0.517603
-0.50510925
-0.5136532
-0.5134391
-0.5100639
-0.5142283
-0.5229283
-0.5085291
-0.5090079
-0.5097085
-0.5114418
-0.5058523
-0.5059031
-0.5134517
-0.5195689
-0.5178774
-0.5223305
-0.5134802
-0.51904947
-0.50747925
-0.50902873
-0.51086587
-0.5205604
-0.52062875
-0.5187214
-0.5113842
-0.52585715
-0.5207817
-0.5139689
-0.5129557
-0.5253214
-0.5154159
-0.5276683
-0.5150577
-0.5166765
-0.5241912
-0.5032397
-0.51725125
-0.5121566
-0.49697214
-0.506983
-0.52292496
-0.5155707
-0.514795
-0.5293851
-0.5144013
-0.5194506
-0.5151164
-0.5093854
-0.52177143
-0.51642543
-0.525969
-0.5165355
-0.5205504
-0.52381927
-0.5216839
-0.5231791
-0.5276025
-0.5169526
-0.5167457
-0.5209212
-0.50326484
-0.5275746
-0.5155552
-0.5134265
-0.52259904
-0.5149434
-0.5278214
-0.51244986
-0.52511925
-0.51511204
-0.52727467
-0.52240473
-0.5162568
-0.52217156
-0.5328314
-0.52546304
-0.52807397
-0.5314274
-0.524183
-0.5197608
-0.5287168
-0.5175412
-0.5351974
-0.52392715
-0.5183825
-0.527893
-0.53832525
-0.53826845
-0.5233839
-0.5155841
-0.54051524
-0.5281936
-0.52790105
-0.5164472
-0.5193502
-0.5337101
-0.52085197
-0.53064936
-0.522696
-0.5244458
-0.53794885
-0.52003
-0.52279997
-0.5177164
-0.52732384
-0.5346149
-0.5302987
-0.5250952
-0.5229463
-0.53378296
-0.5371218
-0.53409547
-0.52935314
-0.5303495
-0.5313095
-0.53796774
-0.5305059
-0.52192605
-0.5232763
-0.5304348
-0.52696615
-0.52699757
-0.5273694
-0.52639425
-0.5273107
-0.5364388
-0.5347072
-0.52508694
-0.51879096
-0.53080606
-0.532463
-0.5339227
-0.52181184
-0.53061146
-0.52645916
-0.53207165
-0.5328095
-0.52806395
-0.5280166
-0.52482057
-0.528877
-0.53063226
-0.5227212
-0.5315655
-0.52772653
-0.5270623
-0.5312437
-0.5341239
-0.53632206
-0.52554953
-0.5245104
-0.5245119
-0.5192707
-0.53468215
-0.540798
-0.5410416
-0.548608
-0.54303646
-0.5432065
-0.54146296
-0.53659075
-0.539663
-0.53407305
-0.5368748
-0.52433586
-0.5336617
-0.5477569
-0.53946024
-0.53144324
-0.53353876
-0.5269094
-0.52800745
-0.53525877
-0.53521556
-0.52749276
-0.5317969
-0.5277559
-0.53717595
-0.53962374
-0.52813333
-0.5277533
-0.53555846
-0.543409
-0.5436386
-0.5384777
-0.5444385
-0.5339924
-0.53827685
-0.5329418
-0.54442394
-0.55001575
-0.54724795
-0.5437382
-0.5376024
-0.5395392
-0.5367232
-0.52580065
-0.534537
-0.5335332
-0.53863925
-0.52182436
-0.5300124
-0.54084176
-0.53955346
-0.53909385
-0.5368804
-0.5492384
-0.5415245
-0.5470788
-0.5403442
-0.5408247
-0.5437087
-0.5330993
-0.53646415
-0.5450013
-0.5464716
-0.5558853
-0.54725003
-0.54327875
-0.5445306
-0.5469367
-0.5507165
-0.5534307
-0.55310255
-0.5479541
-0.53673077
-0.53714055
-0.5428977
-0.5456447
-0.54331344
-0.5454588
-0.5397516
-0.5413366
-0.54455286
-0.5416843
-0.53903204
-0.5497312
-0.5426203
-0.5472183
-0.54814607
-0.5467486
-0.5446544
-0.5503546
-0.5506222
-0.56072104
-0.5595865
-0.54258406
-0.5416141
-0.5357868
-0.5409813
-0.54333985
-0.5470847
-0.5543542
-0.5572556
-0.54624933
-0.5652179
-0.55648315
-0.5378578
-0.5592061
-0.55846715
-0.55248404
-0.5527827
-0.553802
-0.5451802
-0.539871
-0.5485982
-0.5564567
-0.55194026
-0.54941803
-0.557338
-0.54766953
-0.54211336
-0.5616361
-0.54752624
-0.547596
-0.5461819
-0.55099034
-0.55147636
-0.5554406
-0.5411249
-0.5589132
-0.55131227
-0.55513144
-0.55622023
-0.5470182
-0.53923094
-0.54064226
-0.5475514
-0.54027736
-0.5479663
-0.55044436
-0.55965114
-0.54888713
-0.55507594
-0.55227375
-0.5515633
-0.54411155
-0.55948687
-0.56021047
-0.5437508
-0.5551028
-0.5602336
-0.5545422
-0.54938304
-0.54898405
-0.5422372
-0.5503689
-0.5538251
-0.54842365
-0.55820125
-0.54768145
-0.55205804
-0.55078274
-0.5695784
-0.55272335
-0.54797435
-0.56125927
-0.5503088
-0.54592294
-0.5498453
-0.5540748
-0.56893015
-0.5574461
-0.55058175
-0.5616751
-0.5551879
-0.5555696
-0.55073833
-0.54673946
-0.552733
-0.55569017
-0.5554323
-0.5525386
-0.54769945
-0.5537238
-0.56295735
-0.54464155
-0.56671435
-0.56355876
-0.5533787
-0.5590637
-0.5562339
-0.54896367
-0.5601358
-0.5494349
-0.5509416
-0.55615216
-0.55877537
-0.557032
-0.56239784
-0.5576789
-0.56193274
-0.56707954
-0.5470821
-0.56459725
-0.5498493
-0.56012464
-0.55990463
-0.56244457
-0.5650423
-0.5658404
-0.5556794
-0.5587902
-0.5570514
-0.564653
-0.55298835
-0.55607486
-0.56057715
-0.5555221
-0.5722888
-0.5623792
-0.5531356
-0.5530608
-0.56467664
-0.5579441
-0.5550041
-0.5576468
-0.5659812
-0.5637528
-0.5578046
-0.5594991
-0.54626364
-0.55066615
-0.5656689
-0.5539872
-0.5600785
-0.555423
-0.5637812
-0.56453437
-0.5636093
-0.5709124
-0.56576705
-0.5515624
-0.56374353
-0.56103206
-0.55400705
-0.5661619
-0.56117386
-0.5509638
-0.5731063
-0.56978506
-0.5576362
-0.5564646
-0.5550351
-0.575203
-0.5474223
-0.56064934
-0.55701166
-0.56728035
-0.5601827
-0.5705954
-0.56697893
-0.5680963
-0.5643005
-0.5751715
-0.5564524
-0.5659368
-0.5640234
-0.5785057
-0.562089
-0.56789494
-0.58076906
-0.5633004
-0.55344605
-0.5642756
-0.5627306
-0.5730332
-0.57591516
-0.5652093
-0.569581
-0.57053304
-0.56437254
-0.5736801
-0.572268
-0.55580676
-0.5743274
-0.5707807
-0.57205254
-0.5629108
-0.57328904
-0.5641382
-0.57309294
-0.5669606
-0.5821506
-0.5528168
-0.5763094
-0.5635602
-0.5757742
-0.56267136
-0.549325
-0.5732026
-0.5673685
-0.5684016
-0.5771587
-0.5739917
-0.5656116
-0.57496053
-0.58441454
-0.5683124
-0.5702796
-0.5573044
-0.5691365
-0.57434624
-0.567562
-0.5641544
-0.56469864
-0.56526434
-0.56307733
-0.57501656
-0.5706276
-0.57339454
-0.5683993
-0.5684932
-0.5745761
-0.58602303
-0.5763018
-0.56243634
-0.5755116
-0.5679575
-0.57147527
-0.55833375
-0.5689409
-0.5776876
-0.5778229
-0.582607
-0.5719518
-0.5793974
-0.5637353
-0.57163125
-0.56924295
-0.5758472
-0.5725309
-0.58228534
-0.58434266
-0.5724815
-0.57931817
-0.5627881
-0.57644635
-0.55774146
-0.5689428
-0.56334805
-0.58087355
-0.56611484
-0.56719315
-0.5707552
-0.58337665
-0.5655204
-0.5674091
-0.57203394
-0.5752748
-0.5614636
-0.5564613
-0.567642
-0.5682048
-0.5763021
-0.563597
-0.5822151
-0.5779607
-0.57070994
-0.5739148
-0.56687367
-0.57730085
-0.573416
-0.57137674
-0.569155
-0.5697154
-0.564412
-0.5715988
-0.5816758
-0.5744153
-0.5760835
-0.56320935
-0.5653372
-0.5887946
-0.5728284
-0.5767043
-0.57472354
-0.57174575
-0.57656145
-0.5703155
-0.5661513
-0.5799925
-0.5762503
-0.57135695
-0.5782422
-0.57960075
-0.57241786
-0.569865
-0.5677011
-0.5765309
-0.5817354
-0.5735529
-0.5825242
-0.5720325
-0.57747936
-0.58651423
-0.58906025
-0.5707942
-0.56687385
-0.5762704
-0.57835513
-0.5817098
-0.5707075
-0.5832614
-0.5750278
-0.57377934
-0.57820094
-0.5781833
-0.5706268
-0.58244014
-0.58709985
-0.57802856
-0.57452357
-0.5710169
-0.58108974
-0.58030915
-0.5701946
-0.5717689
-0.583759
-0.58512074
-0.5802603
-0.58240026
-0.5764545
-0.5817437
-0.58488107
-0.57643133
-0.58897257
-0.5722229
-0.5796281
-0.5808047
-0.5826607
-0.5849074
-0.5792414
-0.5712963
-0.57364655
-0.57252216
-0.5756934
-0.5732403
-0.57386285
-0.57193196
-0.5878656
-0.59465426
-0.58494794
-0.57186043
-0.5950798
-0.5870663
-0.58028746
-0.5844035
-0.5755518
-0.58541524
-0.5788261
-0.5874955
-0.58416975
-0.57364756
-0.5778628
-0.5686545
-0.583853
-0.5825954
-0.5834075
-0.58960086
-0.5769238
-0.5795887
-0.5836387
-0.58865243
-0.58741915
-0.5891652
-0.5792752
-0.58857024
-0.5757404
-0.5853315
-0.5793206
-0.5863555
-0.5806437
-0.5875508
-0.5906271
-0.5918215
-0.59414315
-0.5936142
-0.58017325
-0.58735734
-0.579077
-0.58077484
-0.5836145
-0.58429456
-0.58194095
-0.5949144
-0.5987484
-0.57690454
-0.57569027
-0.58935124
-0.5686869
-0.57687163
-0.5778692
-0.5783834
-0.59646946
-0.58625776
-0.5890653
-0.5940639
-0.59118146
-0.5873344
-0.57993907
-0.5794603
-0.58815897
-0.5751001
-0.59279215
-0.58351606
-0.59748393
-0.59749675
-0.5902785
-0.5868754
-0.5747735
-0.58528566
-0.58882695
-0.5877099
-0.5930232
-0.59883916
-0.58505046
-0.5925696
-0.5854324
-0.5790307
-0.57939297
-0.58957696
-0.5790113
-0.59244525
-0.5914223
-0.5834397
-0.58698577
-0.59550273
-0.5949975
-0.5949326
-0.58464867
-0.5865497
-0.59417903
-0.5977219
-0.5795574
-0.5873634
-0.5811572
-0.58849096
-0.5786621
-0.5836878
-0.58675456
-0.601465
-0.5958948
-0.5865015
-0.5891063
-0.58598155
-0.5837756
-0.5878803
-0.58901006
-0.59265864
-0.5858742
-0.58690083
-0.5867117
-0.5926366
-0.5947099
-0.591316
-0.5942184
-0.5910417
-0.59721965
-0.5895109
-0.5937232
-0.5820158
-0.59175193
-0.58623296
-0.5955806
-0.5914612
-0.5871362
-0.5884308
-0.59850097
-0.5880063
-0.5693689
-0.59508467
-0.5953224
-0.58312875
-0.5757006
-0.6018009
-0.5854733
-0.5873751
-0.5882759
-0.58534855
-0.58578545
-0.5890193
-0.5771846
-0.59012717
-0.58776593
-0.58827835
-0.5872646
-0.58622825
-0.59678406
-0.60214037
-0.58837146
-0.5983156
-0.58552665
-0.59070945
-0.5856708
-0.5891446
-0.5809487
-0.5900674
-0.5908082
-0.6024195
-0.5868719
-0.5863142
-0.5816715
-0.5869903
-0.5830221
-0.6047728
-0.5776345
-0.5912873
-0.5981225
-0.5819988
-0.58591455
-0.60317725
-0.6002011
-0.5943976
-0.60423785
-0.5911276
-0.5916368
-0.5848732
-0.59994113
-0.5964051
-0.59238994
-0.5896234
-0.59763277
-0.5921282
-0.5927273
-0.60167456
-0.59559715
-0.57929957
-0.6068046
-0.5935599
-0.59422094
-0.6029664
-0.5962382
-0.5997115
-0.57978207
-0.6006282
-0.5943138
-0.58885384
-0.5865095
-0.59941655
-0.5993728
-0.5917547
-0.59737873
-0.5908375
-0.5986188
-0.58898765
-0.5737501
-0.5855156
-0.60273725
-0.60132116
-0.58656055
-0.5917891
-0.60143864
-0.60257804
-0.599689
-0.5888171
-0.6008297
-0.6001474
-0.5821224
-0.5891375
-0.5987001
-0.60383457
-0.58794355
-0.58697224
-0.591262
-0.59511906
-0.58832145
-0.5902479
-0.58741057
-0.5938215
-0.58496815
-0.5903171
-0.5979786
-0.5970588
-0.5949639
-0.59723485
-0.5923348
-0.59590757
-0.59024847
-0.5938243
-0.6023799
-0.60070854
-0.5965024
-0.6021365
-0.59604764
-0.5918415
-0.59308887
-0.5933741
-0.59156734
-0.6028137
-0.5878456
-0.6095368
-0.58538085
-0.59648097
-0.5774524
-0.59678143
-0.6023556
-0.5782194
-0.5990565
-0.600905
-0.59818363
-0.59255296
-0.58988374
-0.6013858
-0.5976448
-0.5999443
-0.5977417
-0.60159147
-0.6068014
-0.5923283
-0.5958335
-0.5945329
-0.5873789
-0.5880939
-0.6013537
-0.5918386
-0.60075164
-0.59801924
-0.5797145
-0.5941991
-0.5974042
-0.6002188
-0.6004312
-0.59479517
-0.5982521
-0.59592843
-0.6095381
-0.60591024
-0.6128675
-0.5997891
-0.6037463
-0.597053
-0.6113969
-0.5969153
-0.6109578
-0.58992606
-0.6109659
-0.59076273
-0.6078426
-0.5970862
-0.6111398
-0.60704714
-0.60779846
-0.59481335
-0.60077906
-0.6038283
-0.59782153
-0.58524823
-0.5984638
-0.5995575
-0.607307
-0.60921425
-0.5967429
-0.5921967
-0.61087024
-0.59789985
-0.6085803
-0.59670293
-0.60433215
-0.60753083
-0.60842866
-0.61070955
-0.58909124
-0.59834117
-0.59682274
-0.6014969
-0.59335965
-0.60282516
-0.5987645
-0.6099751
-0.60496444
-0.5938887
-0.6117847
-0.60546005
-0.5930293
-0.6097283
-0.59724283
-0.60083497
-0.6031854
-0.593322
-0.6061704
-0.60522467
-0.6149069
-0.6127387
-0.60473466
-0.59527445
-0.59812224
-0.61016136
-0.6063073
-0.5965646
-0.59769773
-0.59498024
-0.6017646
-0.60435325
-0.59370756
-0.5904998
-0.6085493
-0.6086922
-0.60872084
-0.6112057
-0.60940266
-0.5949484
-0.59403646
-0.595571
-0.6011565
-0.59740365
-0.6043139
-0.601067
-0.60001796
-0.59150773
-0.60295963
-0.60914415
-0.60181063
-0.61309755
-0.6108357
-0.6148039
-0.59441453
-0.59729457
-0.6049538
-0.6054521
-0.59799075
-0.60447276
-0.60174555
-0.609651
-0.6039993
-0.6153044
-0.59230137
-0.60461503
-0.60044706
-0.6099424
-0.6065683
-0.603978
-0.59710217
-0.61148155
-0.60152847
-0.59364384
-0.60308194
-0.60529244
-0.61725205
-0.5990513
-0.6138683
-0.6099681
-0.6135461
-0.60995525
-0.59925675
-0.6033153
-0.59451777
-0.6029699
-0.6086873
-0.60767543
-0.609691
-0.60826784
-0.5985431
-0.608225
-0.60768294
-0.61206096
-0.6147041
-0.6073693
-0.5987121
-0.60620195
-0.6073073
-0.6227107
-0.61269367
-0.6057748
-0.6047055
-0.5987763
-0.607984
-0.5999985
-0.60237354
-0.6022496
-0.60435677
-0.6029972
-0.6137084
-0.6120259
-0.61349994
-0.617935
-0.6030651
-0.61003894
-0.61744016
-0.6031001
-0.60807
-0.6115309
-0.60009104
-0.60503906
-0.6010358
-0.60547256
-0.60213566
-0.6090352
-0.60377526
-0.5984225
-0.6102906
-0.6009532
-0.6041632
-0.6236324
-0.611181
-0.60683835
-0.61602855
-0.60305667
-0.605728
-0.61342305
-0.6100177
-0.6085067
-0.60321397
-0.61090714
-0.60571504
-0.6049733
-0.6041085
-0.6103694
-0.6155359
-0.6046918
-0.6144601
-0.61444026
-0.6099898
-0.604786
-0.6068609
-0.6094142
-0.6114793
-0.6079634
-0.61211926
-0.60580397
-0.60938966
-0.6096678
-0.60297376
-0.6054
-0.6088015
-0.6154561
-0.60638654
-0.5998509
-0.6032462
-0.6140524
-0.5975948
-0.6118266
-0.6067265
-0.6233829
-0.6028009
-0.6032716
-0.6122218
-0.6073386
-0.61216
-0.61258376
-0.6163998
-0.6115386
-0.607447
-0.61062866
-0.6121497
-0.61241764
-0.6028724
-0.6055439
-0.6109317
-0.62410057
-0.59817344
-0.6117858
-0.6007732
-0.60774344
-0.60560507
-0.61128163
-0.61354595
-0.6154169
-0.60948795
-0.61707
-0.60168123
-0.611316
-0.6153377
-0.62101775
-0.6147141
-0.6093821
-0.6115575
-0.6131819
-0.61514884
-0.62307143
-0.60950166
-0.60354376
-0.61377525
-0.61115104
-0.60814166
-0.6242837
-0.6179524
-0.60476536
-0.616184
-0.6103673
-0.6136305
-0.61557895
-0.618454
-0.5973842
-0.60997623
-0.6113002
-0.6063746
-0.61771405
-0.61042434
-0.62051404
-0.61079913
-0.6120011
-0.6090884
-0.6143804
-0.61720127
-0.61013156
-0.6142912
-0.6097649
-0.60965633
-0.6043185
-0.6206098
-0.6171569
-0.61056876
-0.6176492
-0.6106803
-0.6134764
-0.60962445
-0.60901827
-0.6100636
-0.62135214
-0.6082473
-0.6152698
-0.6140253
-0.6139176
-0.6178442
-0.61298895
-0.60536176
-0.61485684
-0.6137178
-0.6194676
-0.62790495
-0.6122447
-0.6071133
-0.62851757
-0.6111366
-0.61267334
-0.61384994
-0.61143935
-0.60482544
-0.59921634
-0.6075866
-0.611234
-0.61012924
-0.621316
-0.6084571
-0.6231109
-0.6073062
-0.6121441
-0.6136289
-0.6137328
-0.6263329
-0.6130474
-0.6001168
-0.6258559
-0.60199803
-0.60933846
-0.6133924
-0.6121774
-0.6129989
-0.61760914
-0.61709225
-0.59976083
-0.6096324
-0.6196093
-0.61750984
-0.61897784
-0.61951166
-0.6176321
-0.6166841
-0.6122437
-0.6164646
-0.61718565
-0.61306834
-0.6095671
-0.61704063
-0.6199253
-0.614317
-0.61708075
-0.6180834
-0.6187187
-0.61592364
-0.62114686
-0.6025132
-0.62822735
-0.61458254
-0.6165383
-0.6114795
-0.61664575
-0.6195096
-0.6127444
-0.60926586
-0.63064635
-0.6072939
-0.61320674
-0.6165687
-0.6145048
-0.6156717
-0.60579324
-0.62346864
-0.62382674
-0.6145706
-0.60737187
-0.6209244
-0.61380917
-0.62024945
-0.6077446
-0.6164733
-0.62054634
-0.61603457
-0.6128971
-0.614278
-0.6141077
-0.62641686
-0.63447136
-0.6273409
-0.6069712
-0.60360503
-0.6091695
-0.622054
-0.61722326
-0.6137836
-0.6147992
-0.6218341
-0.6331787
-0.62300456
-0.6165818
-0.6137762
-0.6171418
-0.6271036
-0.6180919
-0.6224643
-0.62021
-0.62826556
-0.6116781
-0.6273922
-0.62001234
-0.6119542
-0.62149304
-0.6239261
-0.62078726
-0.61210334
-0.6251569
-0.60371876
-0.6105301
-0.6298321
-0.6149595
-0.61133975
-0.61767966
-0.62206507
-0.6180076
-0.6182944
-0.6078808
-0.624573
-0.62781835
-0.617957
-0.6234457
-0.61531055
-0.62424546
-0.625423
-0.6282139
-0.61878073
-0.6202503
-0.6289558
-0.616739
-0.61313236
-0.6141783
-0.6043989
-0.62226695
-0.61821103
-0.6168112
-0.6233355
-0.623098
-0.6212869
-0.6182682
-0.62369585
-0.6145499
-0.6220296
-0.6114727
-0.61749846
-0.6251575
-0.6194062
-0.62474924
-0.61984503
-0.6180999
-0.62795466
-0.6230716
-0.61780196
-0.61935496
-0.6216706
-0.6121226
-0.62025154
-0.6149538
-0.6190944
-0.6207566
-0.62340385
-0.62088907
-0.62839365
-0.6161065
-0.6229492
-0.6199257
-0.6185007
-0.62097186
-0.616304
-0.61704826
-0.6183894
-0.6173807
-0.6209136
-0.62526566
-0.61377096
-0.61832416
-0.63360566
-0.6194245
-0.62592155
-0.6156841
-0.62700915
-0.62258935
-0.6190478
-0.6274905
-0.6287358
-0.62288207
-0.61818784
-0.6241174
-0.6173354
-0.62455285
-0.620636
-0.60699046
-0.6107897
-0.62618285
-0.62347406
-0.6256856
-0.62601924
-0.61739904
-0.623324
-0.6208817
-0.6220619
-0.62273234
-0.6142229
-0.617855
-0.63284856
-0.61391824
-0.6206028
-0.62534106
-0.6215721
-0.62841094
-0.6131186
-0.61568063
-0.61339194
-0.6245363
-0.62254304
-0.61511433
-0.6330932
-0.6179882
-0.6100099
-0.6267178
-0.62602675
-0.63506293
-0.61955345
-0.6176212
-0.6176816
-0.62741673
-0.6178728
-0.6243525
-0.6223147
-0.6198874
-0.61600816
-0.6202201
-0.61846805
-0.6215931
-0.62037706
-0.62021327
-0.61830276
-0.6232631
-0.6153942
-0.62212074
-0.6239933
-0.63130206
-0.61934906
-0.6231336
-0.63517666
-0.61974984
-0.60723007
-0.6090566
-0.62898844
-0.62013614
-0.6252204
-0.61513203
-0.6218746
-0.61392695
-0.62057
-0.62494624
-0.6178293
-0.6253535
-0.62448084
-0.63906085
-0.626193
-0.6219204
-0.622495
-0.6273528
-0.628079
-0.62538224
-0.6171038
-0.62229
-0.630483
-0.62858295
-0.6284077
-0.6248782
-0.61998564
-0.62705696
-0.61937237
-0.62351424
-0.63056815
-0.6343227
-0.62341005
-0.6208991
-0.6217809
-0.6203232
-0.6193411
-0.620302
-0.6252935
-0.6185373
-0.6232686
-0.6331334
-0.6170321
-0.618661
-0.62687737
-0.62403196
-0.6308478
-0.6249833
-0.6229643
-0.6219613
-0.6249333
-0.6237989
-0.62382025
-0.627956
-0.62036425
-0.6357666
-0.6302698
-0.6235242
-0.62977695
-0.62984395
-0.6243807
-0.620634
-0.62376714
-0.62209207
-0.6240174
-0.625668
-0.6222458
-0.6171619
-0.6330088
-0.627308
-0.62376016
-0.62786365
-0.62215656
-0.6256444
-0.62004495
-0.6271625
-0.6370682
-0.6277516
-0.62744486
-0.6276126
-0.6207468
-0.61737883
-0.63482445
-0.6357347
-0.62660646
-0.6296894
-0.633784
-0.6246637
-0.62401813
-0.6226665
-0.63321257
-0.6125059
-0.6215227
-0.6344912
-0.6293677
-0.62270844
-0.6318159
-0.6294629
-0.6241831
-0.625421
-0.6325652
-0.63204825
-0.62379104
-0.63599306
-0.6282536
-0.62445915
-0.6332479
-0.62281495
-0.621661
-0.6119679
-0.62507915
-0.62634313
-0.62777185
-0.62564236
-0.612966
-0.63410306
-0.61272335
-0.6298453
-0.6463368
-0.6272869
-0.6343997
-0.6282145
-0.62202793
-0.6217688
-0.62111986
-0.61785007
-0.6280788
-0.63133425
-0.6387185
-0.63460207
-0.6263791
-0.63096154
-0.63112766
-0.62674296
-0.6310107
-0.6334183
-0.6304407
-0.6169651
-0.6312389
-0.62029004
-0.6345323
-0.62869966
-0.6366695
-0.62477505
-0.6273058
-0.6303908
-0.62615556
-0.61989135
-0.6249177
-0.63581955
-0.62885517
-0.6281438
-0.6428346
-0.64443934
-0.6293181
-0.6272017
-0.6346273
-0.63712406
-0.62980634
-0.6190548
-0.6314071
-0.6315857
-0.61900425
-0.6275942
-0.6247117
-0.63044184
-0.6231828
-0.6290112
-0.63636184
-0.6306932
-0.6194271
-0.62997884
-0.62452304
-0.6302035
-0.62158656
-0.63395923
-0.63494194
-0.62832284
-0.6365428
-0.63398355
-0.6348047
-0.6313229
-0.6305182
-0.63604057
-0.62335247
-0.6247064
-0.62577444
-0.6286513
-0.6193511
-0.62919354
-0.62831515
-0.63309103
-0.6233662
-0.6249004
-0.6287451
-0.63193816
-0.62567955
-0.6393087
-0.63278335
-0.6331775
-0.6332665
-0.62279326
-0.6238985
-0.63316566
-0.6294602
-0.6334835
-0.6226666
-0.63119185
-0.63323724
-0.6301912
-0.6165401
-0.62503886
-0.63127506
-0.6298885
-0.62663
-0.63686216
-0.62885773
-0.6231061
-0.6272987
-0.6291817
-0.6300576
-0.6368295
-0.6260266
-0.63536525
-0.62734145
-0.64148617
-0.632173
-0.62897384
-0.6422709
-0.6317269
-0.6267295
-0.64460546
-0.6359426
-0.6320601
-0.63644725
-0.633259
-0.6299311
-0.62678176
-0.6332299
-0.6206694
-0.63580096
-0.6332961
-0.6241027
-0.6321117
-0.6277774
-0.63693935
-0.63596547
-0.6291028
-0.6342148
-0.6346695
-0.6334211
-0.6388827
-0.63932014
-0.6390533
-0.6282284
-0.63446814
-0.63425535
-0.6311893
-0.6367889
-0.63541
-0.6280059
-0.6532777
-0.6266188
-0.64428794
-0.628635
-0.63483524
-0.63691086
-0.6273736
-0.62925595
-0.6323304
-0.63232833
-0.61908764
-0.6271218
-0.6322247
-0.63325334
-0.6263857
-0.6300672
-0.63782257
-0.6422411
-0.6270576
-0.63419795
-0.63458115
-0.6346005
-0.6287464
-0.6331353
-0.63012224
-0.62793785
-0.6296051
-0.63163686
-0.63480055
-0.6318582
-0.6311259
-0.63479173
-0.6426056
-0.62659615
-0.6309694
-0.63313496
-0.63507485
-0.63530684
-0.63509977
-0.63900375
-0.62293386
-0.6346467
-0.6326264
-0.6275415
-0.63680845
-0.62442094
-0.6331613
-0.62421155
-0.6283474
-0.63282484
-0.63841116
-0.64032745
-0.6241888
-0.63367236
-0.6381214
-0.6312178
-0.6322663
-0.64013416
-0.6437715
-0.64002675
-0.6307152
-0.6350869
-0.6398306
-0.63346106
-0.63430375
-0.636688
-0.6393328
-0.6412894
-0.63716906
-0.6348177
-0.63806605
-0.62407935
-0.6465399
-0.6266816
-0.64130396
-0.6241803
-0.6323695
-0.6286407
-0.6329756
-0.6361177
-0.6267415
-0.64326066
-0.6287933
-0.6346449
-0.6395334
-0.62777
-0.6304192
-0.6222968
-0.6324144
-0.6409868
-0.631413
-0.63497955
-0.6319083
-0.6316039
-0.6376602
-0.6385067
-0.6302266
-0.63597
-0.6275558
-0.6448532
-0.63202786
-0.64320767
-0.6433521
-0.6294943
-0.62313384
-0.6357618
-0.63890326
-0.6491932
-0.63526595
-0.6327601
-0.6409831
-0.63069355
-0.62943435
-0.63322145
-0.63941807
-0.63841695
-0.64484966
-0.63809246
-0.6393572
-0.6360792
-0.63179475
-0.64492923
-0.64085364
-0.6350906
-0.6307127
-0.63444734
-0.6361399
-0.6441578
-0.6447123
-0.63651437
-0.64284176
-0.6517425
-0.6418155
-0.64913344
-0.63879466
-0.65149456
-0.636758
-0.6405043
-0.6337604
-0.6431387
-0.6393474
-0.6343804
-0.6449995
-0.62444705
-0.6382233
-0.6387173
-0.62897474
-0.6355563
-0.64446884
-0.637752
-0.64569664
-0.6390967
-0.6398072
-0.6340826
-0.64101213
-0.6380291
-0.636172
-0.63429326
-0.64668345
-0.639068
-0.6466102
-0.6361253
-0.63250446
-0.64059234
-0.6366822
-0.63951325
-0.6423487
-0.64202857
-0.63926893
-0.6496387
-0.6367736
-0.64119357
-0.6380906
-0.6449246
-0.63878214
-0.6480247
-0.6359864
-0.64212775
-0.64872134
-0.6330118
-0.6408033
-0.6404055
-0.63819003
-0.6379609
-0.6397392
-0.64843154
-0.65023
-0.635201
-0.64012724
-0.6381776
-0.6351049
-0.6340846
-0.63906723
-0.6468615
-0.6344742
-0.6386792
-0.64966166
-0.6263819
-0.6340834
-0.6294468
-0.6456194
-0.6324224
-0.6313929
-0.63563323
-0.6462177
-0.6354162
-0.6463802
-0.64249223
-0.6368796
-0.63249224
-0.6349102
-0.6465074
-0.6430728
-0.6409586
-0.6449478
-0.6398444
-0.63944614
-0.64076966
-0.63641816
-0.644184
-0.63765347
-0.6400396
-0.64031285
-0.6430465
-0.6418096
-0.63842833
-0.6403857
-0.64521134
-0.64537257
-0.64290524
-0.638743
-0.6361994
-0.63175267
-0.6422863
-0.6409854
-0.64772975
-0.64846087
-0.63586473
-0.63982767
-0.6622786
-0.6450786
-0.6318728
-0.64326566
-0.64752007
-0.64521396
-0.6488744
-0.6393072
-0.64725983
-0.6327696
-0.6432923
-0.6437679
-0.65059865
-0.6367332
-0.6488852
-0.64170575
-0.6437887
-0.6486857
-0.64292467
-0.63805336
-0.64962476
-0.64432704
-0.63950145
-0.6532748
-0.6412737
-0.64300865
-0.64045745
-0.63159406
-0.6355715
-0.65639627
-0.64711696
-0.6392914
-0.6402348
-0.6441973
-0.64570695
-0.64540595
-0.6451108
-0.63877326
-0.6366964
-0.63490874
-0.6377441
-0.6282541
-0.6478796
-0.6389459
-0.6430213
-0.6518184
-0.6503683
-0.6357034
-0.639092
-0.6424879
-0.64938194
-0.64128745
-0.646551
-0.649855
-0.63999873
-0.6419669
-0.64886415
-0.64811224
-0.6508686
-0.6467708
-0.6381789
-0.6486995
-0.6355821
-0.64958507
-0.649538
-0.63384986
-0.64082426
-0.63314706
-0.6326753
-0.6499047
-0.6407333
-0.6512219
-0.6518692
-0.64016
-0.6438636
-0.6401384
-0.63276815
-0.63781935
-0.6384368
-0.63785565
-0.64297014
-0.6397324
-0.64424336
-0.64203954
-0.635119
-0.64387137
-0.64562917
-0.65114766
-0.64597756
-0.6388938
-0.64340574
-0.6402181
-0.6511562
-0.6437128
-0.65340066
-0.6540921
-0.6326834
-0.6412904
-0.6333763
-0.64811295
-0.6415383
-0.6524486
-0.6439191
-0.64349806
-0.6465943
-0.6401323
-0.6428354
-0.6473597
-0.6445153
-0.6579974
-0.64159703
-0.63545495
-0.63893807
-0.63933
-0.6326634
-0.6441206
-0.6375606
-0.644687
-0.6523546
-0.64466006
-0.63355136
-0.64856625
-0.64838594
-0.650813
-0.6430099
-0.64529806
-0.6466311
-0.6465498
-0.63714236
-0.643021
-0.6579312
-0.6481768
-0.65099245
-0.6431795
-0.64075726
-0.6342442
-0.6369638
-0.6362058
-0.64444906
-0.64427567
-0.64154595
-0.6528929
-0.64272183
-0.6467426
-0.63463086
-0.6515707
-0.65486854
-0.6453429
-0.64689034
-0.6409953
-0.6532809
-0.64152783
-0.6481933
-0.64762735
-0.6546504
-0.6541555
-0.6443098
-0.6500064
-0.64202684
-0.64475393
-0.6469106
-0.6511822
-0.6411003
-0.6404037
-0.65174025
-0.63782096
-0.65658617
-0.64787096
-0.6468875
-0.647595
-0.64283127
-0.6411472
-0.6331065
-0.64942545
-0.6514252
-0.6465522
-0.65002334
-0.64818686
-0.64965284
-0.64738923
-0.6443141
-0.651934
-0.65038633
-0.6372381
-0.6457782
-0.6475058
-0.6512424
-0.64577067
-0.6475835
-0.6453634
-0.6494471
-0.65017176
-0.6568207
-0.64716345
-0.6561949
-0.64596206
-0.64648324
-0.65190244
-0.6362229
-0.6485351
-0.652269
-0.64813304
-0.65116376
-0.6537928
-0.64741576
-0.6441337
-0.6403981
-0.64375925
-0.6436429
-0.63489616
-0.6473868
-0.645373
-0.6438614
-0.64896816
-0.64093244
-0.64633477
-0.64048004
-0.6369559
-0.64707977
-0.64239
-0.64775443
-0.6403197
-0.66026527
-0.6427171
-0.6410134
-0.64286387
-0.65574336
-0.6521985
-0.6531245
-0.6436836
-0.6483992
-0.6507754
-0.64616764
-0.65164274
-0.6540297
-0.6439934
-0.64543325
-0.6493648
-0.64346117
-0.652184
-0.6505868
-0.6394661
-0.6471997
-0.64287215
-0.6424358
-0.6396821
-0.64637893
-0.65970314
-0.64738506
-0.6462294
-0.6512814
-0.6527443
-0.6461355
-0.64396775
-0.6435437
-0.6478642
-0.6401324
-0.64786303
-0.6436705
-0.6403237
-0.6486729
-0.65285033
-0.64901835
-0.6506206
-0.6429879
-0.6420948
-0.6505187
-0.64962894
-0.64991075
-0.6472464
-0.6471795
-0.6539825
-0.6445005
-0.64148444
-0.65881956
-0.64396983
-0.6505988
-0.6449265
-0.65068644
-0.64810824
-0.6532641
-0.64599234
-0.6500907
-0.65806913
-0.6511777
-0.65566283
-0.6556044
-0.65104294
-0.6507494
-0.656381
-0.6544675
-0.6476353
-0.65316653
-0.6454061
-0.65168875
-0.6501769
-0.6452905
-0.6456354
-0.6415036
-0.6398848
-0.653945
-0.6506134
-0.6531447
-0.647318
-0.6514529
-0.6520582
-0.6534219
-0.64658093
-0.6482066
-0.64459884
-0.64002377
-0.6463343
-0.6512502
-0.66362566
-0.6497876
-0.6467487
-0.6504845
-0.64127487
-0.6366995
-0.64539784
-0.6519575
-0.6376431
-0.65438
-0.65235776
-0.648864
-0.64416796
-0.65346205
-0.6580528
-0.63896745
-0.6550061
-0.6621327
-0.65347
-0.6582938
-0.6432102
-0.64890146
-0.6573124
-0.64410436
-0.64670575
-0.65215445
-0.6579045
-0.6486557
-0.6540518
-0.6418125
-0.65988463
-0.6462027
-0.65648496
-0.655085
-0.64444983
-0.6545611
-0.6529698
-0.65319484
-0.650804
-0.6508715
-0.6478922
-0.65028673
-0.6517211
-0.649395
-0.6440898
-0.6478606
-0.64670897
-0.6479611
-0.6521607
-0.65753126
-0.65440303
-0.6484308
-0.6445342
-0.6621785
-0.6503299
-0.65410304
-0.6507729
-0.65462303
-0.64948916
-0.6487219
-0.6565268
-0.6495138
-0.6515118
-0.657525
-0.64858586
-0.65745634
-0.64384806
-0.6447957
-0.64876425
-0.6534296
-0.65285814
-0.6540985
-0.6460791
-0.6483773
-0.6475305
-0.65021145
-0.65594083
-0.6567449
-0.653681
-0.6552443
-0.6494704
-0.6635875
-0.6514993
-0.64727354
-0.66279924
-0.6464291
-0.65469235
-0.6539717
-0.6504421
-0.6520461
-0.6534516
-0.65189785
-0.64371824
-0.653236
-0.65951014
-0.653774
-0.65228134
-0.65478736
-0.6530581
-0.6555913
-0.6518814
-0.65305984
-0.6479277
-0.6519834
-0.6530167
-0.65556794
-0.66391903
-0.648102
-0.6600718
-0.641879
-0.6475312
-0.6533631
-0.64273804
-0.6400321
-0.6592117
-0.6612689
-0.65492666
-0.64956874
-0.65678424
-0.65039045
-0.6541519
-0.63784945
-0.6477348
-0.6499398
-0.66199344
-0.6511854
-0.65614116
-0.6545255
-0.651025
-0.6497437
-0.6549366
-0.6434617
-0.65493655
-0.6613836
-0.6586962
-0.65596265
-0.6497198
-0.65252984
-0.6478759
-0.66447693
-0.6558848
-0.6539432
-0.65532064
-0.6579109
-0.6368662
-0.6459164
-0.6576413
-0.65519273
-0.6453382
-0.6512028
-0.65100396
-0.6523692
-0.6579352
-0.6530454
-0.66489995
-0.6577238
-0.6572585
-0.65008736
-0.652986
-0.6568294
-0.6487902
-0.65095985
-0.647331
-0.6493284
-0.6582633
-0.6548195
-0.6495514
-0.65638644
-0.656488
-0.65468895
-0.65700406
