-0.3925029
-0.3936187
-0.38621038
-0.40100887
-0.40941444
-0.40123644
-0.38878626
-0.41488728
-0.38876167
-0.41466376
-0.4329156
-0.4158019
-0.41444394
-0.4293833
-0.44301024
-0.43672606
-0.45362437
-0.4444457
-0.44007972
-0.44638506
-0.44750252
-0.4547895
-0.44825467
-0.46862522
-0.46963954
-0.4742796
-0.48035932
-0.47768936
-0.48679543
-0.47611618
-0.4840817
-0.49978423
-0.51624376
-0.4965468
-0.49711975
-0.5224438
-0.526862
-0.5242119
-0.52954066
-0.5242842
-0.5472978
-0.5463503
-0.55250025
-0.53047407
-0.5488056
-0.54082865
-0.5431952
-0.5404282
-0.5453858
-0.5496877
-0.5475529
-0.5437637
-0.5708352
-0.5592595
-0.5555884
-0.56657994
-0.55635417
-0.5737769
-0.5632798
-0.55907494
-0.57299465
-0.55835384
-0.55514884
-0.5607147
-0.5598784
-0.5539766
-0.55679107
-0.5674503
-0.5594732
-0.560131
-0.56196517
-0.5616711
-0.5746777
-0.5665961
-0.55237883
-0.55546385
-0.57249403
-0.5526367
-0.5786838
-0.5681541
-0.5597803
-0.56555027
-0.57304126
-0.56506526
-0.54757375
-0.54608977
-0.5757156
-0.57141715
-0.55512357
-0.5815775
-0.5686638
-0.5599101
-0.55509216
-0.5705176
-0.57632166
-0.5496279
-0.5615745
-0.5750796
-0.57121706
-0.56291646
-0.57545835
-0.584983
-0.5544456
-0.56369257
-0.57269865
-0.5667601
-0.5548211
-0.5674271
-0.5595986
-0.5622721
-0.5533067
-0.55403024
-0.56700116
-0.58277404
-0.5732536
-0.5699331
-0.55866086
-0.57094246
-0.5747285
-0.56527585
-0.5724898
-0.5714809
-0.5739712
-0.57200104
-0.57925314
-0.57703114
-0.5606869
-0.55699563
-0.5643183
-0.55177253
-0.56912166
-0.5733551
-0.5727989
-0.56801903
-0.5692351
-0.5679419
-0.57876337
-0.57210606
-0.57314694
-0.5565401
-0.5852448
-0.5660623
-0.57724154
-0.56327814
-0.55975354
-0.57973456
-0.5915985
-0.55555046
-0.580754
-0.56260365
-0.5789263
-0.5628608
-0.58002126
-0.5787368
-0.5633975
-0.5666183
-0.56595516
-0.56844556
-0.56445485
-0.5694718
-0.58018315
-0.5791716
-0.5660764
-0.5795663
-0.56804174
-0.5829034
-0.5739175
-0.5647528
-0.5744663
-0.5599785
-0.5764442
-0.5690935
-0.5781896
-0.5858535
-0.58006763
-0.5828588
-0.57916206
-0.5686235
-0.58631665
-0.5777937
-0.5926616
-0.5708393
-0.572364
-0.571153
-0.5701844
-0.5685091
-0.5694094
-0.56774914
-0.56779164
-0.587625
-0.5737939
-0.57731086
-0.599875
-0.5819309
-0.5867876
-0.5914457
-0.56906563
-0.57536095
-0.56472033
-0.5921583
-0.57046026
-0.5718357
-0.5845856
-0.58115077
-0.5741455
-0.56726015
-0.58747643
-0.5795148
-0.57670134
-0.5852687
-0.56792223
-0.5682809
-0.57488334
-0.566748
-0.5792564
-0.5756551
-0.5791833
-0.57661575
-0.5785344
-0.5869073
-0.5672219
-0.574375
-0.5681438
-0.5919849
-0.5819078
-0.5871037
-0.56731653
-0.5965821
-0.57846993
-0.57907325
-0.5844362
-0.580894
-0.5732046
-0.5852937
-0.5858922
-0.5795608
-0.5808854
-0.5865499
-0.58713347
-0.57793134
-0.5762808
-0.57022893
-0.5872057
-0.58491266
-0.57103586
-0.57446986
-0.58735496
-0.58544797
-0.5927135
-0.5727958
-0.5964463
-0.59222096
-0.58044535
-0.5813234
-0.5827062
-0.5906726
-0.5787083
-0.583725
-0.5662163
-0.58715516
-0.5783668
-0.56646323
-0.5824116
-0.5831333
-0.5875818
-0.5804221
-0.5705241
-0.5854106
-0.5825789
-0.5761305
-0.56830484
-0.58381295
-0.5865495
-0.58116984
-0.5864395
-0.57705355
-0.5897265
-0.5975197
-0.59910834
-0.5846258
-0.58399427
-0.5888084
-0.58313435
-0.59124506
-0.5815764
-0.60162216
-0.5849565
-0.5771376
-0.57127136
-0.5716179
-0.5937416
-0.6036223
-0.5878997
-0.59156036
-0.58486235
-0.59632343
-0.5763538
-0.58406514
-0.58921146
-0.59364414
-0.58607996
-0.591611
-0.5920393
-0.5868651
-0.5778367
-0.58442575
-0.5901118
-0.58631635
-0.58473027
-0.5908978
-0.58907944
-0.5969257
-0.58797675
-0.59155214
-0.58224434
-0.59104425
-0.5817175
-0.59454286
-0.6078903
-0.6010193
-0.58429456
-0.5848079
-0.5714988
-0.57448816
-0.59702986
-0.58676344
-0.58354074
-0.60441285
-0.58790815
-0.5963175
-0.59634596
-0.59749323
-0.58047837
-0.5896122
-0.5888596
-0.5986189
-0.58789825
-0.5901251
-0.5913374
-0.6086438
-0.57621425
-0.5841343
-0.59405285
-0.5938266
-0.60126734
-0.59364253
-0.58221936
-0.6004921
-0.59086365
-0.5962112
-0.6011878
-0.6029522
-0.5843623
-0.5855614
-0.5962274
-0.5914096
-0.5953087
-0.6008316
-0.60222167
-0.5918025
-0.59942657
-0.58631694
-0.5941461
-0.58332205
-0.60510254
-0.61966395
-0.600504
-0.6081363
-0.5847887
-0.5968734
-0.6061854
-0.59874153
-0.5971921
-0.5998462
-0.5871931
-0.57971066
-0.5929811
-0.5999141
-0.59876454
-0.59981453
-0.6041134
-0.60088795
-0.5997374
-0.60324377
-0.58982366
-0.6133233
-0.61065835
-0.6028283
-0.6057352
-0.6037226
-0.6148509
-0.6006708
-0.57488626
-0.5998383
-0.5846389
-0.5998696
-0.5982107
-0.592893
-0.61278003
-0.60334414
-0.59073675
-0.6094043
-0.6067809
-0.6103359
-0.60773987
-0.6031026
-0.6041124
-0.6069014
-0.6108921
-0.5937499
-0.61263573
-0.5965319
-0.5960485
-0.5977029
-0.608798
-0.59928733
-0.6034184
-0.60333556
-0.62057775
-0.6150964
-0.5982375
-0.6055658
-0.61950904
-0.6022462
-0.60418427
-0.59654605
-0.60422355
-0.6049987
-0.5971212
-0.6085747
-0.6139541
-0.60644406
-0.60319674
-0.6082752
-0.612988
-0.612991
-0.60907423
-0.5976912
-0.6075583
-0.6125047
-0.6056414
-0.6094035
-0.6039214
-0.5999599
-0.61297774
-0.5952637
-0.60542977
-0.6013857
-0.6030623
-0.61828226
-0.612095
-0.6163882
-0.6089707
-0.60260516
-0.611447
-0.6097248
-0.59727424
-0.60113925
-0.593507
-0.6076038
-0.5987069
-0.609862
-0.61409277
-0.6028009
-0.6030386
-0.6117733
-0.6249147
-0.61203194
-0.59964234
-0.61127234
-0.6125222
-0.6053159
-0.62607425
-0.60647255
-0.61157215
-0.61805266
-0.6111725
-0.62150705
-0.62562114
-0.6114214
-0.61383814
-0.61399823
-0.6171381
-0.607417
-0.61566556
-0.6048817
-0.6116305
-0.61587626
-0.6089176
-0.59886503
-0.6232301
-0.60745585
-0.6039303
-0.6067368
-0.6174893
-0.6272496
-0.61196864
-0.6096815
-0.6071931
-0.61430424
-0.59597856
-0.6138841
-0.6127489
-0.6014778
-0.6009802
-0.6079671
-0.6138313
-0.6183432
-0.6058667
-0.611084
-0.6053486
-0.6184901
-0.6191665
-0.6108383
-0.60081893
-0.60676104
-0.6270033
-0.6089169
-0.62980026
-0.6159408
-0.612218
-0.62865674
-0.59163445
-0.6125053
-0.6199716
-0.62050647
-0.61070293
-0.6261046
-0.60498357
-0.6109972
-0.60395503
-0.61122906
-0.63189846
-0.6121326
-0.61893624
-0.6117725
-0.6154882
-0.5992794
-0.60503656
-0.6138418
-0.61882514
-0.597737
-0.60453284
-0.6078231
-0.61620885
-0.6086281
-0.6041321
-0.6055831
-0.5892029
-0.6110028
-0.61672163
-0.61648625
-0.6135791
-0.60945535
-0.6139251
-0.61575985
-0.6204985
-0.61869115
-0.609634
-0.6159783
-0.6208236
-0.59261686
-0.6090386
-0.60986096
-0.614926
-0.6191017
-0.6091911
-0.63722134
-0.6171472
-0.62188315
-0.6161049
-0.61708915
-0.6203393
-0.6355293
-0.62668407
-0.6121856
-0.6257811
-0.62294304
-0.6153289
-0.62782854
-0.6177288
-0.61609536
-0.6251871
-0.63180196
-0.6032324
-0.6250533
-0.61515886
-0.6262009
-0.6210325
-0.60205054
-0.6121989
-0.60591865
-0.62365913
-0.62970066
-0.6188165
-0.61620796
-0.6222721
-0.61024714
-0.6056264
-0.6199588
-0.60477656
-0.6141999
-0.60935426
-0.6219113
-0.6195795
-0.61713016
-0.6126914
-0.6142924
-0.62176484
-0.6230132
-0.606564
-0.6106112
-0.61288667
-0.6253213
-0.61505604
-0.624074
-0.62017566
-0.62558514
-0.6152782
-0.6266846
-0.62992823
-0.62338084
-0.6109443
-0.62450725
-0.62219477
-0.6158148
-0.62779146
-0.6065104
-0.6245612
-0.61740565
-0.6262065
-0.61469746
-0.6127503
-0.6244911
-0.61804646
-0.6143849
-0.6155887
-0.6210462
-0.60749745
-0.6312631
-0.6092905
-0.6341578
-0.62202483
-0.63472444
-0.62046087
-0.6202824
-0.6243825
-0.6336267
-0.62152725
-0.61149836
-0.6002656
-0.62827635
-0.6187247
-0.622173
-0.6206445
-0.6252229
-0.6209719
-0.60437423
-0.6226955
-0.62061733
-0.6236109
-0.61539465
-0.63509893
-0.6201665
-0.62793565
-0.6188684
-0.630158
-0.6299369
-0.62504596
-0.63023984
-0.6276072
-0.6202957
-0.6241151
-0.6290459
-0.62188137
-0.6212029
-0.61569375
-0.6312409
-0.62721395
-0.62828296
-0.6350591
-0.62660897
-0.63772833
-0.6274829
-0.6239932
-0.6146076
-0.61122996
-0.6245766
-0.61260605
-0.608762
-0.62199277
-0.61790967
-0.62686205
-0.6262466
-0.6279771
-0.6309931
-0.6358462
-0.62555134
-0.6283457
-0.62197226
-0.6216039
-0.6257453
-0.6270729
-0.6398395
-0.6223423
-0.6339703
-0.6246092
-0.62355304
-0.6177299
-0.6123735
-0.6211809
-0.6292424
-0.6375517
-0.6278191
-0.62833285
-0.639512
-0.6345701
-0.6218247
-0.6197572
-0.63123477
-0.63026804
-0.63393337
-0.62230164
-0.6206454
-0.6194947
-0.6115547
-0.6228049
-0.61487
-0.63257605
-0.6235453
-0.64165133
-0.62544596
-0.6196152
-0.62714654
-0.61572963
-0.6367633
-0.6208428
-0.63035554
-0.6201492
-0.6275745
-0.62723523
-0.62324685
-0.6317691
-0.6237039
-0.63532037
-0.63398284
-0.61586374
-0.6329228
-0.6310579
-0.63939273
-0.6331266
-0.62726134
-0.6264412
-0.6267464
-0.6299414
-0.64611
-0.6242006
-0.6214842
-0.62317866
-0.62306803
-0.62521714
-0.6399639
-0.622585
-0.62538534
-0.62879544
-0.6233623
-0.63763016
-0.6223286
-0.63052714
-0.6169863
-0.6347565
-0.6160169
-0.6508335
-0.63176
-0.6083006
-0.6235589
-0.61812264
-0.6281288
-0.6135221
-0.6361364
-0.6364638
-0.6282955
-0.63333845
-0.631627
-0.62870926
-0.6105449
-0.6196174
-0.6329267
-0.6293588
-0.6316491
-0.62684345
-0.6249202
-0.6465155
-0.6250572
-0.6248504
-0.6276255
-0.622615
-0.6170574
-0.6301564
-0.6375243
-0.6171316
-0.632119
-0.6438756
-0.6425467
-0.6295288
-0.62666994
-0.6213613
-0.63491744
-0.6294402
-0.63302124
-0.6332598
-0.6209618
-0.6246821
-0.62601537
-0.63096225
-0.6199022
-0.6382017
-0.6339329
-0.6264532
-0.62775916
-0.6298106
-0.63054866
-0.6326543
-0.6291826
-0.6209271
-0.6166002
-0.64008623
-0.6448725
-0.6310986
-0.64344555
-0.63343674
-0.63032883
-0.6237127
-0.62552935
-0.61913645
-0.62681586
-0.620693
-0.63029695
-0.6374587
-0.6325422
-0.625665
-0.6416323
-0.6308158
-0.62240577
-0.6313305
-0.620968
-0.63241416
-0.6173484
-0.6485046
-0.62327707
-0.64072776
-0.623262
-0.62115675
-0.638156
-0.62918097
-0.6294704
-0.6221925
-0.6283926
-0.6326765
-0.6456034
-0.621677
-0.6395501
-0.6321101
-0.6310903
-0.6177911
-0.62032264
-0.6201806
-0.62827843
-0.62390405
-0.6231804
-0.6206493
-0.6386208
-0.6212288
-0.631598
-0.6260769
-0.62559676
-0.6305719
-0.63088554
-0.6323459
-0.6215556
-0.63423336
-0.622624
-0.6170003
-0.62706685
-0.6306425
-0.6153353
-0.6248733
-0.6388928
-0.6243046
-0.63120383
-0.61290497
-0.63014024
-0.6535371
-0.62838805
-0.6383971
-0.62846726
-0.625502
-0.6244507
-0.63441586
-0.6336043
-0.64295584
-0.61448854
-0.6349149
-0.63397443
-0.6196926
-0.630894
-0.63206375
-0.63086253
-0.6301021
-0.63474244
-0.6328106
-0.62699217
-0.61798424
-0.63366354
-0.632601
-0.6177574
-0.62706715
-0.64103305
-0.6221929
-0.6370207
-0.63558215
-0.62545043
-0.6272748
-0.63456583
-0.6195685
-0.62057316
-0.61708874
-0.6403558
-0.6342243
-0.6257929
-0.62727827
-0.6563746
-0.6404393
-0.62621826
-0.6313909
-0.6423372
-0.63269943
-0.6363125
-0.6390284
-0.63462335
-0.62945044
-0.62804645
-0.62883735
-0.63381433
-0.6318313
-0.64777595
-0.622124
-0.63328177
-0.6258887
-0.63750786
-0.62522006
-0.6356025
-0.63420403
-0.6261023
-0.6360448
-0.6465436
-0.6349486
-0.641581
-0.6280737
-0.6381987
-0.62316483
-0.6382232
-0.6263858
-0.62475795
-0.63244444
-0.6113694
-0.6506056
-0.6412313
-0.6320587
-0.6230722
-0.6231867
-0.630003
-0.63117915
-0.62517285
-0.6286401
-0.6157862
-0.638961
-0.65232843
-0.62498367
-0.63932484
-0.6306901
-0.6140258
-0.64105237
-0.6341879
-0.6239106
-0.65377915
-0.627437
-0.63611645
-0.63619727
-0.6271508
-0.63201815
-0.6263602
-0.6443506
-0.6356226
-0.63384926
-0.61878
-0.6133535
-0.6410273
-0.6387837
-0.6331654
