1.6183874119876274
1.8952372022674056
2.9692712055084676
3.2304632533385726
3.0965547315451083
3.37138764746693
3.9075287593598627
4.117836478939393
3.9635320361761206
0.8337832933986812
1.0346690879422644
1.3752293769588753
1.6303237878076258
2.1695034863417173
2.7975392253274265
2.9796591813262716
2.846359023622863
3.4331948900085303
3.8303349062235528
3.7671620987976313
3.34425403528552
3.079586026433124
3.0707816530536656
0.22134899953626008
0.6439044405540694
0.8878045709156237
1.2499049065289862
1.5105257196687814
1.7864975744925093
2.1059166683438098
2.350308622837837
2.6530701897695463
2.630957968478691
2.9520329742681906
3.3750374262424128
3.445458486986012
3.2749060976675066
2.8665681035479453
2.4010043416264226
2.8009623567796686
0.13457192371034724
0.8216790518513153
1.176502250272161
0.8411153391154665
0.9960947194403325
1.1648147561169293
1.4252283958678575
1.6276394330867383
2.0174051820973604
2.10374027076422
2.1748102339389708
2.658383573947745
3.1230978278768915
3.1987374012325165
3.0122166570402906
2.7328037242224306
2.241936049016814
2.259056490558038
2.755123976220139
0.6120796961241517
0.6065643939363377
1.1343723130283037
0.4807043373552841
0.5294822409565062
0.6141104902538128
0.7974084957702694
0.9041557116212918
1.310063504217894
1.6307843440499419
1.7393261458268534
2.040775821416292
2.431022749829014
2.8952511995474817
2.941980573331427
2.9348354363325164
2.7148467912409924
2.5098583698684807
2.43537989364739
2.754378299575946
3.783629863228551
1.285019149659237
0.8616528812013382
1.2077807287751021
0.6624230244721052
0.4196237561985527
0.2541683040390245
0.6501260968472262
0.8426199162825103
1.0073468796375313
1.238416590173809
1.6920147197042605
1.881721581280267
2.152248820874819
2.539270128342976
2.615499796885697
2.508906341829123
2.5031229784779496
2.5114388713269893
2.7370849939185726
2.705780786945497
2.8449293243372886
3.5168787396852133
4.637217255307345
1.4093620966293756
1.5322091800190734
1.4925995930909355
1.174719946198735
0.8332377704727896
0.7684188167232104
0.8878546436599986
1.0665300977712155
1.1611240310099793
1.3412649638489003
1.7266438970883624
1.8793630815927471
2.2898351968915
2.473240761883489
2.5326579891436074
2.2535452559521403
2.0846229635153968
1.9698658609840851
2.308526132030723
2.7281460804509283
2.7433183311698177
3.7065012233505183
4.408003835151049
5.597778148858609
2.129562438539604
2.1064303703972085
2.029134799651436
1.7834145498666696
1.355951281043995
1.1653562330680547
0.8741829388118382
0.8342861601482338
0.857625489041288
1.006043657277697
1.4100251274081217
1.7544917661209802
1.9501273799270438
2.217671799083481
2.1402264279955463
2.2440507437507247
2.3525977548495995
2.192728620736794
2.376098698956275
2.071294813708377
2.4129487128626823
2.991852617442589
3.909316080124629
4.063202156563802
4.946471222134865
2.2371987961476325
2.2558359470072
2.037798169841686
1.771626533056086
1.5278220035964714
1.4562721832618777
1.2552881257736412
1.0171075506878302
1.0443633748099688
0.9508268137065443
1.20044316423207
1.6923111496351626
1.7824189262218944
1.669763940848134
1.8110586526996864
1.9529710329266488
2.1585038467439754
2.340082606468226
2.3811517557594155
2.558396791590426
2.2395482990097997
2.876599049280724
3.2081392913554123
3.5435390337209167
3.6199719660683267
5.5335425875897535
2.3070636245469127
2.6696618604892013
2.5784302333421505
2.073041205418122
2.09321008874151
2.102371928774743
2.0667987521396984
1.8888902644056502
1.311883973668317
1.1828728472767507
0.9924023079634199
1.4627053592934949
1.6479623779119787
1.666939602622438
1.3067126502001054
1.4498393025405845
1.8357291825295927
1.9397884326784198
1.9403903124919202
2.15222531409342
2.5142342635328725
2.300464310183824
2.5737473336189183
2.5140206936366876
2.617782614848969
3.412919341029849
5.663505815492057
2.712885928751811
3.0790905502186696
2.877456171469122
2.5018171206818156
2.439678226312743
2.616939250151041
2.427336512697272
1.9147222744123116
1.4862652052891654
1.4035504954827969
2.061123057576891
1.9049830426830727
1.590558770325466
1.642938576170936
1.7033716884990882
1.9016937806045948
1.9665741162970782
2.103159358000835
1.9482015358803149
2.201026884866941
2.542555686443986
2.3632339788554977
2.1555304119174945
2.496928830003367
2.9525150961433604
4.291121489424324
6.073148142078869
2.980952940013563
3.308232540572546
3.3373654126993455
3.147731328074416
2.868137914460829
2.7171985362556725
2.4471204738309686
2.207013613991472
1.906143283604941
2.1037205792788827
2.3666713089368927
2.1163164439755726
1.9445252713324368
2.0107948757446072
2.1111965214875505
2.2186249957843858
2.1612106563740254
2.2155184824349536
2.558024519763405
2.795688656808403
2.45970031633361
2.701234526777558
3.0782396604897952
3.6464289446048963
4.3847426555703235
5.707951012255594
7.4532846775790285
3.1467361476412505
3.682940350244501
3.7181549201034607
3.176684826449577
3.0330026500836604
2.9123623535156717
2.6235500549386437
2.355094660576702
2.3363486796435047
2.627396835646444
2.969476147469612
2.6936698671620047
2.4252312061358623
2.2114800833221895
2.0466216976527027
2.1314174141625033
2.278268312978332
2.3504296570441916
2.969894237178295
2.8103760448824
2.829822459509162
2.930543415413982
3.3139143475382813
4.4106914093627845
5.7022883613714574
7.636612574686546
9.599288280782737
3.2574083245711742
3.364819752792801
3.5386992647438116
3.18729437078625
3.2046182226766446
3.0745312069747115
3.1429570936491005
2.6370814198452797
2.889467044754929
3.2063947482757795
3.3604690138962527
3.0399322558694473
2.671719264630467
2.3306177168428377
2.2328409574423524
2.2082384096642564
2.350300339534864
3.0413576630726475
3.157529843480864
3.2751402247941357
3.3042042854909273
3.753229656306034
4.090949104096901
5.138153259823381
6.825956177513968
8.529890445625206
11.195782476346087
2.5468144101195698
3.4054893093670153
3.5939482501666036
3.3240136192099543
3.597624988128404
3.83718524629909
3.5217896233326966
3.0375995772648396
3.198859574250505
3.2343217329733194
3.139417915021878
3.0920685630160016
2.978428594694887
2.8026497206619885
2.5454197441327397
2.498639650170464
2.8990147733450646
3.5064990365809607
3.5219323821310624
3.697271411701597
4.108860599947527
4.631724001493028
5.29872909918189
6.408659193392092
7.990052699543482
10.09528901347977
12.279967194757647
1.8377568314646684
2.8338796481310995
3.4114635588207856
3.473352783227163
3.6834957970074593
3.6528341177001855
3.3140482052177433
3.0883532698421177
3.3104521316702393
3.204683575725069
3.1818274123323196
3.585432839139257
3.6540543510169075
3.5374980101333264
3.1886804798282777
3.145308417253916
3.803733476489293
3.971439144757442
4.077056503086527
4.476326244280653
4.998902944366107
5.601159271497872
6.642974890387595
7.993740793422149
9.559618495619674
11.572002085550682
14.105706872622516
1.5184913444888755
2.5140025877025534
3.293527038151391
3.7963625191701063
3.6052692113928795
3.594778433462857
3.3527906004451578
3.3538991991911993
3.487284125591138
3.5502128529370753
3.4162778056827947
3.773593316637335
4.02589843399758
3.829254742302886
3.4786589567183217
3.94061664631146
4.236543103136984
4.2909854874706115
4.719083554380056
5.188012981385849
5.519760713911227
6.354727631114595
7.567057805582705
9.318234126548882
11.080947600890864
13.151208721044094
15.754567073989266
1.6840179172381256
2.549104777026076
2.948181073104653
3.7051847964073605
3.645100019895448
3.301957905544141
3.433672333851647
3.687389901292768
3.9135373787973045
3.7697912287002855
3.4229323114543657
3.494226065779597
3.525339515168304
3.3411047913558494
3.8181685802349987
4.355804195643308
4.690796015956808
4.726024490214205
5.18046331656844
5.510725243538871
5.938230562413934
6.95683241501716
8.861935078324814
10.718711110926778
12.900921802987956
15.113427339559953
17.51802147650847
2.5986928622727063
2.893507243628074
3.298391194081296
3.4822905093966874
3.374429239862853
3.311307869892308
3.4514736942011033
3.7246728404954768
3.5044121120849723
3.213512478402222
3.266368896065573
2.9391198657961364
3.3788495926621955
3.9311662356920554
4.632685627481762
4.5883286458284305
5.204058620701871
5.658558706504877
6.0405895199841035
6.664215644150661
7.702497775779754
9.573011166559846
11.768589655953894
14.158254313744651
16.67204714277543
19.355544908381166
2.248259245936657
3.0999578772439507
2.9314009640457845
2.5149213144484173
3.011318670247006
2.848034371212613
2.820700973814156
3.379135818203708
3.5356900388636507
3.593386592923837
3.3461906092981266
3.067620756710696
3.4629521037208213
4.00277784035653
4.355511624315048
4.330094216340012
4.910194538550061
5.644374940954598
6.339490930969815
7.139528791258716
8.309204067733658
10.428550799985889
12.642447720371365
15.300554636800866
17.94139569704322
2.4106590853867145
2.2276077023207557
2.2089038323557855
2.514529544791774
2.7437310787402676
2.5647508427226273
3.1146015393237194
3.517185551194088
3.7577359060177407
3.6289336457661974
3.7146787261426706
3.7630580677788794
4.127358963319577
3.9141675472231303
4.134622770977397
4.632795825344746
5.554082941244228
6.414233359012479
7.311916178346818
8.859408237963459
11.079371668426731
13.295146184498515
16.037491038065557
19.071831585787457
2.2811950072512537
1.9722805754528083
1.9618880494147082
2.2632580929320105
2.5835788902541137
2.8599577204881284
2.9653472487004615
3.4444289504425627
3.8567434731567376
3.968167865343997
4.266497259557107
4.329855078560754
4.18704954168113
3.5501947203475686
3.7952431726078406
4.586088775941441
5.724159467292233
6.5181852688350235
7.612276724397515
9.376515877323843
11.461211084068342
13.85250976923667
16.55166936669761
2.476761897365216
2.315650963001317
2.3456214359055334
2.6146129068531963
3.0361750772565674
3.0523906892009376
3.5171648611770805
4.028036220243339
4.068609680749049
4.526735133410086
4.817629115302927
4.337141553197691
3.5701186164830663
3.687760370715345
4.392255478979744
5.5628658646249605
6.618107724024161
8.224785215032522
10.148904843340343
12.04837384973035
14.413513510471882
3.282166243289659
3.245774807288766
3.3532688309474574
3.4722784558324347
3.599254304905181
3.774287015880156
4.112972318626344
4.317741325245096
4.597802274075785
4.6873716410592605
4.513358375134214
3.684269948854612
3.5531826302708174
3.9021702327824963
4.95517460378546
6.318558239470582
8.260299093821292
10.628976410664983
12.757460041969667
4.397907572728779
4.0573721794799456
3.9737406015173358
3.7338434705997967
3.580789200234102
4.0828197325634505
3.8984979516799037
4.024455926635883
4.375212390182104
4.248423521724979
3.8057274113035366
3.530414884855867
3.6812780483328975
4.662870475556097
5.983532877778486
7.949377114994679
10.448354166462718
4.462220055527819
3.7422249058487367
3.4148016362663496
3.4960691049412507
3.644333881356745
3.91680765174563
4.2452710359696475
4.170112480969566
3.585170617459415
3.349962900358449
3.4297399410745255
4.058673620013873
5.3665866853299695
3.43966545406727
2.9029911285315726
2.8835585341927454
3.6418942748740615
4.190485772234208
4.002402824775192
3.2938892826012505
3.068408724354813
2.8251315939209802
