-0.50108236
-0.63022
-0.6876873
-0.6772201
-0.68236727
-0.6943476
-0.7253558
-0.726719
-0.70628554
-0.71409076
-0.7215372
-0.7438227
-0.7556118
-0.7582691
-0.7608148
-0.7713568
-0.79575026
-0.8195557
-0.83665293
-0.8629644
-0.8842196
-0.90045387
-0.86728346
-0.8773006
-0.8596472
-0.7831347
-0.85216224
-0.85264516
-0.8507683
-0.85291934
-0.86180466
-0.86719245
-0.8647324
-0.87089485
-0.82777214
-0.8681165
-0.86742985
-0.86175424
-0.8614165
-0.8653976
-0.86589265
-0.85657114
-0.854143
-0.84701157
-0.84560055
-0.84743243
-0.85615855
-0.8658434
-0.86451733
-0.8732798
-0.8857532
-0.89803743
-0.9018479
-0.9137441
-0.9124984
-0.9333383
-0.9374622
-0.92858535
-0.94995284
-0.93414015
-0.94877726
-0.9548925
-0.95485026
-0.95806044
-0.95947146
-0.9628143
-0.9593238
-0.9681126
-0.95732266
-0.9607223
-0.9575031
-0.95253956
-0.9514077
-0.96015275
-0.94748133
-0.95505947
-0.9452435
-0.9437769
-0.95221114
-0.9585537
-0.95929384
-0.9525728
-0.94837046
-0.94725835
-0.94341725
-0.9466867
-0.96096003
-0.95303404
-0.9599473
-0.95945495
-0.959583
-0.96213204
-0.96899766
-0.9734477
-0.97012293
-0.9426474
-0.9558303
-0.9343588
-0.9254515
-0.9122592
-0.9125244
-0.8982381
-0.89916724
-0.8977463
-0.90010375
-0.903359
-0.906322
-0.9118382
-0.91993433
-0.92872876
-0.93495905
-0.94324446
-0.94617754
-0.9402726
-0.9225699
-0.942666
-0.91320395
-0.9452841
-0.9332165
-0.9270294
-0.92741036
-0.9286135
-0.9346133
-0.93473595
-0.94094944
-0.9419805
-0.941231
-0.9372692
-0.9361516
-0.94081616
-0.94231
-0.9525356
-0.9571662
-0.9637212
-0.9617155
-0.95356196
-0.95912826
-0.957322
-0.96030027
-0.96686244
-0.9624667
-0.96953255
-0.96545625
-0.960199
-0.9671069
-0.9584666
-0.9666301
-0.9729554
-0.9625244
-0.9745553
-0.9626595
-0.9688639
-0.96848685
-0.96571946
-0.96138304
-0.9548042
-0.9475026
-0.9426603
-0.94617534
-0.9476888
-0.946333
-0.94648993
-0.9458623
-0.9507339
-0.94821364
-0.95930815
-0.9643476
-0.9672084
-0.9626781
-0.9697821
-0.9542343
-0.9745305
-0.9718003
-0.9708366
-0.9720576
-0.97078747
-0.9689013
-0.9713838
-0.9743829
-0.9749992
-0.9776665
-0.9783147
-0.97740966
-0.979126
-0.97625065
-0.96998465
-0.951747
-0.9639212
-0.94592774
-0.9378885
-0.9411093
-0.94817364
-0.94358957
-0.9419548
-0.9432651
-0.94780016
-0.95200235
-0.9598479
-0.9627314
-0.96675277
-0.96525246
-0.96849877
-0.9653932
-0.9623621
-0.96548444
-0.96592474
-0.96461684
-0.9670076
-0.96932983
-0.9676788
-0.96987104
-0.9679861
-0.96952033
-0.9745013
-0.97657186
-0.97802407
-0.9783223
-0.98025525
-0.9820172
-0.98052365
-0.9788807
-0.981121
-0.9806964
-0.979268
-0.97686136
-0.98038894
-0.97276247
-0.9716536
-0.96974003
-0.972085
-0.9745732
-0.964118
-0.95593125
-0.94047093
-0.9549622
-0.95441234
-0.9499122
-0.9418862
-0.9390436
-0.9460546
-0.9436741
-0.94181603
-0.9423587
-0.94522595
-0.9499902
-0.9555785
-0.952222
-0.953025
-0.94601107
-0.93532735
-0.93504745
-0.94810414
-0.95283943
-0.9561754
-0.93899447
-0.96026194
-0.9629762
-0.9586628
-0.95401156
-0.9576956
-0.9608737
-0.9575443
-0.95428455
-0.9554419
-0.9613714
-0.96105367
-0.9661854
-0.96738946
-0.96854657
-0.9702354
-0.97308
-0.96960735
-0.95809084
-0.96187407
-0.9669509
-0.9645907
-0.9641569
-0.961739
-0.9620474
-0.9618675
-0.96502364
-0.96808296
-0.9725862
-0.96779776
-0.9630129
-0.96320045
-0.9700417
-0.96534604
-0.9557697
-0.9608862
-0.9607323
-0.95833695
-0.96422136
-0.96521854
-0.9557651
-0.96753234
-0.95391876
-0.95335275
-0.95196456
-0.955818
-0.95916444
-0.96501744
-0.96865505
-0.9622938
-0.9671463
-0.96966124
-0.9696866
-0.9623274
-0.9640688
-0.97505623
-0.9678811
-0.9645987
-0.9629989
-0.9613113
-0.96480227
-0.97073555
-0.9710113
-0.97572565
-0.971149
-0.97680235
-0.97332555
-0.9717448
-0.9796625
-0.9711368
-0.9788046
-0.97430724
-0.9724194
-0.9784326
-0.975264
-0.9796429
-0.9791597
-0.9821135
-0.979992
-0.9809431
-0.9778565
-0.98099273
-0.9817521
-0.9816607
-0.9778347
-0.98052096
-0.9797273
-0.9809709
-0.982641
-0.9828895
-0.983059
-0.9841713
-0.983289
-0.9847993
-0.9831665
-0.9849231
-0.98572093
-0.9865274
-0.9864504
-0.98589253
-0.98329306
-0.97370344
-0.97158587
-0.9629257
-0.9677991
-0.9640846
-0.9665325
-0.9659349
-0.9686806
-0.96027654
-0.96449023
-0.9624801
-0.9642184
-0.95555174
-0.96398824
-0.9596932
-0.95676
-0.96226346
-0.9596584
-0.9638021
-0.95309395
-0.9681093
-0.9691373
-0.95412636
-0.97011256
-0.96996987
-0.97466487
-0.94483775
-0.9554085
-0.90148795
-0.9344307
-0.9323563
-0.9375691
-0.9370845
-0.9300763
-0.92233145
-0.9220788
-0.9287729
-0.9341817
-0.9303994
-0.92639357
-0.93067735
-0.9368153
-0.9383385
-0.93489075
-0.9455392
-0.95182383
-0.94958436
-0.9546998
-0.95964414
-0.9572486
-0.9556167
-0.9601401
-0.96552306
-0.9666021
-0.9646586
-0.9704103
-0.9668932
-0.96648085
-0.97063154
-0.9672417
-0.9703439
-0.9709183
-0.95822203
-0.9677245
-0.9613842
-0.97093904
-0.9756673
-0.9697312
-0.97529924
-0.9791943
-0.97783476
-0.98073775
-0.9798453
-0.98055154
-0.9829125
-0.9811167
-0.9813339
-0.98031586
-0.9793949
-0.98089296
-0.9821972
-0.98293185
-0.9828337
-0.9848602
-0.9843259
-0.9837484
-0.9835062
-0.9849172
-0.98480654
-0.9857428
-0.9857045
-0.9871461
-0.9871263
-0.98710734
-0.9855296
-0.9858022
-0.9877152
-0.98581916
-0.9865608
-0.98860687
-0.9871283
-0.98491323
-0.98680294
-0.98956025
-0.98788786
-0.9881454
-0.98911977
-0.990439
-0.9877171
-0.9886281
-0.988211
-0.9823903
-0.98903644
-0.977284
-0.9819411
-0.9762329
-0.9787689
-0.9746569
-0.97662324
-0.97690403
-0.9773839
-0.97473204
-0.97732407
-0.97897667
-0.9837503
-0.9838977
-0.9836962
-0.9847235
-0.98462915
-0.98447263
-0.9847554
-0.98012054
-0.9706145
-0.9643157
-0.96477073
-0.96486115
-0.9634066
-0.9591124
-0.9655126
-0.96258557
-0.96138686
-0.96748894
-0.96378565
-0.9702528
-0.9778326
-0.97648394
-0.9586181
-0.97085416
-0.9649014
-0.94923353
-0.9431561
-0.94485915
-0.9555731
-0.962963
-0.95005435
-0.9569618
-0.95722675
-0.9556764
-0.9531516
-0.9605222
-0.9626358
-0.95575756
-0.9586922
-0.96399367
-0.9631021
-0.96156794
-0.9589218
-0.95562285
-0.9584451
-0.9554629
-0.9571351
-0.96727747
-0.956342
-0.96420175
-0.9528818
-0.95128757
-0.95146704
-0.9544289
-0.95872986
-0.960282
-0.96233076
-0.96433115
-0.9632165
-0.9679328
-0.97447175
-0.9715774
-0.9659194
-0.9738564
-0.97098386
-0.9781844
-0.97728395
-0.97733396
-0.98026514
-0.979519
-0.98070186
-0.9782439
-0.9818033
-0.98186547
-0.98322797
-0.98290366
-0.98301995
-0.9831275
-0.98301667
-0.9827842
-0.98445076
-0.9831816
-0.98458403
-0.9850059
-0.98564816
-0.98059636
-0.9735204
-0.9724723
-0.9663318
-0.96277314
-0.9648806
-0.9705847
-0.96211725
-0.97357047
-0.9665275
-0.9672872
-0.96913695
-0.9706407
-0.9708927
-0.96832454
-0.9609634
-0.96380174
-0.972426
-0.97597957
-0.9695881
-0.9706793
-0.97296935
-0.9747679
-0.9735604
-0.97892517
-0.98289764
-0.9823348
-0.98072964
-0.983235
-0.984274
-0.98432904
-0.98465455
-0.98135793
-0.98004305
-0.9810661
-0.98225534
-0.9808265
-0.9852629
-0.9852368
-0.98507077
-0.98489857
-0.9839108
-0.9846417
-0.9836801
-0.9860957
-0.9866382
-0.98782325
-0.9873697
-0.98719853
-0.98698944
-0.98734456
-0.98341787
-0.9844864
-0.98532677
-0.98580563
-0.9864059
-0.9883439
-0.9876187
-0.98536485
-0.9749214
-0.9792351
-0.9720729
-0.9703182
-0.9735218
-0.9742025
-0.97488123
-0.98355454
-0.98339975
-0.9828634
-0.98293716
-0.98484355
-0.98408216
-0.98281044
-0.98481995
-0.9865999
-0.98395556
-0.9835523
-0.98711383
-0.985855
-0.98847795
-0.98733217
-0.9858891
-0.98874205
-0.9862777
-0.9888608
-0.9908584
-0.9901288
-0.98785263
-0.98910546
-0.98964536
-0.9907173
-0.99116194
-0.9878422
-0.98644364
-0.9892698
-0.9917657
-0.98979264
-0.98315257
-0.9885558
-0.98857796
-0.98337895
-0.9868181
-0.94754785
-0.9524093
-0.94666624
-0.94034946
-0.9291736
-0.9150157
-0.9164775
-0.9127734
-0.912361
-0.9211469
-0.92075056
-0.91526574
-0.9144615
-0.9209739
-0.92627436
-0.9278488
-0.92793864
-0.9294395
-0.9361685
-0.94427484
-0.9412437
-0.9431583
-0.94829375
-0.9502227
-0.94911194
-0.95404154
-0.9474722
-0.951548
-0.94490886
-0.94866157
-0.9574357
-0.93684113
-0.94633126
-0.9341837
-0.9274115
-0.9296283
-0.932309
-0.9429914
-0.93286884
-0.9564314
-0.9689385
-0.96533096
-0.96198916
-0.96357125
-0.9573145
-0.9611166
-0.96425694
-0.9650938
-0.9713448
-0.9639852
-0.9750486
-0.96303725
-0.9581729
-0.9584242
-0.9645797
-0.9680379
-0.9674267
-0.9711116
-0.97689193
-0.9777037
-0.9714854
-0.97769535
-0.9771465
-0.9772486
-0.9753382
-0.9759517
-0.9758349
-0.979864
-0.98295385
-0.98071504
-0.98229903
-0.982902
-0.98379946
-0.98243594
-0.98270833
-0.9863414
-0.9871025
-0.98687047
-0.9852698
-0.9853761
-0.9875175
-0.9866405
-0.9851358
-0.9874191
-0.98408055
-0.98519576
-0.98488575
-0.9862131
-0.98668814
-0.98688364
-0.985796
-0.98802066
-0.98900187
-0.98788077
-0.98748493
-0.9900892
-0.9890301
-0.9875097
-0.9870431
-0.9878161
-0.98729765
-0.98661375
-0.9897068
-0.98577964
-0.9667543
-0.9769019
-0.96225727
-0.9581853
-0.96122885
-0.9642679
-0.96018845
-0.96616316
-0.9702182
-0.96314377
-0.96729404
-0.9626269
-0.962423
-0.96737653
-0.9673585
-0.9637166
-0.9687532
-0.97433066
-0.97590524
-0.97585076
-0.9634013
-0.94549525
-0.9620501
-0.95741266
-0.95009756
-0.94770753
-0.947263
-0.95313275
-0.95071644
-0.9452392
-0.9443856
-0.9505455
-0.95370597
-0.95064443
-0.95255595
-0.95593274
-0.95997804
-0.96201724
-0.9583543
-0.96459097
-0.9606631
-0.95696014
-0.9626908
-0.96031815
-0.9627703
-0.9611871
-0.96646166
-0.9659268
-0.96852034
-0.96722126
-0.96829504
-0.9713267
-0.9706465
-0.9707482
-0.9739721
-0.9724457
-0.9729437
-0.9748252
-0.97483724
-0.97706366
-0.9789015
-0.97577363
-0.97922117
-0.9790218
-0.9779905
-0.9810588
-0.9777844
-0.9809608
-0.9791667
-0.9794866
-0.98078334
-0.98054826
-0.983164
-0.98263395
-0.9835366
-0.9817367
-0.9833055
-0.9846403
-0.9839889
-0.9845149
-0.98543864
-0.9846349
-0.98548096
-0.9851038
-0.98539627
-0.9875064
-0.9877473
-0.9875001
-0.9879878
-0.9891161
-0.9873696
-0.9872479
-0.9885737
-0.9895521
-0.9891148
-0.9880786
-0.9879678
-0.9902939
-0.9907844
-0.9894676
-0.9848386
-0.98302454
-0.98337746
-0.9804668
-0.98728734
-0.9762574
-0.9815445
-0.97485256
-0.979319
-0.98204553
-0.97599924
-0.9832455
-0.9716142
-0.97569734
-0.97121763
-0.9754648
-0.9668689
-0.9734686
-0.96677166
-0.9653586
-0.9691982
-0.9724545
-0.9747354
-0.97561145
-0.9781885
-0.96513605
-0.97812164
-0.96890366
-0.96968216
-0.9681306
-0.96548057
-0.9683193
-0.96948
-0.96863073
-0.97254133
-0.97163606
-0.97316736
-0.9763748
-0.97713315
-0.9796313
-0.9773014
-0.9758543
-0.9712393
-0.9634895
-0.9645785
-0.96990055
-0.9729329
-0.96219283
-0.9723685
-0.9647548
-0.95976025
-0.96291226
-0.9670712
-0.96470845
-0.9707277
-0.97165596
-0.973956
-0.977752
-0.9798533
-0.97945994
-0.9783041
-0.979676
-0.98006344
-0.9824459
-0.98171455
-0.9825535
-0.9807424
-0.9807846
-0.9817757
-0.9812424
-0.9824969
-0.9827394
-0.9832819
-0.9864623
-0.98125464
-0.9830578
-0.9802104
-0.9827442
-0.9858805
-0.98138684
-0.98602426
-0.9821279
-0.98276055
-0.9865659
-0.9816159
-0.98668134
-0.98175013
-0.9872855
-0.98281074
-0.98370606
-0.9818839
-0.97955066
-0.98359245
-0.97979325
-0.97718716
-0.97780204
-0.97933286
-0.9777121
-0.97942495
-0.98224497
-0.9839563
-0.9847115
-0.9839772
-0.98428047
-0.98314595
-0.98122096
-0.98228985
-0.9796139
-0.98311913
-0.98280245
-0.9837185
-0.98478806
-0.98319167
-0.98556054
-0.9806368
-0.95941085
-0.9755142
-0.96858233
-0.9643708
-0.95442575
-0.95772475
-0.95225036
-0.95474285
-0.9621194
-0.96555847
-0.9615717
-0.97144115
-0.96725947
-0.97180563
-0.97014797
-0.97174865
-0.9774715
-0.95376056
-0.95796496
-0.9436628
-0.9357535
-0.9362876
-0.9312051
-0.92833835
-0.9275654
-0.9337357
-0.93216056
-0.9354756
-0.9389543
-0.9404504
-0.94463295
-0.94759524
-0.9511841
-0.951765
-0.9570505
-0.95895416
-0.96463305
-0.9586561
-0.96528906
-0.96871823
-0.9696828
-0.97299665
-0.96204364
-0.9719795
-0.96581894
-0.9685537
-0.9729087
-0.97208095
-0.9726235
-0.97174793
-0.97439873
-0.9750711
-0.97596484
-0.9734985
-0.97604036
-0.9799355
-0.98272955
-0.97899914
-0.983272
-0.9786005
-0.97773373
-0.9840331
-0.98140657
-0.97977316
-0.9821995
-0.98277664
-0.9834125
-0.9829542
-0.98671114
-0.9834818
-0.98240286
-0.9863476
-0.98600155
-0.9834165
-0.9866895
-0.9850529
-0.9850454
-0.9868102
-0.98781353
-0.9864167
-0.9872001
-0.9873194
-0.98793644
-0.9858629
-0.9879114
-0.9860455
-0.98767203
-0.9896124
-0.985179
-0.9898999
-0.98585343
-0.9879204
-0.98907286
-0.98587024
-0.9908224
-0.98828727
-0.9837921
-0.98906094
-0.9759173
-0.9866602
-0.9799124
-0.9807053
-0.9795261
-0.9784916
-0.98306924
-0.9826242
-0.98840106
-0.98143184
-0.986848
-0.9824874
-0.9748511
-0.96541315
-0.9700914
-0.97604024
-0.9729863
-0.9697994
-0.9721553
-0.973053
-0.97290564
-0.97665155
-0.96583796
-0.9769177
-0.9690711
-0.96376216
-0.9713009
-0.97397757
-0.9774301
-0.9800141
-0.97818583
-0.9773471
-0.9791176
-0.97993296
-0.9802872
-0.9817153
-0.9810334
-0.9821452
-0.98361033
-0.98573816
-0.9814742
-0.9854484
-0.98662025
-0.98437387
-0.98428315
-0.9849443
-0.9857465
-0.98756844
-0.9887455
-0.98724943
-0.98744583
-0.98882437
-0.98967636
-0.9888476
-0.9881988
-0.98950344
-0.9896735
-0.9887045
-0.988334
-0.989932
-0.9894408
-0.9870311
-0.9814067
-0.9826816
-0.9823175
-0.9796054
-0.98403704
-0.983964
-0.98776925
-0.97660226
-0.9868438
-0.97081983
-0.9726537
-0.9610552
-0.9616884
-0.96844
-0.96884817
-0.9725021
-0.9722423
-0.9744918
-0.9780397
-0.9712072
-0.97510713
-0.97083
-0.97852933
-0.9798197
-0.9740491
-0.98274803
-0.9763156
-0.97610694
-0.98579067
-0.9794146
-0.9842316
-0.9841116
-0.9814552
-0.98687375
-0.9823443
-0.9866258
-0.98394436
-0.98544806
-0.98583454
-0.9841976
-0.98761743
-0.984399
-0.9897887
-0.9851855
-0.9870723
-0.9870666
-0.9867993
-0.98799443
-0.9847193
-0.98256683
-0.9762034
-0.9765233
-0.9838447
-0.98299533
-0.9766176
-0.9864011
-0.9778307
-0.97598445
-0.98483306
-0.9830125
-0.9738643
-0.98084277
-0.9699029
-0.9638394
-0.96825165
-0.97060025
-0.97506684
-0.97503674
-0.97096485
-0.97463423
-0.9788338
-0.9797881
-0.9686596
-0.9775955
-0.9697685
-0.972154
-0.97579783
-0.97226745
-0.97227186
-0.9757232
-0.9768401
-0.97966164
-0.978
-0.98400813
-0.97936493
-0.9776709
-0.98367697
-0.9786756
-0.9842773
-0.9785138
-0.97829586
-0.97893304
-0.98283803
-0.9724317
-0.98278904
-0.9790121
-0.97830737
-0.9805526
-0.9811282
-0.9814267
-0.984398
-0.9816684
-0.9839754
-0.98576266
-0.9848584
-0.98538387
-0.98445976
-0.98545754
-0.9865701
-0.9865627
-0.9868679
-0.9868827
-0.9872351
-0.9888613
-0.98821735
-0.9886044
-0.98917824
-0.9898039
-0.9892218
-0.98944134
-0.99014944
-0.99070907
-0.9899957
-0.99080354
-0.99146026
-0.99145144
-0.9916599
-0.9919794
-0.9905706
-0.98934484
-0.9905576
-0.9913154
-0.99194807
-0.99125785
-0.9886632
-0.99081695
-0.992422
-0.99128807
-0.9885636
-0.99197704
-0.9911854
-0.9870603
-0.9900629
-0.99129754
-0.99089694
-0.98672163
-0.9828696
-0.98592246
-0.98314786
-0.9808317
-0.98744845
-0.98368984
-0.9900528
-0.9799274
-0.97540706
-0.9815536
-0.97870505
-0.9735297
-0.9726155
-0.9788908
-0.9774772
-0.9773434
-0.98240656
-0.9842499
-0.9783271
-0.9874572
-0.9810963
-0.9858469
-0.9833317
-0.9787766
-0.9842433
-0.97724783
-0.9794582
-0.98363453
-0.9791735
-0.983929
-0.98639977
-0.9820348
-0.98909456
-0.982871
-0.98792464
-0.9840327
-0.9857472
-0.9880858
-0.9889433
-0.98529965
-0.98588777
-0.98648185
-0.98691076
-0.9865287
-0.9866592
-0.98630387
-0.9862847
-0.9910832
-0.98901963
-0.9889505
-0.98852766
-0.9888119
-0.9882454
-0.9897516
-0.98774666
-0.98996353
-0.99057347
-0.9913863
-0.9913683
-0.9904326
-0.990434
-0.98791224
-0.9913035
-0.9927092
-0.9910849
-0.98786104
-0.9898531
-0.9914406
-0.98731476
-0.9905814
-0.9893703
-0.9883958
-0.9884727
-0.9896157
-0.9905395
-0.9768684
-0.9787068
-0.9745991
-0.97094464
-0.96680075
-0.9643224
-0.9636923
-0.96620977
-0.9633861
-0.9666092
-0.96564686
-0.9680474
-0.9684754
-0.9696735
-0.973614
-0.97171295
-0.9732947
-0.9738259
-0.9744956
-0.9740848
-0.9777168
-0.97568893
-0.9765415
-0.97894216
-0.9750227
-0.97759235
-0.97535914
-0.9822031
-0.9738456
-0.9775691
-0.971984
-0.9774028
-0.9811777
-0.9762081
-0.9800051
-0.98306173
-0.9800522
-0.98435307
-0.98168296
-0.98661846
-0.98058397
-0.98006713
-0.9840601
-0.9813268
-0.9797833
-0.9801558
-0.98096114
-0.9822829
-0.9814674
-0.9833876
-0.98311156
-0.98443806
-0.98285145
-0.98578817
-0.9841812
-0.9870572
-0.9855021
-0.9890027
-0.98611253
-0.98748094
-0.9891472
-0.98888785
-0.9881961
-0.9900499
-0.99032706
-0.9899957
-0.98994803
-0.98723555
-0.98529434
-0.9870708
-0.98507416
-0.98547035
-0.9883527
-0.9900549
-0.9864235
-0.9863383
-0.99035203
-0.9869023
-0.98924583
-0.9862307
-0.98939335
-0.9874151
-0.9864972
-0.98831433
-0.9879711
-0.98688567
-0.9887681
-0.98767823
-0.9851259
-0.98602533
-0.9838256
-0.98124355
-0.9813601
-0.98498285
-0.9818004
-0.9871675
-0.9831482
-0.98763084
-0.97515994
-0.9876587
-0.97963536
-0.9810564
-0.98136055
-0.9810692
-0.98243344
-0.9837451
-0.9873574
-0.9849524
-0.98385054
-0.9878619
-0.98535246
-0.99031115
-0.9865987
-0.98953176
-0.98637307
-0.9904296
-0.98920816
-0.98895276
-0.9875566
-0.98997736
-0.9879622
-0.9879342
-0.9883046
-0.99114144
-0.99132097
-0.99007136
-0.9911152
-0.9916777
-0.9904136
-0.9899015
-0.9896482
-0.9898183
-0.99050164
-0.9901792
-0.99172246
-0.99113774
-0.9866233
-0.98917603
-0.9851379
-0.9872811
-0.98688537
-0.9881654
-0.9854129
-0.9853064
-0.9833125
-0.96983105
-0.9736317
-0.9581887
-0.9529608
-0.9531275
-0.9563621
-0.96391374
-0.9637092
-0.95808524
-0.96507543
-0.9547363
-0.95075077
-0.9525765
-0.954841
-0.952973
-0.95520455
-0.9604473
-0.9631117
-0.9656999
-0.9706402
-0.95832044
-0.96982163
-0.9722868
-0.9711265
-0.97459537
-0.9753672
-0.9758533
-0.97968316
-0.9791959
-0.9795759
-0.97927785
-0.9779648
-0.9785231
-0.982895
-0.9834247
-0.9835772
-0.9857535
-0.98296124
-0.98653567
-0.98421186
-0.98601526
-0.9844742
-0.9851922
-0.9877598
-0.9835344
-0.9882173
-0.9841918
-0.98821485
-0.98491687
-0.98512095
-0.9853667
-0.986548
-0.9832525
-0.9871645
-0.984504
-0.98998445
-0.98491037
-0.9877778
-0.98192847
-0.98491234
-0.98609716
-0.9854294
-0.9871454
-0.9861541
-0.98686665
-0.9845
-0.98550236
-0.98782283
-0.98332745
-0.9874928
-0.9867202
-0.9883836
-0.991062
-0.98885006
-0.98201287
-0.9890912
-0.98191535
-0.98177946
-0.98095137
-0.9818472
-0.9824616
-0.98372906
-0.98874587
-0.9842966
-0.9876086
-0.98935676
-0.9862458
-0.9892493
-0.9832155
-0.9867772
-0.9846726
-0.9875862
-0.9787965
-0.98566425
-0.9817356
-0.981485
-0.9803112
-0.98033553
-0.98057336
-0.98286915
-0.983094
-0.9838846
-0.9840522
-0.9850416
-0.9847544
-0.9866279
-0.98589617
-0.9871425
-0.9875458
-0.9870007
-0.98815954
-0.9881807
-0.98970276
-0.9895905
-0.98846143
-0.9896184
-0.98892725
-0.98865783
-0.9888465
-0.9899029
-0.9884038
-0.9907547
-0.98926777
-0.9863362
-0.98920816
-0.9838929
-0.9894575
-0.98281056
-0.9869818
-0.98319626
-0.98030055
-0.9900667
-0.9791795
-0.98280627
-0.985122
-0.98077303
-0.98678625
-0.9834402
-0.9906251
-0.982961
-0.9856008
-0.98716265
-0.98220086
-0.98920393
-0.98501766
-0.9891421
-0.9863962
-0.9855813
-0.9884039
-0.9858264
-0.9893388
-0.9860291
-0.98856384
-0.98703265
-0.9895212
-0.98639095
-0.98895806
-0.9866351
-0.99056023
-0.9878379
-0.9861324
-0.988038
-0.98747504
-0.98418874
-0.98688436
-0.9834606
-0.9860357
-0.9856726
-0.9905391
-0.98526996
-0.98818094
-0.98616546
-0.98766506
-0.988115
-0.98706555
-0.99119365
-0.98892194
-0.9882923
-0.9887954
-0.9897937
-0.9880584
-0.989767
-0.9896845
-0.9889812
-0.98791176
-0.9860266
-0.9887346
-0.98491406
-0.98825043
-0.98429126
-0.9845457
-0.98814565
-0.9840645
-0.98902375
-0.9871775
-0.98890746
-0.9815689
-0.9878289
-0.9839403
-0.9838472
-0.9847672
-0.98482287
-0.99113524
-0.9782518
-0.9738712
-0.98568714
-0.97916204
-0.975972
-0.9776565
-0.9772052
-0.9754941
-0.97704744
-0.98226565
-0.9823291
-0.9855596
-0.98365206
-0.9844703
-0.98203653
-0.98474455
-0.9856802
-0.988244
-0.98692316
-0.98581
-0.98509604
-0.9880814
-0.9858356
-0.9897163
-0.9862657
-0.9892955
-0.98891586
-0.99033844
-0.990215
-0.98997456
-0.99015784
-0.99040216
-0.99135864
-0.9908486
-0.9896493
-0.9899497
-0.99117595
-0.98678154
-0.99158627
-0.9881896
-0.99168146
-0.98946553
-0.9875156
-0.9883646
-0.9883583
-0.9896961
-0.98824155
-0.9878305
-0.9912014
-0.9915922
-0.98732823
-0.988967
-0.98920643
-0.98786306
-0.985728
-0.9847713
-0.9915709
-0.986858
-0.9892484
-0.981486
-0.98618495
-0.98051065
-0.9792785
-0.97995913
-0.9776277
-0.9795212
-0.9790283
-0.98035365
-0.9813787
-0.9828586
-0.9816246
-0.98252004
-0.98268074
-0.98369193
-0.984195
-0.98288125
-0.98457056
-0.98391813
-0.98666734
-0.9868687
-0.9830348
-0.98521024
-0.98648405
-0.98596555
-0.9882524
-0.98726827
-0.98743004
-0.98809355
-0.98801833
-0.9873146
-0.98900586
-0.98872507
-0.988757
-0.9894388
-0.99045956
-0.9892039
-0.9897716
-0.99085754
-0.9901607
-0.9899825
-0.98890156
-0.9915105
-0.9906497
-0.9912874
-0.99209183
-0.99161124
-0.99151313
-0.9900812
-0.9904841
-0.99181396
-0.9905112
-0.9913791
-0.9895026
-0.9912257
-0.99040735
-0.9858154
-0.9905507
-0.9893938
-0.991526
-0.987222
-0.98954403
-0.98634
-0.9916365
-0.9914694
-0.98064566
-0.9841116
-0.9838169
-0.9796777
-0.9775034
-0.9789198
-0.98289275
-0.97986525
-0.9824076
-0.98307383
-0.98107684
-0.9839188
-0.9806327
-0.9840299
-0.9828011
-0.9887534
-0.9776929
-0.97715604
-0.9678397
-0.9666797
-0.96792674
-0.97551733
-0.98122865
-0.9654034
-0.98259425
-0.9787029
-0.9700273
-0.9747688
-0.9788541
-0.981142
-0.97545516
-0.97796637
-0.98025477
-0.9779703
-0.9824992
-0.98084444
-0.98105234
-0.980835
-0.9800969
-0.9804267
-0.9829616
-0.98244303
-0.9836146
-0.98440546
-0.98508304
-0.98352677
-0.9846339
-0.9858419
-0.9868623
-0.98768497
-0.9868133
-0.9875361
-0.98779047
-0.9889344
-0.9883707
-0.98880917
-0.98882914
-0.98973215
-0.98998916
-0.99014324
-0.9895559
-0.9895373
-0.9903897
-0.99109817
-0.990734
-0.98714745
-0.991125
-0.9881231
-0.98323506
-0.98245406
-0.9874688
-0.9824121
-0.98735356
-0.9852765
-0.9858102
-0.98771244
-0.9905857
-0.98385924
-0.9829861
-0.980096
-0.98221034
-0.9774396
-0.97758555
-0.9808935
-0.9824539
-0.9843827
-0.98749995
-0.9867631
-0.9834067
-0.97737247
-0.9785803
-0.9815757
-0.97742784
-0.9764252
-0.9769839
-0.9755401
-0.9748865
-0.97890073
-0.97995454
-0.97890407
-0.9826824
-0.984357
-0.9841084
-0.9809882
-0.9827145
-0.98254067
-0.98624796
-0.97973317
-0.98067224
-0.9758008
-0.97655284
-0.9809849
-0.98309803
-0.9776026
-0.9810527
-0.97645414
-0.9740288
-0.9817569
-0.97746795
-0.9777568
-0.98285556
-0.97988594
-0.97876185
-0.9851243
-0.98485005
-0.9854024
-0.9866888
-0.98470634
-0.98652565
-0.98894167
-0.98490065
-0.98828673
-0.98287183
-0.9873348
-0.98589534
-0.9873891
-0.98692876
-0.9894319
-0.98707557
-0.98855704
-0.98325783
-0.98338836
-0.9809237
-0.98084694
-0.9757682
-0.97616804
-0.97943795
-0.9815833
-0.98252445
-0.98729926
-0.9840083
-0.9851305
-0.981712
-0.9854805
-0.9857077
-0.9837529
-0.98347616
-0.9848936
-0.98299664
-0.9880297
-0.986497
-0.98825
-0.98535466
-0.9858283
-0.9887366
-0.98543906
-0.98445284
-0.9785688
-0.9819735
-0.9887704
-0.97996056
-0.9846021
-0.97993106
-0.97797275
-0.98247284
-0.9851717
-0.9855526
-0.98506534
-0.97874504
-0.985017
-0.98453057
-0.9848774
-0.98324776
-0.98108536
-0.9856319
-0.9853669
-0.9859841
-0.98471665
-0.98583126
-0.9858349
-0.9869411
-0.98691547
-0.9874367
-0.9875078
-0.9864732
-0.98774165
-0.98647267
-0.98753494
-0.98904717
-0.9845914
-0.9856511
-0.97748584
-0.9833785
-0.980843
-0.9804834
-0.97717214
-0.97806686
-0.9795654
-0.9833975
-0.98588413
-0.98573947
-0.98553216
-0.98166364
-0.9861163
-0.98750967
-0.98656464
-0.98605597
-0.98592865
-0.98625827
-0.9877672
-0.9891756
-0.9890211
-0.9881636
-0.98952883
-0.98708165
-0.98994535
-0.98931605
-0.98977304
-0.9901142
-0.99025434
-0.9901713
-0.9888814
-0.9920817
-0.988475
-0.990991
-0.98662394
-0.9900594
-0.9888289
-0.99030405
-0.98919654
-0.99129707
-0.9914717
-0.9902482
-0.9910116
-0.9888875
-0.98870933
-0.9905647
-0.9925492
-0.9895951
-0.9894714
-0.9916478
-0.99230564
-0.9914837
-0.9893482
-0.99049693
-0.9921273
-0.98972094
-0.9852192
-0.98763984
-0.98713315
-0.98253953
-0.98835105
-0.9822307
-0.9836452
-0.98656195
-0.9803069
-0.9756894
-0.9771726
-0.97592705
-0.9794657
-0.97646487
-0.97659415
-0.97955674
-0.9783464
-0.9790856
-0.9799075
-0.9828227
-0.98192954
-0.98452663
-0.9849292
-0.98278433
-0.9864936
-0.9866868
-0.98647153
-0.9869353
-0.98709786
-0.98733723
-0.9890515
-0.98836964
-0.9902694
-0.9882127
-0.9883455
-0.9897816
-0.98839015
-0.9893697
-0.99037296
-0.98907906
-0.9898155
-0.99130243
-0.99182075
-0.99147
-0.9879845
-0.9908343
-0.9903415
-0.98819536
-0.9901987
-0.9928474
-0.9884645
-0.98978096
-0.9907824
-0.99143815
-0.99086106
-0.9897293
-0.99151164
-0.9928073
-0.99192274
-0.9918848
-0.98692286
-0.9895222
-0.9917819
-0.9878201
-0.991926
-0.99010193
-0.98712474
-0.9910087
-0.9910039
-0.9913475
-0.9915531
-0.98696953
-0.98685014
-0.9887096
-0.98544264
-0.9873458
-0.98731387
-0.9870796
-0.987554
-0.9866132
-0.9912158
-0.9848049
-0.98284274
-0.98158413
-0.98504233
-0.9856621
-0.9838322
-0.9861597
-0.9831005
-0.9850799
-0.98980594
-0.9802663
-0.9799935
-0.97700584
-0.9826095
-0.9832203
-0.976919
-0.9784273
-0.9776433
-0.9787206
-0.97640306
-0.9815962
-0.9741218
-0.978327
-0.9763705
-0.9724278
-0.9740956
-0.9797739
-0.9854173
-0.98127425
-0.9803622
-0.9808691
-0.9860709
-0.9871462
-0.9883135
-0.9868647
-0.98672634
-0.987301
-0.98896134
-0.9888285
-0.98840636
-0.98835176
-0.9888546
-0.98959523
-0.9895491
-0.9910221
-0.9908122
-0.99052286
-0.99090034
-0.99168247
-0.9910729
-0.9892756
-0.9910268
-0.99288005
-0.99192905
-0.98885137
-0.99172795
-0.9918709
-0.98425525
-0.98859644
-0.9856931
-0.9891833
-0.9878574
-0.9913585
-0.99175876
-0.98981375
-0.99054986
-0.9923039
-0.991041
-0.98959774
-0.9915809
-0.9911691
-0.9902932
-0.99091303
-0.98776513
-0.9896055
-0.98683333
-0.9916114
-0.9883643
-0.9905366
-0.98290753
-0.9803083
-0.97918564
-0.9756474
-0.9710341
-0.96905464
-0.9700638
-0.97205496
-0.97225606
-0.97527623
-0.97656524
-0.9772305
-0.9780919
-0.9806888
-0.98026913
-0.9805008
-0.98074317
-0.9821724
-0.9823303
-0.9807741
-0.98151165
-0.98398846
-0.9785377
-0.9774999
-0.9724004
-0.9732184
-0.9782218
-0.9851084
-0.96154475
-0.9813821
-0.9746152
-0.97060806
-0.97391725
-0.97772396
-0.97805667
-0.9771153
-0.97927696
-0.97846675
-0.9748795
-0.9803001
-0.9797584
-0.98203266
-0.9819615
-0.98073334
-0.98026496
-0.9837243
-0.9840091
-0.98155594
-0.98346674
-0.98345923
-0.9834901
-0.9849595
-0.986344
-0.98693484
-0.98595846
-0.98703647
-0.9871349
-0.98614895
-0.9876738
-0.9870655
-0.9895404
-0.98937845
-0.9880537
-0.9892986
-0.9905364
-0.9888397
-0.9888795
-0.9896855
-0.98987895
-0.9895095
-0.99072117
-0.99150044
-0.9916243
-0.99103194
-0.9890078
-0.9913739
-0.9916799
-0.98595846
-0.9899875
-0.9925064
-0.9924951
-0.9917902
-0.98935384
-0.98899376
-0.9919164
-0.99189305
-0.99278945
-0.99162006
-0.9877071
-0.99133694
-0.99328876
-0.992438
-0.9886679
-0.99088055
-0.9926948
-0.992996
-0.9917631
-0.9872708
-0.9892623
-0.99091524
-0.98914886
-0.99239373
-0.9923935
-0.989793
-0.9899165
-0.99288505
-0.9937012
-0.99213284
-0.99186885
-0.99157566
-0.9889737
-0.99179316
-0.99220884
-0.9860415
-0.99059767
-0.9868071
-0.9902061
-0.989118
-0.989961
-0.98923427
-0.9888603
-0.98482513
-0.9854685
-0.9858591
-0.97983664
-0.98466325
-0.9818541
-0.9830489
-0.98479974
-0.98659664
-0.98721904
-0.9870368
-0.9847776
-0.98848945
-0.98748684
-0.98843175
-0.9896498
-0.98592174
-0.99189156
-0.98663795
-0.9872806
-0.98867863
-0.98208165
-0.9852342
-0.985871
-0.98519343
-0.9871918
-0.9853721
-0.9908581
-0.9904793
-0.98646754
-0.98648715
-0.9885973
-0.9851508
-0.98511934
-0.9847883
-0.98512137
-0.9841355
-0.9896145
-0.9807189
-0.987412
-0.9817051
-0.9820504
-0.98439974
-0.98526233
-0.9869218
-0.9865872
-0.98643
-0.9891449
-0.9882866
-0.98685014
-0.9875028
-0.99025464
-0.9896467
-0.989887
-0.9881506
-0.9897212
-0.990349
-0.99046385
-0.9903203
-0.988872
-0.99109834
-0.9914076
-0.9913386
-0.9915552
-0.9913973
-0.9919134
-0.9913661
-0.99145454
-0.98954815
-0.98980385
-0.9922318
-0.99268895
-0.99253005
-0.9915328
-0.98694646
-0.9920946
-0.9873742
-0.9927043
-0.9885854
-0.9908509
-0.9833838
-0.9787227
-0.96702814
-0.9667494
-0.97230387
-0.980266
-0.97520703
-0.97747725
-0.98223805
-0.98087263
-0.97820693
-0.9843462
-0.982667
-0.98613566
-0.9854616
-0.98128706
-0.98209894
-0.9810057
-0.979472
-0.9796506
-0.9769926
-0.97792166
-0.97887355
-0.97990745
-0.98051983
-0.9852267
-0.9843878
-0.9853117
-0.9818477
-0.9844343
-0.9852389
-0.987522
-0.9856458
-0.98744106
-0.98769414
-0.98730195
-0.98854953
-0.9870592
-0.98969775
-0.988908
-0.98809177
-0.9902389
-0.99058276
-0.9893082
-0.9897298
-0.99126184
-0.9910396
-0.98952526
-0.9895708
-0.99234205
-0.9904101
-0.98824155
-0.9920857
-0.98688036
-0.9924915
-0.9915353
-0.9865221
-0.9928828
-0.98081833
-0.9908827
-0.9839738
-0.9875185
-0.9859076
-0.9865931
-0.99147433
-0.989794
-0.9859668
-0.9910424
-0.99113846
-0.98852247
-0.9896619
-0.9885479
-0.99149156
-0.99160075
-0.9905228
-0.98876953
-0.9918742
-0.9927954
-0.98971915
-0.9902497
-0.9917633
-0.98945177
-0.9894835
-0.99030256
-0.9880538
-0.9891808
-0.9886373
-0.99201936
-0.9903167
-0.9899714
-0.99006516
-0.9909685
-0.9910246
-0.9889497
-0.9905797
-0.9919702
-0.9868806
-0.9908139
-0.9885564
-0.992681
-0.98992616
-0.9880016
-0.9891679
-0.99025315
-0.99227417
-0.98652714
-0.9886216
-0.98655
-0.9879046
-0.9885805
-0.98729974
-0.9881252
-0.9889053
-0.99116313
-0.9876316
-0.9899171
-0.9875499
-0.99054754
-0.9876907
-0.9916682
-0.98981345
-0.9928498
-0.9902297
-0.9914666
-0.99338675
-0.9889555
-0.9895705
-0.9920269
-0.9853256
-0.98485273
-0.98321223
-0.9846265
-0.9852047
-0.984071
-0.9855928
-0.98935515
-0.98439854
-0.988694
-0.98919266
-0.9858929
-0.98693436
-0.98891836
-0.9884596
-0.9884009
-0.98791575
-0.98890287
-0.9910644
-0.9882314
-0.9851938
-0.98267365
-0.98702025
-0.9825126
-0.98486227
-0.9881082
-0.98598737
-0.9858114
-0.9907898
-0.9880004
-0.9813264
-0.97980064
-0.9870918
-0.982827
-0.97839975
-0.98614687
-0.98071754
-0.9807123
-0.986744
-0.9860337
-0.98221207
-0.98488444
-0.9838983
-0.9855469
-0.987046
-0.9842258
-0.9854987
-0.99003655
-0.9865923
-0.98499733
-0.9831466
-0.9875114
-0.9825394
-0.9821366
-0.9859583
-0.98284364
-0.9865769
-0.982736
-0.9826391
-0.9881085
-0.9757851
-0.9766532
-0.9690096
-0.9727131
-0.9769442
-0.9740932
-0.9703673
-0.9676823
-0.97326714
-0.9787325
-0.97583896
-0.97132754
-0.98650014
-0.97912514
-0.9763748
-0.9839944
-0.98161894
-0.98602015
-0.9867878
-0.9854938
-0.98802364
-0.985156
-0.9861035
-0.9870021
-0.98606503
-0.9880476
-0.9879925
-0.98887175
-0.9897564
-0.9911047
-0.98906624
-0.99033755
-0.9901982
-0.99014837
-0.99110126
-0.99171716
-0.99113345
-0.9909484
-0.9920299
-0.9920645
-0.99026775
-0.9921896
-0.993145
-0.99324024
-0.9916448
-0.9905771
-0.99201053
-0.99232507
-0.99312043
-0.9936025
-0.99274755
-0.99112797
-0.99109316
-0.9917167
-0.9921998
-0.9925087
-0.99125046
-0.98947656
-0.99332064
-0.9904873
-0.984804
-0.98282635
-0.9877739
-0.9882037
-0.988686
-0.99054223
-0.98780465
-0.9924564
-0.9915067
-0.9851658
-0.98711485
-0.98785776
-0.9857765
-0.9873844
-0.98958105
-0.98833007
-0.99112034
-0.98859054
-0.9848196
-0.991172
-0.9864051
-0.98731047
-0.9874542
-0.98702425
-0.98935187
-0.98755133
-0.989309
-0.98931867
-0.9882802
-0.9908349
-0.98903286
-0.99142337
-0.99021786
-0.99114287
-0.99012643
-0.9917158
-0.9921294
-0.9873428
-0.9878477
-0.99144924
-0.9867136
-0.99010885
-0.98426
-0.9905566
-0.9835535
-0.9886139
-0.9850523
-0.9847992
-0.98775584
-0.9862344
-0.988301
-0.98750657
-0.98813355
-0.9849779
-0.98534936
-0.98612374
-0.9840161
-0.98194546
-0.9835632
-0.9845258
-0.9870235
-0.9869721
-0.9885184
-0.98531884
-0.97916955
-0.97963244
-0.98546827
-0.9797614
-0.9740165
-0.98022544
-0.97055846
-0.97074485
-0.97617614
-0.9814173
-0.9799815
-0.9811957
-0.98696595
-0.9827291
-0.98227865
-0.98037046
-0.9845166
-0.98097134
-0.98193973
-0.9843688
-0.9864383
-0.98506016
-0.98668665
-0.98558897
-0.9854322
-0.98904055
-0.9859598
-0.988442
-0.9868381
-0.988146
-0.9876909
-0.98630077
-0.99037886
-0.98821026
-0.98958147
-0.9890524
-0.98829335
-0.9908494
-0.98951966
-0.9904028
-0.99119973
-0.99004745
-0.9912796
-0.9920961
-0.98934346
-0.9921584
-0.9912338
-0.98905915
-0.99266005
-0.9893234
-0.99093515
-0.9920341
-0.99347484
-0.9917019
-0.9893956
-0.99322766
-0.99065334
-0.98772985
-0.9911769
-0.98501444
-0.9935242
-0.98647964
-0.98935884
-0.9886448
-0.99045926
-0.98842126
-0.9899623
-0.98874366
-0.9835573
-0.98557013
-0.9811378
-0.983931
-0.9878912
-0.9833525
-0.9895507
-0.9763238
-0.9816555
-0.9800913
-0.9716708
-0.9750142
-0.97309226
-0.9711809
-0.97246003
-0.9741377
-0.97815144
-0.9794661
-0.9791615
-0.9795358
-0.98227924
-0.9821629
-0.9829213
-0.9827532
-0.98247766
-0.98226696
-0.9830641
-0.9825803
-0.983905
-0.9839946
-0.9864331
-0.98603994
-0.9859827
-0.98582023
-0.98886645
-0.9867437
-0.98844594
-0.98536336
-0.98935944
-0.9872778
-0.9890702
-0.987895
-0.989547
-0.9896958
-0.990006
-0.98947316
-0.99128413
-0.9895421
-0.9911026
-0.9895051
-0.99165034
-0.9889177
-0.9914589
-0.98955244
-0.9919309
-0.9868626
-0.9916539
-0.9874957
-0.9885923
-0.9896791
-0.9886985
-0.9924991
-0.9904213
-0.99111193
-0.9931177
-0.98971343
-0.9924112
-0.9868547
-0.99135613
-0.9889857
-0.99216354
-0.9884186
-0.9915628
-0.98727745
-0.9903676
-0.9893219
-0.98803765
-0.9874503
-0.99104893
-0.98990893
-0.99002546
-0.98879594
-0.9889287
-0.9891051
-0.99048924
-0.9911904
-0.9894619
-0.9895442
-0.9914595
-0.9924605
-0.99108475
-0.988559
-0.9911983
-0.99135274
-0.9875553
-0.99166
-0.9911349
-0.9915009
-0.99069405
-0.99094856
-0.989811
-0.99158376
-0.9925171
-0.99093366
-0.98917145
-0.9872883
-0.99109167
-0.98791516
-0.9900171
-0.98666245
-0.99103874
-0.9902773
-0.98808813
-0.9922502
-0.9886705
-0.99143577
-0.99335635
-0.9925931
-0.99278015
-0.9927742
-0.989959
-0.99072903
-0.99263865
-0.99190784
-0.9918369
-0.990043
-0.9893496
-0.99290925
-0.993497
-0.99218994
-0.98829055
-0.9861031
-0.989774
-0.9788841
-0.9804253
-0.98044926
-0.9737832
-0.97673994
-0.9790957
-0.98087096
-0.9848339
-0.9844212
-0.97527456
-0.9781454
-0.9803596
-0.97320825
-0.9705294
-0.97082984
-0.9704789
-0.9694535
-0.9716041
-0.9741163
-0.97075075
-0.9729383
-0.96587986
-0.97152865
-0.97641623
-0.9736626
-0.969721
-0.97722954
-0.9764605
-0.97178197
-0.9782412
-0.9821643
