-0.84077185
-0.841564
-0.8441066
-0.84750575
-0.8475562
-0.8531593
-0.85326433
-0.8585759
-0.85394406
-0.85999095
-0.86665434
-0.8636301
-0.85923517
-0.8654559
-0.86613387
-0.8627978
-0.8666522
-0.8670496
-0.87420803
-0.8778543
-0.87579143
-0.87376153
-0.87598217
-0.87915415
-0.88578445
-0.8872173
-0.886916
-0.8885518
-0.8855445
-0.8838483
-0.8941849
-0.89594877
-0.899572
-0.8955773
-0.89604086
-0.9008909
-0.90282345
-0.90676063
-0.9072941
-0.913476
-0.91756755
-0.91398305
-0.9174306
-0.9189075
-0.9211532
-0.92441493
-0.9196622
-0.9270959
-0.93131775
-0.93067825
-0.9332006
-0.931402
-0.9359296
-0.93691844
-0.93905264
-0.939258
-0.9422872
-0.9430243
-0.942538
-0.9440786
-0.94380957
-0.94302464
-0.94311
-0.94360054
-0.9438349
-0.94061655
-0.9460745
-0.9461128
-0.9450164
-0.9467602
-0.94429934
-0.9452709
-0.94573337
-0.94723225
-0.94732875
-0.9450518
-0.9439656
-0.9475089
-0.94495803
-0.9449366
-0.94876647
-0.94756955
-0.94761455
-0.9490299
-0.947576
-0.9483444
-0.9488868
-0.94916815
-0.95109135
-0.9488051
-0.9492886
-0.95056194
-0.9500771
-0.9536917
-0.9524472
-0.95124155
-0.9520604
-0.95334446
-0.95071906
-0.9495016
-0.9537702
-0.9527726
-0.9521511
-0.95161664
-0.95512563
-0.9528485
-0.9524434
-0.95368654
-0.9530851
-0.9544369
-0.95530415
-0.9523571
-0.95253325
-0.9537462
-0.95621157
-0.9562538
-0.95446324
-0.9534655
-0.95591915
-0.9554992
-0.9560424
-0.9573865
-0.95598847
-0.95603675
-0.9557971
-0.9560985
-0.9573496
-0.9567655
-0.9561939
-0.9574578
-0.9565545
-0.95913666
-0.95700175
-0.9570273
-0.95635664
-0.95662093
-0.9572167
-0.95600814
-0.9564884
-0.9597134
-0.95586056
-0.9587248
-0.955872
-0.9571743
-0.9572617
-0.95816076
-0.95835435
-0.9582532
-0.9576505
-0.9577603
-0.9577003
-0.95898706
-0.9585039
-0.9577566
-0.9588019
-0.9579471
-0.95851475
-0.95743316
-0.95957947
-0.96192294
-0.9593445
-0.9592242
-0.9566922
-0.9595046
-0.9580508
-0.9581709
-0.95877385
-0.9586249
-0.95938337
-0.9556722
-0.9603492
-0.9582503
-0.9574358
-0.9585566
-0.9589744
-0.95868754
-0.9592981
-0.9589629
-0.9584017
-0.95787835
-0.9596713
-0.9573447
-0.95873
-0.96074724
-0.9590279
-0.95969594
-0.95799136
-0.9596243
-0.95766515
-0.9576663
-0.9593917
-0.9585481
-0.9551879
-0.9598864
-0.9597974
-0.95916206
-0.9593631
-0.9570907
-0.95813555
-0.9572387
-0.96009034
-0.95867956
-0.95859575
-0.9595628
-0.95816916
-0.9597825
-0.9588361
-0.9597266
-0.96101916
-0.95983636
-0.95947015
-0.958384
-0.9586515
-0.95827055
-0.96069384
-0.9594439
-0.9590936
-0.96011096
-0.9592218
-0.958442
-0.95833427
-0.9583436
-0.95895314
-0.9609372
-0.9598426
-0.9604863
-0.96129614
-0.9593545
-0.95829606
-0.9599985
-0.95822906
-0.9597081
-0.95900947
-0.9597046
-0.96152174
-0.95957816
-0.9605174
-0.95874023
-0.9601885
-0.9599989
-0.9603799
-0.95993745
-0.9610923
-0.960755
-0.9608813
-0.9582258
-0.9593573
-0.96076775
-0.95929366
-0.96012825
-0.95948535
-0.9599186
-0.9594185
-0.95945
-0.9603646
-0.95899093
-0.9561442
-0.9581309
-0.96078527
-0.9616995
-0.95958024
-0.96110404
-0.9596452
-0.95953
-0.9601676
-0.9599948
-0.9607764
-0.9617398
-0.96063256
-0.96135026
-0.96144986
-0.96033907
-0.9608982
-0.9590291
-0.959204
-0.9607472
-0.961174
-0.95964897
-0.96211416
-0.96077216
-0.95991546
-0.9605621
-0.96171826
-0.95993197
-0.9608286
-0.96115094
-0.9598465
-0.95925534
-0.9600661
-0.95958465
-0.9604125
-0.9621292
-0.9614446
-0.95935464
-0.96092653
-0.958991
-0.9609511
-0.96160126
-0.9599897
-0.9600412
-0.9610783
-0.9610715
-0.96124345
-0.9621178
-0.96052325
-0.9606919
-0.9621615
-0.9595176
-0.96134734
-0.96276855
-0.96149766
-0.96050847
-0.9607193
-0.96138084
-0.9615683
-0.96099794
-0.96107954
-0.9612174
-0.96089303
-0.9612819
-0.9610953
-0.96017414
-0.9622449
-0.9608279
-0.9616144
-0.96173185
-0.9605704
-0.9613465
-0.9618435
-0.9593816
-0.9609276
-0.9622552
-0.9614884
-0.96082854
-0.9624834
-0.9624073
-0.96094483
-0.96155274
-0.96110517
-0.9603977
-0.96144193
-0.96257305
-0.9591196
-0.9604275
-0.95978427
-0.96067953
-0.96111053
-0.96100944
-0.95989674
-0.9608163
-0.96017987
-0.960525
-0.96165305
-0.9604544
-0.96028763
-0.96094257
-0.96008426
-0.9604134
-0.9602521
-0.9600232
-0.9596867
-0.95952636
-0.9605694
-0.9609791
-0.9582656
-0.95959723
-0.9624929
-0.96010417
-0.9614846
-0.9579233
-0.9601857
-0.9623208
-0.9607091
-0.96196395
-0.9616847
-0.9636575
-0.960212
-0.962246
-0.962492
-0.9614272
-0.9615527
-0.96163577
-0.9610493
-0.9607656
-0.9621513
-0.96087146
-0.9614695
-0.9611432
-0.9606461
-0.9605719
-0.96117204
-0.9609094
-0.9609127
-0.96148545
-0.96222025
-0.9616821
-0.9629226
-0.9605278
-0.962854
-0.96126586
-0.96039283
-0.96119076
-0.96123976
-0.9605325
-0.96135354
-0.9602089
-0.961829
-0.96443117
-0.9613961
-0.96164894
-0.9616436
-0.9613274
-0.96358633
-0.9618704
-0.9612985
-0.9606169
-0.9619659
-0.9613124
-0.96171373
-0.96209973
-0.9609048
-0.96069705
-0.96209455
-0.9582619
-0.9561039
-0.95842296
-0.95306647
-0.9540527
-0.95944726
-0.96232134
-0.9597092
-0.96045613
-0.9603924
-0.95991737
-0.95949537
-0.96032596
-0.9609624
-0.95964617
-0.9608477
-0.9602154
-0.96161616
-0.96122366
-0.9613587
-0.96157163
-0.96146566
-0.9595504
-0.96081436
-0.961011
-0.9621489
-0.96151525
-0.9614377
-0.9623003
-0.96187574
-0.96257335
-0.9622546
-0.9616646
-0.96248025
-0.96146464
-0.9623308
-0.96060336
-0.9620194
-0.96191555
-0.9617361
-0.96331775
-0.9621804
-0.9615468
-0.962127
-0.96225214
-0.9627475
-0.9619482
-0.96035385
-0.9628708
-0.9629217
-0.96069753
-0.9598062
-0.96231717
-0.9630663
-0.9625753
-0.9621645
-0.96371406
-0.9619406
-0.9603045
-0.96188706
-0.96111065
-0.96272534
-0.960457
-0.9624271
-0.96126276
-0.9621588
-0.96084124
-0.962116
-0.9619384
-0.9629238
-0.9621235
-0.9639682
-0.96207404
-0.96142274
-0.9626276
-0.9632402
-0.9607543
-0.96115637
-0.9626247
-0.96278566
-0.9622229
-0.9634683
-0.9617053
-0.96082205
-0.9604902
-0.9618077
-0.9606111
-0.96195906
-0.9622602
-0.96264446
-0.96403134
-0.9632635
-0.9604526
-0.9634188
-0.9620061
-0.96086675
-0.96180105
-0.9631887
-0.9630734
-0.9620286
-0.9627945
-0.96200037
-0.9624309
-0.9618536
-0.96233827
-0.96243286
-0.9634843
-0.96347183
-0.96179056
-0.9609168
-0.96345395
-0.96104914
-0.96341795
-0.9609289
-0.96230674
-0.96181697
-0.96183
-0.96081614
-0.9623547
-0.9624567
-0.9619089
-0.96192944
-0.96084785
-0.96283406
-0.96183205
-0.96138406
-0.9608955
-0.96199006
-0.9632284
-0.96249294
-0.9624722
-0.9625686
-0.9632998
-0.9609005
-0.9612898
-0.96227205
-0.9616953
-0.9622079
-0.96256614
-0.9631326
-0.96309537
-0.9629942
-0.9637095
-0.9623122
-0.96311325
-0.9627218
-0.9620225
-0.9599344
-0.96201897
-0.9623715
-0.9622692
-0.9616017
-0.9629268
-0.9612794
-0.96096545
-0.96069276
-0.96221966
-0.9619078
-0.96223617
-0.9616261
-0.9620976
-0.9615522
-0.96336204
-0.96328104
-0.9630878
-0.96219563
-0.9613502
-0.9605069
-0.9618853
-0.9641434
-0.9625818
-0.9612924
-0.9627977
-0.96124333
-0.9629959
-0.9623888
-0.9619205
-0.96304286
-0.9639875
-0.96343225
-0.96278286
-0.9609953
-0.96303076
-0.96261245
-0.9629929
-0.9635758
-0.9627056
-0.9610365
-0.96229935
-0.9623944
-0.96328783
-0.9622675
-0.96292424
-0.96211964
-0.9618055
-0.96166164
-0.9624365
-0.9601474
-0.9628263
-0.96230066
-0.9616536
-0.96299
-0.9615565
-0.9634169
-0.962531
-0.9619194
-0.9604476
-0.96212256
-0.96186835
-0.9604236
-0.963419
-0.9629857
-0.9632736
-0.9622318
-0.9628221
-0.96124434
-0.9626239
-0.9631595
-0.96469706
-0.96229297
-0.96265024
-0.96240556
-0.96095914
-0.9625354
-0.96238226
-0.9634524
-0.96256125
-0.9623313
-0.9620858
-0.9634234
-0.9631464
-0.96400315
-0.96250623
-0.9630768
-0.9629519
-0.9601943
-0.9613156
-0.9616115
-0.96316195
-0.9620459
-0.9620861
-0.96181196
-0.9636595
-0.9632562
-0.96242607
-0.9631543
-0.9615186
-0.9641501
-0.9605032
-0.9621429
-0.962112
-0.96159154
-0.9623424
-0.9624187
-0.964377
-0.9623316
-0.9628812
-0.96220785
-0.96254754
-0.96283776
-0.96295124
-0.961981
-0.9645588
-0.9618514
-0.96282595
-0.96186465
-0.96135145
-0.9630692
-0.9618491
-0.96320754
-0.96137536
-0.9624446
-0.96300983
-0.9619341
-0.96197796
-0.9631908
-0.96256006
-0.9639133
-0.96281105
-0.9622319
-0.9629783
-0.9618084
-0.96275854
-0.96288073
-0.9627287
-0.9650509
-0.96196735
-0.9623771
-0.961319
-0.9620044
-0.9619257
-0.9613555
-0.96141154
-0.9610376
-0.9615779
-0.96265054
-0.9608087
-0.96015626
-0.961053
-0.96138185
-0.9604515
-0.9612497
-0.9623262
-0.9626213
-0.9613026
-0.9630281
-0.96269584
-0.96110606
-0.96241176
-0.96147734
-0.96078426
-0.96294904
-0.96255094
-0.9618905
-0.9629564
-0.96325237
-0.9601756
-0.9621333
-0.96233547
-0.9608641
-0.96077305
-0.9625435
-0.96164656
-0.96277267
-0.9637906
-0.96369815
-0.96171814
-0.961945
-0.9621252
-0.96316427
-0.9620942
-0.96303004
-0.96219325
-0.9613182
-0.9616783
-0.9634987
-0.9617161
-0.9620023
-0.9624424
-0.9638397
-0.9638074
-0.9625988
-0.96315485
-0.9620182
-0.96194667
-0.9619119
-0.96191865
-0.9627146
-0.9611556
-0.96263075
-0.96240115
-0.96323663
-0.9633621
-0.962101
-0.96079737
-0.9610631
-0.9636228
-0.9624542
-0.9622631
-0.9629829
-0.9628829
-0.9626455
-0.96362966
-0.96238655
-0.96264195
-0.9628309
-0.9635756
-0.96301436
-0.9625843
-0.96252126
-0.9611001
-0.96319854
-0.963444
-0.9639259
-0.9618908
-0.9635779
-0.96218526
-0.96115166
-0.9624184
-0.9609797
-0.96176535
-0.96204555
-0.9622566
-0.96299
-0.96167237
-0.9636662
-0.96294206
-0.9620904
-0.96299094
-0.9633628
-0.96263456
-0.9619818
-0.9631478
-0.96367675
-0.96215844
-0.9627608
-0.9633193
-0.96382767
-0.96331626
-0.96273816
-0.9619309
-0.9626674
-0.96260506
-0.96277595
-0.96339977
-0.9630243
-0.9624313
-0.96166027
-0.96276337
-0.96330804
-0.96346503
-0.9611373
-0.96184355
-0.9626721
-0.9619758
-0.9618355
-0.9626236
-0.95733356
-0.9635658
-0.9619514
-0.9629917
-0.9625376
-0.9617033
-0.9628577
-0.96254444
-0.9615028
-0.96240574
-0.96243805
-0.96392524
-0.9615045
-0.9618187
-0.96266055
-0.96245843
-0.9626445
-0.9621675
-0.9628778
-0.9636123
-0.9625093
-0.9634026
-0.960828
-0.9617662
-0.9634939
-0.9632389
-0.9611887
-0.9622589
-0.96317446
-0.9572389
-0.96199244
-0.9633404
-0.96318835
-0.96177244
-0.963471
-0.9631059
-0.96315295
-0.9625869
-0.96277326
-0.96414256
-0.962792
-0.96302336
-0.96154225
-0.96179944
-0.96248823
-0.9644581
-0.9621925
-0.9621647
-0.9650268
-0.9632013
-0.9626074
-0.96359074
-0.9621114
-0.96301824
-0.96302927
-0.9623522
-0.9628614
-0.96316725
-0.96317726
-0.96325874
-0.9618448
-0.9625002
-0.9626326
-0.9606075
-0.9629638
-0.9626937
-0.96140265
-0.9636705
-0.96299475
-0.96370333
-0.9621089
-0.963274
-0.9633228
-0.9628462
-0.9649977
-0.9619475
-0.9627644
-0.9626469
-0.96311945
-0.9623991
-0.96307397
-0.96159726
-0.9629203
-0.9627868
-0.96131426
-0.9626145
-0.9627126
-0.9632979
-0.9633548
-0.9634047
-0.96305245
-0.9634807
-0.9613117
-0.9649827
-0.96314955
-0.96386236
-0.9609991
-0.96155185
-0.9632205
-0.96468526
-0.9620184
-0.96410155
-0.9626727
-0.9644524
-0.9605779
-0.9616994
-0.962831
-0.9617896
-0.9638502
-0.96320796
-0.9618643
-0.9632908
-0.96201
-0.96117413
-0.963776
-0.9631973
-0.96278256
-0.9632197
-0.96372414
-0.96224236
-0.96303654
-0.9627155
-0.9631722
-0.9623444
-0.96119505
-0.96356887
-0.9634325
-0.96226263
-0.96270066
-0.95881546
-0.963408
-0.9604686
-0.9632211
-0.96258074
-0.9624506
-0.9626601
-0.962653
-0.96343
-0.96470124
-0.96451175
-0.96175253
-0.9630671
-0.9626438
-0.9619736
-0.9652256
-0.9623486
-0.96041304
-0.96213126
-0.96220785
-0.96276915
-0.9629862
-0.9640155
-0.964334
-0.9627575
-0.9616622
-0.96356833
-0.9639821
-0.964625
-0.9635399
-0.9633466
