-0.65796757
-0.6469347
-0.64618874
-0.64247215
-0.6640328
-0.67629224
-0.66153634
-0.6921639
-0.68776166
-0.70252454
-0.7052562
-0.7080569
-0.68438166
-0.70842034
-0.7072317
-0.7182972
-0.7289022
-0.70203525
-0.7131098
-0.74657935
-0.73519754
-0.72093797
-0.7280611
-0.7178627
-0.730384
-0.7543794
-0.7530841
-0.7479898
-0.74243927
-0.7209848
-0.7455365
-0.75045955
-0.76204145
-0.7542285
-0.7600038
-0.77757514
-0.7758544
-0.77099055
-0.78380287
-0.78738606
-0.78442746
-0.78977627
-0.8087722
-0.8122764
-0.8011067
-0.79647845
-0.79027694
-0.8027797
-0.813881
-0.8096698
-0.8171218
-0.7996045
-0.8182703
-0.8389293
-0.8215076
-0.8398733
-0.8312122
-0.830087
-0.8534402
-0.8480646
-0.84426963
-0.83822
-0.8462946
-0.8599319
-0.8552207
-0.85848457
-0.85734344
-0.8563475
-0.85162705
-0.85564506
-0.8655952
-0.84810394
-0.8622126
-0.86826074
-0.86496466
-0.86910725
-0.87236184
-0.8634038
-0.8763312
-0.8790643
-0.87586737
-0.879631
-0.87912637
-0.88101995
-0.8789149
-0.87484795
-0.87417775
-0.88800853
-0.88697505
-0.8797069
-0.8892353
-0.8883263
-0.8812486
-0.8799392
-0.8942604
-0.8966657
-0.89092094
-0.89161104
-0.8932622
-0.90082955
-0.90048355
-0.8967668
-0.8940592
-0.8960076
-0.8924285
-0.8882691
-0.8936121
-0.897479
-0.9021994
-0.8967087
-0.8968784
-0.8970074
-0.89388216
-0.9089042
-0.89175147
-0.89603096
-0.90242743
-0.90925676
-0.90274304
-0.89999485
-0.90231085
-0.89715165
-0.90004444
-0.9061567
-0.90541816
-0.90832645
-0.90587366
-0.9051388
-0.899362
-0.89978254
-0.8959901
-0.90971124
-0.9032243
-0.9029612
-0.90260625
-0.90309846
-0.90868735
-0.9076494
-0.9057167
-0.90937984
-0.90498346
-0.89217424
-0.8991681
-0.9023434
-0.9050483
-0.9064513
-0.903924
-0.9042032
-0.9090209
-0.9053837
-0.9103357
-0.9002014
-0.9079817
-0.9002413
-0.90460914
-0.9055819
-0.90391654
-0.91437185
-0.8974284
-0.9093815
-0.9130042
-0.90586084
-0.9074927
-0.9073979
-0.9092098
-0.91472167
-0.9103693
-0.9037617
-0.9086929
-0.9105776
-0.9031269
-0.90779823
-0.91837025
-0.9072795
-0.905106
-0.9073251
-0.906826
-0.908143
-0.91668475
-0.911429
-0.9056423
-0.9090114
-0.90312064
-0.91347957
-0.907479
-0.9062409
-0.9149368
-0.90972847
-0.8999745
-0.91094494
-0.9122121
-0.90109766
-0.912627
-0.9117654
-0.90770227
-0.90804917
-0.9095342
-0.9074627
-0.9025592
-0.9161301
-0.9160078
-0.90714765
-0.9146392
-0.90318334
-0.9090143
-0.90765154
-0.9108136
-0.9097873
-0.9101763
-0.92275244
-0.89821595
-0.9122078
-0.91098607
-0.89909524
-0.90988725
-0.9097545
-0.91358006
-0.92050236
-0.9141206
-0.9041351
-0.9101256
-0.9070778
-0.9101831
-0.91217315
-0.90867835
-0.91345525
-0.9105229
-0.90826136
-0.9103165
-0.912194
-0.9088622
-0.91000926
-0.9078049
-0.9124213
-0.9062154
-0.9103106
-0.9126602
-0.91152406
-0.9170268
-0.9142002
-0.91555774
-0.9111232
-0.9185938
-0.90679973
-0.91122043
-0.91181785
-0.9164936
-0.9096465
-0.9163612
-0.91665304
-0.917169
-0.9136206
-0.9180723
-0.9121572
-0.91535676
-0.91793424
-0.90689623
-0.91829985
-0.9120365
-0.9206823
-0.9119777
-0.90933985
-0.9109481
-0.9128169
-0.918955
-0.91717297
-0.91495806
-0.91280603
-0.9172528
-0.9128403
-0.9176967
-0.91517645
-0.9164224
-0.91851604
-0.9174851
-0.9148743
-0.91593444
-0.9169615
-0.9221299
-0.9185567
-0.9199567
-0.9131434
-0.9177584
-0.91972595
-0.9165565
-0.9183786
-0.9089595
-0.9129654
-0.9153311
-0.9180454
-0.9238059
-0.92220795
-0.9216693
-0.91678774
-0.9160511
-0.92040664
-0.91226304
-0.91945714
-0.9180966
-0.91695327
-0.9130486
-0.9225794
-0.9226017
-0.92124754
-0.92144436
-0.91788805
-0.9171396
-0.9173042
-0.91865766
-0.9089147
-0.91675067
-0.9183194
-0.9169454
-0.91362953
-0.91799754
-0.9183573
-0.9225982
-0.9138437
-0.914469
-0.91793424
-0.91734266
-0.92156154
-0.9167955
-0.91766363
-0.91626525
-0.92347795
-0.9208294
-0.92515314
-0.9186438
-0.91823643
-0.9259883
-0.9216553
-0.9170033
-0.9186368
-0.92105585
-0.9228793
-0.9146369
-0.9225654
-0.91906637
-0.9231898
-0.92051274
-0.9220357
-0.9190759
-0.9190544
-0.9221153
-0.9201529
-0.92233527
-0.9232644
-0.9215215
-0.92416257
-0.92122185
-0.92254615
-0.9126765
-0.91721874
-0.92183226
-0.91673785
-0.92182773
-0.9245231
-0.92077535
-0.9161318
-0.9154479
-0.9185555
-0.92012775
-0.9195201
-0.9233548
-0.91806126
-0.9241813
-0.92760605
-0.9162106
-0.9173048
-0.9234754
-0.91606826
-0.9234468
-0.917724
-0.91896313
-0.91964835
-0.91782033
-0.92178184
-0.91978765
-0.9185807
-0.9219334
-0.91726863
-0.9235025
-0.9198151
-0.9232522
-0.9288914
-0.9222244
-0.9233105
-0.9280038
-0.9210971
-0.93033713
-0.9148971
-0.9181336
-0.92265856
-0.91542244
-0.92453456
-0.9232826
-0.91914254
-0.92549324
-0.9275871
-0.9196082
-0.93137574
-0.9174215
-0.9241948
-0.9256909
-0.92107177
-0.92468446
-0.9186734
-0.92573565
-0.91664195
-0.93079245
-0.91612065
-0.9233142
-0.9230829
-0.9200365
-0.9232348
-0.9227306
-0.922357
-0.9245607
-0.92742246
-0.91670334
-0.91907316
-0.92046696
-0.92546636
-0.9199236
-0.9212753
-0.9214362
-0.9230569
-0.92070544
-0.9210248
-0.9215144
-0.92638916
-0.9238004
-0.9259678
-0.92008156
-0.92488617
-0.9273888
-0.9274274
-0.9268305
-0.9191759
-0.92469835
-0.9239283
-0.9186331
-0.9221131
-0.9240033
-0.9242063
-0.9256654
-0.9229008
-0.9256024
-0.92741936
-0.926757
-0.92678475
-0.9228866
-0.92371786
-0.92925674
-0.93026465
-0.9189757
-0.92275095
-0.91551816
-0.918635
-0.92461973
-0.9219284
-0.93076587
-0.9244734
-0.92426676
-0.9224714
-0.9305516
-0.9307706
-0.92057997
-0.9237083
-0.9202956
-0.92438895
-0.9271704
-0.926874
-0.92434984
-0.9281099
-0.9279128
-0.92550975
-0.92084646
-0.92858183
-0.92574793
-0.92654914
-0.9229337
-0.92033094
-0.9269807
-0.9201503
-0.92643726
-0.9232855
-0.9255369
-0.924889
-0.92737967
-0.92481554
-0.9183403
-0.9239183
-0.920667
-0.9273432
-0.9264588
-0.91759795
-0.9207194
-0.92167
-0.92000914
-0.9269148
-0.9236045
-0.9224594
-0.92548454
-0.92690355
-0.9278458
-0.9247419
-0.92219657
-0.92013234
-0.9272933
-0.9237305
-0.9272978
-0.9248217
-0.92632556
-0.92531633
-0.9232699
-0.9274912
-0.92627966
-0.9291072
-0.9273074
-0.92547953
-0.9227282
-0.9263346
-0.92231536
-0.92206806
-0.9304689
-0.929992
-0.9213163
-0.920469
-0.92276883
-0.92892206
-0.9317468
-0.92423004
-0.9262737
-0.92457455
-0.92413056
-0.9234208
-0.9235665
-0.9218562
-0.93100405
-0.92257434
-0.93159825
-0.9217117
-0.92860866
-0.921036
-0.9157895
-0.9260143
-0.9113893
-0.9233195
-0.9238429
-0.9227768
-0.92431784
-0.92530394
-0.9226116
-0.9213075
-0.9232472
-0.92465127
-0.9256239
-0.9239891
-0.9267352
-0.9211861
-0.9260617
-0.9259217
-0.9233033
-0.9242141
-0.9294739
-0.92237866
-0.9218299
-0.9265778
-0.92684656
-0.9308923
-0.925952
-0.92751837
-0.9232621
-0.9218658
-0.9265763
-0.92180157
-0.9277243
-0.92754364
-0.9275247
-0.9285364
-0.92725027
-0.93045455
-0.92034906
-0.9243732
-0.92206794
-0.9221409
-0.929409
-0.9263092
-0.9290542
-0.9293622
-0.9262644
-0.9323307
-0.9248026
-0.92300326
-0.92670476
-0.9187124
-0.92169416
-0.9232572
-0.924176
-0.92571986
-0.9276102
-0.93098086
-0.922184
-0.9249166
-0.924835
-0.92720145
-0.9266078
-0.93322617
-0.9258798
-0.92601776
-0.92758
-0.92866373
-0.9194964
-0.9221493
-0.9307371
-0.92973363
-0.9276857
-0.9293607
-0.9281222
-0.9221143
-0.92729366
-0.9265347
-0.925448
-0.92689764
-0.9258808
-0.92571837
-0.92697084
-0.9303161
-0.93125963
-0.93031406
-0.9240363
-0.93245167
-0.92659795
-0.93079454
-0.92572457
-0.92646766
-0.93192595
-0.92890567
-0.9250592
-0.9335909
-0.92118084
-0.9268212
-0.92213124
-0.92935103
-0.9203853
-0.93022174
-0.92760086
-0.92148024
-0.92326456
-0.9313029
-0.922163
-0.9199636
-0.9209548
-0.923344
-0.9280736
-0.9285398
-0.9247652
-0.9284897
-0.9300792
-0.92542726
-0.92632264
-0.9282236
-0.9258434
-0.92796695
-0.93383116
-0.9219545
-0.9305292
-0.9274218
-0.92518425
-0.92490816
-0.92817324
-0.9261853
-0.92788965
-0.9257208
-0.93050724
-0.9317818
-0.9255758
-0.921761
-0.9224462
-0.9312068
-0.92612237
-0.9242539
-0.9265195
-0.92622125
-0.92687625
-0.92532724
-0.9257877
-0.91857773
-0.929845
-0.9272409
-0.9267446
-0.9295619
-0.9318198
-0.9262057
-0.9289363
-0.92872053
-0.9285332
-0.92962706
-0.93260366
-0.9340231
-0.9185394
-0.9315856
-0.9261823
-0.9305183
-0.92320174
-0.930224
-0.92574626
-0.92520785
-0.93079513
-0.92956764
-0.9324424
-0.92775136
-0.93340474
-0.92659175
-0.9306056
-0.9339852
-0.92281777
-0.92696214
-0.9316983
-0.9303326
-0.9250142
-0.9269362
-0.926703
-0.9290623
-0.93005055
-0.9223713
-0.93134475
-0.93683213
-0.93070173
-0.92330223
-0.9228858
-0.92694515
-0.92691106
-0.93534094
-0.9271893
-0.9166497
-0.92498684
-0.92922026
-0.9311084
-0.9313129
-0.9252412
-0.9217992
-0.9225634
-0.93062806
-0.92185557
-0.9308936
-0.9285528
-0.929191
-0.9267319
-0.9313925
-0.9293376
-0.93010956
-0.9295033
-0.92837185
-0.93022996
-0.92489326
-0.9274107
-0.9309809
-0.9286869
-0.9324171
-0.9289783
-0.9322067
-0.9309625
-0.9286256
-0.927181
-0.9235439
-0.92911404
-0.9278396
-0.9278502
-0.92892843
-0.9333997
-0.92720646
-0.9366943
-0.9282386
-0.9274602
-0.92693675
-0.92802846
-0.9266845
-0.92818016
-0.92735773
-0.93202055
-0.9257348
-0.928326
-0.9231984
-0.92816985
-0.92847246
-0.9239525
-0.9313997
-0.9278731
-0.9308567
-0.9291333
-0.93014485
-0.9253725
-0.92670274
-0.9267014
-0.9309401
-0.92850167
-0.9286639
-0.92532384
-0.93284357
-0.9334319
-0.93654203
-0.92887014
-0.9291868
-0.9299317
-0.9301723
-0.9309025
-0.9311699
-0.92968917
-0.9289432
-0.9336633
-0.93088454
-0.9257995
-0.92250013
-0.9274407
-0.925107
-0.928259
-0.9263142
-0.93374074
-0.9281681
-0.92960805
-0.9231463
-0.92311037
-0.92465985
-0.9340753
-0.93367165
-0.92382294
-0.927415
-0.92653996
-0.9311683
-0.93520695
-0.9306638
-0.9283097
-0.93007857
-0.92708063
-0.92516994
-0.93084484
-0.91718394
-0.9302222
-0.9332746
-0.92875844
-0.92561173
-0.92455626
-0.9251641
-0.92923427
-0.92684525
-0.92864907
-0.92478997
-0.92938733
-0.9284414
-0.9299889
-0.9288893
-0.92726827
-0.9327482
-0.92825204
-0.93192226
-0.93056136
-0.9280703
-0.92748064
-0.93067825
-0.9326502
-0.9332758
-0.9277225
-0.9275667
-0.92808044
-0.9258256
-0.9314162
-0.9275402
-0.9366733
-0.9285193
-0.9292144
-0.9290245
-0.9216587
-0.9285578
-0.93029535
-0.9333234
-0.93318385
-0.9325143
-0.9298633
-0.93377084
-0.9210714
-0.93016005
-0.9293553
-0.9309495
-0.9257113
-0.93323225
-0.9302114
-0.935663
-0.9287624
-0.9289501
-0.92973065
-0.9245675
-0.93187064
-0.9293378
-0.9296402
-0.92299575
-0.93131375
-0.9295149
-0.9341604
-0.9222678
-0.9283258
-0.9289648
-0.92885536
-0.92818123
-0.9234533
-0.9352723
-0.9266162
-0.934376
-0.93328524
-0.9242394
-0.9336925
-0.9281482
-0.92762184
-0.9313412
-0.9290345
-0.9328343
-0.927731
-0.9317435
-0.93151903
-0.9337501
-0.9336652
-0.92452943
-0.9302192
-0.925372
-0.92878443
-0.92951775
-0.93218124
-0.9297781
-0.9249543
-0.9354166
-0.9328009
-0.9352584
-0.93501675
-0.9317176
-0.92934304
-0.92717075
-0.9376547
-0.92616314
-0.9308111
-0.9301562
-0.9279184
-0.92876774
-0.930729
-0.931172
-0.929451
-0.9299516
-0.93081814
-0.9319908
-0.92588437
-0.9278206
-0.93109566
-0.929484
-0.93447554
-0.93126243
-0.9300518
-0.93633837
-0.9261346
-0.92664665
-0.9331191
-0.92954797
-0.9259922
-0.9272987
-0.930561
-0.91834015
-0.9360545
-0.9282427
-0.92610186
-0.9216362
-0.9255923
-0.9319753
-0.9231317
-0.93130547
-0.9240127
-0.93337095
-0.9296404
-0.9327586
-0.9250155
-0.9271883
-0.92722875
-0.92742
-0.9315288
-0.9317756
-0.9276095
-0.9307629
-0.92853016
-0.92785776
-0.92646635
-0.92943114
-0.9316653
-0.9239159
-0.9275134
-0.932921
-0.9274393
-0.9287329
-0.93166405
-0.9300043
-0.9285306
-0.9249033
-0.9275722
-0.9320906
-0.9292251
-0.9279255
-0.9257821
-0.93140346
-0.930299
-0.93118507
-0.9296844
-0.9315202
-0.93169945
-0.92781186
-0.92524415
-0.925643
-0.9320988
-0.93308836
-0.93134314
-0.92799956
-0.93224865
-0.92987937
-0.92981637
-0.9331303
-0.9258586
-0.9294019
-0.93007743
-0.93411356
-0.9299461
-0.93310034
-0.93374795
-0.9345936
-0.92650723
-0.9283354
-0.9265353
-0.9300349
-0.92804915
-0.927097
-0.9286916
-0.92850256
-0.92611474
-0.9314685
-0.929953
-0.9343506
-0.93227607
-0.9290216
-0.9322548
-0.92871475
-0.92656606
-0.9329974
-0.92791164
-0.92821753
-0.9322588
-0.9327059
-0.9327184
-0.92936105
-0.93424875
-0.9275155
-0.93338215
-0.9341378
-0.9314396
-0.92788225
-0.9334299
-0.9327712
-0.9345836
-0.92992604
-0.935457
-0.93204385
-0.9284414
-0.9331519
-0.9321954
-0.93142056
-0.9297543
-0.92985123
-0.92998827
-0.93399775
-0.9270307
-0.9275201
-0.9297664
-0.9279354
-0.9301177
-0.93263024
-0.92866045
-0.9276269
-0.9359883
-0.933087
-0.9316999
-0.9285323
-0.9320178
-0.93070954
-0.9286273
-0.93429554
-0.9266148
-0.933214
-0.9321938
-0.9349815
-0.92969793
-0.93189853
-0.93432534
-0.93486327
-0.93040836
-0.932758
-0.93012667
-0.9270899
-0.9298383
-0.92919147
-0.93056107
-0.9328181
-0.9342531
-0.9307068
-0.92978567
-0.9304837
-0.9339933
-0.93097544
-0.92660344
-0.93124807
-0.9340219
-0.9284495
-0.93040407
-0.93419635
-0.9378101
-0.9349341
-0.9305422
-0.9297431
-0.92825973
-0.93068075
-0.9348432
-0.93207264
-0.9369561
-0.932332
-0.9352129
-0.9286266
-0.93404496
-0.93036413
-0.9319919
-0.9327442
-0.93212086
-0.93494606
-0.9313411
-0.9312847
-0.932932
-0.9306528
-0.92757833
-0.93330586
-0.9305138
-0.9350436
-0.92912525
-0.9315207
-0.93455094
-0.9336221
-0.92841583
-0.9327899
-0.93744874
-0.9311431
-0.9285164
-0.9365274
-0.9305145
-0.92702115
-0.9366969
-0.93010265
-0.9294672
-0.92612374
-0.92667186
-0.9327308
-0.92581224
-0.9318613
-0.9264807
-0.9308029
-0.9344054
-0.9337357
-0.934392
-0.92936283
-0.93409634
-0.9349256
-0.9299054
-0.9329775
-0.92744315
-0.9365339
-0.9322845
-0.9323384
-0.93188596
-0.93196785
-0.9265332
-0.9301906
-0.9271927
-0.9317422
-0.9347837
-0.9376929
-0.93402755
-0.93275803
-0.9357871
-0.9340478
-0.9328439
-0.934103
-0.9324667
-0.93336594
-0.9330067
-0.93589914
-0.93676364
-0.93158233
-0.93175316
-0.9280194
-0.9319275
-0.9273977
-0.9338854
-0.9303096
-0.93135333
-0.92798394
-0.9295105
-0.92870915
-0.93112135
-0.92991483
-0.9332614
-0.9325943
-0.93124014
-0.9319848
-0.9285377
-0.93352145
-0.93630147
-0.92804635
-0.9332662
-0.9225402
-0.93137336
-0.92968655
-0.93216944
-0.9387928
-0.93011814
-0.9342987
-0.9315344
-0.9263252
-0.9314541
-0.9290678
-0.927865
-0.93008095
-0.9250477
-0.9328097
-0.9270097
-0.9357399
-0.9331894
-0.93558246
-0.93214864
-0.9344885
-0.9319331
-0.9394521
-0.93420255
-0.93368703
-0.9333066
-0.93608665
-0.93600094
-0.9313715
-0.9323115
-0.9343461
-0.9373461
-0.93701226
-0.932147
-0.935144
-0.93167883
-0.93426305
-0.9278471
-0.9343909
-0.9308235
-0.92987674
-0.93544674
-0.9304265
-0.9373867
-0.9346202
-0.93097806
-0.9307351
-0.9288278
-0.93543553
-0.9323045
-0.93101805
-0.9381173
-0.93189734
-0.9250259
-0.93200517
-0.9352343
-0.9311643
-0.9255797
-0.93025416
-0.93127716
-0.933351
-0.9332393
-0.93388385
-0.9338371
-0.9335533
-0.9324714
-0.9305117
-0.9339806
-0.9342879
-0.9302965
-0.93533957
-0.932847
-0.93730855
-0.9343179
-0.93101627
-0.9278183
-0.93462265
-0.9306587
-0.9304303
-0.9310022
-0.9354653
-0.931292
-0.9314425
-0.9265419
-0.93112046
-0.9367752
-0.92812026
-0.9384104
-0.93126583
-0.9331349
-0.93147576
-0.935405
-0.93305355
-0.9350237
-0.931283
-0.93428224
-0.9310342
-0.9370249
-0.93480426
-0.9333989
-0.92653567
-0.9329576
-0.9367891
-0.9319034
-0.9311793
-0.9307474
-0.93222165
-0.934792
-0.9320521
-0.92880756
-0.9356374
-0.9340461
-0.9311922
-0.93413
-0.93130255
-0.9341362
-0.9335667
-0.93247896
-0.92850846
-0.9327093
-0.9304876
-0.93702364
-0.92843765
-0.9369644
-0.9327701
-0.9320854
-0.93951035
-0.932374
-0.9329641
-0.93430495
-0.9377768
-0.93505317
-0.9364285
-0.9331858
-0.9348234
-0.93730974
-0.93528914
-0.92814827
-0.93582326
-0.9331955
-0.93726856
-0.93530273
-0.93267983
-0.9343845
-0.9334336
-0.936704
-0.9287128
-0.93597996
-0.9319635
-0.9353044
-0.93343586
-0.9322958
-0.93726677
-0.9367416
-0.9310263
-0.93368584
-0.9350188
-0.9295041
-0.932698
-0.93654007
-0.9338637
-0.93304247
-0.9344504
-0.93294567
-0.9309678
-0.933971
-0.9358838
-0.9315729
-0.9326337
-0.92895854
-0.93350804
-0.93126076
-0.9340082
-0.93366736
-0.92799276
-0.9314684
-0.93073416
-0.923117
-0.93716323
-0.9314757
-0.9346602
-0.9354348
-0.93003666
-0.9343407
-0.934668
-0.92776835
-0.9324269
-0.93607956
-0.93212324
-0.9291602
-0.930976
-0.92459166
-0.9376675
-0.9301589
-0.9322616
-0.9324462
-0.93451774
-0.9275857
-0.93418586
-0.93622917
-0.93610924
-0.93639904
-0.93551713
-0.9326017
-0.92923075
-0.93131655
-0.9380792
-0.93098766
-0.93319243
-0.9379919
-0.9380775
-0.9267337
-0.93511903
-0.93099
-0.9340963
-0.92576176
-0.93250674
-0.92964846
-0.94014686
-0.924118
-0.9361488
-0.9345144
-0.92675173
-0.9362921
-0.93546826
-0.93370974
-0.9311473
-0.93696356
-0.9331829
-0.9402922
-0.93017113
-0.93494886
-0.9264335
-0.92749435
-0.9314973
-0.9262646
-0.93204397
-0.9353041
-0.9340091
-0.9233215
-0.9315591
-0.93023884
-0.93257916
-0.93928874
-0.93096185
-0.93183017
-0.92974746
-0.9300392
-0.935483
-0.93767875
-0.9336982
-0.93660784
-0.9336356
-0.93256706
-0.9350904
-0.9361586
-0.9406141
-0.93329644
-0.9301624
-0.93486273
-0.9351243
-0.9401624
-0.9339852
-0.93696314
-0.92946035
-0.9340629
-0.93285197
-0.93244517
-0.9345459
-0.93610775
-0.9349844
-0.9348099
-0.93368614
-0.9311558
-0.92409533
-0.9323947
-0.93454635
-0.9322564
-0.93438554
-0.93483996
-0.93861574
-0.9310321
-0.93077296
-0.9349675
-0.93281627
-0.93459326
-0.93983984
-0.9307556
-0.93485886
-0.92794454
-0.9417036
-0.9357328
-0.9231904
-0.93149453
-0.92986566
-0.9275998
-0.9292205
-0.92956674
-0.9333495
-0.9363557
-0.92747015
-0.932956
-0.9346654
-0.9331518
-0.93143356
-0.9312432
-0.93437743
-0.93092006
-0.9295334
-0.93872476
-0.94024724
-0.931564
-0.9314268
-0.9363352
-0.9346362
-0.9359116
-0.93465155
-0.9297081
-0.9341921
-0.93226844
-0.93514067
-0.9375228
-0.93559307
-0.93761605
-0.9344837
-0.93629515
-0.9318497
-0.93252134
-0.9352472
-0.931673
-0.9308461
-0.93195885
-0.93166
-0.93601143
-0.9370541
-0.9315729
-0.9377642
-0.9311954
-0.93184763
-0.92941654
-0.9286593
-0.93031883
-0.93739676
-0.9280503
-0.93655413
-0.94052696
-0.9361118
-0.93635505
-0.9308198
-0.93371606
-0.9320589
-0.937869
-0.9385536
-0.9302162
-0.93497694
-0.9364788
-0.9352675
-0.9318305
-0.93237996
-0.93583405
-0.9290711
-0.9340714
-0.9317046
-0.9306595
-0.9355314
-0.9339121
-0.9356951
-0.9318355
-0.9377954
-0.9336629
-0.9360834
-0.9321443
-0.9375283
-0.9336159
-0.936637
-0.9388612
-0.9376126
-0.937357
-0.9379846
-0.93278396
-0.9356741
-0.9349659
-0.9384659
-0.9324427
-0.93921787
-0.93537855
-0.93085355
-0.9339425
-0.93401664
-0.9317763
-0.93685293
-0.9300527
-0.9348352
-0.9306492
-0.9390286
-0.93737
-0.9376245
-0.9357618
-0.93079346
-0.9347891
-0.93292475
-0.9359356
-0.9351002
-0.93690884
-0.93493414
-0.93119925
-0.93123573
-0.9355042
-0.9355911
-0.9295798
-0.9394949
-0.93212813
-0.93066543
-0.9283708
-0.9345542
-0.9358829
-0.9327088
-0.93489975
-0.93235826
-0.9340739
-0.93503755
-0.9395055
-0.94006974
-0.9323273
-0.93336236
-0.93290174
-0.93695897
-0.9357427
-0.932207
-0.92824733
-0.93626106
-0.9320541
-0.93533313
-0.9304116
-0.93283886
-0.93650985
-0.93834597
-0.940193
-0.93547225
-0.9337925
-0.93006825
-0.9335777
-0.93459153
-0.9340932
-0.93324053
-0.93735343
-0.9370891
-0.93194574
-0.9376954
-0.93571085
-0.9307801
-0.9300429
-0.93889576
-0.93358934
-0.93331903
-0.9351494
-0.9328739
-0.93463874
-0.93712944
-0.92222947
-0.9393018
-0.93445724
-0.9325052
-0.9367295
-0.93563986
-0.9349934
-0.93469137
-0.9365345
-0.9365298
-0.9383697
-0.93370044
-0.9408378
-0.9342391
-0.9330089
-0.9344906
-0.93441296
-0.9302189
-0.93127155
-0.93045
-0.93435055
-0.92750365
-0.9393684
-0.9387691
-0.9342989
-0.93737626
-0.93749386
-0.9336869
-0.9341551
-0.93302345
-0.93257415
-0.9369605
-0.9392307
-0.9351361
-0.92958516
-0.9342748
-0.93374836
-0.9343988
-0.93486446
-0.92450047
-0.93388766
-0.9275424
-0.93163806
-0.93197995
-0.9330894
-0.92993116
-0.93226933
-0.93137425
-0.92777634
-0.93724585
-0.92971194
-0.9338729
-0.93191195
-0.93360543
-0.93476725
-0.9323331
-0.9326356
-0.93836206
-0.9345797
-0.9334877
-0.9339795
-0.93560684
-0.9337654
-0.9354228
-0.9343175
-0.9360682
-0.93721825
-0.93520623
-0.9333647
-0.93342525
-0.93756527
-0.9376462
-0.9321305
-0.9359349
-0.9342248
-0.9325821
-0.93400437
-0.93909293
-0.9392557
-0.9387572
-0.93415576
-0.9358766
-0.934379
-0.94198173
-0.9343846
-0.9386268
-0.93541276
-0.9345841
-0.9369278
-0.9419862
-0.93104845
-0.9339269
-0.93654096
-0.9332494
-0.9410753
-0.9328149
-0.9322447
-0.92443603
-0.93586695
-0.93038994
-0.9330579
-0.9374779
-0.93544567
-0.93750274
-0.93343693
-0.9345624
-0.9330541
-0.93416715
-0.937464
-0.9347786
-0.93638086
-0.9362177
-0.93161917
-0.9295515
-0.9313183
-0.94091666
-0.9337522
-0.93268234
-0.9297383
-0.9327862
-0.9350658
-0.937539
-0.93408424
-0.93319184
-0.9388517
-0.9379051
-0.93646526
-0.93706113
-0.9378077
-0.9369131
-0.9325493
-0.94093925
-0.9344859
-0.9379229
-0.93081725
-0.9359871
-0.9389896
-0.92822134
-0.92786884
-0.9387977
-0.93328696
-0.93201816
-0.9345803
-0.93847334
-0.9336115
-0.9380093
-0.9345518
-0.93312556
-0.9334793
-0.93342906
-0.93319917
-0.9323756
-0.9377103
-0.9344463
-0.9309502
-0.93279046
-0.93504566
-0.93419445
-0.9323447
-0.9338237
-0.9337501
-0.9362407
-0.9372818
-0.9366108
-0.93939936
-0.93490285
-0.9338179
-0.93698585
-0.9369876
-0.9373967
-0.93821263
-0.9390618
-0.93671036
-0.934673
-0.9375043
-0.9330153
-0.9356323
-0.9362271
-0.93934655
-0.9347764
-0.93711156
-0.93845534
-0.9350488
-0.9380705
-0.9366244
-0.93504626
-0.93264383
-0.9363885
-0.93664706
-0.932414
-0.9426809
-0.93456525
-0.9360567
-0.9339464
-0.93361694
-0.9375413
-0.9350703
-0.9378727
-0.9351633
-0.93097234
-0.93680894
-0.9319899
-0.93420196
-0.9362013
-0.9324738
-0.934932
-0.93521434
-0.9387239
-0.9342812
-0.9322214
-0.93568146
-0.93428755
-0.93471557
-0.9332392
-0.9365351
-0.93426746
-0.9407067
-0.9367617
-0.93422306
-0.9331153
-0.9341901
-0.9322909
-0.93207854
-0.93499404
-0.9374141
-0.9388677
-0.93167156
-0.9331144
-0.93592024
-0.9333497
-0.9358094
-0.937256
-0.93441874
-0.92948043
-0.9366805
-0.93759483
-0.93399024
-0.93493044
-0.92998284
-0.9345466
-0.9371411
-0.9263398
-0.9281223
-0.9336497
-0.9319322
-0.9353042
-0.93513685
-0.9358708
-0.9345573
-0.93589807
-0.9345768
-0.930425
-0.93436575
-0.9413655
-0.9356167
-0.9287963
-0.9356988
-0.94193035
-0.9355916
-0.93213785
-0.9390045
-0.9371852
-0.94024
-0.931391
-0.93370193
-0.9362166
-0.93965113
-0.94024783
-0.9435891
-0.9362093
-0.9338416
-0.9416053
-0.93240047
-0.9358997
-0.93296987
-0.9369693
-0.94151485
-0.9333346
-0.9367326
-0.9355848
-0.934801
-0.93638253
-0.93067014
-0.9360517
-0.9359524
-0.9286988
-0.936114
-0.9366038
-0.9326359
-0.93504906
-0.9322854
-0.93734413
-0.9369918
-0.93735963
-0.9396296
-0.93687016
-0.94033283
-0.932648
-0.9356295
-0.93501353
-0.9318861
-0.9365633
-0.9381535
-0.9366248
-0.93407923
-0.9365095
-0.9286355
-0.9343484
-0.9379338
-0.93963224
-0.9338801
-0.9301749
-0.9339186
-0.93586195
-0.9351213
-0.93355244
-0.93672174
-0.9335716
-0.9336236
-0.9349006
-0.9310418
-0.93935955
-0.9347923
-0.9356679
-0.93816686
-0.93545675
-0.93250006
-0.93108046
-0.93698233
-0.9340624
-0.9339595
-0.9360192
-0.93285745
-0.9387924
-0.93581325
-0.936677
-0.9356084
-0.9370678
-0.9347305
-0.9324612
-0.9356195
-0.93709934
-0.93318623
-0.93538326
-0.92770815
-0.93446785
-0.9343556
-0.9383975
-0.93191266
-0.93536514
-0.9328875
-0.93699205
-0.9330018
-0.9286406
-0.9358937
-0.93185556
-0.9375495
-0.93604654
-0.93559873
-0.9318887
-0.9351909
-0.933127
-0.9372648
-0.9367789
-0.93463254
-0.9403279
-0.9334296
-0.9348935
-0.93507534
-0.93475765
-0.9321909
-0.9381964
-0.93916696
-0.93407005
-0.9379104
-0.93436444
-0.9350025
-0.935275
-0.93384504
-0.9405125
-0.93542516
-0.930204
-0.9292375
-0.9348634
-0.9226027
-0.9276294
-0.9301701
-0.9366355
-0.9325861
-0.932291
-0.935924
-0.9336867
-0.930494
-0.93693054
-0.9324925
-0.93298703
-0.9263236
-0.93377763
-0.93705374
-0.93240064
-0.93456185
-0.93578285
-0.9322126
-0.93172777
-0.9343574
-0.9337776
-0.93873733
-0.93038875
-0.933652
-0.937363
-0.9318625
-0.9363713
-0.9302342
-0.93650806
-0.9387116
-0.93465894
-0.9338642
-0.9255924
-0.9347444
-0.9346192
-0.93621224
-0.94359607
-0.93626016
-0.9346213
-0.9315925
-0.941369
-0.934682
-0.9344801
-0.9330679
-0.9321335
-0.93696266
-0.9370251
-0.9364923
-0.93509996
-0.93912804
-0.9347971
-0.9313025
-0.9389799
-0.9358406
-0.9396476
-0.9312787
-0.94061095
-0.93595606
-0.94037926
-0.93525004
-0.9368661
-0.93415564
-0.93273795
-0.94198346
-0.9327128
-0.93560165
-0.93673617
-0.93601274
-0.93661577
-0.93524116
-0.9385079
-0.9353713
-0.9388229
-0.9331221
-0.92986053
-0.93306077
-0.93379235
-0.933583
-0.9320421
-0.9370505
-0.94370055
-0.938917
-0.93092144
-0.93708706
-0.93332493
-0.9367116
-0.9411128
-0.93187594
-0.93756807
-0.93868333
-0.93271685
-0.93678135
-0.9256912
-0.9372546
-0.938969
-0.9382777
-0.93698764
-0.936645
-0.9353372
-0.93891376
-0.9269653
-0.9407913
-0.937907
-0.93494785
-0.9396933
-0.9333567
-0.9322314
-0.93910617
-0.9278805
-0.9353096
-0.93262154
-0.932691
-0.93221533
-0.9325083
-0.9333572
-0.9384347
-0.9353324
-0.93082255
-0.93329716
-0.93587214
-0.93489
-0.93353724
-0.9327707
-0.9347451
-0.93595827
-0.9392611
-0.936171
-0.9409352
-0.93439406
-0.9366508
-0.9401373
-0.9374086
-0.93683195
-0.93960035
-0.9351713
-0.93235797
-0.94232
-0.93634593
-0.93476677
-0.93071383
-0.94065875
-0.93523824
-0.9351124
-0.93698096
-0.9288432
-0.9400395
-0.9425815
-0.93585145
-0.94106185
-0.93104565
-0.9364069
-0.9370337
-0.93565935
-0.9395811
-0.93451
-0.936274
-0.93677527
-0.93668705
-0.93991446
-0.937321
-0.9348361
-0.9346855
-0.9369693
-0.93221337
-0.93145865
-0.93133456
-0.9354228
-0.9365953
-0.9401177
-0.9352037
-0.93514246
-0.9394955
-0.9403819
-0.9366264
-0.9407439
-0.93867826
-0.9382958
-0.9370211
-0.9347134
-0.9398522
-0.93990135
-0.93599206
-0.93607956
-0.93904823
-0.9404792
-0.940892
-0.94017893
-0.93449587
-0.9377803
-0.9384544
-0.932287
-0.9396603
-0.9364887
-0.93872374
-0.9370672
-0.93426156
-0.93412554
-0.9410797
-0.93731755
-0.93757993
-0.9355484
-0.9433449
-0.94087726
-0.93309957
-0.9323523
-0.9308086
-0.9342841
-0.93386644
-0.93679553
-0.9376639
-0.9331614
-0.9335304
-0.9322871
-0.93209356
-0.9350838
-0.9307127
-0.93696415
-0.93729585
-0.9360425
-0.93840146
-0.93697935
-0.9345265
-0.9374236
-0.9348605
-0.9352145
-0.9345741
-0.93715596
-0.93922246
-0.93631554
-0.9388027
-0.9368515
-0.9325837
-0.93088883
-0.9405417
-0.9397418
-0.938573
-0.9299688
-0.9342573
-0.93447477
-0.9396114
-0.93483186
-0.9342979
-0.93549275
-0.9345708
-0.92635244
-0.9355627
-0.9362447
-0.9342054
-0.9328671
-0.9382495
-0.935849
-0.93553007
-0.93339497
-0.9383862
-0.9320492
-0.93563133
-0.93769616
-0.9388486
-0.93893695
-0.9366403
-0.9377332
-0.9370346
-0.9382011
-0.9365705
-0.9364813
-0.9372526
-0.93561524
-0.934606
-0.9382503
-0.93853545
-0.93759114
-0.93455726
-0.93762726
-0.93664014
-0.9360993
-0.93820375
-0.9386206
-0.93924963
-0.9356716
-0.9358935
-0.939665
-0.93457264
-0.93526816
-0.93787795
-0.93755585
-0.9375227
-0.94075185
-0.93680555
-0.9371996
-0.93885094
-0.92992216
-0.93707836
-0.93930596
-0.9335699
-0.94148284
-0.9369418
-0.9391392
-0.9350568
-0.9399158
-0.9337786
-0.93892586
-0.9392472
-0.93410695
-0.93950826
-0.9382139
-0.9362028
-0.9375596
-0.9396925
-0.9351589
-0.9349449
-0.932147
-0.9342018
-0.9359943
-0.93954057
-0.93919444
-0.9373682
-0.9416881
-0.94053656
-0.93578845
-0.94314754
-0.9353462
-0.9384529
-0.93523765
-0.9393973
-0.93192494
-0.93933254
-0.935274
-0.9369665
-0.93436617
-0.9312694
-0.93679905
-0.9362125
-0.9338398
-0.93871677
-0.9337878
-0.9364228
-0.9330354
-0.93822765
-0.9350387
-0.93675023
-0.93701136
-0.933058
-0.9362264
-0.9347224
-0.94074667
-0.9381346
-0.9359291
-0.93309283
-0.93864167
-0.9391725
-0.9359532
-0.9331885
-0.9323356
-0.94043326
-0.9346365
-0.9406392
-0.937306
-0.94129074
-0.93813086
-0.9347979
-0.9332524
-0.9325507
-0.93744344
-0.9346899
-0.9355149
-0.9431563
-0.93753725
-0.93600047
-0.937748
-0.9350447
-0.9354289
-0.933983
-0.9382021
-0.93815243
-0.93960196
-0.9390701
-0.9311124
-0.93509203
-0.9332428
-0.93178594
-0.9355862
-0.9383116
-0.933021
-0.9338505
-0.9387589
-0.94167066
-0.93918747
-0.94023985
-0.9336512
-0.93581474
-0.9367754
-0.93573946
-0.932982
-0.93513435
-0.93723834
-0.9386907
-0.93662745
-0.93425643
-0.9360815
-0.9394451
-0.9360276
-0.9374072
-0.9377667
-0.93652385
-0.9346315
-0.9370123
-0.94075626
-0.9408095
-0.9326305
-0.9345351
-0.9351893
-0.93833995
-0.9395549
-0.93087614
-0.94072413
-0.9366155
-0.94023645
-0.9365096
-0.9372119
-0.9417016
-0.9408073
-0.94217205
-0.93996745
-0.9392713
-0.93428415
-0.9338197
-0.93425333
-0.9318516
-0.93091106
-0.93808204
-0.93585134
-0.9367015
-0.93494374
-0.93627626
-0.93780434
-0.9358179
-0.9353074
-0.9348302
-0.93985975
-0.9374277
-0.9347262
-0.9341903
-0.9383842
-0.93340814
-0.93568486
-0.93168193
-0.9353794
-0.9389648
-0.9396379
-0.93517
-0.9393372
-0.93922967
-0.9359168
-0.9398561
-0.93697405
-0.9358636
-0.93800515
-0.9384434
-0.93789476
-0.9327105
-0.93804425
-0.9436007
-0.938197
-0.94219387
-0.94153476
-0.9381962
-0.9372555
-0.93321824
-0.9337363
-0.93415177
-0.9315693
-0.93928826
-0.9318959
-0.9362925
-0.9377438
-0.9298029
-0.9360295
-0.93456405
-0.9388842
-0.9345262
-0.93474555
-0.93062425
-0.93178684
-0.9372531
-0.9385806
-0.9334449
-0.93678343
-0.9359009
-0.9408245
-0.9367273
-0.9355039
-0.9343788
-0.93624663
-0.93667454
-0.9350998
-0.9380309
-0.93724257
-0.931374
-0.93891484
-0.94002736
-0.93203086
-0.935055
-0.9352543
-0.9412076
-0.9360343
-0.9401918
-0.9357982
-0.94418585
-0.9301463
-0.9351253
-0.94104975
-0.93995273
-0.9355442
-0.9331365
-0.9351131
-0.93471456
-0.93776745
-0.938592
-0.9401095
-0.93858874
-0.9364769
-0.9380683
-0.93722004
-0.9410914
-0.94039655
-0.9355725
-0.9358602
-0.9344273
-0.939531
-0.9388116
-0.92941743
-0.93623704
-0.94027007
-0.93655384
-0.93803245
-0.93776107
-0.93867284
-0.9358284
-0.9324872
-0.9380911
-0.9385284
-0.93554896
-0.93774176
-0.9344944
-0.93673414
-0.93782765
-0.933985
-0.9344504
-0.9364764
-0.9303619
-0.93973744
-0.93589175
-0.9362808
-0.93791807
-0.9410069
-0.93416005
-0.9411424
-0.93756
-0.9346106
-0.93785614
-0.9411606
-0.9383582
-0.94151735
-0.9375936
-0.9338466
-0.9410645
-0.9402153
-0.93479645
-0.93338436
-0.93482906
-0.9382709
-0.9401234
-0.93578076
-0.9375413
-0.93909055
-0.9383279
-0.94398034
-0.9356372
-0.9363636
-0.94172376
-0.93856907
-0.9343601
-0.93564004
-0.93582314
-0.9318984
-0.93782616
-0.9363752
-0.94115657
-0.93398076
-0.9395705
-0.9315016
-0.9352106
-0.9360489
-0.9331315
-0.9342667
-0.9343094
-0.93529034
-0.93941844
-0.9391272
-0.9342705
-0.93825394
-0.94347227
-0.9351106
-0.9359601
-0.9415722
-0.93390584
-0.93995464
-0.94030565
-0.93203574
-0.93550956
-0.93910694
-0.9346503
-0.93676543
-0.93301046
-0.93952465
-0.93506813
-0.9369894
-0.9381359
-0.9360964
-0.9384967
-0.93857145
-0.93927526
-0.934584
-0.93747777
-0.9366966
-0.93507165
-0.9304041
-0.93890995
-0.9331095
-0.93836147
-0.9384872
-0.9404088
-0.93674964
-0.93788815
-0.9378715
-0.9358238
-0.93833697
-0.9380354
-0.9376646
-0.9355597
-0.9386757
-0.93961424
-0.9361935
-0.9342211
-0.9431236
-0.9389219
-0.93979186
-0.9447447
-0.9359226
-0.9345559
-0.9386828
-0.9386244
-0.9408853
-0.93516535
-0.93907535
-0.9354764
-0.9357125
-0.93770415
-0.9412057
-0.9383182
-0.9352797
-0.9405879
-0.9409222
-0.9354237
-0.93650293
-0.9382772
-0.94471204
-0.93828297
-0.9443705
-0.9344931
-0.9396676
-0.94019514
-0.9401465
-0.9325938
-0.9392491
-0.932767
-0.9375633
-0.94075507
-0.9354492
-0.93286866
-0.9406643
-0.93933415
-0.9365297
-0.93296695
-0.936043
-0.93343896
-0.9381746
-0.93351305
-0.9358621
-0.93731815
-0.9360072
-0.94243944
-0.9387202
-0.9405809
-0.9367573
-0.93913794
-0.9374087
-0.9379066
-0.9394901
-0.9363625
-0.93743896
-0.94078404
-0.9368825
-0.94251484
-0.93752867
-0.9372388
-0.9311341
-0.93293536
-0.93569934
-0.93949753
-0.9359427
-0.94185215
-0.93381965
-0.93726057
-0.9335274
-0.93758017
-0.9411347
-0.9420729
-0.93533033
-0.93558335
-0.9379459
-0.9363051
-0.93520296
-0.93849224
-0.9376493
-0.935589
-0.9341557
-0.93777025
-0.9363899
-0.9400128
-0.9362905
-0.93835115
-0.9367743
-0.9353124
-0.9377228
-0.9407519
-0.9381505
-0.93716246
-0.93959135
-0.9357419
-0.93556255
-0.9408251
-0.939335
-0.93751055
-0.936255
-0.9408263
-0.9391071
-0.9392368
-0.9421536
-0.9379496
-0.936806
-0.93718326
-0.9417751
-0.9363595
-0.938691
-0.940557
-0.9412609
-0.93719345
-0.93471813
-0.9431213
-0.9367577
-0.93995494
-0.9352789
-0.93657273
-0.9386274
-0.9379241
-0.9430626
-0.9347806
-0.9402574
-0.9372118
-0.9316741
-0.9399639
-0.9380534
-0.9394136
-0.9383623
-0.94045115
-0.9410804
-0.94251657
-0.93551594
-0.9363764
-0.9393046
-0.9357951
-0.9405576
-0.9394968
-0.9366019
-0.9328014
-0.9362398
-0.9336091
-0.94473433
-0.9425105
-0.9378185
-0.9400993
-0.9394761
-0.9351721
-0.9361707
-0.9388994
-0.9360084
-0.94037557
-0.93780684
-0.93595433
-0.9370568
-0.93699247
-0.9349639
-0.94131345
-0.9361124
-0.9404169
-0.93668383
-0.9384215
-0.9371197
-0.93475777
-0.93949085
-0.9376711
-0.9370422
-0.94183314
-0.93693
-0.94110465
-0.94034153
-0.93944097
-0.93448323
-0.94095534
-0.93873847
-0.9359813
-0.9413983
-0.934011
-0.9426021
-0.93813884
-0.93933535
-0.9426063
-0.94019
-0.9385114
-0.93761426
-0.93643785
-0.93964994
-0.93420446
-0.9388585
-0.942785
-0.940234
-0.9396446
-0.93666404
-0.9404929
-0.9368524
-0.9380238
-0.94231313
-0.9410725
-0.94015616
-0.9398793
-0.9426493
-0.9365351
-0.93823296
-0.9408844
-0.9400404
-0.9416093
-0.938155
-0.93807715
-0.9386909
-0.9391307
-0.93732524
-0.9383501
-0.9348866
-0.93872935
-0.9371685
-0.9312806
-0.93425506
-0.93945944
-0.94107217
-0.94208705
-0.93738157
-0.93928564
-0.9379011
-0.937206
-0.93903065
-0.93893695
-0.93543124
-0.936268
-0.9395037
-0.93793356
-0.93960303
-0.93668956
-0.94282645
-0.9410939
-0.9383366
-0.94239
-0.94212055
-0.9424385
-0.93710005
-0.9356546
-0.93865407
-0.934121
-0.9408509
-0.9377622
-0.9419527
-0.9399383
-0.9319352
-0.94452965
-0.93580467
-0.93704945
-0.9361111
-0.93754196
-0.9425166
-0.9383486
-0.9365874
-0.9392006
-0.93777215
-0.9350804
-0.9351095
-0.9398315
-0.93691653
-0.9437127
-0.9380498
-0.9375452
-0.93554515
-0.92996556
-0.93915087
-0.93786585
-0.94109946
-0.93583256
-0.93989545
-0.93968743
-0.93602866
-0.94326687
-0.9414666
-0.94346434
-0.9398386
-0.9405922
-0.93931687
-0.9378774
-0.9418376
-0.9357869
-0.93823886
-0.93570125
-0.9417299
-0.9373711
-0.93987596
-0.9430358
-0.9362374
-0.9357127
-0.9426593
