-0.24142767
-0.23246638
-0.2608679
-0.28306594
-0.27005872
-0.28306982
-0.2986515
-0.32949692
-0.3209454
-0.33100435
-0.34018275
-0.3595883
-0.35473624
-0.3652521
-0.36448202
-0.3785755
-0.40501636
-0.4035627
-0.40850282
-0.4288518
-0.39905912
-0.4127938
-0.43890136
-0.45230064
-0.47525445
-0.4689871
-0.4803387
-0.4979273
-0.48144028
-0.47845405
-0.51281166
-0.5269298
-0.517986
-0.5380937
-0.5209601
-0.54380673
-0.5371105
-0.549646
-0.5503245
-0.5760672
-0.55247927
-0.5628237
-0.57324183
-0.5853129
-0.57685494
-0.57683164
-0.5808412
-0.5894822
-0.5910173
-0.59346646
-0.5925855
-0.5945778
-0.59648293
-0.5949869
-0.5998081
-0.5745992
-0.58897
-0.59299064
-0.58136326
-0.5973337
-0.5999081
-0.6022098
-0.59994245
-0.5929238
-0.595249
-0.6064988
-0.6018036
-0.59460276
-0.5978698
-0.6008294
-0.60775656
-0.6057165
-0.60394424
-0.60668737
-0.60704523
-0.60483927
-0.6049385
-0.61181337
-0.6077766
-0.59567
-0.6095763
-0.61729676
-0.60159
-0.6165065
-0.6310511
-0.6166874
-0.606953
-0.6158903
-0.60417336
-0.6082383
-0.6177265
-0.6214921
-0.6000937
-0.60423493
-0.6083979
-0.6172807
-0.62289155
-0.6057639
-0.62336975
-0.60295767
-0.59669816
-0.6024374
-0.6297299
-0.61717194
-0.6108629
-0.6109645
-0.6198933
-0.6082711
-0.6270673
-0.62537175
-0.62333864
-0.6052755
-0.61606175
-0.6111377
-0.62814504
-0.62277013
-0.62285435
-0.611998
-0.62384427
-0.61114013
-0.62085927
-0.60291934
-0.6121642
-0.61685205
-0.62146366
-0.62732995
-0.62423587
-0.6302203
-0.6267755
-0.61976486
-0.6424544
-0.6199344
-0.6167188
-0.616862
-0.6204532
-0.6364439
-0.62164223
-0.6140368
-0.62678427
-0.61565775
-0.61993444
-0.6203872
-0.61433375
-0.61181533
-0.6187184
-0.62636024
-0.62732553
-0.6044332
-0.62409425
-0.6282158
-0.6270449
-0.6157384
-0.61836463
-0.63801605
-0.6172481
-0.6326056
-0.6216022
-0.6100612
-0.6257426
-0.6254934
-0.62380666
-0.6271181
-0.62104577
-0.6246966
-0.6340963
-0.6272635
-0.6296539
-0.6213122
-0.6241804
-0.62387896
-0.6232834
-0.6208911
-0.6246498
-0.6328783
-0.6271891
-0.61887175
-0.62741154
-0.63541263
-0.6154399
-0.6373453
-0.6112506
-0.61926496
-0.6182471
-0.62957495
-0.6103372
-0.6314002
-0.6325659
-0.6299234
-0.6382906
-0.634672
-0.6256823
-0.6353691
-0.6205859
-0.63048345
-0.63842756
-0.6224102
-0.6246415
-0.6218497
-0.6304819
-0.6056667
-0.6258283
-0.6412472
-0.6289252
-0.62356436
-0.62166274
-0.63407093
-0.63714707
-0.6386179
-0.6402261
-0.6166001
-0.63246554
-0.6285771
-0.6159871
-0.6243612
-0.6215831
-0.62135965
-0.6381884
-0.63471794
-0.62348455
-0.6211876
-0.62389314
-0.61937946
-0.6252464
-0.63416475
-0.6269144
-0.62376845
-0.62598234
-0.6377209
-0.62847847
-0.6246465
-0.6297431
-0.6257148
-0.63525236
-0.629327
-0.6282808
-0.64154685
-0.6419918
-0.62668383
-0.6416693
-0.6434761
-0.63009787
-0.63739944
-0.6416357
-0.63315856
-0.6410374
-0.6274639
-0.6238787
-0.63679373
-0.62436426
-0.6350134
-0.62139535
-0.61053616
-0.64435816
-0.62289804
-0.61995083
-0.631906
-0.63567656
-0.6183948
-0.6378334
-0.62969357
-0.6342014
-0.62029964
-0.6314399
-0.6351084
-0.6362933
-0.62650627
-0.6278939
-0.63177747
-0.6285247
-0.63967735
-0.6314516
-0.6262672
-0.6251589
-0.62926924
-0.63907486
-0.63279754
-0.62664694
-0.61236143
-0.6293562
-0.62226796
-0.6338998
-0.62926835
-0.62321633
-0.63175535
-0.64049405
-0.6182609
-0.63181764
-0.63070744
-0.6279145
-0.6287246
-0.6354483
-0.6374113
-0.62867314
-0.635945
-0.6365867
-0.6320032
-0.6427247
-0.631521
-0.63598835
-0.6362394
-0.64279807
-0.63150275
-0.6301747
-0.64660805
-0.6331856
-0.6400165
-0.6313753
-0.63655084
-0.6291104
-0.6344376
-0.6217211
-0.62574995
-0.64010876
-0.6409415
-0.6289238
-0.6392289
-0.63252956
-0.62439686
-0.6065532
-0.6309359
-0.6477878
-0.6273295
-0.63169694
-0.6383534
-0.61648893
-0.6272296
-0.6412193
-0.63580537
-0.6392746
-0.63029367
-0.63834864
-0.6300008
-0.6368478
-0.6285937
-0.64718384
-0.63862276
-0.63329
-0.6391624
-0.6475989
-0.6309853
-0.6259162
-0.6395685
-0.6390933
-0.6446637
-0.6281355
-0.6362373
-0.6387346
-0.6448056
-0.64922154
-0.6456246
-0.6266573
-0.6358169
-0.641936
-0.64884394
-0.6308161
-0.6376438
-0.6361409
-0.6464472
-0.6343415
-0.6473261
-0.63768554
-0.63741773
-0.6441231
-0.63822603
-0.62838715
-0.6253904
-0.64221
-0.6316037
-0.6506234
-0.6263771
-0.6348111
-0.6466178
-0.64511675
-0.64702564
-0.63592464
-0.6434963
-0.6459806
-0.64467496
-0.6340278
-0.63748235
-0.64682394
-0.6339079
-0.62207866
-0.63367283
-0.64072603
-0.6268337
-0.638947
-0.6307651
-0.63278556
-0.632447
-0.63173807
-0.64262724
-0.64229864
-0.63094634
-0.63398397
-0.62884825
-0.64253473
-0.6311553
-0.63332117
-0.6278648
-0.63251233
-0.64370763
-0.63668436
-0.63846916
-0.63541335
-0.6217484
-0.63211274
-0.6310909
-0.636285
-0.6364557
-0.6317168
-0.638253
-0.64620125
-0.64835435
-0.6404659
-0.6505122
-0.642058
-0.64053124
-0.63274556
-0.6472127
-0.63509935
-0.64932877
-0.6420184
-0.62483335
-0.6346372
-0.6442916
-0.6464598
-0.642269
-0.6411734
-0.6412645
-0.6316133
-0.6389722
-0.63620067
-0.6483192
-0.6416242
-0.6228154
-0.6430308
-0.64528155
-0.6439899
-0.6375439
-0.6372731
-0.6362829
-0.6467887
-0.63471645
-0.6308011
-0.6413234
-0.64311713
-0.64785504
-0.63457364
-0.65008354
-0.6365732
-0.64645386
-0.64416796
-0.633187
-0.6375474
-0.6323184
-0.6336428
-0.65767586
-0.63032657
-0.6324989
-0.6356947
-0.6478785
-0.63044286
-0.64315075
-0.645931
-0.637496
-0.6341941
-0.6363053
-0.6357749
-0.6359108
-0.6454163
-0.63571954
-0.6302423
-0.62865996
-0.63893884
-0.64359325
-0.63615096
-0.63846016
-0.62670374
-0.64692444
-0.63815725
-0.6330447
-0.6391311
-0.6385452
-0.63761246
-0.6398453
-0.6308857
-0.638366
-0.62519145
-0.6352581
-0.6355505
-0.6491678
-0.63356286
-0.64336556
-0.64638346
-0.62985814
-0.6435195
-0.6507954
-0.65903354
-0.645666
-0.645185
-0.62733406
-0.6334267
-0.64511925
-0.6544441
-0.64061946
-0.6405723
-0.6326824
-0.6462011
-0.6385045
-0.6421797
-0.6325448
-0.63056785
-0.640053
-0.64366364
-0.63598335
-0.6383477
-0.651427
-0.64504623
-0.6323182
-0.6440438
-0.6406297
-0.64914787
-0.6525072
-0.64035594
-0.63506544
-0.6479494
-0.6355287
-0.6381571
-0.64700603
-0.6416732
-0.64823955
-0.64695054
-0.6423998
-0.62523526
-0.65041316
-0.64333516
-0.63916165
-0.65070724
-0.6289722
-0.65156585
-0.64910674
-0.64782196
-0.6389851
-0.6434119
-0.6398455
-0.6469552
-0.6466768
-0.6453483
-0.6420584
-0.6382925
-0.63746446
-0.6472827
-0.63290936
-0.64677346
-0.64899886
-0.63161683
-0.6450943
-0.6451544
-0.6442419
-0.64112335
-0.6476894
-0.6495563
-0.6450002
-0.63395417
-0.6403956
-0.6722014
-0.64065707
-0.63907784
-0.6403885
-0.6267961
-0.65011126
-0.63620585
-0.6405978
-0.65225065
-0.6465524
-0.64341205
-0.64300776
-0.66299313
-0.6336286
-0.64381367
-0.6509275
-0.6353468
-0.6405777
-0.65275437
-0.6570819
-0.6431372
-0.6423575
-0.63409424
-0.6434281
-0.63771254
-0.6402646
-0.64358217
-0.6454
-0.650086
-0.6421757
-0.6587924
-0.64697033
-0.6447146
-0.6475876
-0.65014815
-0.64284724
-0.647686
-0.6376837
-0.6456838
-0.65154034
-0.6463538
-0.65303934
-0.65095806
-0.6272332
-0.65419215
-0.641996
-0.65139174
-0.6456858
-0.6518889
-0.6481035
-0.65869486
-0.64956397
-0.64394957
-0.6454059
-0.63686544
-0.64039767
-0.6529556
-0.6585936
-0.64881814
-0.6645578
-0.64213777
-0.6489762
-0.6469335
-0.6387795
-0.65366024
-0.6504691
-0.6403682
-0.6504613
-0.6412457
-0.65212995
-0.6426982
-0.64511406
-0.6337362
-0.64616746
-0.6402127
-0.6335116
-0.63840884
-0.63102704
-0.64900815
-0.6514862
-0.6386995
-0.6531349
-0.6395488
-0.6466616
-0.65417427
-0.6426682
-0.63767415
-0.635861
-0.65984607
-0.64204204
-0.65681124
-0.6422209
-0.6551502
-0.6446887
-0.65410966
-0.64768046
-0.6473853
-0.64163697
-0.6445857
-0.64834845
-0.6484099
-0.64772207
-0.6554826
-0.6419142
-0.64655113
-0.65307546
-0.66034305
-0.64495623
-0.64364827
-0.64915246
-0.63507646
-0.6537466
-0.6544858
-0.64983934
-0.6446624
-0.6274145
-0.6412597
-0.64221126
-0.65392655
-0.647964
-0.65179163
-0.653659
-0.6363243
-0.6503759
-0.64892995
-0.6456878
-0.6542676
-0.6433373
-0.6636867
-0.6564909
-0.6419105
-0.6395262
-0.6514029
-0.6670526
-0.65333897
-0.63885504
-0.64908475
-0.6385925
-0.64022267
-0.62920356
-0.63455033
-0.6418755
-0.65384215
-0.64227015
-0.65466636
-0.635684
-0.6413998
-0.6458641
-0.6373483
-0.64898616
-0.6559581
-0.6449302
-0.65861225
-0.6324237
-0.6605686
-0.644056
-0.6423745
-0.6488237
-0.64793795
-0.6500662
-0.66047746
-0.64441127
-0.64499617
-0.64405876
-0.6408563
-0.65237075
-0.6420704
-0.6565668
-0.66418934
-0.6544179
-0.6573552
-0.63782555
-0.64260566
-0.65400565
-0.6462363
-0.65157986
-0.64265287
-0.6523705
-0.64178747
-0.6551704
-0.6550152
-0.6562558
-0.64637756
-0.6372679
-0.6576037
-0.6661338
-0.65211225
-0.647477
-0.65031356
-0.6460157
-0.6648558
-0.64898735
-0.65516496
-0.6451057
-0.6509125
-0.6443669
-0.6510253
-0.64473814
-0.65342444
-0.6476546
-0.65726745
-0.6609804
-0.6525043
-0.63403964
-0.64636475
-0.6523634
-0.65198827
-0.6568978
-0.6408849
-0.6428081
-0.6603173
-0.6408335
-0.6536719
-0.66232145
-0.64572555
-0.64881545
-0.6581527
-0.65501225
-0.65595055
-0.65162045
-0.6592857
-0.658321
-0.65400386
-0.65001833
-0.6554888
-0.66052675
-0.64268357
-0.6549683
-0.6624508
-0.6589168
-0.6430734
-0.64342624
-0.64448506
-0.6449111
-0.6505724
-0.65417707
-0.63157207
-0.6464475
-0.63511926
-0.6536153
-0.6610054
-0.6617523
-0.6414704
-0.6607025
-0.6513109
-0.6626576
-0.64689016
-0.65891284
-0.64566493
-0.6524244
-0.65081584
-0.65850484
-0.6472558
-0.6491795
-0.6520144
-0.6572611
-0.65470874
-0.6631684
-0.650821
-0.6586252
-0.6472498
-0.65615636
-0.64944685
-0.649697
-0.6414341
-0.6541861
-0.66047555
-0.65180784
-0.65854067
-0.6404335
-0.6612805
-0.64771557
-0.6453571
-0.6561555
-0.66111445
-0.6515037
-0.6463967
-0.6628632
-0.6440637
-0.6447264
-0.66430545
-0.66757977
-0.6494196
-0.6669064
-0.65593207
-0.65513027
-0.6522515
-0.6658675
-0.6587524
-0.64687026
-0.65606666
-0.6539371
-0.65288496
-0.6519561
-0.6518069
-0.6561177
-0.64603937
-0.6598476
-0.64244777
-0.66038543
-0.6533754
-0.65634876
-0.65206957
-0.6514159
-0.65007895
-0.6538543
-0.6533684
-0.6457319
-0.647391
-0.6544084
-0.66434675
-0.6570809
-0.6613075
-0.6536359
-0.6401771
-0.6409799
-0.6532315
-0.6484379
-0.6551717
-0.6518081
-0.64768904
-0.6508193
-0.650561
-0.6509377
-0.6510088
-0.65405995
-0.6471568
-0.6431003
-0.66194797
-0.6575502
-0.6574341
-0.6445474
-0.64546275
-0.6480375
-0.6462825
-0.6527542
-0.6599544
-0.64823925
-0.6615738
-0.663505
-0.65426445
-0.6600265
-0.6541721
-0.654307
-0.6508389
-0.64919835
-0.64415604
-0.65955615
-0.65613896
-0.65786576
-0.6647364
-0.6528658
-0.6496013
-0.6577293
-0.6519788
-0.6514397
-0.65783894
-0.6514994
-0.6510801
-0.65679914
-0.66507345
-0.6447188
-0.6540827
-0.6634677
-0.6527988
-0.6475367
-0.64706516
-0.6422199
-0.66288245
-0.663068
-0.6509103
-0.64417684
-0.6408966
-0.6578144
-0.6570893
-0.6525854
-0.6595942
-0.66253537
-0.65906507
-0.647317
-0.6541362
-0.65332186
-0.65588427
-0.649219
-0.6582344
-0.6537401
-0.6425045
-0.64918154
-0.6554876
-0.63841075
-0.6519349
-0.64846927
-0.6562566
-0.6588171
-0.6477346
-0.6571071
-0.65305996
-0.6572199
-0.6472288
-0.65889984
-0.6490456
-0.648793
-0.65866584
-0.66228867
-0.6536751
-0.6515886
-0.6672946
-0.67400116
-0.6609793
-0.6669401
-0.64707124
-0.65082246
-0.6738957
-0.6531542
-0.6465567
-0.6615476
-0.6520482
-0.6442554
-0.6626678
-0.6429348
-0.6502261
-0.66380316
-0.6626225
-0.65634173
-0.6563013
-0.6616375
-0.6538499
-0.6718678
-0.65760195
-0.67078894
-0.6534516
-0.6543698
-0.663001
-0.6677933
-0.6628344
-0.6519852
-0.6552894
-0.6510342
-0.6680831
-0.65763724
-0.6450608
-0.65403235
-0.64710516
-0.6622632
-0.6654662
-0.65155256
-0.6631206
-0.64386797
-0.66056246
-0.65245444
-0.6489851
-0.6647048
-0.6504982
-0.6678606
-0.6652786
-0.65747505
-0.6649785
-0.6516247
-0.6525101
-0.6482835
-0.6593415
-0.66234094
-0.6618406
-0.639281
-0.65806603
-0.6499384
-0.66536254
-0.66962725
-0.6556718
-0.66789263
-0.6550059
-0.65735286
-0.6480597
-0.65255
-0.6542433
-0.66164124
-0.6545666
-0.6671766
-0.6695304
-0.64990014
-0.65699786
-0.6630763
-0.6600097
-0.6648746
-0.66749537
-0.6546165
-0.6590962
-0.661976
-0.6466665
-0.6532199
-0.65860766
-0.65458685
-0.6591404
-0.67418325
-0.6656965
-0.6353371
-0.66782963
-0.6623344
-0.6602108
-0.6643444
-0.65523463
-0.6550543
-0.6610605
-0.6452806
-0.6574948
-0.66954184
-0.65594155
-0.674705
-0.6480972
-0.65429944
-0.651206
-0.6560285
-0.66384405
-0.6625756
-0.65761745
-0.6576922
-0.66624755
-0.6545136
-0.65236497
-0.64541256
-0.665315
-0.6508694
-0.65647906
-0.66065156
-0.66498417
-0.65232664
-0.66119283
-0.6523449
-0.66670173
-0.66447705
-0.655627
-0.66127336
-0.67769873
-0.6499573
-0.65004873
-0.6596846
-0.65618986
-0.6673092
-0.66488385
-0.66186595
-0.6601263
-0.668741
-0.6644746
-0.65647995
-0.6641253
-0.66460943
-0.658596
-0.6585422
-0.6565033
-0.6469346
-0.6709449
-0.66763186
-0.6578871
-0.6550627
-0.66752434
-0.66451055
-0.6496633
-0.6640903
-0.6566607
-0.6650733
-0.66293633
-0.6479575
-0.6578291
-0.6551581
-0.65028703
-0.64960825
-0.6570323
-0.6577835
-0.66187596
-0.6495675
-0.66353846
-0.65500176
-0.6607461
-0.6662205
-0.6607963
-0.6605015
-0.6483476
-0.6548636
-0.6652746
-0.6553911
-0.650825
-0.6624714
-0.673132
-0.6765812
-0.6642893
-0.66666305
-0.6553824
-0.6581116
-0.652474
-0.65707964
-0.65700746
-0.6526237
-0.6645151
-0.6634976
-0.6726609
-0.6603416
-0.65327513
-0.6644607
-0.65823627
-0.6618449
-0.66762865
-0.6380609
-0.6787017
-0.64845717
-0.66442984
-0.6471401
-0.6492503
-0.65781385
-0.65964895
-0.65955204
-0.6578588
-0.6527165
-0.67339563
-0.64815545
-0.66438115
-0.65986353
-0.65859884
-0.65796477
-0.66811126
-0.6685161
-0.6649624
-0.65333676
-0.6604202
-0.673236
-0.64534473
-0.6616663
-0.66172266
-0.6565045
-0.667635
-0.6570743
-0.661764
-0.66398203
-0.6622234
-0.6778033
-0.65226245
-0.66560787
-0.6553499
-0.66197675
-0.6733482
-0.655584
-0.6488303
-0.6606815
-0.66051865
-0.657137
-0.659905
-0.66386986
-0.6581431
-0.6587313
-0.6569695
-0.6642109
-0.658095
-0.6587026
-0.64983445
-0.66835755
-0.6541396
-0.6470035
-0.65346295
-0.65417105
-0.66493046
-0.66428745
-0.67226994
-0.6615279
-0.6639375
-0.67168766
-0.6688271
-0.659238
-0.6572345
-0.67272836
-0.6579266
-0.65479743
-0.64814323
-0.6519835
-0.6562914
-0.65963733
-0.65870565
-0.6442572
-0.6607202
-0.64581394
-0.6568793
-0.6661016
-0.6719878
-0.6561422
-0.66293514
-0.6730834
-0.6561056
-0.64848274
-0.6567405
-0.66236424
-0.66255903
-0.656308
-0.6604554
-0.66065407
-0.6655706
-0.66518164
-0.66566855
-0.6561761
-0.6661754
-0.6668091
-0.6610655
-0.65829754
-0.666528
-0.6533609
-0.66317993
-0.66170853
-0.6538793
-0.65933317
-0.6632687
-0.6584412
-0.6594854
-0.6459422
-0.65712327
-0.6520469
-0.6740855
-0.6601142
-0.6552321
-0.65955716
-0.6654402
-0.6658055
-0.6601215
-0.67691743
-0.66992205
-0.6572931
-0.6551522
-0.66253716
-0.6660991
-0.6614916
-0.68104565
-0.65704656
-0.67740554
-0.67411643
-0.6602026
-0.6530645
-0.66535175
-0.6644419
-0.6514274
-0.6622796
-0.66971684
-0.6590981
-0.67360276
-0.66440356
-0.66647583
-0.67365867
-0.66876614
-0.6587296
-0.6561007
-0.6471218
-0.6504049
-0.66620916
-0.64740044
-0.6618004
-0.67070097
-0.66382957
-0.6684484
-0.66785896
-0.66912895
-0.6704665
-0.66870505
-0.66445655
-0.6624118
-0.66743004
-0.6765015
-0.65187794
-0.6541838
-0.66244215
-0.673406
-0.67497176
-0.66750884
-0.6629772
-0.6650967
-0.65879244
-0.65941215
-0.6730661
-0.664997
-0.66834986
-0.6552501
-0.6678886
-0.66766286
-0.66935986
-0.66710716
-0.66863084
-0.6710712
-0.64831173
-0.6688462
-0.66992456
-0.6652433
-0.6607212
-0.67164165
-0.6669574
-0.661433
-0.6692497
-0.6617558
-0.6617968
-0.66241467
-0.66045475
-0.66829395
-0.669352
-0.6619705
-0.6653783
-0.6635323
-0.6700108
-0.6681249
-0.6741881
-0.67105114
-0.6698092
-0.6718749
-0.6656868
-0.6589424
-0.66791487
-0.6688345
-0.6652966
-0.6623251
-0.6526057
-0.6658931
-0.6685175
-0.6687666
-0.6664392
-0.6634116
-0.6566697
-0.6569837
-0.6652078
-0.6694871
-0.67083347
-0.6502173
-0.6626286
-0.6625024
-0.66157997
-0.6721727
-0.6533622
-0.6553907
-0.66560596
-0.66424775
-0.65722185
-0.646076
-0.6646523
-0.67490077
-0.664176
-0.663748
-0.6674022
-0.6639459
-0.6714654
-0.6612037
-0.66579235
-0.6578538
-0.6640296
-0.66589665
-0.6587767
-0.6614143
-0.6681981
-0.67451805
-0.6529229
-0.6661111
-0.6627157
-0.6482781
-0.6562569
-0.6676899
-0.662718
-0.67611647
-0.66486
-0.6675068
-0.6527132
-0.66579044
-0.6675592
-0.6593042
-0.66589093
-0.6567127
-0.6533767
-0.6714257
-0.6688658
-0.65917146
-0.6575191
-0.66549945
-0.6626918
-0.661267
-0.6492967
-0.67603165
-0.6669043
-0.66026396
-0.6801368
-0.6621867
-0.66613346
-0.68039596
-0.66503006
-0.663097
-0.6600262
-0.66395897
-0.6618425
-0.66151345
-0.6700875
-0.6671618
-0.66770756
-0.6581755
-0.66041046
-0.6693643
-0.6696162
-0.6645742
-0.6693479
-0.6553413
-0.66431683
-0.66952705
-0.6653968
-0.6751757
-0.67069036
-0.66810226
-0.67875814
-0.6645732
-0.6675129
-0.6646088
-0.67243797
-0.66836447
-0.6672817
-0.66496783
-0.6601324
-0.66627854
-0.66980374
-0.66682535
-0.663242
-0.66840386
-0.66898406
-0.66220653
-0.65436304
-0.670162
-0.66445726
-0.6720238
-0.66485846
-0.6722089
-0.6671111
-0.6587046
-0.6702949
-0.6714459
-0.67186075
-0.6683465
-0.6700309
-0.6791243
-0.67207
-0.66611207
-0.673485
-0.66704804
-0.65897185
-0.6637289
-0.6725259
-0.66264164
-0.6556645
-0.67408735
-0.6748957
-0.6446698
-0.67133594
-0.6713045
-0.67463225
-0.6631677
-0.6728528
-0.66958404
-0.6785587
-0.6781274
-0.672523
-0.6714254
-0.65709025
-0.66380763
-0.6825717
-0.66940147
-0.67160285
-0.6658554
-0.64184606
-0.66577584
-0.6534488
-0.6663457
-0.66191953
-0.6661605
-0.6671333
-0.6620561
-0.66539437
-0.67830676
-0.67718196
-0.6677486
-0.6617186
-0.6570803
-0.6611432
-0.6781607
-0.67593956
-0.6580666
-0.6738655
-0.66741866
-0.66463757
-0.6671518
-0.66540074
-0.67353034
-0.67007804
-0.67118317
-0.6714248
-0.67699933
-0.6828354
-0.6788583
-0.6520158
-0.6679185
-0.6679984
-0.66497636
-0.670238
-0.6643108
-0.67817783
-0.6691716
-0.6700592
-0.6716158
-0.6581025
-0.66822416
-0.6820278
-0.6723101
-0.66668934
-0.66640234
-0.67351615
-0.67346346
-0.6724457
-0.66744363
-0.663923
-0.67457336
-0.6518408
-0.66262
-0.6628285
-0.6612047
-0.6634935
-0.6575692
-0.6786083
-0.66537887
-0.6585561
-0.6752611
-0.6721891
-0.6588491
-0.66179705
-0.6770108
-0.6707324
-0.6679873
-0.67646545
-0.66495293
-0.66115975
-0.6606075
-0.6569099
-0.6624204
-0.66018856
-0.67245245
-0.6607802
-0.6655006
-0.66161853
-0.664652
-0.65853184
-0.66075194
-0.6622023
-0.6674575
-0.6691431
-0.6742447
-0.668746
-0.677739
-0.66442186
-0.6797511
-0.6822249
-0.6516718
-0.6625957
-0.6669812
-0.66329265
-0.65660524
-0.6684949
-0.6615153
-0.67915016
-0.66303766
-0.6676513
-0.67378724
-0.67780006
-0.6724292
-0.66051656
-0.6642289
-0.663186
-0.6716068
-0.66110736
-0.6644693
-0.66057456
-0.6699949
-0.65837425
-0.6615106
-0.6741954
-0.6694169
-0.66604114
-0.6717984
-0.6646065
-0.660805
-0.6591986
-0.64964944
-0.6570897
-0.6638844
-0.6775613
-0.664294
-0.6632682
-0.6639839
-0.67715454
-0.66679156
-0.67282885
-0.6620028
-0.67533135
-0.663661
-0.66047233
-0.6700659
-0.6638082
-0.66342294
-0.66757953
-0.66536635
-0.6762155
-0.6672458
-0.67068064
-0.67445695
-0.6724979
-0.6683411
-0.67408305
-0.66603655
-0.6555293
-0.670795
-0.66604394
-0.6687104
-0.6694585
-0.6703766
-0.6726238
-0.669199
-0.6659296
-0.6611854
-0.6634782
-0.6789157
-0.6816369
-0.6597304
-0.6754383
-0.6790416
-0.67334706
-0.675593
-0.66608304
-0.6641376
-0.67611957
-0.66727406
-0.66730255
-0.68082875
-0.668527
-0.67749196
-0.6724362
-0.66744554
-0.6742009
-0.6690982
-0.6595014
-0.6741303
-0.66835284
-0.6673169
-0.6712009
-0.65704405
-0.66275954
-0.6737085
-0.6564635
-0.65732485
-0.66561955
-0.67071235
-0.6669705
-0.65637827
-0.66427225
-0.6656036
-0.64848113
-0.6736016
-0.6766
-0.67892045
-0.6744931
-0.6716732
-0.66416717
-0.675836
-0.67432165
-0.6823375
-0.6661625
-0.6694057
-0.6692874
-0.6704065
-0.66742814
-0.66681087
-0.6741391
-0.66570956
-0.6636471
-0.65147036
-0.6708925
-0.6713521
-0.66498876
-0.6718099
-0.66925997
-0.68356055
-0.66578835
-0.6657936
-0.66254324
-0.673852
-0.6605475
-0.6670874
-0.67289793
-0.6672583
-0.6647071
-0.67956245
-0.6655506
-0.6649017
-0.68070847
-0.672501
-0.66960293
-0.67249584
-0.6738678
-0.66334665
-0.6679622
-0.65762407
-0.66292286
-0.66907674
-0.67388254
-0.67186075
-0.68293506
-0.672571
-0.67498285
-0.6767231
-0.6656677
-0.66768414
-0.6684435
-0.66436636
-0.67882216
-0.67298716
-0.67882764
-0.6684943
-0.65695435
-0.6823558
-0.6795105
-0.66706246
-0.6671463
-0.67420155
-0.6639407
-0.6708978
-0.6822663
-0.66978496
-0.68258137
-0.66858613
-0.6676066
-0.6608114
-0.6774767
-0.6739487
-0.6789595
-0.6737309
-0.67031145
-0.6741578
-0.66960543
-0.6755194
-0.6725566
-0.6711932
-0.6709633
-0.67076653
-0.66478556
-0.6717133
-0.6718941
-0.6658961
-0.6717025
-0.66443115
-0.6701404
-0.671179
-0.6617968
-0.6807546
-0.67155504
-0.66775143
-0.6542915
-0.674307
-0.6635649
-0.6774175
-0.6763865
-0.6701258
-0.6705975
-0.6800191
-0.6713459
-0.67062324
-0.668431
-0.6747387
-0.6772196
-0.67444134
-0.68003947
-0.6685242
-0.67650104
-0.6781911
-0.67419994
-0.6712121
-0.6730628
-0.6724982
-0.6850513
-0.6720259
-0.6740914
-0.6615829
-0.6723948
-0.66839767
-0.6419455
-0.67412025
-0.6701945
-0.6713574
-0.6699545
-0.670688
-0.68394077
-0.6785472
-0.67347354
-0.6687072
-0.67280537
-0.67809117
-0.66850406
-0.6763811
-0.6671706
-0.6760866
-0.66484946
-0.6643209
-0.678202
-0.6721496
-0.6668862
-0.66852784
-0.6892927
-0.66890764
-0.67096555
-0.6733433
-0.6684784
-0.6726749
-0.67062616
-0.66990334
-0.67918205
-0.67045003
-0.67578274
-0.67172927
-0.67194915
-0.6645684
-0.6789191
-0.6817268
-0.67167664
-0.6744315
-0.6823648
-0.67365277
-0.6567426
-0.6610425
-0.6743148
-0.65281814
-0.67258203
-0.66159
-0.6677115
-0.67517924
-0.6723633
-0.6770881
-0.6821194
-0.6729553
-0.6673822
-0.656401
-0.67121655
-0.6727633
-0.6672795
-0.66506475
-0.66615546
-0.67260295
-0.67165375
-0.6551008
-0.666586
-0.66601866
-0.65867317
-0.66931874
-0.6600082
-0.66495365
-0.67800087
-0.65332705
-0.66738
-0.66381085
-0.6696886
-0.66515964
-0.67405313
-0.6523666
-0.66902107
-0.66500294
-0.6650294
-0.6578985
-0.66449034
-0.66400135
-0.6780313
-0.6711914
-0.6705334
-0.67247355
-0.66839534
-0.6650244
-0.65832466
-0.671023
-0.68797815
-0.67104715
-0.674594
-0.68249816
-0.66696143
-0.6693279
-0.6695618
-0.67414695
-0.6723843
-0.6720244
-0.6613545
-0.67086595
-0.67193973
-0.6698934
-0.667789
-0.66771084
-0.67609537
-0.6666927
-0.6798513
-0.6686576
-0.6694411
-0.67970085
-0.66286147
-0.67217505
-0.6709732
-0.67122346
-0.6542446
-0.6786945
-0.67386556
-0.6775307
-0.6675434
-0.67588496
-0.6700115
-0.6702891
-0.6707124
-0.6713109
-0.66763216
-0.6714895
-0.6638489
-0.6872049
-0.68229944
-0.6837742
-0.6664722
-0.67311877
-0.66886526
-0.66523814
-0.6819351
-0.6690913
-0.6802813
-0.674913
-0.66771185
-0.6778109
-0.6765702
-0.6814677
-0.67572206
-0.67299
-0.6740909
-0.6737114
-0.6676554
-0.6722657
-0.6798497
-0.6725203
-0.68384933
-0.670278
-0.6574244
-0.6789988
-0.6612308
-0.677064
-0.6718588
-0.66758204
-0.67534184
-0.6575658
-0.67746603
-0.67262465
-0.6623715
-0.6693923
-0.6798435
-0.69053686
-0.6684331
-0.67718244
-0.67948866
-0.66298497
-0.67439085
-0.6700669
-0.6768028
-0.669127
-0.66628665
-0.67942715
-0.67400575
-0.67758775
-0.6815508
-0.68315876
-0.665704
-0.6802415
-0.66955185
-0.660855
-0.6744778
-0.68148047
-0.66897184
-0.6802724
-0.6721867
-0.6877975
-0.67412966
-0.6789315
-0.6673225
-0.6814792
-0.68012357
-0.67388433
-0.68634796
-0.6744353
-0.6853045
-0.67663294
-0.6808428
-0.67314214
-0.6743843
-0.6722753
-0.6719528
-0.67142016
-0.6627309
-0.68512684
-0.6679823
-0.66590333
-0.6850852
-0.6675235
-0.66589564
-0.6801023
-0.6739364
-0.67531633
-0.6844241
-0.6809283
-0.6658968
-0.6892504
-0.6784522
-0.6774904
-0.6769706
-0.67525315
-0.67403066
-0.6988094
-0.6766852
-0.67581385
-0.68076277
-0.6844189
-0.67055255
-0.6688206
-0.66883355
-0.67614466
-0.679505
-0.6763805
-0.6714273
-0.6850368
-0.681042
-0.660997
-0.6841188
-0.6772856
-0.66799223
-0.6756156
-0.6794066
-0.66804075
-0.6713836
-0.6737928
-0.664534
-0.6713282
-0.6771352
-0.6842676
-0.67610765
-0.6809132
-0.6761173
-0.6694456
-0.6743906
-0.67118764
-0.660466
-0.67335004
-0.6735925
-0.675634
-0.66878057
-0.66976637
-0.66755795
-0.67703986
-0.66629356
-0.6850483
-0.6731961
-0.68024415
-0.6729816
-0.6755377
-0.66981304
-0.6835488
-0.67866695
-0.67915994
-0.6782352
-0.69166577
-0.6624599
-0.68345386
-0.676873
-0.68519324
-0.6828781
-0.6634021
-0.67973834
-0.6804213
-0.68871725
-0.6785789
-0.6801335
-0.68231344
-0.67973816
-0.6667631
-0.68171316
-0.68075
-0.67408806
-0.6780732
-0.6817155
-0.68368167
-0.68331593
-0.66399604
-0.6773622
-0.6685996
-0.67165715
-0.67400867
-0.6756144
-0.6760611
-0.67343307
-0.6854414
-0.6792639
-0.678339
-0.68064886
-0.67040676
-0.66779333
-0.6658449
-0.6709728
-0.6823602
-0.6779056
-0.6808822
-0.68018943
-0.6760324
-0.66292405
-0.6843124
-0.6888549
-0.6936627
-0.6758708
-0.68259096
-0.682307
-0.673748
-0.67851895
-0.6792473
-0.68693393
-0.689486
-0.67679495
-0.6699599
-0.66811925
-0.67372465
-0.68024
-0.6823711
-0.67479306
-0.6692498
-0.66773105
-0.6753208
-0.6822091
-0.6711809
-0.68072265
-0.6805158
-0.6754897
-0.676673
-0.67393446
-0.6897227
-0.67131114
-0.6717983
-0.67531943
-0.66829675
-0.68535453
-0.6811689
-0.6756089
-0.6613009
-0.6708462
-0.6794722
-0.6692551
-0.67012185
-0.66793776
-0.67382866
-0.6812798
-0.6713359
-0.6842024
-0.6837036
-0.67274874
-0.6761796
-0.67647964
-0.68146247
-0.6778472
-0.6819692
-0.67316675
-0.67743367
-0.672746
-0.67407334
-0.6745147
-0.6770817
-0.67806196
-0.6590026
-0.6877302
-0.6682528
-0.66788584
-0.6759922
-0.67217964
-0.66985613
-0.67784333
-0.67368746
-0.6806532
-0.6770345
-0.6896502
-0.6842891
-0.6608363
-0.6718883
-0.6697638
-0.66808456
-0.67022836
-0.6753767
-0.6761365
-0.6888039
-0.6813497
-0.68299705
-0.6872609
-0.6754964
-0.68605494
-0.6746733
-0.6766943
-0.6668617
-0.6792297
-0.68124694
-0.67581797
-0.67119867
-0.6821956
-0.68777883
-0.6786435
-0.6726908
-0.68149984
-0.682185
-0.6838931
-0.6758983
-0.6807858
-0.6817727
-0.6894507
-0.688216
-0.684446
-0.68400645
-0.6941275
-0.6763643
-0.6732069
-0.68736666
-0.67618906
-0.67954
-0.68575466
-0.67564476
-0.67573917
-0.6892167
-0.6783193
-0.68166775
-0.6714373
-0.6778042
-0.68418956
-0.6840884
-0.67675126
-0.6748647
-0.6845063
-0.67000985
-0.6765738
-0.6763362
-0.6724695
-0.6789649
-0.6713304
-0.68084353
-0.67360055
-0.65918595
-0.6892851
-0.6707941
-0.67967397
-0.67340124
-0.6724708
-0.67997193
-0.6792562
-0.6884008
-0.6897527
-0.6800945
-0.67848355
-0.673789
-0.6727354
-0.6865324
-0.6724069
-0.68007857
-0.6783519
-0.6853095
-0.6760145
-0.6761435
-0.6873339
-0.6831577
-0.6848368
-0.6694334
-0.67531085
-0.6819277
-0.684655
-0.67590946
-0.67583615
-0.6710409
-0.67628217
-0.68495417
-0.6734813
-0.6822008
-0.6714544
-0.67409974
-0.66591
-0.68298006
-0.6864422
-0.68349314
-0.67219603
-0.69345975
-0.6689089
-0.6716245
-0.6840758
-0.66997766
-0.67563164
-0.6847105
-0.6779497
-0.67800033
-0.669308
-0.6881658
-0.67584103
-0.6800777
-0.6797772
-0.688845
-0.684384
-0.6725109
-0.6753265
-0.6862329
-0.6697626
-0.6801934
-0.68172437
-0.67885226
-0.6821053
-0.6890426
-0.6844717
-0.6760248
-0.67713034
-0.66465956
-0.6785025
-0.6793352
-0.6785937
-0.68247616
-0.6818936
-0.686555
-0.6708143
-0.6768311
-0.6819739
-0.67206085
-0.68293345
-0.68361443
-0.68213344
-0.6824721
-0.69203043
-0.6703888
-0.6811278
-0.6816
-0.67731833
-0.6747534
-0.69173265
-0.6890829
-0.694983
-0.6710171
-0.67138207
-0.6853861
-0.68696344
-0.67598915
-0.6862242
-0.6790556
-0.6824178
-0.69253284
-0.679128
-0.68242574
-0.6678962
-0.68709147
-0.6825325
-0.6922376
-0.6788221
-0.67850965
-0.67485625
-0.6881254
-0.675688
-0.69134176
-0.68581086
-0.67180777
-0.6727188
-0.67891115
-0.67509973
-0.68236166
-0.6652833
-0.6802447
-0.6986752
-0.6903807
-0.6837661
-0.6845027
-0.68063575
-0.67806584
-0.6761656
-0.6748779
-0.6840525
-0.6697611
-0.68339866
-0.6779624
-0.6800557
-0.68366873
-0.6783884
-0.68687934
-0.6956561
-0.68288714
-0.68225336
-0.68183976
-0.68513525
-0.6758779
-0.68005943
-0.6914633
-0.6790605
-0.6865792
-0.6738816
-0.68525624
-0.6794895
-0.68745416
-0.6791039
-0.6808009
-0.69542605
-0.68515736
-0.68163747
-0.6715852
-0.6747262
-0.6789052
-0.67672557
-0.6890077
-0.68996006
-0.66666955
-0.68653685
-0.6805255
-0.6726834
-0.6944562
-0.6753121
-0.6869311
-0.6866337
-0.673947
-0.67645603
-0.68952686
-0.69468904
-0.68914807
-0.6828235
-0.69690317
-0.6798837
-0.67430943
-0.6846401
-0.6815985
-0.6767976
-0.68273133
-0.6849462
-0.6792931
-0.6745796
-0.6854584
-0.6759823
-0.6932094
-0.6850494
-0.6769485
-0.68188995
-0.68446225
-0.69924295
-0.6722967
-0.673441
-0.68517756
-0.6869472
-0.6916258
-0.688038
-0.68743014
-0.67079383
-0.67539763
-0.6780504
-0.69374937
-0.6919427
-0.677344
-0.67565095
-0.6792019
-0.6793811
-0.6875472
-0.6752956
-0.67445165
-0.6823922
-0.6828397
-0.678318
-0.6651144
-0.67925245
-0.6799099
-0.6739877
-0.6880031
-0.68167245
-0.69382226
-0.6830324
-0.6845234
-0.6802077
-0.683265
-0.6755826
-0.6815522
-0.6792629
-0.69281566
-0.68240315
-0.68200105
-0.68367827
-0.6868158
-0.68693346
-0.6797174
-0.68478745
-0.68453896
-0.68872905
-0.68690944
-0.6793537
-0.6768269
-0.6862498
-0.68652797
-0.6852693
-0.6864883
-0.6780281
-0.6806424
-0.69059485
-0.68945867
-0.67296106
-0.6854101
-0.685035
-0.68554413
-0.67604625
-0.67736053
-0.6949723
-0.6874792
-0.68087167
-0.6879795
-0.6845303
-0.6734111
-0.6841282
-0.68533486
-0.68511677
-0.6832356
-0.6886279
-0.67237455
-0.68443096
-0.67477447
-0.69242615
-0.68848866
-0.68572867
-0.6794692
-0.69302714
-0.68038243
-0.6853812
-0.69013137
-0.6972369
-0.68619734
-0.6774595
-0.6788059
-0.6871648
-0.6740893
-0.6819019
-0.6924289
-0.693633
-0.6919268
-0.69609684
-0.6881955
-0.67689836
-0.67004675
-0.6903899
-0.68117815
-0.6977881
-0.67868406
-0.68566465
-0.6826353
-0.6788551
-0.6813712
-0.6827005
-0.67478514
-0.67905676
-0.6798521
-0.6744444
-0.68632406
-0.682481
-0.6826323
-0.6852657
-0.67983013
-0.6870143
-0.67826474
-0.6791735
-0.68188655
-0.6847866
-0.6956208
-0.6887731
-0.69672596
-0.6769292
-0.6920747
-0.67770123
-0.6853763
-0.69538456
-0.6810125
-0.69500077
-0.6685219
-0.67391527
-0.6839075
-0.68450636
-0.6904178
-0.6912163
-0.683119
-0.6773451
-0.67292297
-0.68478894
-0.6841896
-0.6968083
-0.6835388
-0.6881618
-0.6742357
-0.6846131
-0.66810876
-0.6944383
-0.68109185
-0.6760808
-0.67557466
-0.67880964
-0.6837649
-0.6853531
-0.68672425
-0.68144816
-0.693539
-0.6815564
-0.6865343
-0.6849163
-0.67050296
-0.68425345
-0.67885524
-0.6722104
-0.6856853
-0.67307717
-0.6756415
-0.68645865
-0.68652
-0.6768884
-0.6789656
-0.6824479
-0.68407154
-0.6792789
-0.66930515
-0.683653
-0.67605984
-0.6886334
-0.6809201
-0.6840042
-0.68639606
-0.6924844
-0.6968531
-0.6804216
-0.68192446
-0.6820192
-0.6838009
-0.6809862
-0.6927499
-0.6749194
-0.6765893
-0.682381
-0.682486
-0.68422306
-0.69118637
-0.6868547
-0.6881937
-0.68879104
-0.6930456
-0.69131964
-0.69562346
-0.6830301
-0.6796965
-0.6877359
-0.6830201
-0.6868554
-0.6877856
-0.67669255
-0.68789315
-0.6893916
-0.67942554
-0.69624066
-0.6784775
-0.6839062
-0.68219537
-0.68193346
-0.6692871
-0.6747294
-0.67395216
-0.6850534
-0.67291117
-0.67990524
-0.6784723
-0.68199545
-0.6861278
-0.6899846
-0.6923071
-0.67218536
-0.6905642
-0.683673
-0.69027513
-0.6902158
-0.6953337
-0.69588214
-0.68772846
-0.68552774
-0.6953555
-0.6909173
-0.69877905
-0.6876401
-0.6843297
-0.68744385
-0.69018126
-0.69646513
-0.6754128
-0.68574834
-0.67276806
-0.68906057
-0.68315756
-0.68926
-0.69791955
-0.6907194
-0.6860366
-0.697544
-0.6848945
-0.6805843
-0.68671733
-0.6757816
-0.69533306
-0.6730228
-0.6857901
-0.6947668
-0.70036227
-0.6858386
-0.68855596
-0.68037814
-0.6848882
-0.700255
-0.69652504
-0.6821999
-0.69705325
-0.6778602
-0.69183725
-0.68033904
-0.6892297
-0.68366945
-0.69575715
-0.67758906
-0.6870587
-0.687663
-0.6811727
-0.69231635
-0.67289734
-0.6832499
-0.6824462
-0.68653154
-0.6817742
-0.68762505
-0.68591124
-0.6755915
-0.6984868
-0.6879995
-0.69389987
-0.6832855
-0.68247265
-0.6873976
-0.68561876
-0.688604
-0.6809565
-0.6797396
-0.68728065
-0.68150115
-0.67678255
-0.68438935
-0.6821327
-0.68755174
-0.6685253
-0.68268245
-0.6924387
-0.68315434
-0.6778806
-0.69292235
-0.6792762
-0.69546914
-0.690126
-0.6785024
-0.6811906
-0.68647474
-0.6784771
-0.68114775
-0.6795395
-0.69373596
-0.6742444
-0.6828839
-0.6913725
-0.6834003
-0.69231594
-0.6783191
-0.68059945
-0.6888185
-0.6842453
-0.7012328
-0.6916098
-0.6780849
-0.6872912
-0.6881965
-0.69028306
-0.6888886
-0.7021799
-0.6905704
-0.6790228
-0.68681765
-0.68421227
-0.6866365
-0.68594444
-0.68871915
-0.681982
-0.6843621
-0.68288887
-0.69238764
-0.6893055
-0.6844384
-0.6935138
-0.6797718
-0.68087125
-0.6874081
-0.6843197
-0.6861124
-0.6847852
-0.68443334
-0.68705714
-0.6732826
-0.6806861
-0.6815731
-0.68413174
-0.69105476
-0.68308944
-0.6801615
-0.68393934
-0.6822456
-0.699016
-0.6843486
-0.6847853
-0.6911437
-0.6862909
-0.67430925
-0.6831413
-0.6871903
-0.68100137
-0.6838205
-0.68454945
-0.68907696
-0.700338
-0.6942369
-0.6814205
-0.68968505
-0.68423545
-0.6831244
-0.6954726
-0.6898229
-0.68603987
-0.6899401
-0.7017599
-0.6900344
-0.6927985
-0.6821848
-0.68271774
-0.673512
-0.7002856
-0.68874896
-0.6880231
-0.688823
-0.6818675
-0.6887743
-0.6790466
-0.69263613
-0.6895941
-0.6780302
-0.69982237
-0.6880543
-0.6781507
-0.6940583
-0.6835966
-0.69425476
-0.686847
-0.68043107
-0.6739259
-0.692457
-0.6855314
-0.6948175
-0.6929425
-0.688282
-0.67683244
-0.68172497
-0.69550836
-0.67640334
-0.69037473
-0.6909542
-0.69519347
-0.68799686
-0.6782073
-0.6884762
-0.6950223
-0.692138
-0.6891773
-0.688985
-0.69612676
-0.68503624
-0.6861399
-0.679506
-0.6924757
-0.68189406
-0.69608104
-0.68291485
-0.6801489
-0.6932136
-0.6879961
-0.6867803
-0.6926161
-0.6957166
-0.6877165
-0.6913144
-0.6904185
-0.6830776
-0.6763929
-0.6817855
-0.6912462
-0.6791428
-0.69259477
-0.68880147
-0.68702036
-0.68804866
-0.694218
-0.6939828
-0.69333774
-0.6850218
-0.6921408
-0.68980616
-0.6919725
-0.6757348
-0.6927235
-0.6926146
-0.6899595
-0.6972145
-0.69632995
-0.68940115
-0.67926544
-0.68337446
-0.69829476
-0.68622094
-0.6801804
-0.67969924
-0.6888293
-0.68466145
-0.68311435
-0.691311
-0.6790938
-0.6820111
-0.6920289
-0.6767856
-0.69006187
-0.68686134
-0.70340246
-0.6903394
