-0.26634058
-0.2714366
-0.2685268
-0.26956004
-0.2724936
-0.2741511
-0.28078166
-0.27539587
-0.2717224
-0.27678537
-0.28015342
-0.28284004
-0.28059125
-0.2845782
-0.28375572
-0.28890124
-0.285215
-0.28937307
-0.2871756
-0.28554177
-0.2881559
-0.2971618
-0.292029
-0.2932395
-0.28801346
-0.29231906
-0.29563618
-0.29439262
-0.29957902
-0.30657884
-0.2991352
-0.3069166
-0.3008125
-0.29770005
-0.30313662
-0.3009763
-0.3014917
-0.30309948
-0.30043066
-0.30459097
-0.3107029
-0.3059123
-0.31146225
-0.30277827
-0.3095026
-0.31145167
-0.3095579
-0.31733453
-0.3099759
-0.30393335
-0.3135519
-0.3129507
-0.31643835
-0.31293246
-0.31395733
-0.31063154
-0.32202083
-0.31635386
-0.3077919
-0.3111365
-0.3128669
-0.31319073
-0.32038853
-0.31734252
-0.319296
-0.32274342
-0.31868684
-0.31930667
-0.32274127
-0.32411495
-0.32073584
-0.3206137
-0.3242297
-0.32956314
-0.3268457
-0.32864663
-0.32805532
-0.3257037
-0.33066538
-0.32786232
-0.3327979
-0.3282849
-0.32780805
-0.33616596
-0.3367849
-0.33046433
-0.32800832
-0.3357131
-0.335145
-0.33387452
-0.33404037
-0.33540636
-0.3375958
-0.34068826
-0.3394902
-0.3354817
-0.34101167
-0.34517497
-0.33800396
-0.34545523
-0.3461818
-0.3423517
-0.34236208
-0.339829
-0.34190977
-0.33596575
-0.34260407
-0.34564352
-0.34715164
-0.3485164
-0.34538576
-0.3584707
-0.35145196
-0.34916267
-0.34869704
-0.35056058
-0.35753697
-0.35064897
-0.3458452
-0.35074678
-0.35488027
-0.35255158
-0.35518503
-0.34674135
-0.34997445
-0.35451743
-0.3539011
-0.35700434
-0.35011336
-0.35371128
-0.35611326
-0.35489267
-0.3571107
-0.35242948
-0.35409167
-0.35411334
-0.35733435
-0.36395693
-0.36126167
-0.35793823
-0.36240733
-0.36079237
-0.36332488
-0.36212435
-0.36348578
-0.36083174
-0.36047024
-0.36424258
-0.36284432
-0.36219049
-0.362862
-0.36509514
-0.36903322
-0.36674717
-0.37131205
-0.37053388
-0.36431262
-0.37224615
-0.37709102
-0.3722406
-0.37109965
-0.37607202
-0.37385333
-0.3698577
-0.3717889
-0.3707052
-0.36899483
-0.37252444
-0.3703541
-0.3695798
-0.37298465
-0.38207486
-0.37507877
-0.37384477
-0.3768396
-0.3792937
-0.37547737
-0.3807953
-0.37512296
-0.380862
-0.37769097
-0.38573694
-0.382851
-0.37892386
-0.3843989
-0.38207033
-0.37963322
-0.3865998
-0.38219893
-0.38049844
-0.38707837
-0.3872902
-0.38688576
-0.38059038
-0.38502112
-0.38425744
-0.3889935
-0.3861371
-0.38797465
-0.38836434
-0.38858467
-0.3901768
-0.38581923
-0.38772836
-0.38759106
-0.38780856
-0.39065102
-0.39657348
-0.39125624
-0.39170298
-0.39373383
-0.3909169
-0.38905966
-0.39304867
-0.39839914
-0.38560012
-0.3959282
-0.39238474
-0.3894551
-0.38562155
-0.39252847
-0.3968073
-0.3903565
-0.39651614
-0.39030775
-0.3955621
-0.39524794
-0.39503855
-0.39921907
-0.39627454
-0.39817217
-0.39893302
-0.3943735
-0.39631864
-0.40441453
-0.40255833
-0.39865023
-0.40162796
-0.39710477
-0.39736262
-0.4017215
-0.4019178
-0.3937744
-0.3998847
-0.4001207
-0.39864838
-0.39673156
-0.40376893
-0.39743224
-0.39974853
-0.39625686
-0.40016416
-0.39954427
-0.4000449
-0.40077615
-0.40454754
-0.3988963
-0.40567133
-0.40352142
-0.4021003
-0.4046541
-0.40253097
-0.4014057
-0.40464982
-0.40188
-0.40516338
-0.4110219
-0.40645513
-0.40873402
-0.39884216
-0.40232
-0.40835667
-0.41070932
-0.407017
-0.40091503
-0.40332264
-0.40641823
-0.4068508
-0.40193102
-0.40884858
-0.40627593
-0.40988111
-0.407171
-0.41452867
-0.40483585
-0.4073716
-0.41472062
-0.4099335
-0.40434417
-0.40486825
-0.40290534
-0.4100278
-0.40702587
-0.4172931
-0.40601337
-0.4102005
-0.4079062
-0.41148177
-0.40925553
-0.40916
-0.41530374
-0.40977716
-0.4151903
-0.41218048
-0.41307297
-0.40834424
-0.4083899
-0.41221908
-0.4100338
-0.41993448
-0.40870684
-0.41142464
-0.40541106
-0.4128251
-0.4098997
-0.40966558
-0.41358078
-0.40805352
-0.4141962
-0.41154715
-0.41155875
-0.41475177
-0.41711488
-0.41561002
-0.41227105
-0.41509598
-0.42124882
-0.40899336
-0.41574413
-0.41152996
-0.4067411
-0.4131271
-0.41685513
-0.4143837
-0.41128886
-0.4154027
-0.4117932
-0.41581574
-0.4125494
-0.41595802
-0.4153375
-0.41730475
-0.41612414
-0.4170724
-0.42239785
-0.41254032
-0.41292992
-0.41504148
-0.40744627
-0.4220664
-0.41491002
-0.41660845
-0.41823417
-0.422031
-0.41635627
-0.41512725
-0.41776225
-0.41888237
-0.4191112
-0.41974097
-0.42612338
-0.42357013
-0.41861942
-0.41455862
-0.4251285
-0.42259997
-0.41881493
-0.4162419
-0.41642866
-0.42555645
-0.4158856
-0.41971505
-0.4187146
-0.42977774
-0.42357603
-0.42423907
-0.42619577
-0.419675
-0.41873634
-0.41768172
-0.42194784
-0.4238606
-0.42568108
-0.42347595
-0.4230726
-0.42509592
-0.42070788
-0.4247938
-0.42013723
-0.4228799
-0.42716414
-0.4242068
-0.4219695
-0.4234204
-0.42277697
-0.42407098
-0.41859004
-0.4204973
-0.4233671
-0.42813638
-0.42493695
-0.4209108
-0.42128092
-0.42338946
-0.42644998
-0.4303587
-0.42159468
-0.42954168
-0.42793217
-0.42369452
-0.42736188
-0.4258714
-0.42512867
-0.43008456
-0.43296298
-0.4286667
-0.42695805
-0.43127316
-0.4263864
-0.42596966
-0.43474528
-0.42592347
-0.42890015
-0.429252
-0.4278027
-0.42874599
-0.42681623
-0.4232542
-0.4277205
-0.4286779
-0.43185124
-0.42759886
-0.42139545
-0.4285054
-0.426636
-0.428275
-0.42907137
-0.4328671
-0.43177032
-0.43324268
-0.42876297
-0.42770925
-0.42654133
-0.43002215
-0.43156978
-0.43043733
-0.4266342
-0.423808
-0.4282983
-0.43287602
-0.4302063
-0.42995027
-0.428931
-0.4319364
-0.42183197
-0.42744374
-0.43649793
-0.42942604
-0.4328059
-0.42490023
-0.42926058
-0.43481877
-0.4320182
-0.44074863
-0.43147796
-0.42696124
-0.43148458
-0.43726626
-0.4320029
-0.42744496
-0.43161395
-0.44051856
-0.4339617
-0.43819612
-0.43166712
-0.43305632
-0.4375121
-0.43659127
-0.4381482
-0.43140966
-0.43465602
-0.43506956
-0.43490037
-0.43887925
-0.43731615
-0.43730423
-0.43099552
-0.43667182
-0.43764523
-0.4359495
-0.43944845
-0.44068593
-0.4420817
-0.4377734
-0.4357687
-0.4420709
-0.43097854
-0.4355251
-0.44217768
-0.44215712
-0.4405216
-0.4349858
-0.4392545
-0.43750343
-0.438822
-0.43863687
-0.44007334
-0.43899268
-0.43644214
-0.4352223
-0.44004658
-0.44161743
-0.4416057
-0.44009164
-0.4406753
-0.43888932
-0.4387169
-0.43787485
-0.43935862
-0.43715802
-0.43950036
-0.43571594
-0.43785405
-0.44216055
-0.43902594
-0.44645646
-0.43606892
-0.4361277
-0.43897745
-0.4471772
-0.4438149
-0.44173726
-0.44267908
-0.43875948
-0.44508693
-0.4427832
-0.43810833
-0.4455348
-0.43494672
-0.44957966
-0.4417805
-0.43369266
-0.44090816
-0.438932
-0.44233966
-0.44480968
-0.44088107
-0.44036844
-0.44417712
-0.439458
-0.44694555
-0.44460428
-0.44157058
-0.44092298
-0.44823265
-0.4409173
-0.4384508
-0.44541055
-0.44023302
-0.44392732
-0.45054424
-0.43561614
-0.44022986
-0.44735232
-0.44524884
-0.43771005
-0.44094813
-0.4457458
-0.4474433
-0.44849658
-0.4454332
-0.44927704
-0.4417524
-0.44960308
-0.44261956
-0.4434998
-0.44825193
-0.44934145
-0.44705462
-0.44859466
-0.44984078
-0.45319712
-0.44684848
-0.4481728
-0.44522652
-0.4444484
-0.4499816
-0.44578686
-0.4476646
-0.45166895
-0.4481813
-0.45267546
-0.4503349
-0.44431803
-0.44701427
-0.4472461
-0.45020145
-0.45096487
-0.45162514
-0.44938734
-0.44940808
-0.45726976
-0.45245904
-0.45282277
-0.45038414
-0.4446912
-0.44919926
-0.4510608
-0.4484717
-0.45189965
-0.45274624
-0.4492461
-0.45207167
-0.45488754
-0.4513739
-0.45614162
-0.44646043
-0.4507552
-0.44961795
-0.45096624
-0.45178312
-0.45247516
-0.45411623
-0.45399404
-0.4500287
-0.44403428
-0.45316216
-0.45648617
-0.45145118
-0.4456289
-0.4489908
-0.45175716
-0.4553797
-0.4470583
-0.44766897
-0.45226803
-0.44723457
-0.45668605
-0.44928837
-0.45822677
-0.45246455
-0.4504857
-0.45830157
-0.45408502
-0.45087537
-0.4557476
-0.45398027
-0.4530163
-0.44919822
-0.46024778
-0.4599921
-0.44636527
-0.45552793
-0.45920423
-0.46088558
-0.45395342
-0.45288268
-0.45431843
-0.45536667
-0.4540564
-0.46041906
-0.45270997
-0.4558299
-0.45966905
-0.4603353
-0.45663258
-0.44912452
-0.45985508
-0.45286956
-0.455121
-0.4513523
-0.4552748
-0.45143303
-0.45863664
-0.45425546
-0.46184
-0.45343655
-0.45138508
-0.45643243
-0.4616745
-0.4618174
-0.45181388
-0.45662388
-0.45661572
-0.45894083
-0.45394656
-0.45626011
-0.4535393
-0.45699567
-0.45663577
-0.4572181
-0.45193398
-0.4532598
-0.45624575
-0.45698768
-0.45933914
-0.4556062
-0.45408314
-0.45469898
-0.45820597
-0.4588718
-0.45458966
-0.45942074
-0.4580113
-0.4547082
-0.45667532
-0.46085438
-0.4575695
-0.45254478
-0.46168262
-0.4557821
-0.45856014
-0.45850033
-0.45840025
-0.45726472
-0.46042004
-0.46130654
-0.4563444
-0.45600137
-0.45993316
-0.4554936
-0.46057072
-0.45342714
-0.46086457
-0.4593387
-0.4566734
-0.4617184
-0.4632645
-0.45809767
-0.4553389
-0.455624
-0.46132943
-0.46077782
-0.45558155
-0.46416882
-0.4622244
-0.4626915
-0.46220762
-0.4585258
-0.45977214
-0.45845902
-0.46610475
-0.46339038
-0.46289304
-0.45881578
-0.45994848
-0.46171916
-0.45765108
-0.45781645
-0.46512365
-0.46651056
-0.46190697
-0.46698046
-0.45787078
-0.46349323
-0.46754748
-0.46686712
-0.460042
-0.4619106
-0.45914766
-0.47166073
-0.4682264
-0.46504858
-0.46148244
-0.4609104
-0.46843404
-0.46832302
-0.4668621
-0.46821174
-0.47045892
-0.46045527
-0.46137667
-0.46418586
-0.46702844
-0.4646548
-0.46581787
-0.46589714
-0.46514863
-0.462274
-0.47255418
-0.46345174
-0.47010848
-0.46253806
-0.4681235
-0.4685821
-0.46962297
-0.47231078
-0.46828347
-0.469378
-0.46700603
-0.46477044
-0.46451607
-0.4643287
-0.46560195
-0.47108036
-0.46848083
-0.47240677
-0.46669546
-0.46468857
-0.4647569
-0.46568954
-0.46276852
-0.4704712
-0.46300483
-0.47079745
-0.46744254
-0.46731672
-0.46563768
-0.46740696
-0.46694487
-0.46827003
-0.4705842
-0.4631803
-0.46636397
-0.4711647
-0.4692143
-0.46945357
-0.47046316
-0.47070396
-0.47089088
-0.4644894
-0.47460437
-0.47294036
-0.47361723
-0.46736136
-0.4717128
-0.47003344
-0.4713998
-0.46989685
-0.4692363
-0.46567145
-0.46704125
-0.46760806
-0.46981376
-0.46680048
-0.46810666
-0.47503063
-0.47061175
-0.47181508
-0.47183108
-0.46765214
-0.46937189
-0.4705994
-0.47424623
-0.4678608
-0.47382778
-0.47230306
-0.4700259
-0.47015446
-0.4731351
-0.47174522
-0.47702992
-0.4724378
-0.47404912
-0.47474322
-0.4732589
-0.47116765
-0.4778319
-0.4743193
-0.4744298
-0.4728818
-0.4767809
-0.47624552
-0.47582775
-0.4786842
-0.47296745
-0.4783476
-0.47166103
-0.47632203
-0.47813553
-0.47712412
-0.4772155
-0.47240737
-0.47615942
-0.47869816
-0.47897968
-0.47782457
-0.47000718
-0.47626072
-0.47843567
-0.47762185
-0.48078302
-0.4804357
-0.474905
-0.47343558
-0.47530138
-0.47916573
-0.47337827
-0.4737012
-0.4793866
-0.4733904
-0.4775409
-0.47719225
-0.4795162
-0.47391298
-0.47546577
-0.4782147
-0.48199418
-0.47479734
-0.47727257
-0.4752958
-0.48048186
-0.4784503
-0.47170395
-0.47135144
-0.4804131
-0.48359105
-0.47681695
-0.4767302
-0.47716156
-0.47801396
-0.47989833
-0.47675598
-0.47474188
-0.48166436
-0.47225308
-0.4759249
-0.47687012
-0.48048714
-0.48023716
-0.48268223
-0.48007628
-0.47834307
-0.48011205
-0.48245326
-0.48058578
-0.4849724
-0.4741404
-0.4811151
-0.4795216
-0.48087746
-0.47713238
-0.48002535
-0.47488168
-0.48161465
-0.4821747
-0.4800661
-0.48095813
-0.4833166
-0.48033366
-0.48335955
-0.48418137
-0.4807727
-0.48025283
-0.48712328
-0.48508856
-0.48347914
-0.48610744
-0.48398957
-0.4844801
-0.4816625
-0.48006928
-0.48303428
-0.48782587
-0.48340318
-0.48352236
-0.47926715
-0.48529536
-0.4899681
-0.47986984
-0.48517147
-0.48781916
-0.4863796
-0.4865014
-0.48577657
-0.48416045
-0.4843134
-0.4813272
-0.4875637
-0.4882796
-0.48690075
-0.48326793
-0.48559445
-0.48235768
-0.48523822
-0.48787788
-0.4872191
-0.49077815
-0.48409826
-0.48108333
-0.48879725
-0.4861894
-0.4840348
-0.48471418
-0.48937488
-0.4848305
-0.4863773
-0.48776928
-0.484244
-0.4873725
-0.49001306
-0.4927387
-0.48909867
-0.48430437
-0.4883414
-0.48381448
-0.4834941
-0.48739272
-0.47955847
-0.4860559
-0.49138036
-0.4889163
-0.48076552
-0.48689693
-0.4855319
-0.48758227
-0.49089497
-0.48926267
-0.48512298
-0.4874585
-0.49088812
-0.48244387
-0.48963082
-0.4899688
-0.4852368
-0.49018654
-0.4867377
-0.4905238
-0.48895738
-0.48702607
-0.48396653
-0.4860939
-0.48856142
-0.49342602
-0.48356396
-0.48459148
-0.48553294
-0.48324737
-0.49069297
-0.48756126
-0.49188977
-0.4886947
-0.4848189
-0.48740932
-0.48723924
-0.49102154
-0.4849
-0.48924696
-0.48936993
-0.48956567
-0.49200964
-0.4895847
-0.48482168
-0.4894091
-0.49069914
-0.490736
-0.4915963
-0.49067962
-0.4884243
-0.48837996
-0.49104977
-0.49477667
-0.48967868
-0.49464712
-0.4922741
-0.48621082
-0.48665926
-0.48966223
-0.4871217
-0.4893178
-0.48940322
-0.48616546
-0.487697
-0.48645803
-0.49103844
-0.48595867
-0.48821157
-0.4890386
-0.49102148
-0.48466244
-0.48762226
-0.4864059
-0.49530968
-0.48485872
-0.49433663
-0.49031243
-0.49600306
-0.4947817
-0.4870279
-0.48755968
-0.49098742
-0.49063933
-0.49377832
-0.4889385
-0.48694938
-0.491859
-0.48564368
-0.4921854
-0.4892953
-0.48330772
-0.4897665
-0.48855305
-0.4882124
-0.49065018
-0.49263614
-0.4919967
-0.49287558
-0.4877553
-0.49226895
-0.48846018
-0.48836055
-0.49369413
-0.48990774
-0.49459317
-0.4947329
-0.48912126
-0.48684752
-0.49262354
-0.48682275
-0.49671456
-0.4853099
-0.49192685
-0.4918219
-0.4926614
-0.49237552
-0.48926795
-0.4916487
-0.4954509
-0.48922595
-0.48903266
-0.49162
-0.49672315
-0.49125773
-0.4946586
-0.49439386
-0.49343517
-0.49236485
-0.4932097
-0.49212417
-0.49145886
-0.49709263
-0.48711607
-0.4906278
-0.48751515
-0.49489766
-0.48855165
-0.48986715
-0.48897585
-0.4941762
-0.49246258
-0.4961301
-0.49390727
-0.49525753
-0.49435267
-0.49577457
-0.49513647
-0.4917957
-0.48822263
-0.49092838
-0.4980293
-0.4934884
-0.48847228
-0.4913552
-0.4933804
-0.4935533
-0.49451026
-0.49137226
-0.4868489
-0.4916849
-0.49363285
-0.4914339
-0.49472326
-0.49120927
-0.48827082
-0.49644902
-0.4936456
-0.4977417
-0.49542895
-0.49151295
-0.49758306
-0.49307144
-0.49296623
-0.49477226
-0.49322218
-0.4977045
-0.4923114
-0.4932001
-0.50072646
-0.49506423
-0.48935735
-0.49160278
-0.49591112
-0.4919383
-0.49764743
-0.49535662
-0.49548316
-0.48978752
-0.49450827
-0.49494168
-0.49224234
-0.49538365
-0.49408466
-0.49195513
-0.4915457
-0.49687943
-0.49438047
-0.49920312
-0.4916345
-0.48956487
-0.49192443
-0.49765867
-0.4907658
-0.49268317
-0.4913944
-0.49528047
-0.49309775
-0.49545
-0.49797687
-0.48930752
-0.49654624
-0.494202
-0.49205142
-0.49572042
-0.4901781
-0.5028648
-0.4963677
-0.49451724
-0.49543703
-0.4929642
-0.49910676
-0.49899068
-0.49714947
-0.49757513
-0.4967487
-0.49288055
-0.49945503
-0.49642023
-0.49797216
-0.4967322
-0.49682432
-0.49824128
-0.49656972
-0.49852285
-0.5014256
-0.49915782
-0.49772474
-0.49367544
-0.49575755
-0.4915086
-0.49253285
-0.49124262
-0.49687618
-0.49220976
-0.49466515
-0.49576497
-0.49375606
-0.49195504
-0.49133047
-0.49713635
-0.4973206
-0.49497306
-0.4958399
-0.49454543
-0.4967717
-0.49867886
-0.49510434
-0.4984391
-0.49409267
-0.50021505
-0.50209516
-0.4936975
-0.498622
-0.49704918
-0.49364027
-0.4947453
-0.49853092
-0.4960662
-0.4981299
-0.4947182
-0.49808544
-0.49739715
-0.5007175
-0.4987527
-0.50380236
-0.49961716
-0.49627367
-0.4972127
-0.49453393
-0.49756637
-0.49655533
-0.5004083
-0.4989527
-0.49901056
-0.49711737
-0.49563766
-0.5031376
-0.49519992
-0.4965128
-0.50337136
-0.49797562
-0.49111784
-0.49646702
-0.49635273
-0.49764106
-0.49422055
-0.49225497
-0.497138
-0.4955734
-0.49320582
-0.49837026
-0.5012869
-0.5032111
-0.49974963
-0.5001342
-0.49514216
-0.49155295
-0.49207857
-0.49577707
-0.4987185
-0.49677357
-0.49430144
-0.49978402
-0.49575284
-0.49786434
-0.49483922
-0.49853757
-0.49693394
-0.49511993
-0.5031824
-0.50015706
-0.49984038
-0.49620923
-0.49718988
-0.49988112
-0.49040627
-0.49283218
-0.4967624
-0.50256073
-0.5043193
-0.49315324
-0.5006134
-0.49803862
-0.49657732
-0.49580264
-0.49427
-0.5000147
-0.5004226
-0.4989945
-0.5023075
-0.50338876
-0.4966805
-0.49722755
-0.50288105
-0.5014767
-0.4975284
-0.5024472
-0.49773237
-0.5004794
-0.49491096
-0.49564323
-0.49869114
-0.50064373
-0.49389938
-0.50069135
-0.4969963
-0.4950474
-0.4956857
-0.50228995
-0.4975072
-0.49737877
-0.5012465
-0.49875098
-0.4993661
-0.5002138
-0.49823692
-0.50278836
-0.5046529
-0.4996651
-0.49808535
-0.4973761
-0.5022479
-0.4939976
-0.49999946
-0.5003651
-0.50218666
-0.50114745
-0.49749956
-0.500334
-0.49920994
-0.5012374
-0.50077295
-0.49664393
-0.49922687
-0.49908778
-0.4941252
-0.49950662
-0.50313085
-0.5001097
-0.5020765
-0.50309104
-0.5004949
-0.50473857
-0.49875107
-0.50266886
-0.49635318
-0.5023198
-0.502937
-0.5002505
-0.5005409
-0.50252646
-0.49644879
-0.5008339
-0.5036778
-0.505219
-0.5018528
-0.5002623
-0.5011444
-0.5029659
-0.4998135
-0.49741802
-0.50010204
-0.49531925
-0.50093937
-0.49460703
-0.50482315
-0.50434846
-0.49946406
-0.50133854
-0.50362813
-0.501609
-0.49865174
-0.49440184
-0.50343543
-0.505741
-0.50029033
-0.50325954
-0.50495696
-0.50424844
-0.5022664
-0.5042528
-0.50306886
-0.50097185
-0.501292
-0.50429505
-0.49800736
-0.503286
-0.4983321
-0.500776
-0.5026368
-0.50309515
-0.5020736
-0.504369
-0.50084376
-0.5067549
-0.5034861
-0.50553423
-0.49856588
-0.50453794
-0.5047333
-0.50228536
-0.4988366
-0.50281906
-0.50024027
-0.5065465
-0.5003718
-0.49518743
-0.50161153
-0.5035505
-0.50178367
-0.507009
-0.50160223
-0.50126004
-0.5003809
-0.4957805
-0.5060157
-0.49908224
-0.49960062
-0.50642633
-0.5018727
-0.5003156
-0.5023936
-0.50197285
-0.49783814
-0.4987882
-0.50402594
-0.5029224
-0.5039542
-0.5056575
-0.5028768
-0.4956571
-0.49858716
-0.5054105
-0.50208515
-0.4992582
-0.4950494
-0.50537646
-0.5064894
-0.49629518
-0.5013576
-0.50427234
-0.50193727
-0.4991996
-0.5023754
-0.49827832
-0.5061056
-0.49876413
-0.5032973
-0.50318694
-0.50747985
-0.5048586
-0.5072121
-0.5008076
-0.5001535
-0.5005527
-0.50379586
-0.5043613
-0.50244004
-0.5002939
-0.50442064
-0.4988588
-0.50108093
-0.5044718
-0.50434136
-0.4996966
-0.505623
-0.503337
-0.50241274
-0.50305545
-0.5029671
-0.5001675
-0.49784413
-0.5012018
-0.5081236
-0.5011858
-0.50445175
-0.49983606
-0.5024802
-0.50324345
-0.50251013
-0.502878
-0.50540745
-0.5038983
-0.5021381
-0.50085557
-0.50569034
-0.5054156
-0.50915384
-0.5065137
-0.50283295
-0.49925038
-0.50171983
-0.50214267
-0.5066312
-0.5041192
-0.51095843
-0.50366634
-0.5047634
-0.5080043
-0.51108426
-0.5112495
-0.5026699
-0.50269437
-0.50651443
-0.5014681
-0.5051364
-0.501983
-0.50090516
-0.5051852
-0.50818264
-0.50609463
-0.503338
-0.50066125
-0.50177145
-0.5036762
-0.50327134
-0.50320435
-0.50872844
-0.5071301
-0.50633526
-0.50761634
-0.50738
-0.5058104
-0.5054816
-0.51147133
-0.5090036
-0.50374955
-0.5023171
-0.5048594
-0.5070354
-0.5066327
-0.50483453
-0.5108032
-0.5109592
-0.5086847
-0.5108319
-0.50225097
-0.51165426
-0.5003134
-0.5038672
-0.5059088
-0.5080028
-0.5043613
-0.5098448
-0.51009667
-0.5074836
-0.5100418
-0.5071242
-0.50393707
-0.5062536
-0.5085389
-0.5093198
-0.5062613
-0.5038938
-0.5093236
-0.51441115
-0.50434136
-0.50884724
-0.50644773
-0.505446
-0.5052334
-0.5037888
-0.5087724
-0.51161534
-0.50354254
-0.50396574
-0.5102962
-0.50198454
-0.5067346
-0.50569856
-0.50807035
-0.50827366
-0.5081951
-0.50650877
-0.5098227
-0.50555056
-0.51234293
-0.50783014
-0.50417536
-0.51130515
-0.50850946
-0.5097487
-0.50474834
-0.5147351
-0.5124342
-0.5080035
-0.5144797
-0.5059709
-0.5118068
-0.5094756
-0.50698483
-0.50474596
-0.50667006
-0.503361
-0.5022283
-0.5083155
-0.51063615
-0.50710064
-0.5119948
-0.50937915
-0.5091556
-0.5061827
-0.50532764
-0.5111366
-0.50835174
-0.50629574
-0.5093152
-0.50694096
-0.51021564
-0.5072835
-0.51029885
-0.5090881
-0.5109245
-0.51411414
-0.51035774
-0.50875527
-0.50996023
-0.5108611
-0.50935006
-0.5055541
-0.5095984
-0.50559646
-0.51187944
-0.5100381
-0.5048498
-0.508424
-0.50834215
-0.5128634
-0.5068697
-0.51466864
-0.51337665
-0.5130645
-0.50773114
-0.5089909
-0.5122824
-0.5100979
-0.5059188
-0.50815517
-0.50442374
-0.51042706
-0.51056814
-0.5084901
-0.5115544
-0.50987834
-0.5106112
-0.5109524
-0.51137745
-0.51068443
-0.50682527
-0.51041067
-0.5120283
-0.5149492
-0.50589365
-0.5076861
-0.50348204
-0.50329936
-0.5069487
-0.5099968
-0.51046973
-0.50884795
-0.5095781
-0.5117383
-0.50698924
-0.5109682
-0.50836587
-0.5087745
-0.5035748
-0.5076625
-0.51005423
-0.5087882
-0.50828797
-0.51006764
-0.5102207
-0.51392543
-0.5088877
-0.5085864
-0.51153016
-0.5100104
-0.5035847
-0.50995415
-0.5071291
-0.5128041
-0.51120514
-0.51058066
-0.50650394
-0.50905764
-0.51303667
-0.51355183
-0.50843114
-0.5093082
-0.5106569
-0.5106198
-0.51118666
-0.508117
-0.5081254
-0.5081889
-0.5128873
-0.5101753
-0.5133798
-0.5113249
-0.51163626
-0.50741744
-0.5152632
-0.5080811
-0.5129226
-0.5130302
-0.5081623
-0.5113352
-0.51158106
-0.50842476
-0.51162755
-0.508459
-0.51409304
-0.5085696
-0.50743276
-0.51209176
-0.511531
-0.50645816
-0.5069375
-0.5078409
-0.51257396
-0.5129069
-0.5077505
-0.50770056
-0.50789565
-0.5117731
-0.5144102
-0.50988376
-0.50830907
-0.5113127
-0.5055658
-0.51174116
-0.507959
-0.51235914
-0.5120391
-0.5063705
-0.5112069
-0.50882024
-0.51365656
-0.50922894
-0.50893396
-0.5132589
-0.5130443
-0.50879484
-0.51063186
-0.5089572
-0.5126943
-0.5131305
-0.51484317
-0.51028055
-0.5122997
-0.5139014
-0.51542246
-0.5127709
-0.5090871
-0.5068225
-0.51265633
-0.5094476
-0.51089036
-0.5133508
-0.5148614
-0.5138945
-0.51665187
-0.51499933
-0.5115169
-0.510688
-0.51761365
-0.51320076
-0.5141953
-0.5112662
-0.5144939
-0.51481104
-0.5139016
-0.5090255
-0.5112179
-0.51114625
-0.5131566
-0.5090031
-0.5116085
-0.51599056
-0.5124722
-0.5118036
-0.51757985
-0.5135325
-0.51729375
-0.51274157
-0.51742375
-0.51094353
-0.51365244
-0.5076299
-0.5152771
-0.5163671
-0.51006085
-0.51018435
-0.51331705
-0.5153865
-0.510075
-0.5124898
-0.5129485
-0.511373
-0.51425517
-0.5155023
-0.516111
-0.5107721
-0.5117583
-0.5131015
-0.5085409
-0.51063824
-0.51506376
-0.5118314
-0.5136113
-0.5158202
-0.50754535
-0.51228774
-0.5125097
-0.51287043
-0.5093024
-0.51586604
-0.51645637
-0.507091
-0.5142198
-0.5090585
-0.5104944
-0.51527184
-0.5130599
-0.5149772
-0.5126855
-0.50960535
-0.5129206
-0.510688
-0.5097079
-0.5110691
-0.5151977
-0.50459766
-0.51131773
-0.51115286
-0.51400405
-0.5152524
-0.5122584
-0.51510656
-0.5119172
-0.5151307
-0.5190157
-0.51600766
-0.51484436
-0.5187693
-0.5171184
-0.5137664
-0.51590717
-0.5139811
-0.5109934
-0.5153663
-0.5136501
-0.5097141
-0.51204336
-0.5149056
-0.51389503
-0.51131964
-0.5129637
-0.51514167
-0.5197203
-0.5201509
-0.5151848
-0.51095694
-0.5122253
-0.5175401
-0.5128009
-0.5121202
-0.5139622
-0.5203409
-0.5134215
-0.51844907
-0.51097685
-0.5216667
-0.5146324
-0.5146679
-0.5167557
-0.5129433
-0.5119535
-0.51846933
-0.5143937
-0.51026124
-0.51056004
-0.5126783
-0.5142514
-0.5147404
-0.5057768
-0.50942576
-0.5145311
-0.51407367
-0.5139631
-0.51452637
-0.5141922
-0.51243085
-0.51100045
-0.5154399
-0.5133616
-0.5074941
-0.5161101
-0.51545894
-0.5162478
-0.51872605
-0.5134342
-0.5123504
-0.51401865
-0.5153051
-0.5129364
-0.5147009
-0.5115996
-0.51748335
-0.51216334
-0.5204012
-0.5135749
-0.5175277
-0.5170267
-0.5164282
-0.5118471
-0.51794106
-0.513218
-0.5198541
-0.5125565
-0.51480114
-0.5100884
-0.5181727
-0.51427376
-0.51536566
-0.5140834
-0.5110773
-0.5111327
-0.5118514
-0.5180129
-0.5087831
-0.51370656
-0.51624686
-0.51768863
-0.5177342
-0.5139135
-0.5129922
-0.5160603
-0.51676327
-0.51737
-0.51521075
-0.5130992
-0.5105206
-0.51878065
-0.5171112
-0.51426476
-0.5159518
-0.51261365
-0.5172324
-0.5121325
-0.5159716
-0.5104632
-0.51261145
-0.51462036
-0.51088434
-0.51655513
-0.5161477
-0.5112206
-0.51635164
-0.51806676
-0.5206589
-0.51708657
-0.5127595
-0.515283
-0.51866126
-0.5144636
-0.5165858
-0.5197522
-0.51861507
-0.5124532
-0.5121698
-0.5201018
-0.51621616
-0.5163747
-0.5200279
-0.5170302
-0.5174402
-0.5159477
-0.51449186
-0.5166565
-0.5153678
-0.51633656
-0.5139391
-0.5190029
-0.5125664
-0.51700217
-0.51136404
-0.5162195
-0.5119126
-0.51783895
-0.5146239
-0.51117635
-0.5149365
-0.5181881
-0.51468563
-0.51714766
-0.5141684
-0.5143932
-0.5148114
-0.5124098
-0.5235847
-0.5155873
-0.51321363
-0.5158913
-0.51303166
-0.5189782
-0.5205139
-0.513169
-0.5171933
-0.51721066
-0.51686466
-0.51783437
-0.521285
-0.51981014
-0.51538455
-0.51693296
-0.5135603
-0.5117371
-0.51645374
-0.5129243
-0.5191171
-0.5174598
-0.5156989
-0.51771104
-0.51462084
-0.5122163
-0.5190308
-0.51677626
-0.5188543
-0.5110517
-0.51494247
-0.51706445
-0.5194296
-0.5180085
-0.5191612
-0.51607144
-0.5150224
-0.51177484
-0.5195557
-0.5162198
-0.5118334
-0.51406026
-0.515841
-0.5176898
-0.5131172
-0.5188968
-0.51540923
-0.5132906
-0.5167574
-0.5133734
-0.5184847
-0.5149199
-0.52014226
-0.5109356
-0.52327865
-0.5166465
-0.51737905
-0.51803213
-0.5201645
-0.51211005
-0.51735485
-0.51417834
-0.515035
-0.51990396
-0.5160827
-0.5121061
-0.5165679
-0.51805705
-0.5160009
-0.51493293
-0.5166456
-0.52039236
-0.514232
-0.51885253
-0.5139018
-0.51846766
-0.51344043
-0.5163669
-0.5145583
-0.5165005
-0.5198943
-0.51808864
-0.5188186
-0.519585
-0.5148056
-0.5151676
-0.5144487
-0.51902664
-0.51796085
-0.51229215
-0.5133023
-0.51195675
-0.51857245
-0.51275784
-0.52031976
-0.5175372
-0.51573366
-0.51492083
-0.51708436
-0.51750916
-0.5189829
-0.51330847
-0.513653
-0.5174094
-0.51958513
-0.52141935
-0.5141947
-0.52066797
-0.5168708
-0.5165378
-0.51260984
-0.51252526
-0.5171403
-0.5179236
-0.5127319
-0.51855135
-0.5192044
-0.517334
-0.51182884
-0.517212
-0.51456827
-0.5190387
-0.511942
-0.52096754
-0.5180453
-0.5211361
-0.5135246
-0.51317346
-0.52072394
-0.5168495
-0.51652724
-0.51422656
-0.5186467
-0.5153552
-0.5163484
-0.5218991
-0.5182852
-0.5193116
-0.5161777
-0.5158759
-0.5158027
-0.51598555
-0.5138935
-0.51188415
-0.5177756
-0.51860887
-0.51670825
-0.517406
-0.518288
-0.5146196
-0.5165593
-0.5183557
-0.51906043
-0.5148075
-0.5156968
-0.52379686
-0.51627815
-0.51456064
-0.51745385
-0.513505
-0.5162072
-0.5124219
-0.51848084
-0.51829267
-0.5111841
-0.51442325
-0.51368916
-0.51764125
-0.51888436
-0.52460283
-0.51892304
-0.51926035
-0.51673496
-0.51825494
-0.5180909
-0.5201165
-0.51549464
-0.5213991
-0.5209888
-0.5123625
-0.5186521
-0.51521
-0.51958215
-0.52006125
-0.51895434
-0.5179985
-0.51827276
-0.5242719
-0.51690936
-0.5181704
-0.5168801
-0.5191574
-0.51665
-0.5177203
-0.52097756
-0.5167665
-0.51926893
-0.5146889
-0.5156017
-0.5162073
-0.51758087
-0.51173973
-0.5179835
-0.51640075
-0.51341903
-0.51374805
-0.51885074
-0.5245952
-0.51677
-0.5161871
-0.5153592
-0.5222106
-0.52162755
-0.5217089
-0.5173629
-0.5167426
-0.51777893
-0.5182792
-0.51838195
-0.52339816
-0.51642084
-0.5172998
-0.51961493
-0.5183056
-0.51684767
-0.51780987
-0.51673055
-0.52012223
-0.51997375
-0.514884
-0.5152369
-0.521248
-0.51771414
-0.51723313
-0.514392
-0.5208842
-0.52076524
-0.5214408
-0.51862276
-0.5196511
-0.51586926
-0.522072
-0.51811016
-0.5213722
-0.51449543
-0.5180373
-0.52208877
-0.52049667
-0.52079475
-0.51464915
-0.51867455
-0.5168341
-0.5178867
-0.51838124
-0.5245882
-0.5123933
-0.522028
-0.5226322
-0.5204449
-0.51126707
-0.5204911
-0.5210243
-0.51855624
-0.5164817
-0.5177443
-0.52187556
-0.51919705
-0.51691294
-0.5181778
-0.51832557
-0.5131802
-0.5187463
-0.51971984
-0.5171577
-0.5219621
-0.51951474
-0.5166283
-0.51714784
-0.5217892
-0.51307786
-0.51972365
-0.51816016
-0.5150536
-0.5169012
-0.5207461
-0.51919734
-0.51903534
-0.5177577
-0.51821166
-0.51848185
-0.52067095
-0.516876
-0.51684636
-0.5182813
-0.5182922
-0.5159812
-0.5085987
-0.5238074
-0.52280396
-0.5146983
-0.51859564
-0.5240667
-0.52085704
-0.5262992
-0.52258426
-0.51266164
-0.52036816
-0.51640826
-0.52261066
-0.5160334
-0.52377063
-0.51701206
-0.5201119
-0.52021706
-0.52027076
-0.52017057
-0.5202809
-0.51720136
-0.5179984
-0.5240115
-0.5230668
-0.52323747
-0.5252116
-0.5261648
-0.519371
-0.5243881
-0.51852554
-0.516921
-0.5225373
-0.5180274
-0.52210075
-0.5211998
-0.52156484
-0.5224504
-0.51543903
-0.51950574
-0.5184967
-0.52092665
-0.52158153
-0.52226025
-0.51924086
-0.52090466
-0.5215626
-0.5252628
-0.5237453
-0.5263138
-0.52596503
-0.52458125
-0.5220376
-0.51912004
-0.52567625
-0.52083176
-0.52273005
-0.5157495
-0.52463937
-0.5212054
-0.52000725
-0.5170689
-0.520026
-0.5208572
-0.521558
-0.5191451
-0.527053
-0.51874894
-0.52332366
-0.5249717
-0.5253264
-0.51903886
-0.5191862
-0.52058476
-0.5187376
-0.5177068
-0.51537174
-0.52132946
-0.5199004
-0.52885556
-0.5250417
-0.52387965
-0.51841295
-0.5222829
-0.5226133
-0.5244038
-0.5212189
-0.52574354
-0.52486676
-0.5236327
-0.5281148
-0.5224211
-0.52701646
-0.5231923
-0.5197926
-0.52488106
-0.52433157
-0.52580416
-0.5225299
-0.5238143
-0.5224941
-0.5206165
-0.5204734
-0.51882845
-0.52497154
-0.5234013
-0.52572995
-0.52392954
-0.5194487
-0.52227247
-0.52214885
-0.51866674
-0.52295786
-0.522322
-0.5279546
-0.52174157
-0.52599573
-0.5275105
-0.5216679
-0.5291644
-0.52164793
-0.522224
-0.52158576
-0.5198479
-0.51886725
-0.5200579
-0.5254729
-0.5291339
-0.5263291
-0.5234512
-0.52578753
-0.5240337
-0.5219069
-0.5182658
-0.52147466
-0.52123505
-0.52307266
-0.52494013
-0.5229073
-0.5225265
-0.52014834
-0.5211163
-0.5253105
-0.521079
-0.5262514
-0.5233195
-0.52340037
-0.52670336
-0.5196018
-0.52646804
-0.524346
-0.5282385
-0.52563375
-0.5204799
-0.52558565
-0.51931626
-0.52137244
-0.51804596
-0.524673
-0.5278899
-0.5242814
-0.5255652
-0.51870173
-0.52170825
-0.51882505
-0.52534205
-0.5206116
-0.5259363
-0.5221649
-0.5202031
-0.5221439
-0.5198081
-0.52951807
-0.52252495
-0.52009517
-0.5198521
-0.5296077
-0.52670914
-0.5185398
-0.524578
-0.52414054
-0.5245622
-0.5231595
-0.523813
-0.5224468
-0.52272093
-0.5197786
-0.5222099
-0.5215391
-0.5250899
-0.52353644
-0.5213154
-0.51965696
-0.52717155
-0.5206148
-0.5217652
-0.5210022
-0.5241639
-0.5281415
-0.5222214
-0.5250273
-0.52638394
-0.5233658
-0.52131397
-0.52626187
-0.52755034
-0.53021365
-0.5255698
-0.52161205
-0.52176756
-0.5192043
-0.52853703
-0.52365905
-0.52543974
-0.5276756
-0.51909816
-0.52013606
-0.52463406
-0.52177024
-0.52221316
-0.5248814
-0.5250531
-0.52171683
-0.5253513
-0.51942265
-0.5268518
-0.5247562
-0.5237378
-0.5245282
-0.52535844
-0.53025806
-0.525308
-0.5293341
-0.52357125
-0.5226418
-0.52928364
-0.52273315
-0.5283522
-0.52188224
-0.52402973
-0.527524
-0.52534467
-0.5328032
-0.5295549
-0.5304247
-0.51976395
-0.52843827
-0.52095664
-0.51817745
-0.5251095
-0.5271167
-0.5233583
-0.5231707
-0.52438104
-0.5307283
-0.5263388
-0.52282053
-0.5275752
-0.53012896
-0.52703375
-0.5255798
-0.5275692
-0.53009284
-0.52203596
-0.5226299
-0.52121377
-0.5262224
-0.52500916
-0.5250936
-0.52193826
-0.52527803
-0.520479
-0.5256709
-0.5231215
-0.5212198
-0.52622133
-0.52462745
-0.5256181
-0.5231406
-0.5256534
-0.52190125
-0.5222084
-0.5274679
-0.52652675
-0.5326564
-0.52406657
-0.52419615
-0.5241939
-0.528323
-0.5301057
-0.5265957
-0.5247036
-0.5251474
-0.5238868
-0.5260988
-0.5257002
-0.5239342
-0.5293569
-0.5256687
-0.5173965
-0.5283853
-0.523101
-0.5240766
-0.5241109
-0.52667755
-0.52724516
-0.52468526
-0.52479243
-0.53033304
-0.52818334
-0.52784324
-0.5264155
-0.5230323
-0.5266101
-0.52858055
-0.52577186
-0.5245358
-0.52292377
-0.5195891
-0.5253776
-0.53331727
-0.5241221
-0.5261385
-0.5230586
-0.5268204
-0.5251443
-0.53015715
-0.5263762
-0.5284513
-0.5249349
-0.52574134
-0.53026867
-0.5231096
-0.5284777
-0.53381497
-0.5235318
-0.52201426
-0.52899593
-0.5229223
-0.52525526
-0.52447253
-0.5245909
-0.5283131
-0.5305027
-0.530942
-0.5252244
-0.52071434
-0.5262379
-0.52432764
-0.52304566
-0.51908326
-0.52647066
-0.52784956
-0.5276201
-0.52670884
-0.5317043
-0.5268937
-0.5282567
-0.52823657
-0.52074784
-0.520187
-0.52763504
-0.5249828
-0.53093547
-0.5248178
-0.52715814
-0.52730095
-0.5265664
-0.53204566
-0.52652264
-0.5254096
-0.52474546
-0.5324342
-0.52906114
-0.5243188
-0.5257713
-0.52766174
-0.52351207
-0.5235352
-0.523697
-0.5246428
-0.52390385
-0.52896225
-0.5256098
-0.5263139
-0.5275489
-0.5230039
-0.5293282
-0.52868664
-0.52302647
-0.5229589
-0.52273554
-0.5250588
-0.52878475
-0.5255527
-0.5264604
-0.53063875
-0.529696
-0.52495
-0.5311013
-0.5260078
-0.5259144
-0.5271816
-0.53528595
-0.526547
-0.52326256
-0.5237509
-0.52521676
-0.52373946
-0.5308416
-0.53439075
-0.52469856
-0.52627707
-0.5302482
-0.5295185
-0.51981425
-0.5274448
-0.5284014
-0.5245801
-0.5337401
-0.5258655
-0.52742296
-0.52557665
-0.5250075
-0.52817386
-0.52609783
-0.5296782
-0.5274953
-0.5261199
-0.5280287
-0.52900225
-0.52649385
-0.5291624
-0.5263373
-0.5248939
-0.5230278
-0.5303231
-0.52144116
-0.5263205
-0.53182775
-0.52848303
-0.5225334
-0.526828
-0.52821517
-0.52732664
-0.52969456
-0.525848
-0.52547294
-0.5253255
-0.53105754
-0.52827847
-0.529527
-0.5306345
-0.522117
-0.5216897
-0.52612525
-0.5262261
-0.5251247
-0.5286378
-0.52694654
-0.5211315
-0.5280152
-0.52496475
-0.5265585
-0.526974
-0.5233448
-0.5235735
-0.52591926
-0.53208363
-0.53144044
-0.52956766
-0.52689815
-0.5256105
-0.5290064
-0.52861863
-0.53126216
-0.5363156
-0.52739066
-0.5302354
-0.52591175
-0.5297707
-0.526415
-0.5314885
-0.5262229
-0.53054905
-0.52755857
-0.5276089
-0.5307745
-0.53435624
-0.5289165
-0.52583176
-0.5291349
-0.52759534
-0.5255713
-0.5271551
-0.53032625
-0.525864
-0.53331614
-0.52669394
-0.5264222
-0.5305985
-0.52695423
-0.53329563
-0.53058773
-0.52901703
-0.5302715
-0.5253137
-0.53062606
-0.5282147
-0.5241157
-0.5282633
-0.53039265
-0.52756226
-0.5317189
-0.52919346
-0.5254578
-0.52831507
-0.53087395
-0.5268473
-0.5271162
-0.52673465
-0.5301274
-0.5321297
-0.5344401
-0.5350283
-0.52423996
-0.53375894
-0.53208584
-0.5272528
-0.5284786
-0.5278188
-0.5322303
-0.53350616
-0.5318587
-0.5318402
-0.53189355
-0.53004724
-0.5294055
-0.53316224
-0.53115433
-0.5344157
-0.5249457
-0.54393786
-0.5328527
-0.52961606
-0.5320982
-0.53136295
-0.537082
-0.5237976
-0.5301758
-0.5341764
-0.532175
-0.5332029
-0.5261609
-0.5336522
-0.5318106
-0.5316758
-0.53342646
-0.5260817
-0.535804
-0.5360843
-0.53360456
-0.53912127
-0.53679055
-0.5353054
-0.5351433
-0.5317816
-0.53401434
-0.5276302
-0.5288588
-0.5360671
-0.5327726
-0.53772753
-0.5314363
-0.5357976
-0.53589505
-0.5372435
-0.5379697
-0.5379275
-0.53407
-0.5353875
-0.53754425
-0.53588563
-0.5346094
-0.5356803
-0.5374631
-0.53765166
-0.5371054
-0.5380232
-0.53472006
-0.53557783
-0.53990346
-0.53862965
-0.5368986
-0.5376816
-0.540602
-0.53639454
-0.5357205
-0.53963006
-0.53766197
-0.5402199
-0.54073673
-0.53642076
-0.5429991
-0.5413904
-0.5393176
-0.5412874
-0.5369361
-0.5384487
-0.54465127
-0.54444754
-0.53977215
-0.53965694
-0.5381273
-0.5415881
-0.5393052
-0.54200363
-0.541669
-0.54056185
-0.5414335
-0.53961
-0.5396994
-0.53821754
-0.5391756
-0.54207635
-0.54136014
-0.54496384
-0.54613495
-0.5414046
-0.5460594
-0.542062
-0.53849643
-0.5412903
-0.54529357
-0.54901373
-0.54709333
-0.5452723
-0.5484564
-0.54401106
-0.54622585
-0.55118805
-0.5466519
-0.5482008
-0.55101186
-0.54610175
-0.5502158
-0.54877037
-0.54953694
-0.5472791
-0.5489013
-0.5485907
-0.549298
-0.5499403
-0.5493205
-0.55406284
-0.55057454
-0.55587596
-0.5505953
-0.5533494
-0.5549275
-0.5543497
-0.5549409
-0.5553456
-0.5556653
-0.5533188
-0.5569266
-0.55533075
-0.55922925
-0.55759466
-0.5605428
-0.5623161
-0.559416
-0.5605956
-0.5650685
-0.56427675
-0.56374115
-0.56037706
-0.55974233
-0.5634749
-0.56077147
-0.5686398
-0.56744564
-0.5651498
-0.5610204
-0.5688786
-0.5648749
-0.56827825
-0.56853765
-0.56474864
-0.5663685
-0.5664033
-0.5693168
-0.5670409
-0.5718535
-0.5705269
-0.5707749
-0.57241696
-0.56863207
-0.57085454
-0.5716215
-0.5752407
-0.5723597
-0.57064575
-0.5691624
-0.57465726
-0.5756439
-0.5701367
-0.57563037
-0.57853216
-0.5781105
-0.5774889
-0.5778775
-0.5755768
-0.57271725
-0.5785661
-0.5801169
-0.58233774
-0.58403116
-0.5740398
-0.5803377
-0.5833728
-0.5808487
-0.5831086
-0.58687437
-0.5821126
-0.582939
-0.58539605
-0.5840055
-0.5876894
-0.58564436
-0.5852352
-0.5869513
-0.585552
-0.58658975
-0.581956
-0.5860785
-0.58500224
-0.5851439
-0.5859121
-0.5864015
-0.59001374
-0.5927004
-0.5864602
-0.59000605
-0.5896416
-0.58460104
-0.58925384
-0.5912614
-0.5954926
-0.589301
-0.59169835
-0.5904054
-0.5889372
-0.5893263
-0.58917165
-0.5936696
-0.5920376
-0.5950048
-0.5931754
-0.59293604
-0.59131014
-0.594875
-0.59525406
-0.5941572
-0.5977716
-0.59372956
-0.5940339
-0.5995018
-0.5998729
-0.5953845
-0.5942662
-0.59563667
-0.59721965
-0.6014629
-0.60253036
-0.6004157
-0.59931356
-0.59912807
-0.5999048
-0.5987673
-0.5984755
-0.6014883
-0.6018993
-0.6028054
-0.59981227
-0.60533834
-0.60000837
-0.6044271
-0.6026522
-0.6013249
-0.60436743
-0.60585743
-0.60234106
-0.6048791
-0.6035638
-0.60413057
-0.60775787
-0.60812163
-0.6055696
-0.60582554
-0.610011
-0.60594225
-0.6091343
-0.60630053
-0.6039467
-0.61032885
-0.6047706
-0.60585177
-0.6098697
-0.6040887
-0.6087532
-0.6096795
-0.6092736
-0.6080797
-0.6136849
-0.60980517
-0.6097222
-0.61215407
-0.61321825
-0.6064171
-0.61279416
-0.61110324
-0.6134637
-0.61151266
-0.6125382
-0.61602277
-0.61772585
-0.61132777
-0.6140869
-0.6119486
-0.6158565
-0.61986935
-0.6170163
-0.61403936
-0.6141178
-0.6223349
-0.61893624
-0.6153891
-0.6209285
-0.6189472
-0.6226351
-0.6195659
-0.61932063
-0.62162524
-0.61941457
-0.62240285
-0.62141186
-0.6231968
-0.6228582
-0.6234544
-0.62142426
-0.6254411
-0.6233563
-0.62430865
-0.6239527
-0.6223188
-0.62831783
-0.62818986
-0.62490165
-0.62437296
-0.6265484
-0.62225056
-0.6266657
-0.6262153
-0.6252816
-0.6275266
-0.6292915
-0.6280994
-0.6283669
-0.6280181
-0.6298736
-0.62707543
-0.63119006
-0.63034075
-0.6266756
-0.6286122
-0.63454396
-0.6315845
-0.63385403
-0.63404083
-0.63239706
-0.6330509
-0.63431716
-0.63461864
-0.63380015
-0.637555
-0.63710356
-0.6321046
-0.62957144
-0.633278
-0.6388671
-0.63461727
-0.63458866
-0.6349561
-0.64373463
-0.63883394
-0.6374209
-0.6410999
-0.63882935
-0.638663
-0.64410067
-0.63920736
-0.6450253
-0.6415707
-0.6421602
-0.6430422
-0.6446652
-0.6416411
-0.6395849
-0.64200467
-0.6426983
-0.6458518
-0.6445334
-0.6427614
-0.6433075
-0.64445037
-0.6451578
-0.6433725
-0.6416752
-0.64617705
-0.6514743
-0.6432197
-0.6487246
-0.64736825
-0.647143
-0.6492194
-0.6503759
-0.6497267
-0.65100604
-0.6539089
-0.65368
-0.6533294
-0.65223
-0.6517504
-0.6533631
-0.6505276
-0.6528539
-0.6525731
-0.65183187
-0.6503408
-0.6554245
-0.65670866
-0.6554795
-0.65407616
-0.65549016
-0.65770906
-0.66145194
-0.6555353
-0.6585325
-0.6609698
-0.66187996
-0.6587984
-0.6598479
-0.6597045
-0.6614384
-0.66012436
-0.66149455
-0.6626571
-0.65528995
-0.6669758
-0.65952206
-0.66133964
-0.66145635
-0.6601947
-0.6618355
-0.66035575
-0.664532
-0.6618859
-0.6662196
-0.660233
-0.66480994
-0.66090655
-0.6649088
-0.66536236
-0.6639106
-0.6634753
-0.6628506
-0.664781
-0.6661661
-0.6645949
-0.6617265
-0.66245514
-0.66708344
-0.665961
-0.666657
-0.6654755
-0.66417265
-0.67078364
-0.66677123
-0.66364986
-0.6640143
-0.6655236
-0.6728189
-0.6669434
-0.66630614
-0.66355723
-0.6683662
-0.66818064
-0.66746956
-0.6663016
-0.6684379
-0.6686044
-0.6699234
-0.67056274
-0.6688996
-0.6704944
-0.67301863
-0.67109627
-0.67269295
-0.670632
-0.6722014
-0.6668741
-0.67351323
-0.6687469
-0.67203647
-0.67156184
-0.6690056
-0.6764529
-0.67269784
-0.6703014
-0.66820425
-0.6731531
-0.67216736
-0.6718086
-0.67460334
-0.6724087
-0.6726017
-0.6750837
-0.671658
-0.6722766
-0.6742926
-0.6773777
-0.66788214
-0.6747141
-0.6769276
-0.6799345
-0.6734331
-0.67593855
-0.6749772
-0.6718018
-0.67548364
-0.6741545
-0.67491585
-0.68005174
-0.67364234
-0.6732951
-0.67677104
-0.6743304
-0.67502546
-0.67589796
-0.6774135
-0.678014
-0.6775418
-0.6771105
-0.6741735
-0.67524016
-0.6772608
-0.6768403
-0.68004656
-0.67829883
-0.6771606
-0.67760295
-0.6819246
-0.6799171
-0.67905337
-0.67750615
-0.6801376
-0.6789034
-0.6832524
-0.6793029
-0.6806701
-0.68260616
-0.68025666
-0.6824307
-0.68123627
-0.6826125
-0.6827
-0.68091136
-0.68029577
-0.6816891
-0.6792495
-0.6822757
-0.68130624
-0.6804217
-0.6846607
-0.68438965
-0.68438846
-0.6841765
-0.6815688
-0.6862408
-0.68275124
-0.680347
-0.6860077
-0.6839962
-0.6835856
-0.6858147
-0.6802248
-0.680402
-0.6836611
-0.68580854
-0.6850794
-0.6845197
-0.68443686
-0.6866204
-0.68445724
-0.6880535
-0.68653613
-0.68612355
-0.68566203
-0.6863779
-0.6884944
-0.68570316
-0.68463653
-0.687928
-0.6872284
-0.68669343
-0.6881906
-0.6885555
-0.69018316
-0.6854731
-0.6892088
-0.6876231
-0.6900154
-0.68814087
-0.6862962
-0.68857265
-0.6923289
-0.68651193
-0.68847364
-0.6900694
-0.68706894
-0.68895805
-0.6890625
-0.68725336
-0.68668383
-0.68879485
-0.69277894
-0.69199467
-0.6898265
-0.6883096
-0.68962395
-0.6909478
-0.6922872
-0.6862102
-0.68967384
-0.6935299
-0.69202137
-0.6927416
-0.69209933
-0.69270355
-0.69090974
-0.6914443
-0.6926109
-0.6892226
-0.6903817
-0.69334143
-0.69018716
-0.69350886
-0.69085497
-0.69167316
-0.6891367
-0.6942813
-0.6960159
-0.6945635
-0.6883645
-0.6940572
-0.6940679
-0.6900404
-0.6927512
-0.69417316
-0.693502
-0.69768864
-0.69470465
-0.6949931
-0.6918422
-0.695224
-0.700168
-0.69530714
-0.6936793
-0.6941106
-0.6907531
-0.6941114
-0.6939228
-0.6946646
-0.6959329
-0.69555604
-0.6967188
-0.6939104
-0.6953448
-0.69563085
-0.6940584
-0.6966855
-0.69834906
-0.69239676
-0.6971671
-0.694987
-0.69542944
-0.69831866
-0.6977705
-0.695889
-0.69529057
-0.69413483
-0.6981053
-0.69782656
-0.6947565
-0.6972271
-0.698509
-0.69329655
-0.6974952
-0.6979042
-0.694983
-0.700222
-0.69811684
-0.69942385
-0.698496
-0.69912654
-0.6958423
-0.7004215
-0.6997973
-0.69720894
-0.70067537
-0.6952291
-0.69377315
-0.6980881
-0.7017535
-0.7009377
-0.69719625
-0.696695
-0.6973613
-0.70139736
-0.7003663
-0.70162046
-0.7023965
-0.7032807
-0.7000321
-0.70111185
-0.70082843
-0.70151144
-0.7013873
-0.70235926
-0.70428514
-0.70148736
-0.69886625
-0.70195204
-0.7013765
-0.7016375
-0.70218915
-0.7003968
-0.7019394
-0.7025862
-0.7034811
-0.7011241
-0.70030063
-0.7029132
-0.7026186
-0.7063072
-0.7043758
-0.70566946
-0.7046261
-0.7022035
-0.7045437
-0.70284736
-0.69829583
-0.70319134
-0.70005757
-0.7053559
-0.70313615
-0.7033644
-0.7068045
-0.70511055
-0.7076066
-0.7021734
-0.70152164
-0.6999532
-0.7037129
-0.70451784
-0.7048999
-0.70677125
-0.703989
-0.70873904
-0.707648
-0.7068251
-0.7072765
-0.709489
-0.70532024
-0.70932573
-0.7071192
-0.70534766
-0.7077165
-0.70723325
-0.7071277
-0.70707947
-0.709418
-0.70760345
-0.706139
-0.70765626
-0.7090528
-0.7062421
-0.70847976
-0.70728564
-0.70421565
-0.70836866
-0.70552444
-0.7115649
-0.7077258
-0.70832247
-0.7091744
-0.70733124
-0.7063031
-0.7102228
-0.7099671
-0.7088598
-0.70714504
-0.70910937
-0.71095115
-0.7107254
-0.7090086
-0.7110212
-0.7093316
-0.71123946
-0.71064687
-0.7086997
-0.71211064
-0.7115771
-0.7086995
-0.7087997
-0.7058962
-0.7114657
-0.713615
-0.71160954
-0.711877
-0.710323
-0.7111533
-0.7139488
-0.70801985
-0.7104694
-0.7127961
-0.71206105
-0.71132296
-0.7132632
-0.7118128
-0.70912915
-0.71429795
-0.7133452
-0.71184456
-0.71599346
-0.7118475
-0.71011347
-0.7118729
-0.71405655
-0.71601844
-0.7134669
-0.7140738
-0.7124347
-0.71632063
-0.7151301
-0.71180636
-0.71233875
-0.7147664
-0.7145537
-0.71725625
-0.7178928
-0.7121743
-0.71690893
-0.7108926
-0.71260625
-0.71559125
-0.7126118
-0.71083045
-0.713368
-0.71122056
-0.7171161
-0.71264935
-0.71548915
-0.7142362
-0.7135033
-0.71409065
-0.7137789
-0.71466434
-0.71415544
-0.7127467
-0.716772
-0.7149975
-0.7144719
-0.71555233
-0.71336865
-0.715571
-0.7144865
-0.7124436
-0.7148684
-0.7154503
-0.7120932
-0.71520185
-0.7125427
-0.7129562
-0.71725464
-0.7153939
-0.71487886
-0.71301866
-0.7139352
-0.71379703
-0.71392685
-0.7140398
-0.7164423
-0.71636564
-0.7133658
-0.7174038
-0.71653765
-0.7150274
-0.716989
-0.7171031
-0.71978694
-0.71524364
-0.71418935
-0.7164574
-0.717842
-0.721089
-0.7175195
-0.7194689
-0.71761
-0.7177151
-0.7187604
-0.718526
-0.7167309
-0.7179833
-0.7190778
-0.71670145
-0.7161879
-0.7152432
-0.7187304
-0.71834016
-0.7174611
-0.71621263
-0.71875465
-0.7189936
-0.71685404
-0.71886086
-0.72051805
-0.71871394
-0.71688277
-0.7187849
-0.7176545
-0.717303
-0.71645623
-0.7212363
-0.71520066
-0.7147788
-0.71996826
-0.7222101
-0.7200692
-0.72137225
-0.7203644
-0.7216034
-0.72012204
-0.72138935
-0.7192128
-0.71754783
-0.72063524
-0.7191959
-0.72106314
-0.72001916
-0.7199842
-0.7171239
-0.7197059
-0.71974367
-0.7229399
-0.71948797
-0.71766216
-0.7173311
-0.72132957
-0.72008216
-0.7190293
-0.71867335
-0.7192901
-0.7189817
-0.71789515
-0.71760017
-0.7193334
-0.719029
-0.7210614
-0.7167833
-0.7245578
-0.7210983
-0.72012883
-0.7193916
-0.719202
-0.7168386
-0.7198022
-0.7187819
-0.722308
-0.71879
-0.7209584
-0.7186247
-0.720895
-0.72062784
-0.71840256
-0.72205126
-0.72226286
-0.7252209
-0.7198061
-0.7188678
-0.7184958
-0.7187234
-0.7198356
-0.7241676
-0.722465
-0.72384334
-0.72283804
-0.71968234
-0.7233141
-0.7227813
-0.7203316
-0.71928716
-0.7205542
-0.7210921
-0.7240634
-0.7199639
-0.7233483
-0.7230303
-0.7218067
-0.72255343
-0.7218532
-0.7204438
-0.7253372
-0.72467387
-0.7253113
-0.71884865
-0.7186615
-0.72233963
-0.7205769
-0.7236316
-0.72125435
-0.7238032
-0.7214267
-0.72090757
-0.71799976
-0.72195566
-0.7232976
-0.72141176
-0.71763706
-0.7225296
-0.7253103
-0.7239089
-0.72135574
-0.7238932
-0.7224496
-0.7231277
-0.7209804
-0.7245715
-0.72460467
-0.72260755
-0.717019
-0.72187275
-0.7190269
-0.71943533
-0.72086614
-0.72577375
-0.72457963
-0.7236906
-0.7273301
-0.7272176
-0.7214929
-0.7209786
-0.72318363
-0.7214423
-0.72241867
-0.72523314
-0.7260064
-0.7254714
-0.72299814
-0.72195935
-0.7249295
-0.7243152
-0.7240268
-0.7228377
-0.72324157
-0.7195033
-0.71927375
-0.7239565
-0.7242966
-0.72208196
-0.7234282
-0.7233891
-0.7208582
-0.7255184
-0.72290224
-0.72511303
-0.7246279
-0.72160137
-0.72400844
-0.72274417
-0.726638
-0.7269611
-0.7258493
-0.7272588
-0.72394407
-0.7272355
-0.72381926
-0.7230375
-0.72526985
-0.7259555
-0.72318804
-0.7266534
-0.7247501
-0.72178996
-0.7245566
-0.72437495
-0.7265336
-0.72356427
-0.72584635
-0.72705394
-0.7233609
-0.72686034
-0.72307825
-0.7273506
-0.7240077
-0.72887677
-0.729044
-0.7257484
-0.7270421
-0.7273378
-0.7271701
-0.72584265
-0.72745097
-0.72925985
-0.7274756
-0.72548586
-0.725996
-0.72586316
-0.7276439
-0.7272512
-0.72879285
-0.7258751
-0.7241842
-0.7281288
-0.7258501
-0.7285582
-0.7236663
-0.727032
-0.7277658
-0.72458404
-0.72668433
-0.7271945
-0.7266184
-0.72569335
-0.7276687
-0.72883564
-0.72565645
-0.7248989
-0.7272911
-0.7315777
-0.7289923
-0.7277665
-0.7293126
-0.726506
-0.7286569
-0.72687674
-0.7280253
-0.7266692
-0.7244209
-0.72930855
-0.72957885
-0.7272481
-0.72782785
-0.7296293
-0.72721887
-0.7273113
-0.7296123
-0.726643
-0.72627133
-0.7309524
-0.72878474
-0.72764397
-0.72979444
-0.73044205
-0.72981757
-0.72847205
-0.7312927
-0.7288416
-0.7298336
-0.72818047
-0.72764355
-0.72986484
-0.7318463
-0.7317344
-0.730579
-0.7303774
-0.72624016
-0.7286886
-0.7275731
-0.7278107
-0.7307682
-0.729041
-0.7301353
-0.73147935
-0.7306977
-0.72952026
-0.73070985
-0.7290299
-0.72762
-0.7309768
-0.7287586
-0.7331441
-0.73203933
-0.7320566
-0.72826564
-0.7280322
-0.7293298
-0.73091114
-0.73086673
-0.7314747
-0.72675675
-0.7293663
-0.7306688
-0.72751117
-0.7298195
-0.73087645
-0.7339338
-0.7277057
-0.7315284
-0.7300086
-0.72970384
-0.73452735
-0.73001677
-0.7295821
-0.73101795
-0.73005456
-0.7291933
-0.73073083
-0.7291028
-0.7338127
-0.7303743
-0.731754
-0.73243326
-0.7306478
-0.72925144
-0.7279567
-0.72766715
-0.73015803
-0.73361915
-0.73398834
-0.7312742
-0.73201746
-0.7296267
-0.72886056
-0.7297027
-0.7310417
-0.73170173
-0.7284242
-0.7338656
-0.73433465
-0.7342167
-0.73103756
-0.7332762
-0.73105586
-0.7331221
-0.7281622
-0.73114043
-0.7312359
-0.7325013
-0.7310002
-0.7327759
-0.7285648
-0.72982585
-0.7327759
-0.72918284
-0.7301619
-0.73362386
-0.73314655
-0.73560643
-0.7297608
-0.7328693
-0.7317656
-0.7330049
-0.7322315
-0.7302745
-0.7311801
-0.7333415
-0.7349487
-0.73125994
-0.7346045
-0.7299
-0.7339245
-0.73220825
-0.729612
-0.7306195
-0.7316278
-0.7322554
-0.730873
-0.73349315
-0.7367712
-0.7343732
-0.73515743
-0.73359066
-0.73318774
-0.73322886
-0.73303294
-0.73382974
-0.730834
-0.7359074
-0.73253477
-0.7350068
-0.73466
-0.73485833
-0.73531586
-0.73012316
-0.7325821
-0.73236275
-0.7314243
-0.73665947
-0.73344195
-0.7314576
-0.73285824
-0.7352667
-0.73401904
-0.73621947
-0.7357797
-0.73779213
-0.73038405
-0.7372554
-0.7359304
-0.73567283
-0.7341107
-0.73593825
-0.7364327
-0.7372845
-0.7342096
-0.7332113
-0.7336287
-0.7356563
-0.7368167
-0.7365544
-0.7288149
-0.73796654
-0.7322167
-0.7343833
-0.73432314
-0.73312926
-0.73636264
-0.7353533
-0.7334776
-0.73210466
-0.73613137
-0.73376465
-0.7359014
-0.7331784
-0.73893255
-0.73449475
-0.7347222
-0.73664427
-0.735851
-0.73499155
-0.73468894
-0.7332829
-0.73600656
-0.7376598
-0.73300904
-0.7351098
-0.7351416
-0.7329249
-0.7366736
-0.73411345
-0.7386502
-0.73295057
-0.7367507
-0.7359435
-0.7359438
-0.7348989
-0.7374246
-0.7371172
-0.7371759
-0.7337344
-0.7375755
-0.7365855
-0.7366499
-0.737637
-0.73540276
-0.73735666
-0.7347487
-0.73401564
-0.7393946
-0.7340769
-0.7406616
-0.73731834
-0.7383385
-0.73994505
-0.73466486
-0.737003
-0.7322594
-0.7342992
-0.73637265
-0.7363402
-0.7369841
-0.73664707
-0.7356091
-0.7377754
-0.7361106
-0.7372876
-0.73552036
-0.7350903
-0.7361005
-0.7358715
-0.73696274
-0.7372617
-0.73734784
-0.7382776
-0.7377073
-0.737865
-0.7378744
-0.7364495
-0.73753065
-0.73671407
-0.73993534
-0.73493326
-0.7381833
-0.73784935
-0.738088
-0.73677516
-0.7378677
-0.7396679
-0.7368255
-0.73731726
-0.73322445
-0.7391667
-0.7401254
-0.7376415
-0.7361105
-0.7382708
-0.7399681
-0.7364686
-0.738942
-0.7389323
-0.73963255
-0.7402621
-0.7439695
-0.7385351
-0.74012285
-0.73953694
-0.7393256
-0.7388631
-0.7388302
-0.7385406
-0.73867387
-0.7366611
-0.7404586
-0.7380643
-0.73962367
-0.7421887
-0.7370492
-0.7391037
-0.7404523
-0.7372923
-0.74048203
-0.7407759
-0.73848605
-0.7393213
-0.7391773
-0.737945
-0.7435085
-0.7371766
-0.73925525
-0.73863566
-0.7405792
-0.73926306
-0.73849946
-0.7426094
-0.73867065
-0.74214345
-0.7434289
-0.73785543
-0.73871773
-0.7382988
-0.73860663
-0.737314
-0.73986983
-0.741873
-0.738657
-0.7383322
-0.7411611
-0.73983943
-0.7408557
-0.74103796
-0.7382906
-0.7387356
-0.7384926
-0.74008214
-0.7387113
-0.738714
-0.7420294
-0.74228656
-0.740138
-0.73962265
-0.7415686
-0.7405729
-0.7400086
-0.7412389
-0.73856854
-0.7364034
-0.74416965
-0.739347
-0.7417885
-0.7401611
-0.7442647
-0.7385036
-0.7408763
-0.7386559
-0.7381514
-0.741006
-0.73950005
-0.7406993
-0.7412608
-0.74074996
-0.7396103
-0.7408944
-0.7358065
-0.7379492
-0.7386829
-0.74086994
-0.74006736
-0.743941
-0.7395535
-0.74286026
-0.74085826
-0.73798704
-0.7436892
-0.7419764
-0.74074656
-0.7408652
-0.74281996
-0.73950166
-0.74098045
-0.7434511
-0.74265444
-0.7426701
-0.74094886
-0.7390701
-0.742538
-0.7419238
-0.7443382
-0.7405158
-0.74378395
-0.7421071
-0.74185765
-0.7457571
-0.74200547
-0.74075925
-0.7406054
-0.74415624
-0.7442249
-0.74247897
-0.7423481
-0.7396941
-0.7420037
-0.7433672
-0.74093294
-0.7428369
-0.7432541
-0.742339
-0.7444251
-0.74154484
-0.74039185
-0.7394071
-0.74141866
-0.7431538
-0.74332607
-0.74086297
-0.7431746
-0.74352247
-0.7434411
-0.7443402
-0.7412395
-0.74185777
-0.7388141
-0.74216586
-0.7407502
-0.74240077
-0.7427537
-0.74340236
-0.7428055
-0.740616
-0.7438367
-0.74258626
-0.745993
-0.7430333
-0.743737
-0.74090135
-0.74335986
-0.74286973
-0.74268687
-0.73905
-0.7436634
-0.74186367
-0.7437644
-0.74482346
-0.744225
-0.7452042
-0.7430696
-0.7456014
-0.7431579
-0.7423712
-0.74454296
-0.74367124
-0.74357
-0.7435969
-0.74628156
-0.7447207
-0.7454465
-0.74475116
-0.7432189
-0.7455851
-0.74598575
-0.7448114
-0.74475276
-0.74397993
-0.74655145
-0.74400204
-0.7455668
-0.74294317
-0.7453686
-0.7447411
-0.7476474
-0.746975
-0.7440333
-0.74618024
-0.7467705
-0.7467714
-0.74334466
-0.7444253
-0.7442762
-0.7431749
-0.7443524
-0.74533176
-0.7497855
-0.7423796
-0.74366975
-0.7460023
-0.7449178
-0.74599034
-0.7432296
-0.744868
-0.7436502
-0.7427306
-0.7452629
-0.74310255
-0.7448994
-0.7447947
-0.7469146
-0.74385786
-0.74536824
-0.7430327
-0.74650496
-0.7490058
-0.7459147
-0.7452147
-0.74602175
-0.7455597
-0.7431895
-0.7452971
-0.7437671
-0.7456001
-0.74383605
-0.74372196
-0.74410886
-0.7451732
-0.7432071
-0.74775195
-0.7454788
-0.74408334
-0.74655634
-0.7440586
-0.74075824
-0.74618334
-0.7459611
-0.7470866
-0.7453534
-0.7460644
-0.74593717
-0.7483237
-0.7478309
-0.7459033
-0.7464508
-0.7471164
-0.74544126
-0.7451626
-0.74354035
-0.7462815
-0.7450124
-0.7447869
-0.7459139
-0.7469578
-0.74577373
-0.7451308
-0.7424056
-0.7468821
-0.7481218
-0.7464239
-0.7454497
-0.7455248
-0.74790794
-0.74428314
-0.7440513
-0.7475251
-0.74550253
-0.74585754
-0.7451099
-0.74661785
-0.7474864
-0.7449439
-0.7460058
-0.7516721
-0.747728
-0.7498852
-0.74692386
-0.7477189
-0.7452498
-0.744915
-0.7490718
-0.7456107
-0.74710804
-0.7476555
-0.7469714
-0.7457894
-0.74702364
-0.7452518
-0.7466055
-0.74353266
-0.74818677
-0.7475431
-0.74602515
-0.7464975
-0.74784887
-0.7465512
-0.7473137
-0.7461024
-0.7450515
-0.7487152
-0.74529374
-0.7455713
-0.7514821
-0.7498183
-0.74801546
-0.7448499
-0.74684906
-0.74497336
-0.7473733
-0.7443153
-0.7491371
-0.7491655
-0.74476427
-0.747222
-0.74581265
-0.7470988
-0.7479057
-0.749806
-0.74580723
-0.7468378
-0.74722123
-0.74819523
-0.7493384
-0.74620396
-0.7477622
-0.7464734
-0.7489171
-0.74784154
-0.7502674
-0.74723256
-0.74539685
-0.7482245
-0.74692744
-0.7468746
-0.75103563
-0.7457128
-0.7471056
-0.7459453
-0.7478563
-0.7506398
-0.7465676
-0.7475213
-0.74784136
-0.75025177
-0.747463
-0.7504168
-0.7486702
-0.7493952
-0.74719715
-0.74781436
-0.75022244
-0.74946994
-0.75010306
-0.7498231
-0.74453706
-0.7494014
-0.74846476
-0.7479217
-0.74738187
-0.74777824
-0.747579
-0.7503542
-0.74577254
-0.7483138
-0.7486022
-0.7490967
-0.74829453
-0.7484114
-0.7489722
-0.7450437
-0.74912804
-0.7476435
-0.7473399
-0.7504479
-0.74916637
-0.74794495
-0.74715006
-0.7477923
-0.7462202
-0.7510356
-0.7508123
-0.75127304
-0.74933004
-0.7517457
-0.75317377
-0.7491692
-0.75038373
-0.74794424
-0.75010353
-0.75010777
-0.75037676
-0.74574375
-0.7497107
-0.7482272
-0.7484405
-0.74799263
-0.75314957
-0.74845934
-0.7497856
-0.746565
-0.74977285
-0.74578947
-0.75071144
-0.74857444
-0.75056237
-0.753865
-0.74948096
-0.7505763
-0.7535141
-0.74836665
-0.7470454
-0.7495341
-0.754143
-0.7534634
-0.7484572
-0.7544386
-0.74927044
-0.7509635
-0.7519969
-0.74984145
-0.7491875
-0.75080335
-0.7509698
-0.75039667
-0.7500138
-0.7522934
-0.75139177
-0.74934965
-0.7464965
-0.750102
-0.75189656
-0.7515963
-0.75137204
-0.7513778
-0.7508334
-0.7500154
-0.7467548
-0.7472854
-0.7501396
-0.75384563
-0.7527831
-0.75107723
-0.7528935
-0.7508448
-0.7489375
-0.7488256
-0.75366086
-0.7510629
-0.74944836
-0.75023633
-0.74856913
-0.7512882
-0.7494821
-0.7478676
-0.75051177
-0.7509975
-0.7508652
-0.74927723
-0.75047207
-0.75255674
-0.74741375
-0.75012124
-0.752167
-0.75044537
-0.7507906
-0.7499955
-0.75281143
-0.7472229
-0.7533963
-0.7477487
-0.7514016
-0.7491424
-0.75025856
-0.7493022
-0.75131196
-0.75254995
-0.75067663
-0.74954975
-0.75168365
-0.7529365
-0.7496256
-0.7518503
-0.75113463
-0.75125146
-0.75213474
-0.75050265
-0.7487178
-0.7510128
-0.75148344
-0.752117
-0.7512286
-0.7492294
-0.74882126
-0.75188816
-0.75026894
-0.7530554
-0.7514224
-0.7519966
-0.7541703
-0.7539598
-0.7482709
-0.74777997
-0.75344485
-0.75147754
-0.75209445
-0.75010854
-0.7508398
-0.75157064
-0.7489394
-0.7510912
-0.7487647
-0.752807
-0.7512149
-0.75214356
-0.75018275
-0.7504621
-0.75314003
-0.751827
-0.75120014
-0.7541259
-0.752041
-0.7532977
-0.75234514
-0.75285584
-0.7499068
-0.752901
-0.7540555
-0.75158596
-0.75297743
-0.75180244
-0.751966
-0.7522041
-0.75180864
-0.75164694
-0.7517928
-0.7526005
-0.74990886
-0.7518515
-0.74997765
-0.75034076
-0.7531466
-0.75269395
-0.7519239
-0.7528096
-0.75334316
-0.75014305
-0.7493547
-0.75453264
-0.75355655
-0.7519752
-0.7504337
-0.7510371
-0.75122684
-0.7524935
-0.75164694
-0.7514482
-0.75410116
-0.7504688
-0.75164574
-0.75229424
-0.75337577
-0.7550227
-0.75176454
-0.75244564
-0.7519511
-0.75448346
-0.7553332
-0.75479746
-0.75438863
-0.75230116
-0.7527415
-0.752785
-0.7526604
-0.7525746
-0.753934
-0.7560813
-0.7536355
-0.75431895
-0.7533714
-0.7549429
-0.7553774
-0.75633615
-0.7530367
-0.75519353
-0.7547184
-0.7579835
-0.75307286
-0.7507401
-0.7542057
-0.7541748
-0.7553685
-0.75173444
-0.75187457
-0.7533059
-0.7518503
-0.75466
-0.75444394
-0.75295496
-0.7547847
-0.7539338
-0.7538299
-0.755071
-0.75437135
-0.75544524
-0.75226545
-0.7542918
-0.75299907
-0.7550862
-0.752238
-0.7540365
-0.7543492
-0.75436455
-0.7555803
-0.7531099
-0.7529262
-0.75186306
-0.7531946
-0.7539722
-0.74952215
-0.75302243
-0.75496286
-0.7521919
-0.7552024
-0.7565859
-0.7540306
-0.7527556
-0.7541237
-0.7537298
-0.7550185
-0.756063
-0.75469756
-0.75137615
-0.75502676
-0.7568714
-0.75427204
-0.75294995
-0.75352365
-0.75431275
-0.75597787
-0.75450546
-0.7531079
-0.7509806
-0.7539537
-0.75637484
-0.7556032
-0.7541134
-0.7537017
-0.75571257
-0.7549738
-0.75638366
-0.75273937
-0.7558581
-0.75609326
-0.7565897
-0.75674623
-0.7582506
-0.75300735
-0.75250155
-0.75542766
-0.75493276
-0.75742435
-0.75524604
-0.7547445
-0.7575854
-0.7542845
-0.7550887
-0.7570145
-0.7526025
-0.7562093
-0.75750357
-0.75508255
-0.7540848
-0.7568045
-0.7584502
-0.75402457
-0.7544585
-0.7559601
-0.7541925
-0.75452584
-0.756121
-0.75555587
-0.7583071
-0.7554835
-0.754762
-0.7573145
-0.7549837
-0.7551379
-0.75572777
-0.75632036
-0.7562789
-0.7568116
-0.75574994
-0.75600666
-0.7525106
-0.7538949
-0.7549107
-0.75705814
-0.75744253
-0.75462353
-0.7550697
-0.75700206
-0.7545262
-0.75560087
-0.7564758
-0.7587324
-0.7580896
-0.7552639
-0.75486726
-0.75588405
-0.7561701
-0.75532746
-0.7571358
-0.7588413
-0.75933814
-0.7546192
-0.7537852
-0.7564899
-0.75756943
