-0.21525273
-0.20737073
-0.2090093
-0.2165371
-0.2113278
-0.21721417
-0.2221293
-0.22229984
-0.22214918
-0.21445304
-0.22169913
-0.23037617
-0.2328191
-0.22369742
-0.2344335
-0.23488365
-0.23168379
-0.23448744
-0.2320725
-0.22674076
-0.23830546
-0.23902503
-0.2397546
-0.24744609
-0.24465959
-0.24295662
-0.24686362
-0.25019976
-0.248047
-0.26041964
-0.2530571
-0.25699878
-0.2537084
-0.26203495
-0.26149282
-0.2555687
-0.26936355
-0.2713456
-0.26938325
-0.26571578
-0.27403182
-0.27283087
-0.2722992
-0.26689333
-0.27182025
-0.2818698
-0.27262893
-0.27539328
-0.27412143
-0.26766214
-0.28350082
-0.27963307
-0.28138545
-0.2801181
-0.28497183
-0.27880645
-0.28052577
-0.2898909
-0.2881308
-0.28621563
-0.28475738
-0.28931594
-0.29208398
-0.28066462
-0.29260948
-0.2904237
-0.2939051
-0.2934442
-0.30403504
-0.29636198
-0.3010377
-0.29883927
-0.28853205
-0.29989386
-0.29298493
-0.29916918
-0.30401754
-0.30532143
-0.30065534
-0.30568293
-0.30989277
-0.30882108
-0.29799077
-0.30833215
-0.29874104
-0.30391443
-0.31547797
-0.311713
-0.3049745
-0.30671525
-0.29917488
-0.3095665
-0.31070468
-0.30699077
-0.3112328
-0.3081466
-0.31620225
-0.3131236
-0.3086733
-0.31482464
