539.3915205919029
549.8800847037385
568.7098733746609
594.8996755682319
623.4047952958877
650.4523744513594
670.9656098708025
684.8303962875752
695.6383438476007
524.0377840532352
506.3328248375853
502.07362222202266
509.6910519703286
527.5547642855112
552.6476621479684
580.0620671712275
607.5885030063838
627.7073299443883
642.3808208024637
648.8983458715504
652.3664394147712
655.082619208546
654.116076046171
571.2863744027802
529.5895652410735
498.23813220977803
475.28744245118975
466.01653089066775
470.86214536764345
487.40206961782263
509.5012809522759
534.0012442341008
560.7046069626068
581.4325517138601
594.9139397314702
599.6099214701403
602.3529095933822
601.4038427843632
600.6650261583454
597.9484804500589
626.0764544370719
568.2817360978368
514.8981086540588
475.086751166651
446.6893317308251
432.0456390547773
433.4825516051373
447.1238722176214
462.87670349766444
484.6321971404602
506.89496298488643
528.3449132408996
544.8088415641752
548.2368764866754
547.8752533419461
547.1949019719968
546.0810607487707
549.1133153040503
557.1752751920856
691.9242854170187
630.2099871648157
567.3561256071863
508.4224478729004
456.64502432010573
423.3935399450086
402.19519153936295
395.540964423119
401.97657448097794
411.61566547615075
431.29058189751856
450.17615294265715
471.676262566872
487.79687871827605
493.1669332969487
493.21496955041073
493.14048282765367
495.8457932097262
503.67047084335
514.7526015749997
527.6140390250665
757.5897816204152
696.2198215831519
633.9631475355015
571.0508893479416
507.04702392114604
448.10442031373066
402.97353188551267
373.6192634015335
357.61356483867246
354.3232399981318
359.44174034115684
375.2269455899911
392.86714131208936
410.6110040888796
425.21782683030125
435.28867503582956
438.0553479989839
441.64937389427496
450.2425313073333
460.5235822947381
473.2409666413073
488.213104066673
506.74326372549655
761.6351007685432
700.0212723102869
637.4025983186274
573.9277513775165
510.4499555155864
446.58286147097795
389.1761249803182
347.3907075025526
321.5951249397405
309.2556646196477
309.03680396229566
319.78829126720757
333.13692613399365
348.03055157690045
362.4592313367144
373.58623453474485
383.62792590138577
395.0084824490514
405.97947694072667
419.1581085048392
434.3538392732424
452.64919622315875
474.11713219916464
497.695290523535
822.9322894151421
764.2826465708682
703.5338159903353
640.3689239047951
577.5460839686785
513.9971539346924
449.161941914251
385.13371758750117
330.71507868865126
291.6227605329445
268.07923130597334
258.9789612753663
263.2304835056803
273.13989260422414
286.2940973924224
300.1393887394364
314.6828770156948
333.7137017793026
349.9030161394722
362.77372856842874
378.82794266613257
399.08723198999394
420.2298861857516
444.09884147084637
470.47883043041026
819.9152849558012
763.4897537549232
705.4983225276392
644.4051613635543
581.9622162829829
518.5102269978622
453.78044467574847
387.7830513107394
324.64597859221476
270.9818371715179
232.41820866524327
210.9025992613465
207.24524887676642
214.97488484210743
226.74654054049995
241.64531075382314
262.3294218390412
285.73885539398333
303.78741836697105
320.8931461612744
341.97016761541107
365.57301971896203
391.443180392165
419.72047140087096
449.4260369727695
480.3041627817043
868.1105266525359
815.5859919841278
760.0648270223156
702.2650238853048
644.0892541020711
584.5984876399585
521.504852218805
455.83332093192263
389.37926569732394
324.19476270023966
259.8222416977935
203.27839815669086
168.65993559655936
156.7055808030415
160.32284212808156
170.1035206819649
190.13369268544548
214.27568108381593
239.280053022527
260.30964418352437
283.72105935064104
308.40117271615134
336.2382223708357
366.56519136364045
398.2628336454786
431.45531534686694
465.1850894365903
859.5367118341749
808.8330068062138
754.7901098523461
698.277741316173
640.6012480902361
582.4244252983195
520.5759566858953
454.01227605134983
386.9255981318787
318.87800976478417
247.3076450486923
179.5819371768269
133.86023348998546
114.78202082007336
111.83605253602379
123.23758316873536
146.10344563990657
171.60786905697375
198.51814488089607
222.9871327492867
249.90224700696615
279.6446173123201
311.37487096312657
345.11905198234336
379.73416138527784
415.57661775899214
451.9627154849304
844.5861088401389
797.4981881164028
746.4175461958844
692.8863685354437
636.7336683574798
577.5221330430564
515.3993203422613
446.84201946443005
375.79450721429123
302.48127024671726
226.75399582384935
153.86570130927475
104.14190862096616
85.8934875898615
80.4334104897073
87.75165011893779
107.82944765914
134.11962472102636
160.73025054260427
189.05130991186653
220.72513743547546
256.0758958678634
291.47007037342814
328.5102074368846
366.5792798520784
404.46368800106615
442.5709711664281
824.6659010463867
780.8126877900255
733.249762497028
682.563682209093
627.1326732095324
566.463123703526
501.055184559802
426.5035851628538
352.38050004274874
276.93133224977885
201.90159660610146
130.34885438170932
80.81126747408929
64.78591947819183
58.96002048092715
65.18322662285955
83.08013526402655
104.2490955986716
129.49613632259275
162.0042322573728
199.02927484973154
238.84949477690424
280.2378619310008
320.2312128248365
360.56814780241075
400.05268816160094
440.0333402823559
797.6632134478368
755.8449265863545
710.6969730745782
661.5184823190333
607.3109273148641
544.6061576324454
473.44774324673745
396.1289834458423
320.34030053078675
244.75911405350533
171.2293633319255
102.9917587898755
62.67087166458159
41.059068451973694
26.5057242262073
39.936573587034836
65.9868321346052
88.41571456904725
117.07408986681641
154.61750508404157
195.81927596456168
238.5122897372853
281.65266653740275
323.8695030080769
364.8200698882527
405.72994162225393
447.0519302815904
760.995064397392
718.4451395774867
673.1705778921361
626.3319123603123
573.4044986971405
510.2288204554053
437.8107143316582
361.0636384842935
285.44196910325155
210.50682776753683
138.51878078920356
77.254868657798
54.89824499658787
30.00064639362013
6.2576217138544585
32.18380627750565
59.98147020982751
87.76993814796174
123.31461962395055
161.70443177694196
205.038047531597
249.48257148263582
293.2379674658434
336.52855739290925
378.61553551176894
420.2415541327712
461.4505150110588
709.3371516143759
667.6369999265341
622.3279046083668
573.7933653681596
520.8690208716242
464.0354825434433
395.988928839637
322.4325402998654
248.85366970513783
176.29327817691717
109.98029525027277
65.63285567259175
55.21279716997723
44.81531361816303
37.30915840826046
48.90215883487685
70.63499205098293
104.07298960138807
142.24547211296505
181.98012438512384
223.23650532388874
266.44061206838046
309.23921472775504
350.898209590301
392.993914161871
434.3990534682691
475.1180824351572
645.5602241988136
601.7607394232999
556.5348165217589
508.50985369367874
456.9739142370652
402.70706641083024
343.03639362067764
278.76336311652886
210.77606070212292
147.55075123125567
98.0880689643344
78.1137773057315
76.44391120855583
70.56659312493628
64.99512597177214
67.9884928904637
88.99211163113803
123.88663693507183
162.95294903876544
203.41331527717892
244.45573381478502
286.2829020004372
327.79100963723295
368.69881883009117
410.07567174051536
450.66992716123457
490.20287903553776
576.1782149497257
531.8150454145817
486.2624120576699
438.87470143376663
387.5846824108153
335.1719923470366
282.5738543649088
232.84004754091768
182.3389868237963
136.5289808027743
111.47775637439271
106.11438083319484
109.2197299731477
107.27772008480805
100.94214196121361
100.53859016864948
115.32370260826929
145.17016999393374
182.72216578532536
223.3956401791835
265.0827686814269
306.52529659800564
347.2059913024032
387.1479423960278
426.06874219409514
465.4457702405686
504.3285822788001
459.579549024156
413.75284730982736
366.6050258799794
319.9502323679344
273.958500822226
232.78039019180275
195.4808201037753
165.48126998437002
149.77771849775087
142.5177566656673
145.2733435871798
150.09094766923192
149.4061059250042
142.36392589723636
142.3773941165785
152.2868620443172
175.90999368320772
207.59111389644937
244.16028906508683
283.04601703948913
323.0076038171009
362.78994644619314
400.8312712025197
439.5801994818521
479.02143944803936
518.376516581694
387.8320995330389
345.0414285550303
303.31377975162934
264.67361939595236
232.50877058905076
205.7302186519801
186.8391872119354
181.25058869347242
182.49164607296936
186.95180785727075
190.6961633974394
194.83969683267813
193.9839330034801
185.7946925928451
184.6600863513107
193.10676680506293
210.93543682645648
237.03809841438306
269.43555734115625
304.10128373089395
341.420654517647
379.66555765129925
416.11838665166107
452.771904480598
490.60060895843526
290.23801760936976
257.16656794517843
234.54855270127638
220.8181682980529
212.54181463561943
213.4635010763517
220.1852885907326
229.04021088699542
236.29494674521538
239.66773652919247
243.06064015284898
240.62426549025108
231.362405333937
226.62763328942927
233.56686859445952
248.20590216762545
270.04671204362796
297.94464600020467
329.50919505000724
362.6322550167901
397.217500423668
432.59332955302347
467.3075463851384
502.6365546018716
259.5115736031541
243.23699152551688
237.42234079246242
240.76060357062644
249.19234788389585
259.3091795255253
268.6950657856498
278.2420741539359
285.66147675697835
290.1603078514351
292.2532953912626
289.03757035171606
278.89822301846397
271.3283716397352
273.95699024728185
287.74415327487924
304.07746877341003
326.6924447796416
355.39690552992704
385.5041813536997
416.7766623990527
450.51343160012044
484.7831477853774
262.0016091261516
271.03747933297274
285.28551609069405
299.46451389270476
309.50788271925427
319.994946047263
328.2978685184226
335.40986218855056
341.3457608169342
343.95628610705955
338.5322709913182
326.6867629401934
316.85853048354903
315.6447536643175
324.266412449452
339.58996651167223
357.480265823568
381.1441133695915
409.2130036963923
438.8085597703681
469.83183394847214
321.8254815106802
338.77532754675843
350.5217739346683
361.0559545332968
371.1082083341425
379.1433711769845
386.19748788748024
392.12494283530805
396.3101091241385
389.32816050518676
374.89492865215465
362.93075294322983
357.69078459639366
360.5007972116789
372.9403796909408
389.3933537508197
408.56958611790157
433.2753889127147
462.35647627784385
391.8707891857073
401.5676243366471
411.8472697174621
422.0743325053929
430.73149873969413
437.1252027056422
443.12146992234165
446.35141071585815
440.25346370303197
423.7016447390026
407.7359939402117
398.32362714205357
397.4843541108315
405.638943122863
419.7430899375301
437.50387004161547
459.6427464571898
463.6191573062341
473.66570490255054
481.44553139585935
487.45116887141756
493.1129207736042
495.01105515823156
488.62512175048454
471.7731410295736
452.4932499909561
440.3875130875631
435.75631016833233
438.96150288569095
449.32000759790577
531.074712251249
537.0776708545297
541.2525596686004
542.1833345625643
535.4025414781524
518.629251758494
498.5688140104004
483.80425655290804
474.5704291744523
