-0.7067287
-0.71043336
-0.7116282
-0.7136542
-0.7160701
-0.72232
-0.7210245
-0.724993
-0.7342216
-0.72897726
-0.7370543
-0.7397758
-0.744126
-0.7461029
-0.74852985
-0.7528858
-0.7601501
-0.76423854
-0.76860213
-0.7760781
-0.7784524
-0.7845626
-0.7904444
-0.7958502
-0.8024699
-0.8096163
-0.8136771
-0.814932
-0.81940967
-0.81924653
-0.8261322
-0.82927626
-0.8310273
-0.83028275
-0.83464396
-0.8393415
-0.8373751
-0.84392357
-0.8479174
-0.85260606
-0.85345834
-0.8573446
-0.86101574
-0.86664045
-0.8687997
-0.871246
-0.8736429
-0.8794373
-0.87763274
-0.8821472
-0.8871194
-0.88912857
-0.8900834
-0.89345837
-0.89423895
-0.8959638
-0.90146095
-0.9018829
-0.90394217
-0.90590715
-0.9057878
-0.9092577
-0.91038305
-0.90937734
-0.9124842
-0.91206753
-0.9123895
-0.91243166
-0.9136598
-0.91361815
-0.91418797
-0.91491485
-0.91566694
-0.9161496
-0.91587245
-0.917779
-0.91755104
-0.9191242
-0.9193235
-0.9187652
-0.9183647
-0.91966605
-0.9205767
-0.9193912
-0.92006594
-0.921227
-0.9202086
-0.92206043
-0.92197937
-0.9207608
-0.923117
-0.9215365
-0.92243826
-0.92258686
-0.9225076
-0.92495155
-0.9236821
-0.9235174
-0.9238406
-0.92302346
-0.92573804
-0.9243419
-0.9233445
-0.9237398
-0.9240022
-0.9252446
-0.9242402
-0.9244304
-0.92450756
-0.92415875
-0.9249348
-0.92485434
-0.9250865
-0.9268142
-0.9265
-0.92690706
-0.9256029
-0.9255788
-0.9268138
-0.92666596
-0.925649
-0.9251907
-0.9271269
-0.9265104
-0.92720693
-0.9272561
-0.92763025
-0.9273895
-0.9263479
-0.9271935
-0.9273237
-0.92752284
-0.9275219
-0.9279704
-0.9271694
-0.9284329
-0.9281944
-0.9286701
-0.92835784
-0.9283972
-0.9284725
-0.92854726
-0.9285093
-0.92866385
-0.9299719
-0.9290693
-0.92884725
-0.9295875
-0.92953676
-0.92889524
-0.92839706
-0.93046296
-0.92904276
-0.9291299
-0.9290759
-0.9296999
-0.92966896
-0.92920315
-0.92977804
-0.93079346
-0.9308028
-0.9290608
-0.9293474
-0.9299851
-0.93048006
-0.9304123
-0.93099034
-0.9301332
-0.93207526
-0.9305409
-0.93110895
-0.92993
-0.9296573
-0.9299193
-0.9301934
-0.931195
-0.9304353
-0.9296615
-0.9302363
-0.92881703
-0.93244046
-0.93141294
-0.9307496
-0.9308186
-0.9315079
-0.9322809
-0.9318522
-0.9312214
-0.93171024
-0.93176275
-0.93155557
-0.93203944
-0.9305166
-0.9305844
-0.93204886
-0.9311801
-0.9318772
-0.9310172
-0.9329059
-0.93238574
-0.93271905
-0.9310907
-0.932305
-0.9322558
-0.9323856
-0.9315847
-0.93297607
-0.93134415
-0.9334152
-0.9325506
-0.9326888
-0.93193644
-0.9317148
-0.93253094
-0.9328055
-0.9320935
-0.93291813
-0.9334018
-0.9327579
-0.93270147
-0.93354094
-0.93367815
-0.93270797
-0.9331969
-0.9336479
-0.9329027
-0.9328669
-0.93352205
-0.93206316
-0.93288016
-0.93271875
-0.9326088
-0.93312204
-0.93316793
-0.93344086
-0.9336213
-0.93347174
-0.9330921
-0.93387496
-0.9327166
-0.9320495
-0.9329993
-0.9337295
-0.93238467
-0.9331378
-0.93288505
-0.93301815
-0.9337165
-0.9332528
-0.93426895
-0.93391186
-0.93393576
-0.933432
-0.9335672
-0.9330541
-0.9332668
-0.93385077
-0.9338516
-0.9332389
-0.9344191
-0.9345709
-0.9346184
-0.9336405
-0.93475795
-0.9340743
-0.93299645
-0.9339982
-0.9341296
-0.934495
-0.9343267
-0.9334958
-0.93365145
-0.9346259
-0.93410295
-0.9345131
-0.9346174
-0.93352985
-0.9339627
-0.9347798
-0.9342641
-0.9344598
-0.93356687
-0.933669
-0.93359756
-0.9351158
-0.9341921
-0.9335555
-0.93454325
-0.9355163
-0.9341402
-0.93479574
-0.93475425
-0.93414515
-0.93408895
-0.93493706
-0.9346792
-0.93455243
-0.9356117
-0.9360195
-0.9356906
-0.9347044
-0.93481
-0.9333778
-0.9343511
-0.9350317
-0.9345606
-0.9351692
-0.9352329
-0.9347814
-0.93459326
-0.93412447
-0.93519443
-0.93530005
-0.9346925
-0.93496025
-0.93457586
-0.9349133
-0.93388885
-0.93476814
-0.9344568
-0.93412584
-0.93444955
-0.9351675
-0.9353312
-0.9351014
-0.93469477
-0.9341465
-0.93529314
-0.9350267
-0.9354099
-0.9334502
-0.93526316
-0.93415624
-0.9358929
-0.934411
-0.93441147
-0.9342551
-0.93505216
-0.9353566
-0.9352048
-0.93567353
-0.9342507
-0.9357351
-0.93574154
-0.9358973
-0.9351446
-0.93511474
-0.9352827
-0.935455
-0.9347844
-0.934734
-0.93578625
-0.9356037
-0.93543136
-0.93632203
-0.9359428
-0.93526244
-0.9353495
-0.9344703
-0.9346628
-0.9357925
-0.9349424
-0.93560874
-0.9352525
-0.9354098
-0.9354693
-0.9353318
-0.9351755
-0.9345714
-0.93479496
-0.93428695
-0.9364437
-0.93554
-0.93624604
-0.9350256
-0.9369351
-0.9365158
-0.93550533
-0.9352783
-0.93600464
-0.93634146
-0.9353919
-0.935152
-0.9360041
-0.935796
-0.9359037
-0.93488604
-0.9348378
-0.936875
-0.93680733
-0.93485004
-0.93532956
-0.9365601
-0.93574494
-0.9349958
-0.9347182
-0.9358343
-0.9360095
-0.9365217
-0.9344347
-0.93450266
-0.93490535
-0.93607044
-0.93491524
-0.9356495
-0.93625915
-0.9344973
-0.93508625
-0.9343036
-0.93581754
-0.93553853
-0.93541026
-0.9356219
-0.9353795
-0.93546444
-0.93580645
-0.9361193
-0.9350979
-0.9356929
-0.93605673
-0.93550986
-0.93499094
-0.9358431
-0.9359857
-0.93664896
-0.9363791
-0.9347619
-0.9356173
-0.9360206
-0.9358391
-0.9351974
-0.93686265
-0.9362585
-0.93542266
-0.9356668
-0.9354569
-0.9359941
-0.9354996
-0.9356572
-0.9361673
-0.93549514
-0.9364838
-0.9348858
-0.93589675
-0.9370517
-0.9356105
-0.93491095
-0.93587387
-0.9356608
-0.93620306
-0.9362337
-0.93721724
-0.93568665
-0.93582904
-0.9353186
-0.9360462
-0.93501896
-0.9349989
-0.9351939
-0.93565214
-0.935927
-0.9355725
-0.93693906
-0.93623054
-0.9370954
-0.9362396
-0.9365877
-0.9368515
-0.9356124
-0.9375864
-0.9358086
-0.9373289
-0.93757516
-0.93498105
-0.93590975
-0.9373733
-0.9362297
-0.9352419
-0.93675125
-0.93654615
-0.9366159
-0.93558383
-0.9360023
-0.93593657
-0.9372551
-0.9356226
-0.9364107
-0.9368026
-0.9363255
-0.9355857
-0.93610966
-0.93591094
-0.93671155
-0.9366998
-0.9353125
-0.9376006
-0.93608433
-0.9359837
-0.93678045
-0.936105
-0.9367235
-0.93609416
-0.935975
-0.9355446
-0.93625826
-0.93612486
-0.93625295
-0.9374258
-0.93631536
-0.9352024
-0.9355219
-0.93528724
-0.93629396
-0.93534356
-0.9353885
-0.936498
-0.93544203
-0.9368049
-0.93542564
-0.9358592
-0.9372134
-0.9365963
-0.9364669
-0.9350106
-0.93542284
-0.9361898
-0.9353551
-0.9367414
-0.9355309
-0.9357618
-0.93633455
-0.93577176
-0.9368072
-0.9363486
-0.93573624
-0.9368934
-0.9374436
-0.93550044
-0.93686616
-0.93697953
-0.9365101
-0.9359856
-0.93608767
-0.9366325
-0.93600434
-0.93456733
-0.9352939
-0.9367012
-0.9368087
-0.93696564
-0.936565
-0.9364443
-0.9367776
-0.93690324
-0.934522
-0.9362549
-0.93632686
-0.9369149
-0.9372057
-0.9356595
-0.93562496
-0.93601406
-0.93696845
-0.93608177
-0.93551356
-0.9369842
-0.9362936
-0.93599504
-0.936501
-0.9369512
-0.9367598
-0.93636924
-0.93647486
-0.9359402
-0.9373926
-0.9372362
-0.9366854
-0.93645847
-0.9354471
-0.93664944
-0.9368964
-0.9367361
-0.9370125
-0.9368423
-0.93592954
-0.93722594
-0.9370547
-0.93681234
-0.93640417
-0.937481
-0.9361616
-0.93647325
-0.9367709
-0.936532
-0.93652135
-0.93722
-0.9364537
-0.9360725
-0.93695295
-0.93674624
-0.9363856
-0.936466
-0.93643963
-0.93646127
-0.9370982
-0.9363492
-0.93569213
-0.93583643
-0.9367884
-0.9373037
-0.9364155
-0.9363215
-0.93624765
-0.9363845
-0.9365322
-0.93728125
-0.9368651
-0.9368217
-0.9361163
-0.9364409
-0.937329
-0.9365368
-0.9361095
-0.93664396
-0.936039
-0.93646413
-0.9368134
-0.9367666
-0.93634385
-0.9370015
-0.93762356
-0.93665063
-0.9368488
-0.9377628
-0.9371284
-0.93657666
-0.93637025
-0.9372534
-0.9365516
-0.93592155
-0.93649995
-0.93601465
-0.9379215
-0.93685234
-0.937484
-0.93685263
-0.9372173
-0.9371953
-0.93694526
-0.9360225
-0.9369357
-0.9369314
-0.9363892
-0.936828
-0.93827915
-0.9371919
-0.9384078
-0.93651986
-0.93678623
-0.93581647
-0.9375718
-0.93688846
-0.93694127
-0.93750495
-0.9366669
-0.93636495
-0.9369008
-0.9370413
-0.9381142
-0.93664896
-0.93697214
-0.9357974
-0.93638647
-0.93630314
-0.9371388
-0.93673575
-0.93682706
-0.9373725
-0.93685377
-0.9369175
-0.93768454
-0.9377138
-0.93687093
-0.9371331
-0.9375312
-0.93662566
-0.9363972
-0.9367967
-0.9376479
-0.93672574
-0.9379399
-0.9371122
-0.93586516
-0.93637794
-0.937011
-0.937168
-0.9367415
-0.93582237
-0.9368021
-0.93711716
-0.93825287
-0.9376552
-0.9371889
-0.93716717
-0.93644226
-0.9369994
-0.9360822
-0.9365964
-0.9375964
-0.9361596
-0.936624
-0.9369633
-0.9363035
-0.93681616
-0.9366531
-0.93612146
-0.93675643
-0.93637556
-0.9365933
-0.9367257
-0.9360772
-0.93738914
-0.9379175
-0.9360218
-0.93694395
-0.93828964
-0.93631864
-0.93713444
-0.9366529
-0.9362414
-0.93672854
-0.93714345
-0.936781
-0.93652606
-0.9368907
-0.93783283
-0.9379939
-0.9372373
-0.9368467
-0.93653834
-0.9353953
-0.9364843
-0.93664676
-0.93667626
-0.9364925
-0.93787885
-0.9369143
-0.9370121
-0.937077
-0.9375035
-0.93662715
-0.93757325
-0.93753624
-0.9366606
-0.9376774
-0.93749505
-0.93609047
-0.9374305
-0.9371738
-0.93763185
-0.93778026
-0.93664867
-0.9374438
-0.9370845
-0.93807214
-0.9362643
-0.93705726
-0.93674517
-0.93666536
-0.9374296
-0.9384359
-0.9369526
-0.936292
-0.937087
-0.9372386
-0.9380585
-0.9378572
-0.93556976
-0.9369499
-0.93699706
-0.93645185
-0.93755615
-0.93682104
-0.93773264
-0.93667465
-0.93807936
-0.9381141
-0.9364116
-0.9363346
-0.9371904
-0.9374319
-0.9371276
-0.93738383
-0.9371201
-0.9371278
-0.93701565
-0.93759215
-0.9370048
-0.9369391
-0.93607765
-0.93678755
-0.93749166
-0.93622535
-0.9361835
-0.937171
-0.93660706
-0.9369633
-0.93770075
-0.9372456
-0.9375442
-0.93608683
-0.9376619
-0.936523
-0.93793225
-0.9368985
-0.93660986
-0.9387203
-0.9374814
-0.9374667
-0.93730056
-0.9369379
-0.93690854
-0.93753505
-0.936739
-0.9371556
-0.93687266
-0.9377464
-0.93697846
-0.9350895
-0.9369004
-0.9374029
-0.9379136
-0.9371823
-0.938462
-0.93732023
-0.936679
-0.9379025
-0.93639493
-0.93722457
-0.9368798
-0.93741053
-0.9373022
-0.93656635
-0.937838
-0.9381681
-0.9368531
-0.93799525
-0.93666774
-0.93766654
-0.9368834
-0.93737364
-0.9360756
-0.93725973
-0.93666095
-0.9370533
-0.9368533
-0.93726337
-0.93725854
-0.9370629
-0.9378669
-0.937522
-0.93802345
-0.9363315
-0.9371282
-0.935826
-0.936314
-0.9367648
-0.93726945
-0.9379082
-0.9364777
-0.9368392
-0.9368415
-0.9372886
-0.9374476
-0.93795395
-0.9361553
-0.937532
-0.9362448
-0.9376478
-0.937295
-0.93774015
-0.9361256
-0.93626785
-0.93799824
-0.93809426
-0.9383164
-0.9371763
-0.9370998
-0.9373759
-0.9362057
-0.9368911
-0.9379896
-0.93708414
-0.9374528
-0.93596214
-0.936783
-0.93714494
-0.9381695
-0.9362339
-0.9380335
-0.9355776
-0.93743676
-0.9382233
-0.9376702
-0.93809426
-0.9370933
-0.93631595
-0.9369559
-0.93740857
-0.9368762
-0.93659145
-0.93758965
-0.937062
-0.93714255
-0.93699324
-0.9366393
-0.93738663
-0.93677014
-0.93715215
-0.93778634
-0.9372113
-0.9369731
-0.93876064
-0.9381201
-0.93665856
-0.9380266
-0.9367742
-0.93697727
-0.9377478
-0.9368418
-0.93717104
-0.937413
-0.93778306
-0.9369546
-0.9371488
-0.93744993
-0.93648916
-0.9377523
-0.9375624
-0.9375592
-0.9371511
-0.9368136
-0.9365911
-0.93731743
-0.9374751
-0.93693316
-0.9382736
-0.9367826
-0.93733746
-0.9370674
-0.9370727
-0.936875
-0.93616575
-0.9379665
-0.9374546
-0.9377975
-0.93654335
-0.93788826
-0.9371873
-0.9366649
-0.93723524
-0.9366657
-0.9379896
-0.93736106
-0.93698025
-0.9363501
-0.9375357
-0.9375294
-0.9375984
-0.93707734
-0.9377749
-0.9375631
-0.93675226
-0.9381449
-0.9363487
-0.93711746
-0.93690723
-0.93665147
-0.93724877
-0.9375372
-0.9379801
-0.93801147
-0.9378607
-0.9373617
-0.9371436
-0.9382811
-0.93789274
-0.9385427
-0.93697953
-0.9361598
-0.93721205
-0.93808055
-0.937357
-0.93619114
-0.9367335
-0.93700665
-0.9383853
-0.93691236
-0.9375543
-0.9371496
-0.9371366
-0.93840677
-0.93746126
-0.93690616
-0.9376998
-0.93692946
-0.93686014
-0.9368087
-0.9364938
-0.938241
-0.9376654
-0.93673867
-0.9368441
-0.9368891
-0.9379418
-0.9382534
-0.9386367
-0.9366928
-0.93746686
-0.93677247
-0.9362741
-0.93636614
-0.9378254
-0.93743616
-0.93776643
-0.9368227
-0.93727094
-0.93857056
-0.9365932
-0.9372725
-0.937208
-0.93762714
-0.93774736
-0.93668205
-0.93794596
-0.9379366
-0.9367235
-0.9370719
-0.93670946
-0.93673897
-0.9377382
-0.9365787
-0.9363172
-0.93685365
-0.9377638
-0.9372796
-0.9372873
-0.936705
-0.93738437
-0.9378897
-0.9369712
-0.93755096
-0.9376104
-0.9389069
-0.9370894
-0.938165
-0.93868095
-0.9371445
-0.937385
-0.93667716
-0.9373629
-0.9361134
-0.93876946
-0.93645835
-0.93714905
-0.9364612
-0.93873715
-0.93694186
-0.93824995
-0.93691796
-0.93845206
-0.93757236
-0.93617153
-0.93858236
-0.938589
-0.93701166
-0.93821996
-0.9378289
-0.9376225
-0.93736553
-0.93770623
-0.93781894
-0.9379843
-0.9384005
-0.9377034
-0.93837917
-0.9384345
-0.93762475
-0.93753743
-0.937243
-0.93886006
-0.93744475
-0.9386013
-0.9382185
-0.9374093
-0.93685603
-0.9372614
-0.9382884
-0.93740207
-0.93754274
-0.93748593
-0.9381845
-0.93814737
-0.9377663
-0.9378903
-0.9380016
-0.93775445
-0.9365613
-0.93847024
-0.93755174
-0.9371636
-0.9376187
-0.9376718
-0.9381453
-0.93764997
-0.93848383
-0.93773025
-0.9375392
-0.938946
-0.9372033
-0.93798697
-0.9378143
-0.9379952
-0.93754894
-0.93737906
-0.93830526
-0.9370333
-0.9368992
-0.9380902
-0.93743336
-0.93792224
-0.9377335
-0.9371472
-0.93682694
-0.938009
-0.9374736
-0.93737286
-0.93728316
-0.9377611
-0.9377622
-0.93727744
-0.9374722
-0.9379092
-0.9377681
-0.93797904
-0.93680304
-0.9378564
-0.93736315
-0.93806773
-0.9372206
-0.93742424
-0.93778694
-0.93696064
-0.9375547
-0.93792844
-0.937898
-0.93632823
-0.93778867
-0.9378422
-0.9379191
-0.9371211
-0.9370041
-0.9370133
-0.9370448
-0.9383415
-0.9374218
-0.938347
-0.936973
-0.9370712
-0.9384457
-0.9371797
-0.93713355
-0.93781525
-0.9375628
-0.93655396
-0.9370262
-0.93736225
-0.9370588
-0.9372117
-0.93745995
-0.93744886
-0.9376225
-0.9371886
-0.9369045
-0.93759835
-0.93796915
-0.9383136
-0.93758595
-0.9383925
-0.9367145
-0.93814147
-0.93841916
-0.9366983
-0.9381045
-0.9370266
-0.9383544
-0.93764174
-0.937703
-0.9387404
-0.9370723
-0.93784237
-0.9378011
-0.9378707
-0.9375086
-0.9380853
-0.9378536
-0.93758446
-0.9375983
-0.9372981
-0.93808234
-0.93771505
-0.9375485
-0.937573
-0.9379595
-0.93829304
-0.93826544
-0.9370986
-0.9379706
-0.9375231
-0.93778664
-0.9377136
-0.93721735
-0.93647945
-0.9376328
-0.93771106
-0.9382377
-0.9377446
-0.93785447
-0.9377629
-0.93781346
-0.93705153
-0.93741477
-0.93707085
-0.9376942
-0.9384079
-0.9372762
-0.9376468
-0.93804663
-0.9378533
-0.9370293
-0.9391423
-0.9379983
-0.9379847
-0.9365638
-0.93852365
-0.9380797
-0.93738467
-0.9375049
-0.9376726
-0.9385059
-0.9379112
-0.9375238
-0.93884856
-0.9369698
-0.9369984
-0.9374308
-0.9377747
-0.93897694
-0.9375705
-0.93791413
-0.93742275
-0.937697
-0.9372901
-0.9374849
-0.9367466
-0.9384021
-0.93771476
-0.93707985
-0.9372907
-0.9383442
-0.937512
-0.93699056
-0.937922
-0.93741626
-0.93900704
-0.9370454
-0.938089
-0.93746346
-0.93801254
-0.9369665
-0.9368288
-0.93728346
-0.9376695
-0.9377439
-0.9368261
-0.9384901
-0.93670565
-0.9381964
-0.9371978
-0.9374619
-0.93745756
-0.9372078
-0.9367757
-0.9374632
-0.9374358
-0.9380907
-0.93815094
-0.93778676
-0.9363929
-0.9379827
-0.93720526
-0.93842745
-0.93750554
-0.93798673
-0.9380223
-0.9384812
-0.93777007
-0.93760157
-0.9378697
-0.9377897
-0.93754524
-0.93682164
-0.9387755
-0.9381543
-0.93798953
-0.93673635
-0.9372862
-0.937239
-0.9382006
-0.93857455
-0.9375785
-0.9387575
-0.937503
-0.93693036
-0.9382995
-0.9374904
-0.93862945
-0.9377629
-0.9377907
-0.93823665
-0.93783796
-0.93742996
-0.93765396
-0.9374789
-0.93908775
-0.9386256
-0.9377399
-0.9377064
-0.93725663
-0.937938
-0.93824726
-0.93842584
-0.93759936
-0.9375376
-0.9374791
-0.9387185
-0.93792903
-0.9371876
-0.9366081
-0.9375956
-0.9370215
-0.93778425
-0.9375303
-0.9384433
-0.9369172
-0.9376493
-0.9383845
-0.9368524
-0.93713474
-0.93751675
-0.9371121
-0.93698305
-0.93761724
-0.9379515
-0.938067
-0.93745494
-0.9381094
-0.9365881
-0.936807
-0.9381729
-0.9381478
-0.93798333
-0.93633336
-0.93647754
-0.93743795
-0.93795127
-0.93679845
-0.93711966
-0.93800515
-0.9376169
-0.9365934
-0.93820024
-0.93670297
-0.9371015
-0.93818694
-0.9372515
-0.9375163
-0.9365197
-0.93649447
-0.9385559
-0.9366929
-0.9381668
-0.93728304
-0.93801767
-0.9379598
-0.93780804
-0.93791384
-0.93779224
-0.9373827
-0.936385
-0.93855023
-0.9379113
-0.93849534
-0.9377446
-0.9360045
-0.93844247
-0.93747824
-0.93813336
-0.93731666
-0.93834674
-0.93781567
-0.93774575
-0.93827903
-0.93855745
-0.9382601
-0.9375564
-0.9383351
-0.9385176
-0.93703556
-0.93768567
-0.938019
-0.9381537
-0.93785053
-0.93789077
-0.9383432
-0.93824303
-0.9376071
-0.9375777
-0.9382102
-0.9372095
-0.9374434
-0.9382404
-0.93781924
-0.938165
-0.9374923
-0.9376571
-0.9373392
-0.93689626
-0.93792284
-0.93807924
-0.9379231
-0.93777746
-0.9377053
-0.9373275
-0.9378263
-0.93719953
-0.9389754
-0.93767464
-0.9380577
-0.93774205
-0.9375028
-0.9385339
-0.93792385
-0.9380738
-0.937861
-0.9371581
-0.9372146
-0.93775344
-0.9379125
-0.937695
-0.9376953
-0.9378428
-0.9367194
-0.9383148
-0.9376107
-0.9370336
-0.93814737
-0.93770415
-0.93778116
-0.93859166
-0.9378943
-0.9373679
-0.93849784
-0.9377126
-0.9375629
-0.9385888
-0.9382745
-0.9383049
-0.9374306
-0.9383626
-0.9383365
-0.93807906
-0.9382476
-0.9376224
-0.93860793
-0.93826616
-0.93750477
-0.9378559
-0.93754816
-0.93756026
-0.9373699
-0.937665
-0.936969
-0.93732697
-0.9383112
-0.9382346
-0.93777925
-0.9380505
-0.9375172
-0.93852705
-0.9386743
-0.9382461
-0.9380273
-0.9388233
-0.9372846
-0.93745106
-0.93715096
-0.9396971
-0.9379837
-0.937446
-0.93806905
-0.93814796
-0.9380935
-0.9385859
-0.93674606
-0.93685156
-0.9383886
-0.9379451
-0.93767494
-0.93881464
-0.93814826
-0.9383475
-0.93787086
-0.9379687
-0.93735284
-0.9380853
-0.9384355
-0.9364922
-0.9387613
-0.93803346
-0.93778324
-0.93858624
-0.9380102
-0.9375738
-0.93729305
-0.93816113
-0.9385502
-0.93862236
-0.9381401
-0.9378528
-0.93916225
-0.93800455
-0.93804544
-0.93833935
-0.9375001
-0.9377813
-0.9386989
-0.9376605
-0.93702257
-0.9379371
-0.93768376
-0.9386091
-0.9371023
-0.9374035
-0.9385719
-0.9388363
-0.93756396
-0.93786585
-0.937116
-0.9369664
-0.938147
-0.93798906
-0.93791497
-0.937114
-0.93769836
-0.9367258
-0.93795615
-0.93732333
-0.93745726
-0.9382076
-0.9376308
-0.93745744
-0.93848354
-0.93647534
-0.9371983
-0.93706053
-0.9372328
-0.9379272
-0.9382161
-0.93792653
-0.93725884
-0.9378763
-0.93736404
-0.9383184
-0.9371114
-0.9383103
-0.9377516
-0.9389787
-0.93804663
-0.9374888
-0.9380802
-0.93864226
-0.9386592
-0.9383075
-0.9384951
-0.93663585
-0.9379267
-0.9390296
-0.9372623
-0.93796504
-0.93803555
-0.9381919
-0.93707573
-0.9378025
-0.93764484
-0.9387545
-0.93857473
-0.93832195
-0.93832505
-0.9374712
-0.9378937
-0.9384872
-0.93792194
-0.93840384
-0.93807167
-0.9376972
-0.93853027
-0.93799216
-0.9387258
-0.9389976
-0.93768865
-0.93656725
-0.9373881
-0.93836707
-0.93720526
-0.93791354
-0.93759435
-0.936718
-0.9383475
-0.93876725
-0.9370163
-0.938547
-0.93797415
-0.9384031
-0.93742055
-0.939108
-0.937336
-0.9377256
-0.9384874
-0.93805504
-0.93764
-0.93720776
-0.93729746
-0.93785053
-0.93767333
-0.93781924
-0.93823355
-0.9386715
-0.9385739
-0.9391579
-0.9381036
-0.9391047
-0.9378941
-0.9384024
-0.9372271
-0.93817425
-0.93862736
-0.9378836
-0.9381373
-0.9394187
-0.93787503
-0.93782884
-0.93826133
-0.9376405
-0.93764675
-0.9384546
-0.93797165
-0.9379862
-0.9369994
-0.9378977
-0.93790776
-0.9380776
-0.93813896
-0.9383756
-0.938252
-0.93775403
-0.9358615
-0.9382679
-0.9378025
-0.93792534
-0.93783236
-0.93786603
-0.9390918
-0.9385774
-0.9371413
-0.9378563
-0.9374513
-0.937093
-0.9376013
-0.9382298
-0.93820333
-0.93824595
-0.93737286
-0.9376511
-0.9368759
-0.9376116
-0.936713
-0.937312
-0.93753964
-0.937068
-0.9379339
-0.93828946
-0.9385485
-0.93813336
-0.9386083
-0.9381089
-0.93808925
-0.93758065
-0.93898654
-0.93905693
-0.9375604
-0.93796587
-0.93802553
-0.93770856
-0.9375757
-0.9369871
-0.9383747
-0.9382398
-0.9385771
-0.9379058
-0.93801075
-0.93823373
-0.93669987
-0.93755454
-0.9374377
-0.9390268
-0.9390106
-0.9379791
-0.9373507
-0.9373021
-0.9377942
-0.93800807
-0.9379857
-0.9382327
-0.93794894
-0.93798995
-0.93766457
-0.93693846
-0.93936086
-0.9383954
-0.9371297
-0.9373394
-0.93793327
-0.93791085
-0.93873006
-0.93783593
-0.9386399
-0.93660456
-0.9385106
-0.93752193
-0.93732953
-0.93764085
-0.9377676
-0.93711185
-0.93734854
-0.9390631
-0.93693465
-0.93777674
-0.9368245
-0.93844324
-0.93759394
-0.93792254
-0.9372585
-0.9364994
-0.9381052
-0.9378941
-0.93916124
-0.9373631
-0.9376336
-0.9378719
-0.9388611
-0.9388325
-0.93755597
-0.9377237
-0.93840766
-0.93738073
-0.93819284
-0.93835753
-0.9386801
-0.9397266
-0.93801945
-0.9383643
-0.93877584
-0.9375798
-0.9379998
-0.9393787
-0.9379305
-0.9386505
-0.93795127
-0.93772846
-0.9387289
-0.9380687
-0.938375
-0.9382641
-0.9376078
-0.9383862
-0.93871284
-0.93716365
-0.9386879
-0.9380192
-0.9375937
-0.9369384
-0.9372736
-0.938733
-0.9394113
-0.9384719
-0.9383496
-0.93789244
-0.93881476
-0.93651056
-0.9375899
-0.9376233
-0.9387182
-0.93880916
-0.93751097
-0.9381697
-0.93878275
-0.93812734
-0.9388481
-0.9377354
-0.9369283
-0.9383391
-0.9382805
-0.9378408
-0.93780416
-0.93853617
-0.93735206
-0.9375816
-0.93804985
-0.93827295
-0.93727994
-0.9367411
-0.9376749
-0.93864065
-0.9385346
-0.9382386
-0.937731
-0.93777156
-0.9380187
-0.9394124
-0.9383056
-0.93718565
-0.9391116
-0.93795854
-0.9386968
-0.93699336
-0.9378902
-0.9379873
-0.93817884
-0.9383051
-0.9379854
-0.9376758
-0.93729407
-0.93880904
-0.93835354
-0.9383974
-0.9381468
-0.9381134
-0.9377659
-0.9370029
-0.937496
-0.93890905
-0.9381039
-0.9378111
-0.93870544
-0.9391365
-0.9374154
-0.9376029
-0.93836063
-0.9374835
-0.9373136
-0.9372406
-0.9377714
-0.9375775
-0.938292
-0.9380698
-0.9377019
-0.9382887
-0.93832
-0.9384084
-0.93748695
-0.93808025
-0.9380935
-0.93781906
-0.9388249
-0.9372922
-0.9375811
-0.93774694
-0.9375758
-0.93693626
-0.9383069
-0.93777335
-0.93944085
-0.9390314
-0.9370174
-0.9383087
-0.9387081
-0.93825406
-0.936764
-0.9382218
-0.93914634
-0.9374131
-0.93904215
-0.93886006
-0.93832344
-0.93892086
-0.93862975
-0.938614
-0.9380547
-0.939218
-0.9378672
-0.9376217
-0.9387545
-0.9391504
-0.9377746
-0.93788093
-0.9384656
-0.9381737
-0.9376119
-0.93872136
-0.9378472
-0.9393101
-0.9380073
-0.93815786
-0.9379471
-0.9376539
-0.93844944
-0.9382962
-0.93701833
-0.93833125
-0.937707
-0.9383687
-0.93816644
-0.93788034
-0.9380056
-0.93841875
-0.93720496
-0.93795
-0.93753225
-0.9379214
-0.9376496
-0.93742865
-0.9375592
-0.9373348
-0.93839014
-0.9383408
-0.9375865
-0.93755513
-0.93874305
-0.9392081
-0.93791574
-0.93816173
-0.9386173
-0.9379288
-0.93763477
-0.93687034
-0.9380246
-0.93845195
-0.9385928
-0.9372146
-0.93876314
-0.93880653
-0.9382529
-0.93797046
-0.9390906
-0.9385458
-0.93734485
-0.93859917
-0.9384339
-0.93807113
-0.9364304
-0.9381814
-0.9380473
-0.93864334
-0.9377704
-0.9379718
-0.938593
-0.93782026
-0.938252
-0.93786806
-0.93732125
-0.9387643
-0.93861073
-0.9386372
-0.9376406
-0.9378218
-0.937897
-0.93744284
-0.93902373
-0.9389734
-0.9380707
-0.93793344
-0.93700624
-0.93786347
-0.93833834
-0.9385745
-0.93834513
-0.937645
-0.93814373
-0.9382443
-0.9382387
-0.93884933
-0.93868756
-0.9373588
-0.93829596
-0.9380693
-0.9377127
-0.93835
-0.9372516
-0.9375345
-0.9387215
-0.9374132
-0.93792844
-0.9378394
-0.9381968
-0.9370225
-0.9391844
-0.9392048
-0.9387906
-0.93904936
-0.9385614
-0.9396021
-0.93818444
-0.9384129
-0.9373769
-0.9386834
-0.9381232
-0.9386752
-0.93849695
-0.93820906
-0.93790597
-0.93691504
-0.9382365
-0.9387714
-0.93779296
-0.9384085
-0.9389437
-0.9387265
-0.9378765
-0.9375247
-0.93839806
-0.9380594
-0.9379576
-0.93697613
-0.93735826
-0.938497
-0.9381962
-0.93798447
-0.93878806
-0.93867356
-0.937269
-0.93799543
-0.93854815
-0.9379379
-0.93833405
-0.9372675
-0.9383346
-0.9377461
-0.9374109
-0.93751675
-0.9387838
-0.9389172
-0.9388359
-0.93718624
-0.9381397
-0.93780893
-0.938086
-0.93767256
-0.93819785
-0.93741935
-0.93789744
-0.9386838
-0.93855405
-0.9372446
-0.93851644
-0.938288
-0.9373577
-0.9381392
-0.93763053
-0.93800676
-0.93817025
-0.9375787
-0.938684
-0.93809634
-0.9380645
-0.9380445
-0.9372838
-0.9378631
-0.9392639
-0.9376196
-0.9392028
-0.9387043
-0.93750036
-0.93811655
-0.9378051
-0.93693125
-0.9381213
-0.93916684
-0.93750405
-0.939173
-0.9383467
-0.93838614
-0.9384229
-0.93848395
-0.9380871
-0.9385649
-0.9381567
-0.9380422
-0.9385087
-0.9383606
-0.93799895
-0.93842876
-0.93816733
-0.9380278
-0.9384524
-0.93895
-0.93849266
-0.9383787
-0.9379991
-0.9379001
-0.93842727
-0.9378187
-0.9382728
-0.93776345
-0.9380756
-0.93775374
-0.93668634
-0.93804103
-0.9390429
-0.93837416
-0.93817353
-0.9381085
-0.93766814
-0.9384813
-0.93827254
-0.9381115
-0.93801254
-0.9366976
-0.9390942
-0.93808377
-0.9385361
-0.93812543
-0.93866
-0.93758196
-0.93820024
-0.9392261
-0.93805647
-0.93674314
-0.9385113
-0.9384851
-0.9389127
-0.93777704
-0.9376673
-0.9390639
-0.9385234
-0.93801194
-0.9382073
-0.9379235
-0.93824184
-0.93758416
-0.93781996
-0.93911266
-0.9386939
-0.93829656
-0.938433
-0.9380874
-0.9383962
-0.9374937
-0.9374457
-0.93923897
-0.9385357
-0.9380044
-0.9379704
-0.9370444
-0.9374468
-0.93892515
-0.93802154
-0.9375973
-0.9380452
-0.9387151
-0.93838
-0.93873155
-0.9387093
-0.9372845
-0.9382925
-0.9386665
-0.9383448
-0.93782514
-0.9372352
-0.93851995
-0.93866616
-0.937994
-0.93840694
-0.938374
-0.9372757
-0.9388347
-0.9376441
-0.93796587
-0.9377534
-0.93782806
-0.93749297
-0.9374683
-0.93839484
-0.9394603
-0.9375146
-0.93801284
-0.9377847
-0.938174
-0.9384059
-0.9385676
-0.9386753
-0.93661183
-0.9383212
-0.93841124
-0.9381479
-0.93903106
-0.9380322
-0.93841475
-0.9393683
-0.9381379
-0.9396161
-0.9387953
-0.9379701
-0.93631876
-0.9390275
-0.93829614
-0.93795854
-0.93831754
-0.93804485
-0.9382256
-0.93743026
-0.9387261
-0.9378126
-0.9381329
-0.9382443
-0.9381297
-0.9384795
-0.9383088
-0.9385505
-0.9369794
-0.9384297
-0.9392186
-0.9384222
-0.93907213
-0.9373109
-0.93862146
-0.93793374
-0.938137
-0.9368094
-0.93841106
-0.93889374
-0.9377502
-0.9390031
-0.9389446
-0.93804246
-0.938789
-0.9393044
-0.93843055
-0.9379301
-0.9387288
-0.93769056
-0.9371846
-0.93833137
-0.9384057
-0.93792164
-0.9379831
-0.93825877
-0.9388406
-0.9374201
-0.9380512
-0.9374787
-0.9382509
-0.9389639
-0.93883836
-0.93811625
-0.9378572
-0.9377532
-0.9383004
-0.93860507
-0.9380763
-0.9386398
-0.9382955
-0.93788654
-0.9385901
-0.9374452
-0.9379909
-0.9378651
-0.9385503
-0.93856686
-0.9381993
-0.93788016
-0.93800306
-0.9383683
-0.9379838
-0.93827116
-0.93748796
-0.9375603
-0.9392018
-0.9377254
-0.93820536
-0.93857706
-0.93878305
-0.937261
-0.9388149
-0.93811846
-0.937426
-0.93663543
-0.9386549
-0.9378918
-0.93879193
-0.9393936
-0.93942195
-0.93947715
-0.9383552
-0.9372448
-0.93839264
-0.9386945
-0.9380156
-0.93752307
-0.9386924
-0.9388504
-0.9380085
-0.9380684
-0.93694013
-0.93790406
-0.93841267
-0.93711597
-0.938338
-0.93903744
-0.93892366
-0.93883514
-0.93802476
-0.9384102
-0.9390266
-0.9382896
-0.937965
-0.9375841
-0.9377638
-0.9376823
-0.93829787
-0.9383028
-0.9378042
-0.9379054
-0.9389482
-0.9391676
-0.9382125
-0.93889874
-0.93794745
-0.9386845
-0.9376753
-0.93801665
-0.9376754
-0.93764645
-0.9376634
-0.9375632
-0.9380903
-0.9383738
-0.93883115
-0.9384629
-0.9371761
-0.93906796
-0.9384927
-0.9392227
-0.9387144
-0.9380216
-0.93820274
-0.9399481
-0.93794733
-0.9381796
-0.9379955
-0.9388349
-0.93897545
-0.9373783
-0.9382044
-0.93895894
-0.9375117
-0.9383785
-0.9383373
-0.9370847
-0.9384238
-0.93752694
-0.93782115
-0.93931854
-0.9376505
-0.9387101
-0.937275
-0.93803656
-0.9377238
-0.93882674
-0.9377298
-0.93858236
-0.9382686
-0.9393738
-0.9375548
-0.93746376
-0.9377275
-0.93764174
-0.9367587
-0.93983614
-0.93822443
-0.93702257
-0.93861926
-0.9382571
-0.9383007
-0.9390983
-0.93759525
-0.93845433
-0.93875885
-0.937611
-0.93847513
-0.93804723
-0.9377541
-0.9376214
-0.9395017
-0.9389989
-0.9380537
-0.93993014
-0.9393155
-0.937835
-0.93873996
-0.93912226
-0.9383524
-0.9382586
-0.93931454
-0.9384419
-0.9373775
-0.938958
-0.93832964
-0.9384969
-0.9385168
-0.93864524
-0.9381835
-0.93897444
-0.9393036
-0.937995
-0.9382593
-0.9383182
-0.9384239
-0.9386514
-0.93907464
-0.9381748
-0.9380528
-0.9387964
-0.93861276
-0.93873423
-0.93831253
-0.9377512
-0.93899536
-0.9378056
-0.93861246
-0.93793696
-0.93901366
-0.93757915
-0.938144
-0.93902594
-0.93833494
-0.93808246
-0.9378619
-0.938302
-0.93764716
-0.93799716
-0.9395135
-0.93810314
-0.93841046
-0.93788755
-0.93846035
-0.937163
-0.93881136
-0.9390471
-0.93935686
-0.9386652
-0.93806
-0.9392443
-0.93813723
-0.93874246
-0.9384647
-0.9389992
-0.93911004
-0.9390829
-0.93928427
-0.93824303
-0.9384655
-0.9381581
-0.9385066
-0.9388877
-0.93901426
-0.93910176
-0.9387638
-0.938249
-0.9387026
-0.9390507
-0.9389121
-0.93902314
-0.9384156
-0.938739
-0.93822217
-0.93917835
-0.9381084
-0.93856657
-0.93976456
-0.9380799
-0.93884003
-0.9380611
-0.9391071
-0.938276
-0.9378337
-0.93887603
-0.9385578
-0.9376632
-0.9390147
-0.93824184
-0.93930155
-0.9377881
-0.9381399
-0.93771404
-0.93880373
-0.9383766
-0.93927443
-0.9382413
-0.9384042
-0.9386483
-0.93840724
-0.93828636
-0.93853545
-0.9376114
-0.9376486
-0.9384845
-0.9383976
-0.938652
-0.9385275
-0.9391657
-0.93933165
-0.9372082
-0.93892735
-0.9385449
-0.93828964
-0.938458
-0.937676
-0.93832636
-0.9392296
-0.9384121
-0.9383373
-0.9380927
-0.9368658
-0.9379611
-0.9379851
-0.9379697
-0.93820184
-0.9384645
-0.9384309
-0.9374159
-0.9381421
-0.9387287
-0.9379333
-0.93747574
-0.9383996
-0.9376717
-0.93750936
-0.93983877
-0.9390575
-0.93773425
-0.93910825
-0.93799126
-0.93843555
-0.939232
-0.9377117
-0.93835956
-0.9388846
-0.93956083
-0.93760294
-0.93872523
-0.9378489
-0.93871903
-0.9379125
-0.9388159
-0.9384226
-0.93861854
-0.9393172
-0.9380483
-0.9391103
-0.93724465
-0.9382374
-0.9378818
-0.9383684
-0.9374846
-0.9388164
-0.93835205
-0.93838733
-0.9373453
-0.9386067
-0.93829936
-0.9378945
-0.9392168
-0.9392131
-0.93802315
-0.9380923
-0.93875194
-0.9389267
-0.9386831
-0.93963414
-0.9382983
-0.93838394
-0.9384619
-0.93952286
-0.9381053
-0.93881714
-0.9381139
-0.9388888
-0.93728584
-0.9374971
-0.9385466
-0.93698305
-0.93844897
-0.9394178
-0.93789697
-0.9392938
-0.9389086
-0.93881345
-0.938275
-0.93793464
-0.9392532
-0.9381966
-0.9374656
-0.93883324
-0.9389886
-0.93782836
-0.9384491
-0.9393786
-0.9389976
-0.93842816
-0.93887365
-0.9394749
-0.9384615
-0.9384065
-0.9389865
-0.9386766
-0.93732905
-0.9373353
-0.93837434
-0.9381724
-0.9381913
-0.93747616
-0.93917173
-0.93779993
-0.9386415
-0.938904
-0.9379424
-0.9389123
-0.9385853
-0.93854034
-0.9377151
-0.9384196
-0.93904597
-0.9384238
-0.9379544
-0.9384192
-0.93825465
-0.93902373
-0.93920285
-0.9399232
-0.93828005
-0.93850476
-0.9381159
-0.9375575
-0.93795145
-0.9384043
-0.9388853
-0.9382933
-0.93863976
-0.9385724
-0.93853813
-0.9387204
-0.93900895
-0.938486
-0.9382245
-0.93894196
-0.93822765
-0.93904334
-0.9384033
-0.9388091
-0.9386836
-0.9381768
-0.93850285
-0.93802065
-0.9382518
-0.93834615
-0.9386631
-0.9381379
-0.93875974
-0.937912
-0.9380949
-0.93814194
-0.93739575
-0.937526
-0.9391343
-0.93784523
-0.93794626
-0.93860596
-0.93760306
-0.9383963
-0.9387568
-0.9397022
-0.93814254
-0.93830216
-0.9383048
-0.9382149
-0.9376185
-0.9385091
-0.93889964
-0.93923694
-0.9381108
-0.93901974
-0.9386935
-0.9389114
-0.9386135
-0.9390203
-0.9385654
-0.9392002
-0.9388323
-0.93935275
-0.93861604
-0.9400904
-0.938378
-0.9389538
-0.9386475
-0.9388575
-0.9388229
-0.93824285
-0.9375945
-0.9374093
-0.9385067
-0.9385977
-0.9388639
-0.938712
-0.9381125
-0.9380512
-0.9365369
-0.9377028
-0.937732
-0.9376989
-0.93776697
-0.9388608
-0.9384124
-0.93798685
-0.9378078
-0.9381301
-0.9377364
-0.93804836
-0.93873876
-0.94017285
-0.9380459
-0.93838423
-0.9380005
-0.9394133
-0.9379475
-0.9379237
-0.9392856
-0.9386528
-0.9382444
-0.9389336
-0.9386962
-0.93826205
-0.93805736
-0.93775696
-0.93770075
-0.9381112
-0.9391809
-0.9382427
-0.93869424
-0.9391568
-0.9392466
-0.9388439
-0.93795115
-0.9385114
-0.9376318
-0.9382008
-0.9384244
-0.93842655
-0.93915886
-0.93821585
-0.9386107
-0.93753046
-0.93834364
-0.938217
-0.93833953
-0.93839103
-0.9383528
-0.939404
-0.93864816
-0.9367066
-0.9390365
-0.93876356
-0.9382617
-0.9393341
-0.93795377
-0.9375086
-0.9381835
-0.9385141
-0.93828785
-0.93746895
-0.93830085
-0.939008
-0.9380709
-0.9381999
-0.93839306
-0.9379182
-0.9381183
-0.9386657
-0.93768936
-0.93839324
-0.93946946
-0.93996584
-0.9383997
-0.93796724
-0.9387257
-0.93914235
-0.93902314
-0.9382131
-0.93849105
-0.93793
-0.9389132
-0.9376325
-0.9384964
-0.9388167
-0.93835807
-0.9394424
-0.93841267
-0.9379352
-0.9373438
-0.93889415
-0.9382481
-0.9381008
-0.93782747
-0.9385154
-0.9379357
-0.9389761
-0.9392095
-0.93835926
-0.9369574
-0.9381961
-0.9389329
-0.9389103
-0.93806434
-0.9385809
-0.9378061
-0.93904555
-0.9383725
-0.93798274
-0.93837136
-0.93835384
-0.9386359
-0.9382575
-0.93829346
-0.93799454
-0.938032
-0.9393731
-0.93905646
-0.9379838
-0.9388241
-0.9391407
-0.93852353
-0.9373339
-0.9391265
-0.9396247
-0.93787885
-0.9376239
-0.93882513
-0.93789786
-0.939248
-0.938643
-0.938795
-0.93816227
-0.9389086
-0.93835425
-0.9385744
-0.9385679
-0.9384447
-0.9394567
-0.9387653
-0.9389274
-0.93827105
-0.93837684
-0.93880963
-0.93962675
-0.93814313
-0.93793964
-0.9380638
-0.93858254
-0.9378987
-0.9382623
-0.9380465
-0.93892807
-0.9384391
-0.9380854
-0.9393135
-0.9388062
-0.9390838
-0.9381584
-0.93880063
-0.9380949
-0.9373762
-0.93860805
-0.93891853
-0.9388263
-0.93852866
-0.9387592
-0.9383573
-0.9391843
-0.93785053
-0.93862635
-0.9380256
-0.9384908
-0.9382066
-0.9383273
-0.9390696
-0.93905085
-0.9382811
-0.9389316
-0.93872803
-0.93771696
-0.93883246
-0.9384102
-0.93923455
-0.93871284
-0.93886083
-0.9394492
-0.9390105
-0.93892753
-0.93742186
-0.93952227
-0.9387287
-0.938716
-0.9382122
-0.93884987
-0.9384993
-0.9388228
-0.9392804
-0.93890864
-0.93904096
-0.9370701
-0.93835276
-0.93789244
-0.938729
-0.9385959
-0.93792933
-0.9387308
-0.93918836
-0.93880534
-0.9378947
-0.9386506
-0.9381534
-0.93794316
-0.9376596
-0.93936414
-0.9379569
-0.93866926
-0.93781406
-0.9380496
-0.93991333
-0.9375944
-0.9390312
-0.9389865
-0.9389313
-0.93884546
-0.939284
-0.9372565
-0.93867075
-0.9387639
-0.93904215
-0.9389955
-0.9381158
-0.93893343
-0.9380344
-0.9378909
-0.93906814
-0.9381966
-0.9387662
-0.9383908
-0.9374041
-0.93783134
-0.93846726
-0.9384473
-0.9382364
-0.9385927
-0.9385437
-0.93848413
-0.9371379
-0.93873984
-0.93862087
-0.9376271
-0.9378884
-0.93767875
-0.9373673
-0.9381116
-0.93827605
-0.93808895
-0.93863773
-0.93742126
-0.9380144
-0.93763375
-0.9388009
-0.9381711
-0.93880117
-0.9393784
-0.9380245
-0.9392857
-0.9392277
-0.9383521
-0.93961394
-0.93760455
-0.9389643
-0.9388166
-0.9384895
-0.93883854
-0.9369152
-0.93946755
-0.93857414
-0.93711865
-0.9389394
-0.9373965
-0.9386262
-0.9375556
-0.93853796
-0.93911064
-0.93702686
-0.9379277
-0.9393735
-0.9379775
-0.93872947
-0.9378021
-0.93761253
-0.93873775
-0.93841434
-0.9379386
-0.93799585
-0.9384167
-0.9391274
-0.9387685
-0.93820614
-0.9374197
-0.9383037
-0.9389387
-0.93709385
-0.9390442
-0.93831944
-0.9393857
-0.93855184
-0.938599
-0.9382249
-0.9389393
-0.93859446
-0.9389971
-0.9387695
-0.9378224
-0.93842
-0.93802
-0.9378591
-0.9388008
-0.9382338
-0.9378785
-0.93851084
-0.9390287
-0.93887657
-0.9386562
-0.9374743
-0.9400537
-0.93867075
-0.9380757
-0.9383184
-0.9383356
-0.93782115
-0.9384623
-0.9394292
-0.9380101
-0.93854636
-0.938228
-0.93791014
-0.93886507
-0.9386005
-0.9387938
-0.9392989
-0.93834215
-0.9382008
-0.939223
-0.9379967
-0.9380952
-0.93835336
-0.93830353
-0.9376293
-0.9381576
-0.93823844
-0.938694
-0.93862164
-0.93917084
-0.9395563
-0.9395192
-0.9377427
-0.93864965
-0.93774813
-0.93882173
-0.93746704
-0.93798155
-0.93841773
-0.9382821
-0.93894035
-0.9387113
-0.9393286
-0.9387987
-0.938136
-0.9378039
-0.9386485
-0.93885005
-0.93827444
-0.93766993
-0.9381571
-0.93843883
-0.9374155
-0.93880665
-0.9383812
-0.9392071
-0.9389586
-0.93891776
-0.9389118
-0.9379805
-0.93878144
-0.9389051
-0.9390994
-0.9374046
-0.93786985
-0.9382281
-0.9385336
-0.93905425
-0.9391906
-0.93777335
-0.93866765
-0.9386791
-0.9392767
-0.93953544
-0.939058
-0.93813086
-0.93863094
-0.93880725
-0.9376059
-0.9384149
-0.93917924
-0.93817425
-0.9381074
-0.9386439
-0.93856645
-0.9375548
-0.9399134
-0.9390029
-0.93785775
-0.9376625
-0.93723315
-0.9385303
-0.9381465
-0.93758553
-0.9380404
-0.9381687
-0.9397066
-0.93792385
-0.93965375
-0.9378068
-0.938091
-0.93911517
-0.9385657
-0.93866605
-0.93730426
-0.9384562
-0.9387826
-0.93852574
-0.9396178
-0.9379111
-0.93890077
-0.9383916
-0.93673027
-0.9390667
-0.93838656
-0.9386701
-0.93961906
-0.93816817
-0.93817806
-0.9388236
-0.9388939
-0.9383435
-0.93814677
-0.9371923
-0.937444
-0.93890107
-0.9371593
-0.9383842
-0.93889505
-0.93757814
-0.93903565
-0.93924564
-0.9389813
-0.9383422
-0.93818796
-0.938759
-0.93765515
-0.93827987
-0.93790126
-0.93912864
-0.939313
-0.9391236
-0.93880254
-0.9387509
-0.93912816
-0.93778914
-0.9385374
-0.9396545
-0.93794525
-0.9390939
-0.93919617
-0.93726647
-0.93868005
-0.9377866
-0.939492
-0.93963015
-0.9399601
-0.9377519
-0.9386076
-0.93865275
-0.9387197
-0.93846023
-0.9386449
-0.9389242
-0.9388101
-0.93920135
-0.93871963
-0.9387079
-0.93885887
-0.9387631
-0.93898755
-0.9397791
-0.938514
-0.9378715
-0.93770075
-0.9390537
-0.93925595
-0.9389458
-0.9376989
-0.9374478
-0.9377494
-0.93906564
-0.93940824
-0.9394503
-0.93844694
-0.93813884
-0.9374731
-0.9381336
-0.93783855
-0.9389025
-0.937761
-0.9380886
-0.93800706
-0.9390973
-0.93858343
-0.9375501
-0.93821365
-0.9400794
-0.9387764
-0.9395086
-0.9385746
-0.9389994
-0.9387809
-0.93944144
-0.93892515
-0.9387805
-0.9384811
-0.93861854
-0.9383937
-0.93907654
-0.9379631
-0.9402696
-0.9388552
-0.93772995
-0.9386501
-0.93858665
-0.9387277
-0.93907964
-0.9392831
-0.9389616
-0.93811065
-0.93873376
-0.93869036
-0.9391517
-0.9387013
-0.93907255
-0.9391198
-0.93871075
-0.9385758
-0.9397688
-0.939416
-0.93765634
-0.9389964
-0.93823546
-0.9389345
-0.93862253
-0.93930596
-0.9379287
-0.938827
-0.9377546
-0.93916506
-0.9395379
-0.9387889
-0.93863404
-0.938436
-0.9397659
-0.93915427
-0.93959177
-0.9381875
-0.9380725
-0.9383075
-0.9400385
-0.93858516
-0.9395987
-0.9381004
-0.93852806
-0.9396736
-0.93828076
-0.9381909
-0.9393593
-0.93849874
-0.9386923
-0.9380016
-0.9380831
-0.9386714
-0.93893737
-0.93867785
-0.93791133
-0.938971
-0.9393271
-0.93957114
-0.93938774
-0.9390384
-0.9387649
-0.93845063
-0.9386775
-0.9384062
-0.93937004
-0.93868876
-0.9385916
-0.93907714
-0.93899846
-0.93894154
-0.9395263
-0.9391145
-0.9381145
-0.93881524
-0.93853647
-0.93819326
-0.93858415
-0.93739825
-0.9386163
-0.93851596
-0.93831456
-0.9392224
-0.9390771
-0.9384271
-0.9391171
-0.9391094
-0.93944675
-0.9396671
-0.9380454
-0.93860453
-0.93869776
-0.93981814
-0.9379259
-0.9391626
-0.9385206
-0.9391793
-0.9384358
-0.9379241
-0.93834925
-0.93871087
-0.9371606
-0.9378047
-0.9383866
-0.93852144
-0.9378262
-0.93765897
-0.938983
-0.9396648
-0.9382381
-0.93825126
-0.9392913
-0.9393074
-0.9373632
-0.9382308
-0.9380925
-0.9386408
-0.93761116
-0.9380482
-0.93818444
-0.9372971
-0.93917924
-0.93820876
-0.93920994
-0.9382394
-0.93857026
-0.9380354
-0.9382742
-0.9380947
-0.9401137
-0.9393795
-0.9397895
-0.93816906
-0.9388153
-0.9380031
-0.9401492
-0.93833995
-0.93824637
-0.9382632
-0.93833464
-0.938496
-0.93978566
-0.936975
-0.93811345
-0.9380739
-0.9389054
-0.9375258
-0.9388571
-0.93737465
-0.9384512
-0.9396025
-0.9388183
-0.93825966
-0.9402425
-0.9384834
-0.9384048
-0.9376068
-0.9382875
-0.93790925
-0.9386047
-0.93941575
-0.9388869
-0.93827516
-0.9383752
-0.9388632
-0.9389069
-0.9394498
-0.93784606
-0.9384143
-0.939088
-0.9392281
-0.9387283
-0.9381002
-0.93925637
-0.93890744
-0.93763775
-0.93852
-0.9388229
-0.9377408
-0.9387036
-0.9389582
-0.93878096
-0.9387981
-0.9393636
-0.93796426
-0.93827826
-0.93880713
-0.9381775
-0.9388809
-0.93968666
-0.93726426
-0.9390142
-0.9381434
-0.93912214
-0.9393991
-0.9383473
-0.93797606
-0.9384811
-0.9398365
-0.9385825
-0.9392729
-0.9383174
-0.9397044
-0.9386585
-0.93861455
-0.9385924
-0.9400286
-0.9384315
-0.9391038
-0.9389379
-0.93838876
-0.93803495
-0.93746936
-0.9401282
-0.9383355
-0.93792945
-0.93826455
-0.93931806
-0.9386607
-0.93904287
-0.93805164
-0.93935436
-0.9380738
-0.9389165
-0.93856823
-0.93886214
-0.9386937
-0.93823534
-0.9398108
-0.9382831
-0.93884987
-0.93770415
-0.93849176
-0.9388922
-0.9392123
-0.93823457
-0.93830377
-0.93717784
-0.9392049
-0.9382514
-0.93775594
-0.93790394
-0.9386422
-0.93835914
-0.93749446
-0.9375466
-0.9386506
-0.93841904
-0.93748486
-0.9387868
-0.9402597
-0.93891406
-0.9376157
-0.9389808
-0.9388689
-0.937857
-0.9376068
-0.93892854
-0.9383556
-0.9379301
-0.93813056
-0.9390582
-0.938524
-0.93916667
-0.93783426
-0.9383899
-0.9382749
-0.9390233
-0.9390518
-0.93808776
-0.93863124
-0.93869764
-0.93890333
-0.93849254
-0.9379335
-0.93818665
-0.93856275
-0.9396155
-0.93827045
-0.9382628
-0.9386212
-0.9385579
-0.9395945
-0.93916696
-0.93855417
-0.93884873
-0.9388825
-0.9392343
-0.93787366
-0.938714
-0.9399477
-0.9390253
-0.9377055
-0.9370993
-0.93892306
-0.9381513
-0.937696
-0.93797153
-0.9381177
-0.93934
-0.9389888
-0.9385755
-0.93953717
-0.9381497
-0.93931574
-0.93832767
-0.93845636
-0.93861294
-0.9395356
-0.9380706
-0.93748873
-0.9388013
-0.9384704
-0.93841684
-0.9390796
-0.93928236
-0.93877345
-0.9377624
-0.9382347
-0.937917
-0.9394043
-0.939106
-0.93905973
-0.93925184
-0.93839407
-0.9390022
-0.93813473
-0.9378956
-0.9395788
-0.9389276
-0.9392595
-0.9378565
-0.9393063
-0.9382975
-0.9385851
-0.9390155
-0.9386942
-0.9381711
-0.9383587
-0.93931943
-0.93918455
-0.93862385
-0.9385196
-0.93733054
-0.9386049
-0.93830127
-0.9393285
-0.9392267
-0.93894047
-0.9382804
-0.9385112
-0.938746
-0.9387175
-0.9389491
-0.9381628
-0.9377276
-0.93909675
-0.9385389
-0.9381863
-0.9389372
-0.9386554
-0.938514
-0.93807703
-0.9386674
-0.9390103
-0.93849766
-0.93866986
-0.9383485
-0.9390293
-0.9389198
-0.93842626
-0.93836933
-0.93867
-0.9385936
-0.93884116
-0.9382205
-0.9400021
-0.9391323
-0.9388062
-0.9389319
-0.9386828
-0.9380778
-0.9379424
-0.9390997
-0.93847847
-0.93752986
-0.9394303
-0.9399103
-0.93812096
-0.938341
-0.9382284
-0.93894416
-0.9381559
-0.93816245
-0.93925804
-0.9389747
-0.93893105
-0.93798894
-0.93793464
-0.9392755
-0.93860036
-0.93830603
-0.9386715
-0.93845046
-0.93832916
-0.93937105
-0.9380089
-0.9385689
-0.9383395
-0.93784887
-0.938447
-0.9389427
-0.9389496
-0.938319
-0.93854696
-0.93808275
-0.9394202
-0.93825036
-0.9386844
-0.9390961
-0.94001853
-0.9396881
-0.93864655
-0.93857783
-0.93871677
-0.93886065
-0.93856585
-0.9396486
-0.9377203
-0.9379509
-0.93873805
-0.93850577
-0.9382936
-0.9378215
-0.93825114
-0.9393855
-0.93829894
-0.93868184
-0.9392403
-0.93897146
-0.9384238
-0.9393877
-0.9391788
-0.9383098
-0.9387194
-0.9384816
-0.9385398
-0.938823
-0.93827033
-0.93724555
-0.938837
-0.93880296
-0.9380547
-0.93830276
-0.9379932
-0.93923634
-0.9390191
-0.93925387
-0.93871194
-0.93940145
-0.9386366
-0.9386589
-0.9388982
-0.9387183
-0.9390312
-0.93894404
-0.9386307
-0.939854
-0.93840075
-0.939084
-0.9386834
-0.9383144
-0.9389289
-0.9380262
-0.93928987
-0.9382469
-0.9392364
-0.9386835
-0.9391659
-0.9383651
-0.9380983
-0.93854994
-0.93910736
-0.938432
-0.93834513
-0.93750787
-0.93893045
-0.93833596
-0.93873894
-0.93822867
-0.9382284
-0.9385491
-0.93855673
-0.9400218
-0.938906
-0.93739223
-0.93651235
-0.93802804
-0.9393317
-0.93869007
-0.9390964
-0.9392119
-0.9388416
-0.9375551
-0.9389589
-0.93784255
-0.9396515
-0.9388998
-0.9384551
-0.9390548
-0.9389061
-0.93881834
-0.93886966
-0.93985873
-0.9394408
-0.9382193
-0.9390009
-0.93825287
-0.9378483
-0.93868005
-0.93904954
-0.9398378
-0.938626
-0.93828404
-0.93873894
-0.9383451
-0.9400405
-0.9392636
-0.93861175
-0.9391634
-0.93936723
-0.93863136
-0.93920684
-0.93872714
-0.9395126
-0.9385585
-0.9383417
-0.93756264
-0.938608
-0.9385935
-0.9378225
-0.9379469
-0.93953216
-0.9396983
-0.9385335
-0.93936855
-0.94012606
-0.9390048
-0.9389189
-0.9385034
-0.93973833
-0.938012
-0.93797076
-0.93876886
-0.93891037
-0.9379331
-0.9400873
-0.9388863
-0.93967324
-0.93939066
-0.9399157
-0.9396681
-0.93855727
-0.9382193
-0.9376567
-0.93790823
-0.938864
-0.93866885
-0.9388821
-0.93927455
-0.93882287
-0.9389574
-0.93925184
-0.9401563
-0.9385827
-0.93959033
-0.9396659
-0.93944514
-0.93888843
-0.9385168
-0.93978375
-0.9392206
-0.93873566
-0.93866307
-0.93809336
-0.9382762
-0.9391889
-0.93813974
-0.9386667
-0.9387545
-0.9393904
-0.9373985
-0.93884987
-0.939464
-0.93953985
-0.9392304
-0.9388315
-0.93873125
-0.93883777
-0.93867254
-0.93883973
-0.9382076
-0.93870014
-0.93816155
-0.93879646
-0.9387468
-0.9385467
-0.9387227
-0.9386978
-0.938267
-0.9386215
-0.9391573
-0.9383477
-0.9388731
-0.93913424
-0.9390668
-0.93861383
-0.93953854
-0.9392729
-0.9386277
-0.93872935
-0.9398802
-0.93948096
-0.93885577
-0.9395293
-0.93850577
-0.9386924
-0.9380779
-0.9389496
-0.9388314
-0.9376995
-0.9386902
-0.9384103
-0.93849885
-0.93969417
-0.93709064
-0.93823135
-0.93873537
-0.9391453
-0.9390657
-0.9396516
-0.9386614
-0.93877196
-0.9394432
-0.9390203
-0.93872327
-0.93733585
-0.93966544
-0.9390676
-0.9379549
-0.9388741
-0.93888086
-0.9395806
-0.93792546
-0.93764645
-0.9395871
-0.9390256
-0.9391983
-0.9393365
-0.93850553
-0.93862116
-0.9388192
-0.93931305
-0.9392481
-0.93901426
-0.93819493
-0.93732774
-0.9381718
-0.93820095
-0.9379459
-0.93852353
-0.9399798
-0.9386949
-0.9390286
-0.9391676
-0.93924445
-0.93834746
-0.93931144
-0.93899524
-0.9388982
-0.939279
-0.9390066
-0.93842226
-0.939359
-0.93897396
-0.9387851
-0.93962187
-0.93959224
-0.9395043
-0.93867004
-0.9382316
-0.93912137
-0.9384756
-0.9385214
-0.93887943
-0.93862563
-0.9401924
-0.938157
-0.9395524
-0.9389295
-0.93845254
-0.93838614
-0.9392325
-0.93878955
-0.9387228
-0.9383442
-0.93871105
-0.93860304
-0.938909
-0.9386353
-0.93856204
-0.93932813
-0.9388804
-0.9397471
-0.9401458
-0.93930113
-0.93969154
-0.9393697
-0.93943906
-0.9384361
-0.9386782
-0.9398257
-0.93951184
-0.9387749
-0.9383342
-0.9386959
-0.9390341
-0.9385121
-0.9389101
-0.9390439
-0.93866843
-0.93943185
-0.9384551
-0.93879735
-0.93881136
-0.9380102
-0.9389529
-0.93896896
-0.93968
-0.93933964
-0.9380387
-0.93945634
-0.93901825
-0.93747354
-0.93876165
-0.93781424
-0.93831736
-0.9380637
-0.9376033
-0.9393193
-0.93894833
-0.9394147
-0.93877864
-0.9391807
-0.938622
-0.9389867
-0.939065
-0.93920594
-0.9385648
-0.9383874
-0.9396632
-0.93853444
-0.93826175
-0.9399951
-0.9379577
-0.93872243
-0.93916196
-0.9400401
-0.9391054
-0.939451
-0.9383005
-0.9382245
-0.93797463
-0.9392093
-0.9383732
-0.9392734
-0.9385916
-0.93810564
-0.9381868
-0.9384179
-0.93846714
-0.9389923
-0.9387134
-0.9387057
-0.9386814
-0.9387011
-0.9394558
-0.93756384
-0.93846685
-0.9384253
-0.9396745
-0.9384851
-0.9380263
-0.93956983
-0.93987197
-0.9386467
-0.93931293
-0.9393875
-0.93865746
-0.9387938
-0.9391584
-0.9391061
-0.93820506
-0.9381728
-0.93808264
-0.93898517
-0.93949574
-0.9402129
-0.93934083
-0.93891466
-0.93877065
-0.9378017
-0.9384407
-0.9389362
-0.939286
-0.93903667
-0.9390197
-0.9387893
-0.9379305
-0.93953466
-0.93923974
-0.938822
-0.9397355
-0.9390012
-0.9396562
-0.93895036
-0.9394706
-0.9390349
-0.9388975
-0.9395481
-0.9389643
-0.9376982
-0.9388432
-0.93880427
-0.9393547
-0.93943685
-0.9389335
-0.9388136
-0.93912715
-0.93838567
-0.9393962
-0.9383118
-0.9397185
-0.9387138
-0.9396385
-0.9390748
-0.93917245
-0.9392457
-0.9374429
-0.9385781
-0.93847185
-0.93903744
-0.93978095
-0.93848044
-0.9385238
-0.9392613
-0.93818426
-0.9394288
-0.93786347
-0.93996835
-0.9385493
-0.9382419
-0.9393508
-0.93915
-0.9391957
-0.9389982
-0.9389417
-0.9391764
-0.93900895
-0.9388019
-0.93781275
-0.93741125
-0.9385523
-0.9391754
-0.9388391
-0.9388063
-0.93813986
-0.9376213
-0.93832034
-0.9384777
-0.9395918
-0.9391982
-0.938692
-0.93832266
-0.9389899
-0.9382475
-0.9396356
-0.9391228
-0.9385677
-0.9388672
-0.9383813
-0.9391311
-0.93919194
-0.9399275
-0.9391294
-0.9396844
-0.93894666
-0.9379326
-0.9395506
-0.9391403
-0.939556
-0.93881375
-0.9390082
-0.9397528
-0.9387677
-0.9387343
-0.93877715
-0.93909234
-0.93926376
-0.9388962
-0.9386692
-0.93976724
-0.9387792
-0.93902844
-0.93828285
-0.93837136
-0.9394958
-0.9385175
-0.9385419
-0.9377634
-0.9394326
-0.9390486
-0.9383373
-0.9386059
-0.93951976
-0.9392964
-0.9383655
-0.93816495
-0.9386817
-0.938483
-0.93853086
-0.93977433
-0.93882835
-0.93965065
-0.93886745
-0.9388362
-0.9385737
-0.9395393
-0.93862236
-0.93895656
-0.9378496
-0.9388726
-0.93935764
-0.9383153
-0.93833447
-0.9395737
-0.93806577
-0.93839693
-0.9392579
-0.93932635
-0.93815196
-0.93954927
-0.93971574
-0.9387663
-0.938808
-0.93843824
-0.93954164
-0.9389239
-0.9375789
-0.93892366
-0.9394965
-0.93975085
-0.93843544
-0.9376035
-0.9397762
-0.94034624
-0.9383737
-0.938505
-0.9393317
-0.93872803
-0.93939817
-0.9390621
-0.9382348
-0.93912303
-0.9388827
-0.9384443
-0.93875104
-0.9390055
-0.9386944
-0.9391502
-0.9391889
-0.9393068
-0.938528
-0.9391906
-0.9392262
-0.9390831
-0.9392559
-0.93953556
-0.9383467
-0.93831635
-0.9388173
-0.9390981
-0.9387986
-0.9390331
-0.93872464
-0.9394377
-0.93913203
-0.93827844
-0.9391318
-0.93860835
-0.93883646
-0.9388296
-0.9391373
-0.9389458
-0.93906397
-0.93946767
-0.9392697
-0.9400979
-0.93826884
-0.93875605
-0.9393448
-0.9386649
-0.93878335
-0.93845123
-0.9381825
-0.93827164
-0.93796945
-0.93866867
-0.9390786
-0.9398039
-0.9401273
-0.9392549
-0.93846786
-0.9388691
-0.9400497
-0.9406448
-0.9392105
-0.93859136
-0.938679
-0.9389874
-0.93895876
-0.93851805
-0.9395761
-0.93912727
-0.9387323
-0.9390569
-0.9375628
-0.9393374
-0.9385402
-0.9393316
-0.9379401
-0.9384308
-0.9392458
-0.9380139
-0.9390394
-0.939766
-0.9382043
-0.93920016
-0.9393616
-0.94009167
-0.9390395
-0.93903446
-0.9387352
-0.9390981
-0.93895537
-0.9390271
-0.93874943
-0.9390329
-0.9385146
-0.9382417
-0.93865865
-0.9382934
-0.9393342
-0.93829674
-0.9383329
-0.9395518
-0.9386175
-0.94019544
-0.93790305
-0.9387894
-0.9382441
-0.93961275
-0.9392103
-0.9385458
-0.9390072
-0.93959695
-0.9386878
-0.9380568
-0.93898946
-0.93908703
-0.9389758
-0.9389519
-0.93806934
-0.9382676
-0.9385805
-0.9390906
-0.9380798
-0.9389012
-0.93883836
-0.9390583
-0.9394014
-0.9400485
-0.9387829
-0.9398942
-0.93931586
-0.9385787
-0.93881077
-0.9387759
-0.93835825
-0.9395768
-0.9379986
-0.93923473
-0.93865126
-0.9394796
-0.9384446
-0.9396125
-0.9395111
-0.9398137
-0.93822026
-0.9394983
-0.93863934
-0.93905085
-0.93907094
-0.9388517
-0.9382697
-0.9382624
-0.93823034
-0.9394484
-0.9381894
-0.93961555
-0.9390839
-0.9394885
-0.9389079
-0.93871564
-0.9389322
-0.93914294
-0.93943477
-0.9395354
-0.9396211
-0.9388918
-0.9378176
-0.938456
-0.9385995
-0.93903965
-0.9395371
-0.93917865
-0.9396455
-0.9390785
-0.9387167
-0.93813205
-0.93933505
-0.9385376
-0.93906057
-0.9406946
-0.93948966
-0.93804723
-0.93811
-0.9393904
-0.93827605
-0.9388613
-0.9381418
-0.9386056
-0.93812007
-0.9388458
-0.9384585
-0.9391004
-0.9381964
-0.93845963
-0.93944395
-0.9390005
-0.93895733
-0.93873006
-0.9389222
-0.93974096
-0.93899024
-0.9373736
-0.93885547
-0.9389759
-0.93917125
-0.9385027
-0.93816483
-0.93851286
-0.93875223
-0.93845713
-0.93941766
-0.9395952
-0.9379711
-0.93903816
-0.9395771
-0.9382827
-0.9386654
-0.9391293
-0.93938935
-0.93906283
-0.93877065
-0.9386997
-0.93798274
-0.939312
-0.9387346
-0.9379715
-0.93912774
-0.9390474
-0.93813294
-0.9399642
-0.93910825
-0.93830776
-0.9387616
-0.93950707
-0.9386455
-0.9386755
-0.94009125
-0.9391088
-0.93843806
-0.93878585
-0.9402824
-0.9388436
-0.93827343
-0.9399035
-0.9397058
-0.9390936
-0.93917227
-0.93817574
-0.93937147
-0.93831915
-0.9394617
-0.93914044
-0.93833375
-0.93949986
-0.93868554
-0.94073
-0.93919396
-0.9378976
-0.9388877
-0.9386556
-0.93879235
-0.93977416
-0.9388206
-0.9382475
-0.93941545
-0.9391506
-0.9382515
-0.93889004
-0.93978196
-0.9388606
-0.93833405
-0.9394206
-0.9388574
-0.9396724
-0.93851733
-0.9388749
-0.93930984
-0.938918
-0.93938947
-0.93970114
-0.9392945
-0.9383811
-0.9386447
-0.9389827
-0.9397224
-0.9387333
-0.93885666
-0.93812263
-0.9390754
-0.9382481
-0.9395846
-0.938089
-0.9393006
-0.9398669
-0.9384837
-0.9386615
-0.93929297
-0.9385291
-0.9384825
-0.9388395
-0.9384405
-0.9387534
-0.93900335
-0.93798697
-0.9398079
-0.9385568
-0.93837255
-0.93958676
-0.93910074
-0.9396382
-0.9381513
-0.93915004
-0.93930227
-0.9380485
-0.9390976
-0.93934274
-0.93891567
-0.9390442
-0.939401
-0.9391745
-0.9382689
-0.93980485
-0.9392187
-0.93846
-0.9388227
-0.94049937
-0.9394705
-0.9397011
-0.93883514
-0.9391326
-0.9382281
-0.939848
-0.9397635
-0.9384548
-0.9401557
-0.93839324
-0.93952787
-0.9397814
-0.93859816
-0.93871623
-0.93899286
-0.93816733
-0.9391586
-0.93866104
-0.9386307
-0.9384529
-0.93859476
-0.9390019
-0.9394816
-0.9392125
-0.9382192
-0.9396536
-0.9386422
-0.9389934
-0.9394243
-0.9395561
-0.93906844
-0.93847585
-0.9379426
-0.9392711
-0.9391579
-0.94019973
-0.9393405
-0.93876696
-0.9394716
-0.93887156
-0.9396608
-0.9398555
-0.9395679
-0.9398494
-0.93873423
-0.9390571
-0.9382994
-0.9395995
-0.9388482
-0.9387735
-0.9393309
-0.93875307
-0.9388577
-0.9387549
-0.93872344
-0.938737
-0.93904805
-0.938518
-0.9391774
-0.939893
-0.9389411
-0.9391952
-0.93946034
-0.9389764
-0.93860453
-0.9397362
-0.9380905
-0.93891853
-0.93900853
-0.9395119
-0.93998194
-0.9394506
-0.94011366
-0.9391435
-0.9383942
-0.9386412
-0.9382223
-0.94002074
-0.93920887
-0.9383895
-0.9385792
-0.93842906
-0.93860877
-0.9389855
-0.9384464
-0.93982095
-0.9389924
-0.9386061
-0.93881905
-0.9381698
-0.9395304
-0.93839884
-0.9387557
-0.93914485
-0.93896097
-0.9387355
-0.9397817
-0.9384077
-0.938147
-0.93955296
-0.9389885
-0.93949383
-0.9396404
-0.9389052
-0.93797755
-0.93906385
-0.94042957
-0.9386188
-0.9386844
-0.93968457
-0.939632
-0.9392131
-0.93851
-0.9379379
-0.9395292
-0.93833905
-0.939287
-0.9393515
-0.93927205
-0.9397974
-0.93890446
-0.9390338
-0.93840855
-0.938958
-0.938636
-0.93948966
-0.9385198
-0.9386094
-0.93864536
-0.93858635
-0.93872494
-0.9390441
-0.9389546
-0.93893874
-0.9391461
-0.9382086
-0.9385573
-0.93962306
-0.9400804
-0.93830454
-0.9385575
-0.93898565
-0.9394314
-0.93798774
-0.93876
-0.9383419
-0.93908685
-0.9380892
-0.9401095
-0.9385443
-0.93954486
-0.9393012
-0.9390931
-0.93887305
-0.93906033
-0.9375817
-0.9389959
-0.93822235
-0.938495
-0.93927336
-0.93910205
-0.937776
-0.9379549
-0.9384595
-0.93824625
-0.93908066
-0.9389021
-0.9394172
-0.93792725
-0.9402584
-0.9388157
-0.93908006
-0.93868613
-0.9395153
-0.939699
-0.93889683
-0.93916285
-0.93988144
-0.93786097
-0.9388411
-0.93951213
-0.9396335
-0.9392538
-0.93990004
-0.9394595
-0.9390838
-0.9387375
-0.9394658
-0.9374428
-0.93926024
-0.93915385
-0.93894166
-0.9392036
-0.93866706
-0.93869525
-0.9385951
-0.93870735
-0.93834746
-0.9383963
-0.93897754
-0.9386929
-0.9382076
-0.939574
-0.93905896
-0.9369467
-0.94001067
-0.9386923
-0.93864584
-0.93829834
-0.9391459
-0.9388429
-0.9396947
-0.9389382
-0.9387286
-0.93904763
-0.9388143
-0.93941236
-0.93875676
-0.9390466
-0.93966067
-0.9390244
-0.9388585
-0.9387891
-0.9389735
-0.9394115
-0.939261
-0.9388813
-0.93910027
-0.93927085
-0.9394018
-0.9389725
-0.9400551
-0.9396419
-0.93930924
-0.93840265
-0.93833035
-0.9392983
-0.9393647
-0.938913
-0.9395373
-0.9382513
-0.9380817
-0.93935615
-0.9391293
-0.93889034
-0.9400086
-0.9380034
-0.939488
-0.9394438
-0.9388209
-0.9380951
-0.93895376
-0.9407964
-0.93929386
-0.9393529
-0.9396672
-0.9392769
-0.9385232
-0.9395215
-0.9382429
-0.93806183
-0.9398553
-0.9400709
-0.9393991
-0.9391262
-0.93838054
-0.93918663
-0.9385349
-0.9389429
-0.93867165
-0.93862665
-0.9402619
-0.9388032
-0.93828887
-0.9385358
-0.9390103
-0.9388411
-0.9402481
-0.9393187
-0.93898314
-0.9383068
-0.9387858
-0.9392171
-0.9389442
-0.9384312
-0.9406022
-0.93956673
-0.9388237
-0.9390902
-0.9390932
-0.93884504
-0.9390678
-0.9393415
-0.94015104
-0.93933874
-0.93846774
-0.9399353
-0.9395589
-0.9382749
-0.9391693
-0.93897575
-0.9376778
-0.93854034
-0.9386928
-0.9395356
-0.93804866
-0.9384196
-0.9385151
-0.9391435
-0.93986475
-0.93889135
-0.9403199
-0.93949306
-0.93829036
-0.93950224
-0.9390993
-0.93929607
-0.93875057
-0.9386698
-0.93978137
-0.9394753
-0.9393693
-0.9392882
-0.93941736
-0.9390428
-0.9396718
-0.9389745
-0.9386679
-0.9395274
-0.93931735
-0.9382414
-0.9386989
-0.93905514
-0.9385566
-0.93967205
-0.93963456
-0.9380781
-0.9386288
-0.94073087
-0.9387439
-0.93934757
-0.93915445
-0.93946886
-0.9385535
-0.93912756
-0.93959373
-0.9393466
-0.93884164
-0.9385388
-0.939121
-0.93942535
-0.938856
-0.9386957
-0.9387556
-0.9392972
-0.93989813
-0.93900037
-0.9399731
-0.9392781
-0.9392746
-0.9393887
-0.9391361
-0.9384643
-0.9394081
-0.938892
-0.9389802
-0.93944174
-0.93879396
-0.9393922
-0.9384917
-0.93867123
-0.9384959
-0.9388149
-0.93896633
-0.93923175
-0.9385573
-0.93833816
-0.9389016
-0.9397994
-0.9385524
-0.9386724
-0.9393722
-0.94007534
-0.9388192
-0.93915474
-0.93873525
-0.93886435
-0.9390943
-0.9387055
-0.9389157
-0.93826
-0.9386617
-0.94042516
-0.9394064
-0.93842727
-0.93806046
-0.93860763
-0.9388655
-0.9386064
-0.93829554
-0.9385965
-0.93919635
-0.93882936
-0.9400099
-0.93856484
-0.93903446
-0.93821794
-0.9383016
-0.93965906
-0.9392783
-0.9397963
-0.93840927
-0.93875515
-0.93860644
-0.93888694
-0.93904454
-0.93904436
-0.93910897
-0.93939364
-0.93853104
-0.9379751
-0.93921345
-0.9392266
-0.9384529
-0.9387102
-0.9384307
-0.9396063
-0.9395667
-0.9387645
-0.938912
-0.939957
-0.9389159
-0.93862176
-0.93851864
