Early stopping triggered at epoch 770
-0.8429387
-0.8422183
-0.8467978
-0.849532
-0.84640634
-0.8572986
-0.8540433
-0.8609457
-0.8598888
-0.8629555
-0.86614347
-0.8663068
-0.8646672
-0.86871207
-0.86709374
-0.86938316
-0.8726848
-0.87466997
-0.87754613
-0.88025004
-0.87901694
-0.8804706
-0.88207614
-0.88581014
-0.8932268
-0.8944322
-0.8956608
-0.8997726
-0.8986204
-0.89968157
-0.91068673
-0.91021436
-0.91231114
-0.9176127
-0.9184991
-0.92166275
-0.92465454
-0.9272145
-0.9304056
-0.93568337
-0.93816394
-0.9322713
-0.937282
-0.937721
-0.9397456
-0.94196117
-0.93771434
-0.9433018
-0.9434797
-0.9442086
-0.9450792
-0.945579
-0.9469769
-0.9456975
-0.9455662
-0.9468649
-0.94935006
-0.9485205
-0.94815844
-0.95080024
-0.950506
-0.94959944
-0.9492649
-0.95047295
-0.9511216
-0.9487702
-0.95042783
-0.9523491
-0.9522249
-0.95167947
-0.95149696
-0.95255727
-0.9516456
-0.95448965
-0.95313144
-0.95338273
-0.95288634
-0.95479214
-0.9554401
-0.9549642
-0.95544595
-0.9559321
-0.95533675
-0.95613265
-0.9567059
-0.95782936
-0.9568322
-0.9564273
-0.95667744
-0.9563894
-0.95674556
-0.95697445
-0.956612
-0.956459
-0.956294
-0.9567747
-0.9573759
-0.9582678
-0.9572445
-0.95669645
-0.95868677
-0.9572892
-0.9575279
-0.9574014
-0.958406
-0.9577224
-0.9576478
-0.95845604
-0.9580201
-0.95848936
-0.9589248
-0.9572103
-0.9580417
-0.9592144
-0.95914036
-0.9595574
-0.95826256
-0.95859396
-0.9589695
-0.95773566
-0.959019
-0.9587091
-0.9590858
-0.95945895
-0.959219
-0.95996594
-0.95938045
-0.9600716
-0.9582009
-0.9592994
-0.95930433
-0.9602599
-0.95891106
-0.959084
-0.9586448
-0.9589153
-0.9591779
-0.9594295
-0.9586383
-0.9600733
-0.9588893
-0.9605405
-0.95869035
-0.95902735
-0.9595009
-0.96003133
-0.9604475
-0.9602032
-0.95942193
-0.9600186
-0.9603315
-0.9612677
-0.9600779
-0.95980495
-0.96028376
-0.9595653
-0.9597715
-0.95933133
-0.95939845
-0.96146655
-0.96071136
-0.95961916
-0.9588823
-0.96029073
-0.95977736
-0.9603099
-0.9594823
-0.96042055
-0.96042
-0.958951
-0.96175706
-0.9594739
-0.95972836
-0.95982176
-0.95961297
-0.9594086
-0.9602861
-0.9595215
-0.96009016
-0.96066105
-0.96100426
-0.95790595
-0.9612679
-0.96067995
-0.9593584
-0.9600486
-0.95924634
-0.9598422
-0.95921296
-0.96020716
-0.9603986
-0.95988023
-0.9587411
-0.9610786
-0.9607205
-0.9584249
-0.9607385
-0.9599309
-0.9592707
-0.9597018
-0.96052706
-0.9599597
-0.96046054
-0.9604398
-0.9601732
-0.9605654
-0.96115595
-0.9606326
-0.96184653
-0.96091324
-0.95955086
-0.9614093
-0.9601283
-0.9594144
-0.9610284
-0.9600155
-0.96029246
-0.9614213
-0.9607647
-0.959836
-0.9598915
-0.9593403
-0.9608891
-0.9616342
-0.9608725
-0.9604177
-0.96113324
-0.9602472
-0.9593526
-0.9596867
-0.9587739
-0.9615913
-0.9607628
-0.9608063
-0.9607819
-0.9609946
-0.96143615
-0.960149
-0.9595006
-0.9609442
-0.96073484
-0.9604436
-0.95970166
-0.9604009
-0.9597282
-0.95940644
-0.9604895
-0.9600248
-0.9609941
-0.9616293
-0.96167266
-0.9592016
-0.9589844
-0.960318
-0.9599495
-0.9565174
-0.9582812
-0.96021056
-0.96127254
-0.9616386
-0.96058434
-0.9612984
-0.9611685
-0.9603735
-0.96117234
-0.96018714
-0.9624699
-0.96229535
-0.96103173
-0.96127397
-0.96137017
-0.96079224
-0.96076155
-0.9617148
-0.9604994
-0.9613004
-0.96138823
-0.9611488
-0.962337
-0.96133304
-0.96198666
-0.96168554
-0.9625028
-0.9608636
-0.96270853
-0.9613075
-0.9619409
-0.9612931
-0.96113366
-0.9617355
-0.96167076
-0.9618443
-0.9617839
-0.9614634
-0.9620983
-0.9610558
-0.9606598
-0.9615108
-0.96139574
-0.9609123
-0.9623119
-0.9621385
-0.9613862
-0.96254104
-0.9620068
-0.9612743
-0.9615762
-0.9608029
-0.96066874
-0.9619628
-0.9617128
-0.9605971
-0.96134156
-0.96223915
-0.963436
-0.9606203
-0.9620472
-0.96213824
-0.96175
-0.96171826
-0.9616494
-0.9619227
-0.9622795
-0.9610786
-0.9616557
-0.9623241
-0.9613426
-0.96224564
-0.96146995
-0.96020555
-0.9613557
-0.96183974
-0.96152836
-0.9620732
-0.96285635
-0.9620324
-0.96083736
-0.9618861
-0.96237636
-0.9619209
-0.9624817
-0.96287364
-0.9618464
-0.96175957
-0.9624432
-0.9617951
-0.96143484
-0.9624962
-0.9612904
-0.9628784
-0.9617178
-0.96271807
-0.9606952
-0.9616139
-0.9616574
-0.9623699
-0.9621829
-0.96202946
-0.9618658
-0.9624086
-0.9605327
-0.96207875
-0.96205276
-0.96361727
-0.96187145
-0.96239585
-0.96254224
-0.9611394
-0.9632019
-0.95991075
-0.9622182
-0.96268064
-0.96177185
-0.96310884
-0.9626101
-0.9629168
-0.96176064
-0.9621137
-0.96250284
-0.96172607
-0.9623313
-0.9623903
-0.9623769
-0.96227294
-0.96178514
-0.9622186
-0.96272457
-0.9616701
-0.9615259
-0.9618484
-0.96163404
-0.96242875
-0.96141624
-0.96257675
-0.96243423
-0.9625169
-0.9627429
-0.96122295
-0.9635058
-0.9610838
-0.9625072
-0.96155125
-0.96211624
-0.9611307
-0.9623971
-0.9611314
-0.96176
-0.9630661
-0.9619007
-0.96263754
-0.96259785
-0.96211785
-0.9623705
-0.9630994
-0.9616848
-0.9624005
-0.9633686
-0.962826
-0.96296
-0.9627217
-0.9624844
-0.9623459
-0.96320516
-0.96179825
-0.96206987
-0.9631536
-0.96225214
-0.9620808
-0.96195096
-0.96301323
-0.9606754
-0.9631139
-0.96218646
-0.9631004
-0.96135974
-0.9630915
-0.9625939
-0.96140504
-0.9627067
-0.9621951
-0.96251917
-0.9628518
-0.960761
-0.96259415
-0.96262723
-0.9607894
-0.9618582
-0.9612296
-0.96375257
-0.9629517
-0.9626144
-0.9615254
-0.96060675
-0.961749
-0.9610124
-0.96152663
-0.96211576
-0.96107024
-0.96181923
-0.96128905
-0.96106374
-0.96045834
-0.9614541
-0.96403533
-0.9617209
-0.9619151
-0.9623191
-0.96241444
-0.9618196
-0.96163934
-0.96168613
-0.9623875
-0.9626848
-0.9620583
-0.9616955
-0.9618475
-0.962692
-0.96260524
-0.96251464
-0.9621384
-0.9624474
-0.9606031
-0.9622235
-0.9616595
-0.9632006
-0.9623416
-0.96251404
-0.9621979
-0.9623114
-0.96119314
-0.96309847
-0.9617473
-0.96180123
-0.96321195
-0.9629552
-0.9629741
-0.96304625
-0.9622027
-0.9631591
-0.9614443
-0.96193725
-0.96165043
-0.9625106
-0.96174014
-0.9631612
-0.9627468
-0.96242154
-0.9619646
-0.9616997
-0.96239036
-0.9624094
-0.9624784
-0.9614438
-0.96385425
-0.96287084
-0.96237916
-0.9627469
-0.9632745
-0.961526
-0.9622161
-0.96319044
-0.9631253
-0.963159
-0.96244574
-0.9619156
-0.9614804
-0.9620696
-0.96335936
-0.96303296
-0.963526
-0.9631004
-0.96146786
-0.9617619
-0.96238965
-0.96254534
-0.9619537
-0.9617536
-0.96292317
-0.96207523
-0.9622559
-0.9621744
-0.9634875
-0.9632604
-0.9627849
-0.96211743
-0.9616511
-0.9633704
-0.9629481
-0.9629064
-0.963133
-0.96283704
-0.96347636
-0.9623109
-0.96266055
-0.9623147
-0.96422803
-0.96203554
-0.96334535
-0.96235764
-0.9622646
-0.96267116
-0.963028
-0.96178025
-0.9627897
-0.96287787
-0.9635838
-0.9621424
-0.9631047
-0.9619553
-0.9621316
-0.9623294
-0.96164066
-0.9623651
-0.96252817
-0.9629807
-0.96363485
-0.9622834
-0.96174043
-0.9614299
-0.9624002
-0.9620073
-0.9626061
-0.9623803
-0.9619241
-0.962085
-0.9637
-0.96312785
-0.96233183
-0.9619172
-0.96242887
-0.96124524
-0.9624154
-0.9641136
-0.9627888
-0.9629667
-0.96379036
-0.9625409
-0.96256024
-0.96330047
-0.96329284
-0.96360946
-0.96354467
-0.9634082
-0.96288604
-0.9623193
-0.96310794
-0.9622944
-0.96254236
-0.96371156
-0.9637513
-0.9622008
-0.96248364
-0.9626469
-0.96328276
-0.9635963
-0.9632805
-0.96236056
-0.9624911
-0.96212065
-0.9635283
-0.96108127
-0.9629364
-0.96387994
-0.9631332
-0.9619245
-0.96305037
-0.9634162
-0.9641707
-0.96365434
-0.96179485
-0.96219003
-0.96204656
-0.9615378
-0.9632757
-0.9641402
-0.9629737
-0.96324605
-0.96335083
-0.9620311
-0.9627544
-0.9627143
-0.9644571
-0.9624671
-0.96267426
-0.9615158
-0.962603
-0.96374786
-0.96320087
-0.96375406
-0.96323353
-0.96358675
-0.96248513
-0.96351767
-0.9627478
-0.9641588
-0.96309483
-0.9632962
-0.9628385
-0.96144575
-0.96206665
-0.9620922
-0.9637217
-0.9624057
-0.9620939
-0.9626537
-0.96357745
-0.9625577
-0.96293855
-0.96363395
-0.96284574
-0.9648655
-0.96238226
-0.9622506
-0.9624314
-0.9621793
-0.96285874
-0.9626174
-0.964582
-0.9626581
-0.9631068
-0.96281123
-0.96276736
-0.9622009
-0.96310043
-0.9617691
-0.963801
-0.96245074
-0.9638585
-0.9629052
-0.96288145
-0.962829
-0.96239305
-0.96285456
-0.9617392
-0.96197194
-0.9627431
-0.9627226
-0.96286047
-0.96312594
-0.96319073
-0.9625403
-0.9624264
-0.9634871
-0.96257347
-0.96171683
-0.96253115
-0.96315527
-0.962822
-0.9637842
-0.9629085
-0.9632066
-0.9627845
-0.962246
-0.9621759
-0.9629433
-0.96319723
-0.9626955
-0.96228373
-0.9637887
-0.9615865
-0.9615876
-0.9611634
-0.96325594
-0.9623709
-0.9626707
-0.96260196
-0.96147037
-0.96173245
-0.9615753
-0.9619473
-0.9604284
-0.96108633
-0.9616737
-0.96176124
-0.9631422
-0.96327126
-0.962582
-0.9624608
-0.9629109
-0.9611676
-0.9624128
-0.9620685
-0.96250266
-0.9615869
-0.9622588
-0.96184963
-0.96265876
-0.9621714
-0.964238
-0.9623717
-0.96245253
-0.9620794
-0.96231395
-0.96304125
-0.9626753
-0.9621652
-0.9621158
-0.9622445
-0.9623693
-0.962096
-0.9637285
-0.9619664
-0.96324617
-0.96403456
-0.96227753
-0.96279514
-0.96387714
-0.961946
-0.9627067
-0.96231997
-0.96350825
0
0
0
0
0
0
0
0
0
0
0
0
0
0
0
0
0
0
0
0
0
0
0
0
0
0
0
0
0
0
0
0
0
0
0
0
0
0
0
0
0
0
0
0
0
0
0
0
0
0
0
0
0
0
0
0
0
0
0
0
0
0
0
0
0
0
0
0
0
0
0
0
0
0
0
0
0
0
0
0
0
0
0
0
0
0
0
0
0
0
0
0
0
0
0
0
0
0
0
0
0
0
0
0
0
0
0
0
0
0
0
0
0
0
0
0
0
0
0
0
0
0
0
0
0
0
0
0
0
0
0
0
0
0
0
0
0
0
0
0
0
0
0
0
0
0
0
0
0
0
0
0
0
0
0
0
0
0
0
0
0
0
0
0
0
0
0
0
0
0
0
0
0
0
0
0
0
0
0
0
0
0
0
0
0
0
0
0
0
0
0
0
0
0
0
0
0
0
0
0
0
0
0
0
0
0
0
0
0
0
0
0
0
0
0
0
0
0
0
0
0
0
0
0
0
0
0
0
0
0
0
0
0
0
0
0
0
0
0
0
0
0
0
0
0
0
0
0
0
0
0
0
0
0
0
0
0
0
0
0
0
0
0
0
0
0
0
0
0
0
0
0
0
0
0
0
0
0
0
0
0
0
0
0
0
0
0
0
0
0
0
0
0
0
0
0
0
0
0
0
0
0
0
0
0
0
0
0
0
0
0
0
0
0
0
0
0
0
0
0
0
0
0
0
0
0
0
0
0
0
0
0
0
0
0
0
0
0
0
0
0
0
0
0
0
0
0
0
0
0
0
0
0
0
0
0
0
0
0
0
0
0
0
0
0
0
0
0
0
0
0
0
0
0
0
0
0
0
0
0
0
0
0
0
0
0
0
0
0
0
0
0
0
0
0
0
0
0
0
0
0
0
0
0
0
0
0
0
0
0
0
0
0
0
0
0
0
0
0
0
0
0
0
0
0
0
0
0
0
0
0
0
0
0
0
0
0
0
0
0
0
0
0
0
0
0
0
0
0
0
0
0
0
0
0
0
0
0
0
0
0
0
0
0
0
0
0
0
0
0
0
0
0
0
0
0
0
0
0
0
0
0
0
0
0
0
0
0
0
0
0
0
0
0
0
0
0
0
0
0
0
0
0
0
0
0
0
0
0
0
0
0
0
0
0
0
0
0
0
0
0
0
0
0
0
0
0
0
0
0
0
0
0
0
0
0
0
0
0
0
0
0
0
0
0
0
0
0
0
0
0
0
0
0
0
0
0
0
0
0
0
0
0
0
0
0
0
0
0
0
0
0
0
0
0
0
0
0
0
0
0
0
0
0
0
0
0
0
0
0
0
0
0
0
0
0
0
0
0
0
0
0
0
0
0
0
0
0
0
0
0
0
0
0
0
0
0
0
0
0
0
0
0
0
0
0
0
0
0
0
0
0
0
0
0
0
0
0
0
0
0
0
0
0
0
0
0
0
0
0
0
0
0
0
0
0
0
0
0
0
0
0
0
0
0
0
0
0
0
0
0
0
0
0
0
0
0
0
0
0
0
0
0
0
0
0
0
0
0
0
0
0
0
0
0
0
0
0
0
0
0
0
0
0
0
0
0
0
0
0
0
0
0
0
0
0
0
0
0
0
0
0
0
0
0
0
0
0
0
0
0
0
0
0
0
0
0
0
0
0
0
0
0
0
0
0
0
0
0
0
0
0
0
0
0
0
0
0
0
0
0
0
0
0
0
0
0
0
0
0
0
0
0
0
0
0
0
0
0
0
0
0
0
0
0
0
0
0
0
0
0
0
0
0
0
0
0
0
0
0
0
0
0
0
0
0
0
0
0
0
0
0
0
0
0
0
0
0
0
0
0
0
0
0
0
0
0
0
0
0
0
0
0
0
0
0
0
0
0
0
0
0
0
0
0
0
0
0
0
0
0
0
0
0
0
0
0
0
0
0
0
0
0
0
0
0
0
0
0
0
0
0
0
0
0
0
0
0
0
0
0
0
0
0
0
0
0
0
0
0
0
0
0
0
0
0
0
0
0
0
0
0
0
0
0
0
0
0
0
0
0
0
0
0
0
0
0
0
0
0
0
0
0
0
0
0
0
0
0
0
0
0
0
0
0
0
0
0
0
0
0
0
0
0
0
0
0
0
0
0
0
0
0
0
0
0
0
0
0
0
0
0
0
0
0
0
0
0
0
0
0
0
0
0
0
0
0
0
0
0
0
0
0
0
0
0
0
0
0
0
0
0
0
0
0
0
0
0
0
0
0
0
0
0
0
0
0
0
0
0
0
0
0
0
0
0
0
0
0
0
0
0
0
0
0
0
0
0
0
0
0
0
0
0
0
0
0
0
0
0
0
0
0
0
0
0
0
0
0
0
0
0
0
0
0
0
0
0
0
0
0
0
0
0
0
0
0
0
0
0
0
0
0
0
0
0
0
0
0
0
0
0
0
0
0
0
0
0
0
0
0
0
0
0
0
0
0
0
0
0
0
0
0
0
0
0
0
0
0
0
0
0
0
0
0
0
0
0
0
0
0
0
0
0
0
0
0
0
0
0
0
0
0
0
0
0
0
0
0
0
0
0
0
0
0
0
0
0
0
0
0
0
0
0
0
0
0
0
0
0
0
0
0
0
0
0
0
0
0
0
0
0
0
0
0
0
0
0
0
0
0
0
0
0
0
0
0
0
0
0
0
0
0
0
0
0
0
0
0
0
0
0
0
0
0
0
0
0
0
0
0
0
0
0
0
0
0
0
0
0
0
0
0
0
0
0
0
0
0
0
0
0
0
0
0
0
0
0
0
0
0
0
0
0
0
0
0
0
0
0
0
0
0
0
0
0
0
0
0
0
0
0
0
0
0
0
0
0
0
0
0
0
0
0
0
0
0
0
0
0
0
0
0
0
0
0
0
0
0
0
0
0
0
0
0
0
0
0
0
0
0
0
0
0
0
0
0
0
0
0
0
0
0
0
0
0
0
0
0
0
0
0
0
0
0
0
0
0
0
0
0
0
0
0
0
0
0
0
0
0
0
0
0
0
0
0
0
0
0
0
0
0
0
0
0
0
0
0
0
0
0
0
0
0
0
0
0
0
0
0
0
0
0
0
0
0
0
0
0
0
0
0
0
0
0
0
0
0
0
0
0
0
0
0
0
0
0
0
0
0
0
0
0
0
0
0
0
0
0
0
0
0
0
0
0
0
0
0
0
0
0
0
0
0
0
0
0
0
0
0
0
0
0
0
0
0
0
0
0
0
0
0
0
0
0
0
0
0
0
0
0
0
0
0
0
0
0
0
0
0
0
0
0
0
0
0
0
0
0
0
0
0
0
0
0
0
0
0
0
0
0
0
0
0
0
0
0
0
0
0
0
0
0
0
0
0
0
0
0
0
0
0
0
0
0
0
0
0
0
0
0
0
0
0
0
0
0
0
0
0
0
0
0
0
0
0
0
0
0
0
0
0
0
0
0
0
0
0
0
0
0
0
0
0
0
0
0
0
0
0
0
0
0
0
0
0
0
0
0
0
0
0
0
0
0
0
0
0
0
0
0
0
0
0
0
0
0
0
0
0
0
0
0
0
0
0
0
0
0
0
0
0
0
0
0
0
0
0
0
0
0
0
0
0
0
0
0
0
0
0
0
0
0
0
0
0
0
0
0
0
0
0
0
0
0
0
0
0
0
0
0
0
0
0
0
0
0
0
0
0
0
0
0
0
0
0
0
0
0
0
0
0
0
0
0
0
0
0
0
0
0
0
0
0
0
0
0
0
0
0
0
0
0
0
0
0
0
0
0
0
0
0
0
0
0
0
0
0
0
0
0
0
0
0
0
0
0
0
0
0
0
0
0
0
0
0
0
0
0
0
0
0
0
0
0
0
0
0
0
0
0
0
0
0
0
0
0
0
0
0
0
0
0
0
0
0
0
0
0
0
0
0
0
0
0
0
0
0
0
0
0
0
0
0
0
0
0
0
0
0
0
0
0
0
0
0
0
0
0
0
0
0
0
0
0
0
0
0
0
0
0
0
0
0
0
0
0
0
0
0
0
0
0
0
0
0
0
0
0
0
0
0
0
0
0
0
0
0
0
0
0
0
0
0
0
0
0
0
0
0
0
0
0
0
0
0
0
0
0
0
0
0
0
0
0
0
0
0
0
0
0
0
0
0
0
0
0
0
0
0
0
0
0
0
0
0
0
0
0
0
0
0
0
0
0
0
0
0
0
0
0
0
0
0
0
0
0
0
0
0
0
0
0
0
0
0
0
0
0
0
0
0
0
0
0
0
0
0
0
0
0
0
0
0
0
0
0
0
0
0
0
0
0
0
0
0
0
0
0
0
0
0
0
0
0
0
0
0
0
0
0
0
0
0
0
0
0
0
0
0
0
0
0
0
0
0
0
0
0
0
0
0
0
0
0
0
0
0
0
0
0
0
0
0
0
0
0
0
0
0
0
0
0
0
0
0
0
0
0
0
0
0
0
0
0
0
0
0
0
0
0
0
0
0
0
0
0
0
0
0
0
0
0
0
0
0
0
0
0
0
0
0
0
0
0
0
0
0
0
0
0
0
0
0
0
0
0
0
0
0
0
0
0
0
0
0
0
0
0
0
0
0
0
0
0
0
0
0
0
0
0
0
0
0
0
0
0
0
0
0
0
0
0
0
0
0
0
0
0
0
0
0
0
0
0
0
0
0
0
0
0
0
0
0
0
0
0
0
0
0
0
0
0
0
0
0
0
0
0
0
0
0
0
0
0
0
0
0
0
0
0
0
0
0
0
0
0
0
0
0
0
0
0
0
0
0
0
0
0
0
0
0
0
0
0
0
0
0
0
0
0
0
0
0
0
0
0
0
0
0
0
0
0
0
0
0
0
0
0
0
0
0
0
0
0
0
0
0
0
0
0
0
0
0
0
0
0
0
0
0
0
0
0
0
0
0
0
0
0
0
0
0
0
0
0
0
0
0
0
0
0
0
0
0
0
0
0
0
0
0
0
0
0
0
0
0
0
0
0
0
0
0
0
0
0
0
0
0
0
