0.19122161501127366
0.12223504598987925
0.0712946218019998
0.09495584429580807
0.08311796247569993
0.11283555662148555
0.03041872468141871
0.14105786731343284
0.0444959915140485
0.07970899518908214
0.12168627553359337
0.13982761679193387
0.07088587118056994
0.14638905622562315
0.1042705087918327
0.08316802664067605
0.18167182007418806
0.21602900822065577
0.10055222429061161
0.06241281892743883
0.17862248779723475
0.22528338147479038
0.11671566170720443
0.10107315112609835
0.1224078811980055
0.176546906581296
0.05834378361460586
0.10834394320457026
0.07630290127788815
0.15391904483641555
0.06859400167859675
0.10886570670240779
0.0060331077278451715
0.32504948189858146
0.15026869176478086
0.0350580333588272
0.21997849197993194
0.1782241515176864
0.10340058510397454
0.18032694746741668
0.2699640523293981
0.0428711962682908
0.25460490640329475
0.04723216464525484
0.18558791780183287
0.12244171026493976
0.05587761799385007
0.20199700994702052
0.14015779696904196
0.15208803165506837
0.12109232868957373
0.19941823263533073
0.16711307123386265
0.09506681420382636
0.17466360814275478
0.1595027160886237
0.1427222082728739
0.20711931979483336
0.09530852314017378
0.1800557727489661
0.2175108026104821
0.05104757039009736
0.11174175772912733
0.12577666271996765
0.08438209394536589
0.07737480042971583
Mean: 0.12991382546428754
