-0.058124103
-0.06225587
-0.050407525
-0.06595027
-0.061861947
-0.074065335
-0.09210775
-0.08110315
-0.07634165
-0.09025374
-0.09436762
-0.094771855
-0.10707461
-0.118604116
-0.118986644
-0.1198825
-0.118477486
-0.117564045
-0.13770963
-0.15184134
-0.13978781
-0.14845453
-0.14912428
-0.14529943
-0.16538177
-0.16273789
-0.16324829
-0.18344915
-0.17947629
-0.18328483
-0.18462561
-0.19533768
-0.21671866
-0.20640573
-0.2061832
-0.2318124
-0.22993107
-0.25087783
-0.24668737
-0.25895932
-0.2798265
-0.26943168
-0.26729152
-0.28275743
-0.2991298
-0.28919163
-0.31404176
-0.32304108
-0.3243893
-0.34497502
-0.3311674
-0.3390508
-0.35604754
-0.36554042
-0.37547752
-0.39911816
-0.39174795
-0.3979051
-0.41814503
-0.43288937
-0.44202757
-0.45905063
-0.46598253
-0.46865553
-0.4945537
-0.5036293
-0.5311552
-0.52162606
-0.5523686
-0.55026674
-0.59308153
-0.6102126
-0.619744
-0.6652855
-0.67385393
-0.7076405
-0.7440535
-0.7863567
-0.80235887
-0.8621891
-0.8921568
-0.89652526
-0.90388227
-0.90106577
-0.8993267
-0.90258837
-0.905961
-0.9067136
-0.90878373
-0.9086317
-0.9065512
-0.9126202
-0.9098225
-0.9133434
-0.9162221
-0.9157921
-0.91931695
-0.9195998
-0.92061836
-0.92149746
-0.92108196
-0.92070055
-0.9206313
-0.9244303
-0.9260538
-0.9269255
-0.9290047
-0.9267517
-0.9286409
-0.9292806
-0.9307649
-0.93076617
-0.9325824
-0.93300635
-0.9368619
-0.93765473
-0.93549216
-0.9368771
-0.9396982
-0.93902725
-0.9406953
-0.9412763
-0.9431699
-0.94460106
-0.9436307
-0.94615936
-0.946729
-0.9468147
-0.94962955
-0.94998586
-0.9495231
-0.95180446
-0.9517133
-0.95230263
-0.9546851
-0.95240164
-0.95478743
-0.95442826
-0.95525676
-0.9553797
-0.95571303
-0.95696914
-0.9580477
-0.95900714
-0.96025956
-0.9604518
-0.9603191
-0.9620323
-0.9605319
-0.9625271
-0.9616058
-0.96200615
-0.9642479
-0.9653701
-0.9639366
-0.96528536
-0.9650455
-0.965195
-0.9654901
-0.966204
-0.9662965
-0.96634364
-0.96622133
-0.96764296
-0.9678861
-0.9690813
-0.9689421
-0.9694544
-0.9691982
-0.9695331
-0.9691067
-0.9697067
-0.96944284
-0.9688951
-0.97038555
-0.9699672
-0.97033626
-0.97149014
-0.97085816
-0.9723515
-0.9720143
-0.9718523
-0.9717638
-0.97243947
-0.9723308
-0.9717312
-0.9731371
-0.9735021
-0.97539824
-0.97443604
-0.9741291
-0.9744833
-0.9744192
-0.9756506
-0.9752711
-0.975843
-0.9754575
-0.97620153
-0.97578317
-0.97609264
-0.9761737
-0.9761423
-0.9772746
-0.9771834
-0.97696126
-0.97801816
-0.9766975
-0.9777646
-0.97776425
-0.97635007
-0.9786783
-0.9781326
-0.97768986
-0.9774307
-0.97886455
-0.9793385
-0.978804
-0.9787441
-0.97877604
-0.9790572
-0.97972894
-0.9783141
-0.9794293
-0.97888
-0.9786035
-0.97880137
-0.9787846
-0.9798163
-0.9797634
-0.9808735
-0.9806665
-0.9809875
-0.97974885
-0.98098963
-0.98049486
-0.9806147
-0.9811832
-0.97944343
-0.9809165
-0.98099333
-0.9808389
-0.98025066
-0.981461
-0.9811679
-0.9815682
-0.9824085
-0.98200876
-0.9820893
-0.981551
-0.98248386
-0.98214716
-0.9822737
-0.9823259
-0.9816248
-0.9821159
-0.98223174
-0.9828085
-0.98245275
-0.9827541
-0.9822193
-0.9837566
-0.98321164
-0.98370785
-0.9834474
-0.9830755
-0.98383385
-0.9840487
-0.9840223
-0.9835954
-0.98384297
-0.9843472
-0.9839376
-0.98337567
-0.98429495
-0.9845939
-0.9838423
-0.98379856
-0.9836068
-0.9847366
-0.984706
-0.9846337
-0.98414844
-0.9849334
-0.9848862
-0.98491883
-0.98414767
-0.98452234
-0.98455286
-0.9852328
-0.98534745
-0.9852811
-0.9855239
-0.985321
-0.98515946
-0.9857472
-0.98561364
-0.98501873
-0.98496366
-0.9852393
-0.9859604
-0.98504514
-0.9858287
-0.98676926
-0.98597074
-0.98622763
-0.9861522
-0.9858041
-0.9858269
-0.98583996
-0.9862753
-0.9863699
-0.9869449
-0.9862003
-0.9867578
-0.98696643
-0.9866257
-0.98684525
-0.98662215
-0.9865309
-0.9866935
-0.9861906
-0.9866227
-0.98722464
-0.9866308
-0.9869488
-0.987255
-0.98663497
-0.9870669
-0.9870599
-0.9873197
-0.98746157
-0.9872667
-0.98736537
-0.98713887
-0.98675925
-0.98728627
-0.9871292
-0.9868659
-0.9875612
-0.98807216
-0.98795706
-0.987956
-0.9878032
-0.98829526
-0.987876
-0.9878742
-0.98787373
-0.987383
-0.9881701
-0.98842955
-0.9886649
-0.9880242
-0.98879486
-0.98836464
-0.9885561
-0.987662
-0.98813355
-0.9888459
-0.98817253
-0.988123
-0.9889558
-0.9883585
-0.9884059
-0.98902136
-0.9889848
-0.9888449
-0.988478
-0.9890331
-0.9889646
-0.9891238
-0.98907465
-0.98882234
-0.98795974
-0.98921514
-0.9893644
-0.98846424
-0.98961246
-0.9885905
-0.989001
-0.98963976
-0.9884919
-0.98929495
-0.988381
-0.9895691
-0.9893232
-0.9900601
-0.9897222
-0.9892234
-0.98920053
-0.98973763
-0.98958313
-0.9900079
-0.98963195
-0.98948795
-0.9898762
-0.98959345
-0.98943454
-0.9898505
-0.9897752
-0.98981965
-0.990269
-0.9897941
-0.9898765
-0.99010164
-0.98962706
-0.99053717
-0.9905297
-0.9902317
-0.9903661
-0.9899961
-0.99039495
-0.99009866
-0.99060565
-0.99048734
-0.99012357
-0.98963606
-0.9906053
-0.99009556
-0.9908761
-0.99080473
-0.99090695
-0.9907064
-0.9907382
-0.99093604
-0.99077165
-0.99072164
-0.990948
-0.99066985
-0.9904102
-0.9906106
-0.9905538
-0.9909109
-0.9912367
-0.991307
-0.9913666
-0.9914321
-0.99083066
-0.9916936
-0.9914973
-0.99148804
-0.9913927
-0.9911834
-0.99161035
-0.991039
-0.99144554
-0.99117005
-0.9921142
-0.99149793
-0.99175286
-0.99130934
-0.9915442
-0.99172926
-0.9917762
-0.99171
-0.99192417
-0.9922117
-0.9919914
-0.99176025
-0.9918332
-0.9921515
-0.99202335
-0.99179435
-0.9922888
-0.9924863
-0.99208426
-0.9922504
-0.9920588
-0.9922821
-0.99217945
-0.9923509
-0.99209434
-0.9921216
-0.9926553
-0.99250317
-0.9923816
-0.99274796
-0.992536
-0.99287695
-0.9925002
-0.9928672
-0.99273735
-0.992662
-0.9926173
-0.9926749
-0.99276114
-0.9924883
-0.99291307
-0.9927991
-0.9928464
-0.99307853
-0.99306715
-0.99308467
-0.99300426
-0.9929577
-0.99311036
-0.99324924
-0.99326456
-0.9932647
-0.9928736
-0.9932954
-0.9936097
-0.993396
-0.99341536
-0.9934283
-0.993011
-0.9933127
-0.99342066
-0.99336296
-0.99321425
-0.99355197
-0.9934543
-0.99329096
-0.993728
-0.9937008
-0.9936424
-0.9933868
-0.9938602
-0.99380094
-0.9939501
-0.9934791
-0.99384534
-0.99359643
-0.9940717
-0.99377376
-0.99398214
-0.994035
-0.99369913
-0.9939741
-0.9942446
-0.9939463
-0.9943555
-0.9940592
-0.9941868
-0.99431103
-0.9941742
-0.9940591
-0.99417734
-0.9943288
-0.9942317
-0.99445105
-0.99432015
-0.9944694
-0.9945631
-0.99452245
-0.99437076
-0.9942758
-0.9947027
-0.9947825
-0.9945003
-0.99457335
-0.9941527
-0.9941735
-0.994394
-0.99453586
-0.99454296
-0.99477345
-0.99441975
-0.9944882
-0.99463344
-0.9945806
-0.99454856
-0.99460256
-0.99466467
-0.9946672
-0.994759
-0.9946647
-0.994703
-0.9947846
-0.9948179
-0.9948752
-0.9949318
-0.9948821
-0.9948067
-0.99472386
-0.9948013
-0.9947943
-0.9949338
-0.9949972
-0.99501276
-0.99498
-0.9949144
-0.9949357
-0.99514896
-0.9951736
-0.994883
-0.9949028
-0.9949628
-0.9949446
-0.9949853
-0.9950331
-0.99514616
-0.9949468
-0.9949325
-0.9950855
-0.9951308
-0.9950168
-0.9948263
-0.994989
-0.99528867
-0.99519485
-0.9950447
-0.99532855
-0.99511814
-0.99528414
-0.995257
-0.9954446
-0.9951712
-0.99512756
-0.9953464
-0.9951374
-0.9952892
-0.9954983
-0.99554247
-0.9952982
-0.99535155
-0.99535275
-0.9952381
-0.9953132
-0.99551374
-0.9955735
-0.9952754
-0.99546754
-0.99541104
-0.9954134
-0.9953349
-0.99550235
-0.9955905
-0.9954035
-0.99525416
-0.9954645
-0.99568933
-0.99557513
-0.99552494
-0.99559414
-0.9955511
-0.9955159
-0.9955509
-0.9955154
-0.9954456
-0.9956944
-0.9955101
-0.9955571
-0.99569476
-0.99555445
-0.9956096
-0.9956859
-0.99572957
-0.9957202
-0.9957511
-0.9957082
-0.9957263
-0.995819
-0.99583274
-0.9956782
-0.99583346
-0.9958132
-0.9956835
-0.99560875
-0.9955877
-0.9957417
-0.99574566
-0.9957949
-0.9959716
-0.9958544
-0.9957221
-0.9958916
-0.995666
-0.99588096
-0.9957315
-0.9958825
-0.9958009
-0.9957776
-0.99589854
-0.995831
-0.9958639
-0.9958501
-0.99574125
-0.9958505
-0.9958645
-0.9958379
-0.9959018
-0.99590796
-0.995796
-0.9959543
-0.99591106
-0.99581707
-0.99590254
-0.99578446
-0.99598056
-0.99577254
-0.995953
-0.995913
-0.99595183
-0.9959345
-0.9959476
-0.99597025
-0.9960234
-0.9958977
-0.9958287
-0.9960282
-0.9959776
-0.9959914
-0.99598086
-0.99590194
-0.99601
-0.995849
-0.9958625
-0.9961036
-0.9960213
-0.9960349
-0.9958844
-0.9959595
-0.9960321
-0.99597895
-0.9960396
-0.9958982
-0.99598825
-0.9960308
-0.99601716
-0.9959743
-0.9960889
-0.9960381
-0.9960072
-0.9959378
-0.9959956
-0.9961983
-0.99602264
-0.9958812
-0.9960168
-0.9958991
-0.9960158
-0.9959297
-0.99601835
-0.9960072
-0.99585164
-0.9961275
-0.9960547
-0.9960896
-0.9961384
-0.9961752
-0.99615973
-0.99612916
-0.99602
-0.9960872
-0.99603134
-0.99632233
-0.9962033
-0.99609596
-0.9961212
-0.9962356
-0.9962353
-0.9961003
-0.9961055
-0.9961117
-0.9960829
-0.99622095
-0.99606496
-0.996227
-0.9961565
-0.9960812
-0.99623877
-0.9962771
-0.99611986
-0.99621296
-0.99618685
-0.9962424
-0.9961485
-0.9960689
-0.99625117
-0.9962553
-0.9962052
-0.9961442
-0.9961247
-0.9963024
-0.99613255
-0.99622136
-0.9961741
-0.9961717
-0.99626744
-0.9960987
-0.99610394
-0.9961247
-0.99610144
-0.99620163
-0.9961472
-0.99627453
-0.9962439
-0.9963643
-0.9961804
-0.9961433
-0.9962601
-0.996201
-0.99627554
-0.9962747
-0.99639267
-0.9962575
-0.9961615
-0.9961771
-0.9963115
-0.9963441
-0.9963381
-0.99626434
-0.996262
-0.99632233
-0.9962581
-0.9962464
-0.9963477
-0.9963426
-0.9963408
-0.9963057
-0.99626154
-0.9962331
-0.99636716
-0.9961731
-0.9961717
-0.99629146
-0.9962642
-0.9962858
-0.99619716
-0.9963061
-0.99632126
-0.99640095
-0.99624485
-0.996284
-0.9963484
-0.99633646
-0.99628013
-0.99628276
-0.9963036
-0.99635917
-0.9964003
-0.9963116
-0.996341
-0.9962606
-0.9963178
-0.99629754
-0.99628484
-0.9963136
-0.9963984
-0.9962984
-0.9963849
-0.9962812
-0.996444
-0.9964149
-0.9963046
-0.9963045
-0.99647
-0.9963319
-0.99629027
-0.9963063
-0.996409
-0.9963514
-0.9963459
-0.9962231
-0.99650615
-0.99641865
-0.996376
-0.99633527
-0.9964953
-0.9964409
-0.9963433
-0.99643964
-0.9964725
-0.9965383
-0.99639875
-0.99638367
-0.9963958
-0.9964148
-0.9964348
-0.99640596
-0.9964602
-0.99637175
-0.9963882
-0.9963355
-0.9963574
-0.99639213
-0.99648553
-0.9963148
-0.9964913
-0.99642074
-0.9964321
-0.99627894
-0.9964897
-0.9964389
-0.9964049
-0.9964256
-0.99658614
-0.99641484
-0.99651444
-0.9963644
-0.9965747
-0.9964785
-0.9963918
-0.9964792
-0.9964337
-0.9964563
-0.9964405
-0.99639547
-0.99639666
-0.9964413
-0.9964087
-0.9963847
-0.99646914
-0.9964729
-0.99655753
-0.9964305
-0.99648976
-0.9965403
-0.9965423
-0.9965807
-0.9963676
-0.996456
-0.9965654
-0.99654776
-0.9964307
-0.99655503
-0.9965197
-0.9964302
-0.99646443
-0.9964999
-0.99635035
-0.99646604
-0.9964583
-0.9964064
-0.9963611
-0.9964865
-0.9964783
-0.9965244
-0.9964071
-0.99639815
-0.99635524
-0.9964804
-0.99640375
-0.99644166
-0.99635416
-0.99635804
-0.99643844
-0.9965103
-0.99648625
-0.9965524
-0.99654764
-0.9966189
-0.9964356
-0.9965089
-0.9965737
-0.9965642
-0.9964766
-0.99653965
-0.9964978
-0.9965824
-0.9964358
-0.9964797
-0.9965009
-0.9964701
-0.99652225
-0.99652594
-0.9965301
-0.9965789
-0.996538
-0.9965557
-0.9964781
-0.9964357
-0.9965532
-0.99648154
-0.9964172
-0.99659765
-0.99640864
-0.9963935
-0.99645233
-0.9964719
-0.9964894
-0.99644697
-0.99652267
-0.9964218
-0.99642354
-0.9964497
-0.99636906
-0.9965836
-0.9965863
-0.9965186
-0.99658495
-0.9965968
-0.9963466
-0.9965713
-0.99636847
-0.99653083
-0.996581
-0.99667096
-0.9965261
-0.99654746
-0.99659675
-0.9965462
-0.99656314
-0.99658585
-0.9965353
-0.9966447
-0.9966341
-0.99667174
-0.996584
-0.99659353
-0.9965806
-0.9966474
-0.9964805
-0.9965441
-0.9965915
-0.9965895
-0.996559
-0.9966024
-0.9966092
-0.99649996
-0.99657923
-0.9965314
-0.9966251
-0.9965975
-0.996618
-0.99661773
-0.99657947
-0.99665546
-0.99660623
-0.99664116
-0.9965281
-0.9965613
-0.9965936
-0.9965726
-0.9965456
-0.99659765
-0.99655694
-0.99667156
-0.9965792
-0.99658394
-0.99667835
-0.9965929
-0.9965074
-0.9965727
-0.9965361
-0.9966615
-0.9966175
-0.996676
-0.9966243
-0.9965396
-0.99649286
-0.9965513
-0.9966034
-0.99658084
-0.99650836
-0.99657017
-0.99663407
-0.9965856
-0.99660677
-0.9965378
-0.9966579
-0.9965563
-0.99659365
-0.99655527
-0.99655646
-0.9966657
-0.9965149
-0.9966446
-0.9966639
-0.9964893
-0.99667156
-0.99661595
-0.9966006
-0.9966315
-0.9966546
-0.99662495
-0.99663955
-0.9965561
-0.99650836
-0.9966194
-0.9965214
-0.9966405
-0.99659836
-0.99659675
-0.99661803
-0.99665684
-0.9966039
-0.99659896
-0.9967085
-0.9965723
-0.9965743
-0.9966466
-0.99660665
-0.9967521
-0.9966506
-0.99673533
-0.9965182
-0.99661064
-0.99663424
-0.9967013
-0.99653393
-0.99658465
-0.9965601
-0.9967212
-0.99666005
-0.9966212
-0.99671733
-0.9966786
-0.99661475
-0.99664825
-0.9966652
-0.9967165
-0.99669623
-0.99660206
-0.9966487
-0.99669373
-0.9967113
-0.9966444
-0.99668556
-0.9966913
-0.99672455
-0.9965452
-0.99661756
-0.99665123
-0.99661905
-0.99678046
-0.9966727
-0.9966393
-0.9966079
-0.99662715
-0.99666905
-0.99654716
-0.9966549
-0.996592
-0.9966564
-0.9966102
-0.9966649
-0.9966952
-0.99680007
-0.9965007
-0.99671024
-0.9966826
-0.99653995
-0.9965861
-0.996725
-0.9965576
-0.99671113
-0.9965174
-0.99644977
-0.9966054
-0.9965318
-0.99658895
-0.9966371
-0.9966465
-0.99666476
-0.996573
-0.9966308
-0.9966742
-0.9966368
-0.9966433
-0.9965601
-0.9967332
-0.9966614
-0.99665576
-0.9965978
-0.9967407
-0.9966557
-0.99679786
-0.99660754
-0.99669915
-0.99669546
-0.9966274
-0.99666554
-0.9967949
-0.99661374
-0.99674195
-0.9967131
-0.99657506
-0.99661416
-0.99667287
-0.9966276
-0.9966437
-0.99668723
-0.9967016
-0.9966013
-0.99674565
-0.996701
-0.9966999
-0.996752
-0.99663377
-0.99675006
-0.9967186
-0.9967374
-0.9967263
-0.9967183
-0.9968674
-0.9965795
-0.9965321
-0.9966589
-0.99666685
-0.99674034
-0.9966957
-0.9965568
-0.996611
-0.99657035
-0.99672055
-0.99667054
-0.99683344
-0.99669385
-0.99669623
-0.99668795
-0.99676925
-0.9966663
-0.9968534
-0.9966241
-0.99668354
-0.9967869
-0.9966347
-0.9967046
-0.9966918
-0.9967068
-0.99669755
-0.99667925
-0.99673206
-0.99674505
-0.996712
-0.9967717
-0.9966779
-0.9967365
-0.9966183
-0.9967801
-0.9966904
-0.9967321
-0.9967749
-0.99675226
-0.996676
-0.9967098
-0.99661183
-0.99675006
-0.99671274
-0.9966384
-0.9966213
-0.9966414
-0.9967623
-0.9966659
-0.9968091
-0.9966432
-0.9968652
-0.9967897
-0.9967471
-0.9967253
-0.9966505
-0.99671096
-0.99673283
-0.9966116
-0.9967642
-0.9966295
-0.9967971
-0.99672097
-0.9966635
-0.9967319
-0.99668324
-0.996637
-0.9966756
-0.9966436
-0.9967482
-0.99666935
-0.9968222
-0.99671537
-0.9967257
-0.99671924
-0.9967269
-0.99665326
-0.9966597
-0.9967169
-0.9967082
-0.99686474
-0.9967288
-0.9965824
-0.9967071
-0.99675834
-0.9966746
-0.99673766
-0.99686486
-0.9967638
-0.9968652
-0.99677974
-0.99669796
-0.99670637
-0.9967252
-0.9967595
-0.99670196
-0.99683654
-0.99663424
-0.9966615
-0.996808
-0.9966533
-0.99674404
-0.99663574
-0.99680007
-0.99666095
-0.99673206
-0.9967564
-0.9967008
-0.9967431
-0.99665314
-0.99667853
-0.99655384
-0.9966261
-0.9966739
-0.99668217
-0.996701
-0.9968172
-0.9967553
-0.9966681
-0.99682456
-0.99658525
-0.9966972
-0.99665356
-0.9967019
-0.99672055
-0.9967594
-0.99675715
-0.9966657
-0.9967183
-0.99678797
-0.9967323
-0.99668795
-0.9966951
-0.9967934
-0.99652386
-0.9967648
-0.9967064
-0.9967488
-0.9966274
-0.99676275
-0.99676055
-0.9967224
-0.9968313
-0.99677575
-0.99676657
-0.9967252
-0.9967704
-0.9966649
-0.9967546
-0.99680877
-0.9968251
-0.99669623
-0.9967189
-0.9967513
-0.99669427
-0.9967746
-0.996745
-0.9966742
-0.99663866
-0.99674535
-0.9967082
-0.99679285
-0.99685055
-0.9967175
-0.9967585
-0.9967224
-0.9967127
-0.99665564
-0.9967248
-0.99673164
-0.996775
-0.996653
-0.9967145
-0.9967549
-0.9967825
-0.99672407
-0.9967628
-0.9966881
-0.9968167
-0.9968476
-0.99676126
-0.9967177
-0.99673855
-0.9967129
-0.99672544
-0.99661636
-0.9967876
-0.99674606
-0.9966447
-0.99677813
-0.9967248
-0.99671084
-0.9968689
-0.99671596
-0.9968009
-0.9967987
-0.9968057
-0.99662375
-0.9966816
-0.9966931
-0.9967546
-0.99666065
-0.99676687
-0.996844
-0.9967807
-0.99678355
-0.9968344
-0.9968161
-0.9967684
-0.99672574
-0.996763
-0.99677116
-0.9967979
-0.9967882
-0.99675894
-0.99674886
-0.99667925
-0.9967574
-0.9966284
-0.99671394
-0.99682117
-0.9967006
-0.99669963
-0.99661183
-0.9967769
-0.9966714
-0.9968112
-0.9966632
-0.99675566
-0.9967194
-0.99673754
-0.99660945
-0.99671763
-0.99672776
-0.996655
-0.996737
-0.9967361
-0.9966211
-0.9967785
-0.9966639
-0.9966997
-0.9966343
-0.99667007
-0.9966962
-0.99663293
-0.99675685
-0.9965786
-0.9965823
-0.9967637
-0.99677354
-0.99678224
-0.99671125
-0.99682343
-0.9967989
-0.99678594
-0.99681014
-0.9967671
-0.99677545
-0.9967162
-0.996822
-0.9967018
-0.99671257
-0.9965424
-0.99665034
-0.99673367
-0.9964132
-0.99637276
-0.99672735
-0.99662954
-0.99662745
-0.9967348
-0.9965879
-0.9967009
-0.9967384
-0.99637425
-0.99678165
-0.9967492
-0.9966394
-0.99683744
-0.996534
-0.9967867
-0.9967484
-0.9965938
-0.99679667
-0.99686766
-0.99672973
-0.9967588
-0.9966821
-0.9967167
-0.9967973
-0.9967198
-0.9967544
-0.9969135
-0.9968793
-0.9968309
-0.99680674
-0.99675524
-0.99668723
-0.99683785
-0.99671966
-0.99681515
-0.99679995
-0.99680656
-0.9967745
-0.9966012
-0.996906
-0.9967038
-0.99666166
-0.99680626
-0.99667376
-0.99669063
-0.9968277
-0.9968934
-0.9966234
-0.9967865
-0.99682415
-0.9967367
-0.9967885
-0.99675
-0.9968438
-0.99686104
-0.99672896
-0.99687207
-0.99685663
-0.99661124
-0.99687123
-0.99681705
-0.996867
-0.9967444
-0.9968527
-0.9968057
-0.9968084
-0.9967457
-0.99682415
-0.9967409
-0.99678385
-0.9968814
-0.9968994
-0.9967748
-0.9968249
-0.99691904
-0.996783
-0.9966477
-0.99669313
-0.99681777
-0.9968343
-0.99684125
-0.9968498
-0.99675745
-0.99677855
-0.99674976
-0.9967467
-0.9967696
-0.9967831
-0.99677867
-0.99671984
-0.99674445
-0.99677896
-0.9969143
-0.99684834
-0.9967285
-0.99683905
-0.9968589
-0.9968483
-0.9968372
-0.9967698
-0.99676913
-0.99682856
-0.9969577
-0.9966696
-0.99682635
-0.9968564
-0.9968133
-0.996827
-0.99692583
-0.9968689
-0.99683267
-0.996788
-0.99681675
-0.9969214
-0.99685395
-0.99684256
-0.9968904
-0.99678904
-0.9968061
-0.9969797
-0.9967772
-0.9968038
-0.9967921
-0.9967668
-0.99693215
-0.9967872
-0.99685836
-0.9967559
-0.9968064
-0.9967943
-0.99685997
-0.9967111
-0.996764
-0.99677706
-0.99678755
-0.9967433
-0.99669695
-0.9968004
-0.9968605
-0.99680537
-0.9968292
-0.9968681
-0.9967763
-0.9968315
-0.996848
-0.9967733
-0.996838
-0.9967658
-0.99680257
-0.99683005
-0.99685174
-0.99682856
-0.9967858
-0.9968836
-0.99680305
-0.99682707
-0.9969333
-0.99683446
-0.99678767
-0.99687284
-0.99678206
-0.99685574
-0.9967868
-0.9968873
-0.99686724
-0.9969235
-0.99680305
-0.99681133
-0.99689144
-0.9968242
-0.9968107
-0.99680054
-0.9968446
-0.9968311
-0.9967916
-0.9968707
-0.99683356
-0.9966817
-0.9968301
-0.99677575
-0.99676204
-0.996779
-0.99681604
-0.9969315
-0.9968253
-0.9967405
-0.99693745
-0.99680626
-0.99670047
-0.996882
-0.99675477
-0.9966564
-0.9967888
-0.9968838
-0.99676454
-0.9966926
-0.99677444
-0.9968708
-0.99680895
-0.9969234
-0.99687314
-0.9968468
-0.99687344
-0.99685335
-0.99692565
-0.99687636
-0.9968662
-0.99691033
-0.9968716
-0.99674153
-0.9968797
-0.99673146
-0.99670386
-0.99691355
-0.9968339
-0.9967562
-0.99677855
-0.9967501
-0.9968987
-0.9968911
-0.99680024
-0.99674517
-0.9967863
-0.9968708
-0.9968843
-0.99697894
-0.9967667
-0.9970061
-0.996855
-0.9968166
-0.99679655
-0.9967413
-0.99682224
-0.9969353
-0.9967341
-0.9968608
-0.99693775
-0.9969389
-0.9968894
-0.9968655
-0.9968944
-0.9968709
-0.99693006
-0.99689126
-0.99681693
-0.99674755
-0.9968422
-0.9969191
-0.9967417
-0.99692005
-0.99677813
-0.9967912
-0.99680704
-0.99684477
-0.9966597
-0.9967893
-0.9968295
-0.996741
-0.9967751
-0.9967728
-0.99683446
-0.9968745
-0.9967854
-0.9968285
-0.9968175
-0.9967901
-0.9968667
-0.99681383
-0.99688053
-0.996862
-0.9967609
-0.99683136
-0.99690473
-0.99680007
-0.99685234
-0.9968064
-0.9967077
-0.9966861
-0.99690205
-0.99679935
-0.9967598
-0.99689484
-0.99679387
-0.99676627
-0.99683934
-0.99683124
-0.9968028
-0.996894
-0.99684507
-0.99678063
-0.9968396
-0.9967919
-0.996779
-0.99689364
-0.9967392
-0.99683034
-0.9969339
-0.9967756
-0.99677765
-0.9968641
-0.9968001
-0.99697375
-0.9968119
-0.99687296
-0.99680537
-0.99679554
-0.996821
-0.9968329
-0.9969031
-0.9968416
-0.99681145
-0.9967168
-0.99682033
-0.99690914
-0.9967732
-0.9968203
-0.9968968
-0.99690425
-0.99690586
-0.9968409
-0.99686337
-0.9968913
-0.9969638
-0.99691075
-0.99692374
-0.99683696
-0.9968525
-0.99680823
-0.99689263
-0.9968039
-0.99683833
-0.99686545
-0.9967997
-0.9967923
-0.99686503
-0.99686563
-0.99690473
-0.9968613
-0.9968561
-0.9968542
-0.9967781
-0.9967684
-0.99684566
-0.99697787
-0.9968993
-0.9968742
-0.99681616
-0.99679995
-0.99679774
-0.996862
-0.9969227
-0.99684125
-0.99681777
-0.9968458
-0.99681425
-0.996837
-0.9968576
-0.99685967
-0.9968267
-0.9967921
-0.99685043
-0.99692225
-0.9967707
-0.996893
-0.9968389
-0.99684507
-0.9968496
-0.99678874
-0.9968432
-0.9970011
-0.9969085
-0.9969121
-0.99692684
-0.99684244
-0.9967683
-0.996878
-0.9968379
-0.9968693
-0.9968982
-0.99691725
-0.9969933
-0.9968465
-0.99680644
-0.996828
-0.99693024
-0.9967657
-0.99689204
-0.9969174
-0.9968541
-0.9968389
-0.99685454
-0.996854
-0.9969904
-0.9968732
-0.9968914
-0.99690795
-0.9969064
-0.9967903
-0.9968941
-0.996861
-0.99687135
-0.9967926
-0.99685186
-0.99689007
-0.9968549
-0.9969885
-0.99687773
-0.9968407
-0.99692476
-0.99682856
-0.99686646
-0.99697125
-0.9968051
-0.99676895
-0.9967988
-0.99682534
-0.9968993
-0.9968329
-0.9967539
-0.996931
-0.99686325
-0.9969592
-0.99685717
-0.99688137
-0.99687964
-0.99690187
-0.9968681
-0.9968803
-0.99697167
-0.99685466
-0.99691164
-0.9968389
-0.99693173
-0.9969365
-0.99694955
-0.9970142
-0.9969536
-0.99686044
-0.99687517
-0.9969014
-0.9968191
-0.99691427
-0.99683535
-0.9968464
-0.9969885
-0.9968932
-0.99687016
-0.9969369
-0.99693406
-0.9969504
-0.99691767
-0.996836
-0.9968566
-0.99691045
-0.99694705
-0.9968945
-0.99685645
-0.99694085
-0.99692076
-0.99691314
-0.99683917
-0.9968658
-0.996804
-0.9968038
-0.9969246
-0.99677384
-0.9969348
-0.996777
-0.9968725
-0.9968155
-0.99687123
-0.99691075
-0.99689466
-0.99685454
-0.9968887
-0.9969589
-0.9969589
-0.99699605
-0.99682546
-0.99687535
-0.9970245
-0.99688536
-0.9969478
-0.99684566
-0.99694234
-0.9969138
-0.9968434
-0.9968386
-0.99698
-0.9968623
-0.9968559
-0.9969532
-0.9969148
-0.9968441
-0.9968859
-0.99690926
-0.996936
-0.99691886
-0.9968771
-0.99692607
-0.9968003
-0.9969261
-0.99695605
-0.996884
-0.99688375
-0.99693894
-0.99697435
-0.9968431
-0.99700934
-0.99692106
-0.9968762
-0.9968587
-0.9969511
-0.9969145
-0.996929
-0.99686074
-0.99695486
-0.99693173
-0.9968788
-0.9968633
-0.9969259
-0.99689466
-0.9970193
-0.9968393
-0.99693596
-0.9969302
-0.9968748
-0.99696606
-0.9968741
-0.99690896
-0.99697596
-0.9968572
-0.99690205
-0.9968658
-0.99688166
-0.996916
-0.9968321
-0.99687576
-0.9969893
-0.9968665
-0.9967904
-0.9968171
-0.9969224
-0.9967721
-0.99686366
-0.99697965
-0.99688643
-0.99694437
-0.9968006
-0.99684906
-0.9969119
-0.99688613
-0.9968558
-0.9968927
-0.9969092
-0.9969061
-0.99695766
-0.99694276
-0.99700975
-0.996997
-0.99696857
-0.9969279
-0.99689156
-0.99689114
-0.996933
-0.99689966
-0.9968674
-0.99691236
-0.9968349
-0.99690217
-0.9969577
-0.99691355
-0.9969341
-0.996909
-0.99692863
-0.9968915
-0.9968024
-0.9968946
-0.99689686
-0.99683374
-0.9968506
-0.99691266
-0.9969572
-0.9969476
-0.9967937
-0.99676096
-0.9968317
-0.9968319
-0.99692625
-0.9968637
-0.99688345
-0.99695903
-0.99693346
-0.9969099
-0.99682796
-0.9968952
-0.9968969
-0.9968233
-0.9969134
-0.99693805
-0.9969671
-0.99689513
-0.99683887
-0.9969392
-0.99689436
-0.9968402
-0.99692714
-0.9968935
-0.9967791
-0.9968993
-0.9968411
-0.99698514
-0.9968764
-0.9969663
-0.99690855
-0.9967919
-0.9969079
-0.99694556
-0.9969352
-0.99693704
-0.9968686
-0.9967959
-0.99689126
-0.99694467
-0.9969437
-0.99686855
-0.99682945
-0.99698687
-0.99692446
-0.99689686
-0.9969541
-0.996922
-0.99688864
-0.99677736
-0.9968229
-0.9969198
-0.99683034
-0.9967732
-0.9967784
-0.99694735
-0.9967766
-0.9968043
-0.9968234
-0.9967386
-0.9967301
-0.99696785
-0.9968284
-0.9969713
-0.99684715
-0.99689597
-0.99679494
-0.9970042
-0.9968727
-0.99703544
-0.9969763
-0.99678093
-0.9968937
-0.9969275
-0.9968192
-0.99691015
-0.99695504
-0.9968968
-0.9969989
-0.9968828
-0.9968775
-0.99691546
-0.99681276
-0.9968732
-0.9969456
-0.9968921
-0.9968946
-0.9968786
-0.9969429
-0.9969429
-0.9969322
-0.9969807
-0.99695396
-0.99687326
-0.99701554
-0.99685085
-0.9968888
-0.9968783
-0.99676996
-0.9968259
-0.9967597
-0.99684906
-0.9969373
-0.99683475
-0.99680805
-0.996981
-0.99686897
-0.99688274
-0.99691826
-0.99711645
-0.99687535
-0.996878
-0.99693877
-0.99684274
-0.9968151
-0.9969159
-0.9969078
-0.9969231
-0.99701154
-0.9969628
-0.9970139
-0.9969571
-0.9970185
-0.9969028
-0.99687374
-0.99684155
-0.99699265
-0.99689424
-0.9968194
-0.99692076
-0.99686027
-0.9969685
-0.996944
-0.99696296
-0.9968661
-0.99694836
-0.9968524
-0.9967779
-0.9968732
-0.99688035
-0.9968864
-0.99688244
-0.9967845
-0.9969011
-0.9969019
-0.9969522
-0.99686027
-0.99692327
-0.9968991
-0.9969584
-0.99690986
-0.9967925
-0.9969237
-0.996886
-0.99681425
-0.99694085
-0.99686897
-0.9968323
-0.9968471
-0.9969715
-0.99693006
-0.996904
-0.99690014
-0.9967924
-0.99682707
-0.996961
-0.9968021
-0.99697304
-0.99685115
-0.99686724
-0.99685544
-0.99694157
-0.99681365
-0.996785
-0.99691516
-0.99674577
-0.99677104
-0.99691075
-0.9967348
-0.9967642
-0.99687445
-0.99693984
-0.99675673
-0.9969499
-0.9968401
-0.99665654
-0.99694157
-0.9968817
-0.99684876
-0.9969155
-0.99685997
-0.99688077
-0.99690354
-0.9968652
-0.9967444
-0.99683666
-0.99686587
-0.9969484
-0.99689853
-0.9968621
-0.99690264
-0.99697214
-0.99692124
-0.9969196
-0.99690944
-0.99690354
-0.9969373
-0.99702084
-0.9970014
-0.99694437
-0.99678564
-0.99688375
-0.9969502
-0.9969951
-0.99688065
-0.99690783
-0.99692225
-0.99694574
-0.9969649
-0.99686277
-0.9969654
-0.9968604
-0.99674565
-0.99684876
-0.9969104
-0.99694455
-0.9969038
-0.99687225
-0.9968283
-0.99689716
-0.9968858
-0.996992
-0.99697
-0.99693954
-0.9970281
-0.99687904
-0.9969154
-0.9969238
-0.9969475
-0.9969827
-0.9968311
-0.99693847
-0.99688
-0.9968638
-0.99691814
-0.9968962
-0.9969605
-0.9968891
-0.9968932
-0.9968161
-0.9968106
-0.99695235
-0.99684876
-0.99690926
-0.99689835
-0.9968676
-0.9969254
-0.99695265
-0.9968367
-0.99699193
-0.99689895
-0.99701375
-0.9968796
-0.99686724
-0.99691397
-0.9969368
-0.9968189
-0.9970067
-0.9968938
-0.99690783
-0.99689233
-0.9968571
-0.99705476
-0.99693394
-0.9969443
-0.9969261
-0.9969204
-0.99685246
-0.99692786
-0.9969664
-0.99679995
-0.99695027
-0.9969404
-0.9969048
-0.99695015
-0.99693555
-0.99692255
-0.99694073
-0.99694365
-0.99702513
-0.9968376
-0.9969862
-0.99698675
-0.99690604
-0.99698657
-0.99690664
-0.9968783
-0.9969042
-0.99692315
-0.99696654
-0.99699956
-0.99689865
-0.99694675
-0.99692845
-0.9969142
-0.9969359
-0.996984
-0.9969259
-0.99675196
-0.99687845
-0.9968678
-0.99687487
-0.996944
-0.997004
-0.9969454
-0.9969529
-0.99698573
-0.9970297
-0.9969423
-0.9969462
-0.99699354
-0.9969585
-0.9968541
-0.99698526
-0.9969612
-0.99684274
-0.99683684
-0.9969202
-0.9969682
-0.99690545
-0.9969025
-0.99695295
-0.99686545
-0.9969608
-0.9969215
-0.99688876
-0.99696165
-0.99694157
-0.9969163
-0.9968987
-0.99696267
-0.99690926
-0.9970224
-0.9969057
-0.99693704
-0.9969389
-0.99699044
-0.9969647
-0.99691224
-0.99699736
-0.9969266
-0.99696994
-0.9968889
-0.99697626
-0.99686944
-0.99684656
-0.9970187
-0.9968389
-0.9968892
-0.99690956
-0.99692
-0.9968159
-0.99692833
-0.9968481
-0.9968226
-0.99678147
-0.99696887
-0.9968188
-0.99687696
-0.99695724
-0.99671096
-0.99678713
-0.9969111
-0.9967664
-0.9968962
-0.9969274
-0.99675566
-0.99678653
-0.9968957
-0.9967761
-0.99681884
-0.9968658
-0.99674135
-0.9968155
-0.99685216
-0.9968634
-0.9967488
-0.99694383
-0.99677813
-0.9967333
-0.9969829
-0.9966901
-0.99675655
-0.99697065
-0.99689376
-0.99683315
-0.99694735
-0.99694175
-0.99681383
-0.9968933
-0.9969035
-0.9968569
-0.9969304
-0.99685204
-0.9969489
-0.99687105
-0.99690396
-0.99696296
-0.9968266
-0.9969041
-0.9969249
-0.99694383
-0.9969456
-0.9969527
-0.9968911
-0.9969088
-0.9969738
-0.9969606
-0.9968606
-0.9968019
-0.9969122
-0.9969128
-0.99691653
-0.9968775
-0.9968657
-0.9969573
-0.9969532
-0.9969407
-0.99685854
-0.9969057
-0.9967746
-0.99692446
-0.996984
-0.9966968
-0.9968205
-0.99685967
-0.9968924
-0.99694604
-0.9969133
-0.9969368
-0.99691015
-0.99686086
-0.9970478
-0.9969856
-0.9969822
-0.9969274
-0.9969761
-0.9969579
-0.9970384
-0.9968898
-0.9969874
-0.99696946
-0.9969297
-0.9968893
-0.997064
-0.99703735
-0.9968681
-0.99689823
-0.99687576
-0.9970397
-0.99689
-0.9970334
-0.9969247
-0.99691075
