-0.5937679
-0.6060656
-0.6177301
-0.6267344
-0.64534944
-0.6242517
-0.64470416
-0.6467607
-0.65517795
-0.6610774
-0.65405935
-0.6594872
-0.6662823
-0.6785359
-0.68152845
-0.68798614
-0.69074446
-0.6910435
-0.701459
-0.70346034
-0.707377
-0.7134514
-0.7149656
-0.7281929
-0.7432033
-0.7338588
-0.74851125
-0.7423946
-0.7582179
-0.7598653
-0.75744873
-0.7648868
-0.76397145
-0.7659605
-0.77204907
-0.7704115
-0.7632955
-0.7767113
-0.78632253
-0.7735058
-0.7770583
-0.77223635
-0.77516663
-0.77323604
-0.7852638
-0.78430724
-0.78119934
-0.7798147
-0.7819686
-0.7853584
-0.77704465
-0.78329563
-0.78835374
-0.7758291
-0.78589547
-0.7799893
-0.77605337
-0.78091854
-0.77748626
-0.78199536
-0.7817287
-0.791665
-0.7873723
-0.78736556
-0.7862219
-0.789052
-0.79175454
-0.78676355
-0.7884432
-0.78705364
-0.78799486
-0.7927979
-0.78800076
-0.78885615
-0.787818
-0.79193735
-0.79094785
-0.7898974
-0.7856122
-0.7852672
-0.79266405
-0.79494
-0.7892541
-0.7793747
-0.79229826
-0.7929122
-0.7881826
-0.79723
-0.79930085
-0.7878267
-0.7912425
-0.7926212
-0.7924309
-0.79128516
-0.792327
-0.8016816
-0.78926927
-0.79683286
-0.78982073
-0.7906353
-0.79899126
-0.79028404
-0.7950417
-0.79330206
-0.7912009
-0.79864
-0.79737526
-0.7973312
-0.7949705
-0.79437506
-0.79688805
-0.79780483
-0.79861367
-0.8027529
-0.7996996
-0.80205864
-0.79361856
-0.78552663
-0.79126626
-0.79392725
-0.8002646
-0.7972222
-0.799545
-0.8000959
-0.80583376
-0.79201984
-0.7978662
-0.79618526
-0.79584485
-0.7986447
-0.7985088
-0.8053103
-0.7998685
-0.79620546
-0.79916865
-0.80052084
-0.8031762
-0.80466
-0.8061023
-0.7959865
-0.807078
-0.80330867
-0.8103134
-0.8018897
-0.8128687
-0.8073681
-0.8022314
-0.804425
-0.80034244
-0.81540906
-0.8057035
-0.80672127
-0.8061673
-0.80651623
-0.8094108
-0.8079223
-0.80401784
-0.81573176
-0.802071
-0.7966541
-0.81580096
-0.81504023
-0.8082886
-0.8071051
-0.8118852
-0.80282503
-0.8064398
-0.81139606
-0.80681
-0.8140353
-0.81035376
-0.81019014
-0.80057615
-0.81481206
-0.8174586
-0.811482
-0.8093999
-0.80732155
-0.8146144
-0.8160727
-0.8053154
-0.81027395
-0.8123598
-0.81520694
-0.81394583
-0.8152924
-0.8151038
-0.8252185
-0.80998695
-0.81645924
-0.8125315
-0.8127475
-0.81051165
-0.8217714
-0.81185365
-0.8064954
-0.8163321
-0.81744605
-0.8156189
-0.82084894
-0.81138504
-0.8124345
-0.8160825
-0.81726146
-0.8235807
-0.8195231
-0.8210615
-0.8165697
-0.8174154
-0.8086876
-0.8205368
-0.8261576
-0.8147963
-0.82191455
-0.81300545
-0.8144837
-0.82077926
-0.8255713
-0.81690013
-0.8191352
-0.8293458
-0.8246531
-0.81836694
-0.8216852
-0.82657427
-0.81928
-0.8215898
-0.82114094
-0.8203243
-0.82209265
-0.82309675
-0.824359
-0.8241987
-0.8296346
-0.81893855
-0.82646245
-0.823936
-0.8336871
-0.83187634
-0.82515705
-0.8252281
-0.8317451
-0.8198103
-0.82585454
-0.83266366
-0.82769555
-0.8241483
-0.8275593
-0.83353144
-0.8282213
-0.82494456
-0.8271701
-0.8323974
-0.8272988
-0.8284391
-0.8322916
-0.82893324
-0.83058226
-0.83098197
-0.8315809
-0.8348581
-0.83344156
-0.8376575
-0.829065
-0.8377928
-0.82799387
-0.83517516
-0.83285314
-0.83401763
-0.834826
-0.8341437
-0.8342939
-0.83177817
-0.827988
-0.83305496
-0.8370831
-0.8410713
-0.8321152
-0.84133726
-0.8372611
-0.8407053
-0.8368309
-0.8384356
-0.8390997
-0.8376197
-0.8407429
-0.8362442
-0.8470157
-0.849103
-0.84002787
-0.84111446
-0.8465184
-0.8457248
-0.84195304
-0.84477353
-0.8409955
-0.84455
-0.8507188
-0.84790444
-0.84093213
-0.845746
-0.84831
-0.847104
-0.84496367
-0.8456331
-0.84518635
-0.84618866
-0.85024464
-0.84310824
-0.85138434
-0.8458035
-0.84791553
-0.84748113
-0.854954
-0.85123277
-0.85253966
-0.8501546
-0.8500544
-0.8455994
-0.84885305
-0.849891
-0.8536558
-0.85212743
-0.85255975
-0.856993
-0.86232805
-0.85667574
-0.8571377
-0.85569733
-0.8527771
-0.8561774
-0.855959
-0.8619989
-0.854149
-0.8536877
-0.8567577
-0.85801554
-0.8579316
-0.85966134
-0.85776716
-0.8612815
-0.8559028
-0.85694844
-0.85694635
-0.8611454
-0.861458
-0.856103
-0.86025345
-0.86118245
-0.86239195
-0.86305994
-0.86255383
-0.8643106
-0.86182696
-0.86673707
-0.86232686
-0.8630078
-0.86497915
-0.867749
-0.86447215
-0.8660315
-0.8644019
-0.86923516
-0.86683506
-0.8716682
-0.8686697
-0.86886615
-0.86943763
-0.86273557
-0.87096757
-0.8705196
-0.8712292
-0.8738643
-0.87126195
-0.87160933
-0.8710697
-0.8754641
-0.875697
-0.8682493
-0.87554914
-0.87510324
-0.8762121
-0.87247205
-0.87693346
-0.8738953
-0.8750288
-0.88084906
-0.881688
-0.8792395
-0.8798956
-0.88298386
-0.8861658
-0.87490016
-0.8844483
-0.8783996
-0.8820108
-0.88284224
-0.88356626
-0.88337374
-0.8830354
-0.8828625
-0.8809642
-0.8890822
-0.8853001
-0.88318694
-0.88879937
-0.88771
-0.8856573
-0.8884343
-0.88783
-0.8865759
-0.88596076
-0.8897759
-0.8889149
-0.8895099
-0.8859136
-0.8880269
-0.89115095
-0.894113
-0.88840085
-0.88949186
-0.89100426
-0.89095724
-0.8905783
-0.89408696
-0.8944838
-0.8945954
-0.89298064
-0.89859545
-0.89676327
-0.8937199
-0.89631164
-0.89626825
-0.8971517
-0.89450186
-0.8964004
-0.89614755
-0.9027987
-0.8982363
-0.90253943
-0.9031782
-0.8975006
-0.9032593
-0.90218395
-0.89371395
-0.8982673
-0.90438
-0.90320545
-0.90381837
-0.9035439
-0.9054707
-0.90707886
-0.9046158
-0.9074292
-0.907066
-0.90779376
-0.9064577
-0.9063252
-0.9060434
-0.9075874
-0.90832233
-0.9089204
-0.9103728
-0.91003525
-0.91029334
-0.91430056
-0.91374075
-0.91259205
-0.9119683
-0.91386616
-0.9154454
-0.912952
-0.9122324
-0.91516435
-0.9151073
-0.9143416
-0.9163119
-0.9170773
-0.91676086
-0.91916007
-0.91597587
-0.9186127
-0.91868865
-0.91766
-0.9209693
-0.91755325
-0.91852283
-0.9204435
-0.919917
-0.92197454
-0.92068005
-0.9195856
-0.91786104
-0.9204085
-0.9209086
-0.92220896
-0.92136467
-0.9219566
-0.92635274
-0.92346936
-0.9264176
-0.92558813
-0.92652136
-0.92355776
-0.92440206
-0.9266681
-0.9281114
-0.9267643
-0.9253307
-0.92350906
-0.92669106
-0.9278147
-0.9293258
-0.92805046
-0.92711383
-0.92982364
-0.928459
-0.92714596
-0.92990595
-0.9262181
-0.9275496
-0.93070954
-0.92993283
-0.929308
-0.93063736
-0.9306671
-0.93045694
-0.928742
-0.92966473
-0.93079424
-0.93095374
-0.9326305
-0.9323538
-0.92892516
-0.9339259
-0.93221384
-0.9321897
-0.9309229
-0.9343476
-0.93074685
-0.9312873
-0.93243146
-0.93450946
-0.93306285
-0.9339053
-0.9344519
-0.93333805
-0.93254006
-0.93462753
-0.9344644
-0.9344787
-0.93223035
-0.93576
-0.9354474
-0.9344632
-0.9353618
-0.9350991
-0.93434703
-0.9323958
-0.934279
-0.9357409
-0.9339756
-0.9302492
-0.935649
-0.9361615
-0.93538165
-0.93548393
-0.9353558
-0.93468237
-0.9351097
-0.93473786
-0.93336195
-0.9351103
-0.93586713
-0.93653107
-0.9367236
-0.93531203
-0.9364366
-0.9363699
-0.93825245
-0.93610394
-0.9361689
-0.93361145
-0.937006
-0.93822813
-0.93688065
-0.94010097
-0.93706733
-0.9367613
-0.9376589
-0.93861216
-0.9360729
-0.93725556
-0.93896204
-0.9391883
-0.9373251
-0.94073474
-0.93772185
-0.938015
-0.9359429
-0.9362395
-0.9371688
-0.9385366
-0.9405352
-0.9392956
-0.93946785
-0.9383992
-0.94124115
-0.9363909
-0.94235176
-0.9387871
-0.9410612
-0.9399246
-0.9398439
-0.93937767
-0.93955183
-0.94187087
-0.94092596
-0.94106954
-0.9426815
-0.94024014
-0.940735
-0.94214904
-0.9434487
-0.94081426
-0.9406855
-0.94211805
-0.9417128
-0.94350284
-0.94190305
-0.9427866
-0.94452685
-0.9416193
-0.94102
-0.9428118
-0.9432869
-0.94352645
-0.9450667
-0.9407245
-0.94313973
-0.940408
-0.94617295
-0.94260347
-0.9446421
-0.9430446
-0.94111776
-0.94526196
-0.9444154
-0.94323653
-0.94375545
-0.9437251
-0.9426432
-0.9432696
-0.94342756
-0.9442362
-0.9464195
-0.9446513
-0.9458523
-0.94694865
-0.94350785
-0.9443155
-0.94430715
-0.94477147
-0.944561
-0.9454617
-0.9465231
-0.94443554
-0.94509417
-0.94688684
-0.9455766
-0.94695544
-0.9446705
-0.9470129
-0.94675386
-0.94659525
-0.9463008
-0.94684315
-0.9453567
-0.9470726
-0.9478596
-0.9481621
-0.944644
-0.9483895
-0.9457273
-0.9496468
-0.94723654
-0.9480962
-0.9478364
-0.94701904
-0.94628364
-0.9490667
-0.9475016
-0.9474605
-0.94595945
-0.9470898
-0.94813764
-0.95035076
-0.9469403
-0.9475409
-0.9476599
-0.9457332
-0.94863766
-0.9496235
-0.9493114
-0.95110756
-0.9489166
-0.9486928
-0.9492009
-0.95001024
-0.94887805
-0.9471453
-0.9492411
-0.9494243
-0.9479056
-0.950225
-0.951078
-0.94961435
-0.95079356
-0.9496619
-0.9502406
-0.95261335
-0.9509261
-0.9491728
-0.9532988
-0.95151305
-0.95154035
-0.9513227
-0.95175153
-0.9532712
-0.9522813
-0.9531977
-0.95116055
-0.95230806
-0.95086807
-0.9513422
-0.95194465
-0.95107377
-0.95288706
-0.9534014
-0.95438737
-0.9529013
-0.9543819
-0.9540875
-0.953676
-0.95259887
-0.9542085
-0.9550754
-0.9525415
-0.9533264
-0.9545406
-0.9534828
-0.9536623
-0.95436436
-0.9523098
-0.95415705
-0.95309937
-0.95267963
-0.95444095
-0.9548831
-0.9532905
-0.95424944
-0.95535755
-0.95269793
-0.95508665
-0.9550744
-0.9560681
-0.9550454
-0.9553121
-0.9558471
-0.95499563
-0.95595115
-0.9579437
-0.9554834
-0.9559896
-0.957072
-0.9581955
-0.9553667
-0.9566564
-0.9542112
-0.95885015
-0.95665663
-0.9562754
-0.95621294
-0.95600015
-0.9568887
-0.95575076
-0.9560872
-0.957003
-0.9580058
-0.95838094
-0.956251
-0.95656204
-0.95927244
-0.95708203
-0.9575992
-0.9579903
-0.95885485
-0.95896924
-0.9586429
-0.9573037
-0.9574037
-0.956856
-0.9596215
-0.9585137
-0.95671463
-0.95832247
-0.95758736
-0.96058
-0.96031445
-0.95793355
-0.9578068
-0.95893896
-0.95783705
-0.9581996
-0.95886505
-0.9581206
-0.9582243
-0.96003395
-0.959246
-0.9593833
-0.9594568
-0.9582106
-0.9583633
-0.95865494
-0.95885783
-0.95912665
-0.95794815
-0.96049374
-0.959605
-0.9582943
-0.9603204
-0.95834124
-0.9578109
-0.9588578
-0.9597305
-0.95880526
-0.9597937
-0.95988804
-0.95962006
-0.95818543
-0.95933807
-0.9599793
-0.9606713
-0.9606533
-0.9608709
-0.9602637
-0.9616525
-0.96071744
-0.9608121
-0.9601158
-0.96001095
-0.9612963
-0.96045375
-0.96109664
-0.96111524
-0.96007764
-0.961225
-0.9630249
-0.95825535
-0.9613078
-0.9632763
-0.96251214
-0.9611683
-0.961779
-0.9599013
-0.9615194
-0.9611655
-0.9614567
-0.9623887
-0.9622582
-0.96170914
-0.96093565
-0.96246
-0.9624105
-0.9609579
-0.9633159
-0.9620128
-0.9616735
-0.9615911
-0.96067274
-0.9620478
-0.9615074
-0.9650715
-0.961753
-0.9618445
-0.96322185
-0.96367544
-0.96441716
-0.9625361
-0.9625923
-0.96248907
-0.9624135
-0.96327585
-0.9632924
-0.96219224
-0.9639827
-0.96151745
-0.9627674
-0.96373725
-0.96455383
-0.9626541
-0.9630471
-0.9631428
-0.96329963
-0.9645566
-0.96372354
-0.9642837
-0.9651313
-0.96431565
-0.96345204
-0.9656848
-0.96524364
-0.9627621
-0.96242124
-0.96683115
-0.96301633
-0.9648553
-0.9648166
-0.96480465
-0.96487796
-0.96511286
-0.9624341
-0.9660185
-0.96509916
-0.96525824
-0.9651696
-0.9651366
-0.96603215
-0.96496725
-0.9657413
-0.96401834
-0.9671452
-0.96590626
-0.96489966
-0.96689165
-0.96634537
-0.9660376
-0.9663409
-0.9663734
-0.9654489
-0.9654694
-0.9662551
-0.96595556
-0.9670673
-0.96515584
-0.9668282
-0.9665882
-0.967217
-0.96638405
-0.96635956
-0.96590936
-0.96733165
-0.9673185
-0.9673638
-0.96785873
-0.9675603
-0.9665651
-0.96745706
-0.96694356
-0.9668919
-0.96870935
-0.9667408
-0.96917516
-0.9666746
-0.969208
-0.968316
-0.96912587
-0.96802527
-0.9693379
-0.96767116
-0.968959
-0.9670723
-0.96908975
-0.9677026
-0.96821165
-0.9682149
-0.9690076
-0.96804255
-0.9692427
-0.96815276
-0.9678974
-0.96862274
-0.9698653
-0.96693313
-0.96998686
-0.9692725
-0.96881545
-0.96957034
-0.9693216
-0.9681059
-0.9696352
-0.9703241
-0.9679958
-0.9706391
-0.97001654
-0.96841437
-0.9715248
-0.96924853
-0.9693363
-0.96986735
-0.96977943
-0.96945655
-0.9695899
-0.9694717
-0.9687006
-0.9694686
-0.9695065
-0.97034484
-0.969045
-0.96993303
-0.9709037
-0.970612
-0.9695632
-0.9682836
-0.97038394
-0.9701486
-0.96917766
-0.970282
-0.9697175
-0.9700044
-0.9704735
-0.97085094
-0.97069454
-0.9705418
-0.96999633
-0.97065943
-0.97056025
-0.97045666
-0.97213507
-0.97020286
-0.97066426
-0.9706555
-0.96991414
-0.97045994
-0.9717153
-0.97006375
-0.9710397
-0.971008
-0.97105646
-0.9710847
-0.97093993
-0.97148603
-0.97187614
-0.9711125
-0.97018206
-0.9719485
-0.97146267
-0.9720316
-0.9723062
-0.9711918
-0.9720797
-0.9717392
-0.9724527
-0.9720177
-0.9711475
-0.9724121
-0.9710579
-0.9724658
-0.9712883
-0.9710552
-0.97222906
-0.97148347
-0.97210383
-0.9730339
-0.97118723
-0.97187424
-0.9726305
-0.97272646
-0.9722435
-0.97254443
-0.97266054
-0.9720492
-0.9714593
-0.9713153
-0.9724398
-0.97138566
-0.97213143
-0.9738789
-0.9726495
-0.97305804
-0.972612
-0.9728631
-0.97232157
-0.97352743
-0.9710093
-0.97335166
-0.97340643
-0.97313964
-0.9722297
-0.97268564
-0.9730848
-0.97298723
-0.9730188
-0.9730455
-0.9722951
-0.9737513
-0.9724799
-0.9739742
-0.9723555
-0.97152835
-0.9716677
-0.97215825
-0.9718224
-0.97398794
-0.97253305
-0.97278905
-0.97358304
-0.97347456
-0.9738335
-0.9740039
-0.9739254
-0.97392625
-0.97353417
-0.9732398
-0.97371477
-0.9732221
-0.97438693
-0.97386944
-0.9733897
-0.9725691
-0.97304404
-0.97402275
-0.9738226
-0.9738483
-0.97399676
-0.9746272
-0.9749996
-0.97400373
-0.9739327
-0.97425336
-0.97387964
-0.97372353
-0.9734439
-0.9745292
-0.97423685
-0.97443175
-0.9734025
-0.9723353
-0.9739822
-0.9734792
-0.97402865
-0.9738108
-0.9735912
-0.97524536
-0.9735479
-0.97506875
-0.9736706
-0.9741829
-0.97365093
-0.9731274
-0.974371
-0.9742307
-0.9737808
-0.97402316
-0.97484386
-0.9741954
-0.9745721
-0.97557163
-0.9736066
-0.9739453
-0.97535676
-0.9741213
-0.9746526
-0.97501415
-0.97438437
-0.9751609
-0.97415215
-0.9739501
-0.97406834
-0.974415
-0.9744206
-0.9745338
-0.9759111
-0.9750591
-0.9752328
-0.9747513
-0.97419876
-0.97507423
-0.9750158
-0.97501665
-0.9749166
-0.97449124
-0.9756636
-0.97525465
-0.9755164
-0.97406405
-0.97598827
-0.97655416
-0.97519785
-0.9742502
-0.9765794
-0.9756079
-0.97507787
-0.97497576
-0.9751619
-0.97662735
-0.97524923
-0.97703516
-0.9751941
-0.97454715
-0.9761547
-0.97547776
-0.9760513
-0.976145
-0.97644395
-0.9759625
-0.97538435
-0.9759993
-0.9762975
-0.97550297
-0.9769106
-0.9763823
-0.975887
-0.9761725
-0.97524613
-0.9760756
-0.9757816
-0.9768838
-0.9767552
-0.97694635
-0.97689784
-0.9764015
-0.9761631
-0.97624755
-0.97619706
-0.9770494
-0.97706527
-0.97652423
-0.9771915
-0.97643256
-0.97657627
-0.97693515
-0.9773681
-0.9777916
-0.9779264
-0.9776029
-0.9771541
-0.97721833
-0.9789579
-0.9781946
-0.97830373
-0.97818094
-0.9782365
-0.9780375
-0.9782927
-0.9784991
-0.97970504
-0.9796441
-0.97952676
-0.9793134
-0.97917217
-0.97992307
-0.9800921
-0.980986
-0.98085815
-0.9805476
-0.9803325
-0.9803822
-0.9804682
-0.98010176
-0.9808091
-0.98064345
-0.9803482
-0.98099554
-0.9797656
-0.9806207
-0.9804748
-0.9814745
-0.9802541
-0.98105353
-0.98157096
-0.98125076
-0.980935
-0.9812436
-0.98170674
-0.98048234
-0.98127127
-0.9812352
-0.98139983
-0.9820802
-0.98159385
-0.98096263
-0.9819394
-0.9820477
-0.98149806
-0.98171514
-0.98216474
-0.9823864
-0.98087645
-0.9820037
-0.98170024
-0.98239213
-0.9823302
-0.9816078
-0.98155975
-0.98186344
-0.9814747
-0.9825636
-0.9826983
-0.9822121
-0.98224103
-0.98277783
-0.98210585
-0.982246
-0.98230076
-0.9830897
-0.98291475
-0.9831607
-0.982767
-0.98268014
-0.98172003
-0.982688
-0.98273975
-0.9828361
-0.98342264
-0.98239464
-0.9828019
-0.98279464
-0.98330176
-0.9831594
-0.9833284
-0.98322386
-0.9841566
-0.98292726
-0.98335505
-0.982938
-0.9833171
-0.98323876
-0.98322195
-0.9836869
-0.98442787
-0.9833676
-0.9836991
-0.98457795
-0.983335
-0.9841292
-0.9842591
-0.9837283
-0.983427
-0.98402965
-0.9836197
-0.98409724
-0.9837114
-0.98357123
-0.9830134
-0.9837141
-0.98412555
-0.9843884
-0.9836889
-0.9835565
-0.9839374
-0.9849219
-0.98445123
-0.9846458
-0.98495877
-0.9838959
-0.9838876
-0.983766
-0.98459744
-0.9843463
-0.9841784
-0.9845415
-0.98452234
-0.9837462
-0.98453164
-0.98475474
-0.98525053
-0.98360693
-0.9845721
-0.98485875
-0.9845003
-0.98476005
-0.9850264
-0.9843547
-0.9851848
-0.98516476
-0.9850299
-0.9850575
-0.9852359
-0.9845812
-0.98492545
-0.98441374
-0.9849778
-0.98512733
-0.98557967
-0.98485976
-0.98525214
-0.98459995
-0.98531365
-0.98563755
-0.9854885
-0.9853904
-0.9850052
-0.9852518
-0.98550236
-0.985264
-0.98577887
-0.9855464
-0.9853848
-0.98526466
-0.98508066
-0.9853231
-0.98501754
-0.9859014
-0.98550624
-0.98588526
-0.9854763
-0.9864478
-0.9853419
-0.9856895
-0.98566395
-0.98573005
-0.98595595
-0.9856774
-0.98532605
-0.9859034
-0.98567075
-0.9853049
-0.98575824
-0.9864721
-0.9859415
-0.98600847
-0.9855171
-0.9854793
-0.98596144
-0.9854268
-0.9858366
-0.98576844
-0.985827
-0.9860792
-0.9857769
-0.9863837
-0.9856476
-0.98542404
-0.9858121
-0.9861903
-0.98556745
-0.98617494
-0.9854682
-0.9860246
-0.9863324
-0.9863971
-0.9865335
-0.9862941
-0.9862753
-0.9860288
-0.98608416
-0.9866977
-0.986543
-0.98610145
-0.9867596
-0.9860062
-0.9861797
-0.98670185
-0.9861549
-0.986365
-0.9870447
-0.9863297
-0.9864228
-0.9863839
-0.98707074
-0.98637205
-0.9873027
-0.9867915
-0.98640317
-0.98661375
-0.98610175
-0.98715746
-0.9865738
-0.9865278
-0.9869103
-0.98663443
-0.9869159
-0.98684895
-0.98708004
-0.9867117
-0.9866802
-0.9871426
-0.98721486
-0.98761594
-0.9868751
-0.98722684
-0.98692167
-0.9872088
-0.9870805
-0.98721117
-0.9874361
-0.9872753
-0.9875438
-0.98705333
-0.9873745
-0.98685086
-0.98785746
-0.98731494
-0.98717403
-0.9874468
-0.9871181
-0.9881274
-0.9880313
-0.9879062
-0.98759526
-0.9874764
-0.98821545
-0.98748106
-0.98786813
-0.98771214
-0.98803675
-0.9873748
-0.98711956
-0.9880152
-0.9880865
-0.9874621
-0.9879403
-0.98794794
-0.9879073
-0.98767513
-0.9881064
-0.9881397
-0.98825896
-0.98817074
-0.9877065
-0.9875168
-0.9879091
-0.9869755
-0.9882058
-0.98795706
-0.9881539
-0.9879846
-0.9876576
-0.9883181
-0.9885319
-0.9884227
-0.9884281
-0.9880376
-0.98861986
-0.98833954
-0.9888821
-0.98836786
-0.98832715
-0.9882517
-0.98865044
-0.98806465
-0.9884114
-0.98824954
-0.98815227
-0.98844683
-0.98845536
-0.98868656
-0.988468
-0.98815286
-0.9880153
-0.98876977
-0.98859495
-0.9884853
-0.9884715
-0.9889193
-0.9885815
-0.9885801
-0.9888489
-0.98919916
-0.9886429
-0.9887079
-0.98918325
-0.98897356
-0.9883436
-0.98877275
-0.98911315
-0.9884804
-0.98858523
-0.9890472
-0.9886921
-0.989113
-0.9890596
-0.9891682
-0.9889454
-0.9888054
-0.98872066
-0.9891603
-0.9888772
-0.98925734
-0.98905885
-0.9891676
-0.9892534
-0.9890571
-0.98926187
-0.98893636
-0.9889984
-0.98961824
-0.9894752
-0.9892292
-0.98925036
-0.9892915
-0.9892422
-0.98910946
-0.98915684
-0.9892296
-0.989361
-0.9892574
-0.98921245
-0.9894663
-0.98928577
-0.98988324
-0.98985344
-0.98946184
-0.98954695
-0.9895485
-0.98944193
-0.9897527
-0.9898624
-0.9897815
-0.9899705
-0.99047637
-0.9895788
-0.9898378
-0.9900723
-0.9900592
-0.98999625
-0.9894399
-0.98960686
-0.9898724
-0.9898713
-0.9901014
-0.9896356
-0.98991233
-0.9892521
-0.9900304
-0.9895399
-0.9896833
-0.9893059
-0.99012935
-0.9895887
-0.98984677
-0.9899592
-0.98961705
-0.990086
-0.9901668
-0.98948336
-0.98996943
-0.98982173
-0.9899715
-0.9897995
-0.98989505
-0.98990434
-0.9895397
-0.98997724
-0.99055254
-0.99026895
-0.9898341
-0.99025965
-0.9903164
-0.990561
-0.98993367
-0.9895471
-0.9903931
-0.9902272
-0.9900992
-0.9905319
-0.99031436
-0.99036866
-0.99043506
-0.99051297
-0.99064434
-0.99058205
-0.9906154
-0.99021065
-0.9903136
-0.9903926
-0.99025863
-0.9907288
-0.99052346
-0.9909524
-0.990639
-0.99071616
-0.9908813
-0.99043936
-0.99056065
-0.99091923
-0.9907605
-0.99057853
-0.9907837
-0.9905247
-0.99111944
-0.9906678
-0.99068254
-0.990971
-0.9908529
-0.99075043
-0.99099094
-0.99063486
-0.991037
-0.99100035
-0.9907938
-0.99111086
-0.9911078
-0.9911928
-0.9914559
-0.9914582
-0.99131507
-0.99074024
-0.9912428
-0.9911716
-0.9913518
-0.99058247
-0.9910186
-0.9910175
-0.99122554
-0.99082685
-0.9913232
-0.9913622
-0.99129057
-0.9913531
-0.9909913
-0.99149525
-0.9911053
-0.9912073
-0.99151736
-0.99108344
-0.99096066
-0.99119174
-0.9916386
-0.99107873
-0.9915957
-0.99174213
-0.9909288
-0.9913807
-0.9910781
-0.9914597
-0.99182636
-0.9919699
-0.991578
-0.9915018
-0.99170285
-0.99178696
-0.99161154
-0.9915309
-0.9918519
-0.9917238
-0.9918262
-0.99170387
-0.9918431
-0.9921256
-0.9916556
-0.99169487
-0.99180907
-0.9917336
-0.9916244
-0.9916992
-0.99202925
-0.99157214
-0.9917369
-0.9915362
-0.99183154
-0.99195457
-0.99226326
-0.9919725
-0.99209136
-0.99201095
-0.99207914
-0.99238545
-0.9919133
-0.9924595
-0.99210775
-0.99214333
-0.99254185
-0.9923465
-0.99236315
-0.9924898
-0.99225616
-0.99249375
-0.9923682
-0.9921929
-0.99256843
-0.99188435
-0.9922013
-0.99201316
-0.99220824
-0.9920025
-0.992437
-0.9923661
-0.9921873
-0.99229354
-0.99253595
-0.9921755
-0.99243957
-0.9923008
-0.9915677
-0.99213815
-0.99207515
-0.99216354
-0.99204475
-0.9919104
-0.9923803
-0.99237967
-0.9922888
-0.9920568
-0.9925442
-0.99218076
-0.99264264
-0.99194366
-0.9924751
-0.9924743
-0.9926724
-0.9923413
-0.992279
-0.9923391
-0.9925497
-0.99222213
-0.9926634
-0.99235755
-0.99257904
-0.9925255
-0.99256706
-0.99270535
-0.9924738
-0.9926989
-0.99229676
-0.99262923
-0.9927465
-0.9929382
-0.9925506
-0.9926547
-0.9928222
-0.9926014
-0.99281514
-0.99267644
-0.99249154
-0.9929174
-0.99244905
-0.992356
-0.9928509
-0.99273336
-0.99296063
-0.99246186
-0.9927991
-0.99242604
-0.99339277
-0.9924216
-0.99294984
-0.99283665
-0.99269885
-0.9933486
-0.9930027
-0.9929885
-0.9931543
-0.99297684
-0.99279565
-0.9929084
-0.9925319
-0.9930794
-0.99251133
-0.99310446
-0.9925441
-0.9928277
-0.99271667
-0.99330276
-0.9932154
-0.9930054
-0.9929552
-0.99323064
-0.9929146
-0.9934739
-0.993457
-0.99311316
-0.9932893
-0.99316543
-0.99310184
-0.9932548
-0.9933355
-0.99334866
-0.99321866
-0.9931284
-0.99316865
-0.99317735
-0.993346
-0.99338686
-0.99336547
-0.9932464
-0.99352217
-0.9934111
-0.9930099
-0.99335605
-0.99311453
-0.99352324
-0.9929921
-0.99325114
-0.99322045
-0.9934216
-0.9933683
-0.9931957
-0.9932222
-0.99348027
-0.9934927
-0.9933904
-0.99336517
-0.9932865
-0.9933618
-0.99353176
-0.99295163
-0.9932344
-0.99327755
-0.9935009
-0.99318737
-0.9936644
-0.9933187
-0.9937788
-0.9939299
-0.99357724
-0.9935282
-0.9935249
-0.9936872
-0.9933118
-0.9932601
-0.99379987
-0.99355006
-0.993718
-0.99351275
-0.9933993
-0.9936572
-0.99384487
-0.9935053
-0.9937658
-0.993604
-0.99323434
-0.9936251
-0.99357295
-0.9939079
-0.9935653
-0.993734
-0.9937815
-0.99375355
-0.9936551
-0.99390393
-0.9938121
-0.99378645
-0.99353313
-0.9937292
-0.99361676
-0.99368876
-0.99384034
-0.9938298
-0.99371994
-0.9938539
-0.99394774
-0.9939766
-0.9937303
-0.9938528
-0.9935207
-0.99396384
-0.9939883
-0.99383754
-0.99374485
-0.993858
-0.99386686
-0.9936973
-0.99400467
-0.99380887
-0.993891
-0.9940555
-0.99410754
-0.9941909
-0.9937154
-0.99409217
-0.9939359
-0.99412113
-0.9939291
-0.9938645
-0.99389493
-0.99410325
-0.99403423
-0.9940477
-0.9943363
-0.99404234
-0.99402577
-0.9941629
-0.9939869
-0.99386805
-0.99400765
-0.99411863
-0.99426347
-0.9940048
-0.9939097
-0.99393576
-0.9942233
-0.99384785
-0.9939462
-0.99374056
-0.9941436
-0.9940119
-0.99390703
-0.9936674
-0.9939353
-0.9939124
-0.99396867
-0.99398065
-0.9937509
-0.9938951
-0.9939844
-0.9941289
-0.9939225
-0.99409693
-0.9937072
-0.9942516
-0.9940238
-0.9943751
-0.9937962
-0.99438
-0.99417627
-0.9945261
-0.99427694
-0.99449223
-0.9943079
-0.9942412
-0.99439925
-0.99446225
-0.9944406
-0.9939744
-0.9945203
-0.9946045
-0.99440426
-0.993864
-0.9944689
-0.99447316
-0.9945507
-0.9943587
-0.9946678
-0.99454874
-0.9943349
-0.9942435
-0.9944548
-0.9947029
-0.99462634
-0.9942761
-0.994471
-0.994663
-0.9944456
-0.9946461
-0.99445957
-0.9945791
-0.9947147
-0.9946472
-0.99442506
-0.99465835
-0.9944543
-0.9948542
-0.99481684
-0.994594
-0.9945836
-0.9945422
-0.9948615
-0.99438524
-0.99447244
-0.9947673
-0.99470097
-0.9948293
-0.9943368
-0.9946781
-0.9947374
-0.9945815
-0.99451697
-0.99466234
-0.9948475
-0.9945866
-0.9946497
-0.9945658
-0.99477416
-0.99466246
-0.9946503
-0.99495476
-0.9947811
-0.99490756
-0.99478793
-0.9948292
-0.9946969
-0.9946467
-0.9947455
-0.9948543
-0.99466664
-0.99491453
-0.99481416
-0.9944748
-0.9947269
-0.99456996
-0.9949733
-0.9944871
-0.99490654
-0.99485016
-0.9947571
-0.99475515
-0.9947609
-0.99496025
-0.9949997
-0.99486494
-0.9947561
-0.9948975
-0.99478525
-0.994807
-0.9948734
-0.9947431
-0.99492425
-0.99471945
-0.99512726
-0.9950001
-0.99510306
-0.9947719
-0.99499375
-0.99499184
-0.9946515
-0.9948053
-0.99518555
-0.9948163
-0.9948918
-0.9949184
-0.994763
-0.99469805
-0.99485266
-0.9948857
-0.9951021
-0.99517345
-0.9948583
-0.99490625
-0.99505687
-0.99483037
-0.9951988
-0.9951184
-0.9948427
-0.99510884
-0.9952007
-0.99505347
-0.995054
-0.995177
-0.9951425
-0.9952387
-0.9948602
-0.99499065
-0.99513113
-0.99523115
-0.9953194
-0.9950769
-0.9950123
-0.9950286
-0.9951697
-0.99512523
-0.99497956
-0.9952807
-0.99520993
-0.99549574
-0.99534684
-0.9952763
-0.99511045
-0.9951426
-0.99522763
-0.99540544
-0.9949955
-0.9953743
-0.9955541
-0.99517155
-0.9951656
-0.9954698
-0.9954943
-0.995152
-0.99529535
-0.99512506
-0.99563533
-0.9954526
-0.99529827
-0.9952523
-0.99549055
-0.99540603
-0.9954589
-0.9950699
-0.9952875
-0.995347
-0.99522203
-0.99557316
-0.9952835
-0.99542445
-0.9955434
-0.9953048
-0.99559516
-0.99523574
-0.9953642
-0.9955543
-0.9953314
-0.9952503
-0.9951248
-0.99514616
-0.99548924
-0.99506307
-0.99535793
-0.99549854
-0.9953252
-0.99541676
-0.9954096
-0.9954709
-0.995245
-0.9955105
-0.9951095
-0.99529576
-0.9958023
-0.9955146
-0.99539447
-0.9952778
-0.99543315
-0.99560213
-0.99529094
-0.99529946
-0.99546427
-0.9954062
-0.99533254
-0.99549824
-0.9955922
-0.9957128
-0.9953738
-0.99564326
-0.9956639
-0.9955393
-0.99512094
-0.9956061
-0.9953873
-0.9954824
-0.9955073
-0.99531835
-0.99566
-0.99516016
-0.99564797
-0.99531746
-0.99557364
-0.99555665
-0.9955135
-0.9958906
-0.99551225
-0.99587905
-0.99551225
-0.99544114
-0.99556184
-0.9954111
-0.9957163
-0.995582
-0.9957818
-0.99545485
-0.9957879
-0.99547446
-0.9956
-0.99574566
-0.99556273
-0.9955499
-0.9954465
-0.9957238
-0.9955783
-0.9956574
-0.9955473
-0.9957669
-0.99567384
-0.99564016
-0.99578035
-0.9953603
-0.9958909
-0.9958139
-0.99552125
-0.9958791
-0.9955015
-0.99588346
-0.9957812
-0.9956318
-0.9958653
-0.9954859
-0.9956258
-0.99564314
-0.99576694
-0.99574846
-0.99566627
-0.99598145
-0.99556655
-0.9958265
-0.9956949
-0.99574935
-0.9958215
-0.99561596
-0.9958647
-0.9959553
-0.99590707
-0.9956992
-0.99592876
-0.99590176
-0.9959229
-0.99573874
-0.9959558
-0.9957877
-0.9957086
-0.9959457
-0.99575573
-0.99592483
-0.9959405
-0.99596596
-0.99597746
-0.9959814
-0.99596107
-0.995978
-0.99584556
-0.99590343
-0.9958529
-0.9959648
-0.99592626
-0.9958262
-0.99582267
-0.99569255
-0.9957233
-0.9959748
-0.9959087
-0.9959159
-0.995778
-0.99592274
-0.99542373
-0.99597716
-0.99547756
-0.99602985
-0.9955889
-0.9958331
-0.99555576
-0.9963459
-0.9958426
-0.9959736
-0.99579364
-0.9961176
-0.99550134
-0.99612933
-0.99583656
-0.996117
-0.9957495
-0.99597245
-0.99583876
-0.99609035
-0.9961263
-0.9961522
-0.9962265
-0.9958583
-0.9960225
-0.9958936
-0.99606353
-0.99583614
-0.9960794
-0.99617326
-0.99621415
-0.9959728
-0.99610806
-0.9962398
-0.9964144
-0.9963367
-0.9961984
-0.99607056
-0.99622005
-0.99627346
-0.9962595
-0.99632215
-0.99637157
-0.99627244
-0.99629855
-0.9963811
-0.99617594
-0.996431
-0.99638075
-0.9962113
-0.99620485
-0.9960798
-0.9962408
-0.99654573
-0.9961726
-0.99625087
-0.9963692
-0.99633163
-0.9963614
-0.9962809
-0.99638623
-0.99629724
-0.9962043
-0.99629086
-0.9963164
-0.99639404
-0.99645025
-0.99635744
-0.99640775
-0.9963381
-0.9963445
-0.9965018
-0.99641335
-0.99637324
-0.99641603
-0.9963729
-0.99648607
-0.996496
-0.9963343
-0.9963387
-0.99643
-0.9963595
-0.9964287
-0.9963519
-0.9964857
-0.99660623
-0.99638295
-0.9964882
-0.9964774
-0.996492
-0.99663985
-0.99646145
-0.9964052
-0.9964176
-0.99645156
-0.99663895
-0.9963888
-0.99648434
-0.9965703
-0.9966036
-0.99641
-0.9962745
-0.99659
-0.99665546
-0.9964678
-0.9964866
-0.99657166
-0.9966031
-0.99657154
-0.9963663
-0.99656194
-0.9966095
-0.9964885
-0.99649
-0.99650997
-0.99671906
-0.996651
-0.99657136
-0.99661034
-0.9964669
-0.9965161
-0.99656177
-0.9964485
-0.9966073
-0.99643123
-0.99661404
-0.99646467
-0.99661267
-0.99662256
-0.99666536
-0.996559
-0.9967084
-0.99650264
-0.99653655
-0.9966145
-0.99657655
-0.99645215
-0.9965767
-0.99660623
-0.99666417
-0.9964522
-0.99678874
-0.99669564
-0.9966969
-0.9966581
-0.9965088
-0.9966913
-0.99638945
-0.9965003
-0.9966731
-0.99662274
-0.99659264
-0.9967003
-0.9966619
-0.9964781
-0.9965916
-0.9966808
-0.9967558
-0.9967064
-0.9966405
-0.9963767
-0.9966542
-0.9968094
-0.9964416
-0.9966966
-0.9967258
-0.99661106
-0.9966715
-0.9965625
-0.9964976
-0.99663097
-0.99668443
-0.9968101
-0.9966824
-0.99684864
-0.9967261
-0.9967323
-0.99662995
-0.99669456
-0.9969076
-0.9967478
-0.9967523
-0.9966673
-0.9967655
-0.99667436
-0.9967889
-0.99682754
-0.99676484
