-0.49772683
-0.52703625
-0.5388365
-0.56875426
-0.574867
-0.6021776
-0.59775746
-0.6128703
-0.61086833
-0.6220348
-0.63087285
-0.6296242
-0.62976146
-0.6443178
-0.6345751
-0.63541394
-0.63886553
-0.63612795
-0.6415358
-0.6426381
-0.64537466
-0.643012
-0.6470402
-0.65031695
-0.6564292
-0.66369367
-0.6567464
-0.66323555
-0.65159774
-0.6567943
-0.6596327
-0.6560217
-0.65247476
-0.6550284
-0.6578442
-0.6599061
-0.67493945
-0.6586873
-0.66664875
-0.6687757
-0.6691144
-0.6638318
-0.66086096
-0.67368203
-0.66958696
-0.6723614
-0.6721907
-0.67191774
-0.67407405
-0.6809757
-0.672636
-0.681123
-0.66679716
-0.6705284
-0.6790588
-0.67904
-0.6827694
-0.6744541
-0.6886011
-0.6852222
-0.6836987
-0.678089
-0.6881917
-0.6873157
-0.6787157
-0.67610526
-0.68100536
-0.6798704
-0.67885464
-0.68658537
-0.6892709
-0.6796183
-0.69341403
-0.6819656
-0.6986659
-0.6901823
-0.6900093
-0.69502777
-0.6883745
-0.6922792
-0.695085
-0.70032054
-0.70105875
-0.6938701
-0.69373316
-0.6939086
-0.68702674
-0.6881417
-0.69741756
-0.69710135
-0.6975242
-0.7051976
-0.6994976
-0.70626074
-0.7025155
-0.7052882
-0.7022473
-0.7059792
-0.70907634
-0.7082842
-0.71089756
-0.7123181
-0.7065653
-0.709888
-0.71347505
-0.7145327
-0.7182392
-0.7069914
-0.7130094
-0.7189578
-0.7164825
-0.71220785
-0.7118405
-0.709618
-0.7155564
-0.7152496
-0.7114762
-0.71317995
-0.7128222
-0.7168192
-0.71272475
-0.72402287
-0.72162086
-0.7198315
-0.7208053
-0.7177006
-0.7148297
-0.7131077
-0.71916795
-0.71695006
-0.7186333
-0.706144
-0.71365035
-0.70940936
-0.7105145
-0.71274227
-0.7159413
-0.72599894
-0.7219859
-0.7202219
-0.721875
-0.7174635
-0.7246384
-0.71844727
-0.70897835
-0.7243678
-0.72197616
-0.7168021
-0.7211282
-0.7228521
-0.71519524
-0.72504014
-0.72158515
-0.7276598
-0.7306598
-0.72911984
-0.7298633
-0.72778285
-0.7269623
-0.7175947
-0.71730715
-0.72549313
-0.7298937
-0.72587395
-0.7290812
-0.73309827
-0.737187
-0.7349772
-0.7362546
-0.7314627
-0.73297095
-0.7301516
-0.73035735
-0.73855084
-0.73043096
-0.72684926
-0.7392738
-0.7329677
-0.73386145
-0.72918725
-0.7292415
-0.735076
-0.7389626
-0.74220717
-0.7448358
-0.7386212
-0.7439294
-0.7468443
-0.7404792
-0.74032193
-0.74222714
-0.7388169
-0.74606425
-0.7373105
-0.73338574
-0.7415444
-0.7462337
-0.740497
-0.7410146
-0.74810135
-0.7511894
-0.75026435
-0.7420075
-0.74684364
-0.74909043
-0.7487127
-0.7452267
-0.7488734
-0.74572825
-0.74761057
-0.7508865
-0.75133264
-0.7479315
-0.74855036
-0.7565226
-0.75248915
-0.74908805
-0.74433434
-0.7507799
-0.754317
-0.7494637
-0.74370474
-0.7505487
-0.7498908
-0.7508176
-0.75706553
-0.75547194
-0.7529541
-0.7516399
-0.75212216
-0.7555816
-0.7569027
-0.75520915
-0.75463635
-0.754904
-0.75203615
-0.7556268
-0.75199556
-0.76022404
-0.7510158
-0.75477827
-0.75365514
-0.74838096
-0.7507007
-0.7550934
-0.75263315
-0.7528743
-0.7546954
-0.7489565
-0.75299084
-0.752565
-0.74845386
-0.7490331
-0.7509583
-0.74665594
-0.7504476
-0.74869347
-0.7418172
-0.7383204
-0.7449218
-0.7451333
-0.7511619
-0.7546132
-0.7590069
-0.76167727
-0.7528306
-0.76037115
-0.7563423
-0.75697017
-0.756658
-0.75417376
-0.7620854
-0.75779635
-0.76227635
-0.75786245
-0.75983804
-0.7589898
-0.7592167
-0.7714007
-0.76868075
-0.75970364
-0.76074135
-0.7635841
-0.76803815
-0.7664356
-0.76364595
-0.7674848
-0.770337
-0.7674022
-0.7617927
-0.7645828
-0.7582416
-0.76402754
-0.7686139
-0.76416224
-0.76389146
-0.7622493
-0.76035714
-0.7670558
-0.7532049
-0.7464786
-0.75242424
-0.75250167
-0.75428355
-0.7574104
-0.76064116
-0.7587241
-0.76102024
-0.77309376
-0.7661698
-0.7688301
-0.7692239
-0.760498
-0.76121765
-0.762817
-0.7613627
-0.7616212
-0.7663103
-0.7648617
-0.768748
-0.76792186
-0.7701707
-0.75930226
-0.7649453
-0.76358724
-0.7587734
-0.75761867
-0.7651003
-0.7681769
-0.7671614
-0.7728034
-0.7699959
-0.76807475
-0.7661392
-0.7644166
-0.7693165
-0.7638915
-0.7686358
-0.76436615
-0.7608412
-0.761275
-0.76176053
-0.7603962
-0.768473
-0.7680307
-0.7680268
-0.7681101
-0.76854485
-0.7737183
-0.7750702
-0.77246064
-0.76633334
-0.76332253
-0.7683279
-0.7659328
-0.7696428
-0.76295865
-0.7680152
-0.76181746
-0.76689154
-0.76971114
-0.7683723
-0.77169967
-0.7703462
-0.76738876
-0.7783151
-0.7698561
-0.7702769
-0.7723267
-0.7815061
-0.77386504
-0.77342135
-0.77491784
-0.77806515
-0.7764344
-0.7766414
-0.7753399
-0.7731574
-0.777705
-0.7660096
-0.7659533
-0.7745934
-0.7713533
-0.77169377
-0.7727148
-0.7766324
-0.77452695
-0.77405286
-0.7746519
-0.76819634
-0.76640594
-0.76130325
-0.76036704
-0.7621573
-0.77415663
-0.77163947
-0.7683011
-0.7663784
-0.766226
-0.7636087
-0.7637318
-0.77354765
-0.7649783
-0.76498383
-0.7647451
-0.7599329
-0.76699674
-0.76735264
-0.77159584
-0.7647464
-0.7653127
-0.7768528
-0.76917994
-0.77394444
-0.76940614
-0.7599805
-0.76653373
-0.7651517
-0.7633502
-0.7647161
-0.76425135
-0.76911896
-0.7669275
-0.7619951
-0.7724631
-0.7675126
-0.76893747
-0.7737529
-0.7743917
-0.7728023
-0.76572883
-0.7623846
-0.7648811
-0.76731545
-0.7665797
-0.7689536
-0.7755323
-0.7652234
-0.77116656
-0.7643199
-0.77412325
-0.77081996
-0.7690059
-0.7704702
-0.7606659
-0.76796186
-0.77362555
-0.7719347
-0.77152425
-0.77491194
-0.76586866
-0.7672317
-0.76642585
-0.7602783
-0.76653785
-0.7633589
-0.7748892
-0.7594583
-0.76388925
-0.7619824
-0.76750785
-0.77013695
-0.77988094
-0.7695436
-0.7710287
-0.7681691
-0.7637936
-0.7728309
-0.7661054
-0.7649342
-0.76615596
-0.76463497
-0.7669557
-0.7653995
-0.76993334
-0.7652802
-0.76455957
-0.77226925
-0.7705943
-0.77584666
-0.7766459
-0.77594054
-0.77672184
-0.771637
-0.7658052
-0.765902
-0.7644936
-0.7618287
-0.75980103
-0.7624615
-0.7650832
-0.7657128
-0.7708547
-0.7638381
-0.76860094
-0.7667049
-0.771943
-0.7683728
-0.7810978
-0.7704415
-0.77040577
-0.77351266
-0.766037
-0.76648587
-0.7688479
-0.76617986
-0.7750149
-0.77743375
-0.7695831
-0.76953834
-0.76947975
-0.7658059
-0.76472735
-0.7686924
-0.76709104
-0.767982
-0.7651712
-0.7727996
-0.76607865
-0.77590144
-0.7736633
-0.77808464
-0.7765644
-0.7676629
-0.77002645
-0.76091987
-0.7654163
-0.76194984
-0.76101494
-0.77268505
-0.7759719
-0.77102715
-0.7714085
-0.76359683
-0.7653012
-0.76934737
-0.7669457
-0.767973
-0.7616974
-0.7735431
-0.7671553
-0.76784694
-0.77215123
-0.77551585
-0.78095067
-0.7756804
-0.77793413
-0.7755014
-0.7802024
-0.77560383
-0.7727313
-0.7795709
-0.7830295
-0.77148515
-0.7736969
-0.7763144
-0.7765845
-0.77231896
-0.77784556
-0.77617204
-0.7792535
-0.77634126
-0.78486913
-0.769279
-0.78727406
-0.7791667
-0.78174275
-0.7834917
-0.7871644
-0.784444
-0.7828486
-0.7782008
-0.7816467
-0.7825037
-0.77977234
-0.7796799
-0.7744901
-0.7777491
-0.7809345
-0.7739964
-0.7772161
-0.7723041
-0.77775246
-0.7784834
-0.78512067
-0.7812025
-0.7807106
-0.77351713
-0.76656234
-0.7627787
-0.7708867
-0.76492
-0.7690469
-0.77235675
-0.7787823
-0.7781995
-0.7801835
-0.779391
-0.7816438
-0.7824258
-0.78504497
-0.77898204
-0.7864552
-0.7793796
-0.7798072
-0.78280914
-0.7866085
-0.78578347
-0.7896399
-0.7933574
-0.78681093
-0.78867537
-0.7848361
-0.7875248
-0.7874473
-0.7844297
-0.7832743
-0.78954744
-0.79388815
-0.79646003
-0.7980987
-0.80238307
-0.79510903
-0.8037584
-0.80008304
-0.8035393
-0.80679536
-0.8080612
-0.7980931
-0.79930943
-0.79814243
-0.8005916
-0.79391783
-0.8005189
-0.80176026
-0.8064386
-0.8061616
-0.8065468
-0.8061303
-0.8058275
-0.8001848
-0.80942357
-0.7995142
-0.80321425
-0.8040782
-0.8062174
-0.8029402
-0.8024777
-0.80189097
-0.8059783
-0.7987572
-0.7989411
-0.8066391
-0.798764
-0.8032512
-0.80550206
-0.80166554
-0.80833465
-0.8144813
-0.8123
-0.81527215
-0.81137884
-0.8132016
-0.81617486
-0.81821114
-0.81226194
-0.8109273
-0.81710595
-0.82165295
-0.8181679
-0.82030207
-0.8117459
-0.8030115
-0.80892015
-0.8082998
-0.8118809
-0.8188553
-0.81498665
-0.8199846
-0.8266972
-0.81582725
-0.8209365
-0.8194055
-0.8216811
-0.82161933
-0.818496
-0.8233826
-0.8238793
-0.82335204
-0.82156646
-0.81992614
-0.8173909
-0.8273425
-0.8237754
-0.8232163
-0.8297919
-0.8228329
-0.8221721
-0.82630664
-0.8190391
-0.8278378
-0.826019
-0.82615066
-0.8178869
-0.824377
-0.8231851
-0.8308783
-0.8327249
-0.8282138
-0.8261715
-0.82057166
-0.8201962
-0.8176006
-0.8146535
-0.8199071
-0.82372797
-0.81406295
-0.8041315
-0.784911
-0.7734559
-0.76007545
-0.7493196
-0.74649894
-0.7655372
-0.7868386
-0.7941998
-0.8013636
-0.81068504
-0.81021774
-0.817227
-0.824524
-0.8227465
-0.82278675
-0.832631
-0.83073443
-0.8276594
-0.8404053
-0.8286756
-0.82711035
-0.8204426
-0.82483196
-0.82700336
-0.83394676
-0.83164984
-0.83032495
-0.8331234
-0.82961476
-0.8299071
-0.8265798
-0.82961345
-0.8356618
-0.8343497
-0.8375063
-0.83147115
-0.8400426
-0.8340325
-0.8334252
-0.8352257
-0.8330443
-0.83501816
-0.83100265
-0.8342498
-0.8390387
-0.83903676
-0.8319887
-0.8308664
-0.8279979
-0.8262181
-0.83396435
-0.8349571
-0.8387522
-0.8430415
-0.8423631
-0.8343053
-0.84205997
-0.83956766
-0.8310735
-0.831724
-0.8309074
-0.8319513
-0.83826315
-0.8404966
-0.8365923
-0.8338769
-0.8347377
-0.83862054
-0.832893
-0.8373969
-0.84019053
-0.8304198
-0.836745
-0.8331094
-0.83558553
-0.8309278
-0.8324758
-0.830703
-0.8290314
-0.8236891
-0.8340162
-0.83177733
-0.8373592
-0.8346348
-0.83129203
-0.8359056
-0.8299222
-0.83273923
-0.83253527
-0.834233
-0.83473635
-0.8326661
-0.8338991
-0.8419658
-0.8349179
-0.82936585
-0.8278164
-0.8226974
-0.836066
-0.8389687
-0.8393502
-0.8299998
-0.83156
-0.8212932
-0.82622385
-0.82733315
-0.82489365
-0.82845014
-0.8329828
-0.8422432
-0.83509535
-0.83757806
-0.8307911
-0.8341457
-0.8316929
-0.83187056
-0.8341038
-0.8364682
-0.84008604
-0.8298853
-0.8332545
-0.83666295
-0.8344116
-0.83702856
-0.8396407
-0.83670706
-0.8453718
-0.8399238
-0.8394164
-0.84069246
-0.83926237
-0.8415171
-0.8366912
-0.8348346
-0.8394978
-0.8418613
-0.84462756
-0.8410768
-0.84232146
-0.8441886
-0.8380524
-0.8431826
-0.8393002
-0.839695
-0.8390467
-0.8318163
-0.83293384
-0.8395999
-0.8391483
-0.837471
-0.8442322
-0.8412767
-0.843581
-0.83496237
-0.84537065
-0.8405277
-0.8339698
-0.8368998
-0.8373312
-0.8277674
-0.8310105
-0.8424697
-0.8427453
-0.8424527
-0.8315568
-0.82941943
-0.8364658
-0.839136
-0.84304714
-0.8395332
-0.83176434
-0.8298318
-0.8258192
-0.82832223
-0.8233623
-0.833055
-0.8374163
-0.8389706
-0.8326118
-0.8344331
-0.8365584
-0.8391117
-0.83726346
-0.8358476
-0.8391127
-0.84813887
-0.8466272
-0.84370655
-0.8403291
-0.84229743
-0.8375193
-0.83953595
-0.8306117
-0.83612996
-0.83116037
-0.8288484
-0.8408026
-0.83475745
-0.8374812
-0.8331367
-0.82794553
-0.8369071
-0.8399491
-0.84196556
-0.8412097
-0.83958447
-0.8389062
-0.84253925
-0.83667576
-0.83365965
-0.8398085
-0.8378015
-0.8339132
-0.83898664
-0.83832663
-0.8399296
-0.83712095
-0.8414822
-0.8429679
-0.8389482
-0.84068817
-0.8409006
-0.83834404
-0.83993757
-0.8412419
-0.83909774
-0.8399945
-0.84530854
-0.83957106
-0.8418268
-0.8418927
-0.8413344
-0.83857906
-0.8444903
-0.8415736
-0.83390695
-0.8357395
-0.84248424
-0.83864135
-0.84017277
-0.8452783
-0.83868456
-0.8428162
-0.84102625
-0.8406088
-0.84336007
-0.83901566
-0.8393723
-0.8338614
-0.84117246
-0.8420936
-0.84325945
-0.83726555
-0.8371938
-0.83231467
-0.83413595
-0.84318495
-0.8436316
-0.8429578
-0.8359943
-0.83174044
-0.8371741
-0.84524
-0.84898996
-0.84169984
-0.83709717
-0.8294029
-0.83786774
-0.84055895
-0.83943075
-0.83889526
-0.85115623
-0.83634907
-0.8415561
-0.8422417
-0.8402112
-0.84389335
-0.8474956
-0.8429579
-0.84136045
-0.84665805
-0.84683496
-0.8415407
-0.8477978
-0.84598166
-0.8466283
-0.84694403
-0.84479535
-0.8463553
-0.8454013
-0.8489661
-0.8529254
-0.84742683
-0.83878076
-0.8378018
-0.8371976
-0.8330321
-0.8362377
-0.8477099
-0.84485024
-0.8508721
-0.84382695
-0.8305286
-0.84194326
-0.8411556
-0.8382548
-0.8332075
-0.8415225
-0.84477776
-0.84292513
-0.83363765
-0.8418431
-0.842184
-0.84358644
-0.84998024
-0.8399454
-0.8389598
-0.8380581
-0.8396006
-0.8359088
-0.8404172
-0.8436716
-0.8459274
-0.8413155
-0.8385495
-0.83969647
-0.83382404
-0.8429599
-0.8492777
-0.8397186
-0.8492536
-0.85255617
-0.8462375
-0.8463922
-0.8478105
-0.8441005
-0.8458279
-0.8438683
-0.84645534
-0.845501
-0.8511699
-0.84358144
-0.8482617
-0.8496607
-0.8404426
-0.8462239
-0.83607924
-0.8540029
-0.8494581
-0.84805614
-0.8436388
-0.8489009
-0.84613645
-0.8528076
-0.8488971
-0.84022087
-0.84366167
-0.8401099
-0.83655375
-0.84140867
-0.8404773
-0.84243065
-0.85293657
-0.84676206
-0.84344053
-0.8447243
-0.8505557
-0.8477291
-0.85155964
-0.849884
-0.83752966
-0.8459966
-0.84626025
-0.8496383
-0.84051114
-0.83980125
-0.84397507
-0.8343548
-0.83982205
-0.848887
-0.8464948
-0.8451594
-0.8440383
-0.8322318
-0.84392774
-0.84031284
-0.84608036
-0.8419667
-0.83943254
-0.8372854
-0.83957624
-0.8343795
-0.84972405
-0.84961945
-0.84467417
-0.8411178
-0.83001035
-0.82406473
-0.84020716
-0.8426892
-0.8494128
-0.8442884
-0.8446282
-0.8458742
-0.8494811
-0.84871453
-0.8494825
-0.8410925
-0.84676147
-0.85145605
-0.84536785
-0.84549147
-0.8468257
-0.8442262
-0.84909725
-0.85054255
-0.84775174
-0.8452518
-0.8445069
-0.8439869
-0.8412422
-0.84514636
-0.84664
-0.8454435
-0.8505826
-0.8529447
-0.8562845
-0.8438552
-0.84299695
-0.8498285
-0.85345376
-0.8534952
-0.85563475
-0.8503832
-0.8570438
-0.8543355
-0.85640144
-0.85025483
-0.853575
-0.85142386
-0.84660167
-0.8378825
-0.84056675
-0.84452
-0.8465975
-0.8436212
-0.848925
-0.8441367
-0.85056484
-0.8458451
-0.8395198
-0.8434563
-0.84413815
-0.8468872
-0.84396034
-0.8402947
-0.8366206
-0.83753806
-0.8406775
-0.8466174
-0.8487883
-0.8562701
-0.84802264
-0.8485965
-0.8461022
-0.8467731
-0.8474555
-0.8422353
-0.8367294
-0.83642274
-0.8440933
-0.84671414
-0.8584802
-0.84698194
-0.84850526
-0.84302515
-0.83729583
-0.8420497
-0.8419156
-0.84945387
-0.8433923
-0.85487086
-0.8527688
-0.8524437
-0.85234916
-0.85591424
-0.85227996
-0.8491046
-0.85539913
-0.85242695
-0.85097533
-0.85170376
-0.8501891
-0.8562771
-0.8548613
-0.8501955
-0.8486637
-0.84639364
-0.8433547
-0.85124964
-0.8534536
-0.85317516
-0.8538819
-0.8564713
-0.85343915
-0.8502212
-0.84920365
-0.8511493
-0.8540579
-0.8495431
-0.8495151
-0.8574092
-0.854659
-0.85673803
-0.85229975
-0.846972
-0.84208065
-0.8461857
-0.84755063
-0.8510969
-0.84712243
-0.8482908
-0.8486842
-0.8489309
-0.85390294
-0.8464526
-0.84049165
-0.84758544
-0.8495312
-0.8473652
-0.8478828
-0.8500236
-0.8510398
-0.84993654
-0.8495113
-0.849188
-0.8419848
-0.8424551
-0.84915847
-0.8523641
-0.84923786
-0.85096806
-0.8581124
-0.85716033
-0.8539915
-0.8550952
-0.8560466
-0.8485841
-0.85390794
-0.857826
-0.84840626
-0.84735674
-0.85707396
-0.856447
-0.8539274
-0.85356855
-0.8536659
-0.85041356
-0.85406417
-0.8534729
-0.8523996
-0.8551942
-0.85389274
-0.857729
-0.85377675
-0.85167223
-0.8564508
-0.84221405
-0.84767383
-0.84596336
-0.85067147
-0.84609514
-0.84670496
-0.847564
-0.85028327
-0.8513786
-0.85350996
-0.85410625
-0.8571544
-0.8541777
-0.8447563
-0.8460117
-0.84606856
-0.8436007
-0.8504367
-0.84798175
-0.85114175
-0.8446602
-0.8476157
-0.8481757
-0.84790266
-0.85025764
-0.85303754
-0.84765357
-0.84690917
-0.8509988
-0.84842014
-0.8539288
-0.854326
-0.8547771
-0.8531097
-0.8508571
-0.85319215
-0.8507629
-0.853507
-0.8489878
-0.8435877
-0.8468775
-0.84179497
-0.83853775
-0.8416896
-0.83635753
-0.8406529
-0.8392064
-0.8443668
-0.8466932
-0.8468212
-0.8505073
-0.8545518
-0.8589809
-0.8606315
-0.8555319
-0.8529366
-0.8516613
-0.8501189
-0.8488339
-0.8495982
-0.84043205
-0.8394122
-0.8401856
-0.8405686
-0.8495602
-0.85275716
-0.846902
-0.8445721
-0.84857553
-0.84829825
-0.85284674
-0.847011
-0.8505223
-0.852296
-0.85062885
-0.8462532
-0.84779584
-0.85030943
-0.85186785
-0.8458039
-0.84909606
-0.849327
-0.8466561
-0.84990644
-0.8551065
-0.8575708
-0.8519555
-0.85366935
-0.850658
-0.8528753
-0.8558458
-0.85695
-0.8566135
-0.85098284
-0.85057855
-0.8508904
-0.8517881
-0.8543698
-0.85086495
-0.8533586
-0.8560642
-0.85432094
-0.85808694
-0.855954
-0.8555889
-0.85815454
-0.8545392
-0.8536982
-0.8490683
-0.85533714
-0.85498416
-0.85305893
-0.8568388
-0.8609798
-0.8525192
-0.8571089
-0.8566338
-0.8549812
-0.85398054
-0.8504759
-0.8609094
-0.86055934
-0.85592985
-0.8583936
-0.85822785
-0.85618836
-0.8577976
-0.86120456
-0.8544032
-0.854851
-0.8596176
-0.85846555
-0.8563513
-0.85928166
-0.85672367
-0.8552932
-0.8543964
-0.8497339
-0.85221523
-0.8474195
-0.84417015
-0.84916794
-0.8465298
-0.8484081
-0.8504963
-0.8496488
-0.8486632
-0.85464436
-0.8531611
-0.8545234
-0.8521791
-0.8532183
-0.8578801
-0.85924983
-0.8517518
-0.8556984
-0.85751355
-0.8535923
-0.85190344
-0.8581459
-0.8530001
-0.8559442
-0.86323583
-0.85881597
-0.8624948
-0.85971165
-0.85359055
-0.85145
-0.85603935
-0.85652804
-0.8547893
-0.8564365
-0.8609667
-0.85871136
-0.8549947
-0.8589635
-0.85966
-0.85908026
-0.8567136
-0.8565156
-0.85456795
-0.8595028
-0.85432327
-0.8627956
-0.862623
-0.85954934
-0.86583185
-0.85791296
-0.85751414
-0.8588778
-0.86002475
-0.861666
-0.86044836
-0.8586093
-0.85515213
-0.8587901
-0.8539756
-0.85609645
-0.85409135
-0.8597535
-0.85585785
-0.8614681
-0.8554199
-0.8487898
-0.85230845
-0.8509029
-0.85710263
-0.85957474
-0.85191697
-0.8524047
-0.8483071
-0.8524145
-0.84696525
-0.8558848
-0.8537419
-0.84635615
-0.84104896
-0.84432316
-0.8368567
-0.8407373
-0.8470638
-0.8516453
-0.8522311
-0.8579642
-0.85801125
-0.8589946
-0.8622219
-0.8447997
-0.84055054
-0.8395438
-0.84902513
-0.85038984
-0.85801905
-0.8557548
-0.855984
-0.84054047
-0.8491368
-0.8446167
-0.8420114
-0.84266734
-0.83904874
-0.83628476
-0.8389565
-0.8465901
-0.84858656
-0.8521679
-0.8578336
-0.8519109
-0.8587423
-0.8529364
-0.849742
-0.84604055
-0.84757495
-0.85645217
-0.8523205
-0.84752584
-0.8460657
-0.8532818
-0.8468185
-0.85221964
-0.8582163
-0.8591263
-0.85898215
-0.8642855
-0.8548778
-0.85940665
-0.8533806
-0.8593324
-0.853933
-0.85245997
-0.85521543
-0.858166
-0.85561234
-0.8552395
-0.8586384
-0.85537577
-0.8646963
-0.86082774
-0.85955834
-0.8573768
-0.85523695
-0.85446817
-0.85818547
-0.861004
-0.8523465
-0.8612327
-0.8592919
-0.85799485
-0.8512775
-0.854262
-0.8562568
-0.86208916
-0.8552271
-0.8617308
-0.8543425
-0.8551683
-0.8530311
-0.85670084
-0.8554861
-0.8574547
-0.8547841
-0.8556567
-0.8607783
-0.8632037
-0.85818654
-0.8615458
-0.860702
-0.85312194
-0.8595213
-0.8556826
-0.8577647
-0.8595632
-0.85778815
-0.8604422
-0.8614337
-0.85380316
-0.85810494
-0.8605256
-0.86027724
-0.86305004
-0.8564558
-0.8618703
-0.8641517
-0.8605361
-0.8629644
-0.8638107
-0.85394573
-0.86265254
-0.8613215
-0.8644533
-0.86078626
-0.85860366
-0.8570065
-0.86675113
-0.8653233
-0.85952884
-0.86268216
-0.85787386
-0.8631146
-0.85927916
-0.86126393
-0.86344784
-0.8598439
-0.8622663
-0.86050457
-0.8590999
-0.85350657
-0.85680413
-0.85683227
-0.86339855
-0.85599947
-0.8536576
-0.86126524
-0.86375797
-0.8567189
-0.8659513
-0.859679
-0.86571765
-0.8607102
-0.861388
-0.8589744
-0.8609584
-0.8581973
-0.85379213
-0.85881346
-0.8659711
-0.8616341
-0.8626763
-0.8634442
-0.8675374
-0.8614714
-0.8595144
-0.8573447
-0.8608504
-0.8589477
-0.86227196
-0.86484474
-0.863635
-0.862903
-0.8603253
-0.8641228
-0.8653078
-0.85993874
-0.85558516
-0.8557194
-0.8573488
-0.85975945
-0.8588494
-0.8607503
-0.8594251
-0.8663668
-0.8602749
-0.8616424
-0.8632462
-0.86379015
-0.86358446
-0.86080366
-0.8630803
-0.8675501
-0.86518806
-0.8619306
-0.8625315
-0.86128414
-0.8609272
-0.86334383
-0.8626634
-0.861387
-0.8644916
-0.86578375
-0.86288273
-0.85677046
-0.860071
-0.86236686
-0.8635502
-0.86380696
-0.8646785
-0.8661335
-0.86294854
-0.8626057
-0.8686377
-0.86599755
-0.8627659
-0.8671942
-0.8655416
-0.86184883
-0.86290973
-0.8655525
-0.8633599
-0.86260295
-0.8641145
-0.8621796
-0.8579096
-0.86319095
-0.8615513
-0.8593152
-0.8638477
-0.86586565
-0.8578426
-0.86025584
-0.8625064
-0.86079186
-0.86288035
-0.86377877
-0.8634933
-0.861156
-0.86237746
-0.8602365
-0.86521333
-0.8605409
-0.85850805
-0.8583848
-0.86148095
-0.86154616
-0.85684913
-0.85411996
-0.8645776
-0.8647087
-0.86065763
-0.8615946
-0.85874563
-0.8610329
-0.8615786
-0.8634664
-0.860664
-0.8572436
-0.8638155
-0.86463034
-0.8537233
-0.85577404
-0.86281854
-0.85573626
-0.8601048
-0.8625208
-0.85782415
-0.8619512
-0.86462873
-0.868027
-0.8696783
-0.8672521
-0.8646555
-0.8661273
-0.86666745
-0.86637825
-0.86522
-0.8647555
-0.86514324
-0.8687774
-0.87051654
-0.86514294
-0.86328787
-0.8655385
-0.86031467
-0.86893576
-0.86488867
-0.858933
-0.862917
-0.8655564
-0.85779893
-0.86115783
-0.86051106
-0.86841255
-0.86410314
-0.8636231
-0.8631405
-0.86105084
-0.862989
-0.85942066
-0.85985
-0.85495627
-0.8578656
-0.85811216
-0.8643121
-0.86222917
-0.8645714
-0.86585665
-0.8670301
-0.8612809
-0.87080735
-0.8691124
-0.86319304
-0.8636399
-0.86216056
-0.8580351
-0.8648782
-0.86462945
-0.86137855
-0.8613317
-0.8663576
-0.8616066
-0.8607714
-0.860921
-0.865322
-0.85630184
-0.8579569
-0.8692961
-0.8542065
-0.84816843
-0.84759367
-0.85550994
-0.86209875
-0.8491505
-0.8478732
-0.8487238
-0.8638129
-0.86139774
-0.861172
-0.8542352
-0.8564812
-0.8633373
-0.864884
-0.8568992
-0.8557059
-0.86148936
-0.8610071
-0.8619413
-0.86699116
-0.85863805
-0.856096
-0.85913074
-0.8592596
-0.87011904
-0.8682162
-0.86807865
-0.8660703
-0.86334944
-0.8611708
-0.8638848
-0.8573839
-0.8628128
-0.86262035
-0.86198425
-0.8634359
-0.86402744
-0.8635008
-0.8632624
-0.86473125
-0.85584706
-0.8638569
-0.86305517
-0.8647505
-0.85417026
-0.8555366
-0.8607233
-0.86466986
-0.86473334
-0.8640852
-0.8656678
-0.87212825
-0.8703221
-0.8657755
-0.86597943
-0.8640425
-0.85853857
-0.866813
-0.8668423
-0.8658328
-0.8678816
-0.8648716
-0.86971474
-0.86319524
-0.865361
-0.86808467
-0.86897194
-0.86691207
-0.8642245
-0.87125105
-0.8622996
-0.868637
-0.86496
-0.8643624
-0.8699567
-0.86638135
-0.86196065
-0.8659166
-0.8724695
-0.86803544
-0.86761916
-0.8697615
-0.866946
-0.8653071
-0.86735433
-0.86343026
-0.86619216
-0.86199754
-0.86341596
-0.8672055
-0.8656119
-0.8633476
-0.86315924
-0.86115235
-0.8653665
-0.86340606
-0.8655724
-0.866873
-0.86522484
-0.86317855
-0.86199147
-0.8603156
-0.8644267
-0.8633501
-0.860121
-0.8639652
-0.8649989
-0.8570291
-0.86811244
-0.865756
-0.8619249
-0.8607923
-0.8641155
-0.86226374
-0.8634707
-0.8626627
-0.8639715
-0.8627707
-0.86571234
-0.863606
-0.86590093
-0.8658819
-0.86377865
-0.8690522
-0.86661613
-0.8677877
-0.8655412
-0.8662113
-0.8649993
-0.8696319
-0.8706035
-0.86946285
-0.8680283
-0.86826164
-0.86759853
-0.8669612
-0.87255955
-0.8690083
-0.8641815
-0.8642254
-0.8688104
-0.8746674
-0.8680638
-0.86573523
-0.8670508
-0.8645348
-0.86494434
-0.8557581
-0.8604029
-0.87043214
-0.8683041
-0.865738
-0.8668792
-0.86915195
-0.8711189
-0.8692603
-0.86636287
-0.86944354
-0.8736191
-0.8724884
-0.871748
-0.86790097
-0.8662539
-0.86667794
-0.8648229
-0.8662548
-0.87051964
-0.8685837
-0.87112933
-0.86638117
-0.8687864
-0.8670946
-0.8682861
-0.8654262
-0.8653739
-0.86952525
-0.86575043
-0.8671694
-0.86796695
-0.86485493
-0.8641046
-0.8674228
-0.8655437
-0.86588633
-0.87168074
-0.87439036
-0.8697044
-0.87472504
-0.8694586
-0.8706505
-0.8698467
-0.8723589
-0.86704785
-0.86937565
-0.8733728
-0.86469644
-0.87248397
-0.8707895
-0.86790913
-0.8678952
-0.869003
-0.86804444
-0.86417115
-0.8677121
-0.8694173
-0.86278194
-0.86530304
-0.86106336
-0.86125886
-0.86874866
-0.8696926
-0.86826456
-0.87031657
-0.8703418
-0.8698052
-0.86785185
-0.8658099
-0.8715807
-0.8690009
-0.8669342
-0.8684966
-0.86697453
-0.8652825
-0.87409
-0.8716074
-0.86727464
-0.86823493
-0.86534524
-0.8685556
-0.87318754
-0.86894256
-0.87766165
-0.87325054
-0.8664316
-0.87068903
-0.8737063
-0.8676248
-0.87279046
-0.86972487
-0.87804514
-0.87290984
-0.8696024
-0.86912465
-0.8700537
-0.8710323
-0.8673458
-0.87462664
-0.8737606
-0.87024844
-0.8749788
-0.86903226
-0.8685376
-0.865121
-0.8671332
-0.8696191
-0.86477375
-0.86839545
-0.85954285
-0.8661887
-0.8696858
-0.86500496
-0.86771864
-0.86818767
-0.86639833
-0.86297935
-0.86702394
-0.8678828
-0.8703201
-0.8664452
-0.8719555
-0.8649635
-0.8692003
-0.87262154
-0.8673892
-0.87135905
-0.8730082
-0.86944664
-0.8693542
-0.86733377
-0.8747047
-0.8695214
-0.8690136
-0.8719961
-0.8712686
-0.8728548
-0.86513937
-0.87091243
-0.86589056
-0.87211454
-0.868214
-0.8674424
-0.8639301
-0.86715645
-0.8633364
-0.8655092
-0.8735051
-0.8677408
-0.8698188
-0.86812687
-0.8689896
-0.87525797
-0.8711199
-0.86983633
-0.8704677
-0.8715184
-0.8676764
-0.8693617
-0.8663682
-0.8624995
-0.8683089
-0.8655303
-0.8646478
-0.86545247
-0.87009555
-0.86888254
-0.86147887
-0.86706364
-0.8702481
-0.87128717
-0.8725288
-0.8697204
-0.869913
-0.868586
-0.8706456
-0.86114
-0.8641967
-0.8678049
-0.8681383
-0.87392014
-0.8643521
-0.86631656
-0.8662263
-0.86363757
-0.86714995
-0.87046987
-0.8618593
-0.8675543
-0.8698719
-0.8638847
-0.87051964
-0.8708841
-0.868529
-0.8697886
-0.8670437
-0.86723155
-0.8694995
-0.86956626
-0.86630416
-0.87008893
-0.86757034
-0.8694898
-0.8689028
-0.86838156
-0.8655522
-0.8679194
-0.8676375
-0.86858183
-0.86882377
-0.86678004
-0.8661958
-0.8721988
-0.874306
-0.86769545
-0.8685593
-0.8733152
-0.8665922
-0.8664163
-0.8730211
-0.87616676
-0.8679205
-0.8639245
-0.87087125
-0.8723375
-0.8675867
-0.8674532
-0.868848
-0.87103045
-0.86602664
-0.86959755
-0.87153447
-0.870833
-0.8710223
-0.8656156
-0.8708788
-0.8682344
-0.8645341
-0.8625805
-0.8602295
-0.8615613
-0.86473423
-0.87046325
-0.86666787
-0.86902434
-0.8683853
-0.86034113
-0.8625134
-0.8635287
-0.85787207
-0.85524327
-0.8623901
-0.86726797
-0.86281955
-0.8520261
-0.8552516
-0.84551
-0.8487787
-0.8534648
-0.85856825
-0.8574335
-0.8591477
-0.8627951
-0.86344844
-0.86465174
-0.8628373
-0.8601437
-0.86161417
-0.86634254
-0.86696047
-0.863696
-0.86181086
-0.8688939
-0.86587787
-0.87206256
-0.8689749
-0.8692644
-0.8766452
-0.86676085
-0.86788535
-0.8687452
-0.86873955
-0.8698563
-0.87531596
-0.8731267
-0.8688844
-0.87106925
-0.87123877
-0.87346977
-0.87412024
-0.8730209
-0.8705548
-0.8699191
-0.86818266
-0.87271
-0.8734788
-0.87061757
-0.8736296
-0.8733193
-0.87091535
-0.8695324
-0.8657962
-0.8731858
-0.86518824
-0.8641239
-0.865108
-0.86954325
-0.86675704
-0.86775875
-0.8694816
-0.86918944
-0.8684455
-0.8641539
-0.8709341
-0.86832225
-0.8655848
-0.8665219
-0.8723931
-0.87076896
-0.8623736
-0.86558104
-0.86422944
-0.86764854
-0.86590147
-0.8699635
-0.8759765
-0.86975384
-0.86948204
-0.8665114
-0.87258774
-0.87686795
-0.8718833
-0.873665
-0.8711349
-0.8699333
-0.8680546
-0.86577374
-0.8639729
-0.86387193
-0.8704572
-0.8719237
-0.86900556
-0.8700547
-0.8670688
-0.86902523
-0.8684511
-0.8747721
-0.87362325
-0.8718885
-0.87454873
-0.8669201
-0.8733487
-0.87394327
-0.8673589
-0.8629721
-0.86903167
-0.86546725
-0.87042665
-0.86785996
-0.87016004
-0.8694855
-0.8681695
-0.8694228
-0.8735875
-0.8770961
-0.87427276
-0.868733
-0.86944866
-0.8730539
-0.86686355
-0.873744
-0.86849487
-0.86710954
-0.871862
-0.86959887
-0.8727456
-0.86783373
-0.8681223
-0.8659499
-0.86515963
-0.86919284
-0.8667045
-0.87158334
-0.8660485
-0.8730657
-0.8678867
-0.86467636
-0.86550206
-0.8679834
-0.8686179
-0.8661682
-0.8713647
-0.87408936
-0.87036395
-0.86644036
-0.86380804
-0.8634783
-0.8683054
-0.8640349
-0.8662151
-0.8716359
-0.8702894
-0.8664014
-0.87012774
-0.8693844
-0.86935526
-0.861132
-0.8661385
-0.869293
-0.8702744
-0.87356627
-0.865901
-0.8716042
-0.8664344
-0.86455643
-0.85705656
-0.8694941
-0.8586093
-0.86404663
-0.8677157
-0.8703744
-0.8724036
-0.8738583
-0.8759021
-0.87530994
-0.8719839
-0.87330663
-0.87006515
-0.87392914
-0.87234443
-0.87621105
-0.87222314
-0.8726404
-0.8688288
-0.8714982
-0.8724249
-0.87310725
-0.865722
-0.8710011
-0.8683347
-0.87597245
-0.86861515
-0.87196404
-0.8717
-0.87218964
-0.87242985
-0.8724715
-0.8686852
-0.8622009
-0.86612546
-0.8661624
-0.86323625
-0.86218214
-0.8624657
-0.8721476
-0.8695798
-0.86412597
-0.86289734
-0.8631867
-0.8712534
-0.8640591
-0.8639291
-0.8677378
-0.868803
-0.8647934
-0.86457825
-0.8653351
-0.86329114
-0.8611481
-0.86458457
-0.86912286
-0.87032783
-0.8674389
-0.87039524
-0.868969
-0.8670936
-0.8702431
-0.8670447
-0.86588836
-0.863271
-0.86873055
-0.8681343
-0.86977506
-0.8669026
-0.87171423
-0.86700976
-0.8703551
-0.8694335
-0.87300134
-0.8695598
-0.8686647
-0.8669697
-0.86516
-0.8633499
-0.86385417
-0.86299944
-0.8718794
-0.86706215
-0.866724
-0.85986876
-0.86502963
-0.8674522
-0.86313856
-0.86168295
-0.872201
-0.8688182
-0.8633661
-0.8661273
-0.8672877
-0.86513823
-0.85773563
-0.8648227
-0.8668412
-0.8639155
-0.86617595
-0.8568645
-0.8614084
-0.87127537
-0.8684184
-0.86634564
-0.85954434
-0.86665714
-0.8711925
-0.86789024
-0.8656734
-0.86227006
-0.86461043
-0.86668396
-0.870273
-0.87307173
-0.86961544
-0.8617587
-0.86240256
-0.8624497
-0.8661394
-0.8720326
-0.8690652
-0.8671833
-0.86810577
-0.8656854
-0.86429745
-0.8705731
-0.86887723
-0.8734947
-0.8752715
-0.8705959
-0.8766976
-0.8708171
-0.8716757
-0.8718949
-0.87328863
-0.8670982
-0.8683433
-0.8774081
-0.87931603
-0.8692459
-0.87293345
-0.874943
-0.8723932
-0.8754262
-0.870591
-0.8678348
-0.8686239
-0.86641866
-0.86448973
-0.8639696
-0.86903423
-0.8727318
-0.8769044
-0.86908907
-0.87414825
-0.8683802
-0.8685029
-0.86297005
-0.8663084
-0.8656908
-0.87088335
-0.8726377
-0.8747707
-0.8758807
-0.8709933
-0.8721424
-0.87054974
-0.87152976
-0.86619467
-0.8628048
-0.8640743
-0.8686976
-0.86594546
-0.87045336
-0.8724218
-0.87226534
-0.8768934
-0.8744253
-0.8711801
-0.8627074
-0.86561924
-0.8707866
-0.87044674
-0.8710211
-0.8750958
-0.87617445
-0.8763347
-0.8768251
-0.87601674
-0.87032163
-0.87170315
-0.872326
-0.87562585
-0.8753557
-0.8752901
-0.875688
-0.87585646
-0.8716799
-0.8712819
-0.8688795
-0.8682644
-0.8710736
-0.8712133
-0.87234265
-0.8707119
-0.8733869
-0.8725745
-0.87195754
-0.87599057
-0.8690584
-0.87328935
-0.87107027
-0.8758245
-0.87126267
-0.8723534
-0.8680664
-0.8710468
-0.869373
-0.8723282
-0.8730923
-0.8752339
-0.87423307
-0.8771389
-0.8661298
-0.8735527
-0.8710894
-0.87491107
-0.87278163
-0.8754394
-0.87371165
-0.8755322
-0.8731443
-0.8764344
-0.8733018
-0.87090397
-0.8700608
-0.8699365
-0.8742193
-0.8782223
-0.87602204
-0.8734812
-0.876041
-0.8747334
-0.8746449
-0.87549764
-0.8719033
-0.86861575
-0.8659058
-0.87086135
-0.8697559
-0.8748467
-0.8760976
-0.8698208
-0.8721534
-0.8724121
-0.87266463
-0.8682506
-0.8777782
-0.87389445
-0.8722145
-0.86937416
-0.8752019
-0.8757164
-0.87177914
-0.875879
-0.8746658
-0.8742423
-0.8665969
-0.87432206
-0.8773207
-0.8695102
-0.87427926
-0.87744
-0.87438136
-0.8713437
-0.8736987
-0.8733635
-0.86913294
-0.87292343
-0.88186324
-0.8748989
-0.8738897
-0.87419474
-0.8723911
-0.8744985
-0.8758923
-0.87557137
-0.87727153
-0.87800145
-0.8753391
-0.8755069
-0.8749824
-0.87213415
-0.8763946
-0.87952465
-0.8811544
-0.87278974
-0.8780772
-0.8830309
-0.87815285
-0.87370706
-0.8729934
-0.8799151
-0.8767654
-0.8722306
-0.87138903
-0.87156945
-0.8782832
-0.8718384
-0.87111586
-0.87480146
-0.8728604
-0.87381494
-0.87818676
-0.8774407
-0.87867856
-0.87588084
-0.88019055
-0.87639266
-0.87757844
-0.8780407
-0.87645143
-0.87995297
-0.87558293
-0.8769375
-0.88071054
-0.8727152
-0.8790139
-0.87909263
-0.87492174
-0.8732885
-0.87573063
-0.8717816
-0.8795665
-0.87497383
-0.8756553
-0.8747958
-0.87445074
-0.87374884
-0.87528914
-0.8740058
-0.8770073
-0.87935454
-0.8785739
-0.8778074
-0.87496066
-0.87525797
-0.87724644
-0.87727624
-0.8752259
-0.8770334
-0.8783407
-0.8766663
-0.8767355
-0.8721154
-0.87477326
-0.8764063
-0.8736067
-0.8741724
-0.8771284
-0.87146896
-0.87233317
-0.8715254
-0.8718265
-0.8746738
-0.87554365
-0.88036406
-0.8772246
-0.8739939
-0.87278277
-0.8752298
-0.8769205
-0.87799495
-0.8760907
-0.8755482
-0.8782978
-0.8773682
-0.87731975
-0.87296057
-0.8745197
-0.87451845
-0.8749356
-0.87493926
-0.8791268
-0.87797993
-0.87573296
-0.8767362
-0.87944806
-0.8737669
-0.87527966
-0.87547386
-0.8728392
-0.87506324
-0.8782576
-0.87191373
-0.8741369
-0.8708397
-0.8771903
-0.8765389
-0.87529695
-0.86750793
-0.8710036
-0.8769671
-0.87015474
-0.8635074
-0.8650376
-0.87036425
-0.8681555
-0.8633701
-0.87035686
-0.8783965
-0.87313116
-0.8737145
-0.87058717
-0.87397534
-0.87657696
-0.87255585
-0.8670015
-0.8721313
-0.87531906
-0.88003707
-0.86874825
-0.86639225
-0.87155485
-0.87518144
-0.87466896
-0.8689083
-0.87259805
-0.8756
-0.87502235
-0.87234885
-0.8662385
-0.87638223
-0.8767482
-0.8693057
-0.8676468
-0.87120533
-0.8717156
-0.87465614
-0.8679838
-0.87339294
-0.87311095
-0.8729358
-0.87398446
-0.8766515
-0.8747829
-0.87123454
-0.8714185
-0.87426686
-0.8752113
-0.8716075
-0.8720315
-0.86639076
-0.8689185
-0.8683043
-0.87470037
-0.87366444
-0.874407
-0.8776921
-0.8705091
-0.86711705
-0.8733689
-0.872552
-0.8706136
-0.8710025
-0.87050027
-0.87194604
-0.8715656
-0.8759905
-0.87190855
-0.8715418
-0.87040126
-0.8682956
-0.8724242
-0.8751177
-0.8708279
-0.8676669
-0.8752896
-0.87410307
-0.8700108
-0.86993146
-0.87330884
-0.869311
-0.87104446
-0.8680812
-0.8762053
-0.87331265
-0.87273043
-0.8687565
-0.86584616
-0.8774439
-0.8719716
-0.8679243
-0.8710784
-0.8755824
-0.8734443
-0.87460136
-0.8772039
-0.8748163
-0.8768943
-0.8786363
-0.87797374
-0.87687624
-0.8748163
-0.87686026
-0.8736495
-0.8755654
-0.87485206
-0.8736334
-0.87826264
-0.87579244
-0.8791384
-0.8736472
-0.87269866
-0.8745913
-0.8688634
-0.86591274
-0.8752343
-0.87818176
-0.87444407
-0.87359256
-0.8682003
-0.86735576
-0.8653717
-0.86905956
-0.8676572
-0.8799841
-0.8795503
-0.8698274
-0.8598284
-0.8602428
-0.86531013
-0.8714843
-0.87303716
-0.87491345
-0.87340456
-0.8676529
-0.8718988
-0.8716241
-0.86625564
-0.8732505
-0.8780347
-0.8732285
-0.8733416
-0.87666744
-0.87732977
-0.87692666
-0.8783581
-0.8756266
-0.87357086
-0.8718285
-0.8800825
-0.880052
-0.87972033
-0.87679136
-0.87665665
-0.8750772
-0.8758461
-0.88116944
-0.87330186
-0.87584263
-0.88422084
-0.8769586
-0.8777997
-0.8801512
-0.8819854
-0.87930787
-0.88198423
-0.8759285
-0.8744878
-0.87898123
-0.877803
-0.8778126
-0.87805575
-0.87178355
-0.8711891
-0.8777559
-0.8803615
-0.8782666
-0.88014764
-0.88000196
-0.87310266
-0.8805295
-0.8835443
-0.8749693
-0.8778356
-0.8800567
-0.8772465
-0.87838143
-0.87749547
-0.8804669
-0.8732387
-0.87849677
-0.8791482
-0.87539566
-0.8784992
-0.88087076
-0.8774512
-0.8834047
-0.87912214
-0.88462317
-0.8818937
-0.8773787
-0.8793137
-0.88042516
-0.87604487
-0.875921
-0.8812464
-0.87993824
-0.87437856
-0.876616
-0.8796442
-0.88243544
-0.87909186
-0.8782576
-0.88234
-0.8823587
-0.8753539
-0.8785868
-0.8767319
-0.8797254
-0.8819321
-0.8755861
-0.8803851
-0.8800457
-0.8794949
-0.87734765
-0.8800559
-0.8797615
-0.8781077
-0.8793108
-0.8753321
-0.8710242
-0.87590057
-0.870652
-0.87910014
-0.8772424
-0.87798524
-0.878732
-0.8767314
-0.8775379
-0.8788225
-0.87938964
-0.881036
-0.8773456
-0.87758076
-0.87655866
-0.88414425
-0.87577367
-0.8799835
-0.8725465
-0.8673683
-0.86442775
-0.87248
-0.86905813
-0.8748522
-0.8711088
-0.8754417
-0.87388116
-0.87648135
-0.8759208
-0.86570394
-0.8685982
-0.87666535
-0.8718518
-0.8712069
-0.8678422
-0.8740489
-0.876719
-0.87278694
-0.8738966
-0.88042784
-0.8753249
-0.86896586
-0.87692255
-0.87266135
-0.873331
-0.8775093
-0.87173635
-0.8732071
-0.87172574
-0.8799904
-0.87373716
-0.8732607
-0.8719529
-0.87611693
-0.8757598
-0.87535334
-0.87736475
-0.87615716
-0.8743795
-0.87419426
-0.8778194
-0.8758084
-0.87663656
-0.87377286
-0.87679875
-0.8741713
-0.8729446
-0.87885034
-0.8806014
-0.8813418
-0.8749212
-0.8725181
-0.87045723
-0.87386626
-0.8704833
-0.873519
-0.8783386
-0.87011254
-0.87541044
-0.8744699
-0.8716387
-0.8738139
-0.86668044
-0.87462634
-0.877451
-0.8715288
-0.87038654
-0.8770779
-0.88115364
-0.8783013
-0.8743792
-0.8732488
-0.87866354
-0.87980837
-0.87134534
-0.8760615
-0.8736024
-0.8795346
-0.88211054
-0.878345
-0.8745527
-0.8750877
-0.872841
-0.87548435
-0.8816312
-0.87719476
-0.8749556
-0.87518
-0.87044245
-0.8679042
-0.87168545
-0.87374073
-0.87820214
-0.8751277
-0.87283915
-0.87191945
-0.8694101
-0.86734253
-0.86985755
-0.88029945
-0.87521535
-0.87656504
-0.8758387
-0.873749
-0.8699019
-0.8682889
-0.8714648
-0.8774119
-0.87672424
-0.87762654
-0.8771179
-0.87276965
-0.8699352
-0.8668646
-0.8675883
-0.87014735
-0.8728939
-0.86999995
-0.8753754
-0.8686633
-0.8722703
-0.8714629
-0.87341034
-0.8776545
-0.86968124
-0.87341505
-0.87394565
-0.8755443
-0.8767314
-0.8715224
-0.8761164
-0.87155503
-0.8773111
-0.87590367
-0.8782514
-0.87875
-0.8817298
-0.875202
-0.8801588
-0.88109607
-0.88181186
-0.8735536
-0.8730554
-0.8732176
-0.87017745
-0.87522054
-0.8731158
-0.87481743
-0.8758863
-0.8712108
-0.87813014
-0.8759985
-0.87951565
-0.8749124
-0.8817235
-0.87664735
-0.87821543
-0.8756733
-0.87795454
-0.87926996
-0.88038
-0.8770468
-0.8772455
-0.8804259
-0.88020515
-0.87630343
-0.88206995
-0.8809027
-0.87942034
-0.87762725
-0.8802119
-0.8753273
-0.8797787
-0.8827671
-0.8766917
-0.87863433
-0.87837297
-0.8810978
-0.88309014
-0.8784914
-0.8780929
-0.87654656
-0.8764946
-0.87651294
-0.8731685
-0.8810348
-0.88165647
-0.87979853
-0.8804755
-0.88311565
-0.8819916
-0.87768626
-0.8758255
-0.8777192
-0.8832219
-0.882598
-0.88021547
-0.8835304
-0.8783644
-0.8849721
-0.8775306
-0.87963253
-0.8776243
-0.8813274
-0.8808351
-0.8848522
-0.88011086
-0.88139385
-0.8800218
-0.8819133
-0.88496965
-0.8834649
-0.88310546
-0.8817884
-0.8822818
-0.8833383
-0.88071936
-0.8842611
-0.88384664
-0.8837159
-0.8860128
-0.883796
-0.88019806
-0.8746226
-0.88490975
-0.8822261
-0.882921
-0.8836256
-0.88613933
-0.8799123
-0.8785034
-0.87815785
-0.8816648
-0.88148344
-0.88328993
-0.88412094
-0.883067
-0.88153654
-0.8816235
-0.88039654
-0.878235
-0.8833456
-0.8823203
-0.87930095
-0.87859386
-0.8807384
-0.876973
-0.88023216
-0.88332057
-0.8808418
-0.88456076
-0.88068414
-0.8836305
-0.8765068
-0.87661135
-0.8808036
-0.8791729
-0.8817685
-0.88406545
-0.88009715
-0.8798038
-0.8780642
-0.88016665
-0.8774791
-0.8727754
-0.88020635
-0.882483
-0.87810344
-0.8802699
-0.8725497
-0.8714254
-0.88067913
-0.8769086
-0.8774296
-0.8782417
-0.87648416
-0.8794761
-0.8744554
-0.87505394
-0.88114154
-0.87977064
-0.8786199
-0.8800056
-0.8790488
-0.8812108
-0.87763214
-0.8763436
-0.87515295
-0.87403256
-0.8782373
-0.88080335
-0.87567055
-0.8804138
-0.8820714
-0.8744008
-0.8775165
-0.8736134
-0.87542015
-0.8712527
-0.8759336
-0.8820683
-0.88199294
-0.87312025
-0.8768853
-0.8754071
-0.8713617
-0.87763244
-0.8776339
-0.8728302
-0.8671536
-0.869693
-0.8798942
-0.8764923
-0.8755176
-0.87537944
-0.8738354
-0.87489575
-0.86876124
-0.8740599
-0.881971
-0.87448597
-0.8792143
-0.87923276
-0.8844704
-0.88235784
-0.8790691
-0.88122755
-0.8794661
-0.8823554
-0.87649685
-0.8786668
-0.87694573
-0.88170695
-0.87880915
-0.8776204
-0.8796125
-0.8855736
-0.87599087
-0.88226235
-0.8812595
-0.8827104
-0.8768997
-0.8787782
-0.8829705
-0.87927336
-0.8748462
-0.87666917
-0.8821437
-0.87760156
-0.8820963
-0.8797236
-0.87951916
-0.87681717
-0.8759348
-0.87322205
-0.87715083
-0.8782022
-0.8826607
-0.88322425
-0.8775921
-0.8806543
-0.88125724
-0.87978745
-0.87521666
-0.8796098
-0.8796159
-0.8807848
-0.88558626
-0.8838215
-0.8824254
-0.880817
-0.8786043
-0.88202477
-0.8763674
-0.8748699
-0.8817353
-0.87804973
-0.87767446
-0.8802716
-0.879277
-0.8739626
-0.8730136
-0.8800663
-0.87701946
-0.87802166
-0.8810231
-0.8788362
-0.87421876
-0.87627053
-0.88400525
-0.8806252
-0.87666154
-0.8779268
-0.8753951
-0.8809145
-0.8751358
-0.8833097
-0.8747738
-0.88042456
-0.8761642
-0.87396175
-0.87646896
-0.8777312
-0.8786234
-0.8764524
-0.8812043
-0.8816695
-0.88250065
-0.8849546
-0.88401544
-0.88294995
-0.8813351
-0.8778242
-0.8854529
-0.8793898
-0.8822748
-0.8745761
-0.87840474
-0.87444806
-0.8779544
-0.8761894
-0.8770104
-0.8752566
-0.8730699
-0.8722392
-0.8758766
-0.87680334
-0.87738687
-0.87852204
-0.8781977
-0.8753699
-0.8759277
-0.8749909
-0.87974197
-0.87833613
-0.879603
-0.8787498
-0.87415594
-0.8788292
-0.87834644
-0.8750541
-0.8738393
-0.8770879
-0.8785741
-0.8795107
-0.8786141
-0.88189083
-0.87482333
-0.8772579
-0.88147813
-0.88231593
-0.87773484
-0.8833
-0.88069886
-0.8819147
-0.8843743
-0.8819534
-0.8822454
-0.88135886
-0.8804817
-0.8836752
-0.87888575
-0.8804419
-0.87765294
-0.87582606
-0.88107026
-0.8792612
-0.8752586
-0.87439585
-0.8709029
-0.87289566
-0.8763733
-0.8814571
-0.87690496
-0.8749086
-0.87703836
-0.8747465
-0.8785316
-0.87610906
-0.87981355
-0.875336
-0.8779142
-0.8769757
-0.87631464
-0.87993973
-0.8797582
-0.87873393
-0.8745198
-0.8794196
-0.8818723
-0.88084686
-0.8815687
-0.88130355
-0.87558335
-0.8813834
-0.8797995
-0.8791292
-0.87953556
-0.88282615
-0.8782792
-0.8771282
-0.8815212
-0.8825784
-0.8724585
-0.87912136
-0.88211274
-0.8818588
-0.8830663
-0.87837833
-0.87757486
-0.881529
-0.87786734
-0.8690895
-0.8765233
-0.87351555
-0.86979
-0.8780302
-0.8761561
-0.87110376
-0.8720168
-0.87874174
-0.87681293
-0.86664563
-0.87045836
-0.8782126
-0.875438
-0.8705125
-0.86713576
-0.87293744
-0.87649333
-0.8776723
-0.8704363
-0.8826872
-0.87613106
-0.8782784
-0.87709033
-0.8725025
-0.8806598
-0.8818775
-0.87557054
-0.8778072
-0.877844
-0.8802653
-0.87646383
-0.8779189
-0.8802437
-0.8807665
-0.87655175
-0.8824861
-0.8778546
-0.8787645
-0.8792601
-0.8786963
-0.87674534
-0.8824496
-0.8758779
-0.8779982
-0.88301504
-0.8787217
-0.88431925
-0.8775028
-0.8764319
-0.8782956
-0.87650955
-0.8801617
-0.8790076
-0.87156147
-0.87442636
-0.87853676
-0.8783188
-0.879218
-0.87467253
-0.87743163
-0.88048816
-0.8795941
-0.8816982
-0.8782802
-0.87958187
-0.8799108
-0.8823815
-0.8814303
-0.8790169
-0.87672424
-0.878669
-0.8798581
-0.8779319
-0.88100415
-0.8770534
-0.87906283
-0.8751304
-0.8777276
-0.87989795
-0.88258845
-0.8800365
-0.8777142
-0.8756155
-0.8796581
-0.8738404
-0.87719
-0.8771016
-0.8838047
-0.8790751
-0.88299954
-0.87967104
-0.87678295
-0.8732051
-0.872888
-0.8827251
-0.8764083
-0.87285703
-0.879929
-0.87836444
-0.8776174
-0.8711169
-0.876286
-0.87490565
-0.8833459
-0.8789749
-0.87968284
-0.88025576
-0.8763987
-0.8796398
-0.87920886
-0.8759405
-0.8811656
-0.87691337
-0.8748765
-0.87367463
-0.8793901
-0.8803696
-0.8739719
-0.8824982
-0.88318825
-0.88243884
-0.88223743
-0.8778151
-0.87956476
-0.8792683
-0.87898135
-0.88133353
-0.8810109
-0.8810491
-0.8849887
-0.8777567
-0.87392044
-0.88282245
-0.8784265
-0.8820882
-0.88311815
-0.8782363
-0.87989193
-0.87822163
-0.88277996
-0.88023293
-0.8771468
-0.8812922
-0.88465595
-0.87749875
-0.87764394
-0.8821917
-0.88099235
-0.88101023
-0.8811358
-0.88583094
-0.8830363
-0.88035303
-0.88265896
-0.873227
-0.8790735
-0.8746127
-0.8760489
-0.8768936
-0.8791307
-0.88441
-0.87733215
-0.88165104
-0.8798442
-0.88252866
-0.8841456
-0.8824753
-0.87841064
-0.87848556
-0.88026255
-0.87863326
-0.8815582
-0.8751155
-0.8823403
-0.88104904
-0.8750549
-0.8745336
-0.8809088
-0.8803652
-0.8817926
-0.87790203
-0.88083154
-0.88208467
-0.87731355
-0.8793561
-0.8808745
-0.8786052
-0.876855
-0.8781265
-0.87916744
-0.88066214
-0.88185656
-0.87935317
-0.8759022
-0.8770317
-0.87732977
-0.87954557
-0.88083464
-0.87077886
-0.8792631
-0.8827452
-0.88016915
-0.87625
-0.8850463
-0.88414186
-0.8772339
-0.8795244
-0.88021815
-0.8789848
-0.8825524
-0.8787911
-0.87618273
-0.88398033
-0.8788233
-0.8750194
-0.8785927
-0.87832886
-0.8790215
-0.8809401
-0.87476015
-0.8774205
-0.8757325
-0.8751148
-0.8777752
-0.8778824
-0.8768656
-0.8782873
-0.87832856
-0.88057667
-0.8790277
-0.8817104
-0.880427
-0.8766796
-0.88392144
-0.8819007
-0.8797136
-0.87816685
-0.87950665
-0.88350624
-0.8762697
-0.87565345
-0.8784861
-0.8832196
-0.88258487
-0.88026595
-0.8775656
-0.88044906
-0.8832001
-0.8809335
-0.87651896
-0.87536085
-0.88327426
-0.8810855
-0.8799258
-0.8841946
-0.87842494
-0.88223624
-0.8801448
-0.878998
-0.8799952
-0.8819377
-0.88165784
-0.8795785
-0.88194275
-0.8875941
-0.8799215
-0.8794126
-0.8769436
-0.8787324
-0.8845577
-0.88046825
-0.8792222
-0.88441795
-0.8814734
-0.883226
-0.8804879
-0.8787267
-0.8801863
-0.8782357
-0.8802607
-0.87978786
-0.8813456
-0.88254285
-0.88272905
-0.87995857
-0.8798244
-0.8823235
-0.8814402
-0.8814577
-0.8798236
-0.8803566
-0.8820511
-0.87587875
-0.8725373
-0.8732415
-0.87605983
-0.87884945
-0.8794399
-0.8791657
-0.8742012
-0.8725503
-0.87435126
-0.8783295
-0.87815243
-0.88034236
-0.88392
-0.882493
-0.88460964
-0.88096035
-0.88458604
-0.8850171
-0.8820937
-0.8828894
-0.8785694
-0.8820762
-0.88632023
-0.88618314
-0.88706434
-0.88766795
-0.88851005
-0.8879708
-0.88718027
-0.88508
-0.8856943
-0.8825796
-0.88434124
-0.8823847
-0.88195884
-0.8811487
-0.88221556
-0.8782682
-0.8768215
-0.8783404
-0.8786661
-0.878752
-0.8795183
-0.87958056
-0.873928
-0.8851009
-0.88385165
-0.8794657
-0.87197715
-0.888735
-0.8864434
-0.8816202
-0.8826365
-0.88573176
-0.88540256
-0.87831366
-0.8833284
-0.88312376
-0.8852673
-0.8846343
-0.8838408
-0.8891067
-0.8852187
-0.88675725
-0.88891
-0.8877146
-0.88675284
-0.8844402
-0.88619286
-0.88373476
-0.88352555
-0.89027715
-0.88821954
-0.88733745
-0.8887203
-0.8869853
-0.88646054
-0.88609457
-0.88193196
-0.8798629
-0.88019186
-0.881668
-0.88578475
-0.8810341
-0.8780349
-0.87898517
-0.8794665
-0.8801251
-0.882973
-0.8801367
-0.88304657
-0.8849268
-0.8860602
-0.8808933
-0.8837966
-0.8827221
-0.88158846
-0.88517034
-0.88427544
-0.8834364
-0.8857098
-0.8847571
-0.8825858
-0.8845533
-0.88591766
-0.8845664
-0.88451195
-0.884882
-0.8858954
-0.88693094
-0.8826285
-0.88566643
-0.8875362
-0.88836914
-0.88650864
-0.8820944
-0.8833474
-0.8836607
-0.8855943
-0.8847024
-0.8864024
-0.88366365
-0.8836861
-0.88337415
-0.8873761
-0.88224614
-0.8835379
-0.8851962
-0.8872929
-0.88305837
-0.88347274
-0.8840939
-0.8822756
-0.8840186
-0.883714
-0.88405615
-0.8843934
-0.8856678
-0.8848133
-0.88473064
-0.8842432
-0.884994
-0.88617015
-0.8861227
-0.8856393
-0.8861132
-0.8863748
-0.8831424
-0.8844845
-0.8892571
-0.8863945
-0.8883658
-0.8834181
-0.8850918
-0.88060135
-0.8896786
-0.88635164
-0.88535106
-0.8834417
-0.88437366
-0.8783844
-0.8772966
-0.8834843
-0.8865575
-0.8816463
-0.87324005
-0.879414
-0.8840214
-0.8786333
-0.8822338
-0.88108206
-0.87809384
-0.87842685
-0.8794387
-0.88106275
-0.88293993
-0.88851583
-0.8887564
-0.8817171
-0.8879307
-0.8851201
-0.8841187
-0.8871066
-0.88591653
-0.8804553
-0.8842659
-0.8820949
-0.8887671
-0.887844
-0.88423043
-0.88521975
-0.88584995
-0.8827593
-0.8806689
-0.8871194
-0.8851994
-0.8846372
-0.88259655
-0.8856728
-0.88331366
-0.88712776
-0.88522846
-0.88527626
-0.88341814
-0.88517344
-0.88335305
-0.89030474
-0.8877335
-0.886069
-0.883014
-0.8819428
-0.8806589
-0.88150567
-0.88123673
-0.88595754
-0.8850039
-0.8851098
-0.8831237
-0.8830755
-0.8842468
-0.883469
-0.8817791
-0.8792877
-0.87928814
-0.8754777
-0.88222224
-0.8837777
-0.8791257
-0.8792638
-0.8763473
-0.8785496
-0.8822513
-0.87681204
-0.8784787
-0.87918025
-0.8808852
-0.87782466
-0.8764787
-0.87856597
-0.87250227
-0.88149714
-0.8798208
-0.88273716
-0.87988865
-0.8804663
-0.87707925
-0.8822289
-0.8784122
-0.8866541
-0.884356
-0.88188374
-0.87963474
-0.8771382
-0.8825482
-0.8776552
-0.88189065
-0.88479865
-0.87928236
-0.883352
-0.8849829
-0.88367957
-0.88419735
-0.8861274
-0.88747454
-0.8818443
-0.8833875
-0.8855236
-0.8780151
-0.8833795
-0.88096577
-0.88438296
-0.8848987
-0.8870095
-0.88345265
-0.8879092
-0.88614076
-0.88406605
-0.88261646
-0.8858137
-0.88842434
-0.8859707
-0.8851113
-0.8837979
-0.8836127
-0.88878375
-0.88208514
-0.88130146
-0.8799398
-0.8814802
-0.88264936
-0.88675416
-0.88064575
-0.87756455
-0.8779369
-0.87977946
-0.88574797
-0.8874075
-0.88506347
-0.8820289
-0.88475794
-0.8878904
-0.887296
-0.8864392
-0.88432866
-0.8872299
-0.890582
-0.88807875
-0.8855459
-0.8906307
-0.8862049
-0.88013977
-0.8895279
-0.8854473
-0.8873414
-0.8820682
-0.8836398
-0.8860782
-0.8822937
-0.8860185
-0.8826582
-0.8877458
-0.88546664
-0.88448316
-0.8819085
-0.88738537
-0.8801959
-0.8838521
-0.8855259
-0.882646
-0.88260657
-0.8828458
-0.880567
-0.8874194
-0.88399994
-0.8840191
-0.886875
-0.8866705
-0.8829276
-0.8822101
-0.88612205
-0.8863326
-0.88473743
-0.88125235
-0.8825827
-0.88504124
-0.8851481
-0.8875898
-0.88951135
-0.8861216
-0.8829339
-0.87628657
-0.8773923
-0.87931323
-0.8874107
-0.8822023
-0.8861382
-0.88240767
-0.88245595
-0.88325757
-0.8853597
-0.88671166
-0.88462645
-0.886761
-0.88526595
-0.88577646
-0.88743204
-0.89026946
-0.8869249
-0.8898113
-0.8842551
-0.8859922
-0.88459903
-0.88681996
-0.8828301
-0.8745682
-0.8777569
-0.884509
-0.88553697
-0.8809443
-0.8832558
-0.88179165
-0.88751227
-0.88137865
-0.88516533
-0.8827819
-0.8818516
-0.88369703
-0.88410395
-0.8846393
-0.88479066
-0.88438195
-0.8847881
-0.88675714
-0.88579065
-0.88525164
-0.8870615
-0.8858571
-0.8854925
-0.8819803
-0.88359964
-0.8827845
-0.88283914
-0.8828098
-0.88375574
-0.8825577
-0.8833514
-0.88509464
-0.884533
-0.8839422
-0.8819322
-0.88977534
-0.8870828
-0.8793945
-0.8811348
-0.87976307
-0.88153005
-0.8832887
-0.8823378
-0.8813651
-0.884541
-0.8812885
-0.8714881
-0.8759897
-0.8757265
-0.87864965
-0.8822771
-0.8802757
-0.8766016
-0.87681454
-0.88053256
-0.87655735
-0.87794054
-0.8803927
-0.8802958
-0.8730843
-0.8720858
-0.87455654
-0.88031167
-0.88334763
-0.8790219
-0.8779733
-0.87661177
-0.87664574
-0.8785294
-0.8713391
-0.8723799
-0.8731932
-0.8726242
-0.86779666
-0.87079287
-0.87993145
-0.8779344
-0.8794406
-0.87620634
-0.8742558
-0.87406224
-0.8752388
-0.8747161
-0.8720527
-0.87530303
-0.88063884
-0.8821961
-0.87668055
-0.869918
-0.8753531
-0.88027894
-0.87971085
-0.8846879
-0.8809299
-0.8810464
-0.87848836
-0.8767833
-0.8792681
-0.87937987
-0.88239783
-0.8802304
-0.87881356
-0.8819748
-0.8855211
-0.8797452
-0.87611026
-0.87503034
-0.87943184
-0.8712298
-0.8830742
-0.87615186
-0.87579733
-0.88640964
-0.8786311
-0.86974585
-0.877996
-0.88093203
-0.87538636
-0.8756143
-0.8768977
-0.88334304
-0.8766491
-0.87302834
-0.8758952
-0.88288426
-0.8792127
-0.87492776
-0.8785145
-0.8828055
-0.8790135
-0.87813646
-0.88187075
-0.8822832
-0.88002527
-0.8824992
-0.87731045
-0.8814659
-0.885971
-0.87720466
-0.8757942
-0.87817675
-0.8831403
-0.8791781
-0.8797179
-0.8821316
-0.8843634
-0.88220555
-0.8796468
-0.88392645
-0.8797653
-0.8804049
-0.8799531
-0.8836795
-0.8822758
-0.8821899
-0.8786743
-0.88009113
-0.8780299
-0.8790198
-0.8779763
-0.882297
-0.88350344
-0.87954885
-0.8877192
-0.8832473
-0.8848925
-0.88321304
-0.8812526
-0.87540406
-0.87630105
-0.8782559
-0.87798125
-0.88340616
-0.8813715
-0.88133603
-0.88414216
-0.88132036
-0.87836546
-0.8785349
-0.88069695
-0.8807554
-0.8791426
-0.8811942
-0.8851541
-0.87995523
-0.88524
-0.88260007
-0.88492715
-0.88492876
-0.88590175
-0.8809018
-0.88054067
-0.8829537
-0.88077027
-0.8843772
-0.88500327
-0.8823445
-0.8862595
-0.8829702
-0.88553435
-0.8881268
-0.8851277
-0.8817485
-0.88509417
-0.8822294
-0.8784624
-0.8822588
-0.8838209
-0.88209724
-0.8858463
-0.88801116
-0.8842096
-0.8816599
-0.88528013
-0.88566697
-0.8857004
-0.88549155
-0.8860186
-0.8845048
-0.8829513
-0.88406193
-0.880384
-0.8842508
-0.8827573
-0.88055027
-0.87984955
-0.88154066
-0.88368976
-0.8747217
-0.8805168
-0.8868024
-0.88332564
-0.8849982
-0.8822156
-0.88315827
-0.88304895
-0.8862693
-0.8851934
-0.8850149
-0.8784381
-0.8769131
-0.87956184
-0.87845844
-0.88408774
-0.88226014
-0.88305277
-0.88144934
-0.88082236
-0.87462604
-0.8783434
-0.8752508
-0.88128597
-0.8721364
-0.87862784
-0.8789238
-0.88107336
-0.87901956
-0.8820847
-0.88238597
-0.8773178
-0.87401557
-0.88201296
-0.8861176
-0.8837758
-0.88428336
-0.88266695
-0.8848934
-0.88662404
-0.88643175
-0.88230693
-0.8793513
-0.87669086
-0.8764598
-0.8851353
-0.8826594
-0.8871306
-0.88189095
-0.8825734
-0.8872696
-0.8862474
-0.88362986
-0.8849284
-0.88869697
-0.8851342
-0.8887874
-0.88660485
-0.8841135
-0.8851488
-0.8858945
-0.8837321
-0.8845875
-0.88775647
-0.88607883
-0.8858471
-0.88239664
-0.88597435
-0.88097614
-0.88544875
-0.8803996
-0.88578707
-0.87980336
-0.88654846
-0.8825581
-0.8821056
-0.8857437
-0.88071185
-0.8781301
-0.8800625
-0.8820849
-0.8830632
-0.8780069
-0.8835241
-0.8830489
-0.88126636
-0.8884159
-0.8795147
-0.8801531
-0.8836317
-0.88558275
-0.8757358
-0.88157165
-0.888271
-0.8857033
-0.8757562
-0.8831643
-0.88304996
-0.88422704
-0.8805635
-0.8832959
-0.88379675
-0.8834148
-0.8811261
-0.88530433
-0.88518494
-0.8816659
-0.88422346
-0.8865123
-0.88336504
-0.88658655
-0.8861324
-0.88476247
-0.8824577
-0.88248694
-0.88314867
-0.8917971
-0.8865231
-0.88736826
-0.8865989
-0.88889813
-0.88538164
-0.88546634
-0.8854321
-0.8887824
-0.8862468
-0.8847917
-0.88610744
-0.8829331
-0.8816718
-0.8830695
-0.8840992
-0.88065416
-0.8858461
-0.88364196
-0.87840456
-0.884403
-0.87951285
-0.88589114
-0.88075185
-0.8859261
-0.87682855
-0.8810916
-0.88424337
-0.8782752
-0.8835474
-0.8842207
-0.8888209
-0.8846546
-0.88293
-0.8858685
-0.88576686
-0.8825378
-0.88693255
-0.8872789
-0.8873788
-0.8893541
-0.8874555
-0.8817314
-0.8857401
-0.8884272
-0.8844686
-0.8845631
-0.8876073
-0.88248175
-0.8818223
-0.88637793
-0.887854
-0.8807728
-0.8822055
-0.88453996
-0.88356006
-0.8835713
-0.88463604
-0.8884
-0.88158494
-0.8876211
-0.88058734
-0.88025355
-0.8819514
-0.88084733
-0.8823192
-0.8834819
-0.8816433
-0.8851114
-0.8862009
-0.88351
-0.8842656
-0.88303196
-0.88853663
-0.88652617
-0.88782454
-0.8874771
-0.8879404
-0.88369524
-0.8869697
-0.8895738
-0.88790405
-0.8881451
-0.8873963
-0.8852916
-0.88693684
-0.887869
-0.88391334
-0.8856487
-0.88664865
-0.8833798
-0.89175373
-0.88405216
-0.8852023
-0.8835085
-0.8898055
-0.8879393
-0.88509643
-0.88744754
-0.8879016
-0.8875172
-0.8838428
-0.8854415
-0.8858085
-0.88361084
-0.89035517
-0.88750774
-0.8825348
-0.8867819
-0.88366836
-0.88427395
-0.8854528
-0.8826625
-0.8818741
-0.8846706
-0.8881807
-0.8819923
-0.8888523
-0.89045936
-0.88562155
-0.8867918
-0.886224
-0.88754904
-0.8846079
-0.8825158
-0.885575
-0.88646597
-0.8790517
-0.8856796
-0.8810623
-0.8793049
-0.8838076
-0.8796826
-0.8864322
-0.8780564
-0.88395303
-0.8839699
-0.88588303
-0.87938726
-0.8887059
-0.89114726
-0.889718
-0.8823555
-0.88839483
-0.8854118
-0.883451
-0.88948065
-0.8856836
-0.8824241
-0.8873388
-0.8893699
-0.8821351
-0.88436204
-0.88357943
-0.88491094
-0.8856915
-0.8876643
-0.8897959
-0.88758904
-0.8896787
-0.8883965
-0.88428867
-0.89026856
-0.8858734
-0.8900952
-0.8873102
-0.88742
-0.8851269
-0.88328797
-0.8872379
-0.8843623
-0.8872195
-0.8832702
-0.8832981
-0.88653696
-0.88310015
-0.88429374
-0.8872038
-0.8906461
-0.8933865
-0.89331824
-0.88724893
-0.8881716
-0.8911704
-0.8896471
-0.88565606
-0.88628966
-0.88632625
-0.888761
-0.886661
-0.88955986
-0.8893353
-0.89018726
-0.8877745
-0.8862486
-0.8821733
-0.88742435
-0.88837093
-0.88966835
-0.8879785
-0.8900066
-0.8836229
-0.8858073
-0.8876813
-0.8876497
-0.88885707
-0.8848259
-0.88633335
-0.8838051
-0.88482845
-0.8849194
-0.887244
-0.88593847
-0.88641655
-0.88551724
-0.8882558
-0.8807476
-0.88398755
-0.8886909
-0.88438505
-0.8884105
-0.8880337
-0.88951784
-0.8893502
-0.8835332
-0.8861644
-0.8860402
-0.88416886
-0.8855129
-0.8847242
-0.88311285
-0.8822625
-0.8825289
-0.8856834
-0.8850357
-0.88243544
-0.8830159
-0.8806963
-0.88793457
-0.88628113
-0.8784566
-0.88438904
-0.8863744
-0.8846555
-0.88509834
-0.88396037
-0.8837704
-0.88691574
-0.8859249
-0.8838448
-0.8900895
-0.88655823
-0.88559514
-0.8872642
-0.8897596
-0.8888051
-0.8922527
-0.8885882
-0.88271034
-0.8870712
-0.89039844
-0.88401
-0.8851553
-0.8879221
-0.89397275
-0.8929445
-0.88974524
-0.892366
-0.8809303
-0.8907828
-0.8905765
-0.88476086
-0.88277364
-0.8837866
-0.8870872
-0.88663006
-0.88760215
-0.88570577
-0.8865473
-0.89015335
-0.8905602
-0.8874279
-0.88569987
-0.8845499
-0.8887349
-0.8841596
-0.883995
-0.8853012
-0.8850607
-0.88616806
-0.888518
-0.88317454
-0.8846643
-0.89023167
-0.8851497
-0.89240515
-0.8900817
-0.8880779
-0.88713336
-0.88517785
-0.88668275
-0.8868123
-0.8832285
-0.88070196
-0.8804554
-0.8848221
-0.88092464
-0.8807515
-0.887065
-0.8879
-0.8809388
-0.88388836
-0.8852476
-0.8873771
-0.88738227
-0.89027184
-0.8895409
-0.8881282
-0.8874175
-0.8893756
-0.88382363
-0.88904417
-0.8875505
-0.88378835
-0.884456
-0.88511974
-0.88578975
-0.8866248
-0.88554
-0.8874742
-0.8861457
-0.88133717
-0.8919102
-0.88723016
-0.8833538
-0.8822381
-0.8825887
-0.88560367
-0.88751614
-0.8873083
-0.88774544
-0.8861294
-0.89178807
-0.8854916
-0.8824513
-0.88460726
-0.8833405
-0.8858901
-0.8857312
-0.88091916
-0.8877179
-0.88527185
-0.887788
-0.8914457
-0.8877778
-0.88501346
-0.8900037
-0.8871475
-0.88608223
-0.8895877
-0.8880743
-0.88476133
-0.8876725
-0.88777775
-0.8888461
-0.8865318
-0.8833522
-0.88394004
-0.8868159
-0.88693213
-0.8868853
-0.8831704
-0.887047
-0.8842051
-0.8850477
-0.88569725
-0.8870759
-0.8882298
-0.88957274
-0.8886686
-0.8885378
-0.88740015
-0.8841772
-0.8892129
-0.886565
-0.88814855
-0.88712066
-0.88367
-0.887775
-0.8879146
-0.89088863
-0.88839537
-0.8824097
-0.89021635
-0.8912774
-0.8879528
-0.88169795
-0.89017755
-0.88510287
-0.8868428
-0.8899054
-0.8855289
-0.8887671
-0.8897891
-0.8868907
-0.88437426
-0.8858736
-0.89306134
-0.88765144
-0.88907135
-0.88858163
-0.882602
-0.8840243
-0.88979375
-0.8886487
-0.88827217
-0.8922696
-0.89190364
-0.88740957
-0.8817956
-0.88136816
-0.8822246
-0.8811123
-0.88757116
-0.89023083
-0.8891509
-0.8830183
-0.8857141
-0.888797
-0.8921707
-0.89164275
-0.8845212
-0.88712335
-0.8896877
-0.885631
-0.88696826
-0.8897864
-0.8878851
