262.71603182084175
215.82425465938883
169.43087463433324
132.29540114529408
154.75663855874717
238.51463009131498
344.4787653924378
456.48199069662
201.02780454935896
151.850289856026
105.82432327026073
73.81610431990418
126.73133537730745
227.9096131597163
335.88654510828405
443.9233967267111
146.24562773421383
98.16041396556399
60.001915903586905
47.53811185365633
93.04642312137436
195.73891446281164
304.3032453075947
401.97089448382894
123.54591233785777
78.40483991629729
44.14137115769115
23.490638322111337
61.760840092619425
163.27055307448438
260.21786945612877
345.54896922236856
139.65689067106965
95.60215379123338
49.36445130948592
8.864588585247095
40.09159912722796
127.11145903666312
209.3814552130601
290.10114774678794
173.2059710187401
118.57792458327324
67.08381217209138
29.516989083623947
25.12090550512065
92.58653939037984
166.39634308373388
226.05008193539004
203.62351467626524
137.9751487736009
77.5758808345008
26.728926604907997
16.78978659331372
61.51545553721609
108.89388889635198
148.24100250471471
224.75642598613652
146.68828975443301
73.83449647625812
28.369076380102985
28.02051439736828
39.69312340620904
47.57017202950737
76.87339534439306
Mean: 146.7924367222991
