-0.7855262
-0.786488
-0.77744764
-0.7821696
-0.78783715
-0.77197194
-0.78294903
-0.7865836
-0.7848328
-0.78198665
-0.7933882
-0.77888143
-0.784687
-0.78446996
-0.7895022
-0.79033273
-0.78743225
-0.7889956
-0.78792024
-0.7774406
-0.78533185
-0.7824229
-0.79679745
-0.7836315
-0.79022187
-0.7881966
-0.7959247
-0.79121953
-0.78510517
-0.79532176
-0.79412395
-0.80141217
-0.7866105
-0.79832166
-0.80208164
-0.80160147
-0.7997198
-0.78589684
-0.7952774
-0.79670763
-0.79394794
-0.7935448
-0.8016796
-0.78542703
-0.79336345
-0.79264796
-0.7916431
-0.7898716
-0.7998988
-0.799958
-0.7906458
-0.78794086
-0.7961668
-0.7913519
-0.79956406
-0.78918827
-0.79213226
-0.79792726
-0.791139
-0.7963043
-0.7946927
-0.8000556
-0.7952008
-0.7903037
-0.7908721
-0.80582273
-0.7963348
-0.78588474
-0.8062544
-0.79979706
-0.8016974
-0.80147326
-0.80005723
-0.79940414
-0.7996087
-0.80381125
-0.79821146
-0.79868937
-0.79978436
-0.8054985
-0.80041724
-0.8016132
-0.7870486
-0.8074324
-0.7967437
-0.80768603
-0.80021715
-0.79830426
-0.80751234
-0.7981015
-0.80581844
-0.80424255
-0.79242057
-0.7960322
-0.80533457
-0.8045152
-0.8005028
-0.8027965
-0.803643
-0.80816835
-0.8133759
-0.81116176
-0.8090094
-0.8010762
-0.80646956
-0.80997914
-0.8120712
-0.80351716
-0.81344587
-0.79350024
-0.794724
-0.7952867
-0.807346
-0.8031036
-0.8065012
-0.80392486
-0.8003795
-0.8062755
-0.80782783
-0.8150085
-0.80497056
-0.80536157
-0.81158584
-0.80440193
-0.80701226
-0.81072134
-0.8071701
-0.8061594
-0.8028624
-0.8059867
-0.80503625
-0.8094331
-0.8006057
-0.80784565
-0.8107402
-0.80600023
-0.8129411
-0.8086386
-0.80291504
-0.8006403
-0.8076861
-0.79512984
-0.81067926
-0.80895364
-0.8140512
-0.81066465
-0.8087787
-0.80831695
-0.8145373
-0.8078712
-0.80699694
-0.80738705
-0.8098274
-0.8138286
-0.8127872
-0.8120623
-0.80630904
-0.80991805
-0.80494446
-0.81029874
-0.8142206
-0.81062746
-0.8214736
-0.81203735
-0.8086753
-0.8170439
-0.804489
-0.8097038
-0.80760413
-0.8050848
-0.8068002
-0.80977833
-0.80878806
-0.8048818
-0.8114798
-0.8086508
-0.8089891
-0.8161633
-0.8163031
-0.8016617
-0.81486756
-0.81118655
-0.8101292
-0.80469704
-0.80517
-0.8132785
-0.8066887
-0.80863905
-0.8072268
-0.8108673
-0.8069513
-0.81311226
-0.8112452
-0.8111042
-0.8133158
-0.81183565
-0.81479436
-0.81566495
-0.8124195
-0.81217444
-0.80476665
-0.81185776
-0.81250226
-0.8172535
-0.80363405
-0.816698
-0.8107158
-0.8114986
-0.80915344
-0.8194319
-0.81135106
-0.8207967
-0.81631774
-0.810534
-0.81359386
-0.814206
-0.808726
-0.81553495
-0.81263393
-0.8134827
-0.81745833
-0.8045325
-0.81202996
-0.8151586
-0.81344867
-0.8133407
-0.8043523
-0.809304
-0.81649786
-0.81753254
-0.81265134
-0.8179338
-0.81580323
-0.82301193
-0.8196827
-0.8182821
-0.8138819
-0.8084533
-0.81499344
-0.81037855
-0.8134496
-0.8232141
-0.81446815
-0.81619984
-0.81868917
-0.8147163
-0.822966
-0.82261187
-0.8189617
-0.8207067
-0.8098826
-0.8165089
-0.82084715
-0.81551903
-0.8248435
-0.8053446
-0.8161631
-0.8083845
-0.822953
-0.8186079
-0.81881416
-0.8118573
-0.8217967
-0.817091
-0.8174298
-0.8114091
-0.8260301
-0.81910634
-0.806898
-0.81177944
-0.8132465
-0.82003474
-0.81487983
-0.8066441
-0.82308847
-0.8178926
-0.8105619
-0.8115823
-0.8223534
-0.82071865
-0.8180466
-0.8132013
-0.8167355
-0.82622004
-0.81262106
-0.814159
-0.8147608
-0.81737465
-0.82019925
-0.820959
-0.8196037
-0.82201666
-0.8253734
-0.8187399
-0.8200798
-0.81979376
-0.8259889
-0.82600313
-0.8105455
-0.82528526
-0.8168368
-0.8167567
-0.81857324
-0.82002956
-0.8206682
-0.8169552
-0.82378757
-0.8167235
-0.8189248
-0.8203072
-0.820455
-0.82635427
-0.81708556
-0.82590204
-0.8202651
-0.81645644
-0.8197353
-0.81800884
-0.81362534
-0.82194376
-0.8181844
-0.83140177
-0.8168399
-0.8233835
-0.8211419
-0.82193774
-0.81181794
-0.8247292
-0.82739055
-0.81479484
-0.8185218
-0.8280086
-0.82953364
-0.8216566
-0.8202349
-0.8256078
-0.8190186
-0.8179276
-0.82683146
-0.8230223
-0.8256306
-0.832467
-0.8205529
-0.8242842
-0.81395656
-0.8175965
-0.81441724
-0.8299507
-0.8280113
-0.82604164
-0.81945896
-0.8203097
-0.8248917
-0.82138914
-0.81654096
-0.8160646
-0.81194
-0.8317852
-0.8195378
-0.82080257
-0.80883485
-0.8242763
-0.8264581
-0.8260981
-0.829105
-0.83561337
-0.8259512
-0.82871264
-0.83128005
-0.8207585
-0.8234409
-0.82270676
-0.8287863
-0.82781583
-0.8296673
-0.8225279
-0.82943547
-0.8275253
-0.8255892
-0.81896996
-0.81707823
-0.81964207
-0.82324076
-0.8320205
-0.8290543
-0.83502835
-0.8244927
-0.8220342
-0.8321435
-0.8293724
-0.8234652
-0.82232
-0.8280838
-0.8214013
-0.82782054
-0.82875437
-0.81734556
-0.82662076
-0.81489956
-0.827935
-0.8212335
-0.82946277
-0.83088475
-0.8304148
-0.8334723
-0.815038
-0.8324778
-0.83004755
-0.82197416
-0.82621974
-0.8359953
-0.82370764
-0.8271612
-0.8242746
-0.8301331
-0.8261162
-0.8367073
-0.82021916
-0.82727236
-0.82319057
-0.8294386
-0.82710326
-0.82580346
-0.82950014
-0.8369465
-0.8298627
-0.8299595
-0.8172505
-0.8195655
-0.8263355
-0.8358675
-0.8275023
-0.82432336
-0.8266297
-0.8264002
-0.8271864
-0.82472485
-0.8284043
-0.8256795
-0.82851976
-0.8306449
-0.8285618
-0.8391076
-0.83043855
-0.83021516
-0.8283026
-0.8246959
-0.8151372
-0.8267521
-0.8310046
-0.8333816
-0.8282105
-0.83230716
-0.83103526
-0.82819325
-0.8330197
-0.8219207
-0.8249891
-0.8263077
-0.8252076
-0.8267899
-0.8324094
-0.83167785
-0.8290502
-0.83408785
-0.83503145
-0.8302976
-0.8345483
-0.8256404
-0.8318519
-0.8282874
-0.8354006
-0.8340089
-0.8381399
-0.83300716
-0.8339231
-0.82795244
-0.82484347
-0.8299889
-0.83345366
-0.8321381
-0.8243571
-0.8382415
-0.8339372
-0.8314693
-0.828766
-0.83385783
-0.8252479
-0.8340559
-0.829812
-0.8291784
-0.8288585
-0.8273321
-0.83362645
-0.8396955
-0.8290492
-0.8289809
-0.8332698
-0.8315082
-0.83418673
-0.8374709
-0.8322603
-0.8321544
-0.829329
-0.8342143
-0.83372337
-0.82989067
-0.8221449
-0.8337783
-0.83151114
-0.82636404
-0.82963
-0.8305692
-0.82266134
-0.82769316
-0.8354021
-0.83037585
-0.8382248
-0.8237089
-0.8350486
-0.8319113
-0.8356031
-0.83575034
-0.8356629
-0.8383311
-0.8367081
-0.82991487
-0.8365529
-0.8341929
-0.83190584
-0.8300912
-0.8320766
-0.830754
-0.8403495
-0.83510864
-0.8287761
-0.8228169
-0.8341227
-0.8320061
-0.83935136
-0.83847165
-0.8380638
-0.8354644
-0.8301753
-0.83714855
-0.8293287
-0.8322598
-0.8360498
-0.8334936
-0.8325732
-0.8329119
-0.82660663
-0.8312668
-0.8339361
-0.83295727
-0.82782483
-0.8359242
-0.83249396
-0.8356696
-0.8347189
-0.832367
-0.8290475
-0.84061664
-0.83433443
-0.8392125
-0.8262651
-0.83408666
-0.82761157
-0.8341873
-0.8330788
-0.8337684
-0.82998675
-0.8355348
-0.8347272
-0.82943827
-0.8401437
-0.8278108
-0.8344914
-0.8274732
-0.83201337
-0.83371884
-0.83874494
-0.8384432
-0.841246
-0.8355937
-0.8361205
-0.83578044
-0.83634686
-0.83631825
-0.8329226
-0.8318199
-0.8331141
-0.83627075
-0.8308377
-0.8382033
-0.83133364
-0.82886684
-0.83527344
-0.8343131
-0.83831114
-0.84368736
-0.8362289
-0.8406946
-0.83701164
-0.83917236
-0.82959265
-0.83491087
-0.8314029
-0.8302211
-0.8340773
-0.84314996
-0.83754766
-0.8416767
-0.8375815
-0.8351266
-0.83263695
-0.83944863
-0.83089924
-0.8414075
-0.83410114
-0.8381765
-0.83587146
-0.83512706
-0.844598
-0.84529084
-0.83995533
-0.8411203
-0.8365674
-0.8402858
-0.8393828
-0.83745676
-0.83124465
-0.8395852
-0.8357782
-0.8304728
-0.8332735
-0.83186525
-0.84243894
-0.8411513
-0.8296096
-0.84297043
-0.8367731
-0.83094174
-0.84015965
-0.82868
-0.83464223
-0.8364815
-0.8359648
-0.8359842
-0.83645344
-0.84487534
-0.836592
-0.84091014
-0.84422314
-0.82887363
-0.84586006
-0.8476223
-0.8348112
-0.8356244
-0.8356626
-0.8385414
-0.8348299
-0.84215003
-0.8345055
-0.83588946
-0.8447342
-0.83344746
-0.84574926
-0.8380624
-0.83763725
-0.8330376
-0.8389027
-0.8398406
-0.8437662
-0.83576953
-0.8343991
-0.83798134
-0.8372725
-0.8386258
-0.8421213
-0.84068763
-0.8364201
-0.83779883
-0.8471192
-0.83570224
-0.84032184
-0.8449282
-0.8446821
-0.8374406
-0.84650904
-0.8388801
-0.83536327
-0.8420427
-0.8362552
-0.84055173
-0.84512556
-0.8448804
-0.83231485
-0.8429528
-0.83515084
-0.8410537
-0.84082866
-0.83429307
-0.8384827
-0.84147584
-0.83562243
-0.8486668
-0.84875387
-0.8423448
-0.8397757
-0.83463335
-0.84124607
-0.83987516
-0.84452844
-0.83700883
-0.83591694
-0.8436481
-0.83533615
-0.8446067
-0.84366095
-0.8343605
-0.843926
-0.8458462
-0.8291818
-0.8464681
-0.84177077
-0.8457558
-0.8447439
-0.8421171
-0.84675187
-0.83534425
-0.8370939
-0.838666
-0.84294236
-0.8385306
-0.8418292
-0.84277076
-0.84176654
-0.84328055
-0.84133786
-0.8477302
-0.843199
-0.83658236
-0.8421956
-0.83545583
-0.8471942
-0.8497695
-0.8431891
-0.8381523
-0.8430412
-0.84037405
-0.84054005
-0.8424869
-0.8344033
-0.8337126
-0.8415314
-0.8381142
-0.8410989
-0.84624803
-0.83829176
-0.8441809
-0.84488356
-0.8355472
-0.8426834
-0.8447036
-0.8463487
-0.84335893
-0.84653986
-0.83995694
-0.84129936
-0.8417978
-0.8416291
-0.84169114
-0.8441159
-0.8387544
-0.8377185
-0.841093
-0.8478043
-0.84284043
-0.8534757
-0.8404013
-0.83475465
-0.84817827
-0.84051067
-0.8497087
-0.85257673
-0.8375943
-0.8466423
-0.84841317
-0.8403936
-0.8462948
-0.8437508
-0.84343666
-0.8491851
-0.8480407
-0.8409328
-0.8439165
-0.84866464
-0.84336317
-0.842691
-0.8458913
-0.85279787
-0.84438753
-0.8462063
-0.84553385
-0.84868157
-0.8448191
-0.8436941
-0.8348719
-0.84641135
-0.84829164
-0.8381629
-0.85006034
-0.8373421
-0.8450803
-0.8458645
-0.84270585
-0.8496309
-0.8411601
-0.85286295
-0.8481856
-0.84433126
-0.8407927
-0.8378573
-0.8391828
-0.84316117
-0.8400505
-0.83831334
-0.84361136
-0.83984673
-0.84298503
-0.84635603
-0.839005
-0.8448612
-0.8444403
-0.84971637
-0.8446098
-0.8461909
-0.8476284
-0.84484214
-0.8467668
-0.8475317
-0.8413707
-0.85307205
-0.84636533
-0.8455689
-0.84369624
-0.848729
-0.83757365
-0.84615284
-0.8417829
-0.83986515
-0.85416555
-0.84004325
-0.848229
-0.85182536
-0.84318936
-0.84363395
-0.84552175
-0.8443295
-0.8436609
-0.84115463
-0.8523869
-0.84865975
-0.84812003
-0.84211326
-0.83776456
-0.849726
-0.8514776
-0.8424883
-0.8504957
-0.84787
-0.84723485
-0.8408769
-0.84157044
-0.84632504
-0.8376541
-0.85283905
-0.8509516
-0.84815454
-0.8482046
-0.84598416
-0.83836454
-0.84895325
-0.8477449
-0.8515874
-0.8518952
-0.84097487
-0.8485325
-0.8516521
-0.84052485
-0.84823793
-0.8483588
-0.8459964
-0.85417885
-0.8506469
-0.84805065
-0.8561285
-0.8406643
-0.8475903
-0.850119
-0.8513601
-0.84492207
-0.8486764
-0.8453709
-0.8454711
-0.8440949
-0.8448554
-0.85777426
-0.8534463
-0.8471466
-0.8505218
-0.8421126
-0.8494848
-0.8443086
-0.85537326
-0.8470171
-0.8446343
-0.8448899
-0.8489731
-0.84761107
-0.8479796
-0.8504056
-0.8501932
-0.85073376
-0.83823097
-0.8449049
-0.8414865
-0.84514815
-0.84951526
-0.8517303
-0.8490704
-0.84770715
-0.84728724
-0.8476869
-0.8450998
-0.8521772
-0.84981525
-0.84816
-0.84807545
-0.8481155
-0.85668844
-0.84549034
-0.85568225
-0.85097784
-0.85183877
-0.8515526
-0.85347193
-0.85170275
-0.84593487
-0.84515876
-0.8512398
-0.84640193
-0.8455384
-0.85180193
-0.8575777
-0.8524919
-0.8529037
-0.8483287
-0.8465106
-0.85337174
-0.8498645
-0.84789324
-0.84175307
-0.84791833
-0.85616094
-0.8504776
-0.8537309
-0.851456
-0.85674816
-0.8526897
-0.8539281
-0.8581674
-0.85487515
-0.84316224
-0.85335207
-0.8570022
-0.852347
-0.85129344
-0.8579528
-0.8423999
-0.84564656
-0.8458569
-0.847386
-0.85575044
-0.8452747
-0.85311526
-0.8534036
-0.846363
-0.85806334
-0.8570018
-0.85858446
-0.8513149
-0.85799444
-0.85319096
-0.85318387
-0.8616017
-0.8578937
-0.8516942
-0.8499825
-0.8542288
-0.855973
-0.85449344
-0.8520132
-0.85001796
-0.8464216
-0.85195106
-0.85363996
-0.85258263
-0.8511798
-0.8535114
-0.85233015
-0.8531786
-0.85003906
-0.851172
-0.85471493
-0.85067225
-0.851819
-0.8536228
-0.8518678
-0.85393184
-0.854408
-0.85360676
-0.85399544
-0.84944034
-0.86020076
-0.8586262
-0.85455215
-0.85338247
-0.8536329
-0.8518709
-0.85883266
-0.8532579
-0.8550943
-0.8571896
-0.85576797
-0.85228556
-0.85952806
-0.85028124
-0.8499262
-0.85438716
-0.854177
-0.86067927
-0.8594912
-0.84815335
-0.85179406
-0.8472024
-0.8569722
-0.84822667
-0.85708326
-0.8531579
-0.85197157
-0.86045796
-0.85497904
-0.85327977
-0.85367703
-0.8507071
-0.85514873
-0.859005
-0.8533817
-0.8572827
-0.85578763
-0.85670096
-0.85930085
-0.85144377
-0.85237765
-0.85649234
-0.85177255
-0.8467688
-0.8595408
-0.85041463
-0.8571966
-0.860248
-0.8515463
-0.852831
-0.8556793
-0.852241
-0.8522575
-0.85996467
-0.8540462
-0.8499964
-0.85117406
-0.85216415
-0.8576088
-0.8585969
-0.8539628
-0.85569906
-0.8561493
-0.86224216
-0.8502848
-0.8504584
-0.8592968
-0.8593829
-0.85512686
-0.8604214
-0.8514645
-0.8525188
-0.86090654
-0.85607433
-0.8595509
-0.8535492
-0.8545289
-0.8569201
-0.8578602
-0.85683274
-0.8564993
-0.855427
-0.8490885
-0.859784
-0.8608181
-0.8537735
-0.85310864
-0.86054355
-0.8556386
-0.8562118
-0.8628226
-0.8528447
-0.8503575
-0.8613455
-0.8617584
-0.8566675
-0.860357
-0.8569355
-0.8530033
-0.85837907
-0.86371446
-0.8518113
-0.86099577
-0.85940605
-0.8554377
-0.8585523
-0.8575031
-0.8590727
-0.85593146
-0.86190236
-0.8611562
-0.8593151
-0.84781486
-0.85777074
-0.8597562
-0.8537046
-0.8600252
-0.8561946
-0.85907847
-0.8601114
-0.8598782
-0.85453117
-0.8577393
-0.8535714
-0.8535686
-0.861738
-0.8606989
-0.8539848
-0.8554743
-0.85755795
-0.8588299
-0.85695547
-0.861021
-0.8534243
-0.85772383
-0.8510048
-0.86332846
-0.8524122
-0.86177266
-0.8570107
-0.86096966
-0.85883
-0.85134184
-0.85570455
-0.86374176
-0.85478044
-0.8567334
-0.85792387
-0.85863703
-0.85697484
-0.85850394
-0.86391324
-0.85236824
-0.85857314
-0.85530686
-0.8617115
-0.8520866
-0.86443
-0.8610423
-0.85902405
-0.85954934
-0.8482397
-0.8592467
-0.86264545
-0.8618793
-0.86186874
-0.8640522
-0.85854113
-0.8567643
-0.85010964
-0.8533588
-0.86039096
-0.8655064
-0.85891783
-0.8603409
-0.855854
-0.85963774
-0.8630746
-0.8668751
-0.8603221
-0.8599573
-0.8662354
-0.8561993
-0.8630864
-0.85902196
-0.8595862
-0.8637265
-0.8589509
-0.86101764
-0.8559845
-0.85919106
-0.8620066
-0.85570616
-0.86595166
-0.86056155
-0.8617488
-0.8613966
-0.8638218
-0.8634299
-0.858795
-0.8569467
-0.863181
-0.8595679
-0.8620397
-0.8593799
-0.86631024
-0.8632553
-0.85873085
-0.8631649
-0.8539968
-0.85387486
-0.86015946
-0.86937606
-0.864367
-0.86306524
-0.8631176
-0.8630108
-0.85729676
-0.8668472
-0.8632951
-0.8600891
-0.8604393
-0.86012954
-0.866835
-0.8641004
-0.86209476
-0.86451083
-0.86562955
-0.85973287
-0.8639204
-0.86588824
-0.8610489
-0.8592263
-0.8546148
-0.86201817
-0.86594623
-0.85799193
-0.8610672
-0.8575191
-0.8617131
-0.86295134
-0.8625936
-0.866054
-0.8599053
-0.8564737
-0.86223847
-0.8608793
-0.85817415
-0.8663659
-0.86604315
-0.8647907
-0.865573
-0.8625453
-0.863945
-0.85801905
-0.86475176
-0.86440015
-0.8642452
-0.86347735
-0.8662357
-0.86054814
-0.861567
-0.8608507
-0.8623327
-0.86423063
-0.86530674
-0.8688403
-0.86997265
-0.86268383
-0.86823285
-0.8649658
-0.8656697
-0.86786026
-0.8688185
-0.86763674
-0.8622979
-0.8649534
-0.8695011
-0.8660051
-0.853793
-0.86698127
-0.8614865
-0.8645238
-0.8662866
-0.86819744
-0.86059463
-0.8699903
-0.8705986
-0.8598994
-0.8647332
-0.8657236
-0.86342674
-0.8652551
-0.86776525
-0.86494255
-0.86782515
-0.8675493
-0.86314416
-0.8574804
-0.8629416
-0.86545056
-0.8643814
-0.86928076
-0.8690698
-0.8609932
-0.87094307
-0.8652284
-0.8666734
-0.8659915
-0.86766684
-0.86621773
-0.86308956
-0.86035436
-0.8654546
-0.8625784
-0.86700284
-0.8642108
-0.865378
-0.86370754
-0.8620118
-0.86608773
-0.8640813
-0.8685302
-0.8649386
-0.8625454
-0.8756299
-0.86476564
-0.8739009
-0.8627422
-0.8654694
-0.87075514
-0.8671977
-0.86733866
-0.8714218
-0.87008137
-0.86880004
-0.87199056
-0.8669613
-0.8663302
-0.8707835
-0.8714989
-0.86330485
-0.86627674
-0.8630239
-0.8659049
-0.8712645
-0.86322004
-0.8713415
-0.86979026
-0.8688843
-0.8639609
-0.8722141
-0.86708236
-0.8725921
-0.86430913
-0.87030846
-0.8700791
-0.8691127
-0.8681371
-0.8717114
-0.86616063
-0.8733611
-0.86709625
-0.87169176
-0.86819375
-0.86666316
-0.86840224
-0.8694341
-0.8764948
-0.8708396
-0.87210876
-0.86482865
-0.86437637
-0.8662289
-0.87233615
-0.87267023
-0.867321
-0.868635
-0.8586103
-0.86968005
-0.87073666
-0.8701558
-0.8669959
-0.86944515
-0.8630697
-0.8686698
-0.87254596
-0.8691891
-0.86823136
-0.8688624
-0.86613774
-0.86564445
-0.87187296
-0.8729538
-0.8692563
-0.8695107
-0.86814684
-0.86991304
-0.86809975
-0.8691419
-0.86093926
-0.8678239
-0.86187965
-0.8678517
-0.87499386
-0.8713371
-0.8701985
-0.86270314
-0.869455
-0.8706833
-0.8768526
-0.8717476
-0.86978275
-0.875385
-0.87189144
-0.8733597
-0.86934966
-0.87009954
-0.87180394
-0.8707197
-0.8747413
-0.873413
-0.86790925
-0.8718186
-0.86657035
-0.8696111
-0.87398493
-0.87024325
-0.8712024
-0.86832535
-0.8753171
-0.874231
-0.8723084
-0.87317604
-0.86912245
-0.86454344
-0.8736235
-0.87110436
-0.87016493
-0.8699425
-0.8637884
-0.8757714
-0.8731136
-0.8709531
-0.8668098
-0.8736576
-0.8719144
-0.8686944
-0.8761956
-0.87530077
-0.87365055
-0.87148035
-0.8759064
-0.88008624
-0.8696693
-0.8694338
-0.865599
-0.8772859
-0.8655477
-0.873186
-0.8669994
-0.878186
-0.87076384
-0.8710214
-0.8689899
-0.87477547
-0.8703011
-0.8786759
-0.87063944
-0.8743025
-0.86846787
-0.86607015
-0.8713655
-0.8744656
-0.8724146
-0.87101823
-0.86938894
-0.8786122
-0.8745522
-0.8712589
-0.8734755
-0.87634665
-0.8745775
-0.8772225
-0.8720589
-0.8763374
-0.8723192
-0.87038916
-0.8767658
-0.8658252
-0.8754722
-0.8740083
-0.8765099
-0.86996186
-0.8781482
-0.8723858
-0.874973
-0.8776581
-0.87867504
-0.87612575
-0.8753946
-0.8803026
-0.87652993
-0.87025803
-0.8733953
-0.8741743
-0.8748468
-0.87230027
-0.87346995
-0.8775521
-0.8727513
-0.8690344
-0.8718826
-0.8690479
-0.8756234
-0.8766997
-0.8714215
-0.8786085
-0.8736627
-0.8766472
-0.8779035
-0.87006295
-0.87353736
-0.8680456
-0.87715095
-0.8710913
-0.8793431
-0.8746433
-0.88099307
-0.87797016
-0.87449044
-0.87815905
-0.8820461
-0.8776177
-0.879648
-0.8738798
-0.8728885
-0.87434924
-0.87849337
-0.8763164
-0.87990975
-0.87601215
-0.8765525
-0.8777376
-0.8705307
-0.8763252
-0.8750633
-0.88194245
-0.8836975
-0.8801187
-0.87464315
-0.8740406
-0.8810068
-0.87849426
-0.8774169
-0.8774925
-0.8792885
-0.87210065
-0.8756802
-0.8770879
-0.8796719
-0.87688124
-0.87833095
-0.8813929
-0.8741304
-0.8819421
-0.8780908
-0.8766856
-0.87604445
-0.87657994
-0.88359845
-0.87733555
-0.88392913
-0.8805937
-0.8792522
-0.87924
-0.8859801
-0.8748909
-0.88174367
-0.8759454
-0.8863865
-0.8794696
-0.8784653
-0.88006586
-0.88129646
-0.8793972
-0.88695866
-0.8813082
-0.88391995
-0.87979156
-0.8845282
-0.8842623
-0.88097197
-0.8842419
-0.88290733
-0.88724446
-0.88284445
-0.87737507
-0.87910306
-0.8817776
-0.8809942
-0.8821739
-0.88426244
-0.88087904
-0.8769644
-0.87977755
-0.8806241
-0.8824995
-0.8812894
-0.893725
-0.88988686
-0.8843677
-0.8880643
-0.8841018
-0.8804445
-0.8860782
-0.8870645
-0.8873341
-0.88444644
-0.88840455
-0.88796765
-0.88601804
-0.8809949
-0.88236165
-0.8829719
-0.8875395
-0.8865459
-0.8893919
-0.88749546
-0.88592833
-0.8855946
-0.8885139
-0.88274115
-0.88210917
-0.89086616
-0.8856234
-0.88422
-0.8855644
-0.88239837
-0.8883049
-0.8879762
-0.88598007
-0.8847265
-0.88868994
-0.88477165
-0.8885318
-0.89019966
-0.88522995
-0.8914001
-0.8884077
-0.8886847
-0.88540995
-0.891204
-0.8845465
-0.89080954
-0.8854394
-0.88315076
-0.88818073
-0.88848025
-0.8936893
-0.8877967
-0.88588715
-0.88646716
-0.8915267
-0.8899519
-0.8872852
-0.88868755
-0.8889073
-0.891783
-0.8862979
-0.88850623
-0.89040935
-0.8896836
-0.89163977
-0.8891905
-0.8909412
-0.88939
-0.89018965
-0.8865578
-0.8896459
-0.8916896
-0.8907789
-0.88963866
-0.88824606
-0.8896413
-0.8832962
-0.88869154
-0.8914607
-0.8916578
-0.88785964
-0.89348763
-0.89220965
-0.8866299
-0.8861625
-0.8856864
-0.8860459
-0.8901917
-0.8905261
-0.8941974
-0.8918854
-0.8913813
-0.8886036
-0.887179
-0.8892059
-0.8857267
-0.88808894
-0.88932455
-0.89749056
-0.89294225
-0.8935514
-0.8939449
-0.8920097
-0.88796806
-0.8954636
-0.8933923
-0.89396554
-0.8918937
-0.8918266
-0.8908414
-0.8934659
-0.8871598
-0.89196634
-0.88923955
-0.89461184
-0.8913891
-0.88978314
-0.89541745
-0.893417
-0.89160216
-0.8924028
-0.89179265
-0.89492136
-0.8929554
-0.8939253
-0.89247334
-0.89622283
-0.89308774
-0.8928006
-0.8913715
-0.89105
-0.8924702
-0.8928847
-0.8887687
-0.88797104
-0.8921499
-0.89752024
-0.8940555
-0.89364904
-0.89491916
-0.8935483
-0.88858634
-0.8950512
-0.89502126
-0.8959492
-0.89739776
-0.8961534
-0.89923495
-0.9013878
-0.8891916
-0.8912201
-0.89871603
-0.89383173
-0.8969399
-0.895609
-0.8943249
-0.88952124
-0.8952104
-0.8974224
-0.89571065
-0.8949258
-0.8949754
-0.89874125
-0.8949193
-0.9000205
-0.8930999
-0.89817774
-0.8953901
-0.8939688
-0.89254975
-0.8891756
-0.89802444
-0.894697
-0.8959167
-0.89697117
-0.89723563
-0.89181685
-0.8966151
-0.8956028
-0.8969591
-0.897172
-0.89228153
-0.89957935
-0.8955565
-0.8967233
-0.89994264
-0.89679426
-0.9046784
-0.9020514
-0.8922361
-0.89937645
-0.88996166
-0.8947531
-0.9020213
-0.89699936
-0.894653
-0.89681745
-0.89827687
-0.9010015
-0.8954062
-0.89332753
-0.89561754
-0.89900875
-0.8957778
-0.89439183
-0.8954009
-0.892004
-0.89410114
-0.89726424
-0.89519584
-0.89618254
-0.90085435
-0.89714247
-0.8942765
-0.89710206
-0.900393
-0.89561725
-0.90031755
-0.90062577
-0.89695024
-0.9000007
-0.8986344
-0.89859587
-0.9017185
-0.8973454
-0.8990245
-0.8980117
-0.89986104
-0.8992458
-0.898122
-0.8914923
-0.89801157
-0.8974733
-0.8981532
-0.9000699
-0.8973646
-0.8995332
-0.8981761
-0.90029246
-0.9007745
-0.89740926
-0.8985797
-0.9020441
-0.90145606
-0.9023466
-0.9009501
-0.9037067
-0.8983684
-0.90049607
-0.90030825
-0.903855
-0.8983189
-0.90071917
-0.90417033
-0.90154344
-0.9006346
-0.8986434
-0.8994316
-0.9010198
-0.9039504
-0.9019226
-0.89612216
-0.90116173
-0.90288323
-0.9033679
-0.89755285
-0.9030611
-0.9033625
-0.9027279
-0.8998716
-0.9018394
-0.90494937
-0.9027537
-0.9037665
-0.90209895
-0.89900976
-0.90099096
-0.9030604
-0.8953791
-0.89951015
-0.90361315
-0.90231246
-0.9056571
-0.9024392
-0.9035655
-0.9014353
-0.90108174
-0.9034978
-0.90034914
-0.90416867
-0.90407866
-0.9047262
-0.9042836
-0.8974198
-0.9013073
-0.9052401
-0.8981577
-0.90534145
-0.9035599
-0.8991
-0.9081403
-0.903957
-0.90482056
-0.9037129
-0.8998202
-0.90056235
-0.89976704
-0.9010976
-0.90559465
-0.9027642
-0.90372056
-0.9001635
-0.90068495
-0.90235263
-0.90276265
-0.9000898
-0.9025218
-0.9025953
-0.90459335
-0.90438414
-0.90386844
-0.90255713
-0.89943874
-0.9049902
-0.90009344
-0.8999575
-0.9074855
-0.90357006
-0.90418243
-0.90557146
-0.9039736
-0.9054814
-0.90574086
-0.90088797
-0.90556085
-0.9054848
-0.90512156
-0.9038656
-0.90516704
-0.906052
-0.9052487
-0.90223384
-0.9015124
-0.8982829
-0.9055558
-0.9053193
-0.9034847
-0.9035592
-0.90929717
-0.906397
-0.9071905
-0.9081107
-0.9091077
-0.90808666
-0.9069862
-0.90284264
-0.90248126
-0.9023534
-0.905603
-0.90683633
-0.9028069
-0.90621936
-0.906134
-0.9099208
-0.9065538
-0.9034621
-0.90171397
-0.9041295
-0.90412194
-0.9068022
-0.9051652
-0.9042721
-0.9080203
-0.90494996
-0.909592
-0.9071209
-0.9108837
-0.90446204
-0.9096766
-0.9005911
-0.9055073
-0.90634745
-0.90575624
-0.9103952
-0.906154
-0.906126
-0.90472215
-0.90527135
-0.9055548
-0.9113471
-0.90846634
-0.90872425
-0.90548986
-0.9127245
-0.9089187
-0.9033791
-0.91002876
-0.90925723
-0.90566874
-0.90746355
-0.90326977
-0.9088418
-0.90599656
-0.9063017
-0.9077622
-0.90653855
-0.9075691
-0.9075586
-0.9113668
-0.90823424
-0.9117538
-0.90676326
-0.9062978
-0.9065462
-0.90744036
-0.90477085
-0.90788996
-0.90667677
-0.9062219
-0.90969586
-0.90045506
-0.9101384
-0.9100266
-0.90680116
-0.9060716
-0.900447
-0.9036171
-0.9073006
-0.9051889
-0.9102718
-0.90713197
-0.9099847
-0.90851414
-0.9071655
-0.910586
-0.9146285
-0.90815014
-0.90885186
-0.90741223
-0.9104948
-0.9051097
-0.90740126
-0.9109235
-0.9073777
-0.9082238
-0.9082623
-0.9059113
-0.9089424
-0.9081736
-0.9115781
-0.90812576
-0.9083763
-0.9113615
-0.9135209
-0.9067035
-0.90524423
-0.909846
-0.9093983
-0.91111994
-0.90687627
-0.90912074
-0.9064158
-0.9092281
-0.9098205
-0.91114014
-0.91229403
-0.9079379
-0.91041994
-0.90843165
-0.908051
-0.90792173
-0.9100841
-0.90970516
-0.9088816
-0.9079825
-0.9072129
-0.91211486
-0.9115096
-0.90693206
-0.9064994
-0.90975434
-0.9087005
-0.90967906
-0.91270345
-0.9039678
-0.9104766
-0.90955466
-0.9050641
-0.90685165
-0.91112876
-0.91327685
-0.9135092
-0.91130453
-0.90440327
-0.91157174
-0.91429436
-0.90956575
-0.9096589
-0.909655
-0.90656805
-0.908443
-0.90709996
-0.91174185
-0.91494215
-0.91197616
-0.90860736
-0.9103362
-0.9126562
-0.9116753
-0.90889466
-0.906265
-0.91412693
-0.91052425
-0.9086087
-0.909621
-0.909053
-0.90731937
-0.90881413
-0.9104446
-0.90876675
-0.9103456
-0.9112735
-0.91312987
-0.909152
-0.9070604
-0.91277194
-0.9112324
-0.91325593
-0.91106933
-0.90927184
-0.9073339
-0.9122929
-0.9117317
-0.9155018
-0.91236186
-0.9091327
-0.91433984
-0.90914875
-0.9077452
-0.9099722
-0.90889305
-0.91337174
-0.9129837
-0.91194
-0.9116234
-0.91263235
-0.9107095
-0.9139916
-0.90625226
-0.912335
-0.9101541
-0.91258395
-0.9175099
-0.91363883
-0.9104745
-0.9094796
-0.9060699
-0.9120612
-0.90812635
-0.9083834
-0.9153765
-0.9119475
-0.9114926
-0.91210955
-0.9197692
-0.9095045
-0.91123664
-0.909915
-0.91569716
-0.91221875
-0.91423976
-0.9131381
-0.91554284
-0.91375077
-0.9088589
-0.91293055
-0.914637
-0.9067603
-0.9148728
-0.9122094
-0.9129003
-0.90836567
-0.9121431
-0.9114692
-0.9167569
-0.9133972
-0.9063727
-0.9084251
-0.91116047
-0.91028726
-0.9157982
-0.91688865
-0.9122093
-0.9110838
-0.9137443
-0.9117463
-0.91318125
-0.9122658
-0.9136157
-0.91011083
-0.91332364
-0.9132286
-0.91429985
-0.9163674
-0.91385347
-0.91267645
-0.9175279
-0.9182326
-0.912921
-0.910771
-0.91177225
-0.9186345
-0.9133477
-0.9114283
-0.9100484
-0.9102844
-0.9159515
-0.91343135
-0.91148424
-0.91372174
-0.91515815
-0.9099346
-0.9121085
-0.91654575
-0.9127636
-0.9101504
-0.91518795
-0.91370755
-0.9145989
-0.9159303
-0.9139505
-0.91442317
-0.91249573
-0.9123726
-0.91438776
-0.9132196
-0.914423
-0.9135658
-0.91651005
-0.9146317
-0.9142027
-0.9150224
-0.9141482
-0.9161203
-0.9095072
-0.91623163
-0.9117585
-0.9127092
-0.91455734
-0.9099799
-0.9110083
-0.91515595
-0.9108992
-0.9187825
-0.9145705
-0.91164005
-0.91492176
-0.9154177
-0.9122847
-0.9138612
-0.9137964
-0.914168
-0.91590285
-0.9182345
-0.9191128
-0.9166008
-0.91599077
-0.91421306
-0.9150423
-0.91640085
-0.9179878
-0.9157304
-0.9117032
-0.9183745
-0.91554934
-0.91261035
-0.91634226
-0.9174104
-0.9117435
-0.9121733
-0.9145475
-0.9147118
-0.9159154
-0.9141121
-0.91388273
-0.91555303
-0.91462433
-0.9174928
-0.91706634
-0.9172085
-0.91575515
-0.9169357
-0.9121179
-0.91583604
-0.91721845
-0.9195243
-0.91628647
-0.9144162
-0.9209285
-0.91390014
-0.9121455
-0.9126321
-0.919264
-0.9160359
-0.91351193
-0.9147228
-0.9164068
-0.9184105
-0.9176843
-0.91609704
-0.9117884
-0.9179333
-0.9167172
-0.91569835
-0.91084224
-0.9138823
-0.91091794
-0.91235524
-0.9135582
-0.913566
-0.9170054
-0.9175236
-0.9166778
-0.91365343
-0.91669947
-0.9145508
-0.91519344
-0.9140448
-0.91637677
-0.9125202
-0.9136629
-0.9116499
-0.91804725
-0.91611326
-0.9172697
-0.91568553
-0.9144922
-0.91395825
-0.91894525
-0.9200398
-0.9133138
-0.91485417
-0.91601855
-0.91776884
-0.91722995
-0.91651195
-0.92031
-0.9191212
-0.9118391
-0.9198636
-0.91641057
-0.91706496
-0.9159761
-0.9172912
-0.91450566
-0.91355455
-0.9160768
-0.92014235
-0.91822004
-0.916266
-0.91534376
-0.9159653
-0.91738504
-0.9153735
-0.9178335
-0.9157391
-0.91646945
-0.91788656
-0.91457695
-0.9225845
-0.9197858
-0.9178538
-0.914395
-0.91532725
-0.9171976
-0.9218921
-0.91580915
-0.9161738
-0.91331357
-0.91563493
-0.9147848
-0.9195381
-0.9181237
-0.91652197
-0.9173139
-0.91856396
-0.91937196
-0.9184372
-0.91725236
-0.9199101
-0.92045575
-0.916427
-0.91888773
-0.9135541
-0.91601276
-0.9199507
-0.916235
-0.914893
-0.9167645
-0.9188863
-0.91903293
-0.91432536
-0.91800326
-0.9175697
-0.9169902
-0.91803396
-0.9212623
-0.9211954
-0.91578436
-0.9184569
-0.918133
-0.9166836
-0.91741806
-0.9182301
-0.92156196
-0.92009294
-0.9200174
-0.9177133
-0.9210178
-0.91742563
-0.91978693
-0.9173182
-0.92028576
-0.921107
-0.91445714
-0.9172101
-0.9185498
-0.91940045
-0.9196359
-0.9182513
-0.91440195
-0.91549456
-0.918
-0.9148599
-0.9175299
-0.9202278
-0.91565573
-0.9180851
-0.9179917
-0.918684
-0.92296606
-0.91949624
-0.9176166
-0.9169315
-0.9187758
-0.9194699
-0.92143714
-0.9193258
-0.91720545
-0.91988283
-0.91936123
-0.91965795
-0.92111415
-0.919703
-0.92051804
-0.9231383
-0.9226956
-0.91908234
-0.92249364
-0.91831565
-0.9175606
-0.9185556
-0.91446674
-0.92046756
-0.92067116
-0.9162967
-0.91901785
-0.92000574
-0.92228085
-0.92254174
-0.9204276
-0.918458
-0.9189354
-0.92212653
-0.91762966
-0.9196955
-0.9169179
-0.92003864
-0.9221611
-0.91957873
-0.9231011
-0.92218065
-0.92108274
-0.9210336
-0.921565
-0.9184678
-0.92267686
-0.9169852
-0.9193071
-0.9167192
-0.92165464
-0.91767395
-0.92404383
-0.92180043
-0.9213851
-0.91808647
-0.918652
-0.9186609
-0.9205037
-0.91849303
-0.9217621
-0.9232707
-0.91770697
-0.9192748
-0.9192711
-0.9168282
-0.9170341
-0.92024416
-0.9255987
-0.9193741
-0.91954637
-0.9181657
-0.91852033
-0.91985667
-0.9198337
-0.9199296
-0.9197231
-0.9210673
-0.92110777
-0.92023027
-0.92231506
-0.9197966
-0.923113
-0.9215753
-0.91693413
-0.92015517
-0.9240498
-0.92266995
-0.9221225
-0.9211947
-0.9196106
-0.9215858
-0.915577
-0.92251307
-0.9252918
-0.91674507
-0.9260837
-0.92483
-0.9213645
-0.91896087
-0.9195548
-0.92204946
-0.92200655
-0.92083323
-0.91653645
-0.9207325
-0.9227739
-0.9188969
-0.9234838
-0.91861564
-0.9184743
-0.9197364
-0.9212808
-0.92479634
-0.922339
-0.92352945
-0.91720116
-0.9217338
-0.9201511
-0.9186168
-0.91973376
-0.91709965
-0.9191336
-0.92670923
-0.9159637
-0.92415816
-0.9226783
-0.92185295
-0.92184705
-0.9202681
-0.92238265
-0.9223302
-0.9209361
-0.9195248
-0.91908634
-0.9216407
-0.9218955
-0.920754
-0.9213158
-0.9206689
-0.9234657
-0.9224803
-0.9185367
-0.9207137
-0.92449427
-0.9210404
-0.9175362
-0.9259824
-0.9222184
-0.92086774
-0.9233492
-0.9219852
-0.9247066
-0.92170095
-0.9214757
-0.92454934
-0.9205284
-0.9204273
-0.91854703
-0.92089194
-0.9192819
-0.92303437
-0.9195846
-0.9213901
-0.92022306
-0.9254772
-0.91949147
-0.9226247
-0.92123514
-0.92423964
-0.9203619
-0.9206277
-0.9214641
-0.92034155
-0.9217131
-0.9189875
-0.9213185
-0.9223254
-0.9163277
-0.92131734
-0.9202225
-0.92212653
-0.92316216
-0.9205244
-0.918235
-0.92166024
-0.92197716
-0.9235858
-0.92340714
-0.9209759
-0.9229272
-0.9229887
-0.9228948
-0.9195146
-0.9225367
-0.9247688
-0.9194682
-0.92603785
-0.9185758
-0.92118776
-0.9187656
-0.91753507
-0.91976994
-0.924806
-0.9228499
-0.92348987
-0.92127585
-0.9241871
-0.92176914
-0.91996217
-0.9198938
-0.92471194
-0.9226648
-0.9195935
-0.92111117
-0.91887856
-0.91923755
-0.9188171
-0.9229553
-0.92537594
-0.9212377
-0.9229546
-0.9218619
-0.9225242
-0.9216471
-0.92302245
-0.92185366
-0.9219075
-0.92330253
-0.92029387
-0.9229894
-0.92466545
-0.92148966
-0.9232065
-0.92126924
-0.9232672
-0.9191642
-0.91979074
-0.92037135
-0.92426354
-0.9226465
-0.9219063
-0.9217369
-0.9233272
-0.9215406
-0.9227981
-0.92116404
-0.9262116
-0.92455924
-0.92272484
-0.92534894
-0.9238938
-0.92301464
-0.922279
-0.9208349
-0.9218182
-0.91979355
-0.92224884
-0.92264783
-0.9266837
-0.9227671
-0.9204407
-0.9242584
-0.9206873
-0.92399716
-0.9238519
-0.9229668
-0.925542
-0.9214497
-0.92395514
-0.9215877
-0.9245994
-0.91957325
-0.92183864
-0.9227693
-0.9195108
-0.92281944
-0.92673427
-0.92637926
-0.9261901
-0.92205954
-0.9229704
-0.9253868
-0.9214027
-0.9226739
-0.9204196
-0.9181046
-0.92407346
-0.92111385
-0.9228672
-0.9248565
-0.9236103
-0.9213081
-0.922488
-0.92113584
-0.92724055
-0.9211305
-0.9260399
-0.9190463
-0.92060727
-0.92286307
-0.92482376
-0.921668
-0.9222548
-0.9211163
-0.92058605
-0.9246442
-0.9194891
-0.92226034
-0.9228767
-0.9210293
-0.9229588
-0.92555004
-0.9229655
-0.923985
-0.9207012
-0.9224986
-0.9256657
-0.9228853
-0.9245479
-0.92722946
-0.92270404
-0.9238826
-0.9210558
-0.92324567
-0.9226496
-0.92574227
-0.924946
-0.92561096
-0.9269669
-0.92565125
-0.9237879
-0.92246157
-0.9230341
-0.9260414
-0.92424005
-0.9228324
-0.9245543
-0.92389995
-0.92386305
-0.92561257
-0.9267403
-0.92509466
-0.9252283
-0.92555743
-0.9263205
-0.9232288
-0.9267398
-0.92129916
-0.9232969
-0.924519
-0.9256574
-0.9219109
-0.92567295
-0.92409253
-0.9245168
-0.9220178
-0.92244
-0.92373866
-0.92590845
-0.92625237
-0.9226266
-0.9261993
-0.9247038
-0.92865074
-0.92238307
-0.9288041
-0.9208082
-0.9213605
-0.92811996
-0.9231871
-0.92512107
-0.9265056
-0.92696106
-0.9246856
-0.9206816
-0.9257473
-0.9229864
-0.9251142
-0.9229258
-0.9225717
-0.92446333
-0.9257284
-0.92358506
-0.9242333
-0.9251259
-0.92408526
-0.92241156
-0.92502385
-0.92471564
-0.9265198
-0.9236215
-0.92624235
-0.9251586
-0.92553204
-0.92353404
-0.9243996
-0.9236316
-0.92055887
-0.927234
-0.92181957
-0.9241135
-0.9249015
-0.92703086
-0.9248592
-0.9251616
-0.9245383
-0.92470974
-0.92455566
-0.92121404
-0.92316425
-0.92579603
-0.922671
-0.9240138
-0.924602
-0.9225189
-0.9217854
-0.92019624
-0.9264439
-0.9249629
-0.92744464
-0.92734945
-0.9276279
-0.9230431
-0.9242557
-0.928168
-0.9267044
-0.923981
-0.92810774
-0.9279451
-0.9250965
-0.9255121
-0.92495364
-0.92668605
-0.92665184
-0.92280143
-0.9242846
-0.925151
-0.9284471
-0.923034
-0.92368644
-0.92687386
-0.9255935
-0.9294546
-0.9255085
-0.9273874
-0.9243648
-0.9245586
-0.9239446
-0.92610466
-0.9278415
-0.92617166
-0.92465013
-0.92275226
-0.92388546
-0.9264766
-0.92251414
-0.9249635
-0.92244405
-0.92301077
-0.92341715
-0.9269201
-0.9271361
-0.921766
-0.9266228
-0.9271972
-0.92496616
-0.92736226
-0.9247244
-0.92266595
-0.922127
-0.9252149
-0.92592674
-0.92563313
-0.9299881
-0.92423534
-0.92606026
-0.9278311
-0.92692626
-0.9298049
-0.9275672
-0.9248954
-0.92369336
-0.92679095
-0.92533004
-0.9240826
-0.9255894
-0.9292405
-0.9260249
-0.92257494
-0.9256315
-0.9273236
-0.92795503
-0.92996144
-0.9258319
-0.9265129
-0.9276928
-0.92579097
-0.9251166
-0.9259207
-0.92422754
-0.92549354
-0.9214452
-0.925114
-0.9280704
-0.929068
-0.9271489
-0.9261696
-0.9284349
-0.92571217
-0.9234254
-0.9267461
-0.92737794
-0.92340976
-0.9285459
-0.9274427
-0.9280767
-0.9264199
-0.9270159
-0.9223042
-0.926168
-0.92738664
-0.92320067
-0.9252893
-0.92371345
-0.92598504
