0.3406751431957504
0.4884473467299096
0.13435108072383534
0.13618269444623582
0.060475186390892076
0.34060575096327034
0.22792463008226718
0.5839977755077153
0.31884013875131506
0.71901284420876
0.13487791425272505
0.7678183698180319
0.33055869112783864
0.48906110125174007
0.14029062532712788
0.4733098718269373
0.19536942718484532
0.4322878023559873
0.6854633140223345
0.24158247718635584
0.3775164597780922
0.5456767216995935
0.10360181881147182
0.2644029174059237
0.38203209288451534
0.6964280754104947
0.36269346976058336
0.2675427843435372
0.6068319074093992
0.1095013906901963
0.5870946539129603
0.6034420961086376
0.18892333563400165
0.5563259786513671
0.17972788420819663
0.8113391784746904
0.3030553554976287
0.6154387573213587
0.16931987300639678
0.4832459772905857
0.49804805258381873
0.29121609763721973
0.30227194021431547
0.2651096210901942
0.6417923113577632
0.3621965573077126
0.533912567796992
0.2560821363806973
0.8417433587469683
0.2789099857156577
0.5348913494100932
0.44829857008040475
0.8860830702983303
0.5740009328526081
0.11483410500564853
0.13238144550555955
0.33799213476587264
0.4349650997398086
0.08138556742239261
0.7252564173257525
1.093795452763636
0.5975655383312258
0.3005695281376143
0.4486995638663076
0.3626013406504176
0.7165925944824723
Mean: 0.4169161856533785
