0.05516421773049827
0.34074784104922906
0.4752651665328277
0.6487544899650924
0.17670681722095358
0.33292689492238364
0.09406452754643443
0.22903401944941698
0.4805336156836774
0.07792285239184946
0.32623333697901674
0.20509806369756514
0.42998530153795783
0.17898428331749422
0.3998030484120187
0.3850648786694855
0.03864337532150666
0.18658457307362084
0.27887471194708124
0.3291778904751541
0.8120997620496627
0.07162999031043167
0.1482923068399489
0.33732651972148353
0.8417347547485281
0.504760895955086
0.4963222666070698
0.29523055620700567
0.2353126165141518
0.6366145265931069
0.6728501382591179
0.06330803948518747
0.3153805229645061
0.27679665728884023
0.29919773316048254
0.24780883083609684
0.07113041662556273
0.2926708145432531
0.4775408939407633
0.5343605323020255
0.3341080877416349
0.09851005243676246
0.4628219593689507
0.5232438462045228
0.3079041888451693
0.17882429893131113
0.20803652853935348
0.15688252471931538
0.2014867616592448
0.5635962011873128
0.23738337450965163
0.20770024352653502
0.3256117302913368
0.2808975071899476
0.18990408468450956
0.4686286936462036
0.5128970586596341
0.534455325136293
0.4406620617528838
0.1228254654754043
0.15539059076260556
0.014512726315972412
0.5583982151099399
0.07340999847590741
Mean: 0.31965672196946837
