-0.80002177
-0.80102605
-0.79885095
-0.8140991
-0.81419355
-0.80149496
-0.8204659
-0.8147486
-0.8125341
-0.8273248
-0.84003985
-0.83245254
-0.8317048
-0.83447665
-0.8424311
-0.8459877
-0.84185976
-0.8435102
-0.849067
-0.8531402
-0.8553458
-0.84951794
-0.8593224
-0.85837865
-0.8616523
-0.86204267
-0.87182504
-0.86757797
-0.87031835
-0.86849153
-0.86822367
-0.8739158
-0.87041634
-0.8780828
-0.87898636
-0.88464445
-0.88367915
-0.8759722
-0.88282275
-0.88380504
-0.8814411
-0.8847233
-0.889054
-0.88124615
-0.8868103
-0.88419515
-0.88639325
-0.88496345
-0.89360857
-0.89097184
-0.88681656
-0.8907553
-0.8918442
-0.89253545
-0.89609975
-0.887397
-0.88865733
-0.8924701
-0.88500285
-0.8934224
-0.894888
-0.89738774
-0.89279026
-0.8917892
-0.8904613
-0.8961502
-0.89584565
-0.8864565
-0.8989844
-0.8956227
-0.8974896
-0.89774054
-0.89553964
-0.8955302
-0.89829224
-0.8971017
-0.89381474
-0.89621997
-0.895301
-0.8967617
-0.8979341
-0.8958914
-0.89090025
-0.89696753
-0.8962941
-0.8987587
-0.89522755
-0.89585143
-0.90020025
-0.8964761
-0.9000407
-0.89620864
-0.89689404
-0.89497817
-0.89848185
-0.8976644
-0.898092
-0.8994706
-0.8975044
-0.89574945
-0.8983499
-0.9001891
-0.90061015
-0.8942734
-0.89895916
-0.9010568
-0.90285283
-0.89637643
-0.90098083
-0.8924404
-0.89516586
-0.8943856
-0.8998938
-0.8982294
-0.8978952
-0.90030515
-0.89707047
-0.9004186
-0.8971095
-0.9015701
-0.898805
-0.89681816
-0.90200555
-0.8963777
-0.9007534
-0.90256107
-0.89933395
-0.9009345
-0.89976287
-0.8983499
-0.9006344
-0.9018455
-0.89633316
-0.89886236
-0.9029387
-0.898774
-0.9073258
-0.90503377
-0.8969772
-0.8980419
-0.8955762
-0.89596957
-0.8947057
-0.8955769
-0.9014466
-0.9049453
-0.9016322
-0.90111136
-0.9025218
-0.90173244
-0.89834756
-0.90141064
-0.8998206
-0.9036669
-0.9035743
-0.9038619
-0.90205765
-0.90724266
-0.90194595
-0.9033164
-0.9036937
-0.9019329
-0.9072761
-0.90331894
-0.89913404
-0.9058016
-0.89898837
-0.8989216
-0.90102416
-0.90187764
-0.9002291
-0.90534335
-0.9034739
-0.8969911
-0.9001922
-0.9032149
-0.90255785
-0.9041391
-0.90705496
-0.9007607
-0.9056241
-0.9058846
-0.90264654
-0.90165806
-0.9003802
-0.9052706
-0.9030185
-0.9044228
-0.90488714
-0.90227926
-0.900811
-0.90422124
-0.9039237
-0.9048408
-0.90256816
-0.90470743
-0.90525824
-0.905791
-0.9037812
-0.90224826
-0.902234
-0.9013902
-0.9083457
-0.9040842
-0.8997444
-0.90366447
-0.9034063
-0.9029911
-0.9030564
-0.90662694
-0.9020138
-0.90924627
-0.90753824
-0.90406376
-0.90596545
-0.908542
-0.9032328
-0.90244704
-0.90244323
-0.90677834
-0.90479183
-0.9043486
-0.9074067
-0.906516
-0.9067356
-0.9081501
-0.902379
-0.90324193
-0.9066151
-0.9076916
-0.90658736
-0.9047098
-0.90972817
-0.9104903
-0.90494317
-0.9066044
-0.9074709
-0.90231013
-0.90702105
-0.9038703
-0.90501857
-0.90687793
-0.90685356
-0.90532404
-0.9093827
-0.90605545
-0.9070655
-0.90919334
-0.90973365
-0.91094697
-0.90230143
-0.9075851
-0.9092657
-0.9057472
-0.9128354
-0.904236
-0.9067805
-0.9046695
-0.90964013
-0.9061188
-0.90922767
-0.90465975
-0.9101005
-0.9059628
-0.9095283
-0.906648
-0.91283023
-0.90753675
-0.905728
-0.90447056
-0.907114
-0.90867317
-0.91116637
-0.89951056
-0.91198885
-0.9074938
-0.9057178
-0.9055213
-0.9109684
-0.910181
-0.91051286
-0.90748143
-0.9116144
-0.91228414
-0.90497273
-0.9053009
-0.90491605
-0.9109044
-0.9090293
-0.9102363
-0.90974337
-0.91131026
-0.91139835
-0.9102594
-0.9087208
-0.9091595
-0.91240156
-0.9136889
-0.90464145
-0.91225755
-0.90944225
-0.9064534
-0.91100824
-0.9123837
-0.90793866
-0.91365623
-0.910003
-0.9096721
-0.9080098
-0.91220295
-0.91100633
-0.9136196
-0.90839624
-0.9133097
-0.91023636
-0.9112499
-0.91043526
-0.9067672
-0.90823984
-0.91220266
-0.9090053
-0.9145727
-0.9102203
-0.90913355
-0.91227967
-0.9131322
-0.90829927
-0.91234183
-0.9142647
-0.9104569
-0.9115273
-0.91572917
-0.9140386
-0.909463
-0.91141665
-0.9150028
-0.91355306
-0.9131733
-0.9133207
-0.9134499
-0.91233075
-0.91303796
-0.9159653
-0.9146168
-0.908671
-0.91314393
-0.9097114
-0.91087157
-0.91728956
-0.9134013
-0.91315705
-0.9137706
-0.91401196
-0.913773
-0.9114678
-0.9106906
-0.91092163
-0.916207
-0.9140097
-0.91586906
-0.9093254
-0.91319406
-0.9151613
-0.91388166
-0.91617227
-0.9199587
-0.9163316
-0.9155974
-0.91540647
-0.9130343
-0.91663593
-0.9143486
-0.915979
-0.914982
-0.9173633
-0.90832233
-0.9148888
-0.916415
-0.9162902
-0.91259974
-0.91405463
-0.9125835
-0.914806
-0.9154573
-0.91183436
-0.9158668
-0.9141508
-0.917029
-0.9169279
-0.917531
-0.9169703
-0.9125608
-0.9172008
-0.9164709
-0.91522974
-0.91968924
-0.9143461
-0.9170971
-0.91148317
-0.91467893
-0.9182077
-0.9172158
-0.91695505
-0.9169936
-0.9190975
-0.91260207
-0.9198453
-0.91895795
-0.91759515
-0.9163566
-0.9200216
-0.9165119
-0.9166512
-0.9165743
-0.91736645
-0.91556144
-0.9202596
-0.9161593
-0.91519004
-0.91666394
-0.91617066
-0.91702366
-0.920259
-0.9189632
-0.92155993
-0.92033386
-0.91924495
-0.9143241
-0.9146467
-0.91752553
-0.92279464
-0.9181997
-0.916621
-0.9190836
-0.9179
-0.91754586
-0.9161141
-0.9193648
-0.9190921
-0.92003995
-0.91598266
-0.9219883
-0.9220396
-0.9201897
-0.92191505
-0.9210552
-0.9187005
-0.911788
-0.91854763
-0.92023206
-0.9194335
-0.91719437
-0.9189753
-0.91756076
-0.9207186
-0.9222667
-0.91552955
-0.9207294
-0.9200836
-0.91754663
-0.91824716
-0.9177752
-0.9189255
-0.91778475
-0.9196682
-0.9196473
-0.9175434
-0.92240816
-0.9183091
-0.9223611
-0.9201469
-0.9212116
-0.9208167
-0.92424405
-0.9201645
-0.91970664
-0.9195826
-0.9190954
-0.92325515
-0.922986
-0.9203418
-0.91761506
-0.92014396
-0.9200812
-0.91973555
-0.9208231
-0.9215322
-0.91887015
-0.92170906
-0.9197169
-0.92086613
-0.92177516
-0.91991943
-0.9232542
-0.92247915
-0.92229706
-0.9223624
-0.9206978
-0.9210779
-0.924882
-0.92076117
-0.922814
-0.92051697
-0.9201491
-0.92203844
-0.9246705
-0.9222254
-0.9193191
-0.919843
-0.9207284
-0.9192077
-0.9235496
-0.92101413
-0.9168887
-0.92395806
-0.923211
-0.9219584
-0.9257094
-0.9190284
-0.92146367
-0.922752
-0.92345244
-0.9242932
-0.92399156
-0.9234404
-0.9239832
-0.9194858
-0.92498994
-0.92438287
-0.9201551
-0.9229504
-0.9247923
-0.9221624
-0.92592293
-0.92238545
-0.92453796
-0.9176131
-0.92625886
-0.9228733
-0.9254362
-0.9275862
-0.9276209
-0.926409
-0.92484707
-0.9259746
-0.92144036
-0.92792434
-0.92541575
-0.9228762
-0.92245376
-0.9251794
-0.92503244
-0.9222855
-0.9241757
-0.92399687
-0.9242192
-0.9270009
-0.92439675
-0.9259806
-0.92775476
-0.92629707
-0.92390525
-0.92630506
-0.9268293
-0.92892754
-0.9218217
-0.92428046
-0.9247835
-0.9242094
-0.9269438
-0.9284999
-0.92401785
-0.9264065
-0.9265377
-0.92232275
-0.92794394
-0.9237638
-0.9265356
-0.9220049
-0.9240834
-0.9266138
-0.92857236
-0.92864615
-0.93020046
-0.9276001
-0.92466193
-0.92579204
-0.92492175
-0.9255624
-0.92567784
-0.9276401
-0.9271701
-0.9276811
-0.9269305
-0.9283724
-0.926358
-0.92597216
-0.92775744
-0.92816347
-0.9295349
-0.93307745
-0.92830676
-0.93024033
-0.930077
-0.93050253
-0.92558414
-0.9300538
-0.92680657
-0.9252362
-0.9270501
-0.9297422
-0.9295773
-0.9323037
-0.93332845
-0.9269194
-0.9267686
-0.9285648
-0.9257734
-0.9317374
-0.9313745
-0.9302806
-0.9275884
-0.9279601
-0.93086874
-0.93114114
-0.9302762
-0.93438685
-0.9305519
-0.9334745
-0.930398
-0.93091655
-0.9307002
-0.93107104
-0.9291864
-0.927325
-0.9303579
-0.92899954
-0.9330727
-0.9317408
-0.92799485
-0.93450654
-0.930286
-0.92906004
-0.9318904
-0.92955446
-0.93133944
-0.9300991
-0.92956513
-0.9316413
-0.9307662
-0.9340542
-0.92930645
-0.93280345
-0.93115443
-0.9277901
-0.9334336
-0.93299556
-0.93000996
-0.93129754
-0.9281919
-0.93299466
-0.92870307
-0.9336998
-0.9315585
-0.93281156
-0.93676263
-0.92710996
-0.93591285
-0.9348529
-0.9335449
-0.9275916
-0.93475354
-0.93199986
-0.93303156
-0.9328945
-0.9319209
-0.93133384
-0.92894894
-0.9325792
-0.93425846
-0.93507516
-0.93405104
-0.9330106
-0.93594265
-0.9317979
-0.9324075
-0.93684167
-0.9363524
-0.9364254
-0.93693715
-0.9332382
-0.9354402
-0.93438745
-0.9350995
-0.9349165
-0.9362838
-0.93725497
-0.93366563
-0.9369992
-0.9353891
-0.9370639
-0.9365709
-0.9378081
-0.9359748
-0.93887895
-0.934722
-0.9384604
-0.9400853
-0.9401113
-0.9387039
-0.93658936
-0.9390058
-0.937922
-0.94189304
-0.9388284
-0.93579763
-0.9389901
-0.936186
-0.9372924
-0.93997914
-0.93867296
-0.9416425
-0.9390891
-0.9385044
-0.9385175
-0.9396643
-0.9402089
-0.9400682
-0.943833
-0.9416281
-0.94008356
-0.937594
-0.939839
-0.94167125
-0.9393772
-0.9431328
-0.9427117
-0.94144577
-0.9433517
-0.94409424
-0.9441203
-0.94281536
-0.94121593
-0.94498754
-0.9422963
-0.9462303
-0.9453195
-0.94307274
-0.9432023
-0.9453433
-0.9449833
-0.94256413
-0.94501674
-0.94322956
-0.94267094
-0.9468464
-0.94309294
-0.9450045
-0.9481015
-0.94840544
-0.9451875
-0.9471275
-0.9460823
-0.9472705
-0.9484
-0.9493419
-0.9464878
-0.9474869
-0.94778365
-0.94787425
-0.9504924
-0.9465443
-0.9469275
-0.95038027
-0.948379
-0.950286
-0.94834983
-0.9518727
-0.95060885
-0.9540802
-0.94954133
-0.9497925
-0.9534679
-0.9520849
-0.9527524
-0.9541862
-0.94974244
-0.95266396
-0.95159113
-0.9519921
-0.9528977
-0.9534201
-0.95328367
-0.95447326
-0.95544255
-0.9518646
-0.9535888
-0.95568544
-0.95557255
-0.9547723
-0.95483816
-0.95772034
-0.9560385
-0.95816714
-0.9571545
-0.95829546
-0.95800567
-0.9582515
-0.955768
-0.9590311
-0.9586433
-0.9581102
-0.96030056
-0.9595813
-0.9604965
-0.9602754
-0.9608537
-0.9621278
-0.9599347
-0.962867
-0.9614612
-0.96222126
-0.96127105
-0.96234596
-0.9620341
-0.96468025
-0.9640084
-0.9638282
-0.96471965
-0.96426576
-0.9651061
-0.9665606
-0.9646168
-0.9673062
-0.96592677
-0.9691417
-0.9690559
-0.96747065
-0.9696106
-0.9693023
-0.9697839
-0.9695623
-0.9692607
-0.971941
-0.970701
-0.97239774
-0.97043216
-0.9724181
-0.9702665
-0.9710339
-0.9707842
-0.9722863
-0.9735975
-0.97305185
-0.9742575
-0.97463816
-0.97313005
-0.9739943
-0.9732752
-0.97318196
-0.9730631
-0.9734933
-0.9756816
-0.97469944
-0.97461694
-0.97479135
-0.973181
-0.9752393
-0.9756444
-0.9750537
-0.97513795
-0.9759468
-0.9760025
-0.9756182
-0.9750989
-0.97552717
-0.97435415
-0.9767897
-0.97677785
-0.97697276
-0.97748375
-0.97635293
-0.97669107
-0.97782564
-0.97791106
-0.9778144
-0.97834605
-0.97744703
-0.9779404
-0.9775658
-0.9775678
-0.97858036
-0.97888875
-0.9781828
-0.9783857
-0.9792212
-0.97875136
-0.97973394
-0.97802997
-0.9793804
-0.97878116
-0.97941107
-0.9789533
-0.97889525
-0.9796682
-0.9785425
-0.9786717
-0.9796522
-0.98015857
-0.9809482
-0.9791438
-0.9803936
-0.9800429
-0.9803854
-0.9796341
-0.9809801
-0.9800554
-0.9803272
-0.9808752
-0.9812678
-0.98098004
-0.98118746
-0.9810852
-0.98071444
-0.98129076
-0.98067975
-0.98050326
-0.98144203
-0.981483
-0.9810425
-0.9817981
-0.98195773
-0.9821038
-0.9818207
-0.9826849
-0.98240507
-0.98258895
-0.9822702
-0.9819533
-0.9817604
-0.9821415
-0.9834899
-0.98269796
-0.9834898
-0.9832363
-0.9835568
-0.9830179
-0.9842281
-0.9831066
-0.98287207
-0.9830824
-0.98400366
-0.983479
-0.983219
-0.9834151
-0.9839628
-0.9834146
-0.9836223
-0.9831505
-0.98440874
-0.9839987
-0.9836396
-0.98423505
-0.9842662
-0.98382777
-0.98510545
-0.9841438
-0.9852915
-0.9849017
-0.98526573
-0.98533905
-0.985106
-0.98537105
-0.9846371
-0.9845427
-0.98488253
-0.98544514
-0.9856562
-0.9849659
-0.9855674
-0.98447
-0.9855517
-0.9846355
-0.98561215
-0.98565376
-0.9846954
-0.9860065
-0.98608524
-0.98576254
-0.9860595
-0.9863722
-0.9858907
-0.98565876
-0.987023
-0.9861376
-0.9864393
-0.98620874
-0.986731
-0.9861742
-0.9863672
-0.98648965
-0.9863201
-0.986154
-0.98609334
-0.9867953
-0.9859045
-0.9869558
-0.98721164
-0.9867206
-0.986806
-0.9869553
-0.9870428
-0.9867175
-0.98607165
-0.9873594
-0.98761034
-0.9865046
-0.98682255
-0.9868429
-0.98734826
-0.9875112
-0.987118
-0.9877908
-0.9871506
-0.98686814
-0.98720425
-0.98755354
-0.98748106
-0.98678696
-0.98777175
-0.98821867
-0.987816
-0.9875832
-0.98799646
-0.9880624
-0.9878985
-0.98754793
-0.98817915
-0.98842806
-0.9878513
-0.9881033
-0.98825043
-0.98798037
-0.98871285
-0.9882537
-0.9875338
-0.9881431
-0.98876834
-0.9882503
-0.9888668
-0.9884447
-0.9887991
-0.9886632
-0.98810863
-0.9889772
-0.9884172
-0.98882586
-0.98892164
-0.9893345
-0.988949
-0.9894016
-0.9892704
-0.9891332
-0.9893913
-0.98906386
-0.989037
-0.9895549
-0.98922515
-0.9886932
-0.9891274
-0.9895954
-0.98914415
-0.9890019
-0.98905504
-0.99019367
-0.989378
-0.9896367
-0.98956627
-0.9897985
-0.989776
-0.98923844
-0.9897209
-0.9896516
-0.99017686
-0.98969007
-0.9896485
-0.9903955
-0.98998666
-0.9904775
-0.98982143
-0.9899969
-0.99082226
-0.99087703
-0.990365
-0.9905272
-0.9899524
-0.99032295
-0.9907052
-0.9901143
-0.99069566
-0.99053365
-0.99095803
-0.9910798
-0.99116534
-0.9904822
-0.9904441
-0.990734
-0.9909045
-0.9911817
-0.9911775
-0.9906019
-0.9904248
-0.99113935
-0.99158734
-0.99086493
-0.99128115
-0.9910254
-0.99167204
-0.99137604
-0.9914514
-0.9912074
-0.9913193
-0.9915213
-0.99127525
-0.9919643
-0.991717
-0.9915119
-0.9918553
-0.99175566
-0.9923161
-0.9915233
-0.99212176
-0.9918828
-0.99163324
-0.9917253
-0.99175555
-0.9920772
-0.99154544
-0.99229366
-0.9923072
-0.9918328
-0.9922981
-0.9919746
-0.99242795
-0.9923728
-0.99223346
-0.99239326
-0.9918943
-0.9923471
-0.9925121
-0.9923417
-0.9926367
-0.992318
-0.9920887
-0.9924426
-0.9927135
-0.99232584
-0.99255544
-0.9923832
-0.9924856
-0.99222034
-0.9928408
-0.9927165
-0.9928577
-0.99264926
-0.99296045
-0.99276817
-0.9925465
-0.992471
-0.9928176
-0.9926072
-0.99314624
-0.99284995
-0.99292725
-0.9932753
-0.99285316
-0.99333596
-0.9927021
-0.9933149
-0.9930085
-0.99344355
-0.9930436
-0.99389374
-0.9932747
-0.9933305
-0.9934106
-0.9930518
-0.99344164
-0.99377155
-0.99359083
-0.9935032
-0.9941231
-0.9935098
-0.9933894
-0.9931885
-0.99332196
-0.9939409
-0.99378794
-0.9936852
-0.99368507
-0.99362546
-0.994017
-0.994025
-0.99404025
-0.99395335
-0.99410707
-0.99416536
-0.99370974
-0.99422675
-0.9942258
-0.993811
-0.9941562
-0.993719
-0.99427545
-0.99401593
-0.99384534
-0.99436575
-0.9940122
-0.9942648
-0.9944
-0.99433506
-0.9942783
-0.99459034
-0.99478704
-0.9944881
-0.9943454
-0.9943959
-0.99426395
-0.99460596
-0.994699
-0.99453276
-0.994708
-0.9942654
-0.9948677
-0.99464405
-0.9947505
-0.9945732
-0.99511164
-0.99507886
-0.9947461
-0.9948037
-0.9946357
-0.9948975
-0.9950041
-0.9947475
-0.99484265
-0.9947671
-0.9948875
-0.99512184
-0.9952562
-0.9949507
-0.9953526
-0.9951935
-0.9951019
-0.99532056
-0.9954077
-0.9951393
-0.9947223
-0.9948649
-0.99512017
-0.99527967
-0.99508226
-0.99540126
-0.9949932
-0.9952185
-0.9955438
-0.9952336
-0.99542105
-0.9956458
-0.9951752
-0.99527526
-0.99526006
-0.99517655
-0.9956511
-0.9955696
-0.9954552
-0.99557793
-0.99559855
-0.99546564
-0.99549264
-0.9953171
-0.9957411
-0.99571806
-0.99545103
-0.99576813
-0.9954677
-0.99546885
-0.9959661
-0.9955867
-0.995964
-0.9956673
-0.99590117
-0.9960092
-0.9957757
-0.9958254
-0.9959505
-0.9957507
-0.9958514
-0.9959988
-0.9956701
-0.9961933
-0.9958411
-0.99628985
-0.99598795
-0.9954758
-0.9958954
-0.9960289
-0.9960142
-0.99621725
-0.99619377
-0.9959998
-0.99626637
-0.99612623
-0.99605274
-0.9961389
-0.99627346
-0.99632716
-0.9960585
-0.9962298
-0.9962485
-0.9962431
-0.9962901
-0.9963184
-0.9960956
-0.99600303
-0.9960881
-0.9961698
-0.9964737
-0.99625033
-0.9963305
-0.99640656
-0.9962639
-0.9963611
-0.99622697
-0.99641186
-0.9965305
-0.9963546
-0.996306
-0.9963176
-0.99648875
-0.99649024
-0.9964043
-0.9963291
-0.9965787
-0.9964477
-0.996342
-0.9966233
-0.99675
-0.99680394
-0.99650973
-0.9968462
-0.9966523
-0.9965919
-0.99663246
-0.9967486
-0.99662304
-0.99678105
-0.99672556
-0.9965693
-0.9967337
-0.9967057
-0.9966803
-0.9966935
-0.99673223
-0.9968964
-0.9967304
-0.9966084
-0.99686724
-0.99680305
-0.9968236
-0.9968685
-0.9967562
-0.9969584
-0.9968164
-0.9969015
-0.9968385
-0.9971245
-0.9969733
-0.9970914
-0.9968269
-0.99688375
-0.9970108
-0.99712056
-0.9970327
-0.99716747
-0.997099
-0.99705046
-0.99701357
-0.9970494
-0.99714273
-0.99709076
-0.9969619
-0.99710095
-0.997281
-0.99715966
-0.997333
-0.9972436
-0.9969853
-0.9971509
-0.9971154
-0.99719644
-0.9973036
-0.9970752
-0.9971265
-0.9971699
-0.99718654
-0.99731004
-0.99730366
-0.99733174
-0.9972042
-0.9972796
-0.99741054
-0.99715275
-0.99736214
-0.99740905
-0.99723494
-0.99736667
-0.99752206
-0.9973764
-0.9975653
-0.9973299
-0.9972594
-0.99731874
-0.9973262
-0.9974441
-0.99708134
-0.9972829
-0.9973345
-0.99739355
-0.9975749
-0.9974816
-0.9975857
-0.99730325
-0.99748945
-0.9973964
-0.9976237
-0.9975229
-0.9974043
-0.9975626
-0.99755216
-0.9974263
-0.9975549
-0.99760264
-0.9974787
-0.9977132
-0.99768853
-0.99766785
-0.99764895
-0.9976504
-0.9975782
-0.9974166
-0.9977334
-0.9976806
-0.9977002
-0.99773604
-0.9978831
-0.9977487
-0.9979003
-0.9977659
-0.9976925
-0.9976588
-0.99769366
-0.9977898
-0.99779385
-0.9977812
-0.9977327
-0.9978397
-0.9977801
-0.99774945
-0.997709
-0.9978531
-0.9977983
-0.99788475
-0.99794614
-0.99794906
-0.997876
-0.99790454
-0.99788725
-0.99793994
-0.99790573
-0.99796194
-0.99793553
-0.9980475
-0.99791104
-0.9980184
-0.99779296
-0.998079
-0.9980457
-0.9979647
-0.99793464
-0.9980536
-0.997939
-0.9980083
-0.9978524
-0.99805135
-0.9979402
-0.9978033
-0.99802226
-0.99810827
-0.99802923
-0.9981515
-0.99806273
-0.99815565
-0.99807906
-0.9981936
-0.99812144
-0.9982246
-0.99817
-0.99810046
-0.998098
-0.99809575
-0.9981984
-0.99823445
-0.99816823
-0.9981799
-0.9982679
-0.9982167
-0.9982508
-0.9981976
-0.99842966
-0.9981534
-0.99817777
-0.998227
-0.9983195
-0.9983099
-0.99827886
-0.99841505
-0.998383
-0.9982156
-0.99818933
-0.998386
-0.99836516
-0.9982681
-0.9983492
-0.9984298
-0.9983767
-0.998356
-0.99840254
-0.9982042
-0.99836
-0.99849623
-0.9983389
-0.9984316
-0.9984047
-0.9984259
-0.99842155
-0.99837434
-0.9983717
-0.99831325
-0.99843645
-0.99848044
-0.9985071
-0.99844426
-0.99842536
-0.99845713
-0.99841064
-0.9985096
-0.9985337
-0.99846023
-0.9985714
-0.99858946
-0.9985885
-0.99850833
-0.9986089
-0.99858075
-0.9985789
-0.99852866
-0.9984844
-0.9985192
-0.99851996
-0.9984934
-0.9985758
-0.99860436
-0.9985839
-0.9986082
-0.99857134
-0.99846935
-0.99860895
-0.99873275
-0.9986998
-0.9986517
-0.99860406
-0.99854225
-0.9985819
-0.9986953
-0.99863064
-0.99867487
-0.99861854
-0.9987184
-0.9986687
-0.99868536
-0.9985985
-0.9987184
-0.9986244
-0.9986639
-0.99867356
-0.99862087
-0.9987319
-0.99868375
-0.9986721
-0.99871373
-0.9986945
-0.9986369
-0.9987437
-0.99863374
-0.99875236
-0.9986865
-0.9988108
-0.9987902
-0.9987768
-0.9986821
-0.9987391
-0.99874854
-0.99881345
-0.998693
-0.9987879
-0.9987599
-0.99878234
-0.99869853
-0.9987489
-0.9987369
-0.99871194
-0.99876505
-0.9986395
-0.9986261
-0.9986375
-0.99873453
-0.99877274
-0.99880904
-0.9986379
-0.99860924
-0.99872226
-0.9988047
-0.9987364
-0.9988576
-0.99881375
-0.9987474
-0.99880713
-0.9988467
-0.99876595
-0.9988056
-0.9988336
-0.9988795
-0.9988823
-0.9988385
-0.9988506
-0.9988977
-0.99878865
-0.998784
-0.99882394
-0.9988462
-0.99881923
-0.998882
-0.99886304
-0.998774
-0.99882674
-0.99884945
-0.9989162
-0.998803
-0.99872375
-0.9987948
-0.99885076
-0.99880034
-0.9987145
-0.9986933
-0.9988034
-0.9988918
-0.99872434
-0.9986589
-0.99876297
-0.99890655
-0.9988429
-0.9986801
-0.9987735
-0.9988665
-0.99875695
-0.9987343
-0.99889946
-0.99890405
-0.9988308
-0.9987707
-0.99886376
-0.99890316
-0.99883604
-0.99894005
-0.9989726
-0.99890375
-0.9988809
-0.9989229
-0.9989196
-0.9989431
-0.9988769
-0.99894965
-0.99897164
-0.99890393
-0.99892634
-0.99895865
-0.99897337
-0.99896526
-0.99890816
-0.99892235
-0.99895966
-0.9989616
-0.9989347
-0.9989169
-0.9989258
-0.9989661
-0.9989069
-0.9989367
-0.999011
-0.99887633
-0.9989566
-0.9989957
-0.9989502
-0.99893624
-0.99900925
-0.9990115
-0.9989589
-0.99899095
-0.9989313
-0.99898314
-0.9990221
-0.9989994
-0.9990646
-0.9989864
-0.9989977
-0.9989803
-0.9989224
-0.998996
-0.998984
-0.99897176
-0.99897397
-0.9990752
-0.9989787
-0.99902725
-0.9990128
-0.9990358
-0.9989779
-0.99900323
-0.99899596
-0.9990004
-0.9989356
-0.9989909
-0.99900705
-0.9990393
-0.99896955
-0.99896973
-0.9989884
-0.9990552
-0.99904424
-0.9989827
-0.99901634
-0.9990092
-0.9989957
-0.9989918
-0.9990342
-0.9990334
-0.9989634
-0.99904114
-0.99899334
-0.9990025
-0.99905586
-0.9990096
-0.9989478
-0.99897027
-0.9990302
-0.99905056
-0.99894905
-0.99894065
-0.99897325
-0.99902946
-0.9990764
-0.9989862
-0.9990202
-0.99904776
-0.99901885
-0.99900585
-0.9990187
-0.99904495
-0.9990576
-0.99904716
-0.999033
-0.99911296
-0.9990189
-0.9989485
-0.9990244
-0.9989653
-0.9989527
-0.9990045
-0.9990204
-0.998899
-0.9990106
-0.99906874
-0.9989707
-0.99900657
-0.99909
-0.99907476
-0.9990849
-0.99906826
-0.99902
-0.9990931
-0.9990743
-0.9989834
-0.9990431
-0.99898577
-0.9990512
-0.99906033
-0.9990628
-0.9990643
-0.99907357
-0.9989587
-0.9990318
-0.99908143
-0.99905163
-0.9990168
-0.99904823
-0.9990705
-0.9990482
-0.9990693
-0.9990142
-0.9990807
-0.99912065
-0.9991172
-0.9990895
-0.99909174
-0.99906427
-0.9990445
-0.9991512
-0.99910283
-0.9991072
-0.9990883
-0.9990883
-0.9991128
-0.9990956
-0.99908507
-0.9990597
-0.99909437
-0.9990734
-0.99909884
-0.99912584
-0.99905
-0.99904996
-0.99911976
-0.99912137
-0.9990294
-0.99910057
-0.999112
-0.99903136
-0.9990656
-0.999123
-0.99907035
-0.9991014
-0.9991178
-0.9990951
-0.99910134
-0.9991546
-0.99908745
-0.9991332
-0.9991135
-0.9990881
-0.9990523
-0.9990585
-0.9990728
-0.9991067
-0.99906933
-0.9990528
-0.99905205
-0.9990827
-0.9991129
-0.9990759
-0.9990797
-0.99912375
-0.9991251
-0.99915963
-0.99907255
-0.99906427
-0.9991582
-0.9991522
-0.9991071
-0.9991163
-0.99910706
-0.9991001
-0.99916494
-0.9991299
-0.9991405
-0.9991162
-0.9991382
-0.9991765
-0.99913394
-0.9991188
-0.9991355
-0.9991394
-0.9991393
-0.9991786
-0.9991333
-0.99910533
-0.9991528
-0.9991014
-0.99909997
-0.9991348
-0.9991567
-0.9991652
-0.9991674
-0.9991145
-0.99915564
-0.9991562
-0.9991378
-0.99914366
-0.99911284
-0.9991092
-0.99910665
-0.9991683
-0.999113
-0.9990932
-0.999158
-0.99914104
-0.99917763
-0.9991499
-0.99915165
-0.9991306
-0.9991369
-0.9991578
-0.999153
-0.99916357
-0.99915415
-0.9991518
-0.99917316
-0.9990968
-0.99908566
-0.999148
-0.99912065
-0.9992067
-0.9991642
-0.99913454
-0.99917716
-0.99918115
-0.9992074
-0.9991688
-0.99911606
-0.99915904
-0.99914855
-0.99917656
-0.9991625
-0.9991563
-0.9991828
-0.9991516
-0.99915516
-0.9991786
-0.9991869
-0.99914634
-0.99914134
-0.9991909
-0.9991658
-0.99917406
-0.9991313
-0.9991193
-0.99914926
-0.9991879
-0.99916136
-0.99913174
-0.9992247
-0.9991488
-0.99916065
-0.99917114
-0.9991464
-0.99919933
-0.9991742
-0.99914604
-0.9992023
-0.9991648
-0.999202
-0.9991864
-0.9992172
-0.9991591
-0.99919015
-0.9991687
-0.99915624
-0.9991643
-0.9991821
-0.9991769
-0.9991908
-0.9992154
-0.9991913
-0.9992102
-0.9991716
-0.9991902
-0.9991949
-0.99920064
-0.99916005
-0.99918234
-0.99917054
-0.9991496
-0.9991683
-0.9991863
-0.99916637
-0.9991804
-0.9992114
-0.99918014
-0.9991809
-0.9992125
-0.9991243
-0.9991927
-0.99918956
-0.9991712
-0.99915975
-0.9991751
-0.999244
-0.9991911
-0.9991891
-0.9992056
-0.9992193
-0.9991714
-0.9992135
-0.999194
-0.9991735
-0.99920356
-0.9991919
-0.999204
-0.9991661
-0.99918634
-0.99920547
-0.9991648
-0.99917805
-0.9992405
-0.9991864
-0.99921596
-0.9992163
-0.99926186
-0.99920386
-0.9991888
-0.99921215
-0.9992095
-0.9992154
-0.9991959
-0.99921006
-0.99923956
-0.9991938
-0.9991671
-0.9991778
-0.9991953
-0.9991987
-0.9992049
-0.9992172
-0.99918854
-0.9992415
-0.99919814
-0.9992251
-0.99920744
-0.9992167
-0.9991964
-0.99921775
-0.99920166
-0.99918413
-0.99920493
-0.9991437
-0.9992299
-0.99920845
-0.9991972
-0.9992285
-0.9991553
-0.9991902
-0.9992345
-0.9991739
-0.99921477
-0.99919343
-0.9991796
-0.99920934
-0.9992218
-0.99922854
-0.9992702
-0.99920356
-0.99919933
-0.999186
-0.9992198
-0.9992036
-0.9991999
-0.99923277
-0.99919707
-0.9991854
-0.99920315
-0.999215
-0.99920696
-0.99922556
-0.9992335
-0.9992007
-0.99917394
-0.9992228
-0.9992005
-0.9991569
-0.99918973
-0.9992195
-0.9991624
-0.9991544
-0.99912447
-0.9991991
-0.9992021
-0.99924517
-0.999175
-0.99918187
-0.99920756
-0.9992104
-0.9992192
-0.9992106
-0.9991978
-0.9991382
-0.99916613
-0.99916893
-0.99920976
-0.9992568
-0.99921685
-0.9992412
-0.99924254
-0.99921745
-0.99919754
-0.99920875
-0.9991993
-0.9992321
-0.9992434
-0.9991877
-0.9992253
-0.9992368
-0.99922377
-0.99918556
-0.9992501
-0.999285
-0.9992559
-0.9992171
-0.9991591
-0.99920404
-0.999205
-0.99919856
-0.9992431
-0.99923545
-0.9991658
-0.9991965
-0.99919796
-0.9992142
-0.9992582
-0.99920917
-0.99920315
-0.9992285
-0.9992106
-0.9992401
-0.99924546
-0.99922067
-0.99926376
-0.9992438
-0.9991946
-0.99925375
-0.9992298
-0.9991991
-0.99923116
-0.9992471
-0.9992259
-0.9992515
-0.9992609
-0.99924827
-0.9992384
-0.99919814
-0.99921465
-0.9992293
-0.9992368
-0.99926853
-0.99920595
-0.9991498
-0.9991734
-0.99919695
-0.9992806
-0.9992551
-0.99917656
-0.99922264
-0.99920946
-0.99924034
-0.9992683
-0.99923795
-0.9992152
-0.9992201
-0.99921584
-0.9992672
-0.9992487
-0.9992282
-0.9992525
-0.9992333
-0.9992591
-0.99924064
-0.9992344
-0.99927855
-0.99922454
-0.99926704
-0.99928033
-0.9992275
-0.9992116
-0.99923104
-0.9992227
-0.9992405
-0.9992097
-0.99925274
-0.999228
-0.99930674
-0.99922824
-0.99923337
-0.99924016
-0.9992786
-0.9992686
-0.9992459
-0.9992763
-0.99926716
-0.99924546
-0.9992116
-0.9992565
-0.9992569
-0.9991947
-0.99927115
-0.99927795
-0.99924654
-0.9992641
-0.99925506
-0.9992528
-0.99928284
-0.9992475
-0.9991953
-0.99919355
-0.99917483
-0.9991364
-0.99923694
-0.99928755
-0.99926263
-0.9991273
-0.999142
-0.9991837
-0.9992751
-0.9992385
-0.9991789
-0.9991448
-0.99918896
-0.99926645
-0.999309
-0.9992517
-0.99922425
-0.9992711
-0.99927616
-0.9992788
-0.9992626
-0.9992324
-0.99925405
-0.9992835
-0.99929035
-0.9992653
-0.9992298
-0.9992096
-0.9992067
-0.9991948
-0.9992467
-0.9992625
-0.9992472
-0.99920845
-0.9992144
-0.9992881
-0.999246
-0.99921495
-0.9992706
-0.99925977
-0.99926466
-0.9992854
-0.99927676
-0.99926007
-0.99928194
-0.9992498
-0.9992384
-0.99925953
-0.9992849
-0.9992622
-0.999271
-0.999304
-0.9992798
-0.99927044
-0.9992831
-0.9992813
-0.9992577
-0.99921024
-0.99928546
-0.9992491
-0.99926144
-0.999212
-0.9992216
-0.9992418
-0.99923354
-0.99930024
-0.9992508
-0.9992581
-0.9992559
-0.99927425
-0.99927676
-0.9992609
-0.9992887
-0.9992474
-0.9993058
-0.9993032
-0.99930274
-0.99929965
-0.99929
-0.9992694
-0.9992955
-0.9992791
-0.9993016
-0.9993229
-0.99928355
-0.9992946
-0.9992777
-0.9992618
-0.99927276
-0.99927485
-0.9992305
-0.99924684
-0.999282
-0.99926955
-0.9992557
-0.99922717
-0.99924415
-0.9992794
-0.9992902
-0.9992991
-0.99929446
-0.9992783
-0.9992998
-0.9992943
-0.99924386
-0.99927366
-0.99929255
-0.999309
-0.99926466
-0.9992518
-0.9993097
-0.999284
-0.9992712
-0.99921954
-0.9992824
-0.9992975
-0.9992836
-0.99926376
-0.99925417
-0.9993037
-0.99928105
-0.9992714
-0.9992563
-0.99929875
-0.9992621
-0.9993025
-0.999259
-0.9992781
-0.9992193
-0.99920285
-0.999254
-0.9992763
-0.9992711
-0.9992733
-0.9993037
-0.99924856
-0.9992955
-0.9992717
-0.99927807
-0.99926513
-0.99928373
-0.9992646
-0.9992897
-0.9992456
-0.9993059
-0.9993103
-0.9992902
-0.99927545
-0.9993027
-0.999266
-0.99931943
-0.9993149
-0.99928516
-0.999284
-0.99930227
-0.9992922
-0.9992886
-0.9992776
-0.9993017
-0.999283
-0.999272
-0.9993032
-0.9993061
-0.99931914
-0.99929243
-0.9992828
-0.9992949
-0.9992929
-0.99926656
-0.99928063
-0.9992925
-0.9992968
-0.99929273
-0.9992826
-0.9992722
-0.9992465
-0.9993085
-0.99927866
-0.99928135
-0.9993016
-0.99925536
-0.99930733
-0.9993137
-0.9992822
-0.99924767
-0.99927133
-0.99928755
-0.99927855
-0.9992772
-0.999274
-0.9992649
-0.99926865
-0.999269
-0.9993164
-0.9993063
-0.9992566
-0.9992565
-0.9993287
-0.99934024
-0.9993189
-0.9992805
-0.999313
-0.99931353
-0.9992895
-0.99926895
-0.9991982
-0.9991799
-0.9992679
-0.99926424
-0.99925125
-0.9992591
-0.99928474
-0.99926585
-0.99925727
-0.99928445
-0.9992894
-0.99926645
-0.9992998
-0.99931204
-0.99930406
-0.9992453
-0.9992765
-0.9992741
-0.999287
-0.9992792
-0.99924296
-0.9992306
-0.99927664
-0.999299
-0.99929416
-0.99927896
-0.9992362
-0.99925745
-0.9992608
-0.9993323
-0.99931973
-0.99927396
-0.9992617
-0.99930406
-0.99930096
-0.9992808
-0.99923867
-0.9992275
-0.9992388
-0.99928904
-0.9992749
-0.99926984
-0.99927783
-0.99926937
-0.99927497
-0.99931073
-0.9992904
-0.9993237
-0.9992637
-0.99928415
-0.99929655
-0.99930686
-0.9993175
-0.9993052
-0.99929035
-0.9993314
-0.99928474
-0.9992932
-0.99930155
-0.99931514
-0.99928623
-0.99933064
-0.99929243
-0.99933195
-0.9993111
-0.9993372
-0.9992955
-0.9992776
-0.99929595
-0.9992614
-0.9993151
-0.9992966
-0.99928606
-0.99931467
-0.99930024
-0.99930704
-0.9992937
-0.9993189
-0.99928653
-0.9993041
-0.99931985
-0.9993216
-0.9993178
-0.9993105
-0.9993376
-0.999323
-0.99933225
-0.9993433
-0.99931884
-0.99931365
-0.9993124
-0.99932134
-0.9992962
-0.9993008
-0.99926597
-0.99925053
-0.9992563
-0.9993058
-0.9992788
-0.9993344
-0.99930155
-0.99932384
-0.99931633
-0.9993116
-0.99928004
-0.9993395
-0.9993296
-0.99933827
-0.99933946
-0.9993051
-0.9992742
-0.999305
-0.9992846
-0.9993091
-0.99929667
-0.9993348
-0.999304
-0.99930507
-0.9992944
-0.99932665
-0.9993201
-0.99930716
-0.9992811
-0.9992883
-0.9993329
-0.99932265
-0.99930716
-0.999319
-0.9993277
-0.9993182
-0.99930924
-0.9992799
-0.99929506
-0.999335
-0.9993308
-0.99932224
-0.99934435
-0.9992941
-0.9993263
-0.9992735
-0.99930996
-0.9992958
-0.9992721
-0.99933934
-0.99933076
-0.99933934
-0.9992841
-0.9992497
-0.9992452
-0.9993083
-0.99931836
-0.9992722
-0.9992807
-0.9992643
-0.9992813
-0.99931484
-0.9992823
-0.9993181
-0.9992521
-0.9992568
-0.9992784
-0.9992977
-0.9993386
-0.99928045
-0.9992747
-0.9992382
-0.9992988
-0.99932325
-0.99924856
-0.9991962
-0.9992711
-0.9992796
-0.99932164
-0.99930775
-0.9992665
-0.9992583
-0.9992729
-0.9992876
-0.99926466
-0.999243
-0.99925196
-0.9993331
-0.9992753
-0.9992617
-0.99928725
-0.99928945
-0.9993071
-0.99932134
-0.9993242
-0.9992784
-0.99932
-0.9993646
-0.9993563
-0.9993284
-0.9993454
-0.99932677
-0.99932665
-0.999338
-0.99932975
-0.9993332
-0.9993205
-0.9993225
-0.9993247
-0.9993027
-0.9992827
-0.99928737
-0.99929833
-0.9992956
-0.99932426
-0.9993002
-0.9992888
-0.9993023
-0.9993234
-0.9993041
-0.9993194
-0.99930793
-0.9993274
-0.9992921
-0.9993306
-0.9993263
-0.99932724
-0.9993356
-0.9993119
-0.9993247
-0.99930304
-0.99930346
-0.99933267
-0.9993098
-0.9993328
-0.9993159
-0.9992716
-0.9993173
-0.9993079
-0.99934876
-0.99936265
-0.99933547
-0.99930763
-0.9993435
-0.9993476
-0.99934113
-0.99930024
-0.9993469
-0.9993387
-0.9993215
-0.9993419
-0.99930924
-0.99930227
-0.99933237
-0.99931264
-0.9993163
-0.9993588
-0.9993165
-0.9993372
-0.99931604
-0.9993209
-0.999293
-0.9992823
-0.9992851
-0.99932444
-0.99931335
-0.99932986
-0.9993382
-0.9993035
-0.99932826
-0.9993057
-0.99935067
-0.99932736
-0.9993363
-0.99932885
-0.99931437
-0.99933434
-0.99929523
-0.9993338
-0.99931365
-0.99931216
-0.99930197
-0.99929386
-0.9992975
-0.99936336
-0.99929905
-0.9993674
-0.9993376
-0.9993386
-0.9993076
-0.99931616
-0.999303
-0.999311
-0.99931264
-0.9992948
-0.9993046
-0.9993505
-0.99932694
-0.99933326
-0.9993154
-0.9993458
-0.9993101
-0.99930775
-0.9993397
-0.9993263
-0.99933004
-0.99933136
-0.9993383
-0.999301
-0.9992888
-0.99928474
-0.9992934
-0.999322
-0.9993179
-0.99930817
-0.999271
-0.9993002
-0.9992995
-0.9993489
-0.9993166
-0.9993533
-0.9993292
-0.9993113
-0.9993043
-0.9993202
-0.99929297
-0.9992772
-0.999298
-0.99928945
-0.99932677
-0.999316
-0.99934304
-0.999329
-0.9993222
-0.99930155
-0.9993092
-0.9992367
-0.99922806
-0.99920243
-0.9992179
-0.9993738
-0.99932146
-0.99929976
-0.9992958
-0.9992776
-0.9992769
-0.9993186
-0.99930626
-0.9993085
-0.9992606
-0.99933857
-0.9993054
-0.9992922
-0.9992866
-0.9993221
-0.9993087
-0.9992933
-0.99929744
-0.99935484
-0.9993391
-0.9993023
-0.9993318
-0.99930316
-0.9993176
-0.9993206
-0.9993229
-0.999333
-0.99933165
-0.9993166
-0.99933326
-0.9993483
-0.99932617
-0.9993381
-0.9993577
-0.99935657
-0.999361
-0.99931324
-0.99934155
-0.9993255
-0.99935544
-0.99934703
-0.99935484
-0.99935615
-0.9993375
-0.999354
-0.999329
-0.99935013
-0.9993575
-0.99933475
-0.99932367
-0.99932563
-0.9993243
-0.99931955
-0.999352
-0.99936664
-0.99933195
-0.99933815
-0.99935997
-0.99935424
-0.9993307
-0.99936205
-0.9993298
-0.9993217
-0.99931234
-0.99931717
-0.99933594
-0.99935114
-0.9993283
-0.99932027
-0.99931884
-0.9993093
-0.99931115
-0.99934113
-0.99932694
-0.99931514
-0.9993525
-0.9993589
-0.9993455
-0.99931234
-0.99938375
-0.99932396
-0.9993067
-0.99933916
-0.99933773
-0.9993489
-0.99935937
-0.99933237
-0.9993229
-0.99930656
-0.9993766
-0.99933296
-0.9993366
-0.9993331
-0.9993107
-0.9993256
-0.9993597
-0.999335
-0.99931693
-0.9993005
-0.9992859
-0.99931484
-0.9993597
-0.9993463
-0.99931824
-0.9993063
-0.99931294
-0.99931616
-0.99934167
-0.9993393
-0.99935293
-0.9993384
-0.99932945
-0.99938
-0.99931717
-0.99928564
-0.9992723
-0.9993333
-0.99932003
-0.9993271
-0.9993052
-0.9993251
-0.9993232
-0.9993095
-0.9993225
-0.9993776
-0.99930084
-0.9993403
-0.99935406
-0.9993259
-0.99934226
-0.99930334
-0.99936783
-0.9993307
-0.99936324
-0.99935704
-0.99935794
-0.99931175
-0.9993394
-0.9993725
-0.99933904
-0.9993468
-0.99938864
-0.9993492
-0.9993159
-0.9993267
-0.9993584
-0.9993736
-0.99936813
-0.99935323
-0.9993352
-0.9993223
-0.99937725
-0.9993403
-0.9993255
-0.9993322
-0.99933946
-0.9993762
-0.99936444
-0.99932677
-0.9993283
-0.999333
-0.9992951
-0.9993343
-0.9993565
-0.99934113
-0.99934465
-0.9993068
-0.99936515
-0.9993367
-0.9993284
-0.9993311
-0.99932724
-0.9993108
-0.9993213
-0.99934685
-0.99933267
-0.9993079
-0.9993303
-0.99935406
-0.9993647
-0.9993634
-0.999306
-0.9993005
-0.9993075
-0.9993328
-0.99935424
-0.9993417
-0.9993643
-0.9993441
-0.9993631
-0.99934924
-0.9993419
-0.999359
-0.999358
-0.99936324
-0.99931264
-0.9993686
-0.99937713
-0.99933255
-0.9993508
-0.9993815
-0.9993364
-0.9993202
-0.99934155
-0.999362
-0.99937123
-0.999382
-0.99933404
-0.9993353
-0.99935365
-0.9993212
-0.99932194
-0.9993435
-0.9993383
-0.99935853
-0.99931574
-0.99932283
-0.9993515
-0.999394
-0.9993748
-0.9993203
-0.9993152
-0.9993012
-0.99931854
-0.99934804
-0.9993645
-0.99931806
-0.99926186
-0.9992403
-0.9992659
-0.99931914
-0.99933374
-0.999322
-0.99932975
-0.9993654
-0.99933785
-0.999313
-0.9993405
-0.9993693
