 357	 305	 77	
 237	 296	 87	
 229	 300	 41	
 228	 252	 88	
 209	 268	 51	
 231	 306	 38	
 188	 239	 59	
 368	 251	 41	
 160	 286	 93	
 241	 275	 94	
 380	 282	 84	
 223	 274	 95	
 255	 263	 32	
 203	 247	 74	
 353	 300	 45	
 248	 260	 23	
 173	 279	 89	
 332	 272	 74	
 206	 296	 94	
 389	 274	 54	
 234	 300	 31	
 400	 240	 82	
 211	 276	 90	
 351	 316	 58	
 218	 300	 68	
 362	 303	 65	
 349	 310	 53	
 221	 298	 36	
 189	 189	 61	
 235	 291	 99	
 211	 272	 50	
 178	 243	 78	
 237	 296	 60	
 163	 247	 76	
 355	 299	 93	
 245	 257	 37	
 219	 274	 25	
 189	 303	 94	
 215	 310	 69	
 207	 304	 74	
 212	 272	 70	
 338	 229	 32	
 333	 258	 27	
 173	 262	 53	
 389	 269	 61	
 186	 218	 67	
 386	 279	 77	
 218	 231	 67	
 244	 303	 59	
 218	 297	 33	
 379	 221	 63	
 226	 290	 46	
 194	 263	 57	
 374	 285	 66	
 184	 265	 68	
 336	 250	 34	
 230	 311	 61	
 400	 237	 85	
 185	 274	 69	
 261	 285	 50	
 359	 273	 53	
 206	 242	 80	
 249	 261	 21	
 160	 218	 77	
 192	 220	 44	
 202	 292	 90	
 203	 245	 59	
 404	 249	 71	
 332	 273	 73	
 199	 298	 50	
 340	 282	 31	
 350	 297	 63	
 349	 302	 80	
 340	 232	 41	
 179	 297	 79	
 234	 309	 43	
 188	 298	 63	
 162	 231	 78	
 208	 294	 39	
 219	 294	 70	
 325	 295	 52	
 224	 252	 43	
 217	 253	 30	
 202	 208	 53	
 212	 307	 66	
 334	 278	 70	
 243	 302	 38	
 229	 265	 23	
 194	 229	 48	
 235	 260	 20	
 325	 293	 54	
 389	 241	 60	
 382	 293	 65	
 232	 273	 27	
 338	 245	 33	
 334	 282	 62	
 207	 308	 92	
 395	 259	 79	
 214	 236	 40	
 396	 254	 99	
 196	 310	 75	
 330	 261	 26	
 337	 280	 35	
 217	 289	 94	
 346	 301	 85	
 358	 311	 70	
 350	 290	 78	
 339	 273	 83	
 262	 283	 35	
 376	 296	 92	
 167	 257	 74	
 346	 253	 25	
 343	 283	 88	
 389	 241	 59	
 338	 281	 78	
 378	 277	 46	
 255	 275	 45	
 227	 311	 82	
 339	 307	 51	
 265	 274	 36	
 185	 233	 66	
 245	 296	 73	
 188	 223	 66	
 188	 241	 75	
 343	 282	 22	
 353	 288	 93	
 242	 268	 86	
 347	 293	 91	
 189	 307	 86	
 184	 278	 54	
 188	 291	 87	
 354	 300	 60	
 232	 272	 28	
 340	 272	 44	
 195	 272	 73	
 198	 306	 66	
 212	 287	 92	
 209	 311	 45	
 256	 273	 55	
 349	 209	 43	
 184	 248	 77	
 173	 291	 78	
 211	 297	 62	
 334	 291	 60	
 219	 311	 48	
 208	 286	 54	
 231	 315	 64	
 350	 308	 66	
 348	 244	 28	
 378	 266	 59	
 378	 231	 51	
 334	 294	 37	
 233	 273	 25	
 323	 268	 27	
 201	 313	 71	
 234	 299	 35	
 345	 245	 36	
 202	 305	 53	
 349	 305	 81	
 215	 267	 76	
 226	 312	 39	
 228	 273	 91	
 392	 277	 84	
 354	 287	 49	
 365	 303	 63	
 343	 248	 30	
 214	 226	 81	
 239	 294	 62	
 208	 287	 89	
 384	 284	 90	
 167	 257	 87	
 213	 301	 97	
 341	 272	 21	
 231	 309	 47	
 345	 305	 56	
 197	 207	 55	
 243	 247	 24	
 359	 245	 34	
 388	 283	 101	
 233	 257	 22	
 201	 308	 64	
 348	 277	 32	
 388	 273	 74	
 224	 291	 29	
 355	 255	 37	
 232	 287	 96	
 366	 289	 51	
 201	 309	 79	
 398	 268	 98	
 201	 210	 52	
 243	 266	 84	
 234	 286	 74	
 394	 253	 69	
 226	 302	 62	
 242	 259	 33	
 350	 297	 62	
 210	 227	 54	
 216	 278	 33	
 235	 299	 32	
 195	 231	 49	
 155	 234	 83	
 370	 308	 76	
 198	 296	 45	
 336	 281	 85	
 190	 291	 55	
 340	 267	 96	
 357	 300	 61	
 354	 301	 59	
 394	 275	 75	
 180	 197	 63	
 263	 268	 31	
 178	 219	 56	
 201	 264	 37	
 223	 296	 96	
 338	 243	 29	
 250	 274	 25	
 208	 278	 43	
 379	 274	 80	
 342	 277	 75	
 347	 247	 38	
 346	 305	 55	
 209	 293	 38	
 382	 279	 97	
 183	 308	 98	
 227	 314	 51	
 216	 303	 93	
 346	 294	 90	
 357	 265	 26	
 186	 217	 64	
 374	 255	 49	
 340	 257	 23	
 209	 280	 61	
 375	 292	 56	
 358	 287	 30	
 352	 298	 101	
 370	 289	 42	
 201	 303	 84	
 329	 290	 57	
 375	 297	 49	
 236	 244	 29	
 371	 294	 89	
 216	 232	 82	
 233	 287	 81	
 335	 273	 24	
 346	 291	 47	
 260	 270	 34	
 192	 253	 46	
 213	 301	 81	
 211	 239	 81	
 360	 276	 48	
 349	 286	 84	
 371	 217	 47	
 375	 308	 67	
 250	 275	 24	
 355	 291	 95	
 200	 292	 68	
 340	 269	 89	
 210	 298	 47	
 220	 206	 60	
 350	 199	 52	
 231	 282	 47	
 344	 299	 42	
 249	 266	 20	
 379	 220	 62	
 205	 293	 95	
 199	 239	 58	
 212	 306	 65	
 191	 224	 50	
 223	 268	 26	
 332	 273	 29	
 237	 173	 58	
 176	 245	 57	
 352	 314	 55	
 182	 282	 57	
 351	 286	 83	
 345	 301	 87	
 365	 284	 37	
 221	 212	 69	
 374	 268	 57	
 387	 287	 71	
 206	 314	 88	
 348	 190	 49	
 187	 226	 65	
 359	 253	 43	
 169	 241	 59	
 339	 279	 40	
 369	 289	 52	
 335	 309	 61	
 201	 277	 56	
 235	 308	 81	
 191	 225	 49	
 248	 294	 45	
 255	 267	 40	
 400	 250	 83	
 356	 284	 31	
 354	 294	 40	
 359	 280	 99	
 356	 262	 35	
 344	 268	 94	
 245	 250	 28	
