-0.26900494
-0.3434685
-0.3779348
-0.43013763
-0.4493845
-0.5316877
-0.5604143
-0.6183507
-0.6349144
-0.6573224
-0.68415046
-0.69847596
-0.69482285
-0.6920357
-0.7042594
-0.7141559
-0.71374583
-0.72829366
-0.7330079
-0.7382399
-0.74173075
-0.74422127
-0.7542135
-0.7701611
-0.7634923
-0.77103937
-0.7795528
-0.7836974
-0.7996805
-0.7888522
-0.8036281
-0.8046398
-0.80871195
-0.8077007
-0.82231045
-0.81783503
-0.83814406
-0.8366253
-0.8489308
-0.85714406
-0.8743551
-0.8709003
-0.88694715
-0.88390917
-0.88910633
-0.8943893
-0.89467686
-0.8995187
-0.902199
-0.89658576
-0.91036975
-0.8988374
-0.8982825
-0.906922
-0.91037875
-0.91419756
-0.91563535
-0.91774404
-0.9193195
-0.92613363
-0.92415863
-0.92715424
-0.92923534
-0.9310569
-0.9282808
-0.9289764
-0.93162435
-0.9341946
-0.9345726
-0.9337074
-0.9364366
-0.93670475
-0.93905413
-0.93536377
-0.93942183
-0.9419786
-0.9416612
-0.938941
-0.94331884
-0.944761
-0.9466135
-0.9423998
-0.9458736
-0.95169204
-0.9466829
-0.9431677
-0.94896454
-0.94625753
-0.94495815
-0.9509269
-0.94644165
-0.9501961
-0.9509099
-0.9501385
-0.9549518
-0.95018065
-0.9558086
-0.95146775
-0.95627993
-0.9546585
-0.95191073
-0.9529972
-0.95454895
-0.9558218
-0.95655566
-0.9556762
-0.9545521
-0.95333385
-0.9545324
-0.9571326
-0.95437783
-0.95469666
-0.9591917
-0.9582237
-0.9526042
-0.9550314
-0.9599338
-0.95942825
-0.9592367
-0.9578857
-0.9601312
-0.95929855
-0.95716864
-0.95868754
-0.9549954
-0.9589635
-0.96351504
-0.9591346
-0.959381
-0.96061224
-0.9617942
-0.9558728
-0.96273375
-0.96158177
-0.9605631
-0.95988107
-0.9610363
-0.9592705
-0.95843446
-0.96497566
-0.9589921
-0.9628781
-0.960885
-0.9632896
-0.9622547
-0.9643997
-0.9614713
-0.9611076
-0.96079195
-0.95690596
-0.9624574
-0.9625179
-0.96028286
-0.9632363
-0.95843583
-0.9639639
-0.96241754
-0.9626943
-0.9598174
-0.9665437
-0.95906305
-0.96112365
-0.96456826
-0.96130085
-0.96403825
-0.96489453
-0.96440536
-0.9639547
-0.96591544
-0.9621199
-0.9635665
-0.96780735
-0.9686037
-0.9655364
-0.9647329
-0.9642763
-0.9681319
-0.96473545
-0.9642592
-0.96624964
-0.9674787
-0.9663009
-0.9649171
-0.96502525
-0.96472615
-0.9682093
-0.96850616
-0.9629633
-0.9655811
-0.9638364
-0.96473444
-0.9684554
-0.96693105
-0.9654708
-0.97063696
-0.96857345
-0.9693552
-0.970203
-0.96443814
-0.9640757
-0.96920025
-0.96784955
-0.9671524
-0.96901405
-0.9637926
-0.96984893
-0.9666072
-0.9674453
-0.96896476
-0.96980494
-0.9686319
-0.96861506
-0.9703455
-0.9691329
-0.970812
-0.9726988
-0.9708491
-0.9702209
-0.96991986
-0.9688706
-0.9696656
-0.9700109
-0.97269917
-0.9706337
-0.9695753
-0.9726907
-0.9703564
-0.97260284
-0.97131646
-0.97198075
-0.9735401
-0.9728099
-0.97395885
-0.97105384
-0.9756922
-0.973274
-0.97384536
-0.9723887
-0.9750036
-0.97452956
-0.97692394
-0.97391886
-0.9763621
-0.97522277
-0.9735207
-0.9770376
-0.975188
-0.9748685
-0.9774791
-0.97750604
-0.9777168
-0.9771803
-0.9764133
-0.9780092
-0.9771126
-0.97507936
-0.97678024
-0.97799814
-0.97801274
-0.9756018
-0.9783113
-0.9784834
-0.9762246
-0.9778821
-0.9765802
-0.9774323
-0.97986996
-0.9802874
-0.9765054
-0.9760663
-0.9771418
-0.9774161
-0.9789771
-0.9781683
-0.97930545
-0.97940266
-0.98004186
-0.9805943
-0.9792306
-0.9802437
-0.9789295
-0.97912973
-0.980579
-0.9802228
-0.9804082
-0.9787715
-0.97884005
-0.9783511
-0.9808346
-0.9814171
-0.9812292
-0.9788578
-0.97778976
-0.9785363
-0.9811632
-0.9787309
-0.9802164
-0.97956413
-0.97883624
-0.97841007
-0.9797009
-0.9790734
-0.9762747
-0.98172045
-0.98112816
-0.9793914
-0.97913533
-0.9812113
-0.98209995
-0.9806158
-0.98305947
-0.98311394
-0.9823395
-0.9815787
-0.98247916
-0.98205775
-0.98194385
-0.9829009
-0.98431605
-0.98237425
-0.98154235
-0.98369485
-0.98320603
-0.9835567
-0.9823743
-0.981679
-0.97894156
-0.9845742
-0.9805839
-0.9797953
-0.9842037
-0.9815583
-0.9815593
-0.9836773
-0.97968185
-0.983028
-0.98109573
-0.9799644
-0.98466676
-0.98272175
-0.9840361
-0.9832383
-0.9836187
-0.9849277
-0.9834039
-0.9833165
-0.9849863
-0.98211306
-0.982809
-0.9848705
-0.9836461
-0.983995
-0.9868709
-0.9842165
-0.9824904
-0.98302144
-0.9849728
-0.9863983
-0.98447824
-0.9810496
-0.9859061
-0.98325956
-0.98238426
-0.9833421
-0.98326516
-0.984677
-0.9834934
-0.98351556
-0.98800784
-0.9838692
-0.9843128
-0.9855633
-0.98570067
-0.98516166
-0.98534346
-0.98548126
-0.98550147
-0.98762417
-0.98601097
-0.98625815
-0.9862274
-0.985926
-0.98608327
-0.9872753
-0.98644406
-0.9882629
-0.9867922
-0.98690367
-0.9872441
-0.98551375
-0.9814162
-0.9843334
-0.98478913
-0.9858136
-0.98801595
-0.98659277
-0.98532015
-0.9854624
-0.9857111
-0.9871157
-0.988384
-0.98857486
-0.9869302
-0.9885636
-0.9862338
-0.9836259
-0.9862042
-0.98595756
-0.9865406
-0.9862219
-0.9871172
-0.9893322
-0.98827463
-0.9892537
-0.98865354
-0.98824817
-0.9875798
-0.98841584
-0.9889133
-0.9907868
-0.9901469
-0.98884016
-0.9883538
-0.98946446
-0.99081206
-0.9909181
-0.98865044
-0.9880446
-0.9895744
-0.99056774
-0.9895529
-0.9890739
-0.9904447
-0.99066687
-0.990611
-0.9898605
-0.99038595
-0.99111545
-0.9890197
-0.98732936
-0.9909379
-0.9911354
-0.9871612
-0.99069184
-0.9916742
-0.98822904
-0.9897066
-0.9902956
-0.98816454
-0.98965544
-0.99060094
-0.98901117
-0.99071527
-0.9903578
-0.99142164
-0.9909727
-0.99190116
-0.9919407
-0.99099314
-0.9919998
-0.99169755
-0.9893598
-0.9915955
-0.9920768
-0.9915573
-0.99148464
-0.99209595
-0.9928216
-0.99281335
-0.99345076
-0.9926742
-0.99258816
-0.9933095
-0.9934347
-0.9938195
-0.99258286
-0.990764
-0.99030256
-0.99190146
-0.99325556
-0.9936457
-0.990303
-0.98833275
-0.9934869
-0.9902316
-0.9895789
-0.99158734
-0.9933376
-0.99239355
-0.9912774
-0.9921171
-0.99336964
-0.9931831
-0.9919706
-0.9913142
-0.9926367
-0.9938893
-0.9936966
-0.9918773
-0.99189585
-0.9934926
-0.99381536
-0.99396974
-0.9934561
-0.99335325
-0.99341685
-0.99295956
-0.9936955
-0.99488604
-0.9941389
-0.99368596
-0.9934301
-0.9949437
-0.99518627
-0.9944052
-0.9937285
-0.99308866
-0.9924246
-0.99317324
-0.9938596
-0.99484164
-0.9951255
-0.99436486
-0.9934654
-0.99411684
-0.99500144
-0.9950888
-0.99429166
-0.9943788
-0.99480826
-0.9941134
-0.9931971
-0.9930522
-0.99492174
-0.995489
-0.9951271
-0.99518514
-0.99459714
-0.9939167
-0.9930566
-0.9936035
-0.99436414
-0.9946324
-0.9953353
-0.9953394
-0.99518174
-0.9949709
-0.9940791
-0.9943008
-0.99526066
-0.9951473
-0.9952199
-0.9948321
-0.99410146
-0.9939753
-0.9936925
-0.9942715
-0.99507415
-0.9956216
-0.99548185
-0.9951227
-0.99528855
-0.9948195
-0.9944002
-0.9940311
-0.994023
-0.9944743
-0.995461
-0.9958287
-0.99546784
-0.9950175
-0.9945204
-0.9939373
-0.9939983
-0.99519175
-0.9957479
-0.9954201
-0.994449
-0.9934617
-0.99385107
-0.9948042
-0.99555874
-0.99562645
-0.99386656
-0.99352235
-0.99508804
-0.9959439
-0.9951497
-0.9943794
-0.99465233
-0.99618345
-0.9956429
-0.99497813
-0.99368167
-0.9937211
-0.99436444
-0.9953676
-0.99558216
-0.99475217
-0.994629
-0.9945762
-0.9945975
-0.9928549
-0.99342614
-0.99566495
-0.9949484
-0.99297285
-0.9942713
-0.9955071
-0.99527097
-0.994675
-0.995107
-0.99558914
-0.9952622
-0.9943412
-0.9942719
-0.9943819
-0.99578047
-0.9956249
-0.99497306
-0.9946859
-0.9945911
-0.99504846
-0.9945742
-0.9952188
-0.9959947
-0.9962776
-0.9953544
-0.9948973
-0.9952857
-0.99599355
-0.9964931
-0.9962033
-0.9959414
-0.99534374
-0.9944182
-0.993908
-0.99458903
-0.9956494
-0.99611926
-0.996012
-0.99530876
-0.99420303
-0.99342555
-0.9951973
-0.9960253
-0.9951377
-0.9950051
-0.99527377
-0.9950768
-0.9947822
-0.99558026
-0.9960747
-0.99606276
-0.99560404
-0.9956164
-0.99600756
-0.9962505
-0.99653757
-0.99649787
-0.9964203
-0.996629
-0.9965258
-0.9965697
-0.9964767
-0.9963834
-0.99635017
-0.9960342
-0.9955741
-0.9951484
-0.99511427
-0.99604565
-0.9965161
-0.99669147
-0.9966756
-0.99656636
-0.9964373
-0.9965515
-0.99657327
-0.9968349
-0.99713343
-0.996849
-0.99683434
-0.9969471
-0.99691004
-0.9970062
-0.99708873
-0.9971741
-0.9968768
-0.99669164
-0.99632347
-0.99617296
-0.9962482
-0.99643236
-0.99617976
-0.99606436
-0.9958617
-0.99549913
-0.9957217
-0.9954222
-0.9955261
-0.9955223
-0.9953358
-0.9962603
-0.9971065
-0.9969211
-0.9961439
-0.9948525
-0.9947492
-0.99537164
-0.99628705
-0.99675894
-0.9968898
-0.99666303
-0.99657154
-0.9962696
-0.99565476
-0.99545914
-0.9961792
-0.9970921
-0.99689126
-0.9960882
-0.99536127
-0.99568677
-0.9967041
-0.99678135
-0.99715173
-0.99701446
-0.9965505
-0.9962144
-0.9959699
-0.995902
-0.99633807
-0.99653006
-0.9966882
-0.99661595
-0.99635476
-0.9962698
-0.99583
-0.99604344
-0.9956749
-0.9954472
-0.9956056
-0.9963527
-0.9965836
-0.99723095
-0.9968362
-0.9970107
-0.99690133
-0.99668425
-0.996553
-0.99679303
-0.99697125
-0.99723166
-0.9967361
-0.99645597
-0.995783
-0.9948673
-0.99489707
-0.9958844
-0.9963063
-0.99631035
-0.99619293
-0.99601483
-0.99579364
-0.9959214
-0.9960772
-0.9959394
-0.99580085
-0.99552125
-0.9953311
-0.9957993
-0.99655443
-0.99685425
-0.9970632
-0.99732053
-0.9972503
-0.9969512
-0.9965004
-0.9953021
-0.99422246
-0.99541336
-0.9967382
-0.99648416
-0.9954217
-0.99532336
-0.99670696
-0.9968911
-0.9952611
-0.99447346
-0.9967952
-0.99657845
-0.9939448
-0.99452865
-0.99676234
-0.9970032
-0.9955022
-0.99558115
-0.997272
-0.99683696
-0.9951518
-0.99495405
-0.9969673
-0.9957291
-0.992581
-0.99479824
-0.9967719
-0.99371475
-0.99513537
-0.99689263
-0.99313277
-0.994853
-0.99681413
-0.99418575
-0.99653226
-0.9965013
-0.9936847
-0.99484265
-0.99694526
-0.99499726
-0.9957317
-0.9973924
-0.9952783
-0.9950167
-0.99720985
-0.9963634
-0.99401766
-0.9951921
-0.9967307
-0.9945029
-0.9930191
-0.99680156
-0.99553406
-0.99303
-0.9960082
-0.9956232
-0.9943124
-0.996722
-0.99645454
-0.9945892
-0.99547803
-0.99570954
-0.9957376
-0.99708074
-0.99683046
-0.9950418
-0.9942695
-0.9958063
-0.99654514
-0.9968267
-0.9966565
-0.99584484
-0.99529773
-0.9957043
-0.996649
-0.9973007
-0.99740905
-0.9967876
-0.9956794
-0.9948415
-0.99594504
-0.99740946
-0.9970356
-0.99587494
-0.994756
-0.99590206
-0.9973396
-0.99728894
-0.99703765
-0.99664676
-0.9966125
-0.9965424
-0.99666417
-0.9967822
-0.9966441
-0.99654865
-0.99661726
-0.99713093
-0.9971973
-0.99740005
-0.99760056
-0.9974129
-0.9969602
-0.99655604
-0.99660766
-0.9967516
-0.996941
-0.99738145
-0.9974982
-0.99703735
-0.99631006
-0.9960952
-0.9962333
-0.9962877
-0.9966799
-0.9974206
-0.9975795
-0.9968292
-0.99650586
-0.99654394
-0.9963167
-0.9968154
-0.9971666
-0.99749035
-0.9977056
-0.9975444
-0.9971577
-0.99724245
-0.99734795
-0.99737185
-0.9975333
-0.9974964
-0.99773324
-0.9976422
-0.9975225
-0.99704206
-0.9964004
-0.99561113
-0.9957625
-0.9966547
-0.99710494
-0.9974396
-0.99779594
-0.9976648
-0.9973655
-0.9973831
-0.9972862
-0.9975014
-0.9975797
-0.99776477
-0.99770653
-0.9973742
-0.9971691
-0.99681896
-0.99666816
-0.9964268
-0.99567896
-0.9952087
-0.99599224
-0.9972148
-0.99726355
-0.9966444
-0.9949822
-0.9938806
-0.99592364
-0.9968795
-0.9958859
-0.9941407
-0.99467194
-0.99687904
-0.99726796
-0.99542147
-0.99463373
-0.9969213
-0.99727285
-0.9958538
-0.995313
-0.99626034
-0.9973098
-0.9972206
-0.9966185
-0.99509937
-0.9950233
-0.9969504
-0.9961972
-0.99453247
-0.99589866
-0.99642694
-0.9963235
-0.9964926
-0.99587464
-0.9954241
-0.99662846
-0.9966803
-0.995654
-0.9959118
-0.9971376
-0.99722826
-0.9964262
-0.9969849
-0.9973106
-0.99710804
-0.997095
-0.99707645
-0.99753624
-0.9971605
-0.9973739
-0.997586
-0.99757445
-0.99761516
-0.99751306
-0.99782467
-0.9975071
-0.9977401
-0.9978741
-0.99770945
-0.9977871
-0.9978599
-0.9977646
-0.997878
-0.9977938
-0.9978202
-0.9976028
-0.997665
-0.9972628
-0.9968623
-0.9963982
-0.9964493
-0.99722624
-0.9977532
-0.9978537
-0.99762917
-0.99753827
-0.99733436
-0.9971187
-0.9971302
-0.9973362
-0.99729884
-0.99751025
-0.99756616
-0.9976354
-0.99771154
-0.99759984
-0.99786776
-0.99779606
-0.997711
-0.9974195
-0.9972413
-0.99747455
-0.9977193
-0.997758
-0.9974788
-0.99701595
-0.99661857
-0.9966075
-0.99670345
-0.99711865
-0.9974778
-0.9978309
-0.9979405
-0.99772096
-0.99758697
-0.99771845
-0.99778455
-0.9978404
-0.9977968
-0.9978426
-0.99760777
-0.99739116
-0.99716705
-0.9967829
-0.99654543
-0.9962104
-0.9966887
-0.9971377
-0.99757254
-0.9978377
-0.99782073
-0.9975577
-0.9976781
-0.99763656
-0.99785286
-0.9977772
-0.9976981
-0.9977902
-0.9977641
-0.9977403
-0.9977647
-0.99742925
-0.9973732
-0.99713343
-0.9973013
-0.9976211
-0.9977504
-0.9979307
-0.99792534
-0.9979437
-0.9980032
-0.997981
-0.998024
-0.99798125
-0.9979112
-0.9977001
-0.99784803
-0.9976599
-0.9977396
-0.99757695
-0.99711174
-0.99638987
-0.99542505
-0.9956376
-0.9971986
-0.9977509
-0.99707115
-0.99644053
-0.9961667
-0.99591297
-0.996139
-0.9968206
-0.9973218
-0.9976329
-0.99741226
-0.9968676
-0.99649155
-0.99645007
-0.996805
-0.99703634
-0.9969509
-0.99729043
-0.99734503
-0.9974747
-0.99722177
-0.9973123
-0.99716824
-0.99729687
-0.9972623
-0.99716175
-0.99732566
-0.99740344
-0.99742097
-0.9973274
-0.9972043
-0.9970305
-0.9966719
-0.9968051
-0.99699956
-0.99733704
-0.9977385
-0.99767613
-0.9978888
-0.9977487
-0.9978464
-0.9974374
-0.99743044
-0.9972568
-0.9973225
-0.997276
-0.9974427
-0.9971675
-0.99733806
-0.9975632
-0.99784094
-0.99775165
-0.9971975
-0.99653995
-0.9958139
-0.9962307
-0.9974043
-0.9977649
-0.99644715
-0.99346334
-0.9948752
-0.99714136
-0.997079
-0.99477494
-0.9932295
-0.9955138
-0.99709815
-0.99593335
-0.9932477
-0.9944927
-0.9970579
-0.99710804
-0.99626565
-0.9956756
-0.9959861
-0.9966057
-0.9972875
-0.9972512
-0.9967997
-0.99602085
-0.99623734
-0.996639
-0.9968891
-0.997402
-0.99718773
-0.9969278
-0.99668
-0.9964908
-0.9964534
-0.9970269
-0.9973634
-0.9966197
-0.99520457
-0.99524575
-0.9965397
-0.997439
-0.99731576
-0.99684083
-0.9962338
-0.99570113
-0.9962816
-0.99717915
-0.99713045
-0.996725
-0.996059
-0.99639934
-0.9975122
-0.99752057
-0.9972568
-0.9968071
-0.9966544
-0.9970663
-0.9977337
-0.9976916
-0.99727654
-0.9970259
-0.99683696
-0.99709755
-0.9972323
-0.99725395
-0.9973639
-0.99722874
-0.9975217
-0.9974926
-0.9975401
-0.99777806
-0.9979109
-0.9978604
-0.9976806
-0.9973464
-0.99714816
-0.9966239
-0.996127
-0.995655
-0.99551696
-0.9962316
-0.9968961
-0.99779385
-0.99771994
-0.9974077
-0.9973217
-0.9972828
-0.9973808
-0.9977355
-0.9979776
-0.9978107
-0.9975899
-0.9972982
-0.9968276
-0.9965345
-0.9966735
-0.9971993
-0.99734056
-0.9975001
-0.9973327
-0.99734735
-0.99727315
-0.99731505
-0.9973059
-0.9975582
-0.9978962
-0.9976391
-0.99748296
-0.9970253
-0.99687636
-0.9971813
-0.9973826
-0.9975661
-0.9972308
-0.99715716
-0.99712926
-0.9974203
-0.9979873
-0.9978202
-0.9976308
-0.99755675
-0.9974562
-0.9973052
-0.9971801
-0.9969886
-0.9970494
-0.9975082
-0.9978596
-0.99798346
-0.9977158
-0.99763596
-0.99750596
-0.9973302
-0.99762136
-0.99766606
-0.99783653
-0.99763477
-0.9973786
-0.99729764
-0.997295
-0.997161
-0.9970792
-0.99700737
-0.9968707
-0.99662995
-0.9963448
-0.9964365
-0.99674505
-0.9971096
-0.99726784
-0.9973591
-0.9973704
-0.9974427
-0.9973388
-0.99737406
-0.9971523
-0.9971241
-0.9968314
-0.99684906
-0.99753326
-0.9977953
-0.99775726
-0.9971489
-0.9961517
-0.9950096
-0.99392885
-0.9956038
-0.9971663
-0.99733037
-0.9962393
-0.99616617
-0.9967586
-0.9973718
-0.9970827
-0.997214
-0.99719393
-0.99716383
-0.9971505
-0.99749315
-0.99743944
-0.9976127
-0.9975715
-0.997498
-0.99728173
-0.9974071
-0.99724805
-0.9973788
-0.9969302
-0.9968379
-0.99712706
-0.9975061
-0.9973926
-0.9973716
-0.99681556
-0.9964699
-0.99680436
-0.99712116
-0.9971103
-0.9967722
-0.9958961
-0.99532455
-0.99683565
-0.9978294
-0.9969218
-0.9955638
-0.99575776
-0.9970087
-0.997645
-0.9977267
-0.99732065
-0.9965191
-0.9955111
-0.9951702
-0.99648637
-0.9971868
-0.9972414
-0.9971524
-0.99600494
-0.99556726
-0.9961171
-0.9971079
-0.9974601
-0.9971176
-0.9966503
-0.9966051
-0.99703217
-0.9970875
-0.9969716
-0.9968481
-0.996665
-0.99579257
-0.9953879
-0.99646175
-0.997337
-0.9972786
-0.99587154
-0.99482375
-0.9956973
-0.9970505
-0.99751216
-0.99723244
-0.99652165
-0.996278
-0.99664676
-0.9975356
-0.9974341
-0.99659806
-0.9954172
-0.9955971
-0.99698526
-0.99768424
-0.9971401
-0.9961045
-0.9955911
-0.9961291
-0.99722487
-0.99770266
-0.9971891
-0.99602586
-0.9955175
-0.99647784
-0.9976567
-0.99723
-0.9961473
-0.9959138
-0.9970168
-0.9976312
-0.99705046
-0.9956173
-0.99474853
-0.99636626
-0.99726593
-0.99685407
-0.9965212
-0.9974053
-0.9975588
-0.99668145
-0.9957564
-0.99602467
-0.9972257
-0.99748296
-0.9971971
-0.99654233
-0.9963581
-0.9970395
-0.997705
-0.9975067
-0.9971861
-0.99641174
-0.996326
-0.99678165
-0.9975672
-0.9972233
-0.99646443
-0.9955961
-0.9958215
-0.99668324
-0.9969582
-0.99678713
-0.9963904
-0.99680376
-0.99691087
-0.99633086
-0.9962805
-0.997241
-0.99778223
-0.99720126
-0.99681485
-0.99643165
-0.9969084
-0.99764585
-0.9975587
-0.9974258
-0.9971688
-0.9971204
-0.99717623
-0.99705386
-0.9967572
-0.9967046
-0.99656874
-0.9969453
-0.997321
-0.99704564
-0.9969644
-0.997245
-0.99734604
-0.9972386
-0.9967941
-0.9969719
-0.99758744
-0.997492
-0.9969876
-0.99655485
-0.9963182
-0.99650306
-0.99660265
-0.9966329
-0.9969857
-0.99766135
-0.9976911
-0.99716955
-0.9969324
-0.9966552
-0.9966142
-0.99694
-0.99721843
-0.997524
-0.99764925
-0.99738204
-0.99708354
-0.99658537
-0.9965662
-0.99723196
-0.997657
-0.9976673
-0.99724495
-0.99709177
-0.9971155
-0.9974753
-0.9976552
-0.99778974
-0.9974378
-0.9973247
-0.99706775
-0.9972373
-0.99733007
-0.99757266
-0.9979218
-0.9976003
-0.9975393
-0.9973279
-0.9973602
-0.9975681
-0.99798685
-0.99761987
-0.99729574
-0.99673253
-0.9967115
-0.9970412
-0.9971552
-0.99740684
-0.9977186
-0.99792504
-0.997806
-0.9976038
-0.99733853
-0.99723697
-0.9970463
-0.9972256
-0.99733543
-0.99767107
-0.99789536
-0.9977446
-0.99759847
-0.9978645
-0.99762446
-0.9978946
-0.9977209
-0.997705
-0.99746156
-0.9974516
-0.99726534
-0.9972197
-0.99722373
-0.99720603
-0.9968881
-0.99653226
-0.99613446
-0.996674
-0.9976258
-0.9977644
-0.99703664
-0.9960517
-0.9957092
-0.9964114
-0.9973992
-0.9977351
-0.9974759
-0.9964973
-0.99435115
-0.99552315
-0.9974676
-0.99613166
-0.99266714
-0.99482656
-0.99706715
-0.995839
-0.99498546
-0.9964842
-0.99678624
-0.9951178
-0.99491006
-0.99688655
-0.9966881
-0.9948085
-0.99626416
-0.99685264
-0.9962321
-0.99556965
-0.996392
-0.99719805
-0.9972825
-0.9969364
-0.9964019
-0.99698013
-0.9974465
-0.99762475
-0.99738544
-0.9974724
-0.99751365
-0.9976452
-0.99771994
-0.9977111
-0.9976245
-0.99753934
-0.9974983
-0.9972984
-0.9973643
-0.99739766
-0.9974374
-0.9972408
-0.9970994
-0.9968768
-0.9969243
-0.9974581
-0.9979273
-0.9976087
-0.9972945
-0.9969991
-0.99728626
-0.9972614
-0.99740744
-0.9974054
-0.99744564
-0.99776536
-0.9978782
-0.9980325
-0.99784225
-0.99756545
-0.997556
-0.9975119
-0.99765205
-0.99787843
-0.9978902
-0.9978829
-0.99779123
-0.99798185
-0.9979253
-0.9979552
-0.99785775
-0.997662
-0.99764156
-0.99770695
-0.9979953
-0.997724
-0.99766845
-0.9976715
-0.998013
-0.9980224
-0.99783355
-0.9974656
-0.9975698
-0.99773896
-0.9979004
-0.99780846
-0.99741334
-0.9974462
-0.99747634
-0.9974495
-0.99736357
-0.997096
-0.99667317
-0.9964651
-0.9965361
-0.9968245
-0.9973882
-0.99770474
-0.9974879
-0.99667066
-0.996352
-0.99647427
-0.9969748
-0.9976065
-0.9976769
-0.9969674
-0.9963875
-0.99606854
-0.997032
-0.9976082
-0.99729073
-0.99609584
-0.995414
-0.9964028
-0.9975112
-0.9974685
-0.9967509
-0.99571544
-0.99582934
-0.9965424
-0.99688095
-0.9969722
-0.99728423
-0.9970241
-0.99736655
-0.9970791
-0.996781
-0.99639696
-0.99623555
-0.9966977
-0.99726427
-0.9978082
-0.9977851
-0.99742866
-0.9971464
-0.99670047
-0.9970027
-0.997415
-0.9976169
-0.9970964
-0.9969744
-0.99724346
-0.99734026
-0.997234
-0.99726117
-0.99725646
-0.9971924
-0.99717414
-0.997134
-0.9971915
-0.9975382
-0.9976819
-0.9977382
-0.9977145
-0.9977197
-0.997601
-0.99759233
-0.9970818
-0.9959583
-0.9947308
-0.99564886
-0.99735993
-0.9977665
-0.99685323
-0.9961351
-0.9967154
-0.9971391
-0.99728286
-0.9975873
-0.99760586
-0.99783665
-0.9978981
-0.99753046
-0.9973932
-0.99704504
-0.9970474
-0.9972385
-0.99760175
-0.9977603
-0.99762213
-0.99733996
-0.9968131
-0.99601084
-0.9957315
-0.99663913
-0.9971147
-0.9974271
-0.99733466
-0.9974943
-0.99762267
-0.99762994
-0.9972976
-0.99718356
-0.9971456
-0.99717355
-0.997689
-0.99772096
-0.9978946
-0.9975514
-0.9973783
-0.9974881
-0.997581
-0.99758244
-0.9977986
-0.9978306
-0.997898
-0.99798036
-0.9978062
-0.99807304
-0.9979319
-0.9978073
-0.9977828
-0.9976662
-0.9978139
-0.99787754
-0.9979449
-0.9979291
-0.9977135
-0.997256
-0.9966693
-0.9962989
-0.99692017
-0.99745286
-0.99775004
-0.9975831
-0.9976202
-0.9977324
-0.9976774
-0.9978657
-0.9975848
-0.99762005
-0.9976972
-0.99752843
-0.99764717
-0.9977593
-0.99781
-0.9978657
-0.99755085
-0.9976453
-0.9972435
-0.99664766
-0.9962716
-0.9961908
-0.9962269
-0.99665314
-0.9970834
-0.997393
-0.9974788
-0.9976291
-0.9976495
-0.9976704
-0.99768716
-0.997612
-0.9979173
-0.9977093
-0.99756896
-0.9974644
-0.99765956
-0.9976058
-0.9978178
-0.99777627
-0.9977181
-0.99752206
-0.997371
-0.996614
-0.9953191
-0.9940143
-0.99667376
-0.99712515
-0.99540794
-0.99467856
-0.99576426
-0.9949694
-0.99401027
-0.9947426
-0.9962042
-0.9956985
-0.9948857
-0.9959317
-0.99641955
-0.99442524
-0.9939045
-0.9965905
-0.9964441
-0.9943759
-0.99567443
-0.99672306
-0.99602354
-0.9948869
-0.99667597
-0.9972782
-0.99601007
-0.99591726
-0.9967096
-0.9965591
-0.9953322
-0.99583614
-0.9967804
-0.9956414
-0.9956265
-0.9969563
-0.9966257
-0.99548256
-0.9957242
-0.9974107
-0.99709296
-0.9961719
-0.9967231
-0.9973162
-0.99687856
-0.9963948
-0.9967658
-0.99747247
-0.99749374
-0.9969981
-0.99729735
-0.9975973
-0.99780333
-0.9973007
-0.99747026
-0.99770385
-0.9974962
-0.99763143
-0.9973915
-0.9975847
-0.99775255
-0.9979656
-0.9976382
-0.9977696
-0.99782246
-0.99757826
-0.9974088
-0.99702555
-0.99718505
-0.99727833
-0.9978265
-0.9977223
-0.99777114
-0.9977705
-0.99797875
-0.9980817
-0.9977178
-0.9976854
-0.99775356
-0.99791837
-0.9980398
-0.99793833
-0.9978846
-0.997858
-0.9980015
-0.9979574
-0.9978129
-0.99782926
-0.9978496
-0.99787515
-0.9980702
-0.99790376
-0.9976423
-0.99763
-0.9977728
-0.99787056
-0.9980621
-0.99789214
-0.99783444
-0.9978197
-0.99774814
-0.997807
-0.99752635
-0.9974353
-0.9973413
-0.9975966
-0.9977862
-0.99788547
-0.99799484
-0.9978445
-0.9975504
-0.99694866
-0.99563813
-0.9947364
-0.99615365
-0.99772745
-0.9975945
-0.9966348
-0.99498355
-0.9938433
-0.9956306
-0.9972747
-0.99728984
-0.9958324
-0.99354756
-0.99420965
-0.9965195
-0.9975711
-0.9959344
-0.9944267
-0.9964001
-0.9973938
-0.9962497
-0.99543583
-0.9962882
-0.9968348
-0.99728936
-0.9973466
-0.99733406
-0.99733853
-0.997375
-0.9974319
-0.9975526
-0.99776655
-0.99753165
-0.997535
-0.9974129
-0.99788374
-0.9974781
-0.9979072
-0.99761444
-0.997455
-0.9976921
-0.9976664
-0.99777967
-0.9977417
-0.9976372
-0.997489
-0.99720055
-0.99700826
-0.996749
-0.99645114
-0.9964897
-0.9968031
-0.9977204
-0.9977578
-0.99730676
-0.9960412
-0.9956231
-0.9961337
-0.9970033
-0.9979341
-0.99759626
-0.9970321
-0.99641436
-0.99630183
-0.99673337
-0.9975821
-0.99789107
-0.99767345
-0.99722147
-0.9967293
-0.9964448
-0.9963839
-0.99705994
-0.9975314
-0.9977517
-0.99774915
-0.9973316
-0.997045
-0.99666995
-0.9965022
-0.99729455
-0.997652
-0.99778223
-0.9969951
-0.996018
-0.99492633
-0.9955514
-0.99669594
-0.9971659
-0.9964359
-0.99391776
-0.9931315
-0.99591887
-0.9956639
-0.99366254
-0.99573416
-0.99631214
-0.9948888
-0.995419
-0.99626017
-0.9959574
-0.99578106
-0.99674946
-0.99608505
-0.99462676
-0.9959324
-0.9971609
-0.99562836
-0.9962535
-0.99704546
-0.9965725
-0.9963569
-0.9970022
-0.9973371
-0.9968859
-0.9959157
-0.9965026
-0.99727166
-0.99722284
-0.9960441
-0.99597055
-0.9971565
-0.9975971
-0.99617076
-0.99576217
-0.9968417
-0.99742067
-0.9969838
-0.9966139
-0.9973073
-0.9975929
-0.9969366
-0.9962991
-0.9966207
-0.99704975
-0.99692523
-0.99693674
-0.99731356
-0.99783164
-0.99739695
-0.9967211
-0.99624527
-0.99700975
-0.9978586
-0.9970562
-0.99616355
-0.99600613
-0.99655104
-0.9969019
-0.9972376
-0.99743366
-0.9970356
-0.9964823
-0.99706465
-0.9975725
-0.9976748
-0.9969866
-0.99662566
-0.99690425
-0.9976633
-0.9977583
-0.9974397
-0.9971219
-0.9969192
-0.9968043
-0.9972362
-0.9976756
-0.9977799
-0.9979862
-0.99750036
-0.99764866
-0.9975017
-0.9976061
-0.99760497
-0.9974912
-0.9975416
-0.9976003
-0.99766904
-0.99792033
-0.9978363
-0.99769753
-0.997833
-0.99787873
-0.99797946
-0.9980099
-0.99794763
-0.9979535
-0.99796015
-0.99807334
-0.99809957
-0.9978957
-0.99817914
-0.9980412
-0.9980268
-0.99810284
-0.99810016
-0.9978994
-0.997938
-0.99783134
-0.99786174
-0.9977109
-0.9978055
-0.997631
-0.9977151
-0.9978643
-0.99777573
-0.99776876
-0.9976738
-0.99796623
-0.9979128
-0.9979221
-0.9976628
-0.9976876
-0.99774
-0.9974819
-0.9973663
-0.9972351
-0.99690616
-0.996714
-0.9966848
-0.9970876
-0.9975608
-0.9979248
-0.9978833
-0.99779487
-0.99750465
-0.9975311
-0.997591
-0.9978462
-0.9979093
-0.99801415
-0.9979332
-0.99799216
-0.99778086
-0.99728876
-0.99684286
-0.9961434
-0.99572986
-0.9961395
-0.99681884
-0.99763507
-0.9978062
-0.9975287
-0.9963196
-0.99406165
-0.9926532
-0.9958803
-0.9974615
-0.9961394
-0.9944669
-0.99468446
-0.9965878
-0.99705213
-0.99622136
-0.9959413
-0.9963779
-0.99724185
-0.99709266
-0.99628186
-0.9960619
-0.9964861
-0.9969101
-0.9971295
-0.9974322
-0.99748427
-0.99723095
-0.9975761
-0.99762046
-0.9974347
-0.9974811
-0.99723476
-0.99722636
-0.9978705
-0.99790984
-0.9976115
-0.997336
-0.99707603
-0.9971353
-0.9973996
-0.99771184
-0.99797827
-0.99760985
-0.99768406
-0.9975975
-0.99724156
-0.99718004
-0.99733216
-0.99731547
-0.9977021
-0.9979196
-0.9978145
-0.9969712
-0.9957807
-0.99471384
-0.9958514
-0.9976436
-0.99677837
-0.994873
-0.99466497
-0.9956036
-0.99696916
-0.99637717
-0.99535084
-0.9964619
-0.99727994
-0.99570775
-0.9947982
-0.99588656
-0.9967376
-0.99679667
-0.9968743
-0.9971965
-0.9971702
-0.99704766
-0.99766105
-0.99766684
-0.9975715
-0.9973187
-0.9970491
-0.997857
-0.99793714
-0.99772006
-0.9975048
-0.9973167
-0.99716944
-0.9974076
-0.9975546
-0.99764496
-0.99788463
-0.99767566
-0.99768585
-0.9977756
-0.99752885
-0.9974694
-0.99717796
-0.99700314
-0.9969106
-0.99718183
-0.99758077
-0.99762917
-0.9979036
-0.99781066
-0.99780464
-0.9978531
-0.9977841
-0.99776846
-0.9976758
-0.9976021
-0.9977545
-0.99749666
-0.99757606
-0.99726695
-0.99720025
-0.9971566
-0.99751884
-0.9977644
-0.99750996
-0.9975724
-0.99726075
-0.99688804
-0.9970131
-0.996877
-0.99669564
-0.9962593
-0.9955579
-0.9962366
-0.9972814
-0.99756247
-0.99718654
-0.9960124
-0.99597186
-0.9971171
-0.99761593
-0.9968168
-0.99590343
-0.99660015
-0.99725163
-0.9975358
-0.99711937
-0.9965844
-0.99636793
-0.9966271
-0.99716955
-0.997454
-0.9974704
-0.9977737
-0.99775326
-0.9977192
-0.9976418
-0.99722904
-0.99754536
-0.9974267
-0.99781287
-0.99759674
-0.9972423
-0.9964136
-0.9958744
-0.99585295
-0.9967074
-0.9976086
-0.9978511
-0.99771625
-0.99736154
-0.9967527
-0.99694425
-0.9976326
-0.9978809
-0.99664193
-0.994879
-0.99467987
-0.9963333
-0.9975295
-0.9975505
-0.9970339
-0.9967692
-0.99684286
-0.99728435
-0.99781716
-0.9974042
-0.99683845
-0.99709356
-0.99715936
-0.9974986
-0.9976374
-0.9974525
-0.9970728
-0.99701226
-0.9970593
-0.99732673
-0.99749005
-0.99757165
-0.9967461
-0.99621326
-0.9966073
-0.9974827
-0.99781084
-0.99693096
-0.99655086
-0.996954
-0.9975449
-0.9977726
-0.99766105
-0.9974491
-0.99746424
-0.99702984
-0.99664783
-0.99639475
-0.99665964
-0.99725914
-0.9977811
-0.99748605
-0.9970384
-0.9965211
-0.9968973
-0.9976971
-0.9978317
-0.99738276
-0.9972772
-0.9974073
-0.99787444
-0.99755204
-0.99665767
-0.9958048
-0.9961319
-0.99714625
-0.99693954
-0.9958756
-0.9958204
-0.99606895
-0.9963304
-0.9960606
-0.99529284
-0.99657947
-0.99759877
-0.99630386
-0.9951587
-0.9963423
-0.99757034
-0.9971422
-0.9958489
-0.996934
-0.99780977
-0.9968478
-0.9962874
-0.9969933
-0.99784
-0.9975052
-0.9969891
-0.9971509
-0.99746364
-0.9973543
-0.9967567
-0.9961788
-0.99678934
-0.9974274
-0.9977054
-0.99719715
-0.99705124
-0.9969435
-0.997045
-0.9970839
-0.9974771
-0.99722695
-0.9974077
-0.99778086
-0.9975586
-0.997569
-0.9974545
-0.9977192
-0.9978454
-0.9976224
-0.9974776
-0.9974052
-0.99777406
-0.9979316
-0.99772924
-0.99786466
-0.9976119
-0.9977879
-0.99775
-0.9975863
-0.9978798
-0.99766684
-0.9979369
-0.9979981
-0.997779
-0.9980821
-0.9978321
-0.9979646
-0.99767107
-0.9976279
-0.99783427
-0.99789864
-0.99783003
-0.9978372
-0.9978599
-0.9979318
-0.99782866
-0.9977774
-0.9977126
-0.9975907
-0.9973894
-0.99699247
-0.99640006
-0.99645966
-0.9969376
-0.99732107
-0.9974404
-0.99750495
-0.9972427
-0.9973853
-0.9972283
-0.9970431
-0.9969436
-0.9975738
-0.9977869
-0.99767035
-0.9972599
