-0.43310022
-0.46057808
-0.4568981
-0.48172385
-0.49958196
-0.5108528
-0.52387977
-0.545658
-0.56728625
-0.5695569
-0.58286136
-0.59429634
-0.5966753
-0.6110178
-0.6162162
-0.6184444
-0.6329025
-0.64688414
-0.6620695
-0.671363
-0.67341715
-0.68983835
-0.70178413
-0.697339
-0.7211202
-0.73398536
-0.7365192
-0.74455696
-0.74853367
-0.7601224
-0.7680884
-0.784925
-0.7839233
-0.791031
-0.7934979
-0.8054979
-0.804032
-0.8110554
-0.8112941
-0.8215712
-0.81938565
-0.82035804
-0.8213333
-0.8228659
-0.81922174
-0.82222944
-0.81860703
-0.8204175
-0.81948614
-0.82707155
-0.8214876
-0.82199484
-0.8243008
-0.8235085
-0.82765514
-0.82315856
-0.8257227
-0.8252441
-0.82494503
-0.825294
-0.8298103
-0.8309632
-0.828208
-0.8284047
-0.8300563
-0.8267627
-0.8306037
-0.827252
-0.8350031
-0.828909
-0.8349621
-0.83679044
-0.83168685
-0.8310631
-0.83617496
-0.8359678
-0.8353307
-0.8410949
-0.83714205
-0.83540636
-0.84232175
-0.83651626
-0.83641315
-0.8372888
-0.83886987
-0.8417
-0.8392953
-0.8399842
-0.8398956
-0.8400943
-0.8414052
-0.8413439
-0.83800226
-0.8393539
-0.83828825
-0.84073776
-0.84361035
-0.84020054
-0.8444016
-0.8395479
-0.8414208
-0.8394184
-0.8411969
-0.8472422
-0.83440125
-0.84677184
-0.84605044
-0.8465363
-0.8458479
-0.84960663
-0.84471935
-0.841464
-0.8441282
-0.844241
-0.8470016
-0.84394217
-0.84823173
-0.8437106
-0.84602773
-0.84226745
-0.84415776
-0.8431926
-0.8468411
-0.84555876
-0.84728605
-0.84939295
-0.8455084
-0.8509279
-0.8487711
-0.84355116
-0.8504376
-0.84464014
-0.84692407
-0.8455233
-0.84654695
-0.8492923
-0.8476995
-0.84642065
-0.84359336
-0.8453655
-0.84617084
-0.8460876
-0.8473216
-0.84869933
-0.8478876
-0.8528081
-0.84851277
-0.84736776
-0.8455107
-0.84549433
-0.8504424
-0.8476716
-0.8464365
-0.8498437
-0.8497136
-0.8472438
-0.85005015
-0.84822315
-0.8521793
-0.8467808
-0.85010964
-0.8494358
-0.8510788
-0.84935147
-0.8472345
-0.85123557
-0.8503946
-0.8528293
-0.850075
-0.8530612
-0.8512365
-0.8476504
-0.8530727
-0.8529879
-0.85030377
-0.84926695
-0.851607
-0.8538761
-0.8499544
-0.8521345
-0.8470958
-0.8476488
-0.8494191
-0.8544148
-0.8523317
-0.8527814
-0.8513582
-0.85038334
-0.8542899
-0.8521072
-0.8497645
-0.8532816
-0.8518716
-0.85367006
-0.8526842
-0.85112727
-0.85134953
-0.85345864
-0.8535338
-0.84833556
-0.8532361
-0.8562814
-0.8516937
-0.8502797
-0.8488413
-0.8571418
-0.8552428
-0.84996206
-0.85346323
-0.84844905
-0.8527327
-0.8534918
-0.8551673
-0.8535681
-0.8521702
-0.8522777
-0.85581714
-0.85646486
-0.8539179
-0.8533261
-0.85103565
-0.8510955
-0.8497137
-0.8526689
-0.852322
-0.849827
-0.8547681
-0.8556894
-0.8517293
-0.8491127
-0.8520178
-0.8497607
-0.8531133
-0.85433745
-0.85100883
-0.8534391
-0.8535523
-0.85239685
-0.8559753
-0.8572837
-0.8556105
-0.85661674
-0.8574087
-0.85168624
-0.8526575
-0.85230356
-0.85199517
-0.85328215
-0.852132
-0.85465145
-0.84982806
-0.8525685
-0.85684097
-0.8534266
-0.8528653
-0.8537019
-0.8574608
-0.8532247
-0.85682374
-0.8545241
-0.85530263
-0.8525254
-0.8551064
-0.8548184
-0.8566859
-0.8553735
-0.8568047
-0.853884
-0.85390425
-0.8574207
-0.8512393
-0.8554955
-0.85010135
-0.8494193
-0.8563814
-0.85422623
-0.8554039
-0.8536311
-0.85525274
-0.85358304
-0.8591376
-0.85823935
-0.85413873
-0.85304266
-0.85474664
-0.8494291
-0.85466677
-0.8538577
-0.8546982
-0.8532331
-0.85554683
-0.8577483
-0.8549477
-0.85206527
-0.85687673
-0.8551947
-0.8540277
-0.8552078
-0.85793144
-0.8571138
-0.853664
-0.8558014
-0.8538222
-0.8582673
-0.8538038
-0.8566558
-0.8562794
-0.85489964
-0.85577327
-0.8532755
-0.8557609
-0.8554885
-0.8564182
-0.8580804
-0.85465354
-0.8587484
-0.8534531
-0.85435987
-0.851622
-0.8562427
-0.8590977
-0.8520412
-0.8562568
-0.8546966
-0.8533376
-0.8547582
-0.8583439
-0.85478336
-0.8558767
-0.8564283
-0.85857326
-0.8538163
-0.8581708
-0.85258
-0.85948825
-0.8558451
-0.85315293
-0.8539714
-0.8556338
-0.8591848
-0.8558375
-0.8555828
-0.8562
-0.85886425
-0.8561696
-0.8578622
-0.85346854
-0.8574314
-0.85933423
-0.85749537
-0.8570342
-0.8564768
-0.85669225
-0.8561179
-0.8563926
-0.85690063
-0.8540956
-0.8582761
-0.8574334
-0.8577565
-0.8564107
-0.8567676
-0.8573333
-0.8550928
-0.8539495
-0.8550995
-0.85971165
-0.85687923
-0.86040497
-0.8536684
-0.8569094
-0.8565068
-0.8578137
-0.8549107
-0.8562053
-0.85456854
-0.8559297
-0.8589972
-0.85629827
-0.85504127
-0.8566449
-0.85572267
-0.85312545
-0.85427475
-0.858315
-0.85660326
-0.8568932
-0.8557409
-0.8577386
-0.85383105
-0.85633284
-0.8555754
-0.8578617
-0.85854745
-0.8549739
-0.8567616
-0.85817677
-0.85815674
-0.85781944
-0.8523635
-0.8534543
-0.8585573
-0.85501415
-0.856623
-0.855938
-0.8553365
-0.8543692
-0.8542607
-0.85630834
-0.8527576
-0.8550006
-0.8563902
-0.8552739
-0.86205417
-0.85271597
-0.85487694
-0.853651
-0.854735
-0.85326415
-0.8535852
-0.85465133
-0.856464
-0.86008465
-0.8561458
-0.8586767
-0.8569653
-0.8576908
-0.8569153
-0.85787374
-0.8584181
-0.85387486
-0.85874873
-0.8593889
-0.8590505
-0.85487986
-0.8551004
-0.8582804
-0.8588618
-0.8556568
-0.8586414
-0.8578502
-0.8551016
-0.85855895
-0.85717094
-0.8604574
-0.8568933
-0.8543275
-0.8583125
-0.85918707
-0.858657
-0.8563817
-0.8605711
-0.85719854
-0.85780394
-0.8618073
-0.8557079
-0.85228795
-0.8604793
-0.8585008
-0.8583015
-0.8584837
-0.8550018
-0.85686404
-0.8623161
-0.859906
-0.8561388
-0.85489285
-0.8632579
-0.856588
-0.8577091
-0.8552189
-0.85605794
-0.8582841
-0.8565306
-0.85955036
-0.8580644
-0.858158
-0.8548383
-0.85959274
-0.85761833
-0.859814
-0.8590285
-0.85559773
-0.8541187
-0.8587094
-0.8584338
-0.8581331
-0.85763127
-0.85608417
-0.857861
-0.85836005
-0.8605329
-0.8612145
-0.85771894
-0.8596174
-0.8590709
-0.85999715
-0.85806054
-0.8575008
-0.856522
-0.8605344
-0.85548466
-0.8564472
-0.8595848
-0.8553221
-0.8575031
-0.8566178
-0.85612637
-0.8602888
-0.85545886
-0.8566188
-0.8579861
-0.8561004
-0.85511553
-0.8574003
-0.8579366
-0.85717773
-0.8620145
-0.85872585
-0.8568048
-0.858703
-0.8609202
-0.8586235
-0.8571129
-0.85984737
-0.858707
-0.8588783
-0.85703355
-0.86061823
-0.8590185
-0.8584083
-0.8565621
-0.8612017
-0.8608524
-0.8558339
-0.86046225
-0.86112434
-0.85970557
-0.86131465
-0.8577009
-0.8615818
-0.8583478
-0.859866
-0.8590269
-0.8637895
-0.85676634
-0.8582683
-0.8589206
-0.8564719
-0.85676336
-0.85878164
-0.85867983
-0.8614823
-0.85996205
-0.8584823
-0.8632803
-0.8560383
-0.86107063
-0.86225045
-0.8596467
-0.8586504
-0.8590719
-0.8586422
-0.8603009
-0.8573945
-0.85751283
-0.86042774
-0.8589284
-0.8592202
-0.85757345
-0.85840386
-0.85917026
-0.8592144
-0.85848105
-0.8626806
-0.85906875
-0.86030686
-0.85915774
-0.85806733
-0.8604631
-0.8586068
-0.8617569
-0.85698897
-0.8582991
-0.8587169
-0.8608669
-0.8576128
-0.8588238
-0.8607478
-0.86133385
-0.85828966
-0.86060995
-0.8585001
-0.8630569
-0.86196595
-0.85938287
-0.859854
-0.86072
-0.861102
-0.8600854
-0.86076176
-0.8598212
-0.8584697
-0.86011606
-0.8599716
-0.85864085
-0.85868925
-0.86257577
-0.8598612
-0.8571641
-0.8615753
-0.85895735
-0.8619018
-0.8578492
-0.860211
-0.85807055
-0.8619012
-0.86128867
-0.85837924
-0.8600491
-0.8601463
-0.8622377
-0.8602557
-0.86366564
-0.8604687
-0.86633325
-0.85893553
-0.86056674
-0.85616577
-0.8614548
-0.8604251
-0.86237764
-0.86213297
-0.8598938
-0.8588549
-0.86432743
-0.8612463
-0.8612443
-0.8603874
-0.8559887
-0.85444695
-0.85911053
-0.85962695
-0.85815406
-0.8603384
-0.8609413
-0.85965145
-0.8597179
-0.85763544
-0.8559236
-0.8625956
-0.8606865
-0.8574638
-0.8584532
-0.86098504
-0.8597204
-0.86181295
-0.86034584
-0.8596984
-0.8601826
-0.859996
-0.85993254
-0.8625166
-0.8582081
-0.85854876
-0.8584517
-0.8596067
-0.861032
-0.8609732
-0.8569013
-0.86106074
-0.861461
-0.8665792
-0.8582349
-0.8599534
-0.86106235
-0.86167914
-0.8601256
-0.86119306
-0.86058646
-0.86073625
-0.8615535
-0.85883576
-0.85857946
-0.8628213
-0.85549337
-0.86114275
-0.8612517
-0.85802364
-0.85805196
-0.8595295
-0.8594796
-0.8620134
-0.85885024
-0.863525
-0.86235654
-0.8623344
-0.86177325
-0.8612247
-0.8630664
-0.86049616
-0.8582381
-0.86109203
-0.8578594
-0.8594551
-0.8597315
-0.8570697
-0.85846287
-0.8619956
-0.86309403
-0.86482906
-0.8613131
-0.8610417
-0.8635152
-0.85762125
-0.86169666
-0.8621544
-0.85978115
-0.8601089
-0.8594658
-0.86406094
-0.85858357
-0.85664874
-0.86126757
-0.8607511
-0.86408514
-0.86048317
-0.85800207
-0.8622794
-0.8615904
-0.86358476
-0.86264277
-0.8588512
-0.863825
-0.86245495
-0.8601917
-0.86192274
-0.85836214
-0.860644
-0.8605537
-0.86010355
-0.8603174
-0.85919976
-0.86262125
-0.8574715
-0.86248636
-0.85867256
-0.8597592
-0.86157924
-0.85998553
-0.86401415
-0.86140007
-0.8592346
-0.86433274
-0.86064255
-0.8584383
-0.86373955
-0.8600304
-0.8609943
-0.8605985
-0.8616909
-0.85917085
-0.8642896
-0.85954696
-0.86395186
-0.8640806
-0.86132824
-0.8633181
-0.8601436
-0.86211336
-0.8624765
-0.86021894
-0.86200607
-0.8645308
-0.8604831
-0.8596284
-0.86122996
-0.8592994
-0.8591827
-0.860827
-0.86130404
-0.8619309
-0.8630053
-0.85810435
-0.86271834
-0.8620309
-0.8618798
-0.86159825
-0.8604586
-0.861679
-0.85995984
-0.8629695
-0.8633236
-0.8606196
-0.86264324
-0.8638293
-0.8585214
-0.86126393
-0.86036855
-0.86393374
-0.86066836
-0.8623375
-0.8597021
-0.86281615
-0.86027735
-0.8605751
-0.8624376
-0.8603945
-0.8626435
-0.86411095
-0.85683125
-0.8619676
-0.86019665
-0.8605184
-0.8594957
-0.8588644
-0.8625424
-0.85790783
-0.86151
-0.8602287
-0.86081237
-0.8604064
-0.86117166
-0.86230016
-0.8639816
-0.8616677
-0.8569215
-0.8627875
-0.8643084
-0.8589437
-0.85707885
-0.8602818
-0.85981107
-0.86381054
-0.8626134
-0.8597558
-0.86652994
-0.8607719
-0.8578451
-0.8632077
-0.864017
-0.8612061
-0.8614074
-0.86437327
-0.86183673
-0.8590951
-0.8621954
-0.8626653
-0.86089885
-0.8643583
-0.86229354
-0.86110425
-0.86127084
-0.8638336
-0.86073554
-0.8613901
-0.8637254
-0.8587373
-0.8609647
-0.8619376
-0.8615845
-0.8609169
-0.8613724
-0.8635239
-0.8607421
-0.8639462
-0.8633899
-0.86346227
-0.86179876
-0.8627669
-0.8615032
-0.8617645
-0.8643439
-0.86080265
-0.8596872
-0.86261165
-0.8630443
-0.86372095
-0.86294746
-0.86443126
-0.8634474
-0.8616078
-0.86171234
-0.86142385
-0.86064684
-0.8617237
-0.8610428
-0.8654616
-0.86188453
-0.86179084
-0.86214364
-0.8629247
-0.86274123
-0.8613655
-0.863503
-0.86073995
-0.86451775
-0.861303
-0.85985845
-0.864193
-0.86396104
-0.86231166
-0.8635549
-0.8643202
-0.8615622
-0.86119246
-0.86757404
-0.8630324
-0.86290663
-0.86081505
-0.8615443
-0.8621858
-0.86015993
-0.8631072
-0.8611192
-0.8652677
-0.86568564
-0.86256206
-0.8659141
-0.865658
-0.8664092
-0.86301816
-0.86590004
-0.86415887
-0.8648498
-0.8630708
-0.8612704
-0.862646
-0.8620686
-0.8657355
-0.86483127
-0.86185616
-0.8628276
-0.86191803
-0.86281097
-0.865053
-0.8597797
-0.86252606
-0.8596619
-0.8615459
-0.861669
-0.864546
-0.8643423
-0.8614925
-0.86110866
-0.86413926
-0.8652648
-0.8602878
-0.86128724
-0.8607297
-0.86594045
-0.86147636
-0.8628316
-0.8632979
-0.8611438
-0.86156166
-0.862811
-0.8607679
-0.86264324
-0.8660752
-0.86451197
-0.86621076
-0.8648641
-0.86316174
-0.8623549
-0.8613176
-0.865699
-0.86187524
-0.8660439
-0.86371803
-0.86089337
-0.86259705
-0.86613435
-0.86524755
-0.86198425
-0.8640035
-0.8626975
-0.8608757
-0.8639477
-0.8666919
-0.8597618
-0.85951465
-0.8621471
-0.8635176
-0.86419225
-0.86262566
-0.8591077
-0.8642519
-0.86508965
-0.86198133
-0.8611478
-0.862766
-0.8626836
-0.86536026
-0.8612442
-0.8628751
-0.8628514
-0.86383086
-0.8674003
-0.8631947
-0.86401796
-0.86204255
-0.8634699
-0.85893744
-0.8634445
-0.86384827
-0.8597783
-0.8621947
-0.8629886
-0.86246955
-0.8648664
-0.8639613
-0.8645088
-0.861224
-0.865526
-0.8635326
-0.862897
-0.8621545
-0.8639685
-0.8621393
-0.863673
-0.86281365
-0.8654046
-0.8670601
-0.8641285
-0.86053234
-0.8640656
-0.86297166
-0.86151594
-0.86385596
-0.8644179
-0.863768
-0.86222184
-0.86428136
-0.86172783
-0.8656644
-0.86253643
-0.862845
-0.8613574
-0.8669586
-0.86268914
-0.86356163
-0.86369026
-0.86613506
-0.8629304
-0.8623721
-0.86395735
-0.863148
-0.86312515
-0.86244386
-0.8619482
-0.8613191
-0.862727
-0.8654309
-0.8638828
-0.85945433
-0.86622685
-0.8629665
-0.86567754
-0.8640062
-0.8631766
-0.85970974
-0.86326474
-0.8641196
-0.8648459
-0.86184865
-0.86074626
-0.8661313
-0.8627655
-0.8620359
-0.86753213
-0.8646673
-0.8637152
-0.86764693
-0.85651374
-0.8633463
-0.86377573
-0.8611755
-0.85928935
-0.8648019
-0.8617579
-0.86224544
-0.8599615
-0.8624582
-0.86223495
-0.8608052
-0.8635337
-0.86245865
-0.86541593
-0.86106104
-0.86383206
-0.8630542
-0.8629554
-0.86267674
-0.8635937
-0.8647948
-0.86211216
-0.86402303
-0.86876845
-0.8647167
-0.8643463
-0.8631045
-0.8617737
-0.86515504
-0.86158234
-0.8643761
-0.8661276
-0.8630812
-0.86785966
-0.8608602
-0.8659927
-0.8646093
-0.86218655
-0.85983324
-0.86291736
-0.86279863
-0.8647994
-0.8631762
-0.8634893
-0.8613452
-0.8666139
-0.8640004
-0.863614
-0.86485666
-0.8630348
-0.86775815
-0.8658866
-0.86336154
-0.86751825
-0.8672126
-0.86117214
-0.860905
-0.8625958
-0.8615215
-0.8659136
-0.8654357
-0.8661731
-0.8609126
-0.86281157
-0.86470836
-0.86394703
-0.8640058
-0.86543536
-0.8630236
-0.8654592
-0.8624039
-0.85982645
-0.86694986
-0.863831
-0.86619294
-0.86601627
-0.8661476
-0.8659623
-0.86440283
-0.8633257
-0.8631089
-0.8680532
-0.86464924
-0.8652326
-0.86777234
-0.8683136
-0.86350375
-0.86318916
-0.8648194
-0.86380386
-0.8617627
-0.86654973
-0.86205286
-0.8656653
-0.8646434
-0.86563313
-0.8669305
-0.8645712
-0.8643174
-0.8653885
-0.8654187
-0.8637417
-0.86513305
-0.86713904
-0.8641225
-0.8665841
-0.8625002
-0.8634493
-0.86549115
-0.86603147
-0.8676644
-0.86590415
-0.86187106
-0.86505324
-0.86375785
-0.8665213
-0.86652315
-0.8626794
-0.86825657
-0.86488926
-0.86346763
-0.8663893
-0.86519325
-0.86524576
-0.86432004
-0.8625315
-0.8617038
-0.8616962
-0.86470747
-0.8667181
-0.8631645
-0.8618221
-0.8629044
-0.8634933
-0.86106074
-0.8649973
-0.8655755
-0.8649445
-0.8640112
-0.86658007
-0.86345863
-0.86606646
-0.8646195
-0.86532134
-0.8637822
-0.8632542
-0.8615638
-0.8652632
-0.86212486
-0.8627862
-0.8660379
-0.86576587
-0.8620345
-0.8622485
-0.8703392
-0.8662922
-0.86488044
-0.86255187
-0.86561704
-0.86469674
-0.86497235
-0.8654641
-0.8643818
-0.8618338
-0.8639621
-0.86860734
-0.863233
-0.86570126
-0.8662159
-0.85935456
-0.8650135
-0.8679078
-0.8670758
-0.8665473
-0.8668871
-0.86849344
-0.8628181
-0.8634142
-0.86567247
-0.867582
-0.8645166
-0.8659058
-0.86337554
-0.86362416
-0.8632269
-0.863808
-0.8647795
-0.86255753
-0.86797947
-0.8648177
-0.86810094
-0.8677823
-0.8634917
-0.8638353
-0.86428976
-0.8641401
-0.86342037
-0.86354315
-0.8624649
-0.86398834
-0.86257184
-0.8627097
-0.8624291
-0.86731774
-0.86282104
-0.8626164
-0.862655
-0.8667388
-0.8660357
-0.8636956
-0.8626381
-0.8669657
-0.864381
-0.8624789
-0.86283773
-0.8664344
-0.8668805
-0.8687562
-0.86372495
-0.86749035
-0.86998487
-0.86817986
-0.86380273
-0.8662487
-0.86517
-0.86208284
-0.86400616
-0.8646969
-0.8614754
-0.8616316
-0.8664393
-0.8650313
-0.8631129
-0.86258876
-0.86105007
-0.8627208
-0.8599873
-0.86058134
-0.8636984
-0.86389494
-0.86466724
-0.8671132
-0.865709
-0.86439335
-0.86578804
-0.8640014
-0.8705899
-0.86404485
-0.863923
-0.864355
-0.86253643
-0.86593586
-0.8616605
-0.8657603
-0.8641817
-0.86463636
-0.8640911
-0.8673098
-0.8641998
-0.8669391
-0.86644334
-0.8624437
-0.86656064
-0.8650129
-0.86710757
-0.8652347
-0.86753076
-0.8641531
-0.8655963
-0.86443555
-0.8635307
-0.86676365
-0.8643077
-0.86397403
-0.8663483
-0.865582
-0.86530226
-0.8664765
-0.8670632
-0.8651359
-0.8676858
-0.865644
-0.8657326
-0.8677048
-0.8652382
-0.86581784
-0.8685163
-0.86308557
-0.86618
-0.8625962
-0.86568516
-0.8664186
-0.8675166
-0.86572856
-0.8655624
-0.8670268
-0.8641595
-0.86506313
-0.86463135
-0.8639727
-0.8652113
-0.8677666
-0.8616762
-0.8683031
-0.86679953
-0.8658888
-0.866258
-0.86647564
-0.8659578
-0.8661363
-0.86852974
-0.86286485
-0.8667323
-0.8688046
-0.8678804
-0.8641953
-0.8634346
-0.86529374
-0.8657906
-0.863437
-0.86661094
-0.86522585
-0.86409986
-0.8662785
-0.86361283
-0.8659179
-0.86531764
-0.86541337
-0.8675427
-0.8656679
-0.8698293
-0.86523634
-0.86516577
-0.86444193
-0.8663388
-0.86809146
-0.8631966
-0.8645319
-0.8692461
-0.86537075
-0.86346066
-0.86505425
-0.86804086
-0.8636232
-0.8660668
-0.8661948
-0.86555356
-0.86587864
-0.86671144
-0.8663078
-0.8637286
-0.8648815
-0.8668919
-0.8641905
-0.86801225
-0.86252266
-0.8637841
-0.8695025
-0.8673067
-0.86346257
-0.86760104
-0.8653136
-0.8670474
-0.8655345
-0.86035526
-0.8674135
-0.8650881
-0.8681195
-0.86486185
-0.8645941
-0.8645617
-0.86604464
-0.8665778
-0.864546
-0.86347824
-0.863849
-0.8645493
-0.8648568
-0.8674092
-0.8649178
-0.86624104
-0.8642049
-0.8650528
-0.8669236
-0.86663795
-0.8659054
-0.8655049
-0.8622011
-0.8671231
-0.86453533
-0.8666365
-0.8662552
-0.8648118
-0.866444
-0.86576307
-0.86482936
-0.8646776
-0.86470866
-0.86952925
-0.8665504
-0.86653674
-0.8645369
-0.86504436
-0.86473495
-0.8683242
-0.8670072
-0.8645728
-0.8637547
-0.86802393
-0.86705637
-0.8644762
-0.8647224
-0.86588305
-0.86357033
-0.8667295
-0.8665012
-0.86464816
-0.8659887
-0.866571
-0.867853
-0.86903685
-0.866622
-0.86529595
-0.86775297
-0.86615276
-0.8652677
-0.8660857
-0.8681922
-0.863162
-0.8653025
-0.86613166
-0.8656065
-0.8655183
-0.865309
-0.8709466
-0.8650127
-0.86548615
-0.86623067
-0.8672339
-0.8634177
-0.8656522
-0.86681014
-0.8712873
-0.8658598
-0.8698585
-0.86434036
-0.8671161
-0.866342
-0.8672419
-0.8676946
-0.8648341
-0.8690698
-0.86440283
-0.8689585
-0.8652469
-0.86582834
-0.86569595
-0.8650355
-0.8652222
-0.865679
-0.8647316
-0.8678262
-0.8651552
-0.86439836
-0.8698056
-0.86205244
-0.8666364
-0.866716
-0.86674434
-0.8612978
-0.8654548
-0.8668055
-0.8623424
-0.86653554
-0.86344314
-0.86756206
-0.86634713
-0.8637392
-0.8696912
-0.8705834
-0.8677985
-0.8689974
-0.86590815
-0.86657727
-0.8677369
-0.866215
-0.8658946
-0.86840767
-0.8657221
-0.86398274
-0.8663193
-0.86459243
-0.86710846
-0.86530143
-0.86813086
-0.86913544
-0.8664294
-0.865821
-0.87115896
-0.86793214
-0.86865085
-0.8701855
-0.86903965
-0.8690497
-0.8660038
-0.868749
-0.86379856
-0.8668122
-0.867608
-0.8663477
-0.8670702
-0.86215127
-0.8671235
-0.86749274
-0.8703362
-0.86492604
-0.86475533
-0.86563855
-0.8650766
-0.8649706
-0.8654424
-0.86609787
-0.86654687
-0.8630071
-0.86320716
-0.8637553
-0.8659657
-0.86493015
-0.86657107
-0.8679908
-0.86597455
-0.8665513
-0.86984426
-0.86725515
-0.86806744
-0.8684923
-0.86566746
-0.86704993
-0.8680134
-0.8662424
-0.8675963
-0.8693567
-0.86630416
-0.8617655
-0.86224675
-0.8668741
-0.86595094
-0.86808664
-0.8672089
-0.86508685
-0.86666447
-0.86611634
-0.8683941
-0.8660583
-0.8677332
-0.8661872
-0.8651887
-0.8666637
-0.8672054
-0.8674387
-0.8697085
-0.8643476
-0.86707705
-0.8693681
-0.86487806
-0.8636201
-0.86707854
-0.870156
-0.8676143
-0.8669542
-0.86700773
-0.86504704
-0.86709464
-0.86549324
-0.86228245
-0.8621326
-0.86723685
-0.8643911
-0.86513424
-0.8663733
-0.8699846
-0.8685256
-0.86841273
-0.87194467
-0.86622494
-0.8675836
-0.8647188
-0.8645095
-0.86675566
-0.86458355
-0.8674524
-0.86782444
-0.8667945
-0.86719906
-0.86458284
-0.8648806
-0.86649853
-0.8662511
-0.8676233
-0.8659337
-0.8661116
-0.8691524
-0.8657358
-0.8645801
-0.86417913
-0.8667258
-0.8712725
-0.87014943
-0.8646505
-0.8678757
-0.8664781
-0.8656346
-0.8677781
-0.86500037
-0.8697611
-0.8646735
-0.86942476
-0.86872
-0.8682559
-0.86874384
-0.86830986
-0.86587876
-0.8672123
-0.8700442
-0.8665964
-0.87005746
-0.8682158
-0.86749065
-0.8652727
-0.8681695
-0.86726695
-0.8687388
-0.8683184
-0.8659939
-0.87154526
-0.86215025
-0.8655468
-0.86648476
-0.8661829
-0.8670388
-0.8654713
-0.8666807
-0.8693417
-0.8680112
-0.86804926
-0.8660261
-0.8657737
-0.86532736
-0.8710367
-0.86994624
-0.86743736
-0.867853
-0.8651188
-0.8655293
-0.8647813
-0.8663865
-0.87027824
-0.86675864
-0.86506695
-0.8712546
-0.8639686
-0.86969435
-0.8687583
-0.8669437
-0.8639194
-0.8640997
-0.8655748
-0.8639886
-0.86696416
-0.86974245
-0.86855555
-0.8709829
-0.8676306
-0.8664547
-0.8649387
-0.8697629
-0.86543846
-0.8652024
-0.8690081
-0.8678584
-0.86421037
-0.86934376
-0.86900383
-0.8656964
-0.868968
-0.8701662
-0.8671026
-0.86834586
-0.8685269
-0.8665675
-0.86575186
-0.86448747
-0.8653513
-0.8664884
-0.86856246
-0.8676969
-0.86942995
-0.86625004
-0.86834157
-0.86697674
-0.8666516
-0.86755294
-0.8649442
-0.866636
-0.8698581
-0.8665918
-0.871663
-0.86456454
-0.8677101
-0.87009823
-0.86793447
-0.86772084
-0.8669241
-0.86935914
-0.8679353
-0.86912286
-0.868801
-0.86544174
-0.8690143
-0.86727077
-0.8653642
-0.86783904
-0.86853015
-0.86704487
-0.8714409
-0.8680324
-0.8683559
-0.86661476
-0.8680611
-0.8682469
-0.8667466
-0.8667949
-0.86554635
-0.8663233
-0.864648
-0.8689504
-0.8632971
-0.86877257
-0.8707429
-0.8658364
-0.8680493
-0.8679123
-0.86633366
-0.86721283
-0.867321
-0.86727244
-0.8662207
-0.8664283
-0.86634123
-0.8690072
-0.8692818
-0.8643538
-0.86502117
-0.86962295
-0.86720806
-0.8665523
-0.8669994
-0.86927044
-0.8685685
-0.8699658
-0.8700833
-0.86996305
-0.8687391
-0.8699692
-0.86802137
-0.86705637
-0.86965656
-0.86763364
-0.8690595
-0.86912584
-0.8682254
-0.8679651
-0.8651329
-0.8673888
-0.8661428
-0.8684729
-0.8677017
-0.8703757
-0.86849225
-0.8676717
-0.8686043
-0.8645152
-0.86536497
-0.86713904
-0.8689822
-0.8687552
-0.87057894
-0.86708856
-0.8705642
-0.8701579
-0.86657727
-0.86724514
-0.86718756
-0.86758757
-0.8673906
-0.8711593
-0.87097263
-0.8652464
-0.8670966
-0.86560863
-0.8668261
-0.867654
-0.86817443
-0.8691296
-0.8683254
-0.86892736
-0.8701171
-0.8687217
-0.86871296
-0.8643355
-0.8666477
-0.86649317
-0.86734354
-0.86821747
-0.86811143
-0.86896896
-0.8675568
-0.87167215
-0.8680095
-0.867114
-0.8685222
-0.86768866
-0.8634761
-0.86965275
-0.8673059
-0.86823106
-0.87122166
-0.8670128
-0.865329
-0.8654308
-0.867515
-0.8679717
-0.8656204
-0.8669756
-0.86905986
-0.86736155
-0.8651474
-0.8632899
-0.8698633
-0.8680713
-0.8635632
-0.86587393
-0.8685761
-0.86384535
-0.8676477
-0.8660063
-0.86699295
-0.8677913
-0.86931515
-0.8617257
-0.8681645
-0.86739326
-0.86750096
-0.8680721
-0.86302006
-0.86766696
-0.8670009
-0.86497456
-0.8691417
-0.8673567
-0.8681466
-0.87092894
-0.86804724
-0.8678141
-0.8671882
-0.86605436
-0.8723072
-0.86927915
-0.8693118
-0.8690168
-0.86358833
-0.86864734
-0.8641278
-0.87059003
-0.86837465
-0.8658577
-0.86533165
-0.87081397
-0.8677029
-0.86499584
-0.8675525
-0.86780757
-0.8697962
-0.8673796
-0.8715065
-0.86720777
-0.8653595
-0.8696519
-0.868817
-0.867915
-0.86686873
-0.8689156
-0.86580235
-0.86912686
-0.8687983
-0.86684334
-0.870591
-0.8708882
-0.86315316
-0.86989117
-0.8700774
-0.86677295
-0.8653379
-0.8700175
-0.8674008
-0.8686477
-0.86946994
-0.8688806
-0.86633205
-0.86660594
-0.8666028
-0.86934125
-0.87081593
-0.86782026
-0.87051886
-0.8675339
-0.8665746
-0.87082154
-0.86489445
-0.86940974
-0.8680065
-0.86870104
-0.8682384
-0.866877
-0.8654637
-0.8681585
-0.8661372
-0.86828005
-0.86901546
-0.86802393
-0.869906
-0.8678872
-0.8666045
-0.87225205
-0.8669836
-0.8638832
-0.8692122
-0.8700196
-0.8695424
-0.8678622
-0.86533207
-0.86501163
-0.8695979
-0.8685949
-0.86957574
-0.8661873
-0.87086004
-0.8672819
-0.86903274
-0.8664776
-0.86833173
-0.8663345
-0.86842966
-0.8710548
-0.8691206
-0.86524427
-0.8700231
-0.8680682
-0.869582
-0.87027645
-0.8653204
-0.8654842
-0.86650455
-0.8702321
-0.8669084
-0.86814904
-0.86446744
-0.8682277
-0.8712271
-0.87024915
-0.86699
-0.8686801
-0.8700977
-0.86850363
-0.87198925
-0.86802095
-0.86933523
-0.8712551
-0.86732143
-0.86906075
-0.870021
-0.8693079
-0.866277
-0.86769724
-0.86731464
-0.8724943
-0.8693301
-0.8653743
-0.87053865
-0.8695147
-0.8671553
-0.86811465
-0.8678558
-0.86783564
-0.86949927
-0.86840606
-0.8681584
-0.86976355
-0.86826575
-0.8684496
-0.8701673
-0.8647937
-0.8657541
-0.8715186
-0.8683137
-0.86948085
-0.868057
-0.8675795
-0.8679733
-0.86843026
-0.86979496
-0.86554253
-0.86641
-0.8653592
-0.86770624
-0.8702936
-0.8637747
-0.86447704
-0.87017995
-0.8673567
-0.866729
-0.86702794
-0.86592376
-0.86821526
-0.8696959
-0.86560726
-0.8652795
-0.86561745
-0.8653965
-0.8702412
-0.86872286
-0.87103933
-0.86618507
-0.86668366
-0.86705685
-0.86769766
-0.869621
-0.8694051
-0.8673549
-0.86716837
-0.8695663
-0.86803687
-0.86907643
-0.87276804
-0.8672128
-0.869362
-0.86714065
-0.8710451
-0.86736184
-0.87142295
-0.86550885
-0.8716358
-0.8690071
-0.8698879
-0.8664487
-0.87383604
-0.8633758
-0.8712068
-0.8698834
-0.8719649
-0.86774075
-0.8680947
-0.868194
-0.8733483
-0.8713872
-0.869136
-0.8679451
-0.86933666
-0.8677075
-0.86587495
-0.86472476
-0.87341624
-0.8672114
-0.8718907
-0.8710482
-0.86877847
-0.8698171
-0.8681015
-0.8674013
-0.86810315
-0.86834425
-0.8729936
-0.8648846
-0.86913055
-0.86488605
-0.87070197
-0.87073106
-0.87046444
-0.8731642
-0.8673658
-0.867358
-0.8671729
-0.8687502
-0.86813784
-0.8677565
-0.87074316
-0.86921006
-0.87243026
-0.8658158
-0.86892486
-0.8725726
-0.8735914
-0.86708665
-0.8711753
-0.86718017
-0.8709863
-0.8716276
-0.8687422
-0.8732363
-0.87144697
-0.8679698
-0.8698079
-0.87050194
-0.8706747
-0.8714617
-0.87003046
-0.86987674
-0.86486506
-0.87127876
-0.8687704
-0.8708137
-0.8689651
-0.87058324
-0.8708833
-0.8704012
-0.86979884
-0.86893666
-0.8694214
-0.87165564
-0.866838
-0.8699865
-0.8674935
-0.87142855
-0.873071
-0.8694024
-0.8661942
-0.86864436
-0.86887604
-0.8675299
-0.8675478
-0.8677301
-0.87082094
-0.869072
-0.8696193
-0.87370265
-0.8704213
-0.86903286
-0.86933124
-0.871641
-0.86924493
-0.8688394
-0.87119657
-0.8708578
-0.87073356
-0.866854
-0.8678373
-0.8724187
-0.8679736
-0.87287647
-0.8689532
-0.8706592
-0.8658949
-0.867426
-0.87032574
-0.86966175
-0.86898005
-0.87013006
-0.8729194
-0.86958355
-0.8674127
-0.87365973
-0.8690044
-0.86603504
-0.86778283
-0.8689649
-0.8695943
-0.86806834
-0.8684129
-0.86866665
-0.87154573
-0.86881155
-0.8690078
-0.8686302
-0.8690327
-0.8698346
-0.8665072
-0.87018603
-0.87036026
-0.8680423
-0.87139195
-0.86853606
-0.86866057
-0.87231046
-0.86813426
-0.8715825
-0.8707891
-0.8730704
-0.8689829
-0.8686812
-0.87113005
-0.86954474
-0.8679316
-0.8690369
-0.8715556
-0.8707748
-0.8714231
-0.8713646
-0.8679059
-0.8693796
-0.869371
-0.8720724
-0.8697655
-0.87048626
-0.8698245
-0.8717433
-0.8716808
-0.8684012
-0.87235796
-0.8688757
-0.8729236
-0.87202877
-0.8679372
-0.868312
-0.86873794
-0.87154347
-0.86750937
-0.8648038
-0.8675528
-0.86833763
-0.8714361
-0.8695845
-0.8689642
-0.8711762
-0.8683552
-0.87093306
-0.8681113
-0.86814326
-0.8691048
-0.8667464
-0.87216866
-0.86938775
-0.8704074
-0.8727789
-0.87037945
-0.8705393
-0.86938673
-0.8699291
-0.8672478
-0.86896825
-0.86839706
-0.8680529
-0.87536
-0.8697864
-0.8692868
-0.8729414
-0.8701234
-0.87265223
-0.8676834
-0.866558
-0.8690525
-0.8695609
-0.86982065
-0.8706375
-0.8684709
-0.8697531
-0.8697462
-0.87149084
-0.8735311
-0.8672625
-0.8707287
-0.86868197
-0.8707795
-0.8715353
-0.8686362
-0.86917764
-0.87307686
-0.86916685
-0.87098813
-0.87010866
-0.87209696
-0.872345
-0.8716491
-0.86960226
-0.87012386
-0.8671917
-0.87150437
-0.8707121
-0.8700994
-0.8711942
-0.8704498
-0.8734317
-0.87011033
-0.86825264
-0.8707829
-0.8681293
-0.87091804
-0.8728413
-0.87316495
-0.87258774
-0.8719972
-0.869514
-0.868027
-0.8716109
-0.8675275
-0.87309974
-0.872187
-0.8715077
-0.87031233
-0.87054527
-0.86984885
-0.8712506
-0.8719916
-0.87149084
-0.8683781
-0.8692329
-0.868115
-0.8693163
-0.8751145
-0.87101066
-0.87257695
-0.87085545
-0.8691875
-0.8731602
-0.8703991
-0.8705621
-0.87037027
-0.8738375
-0.865309
-0.8701978
-0.8701003
-0.87166953
-0.86846644
-0.87358284
-0.8707218
-0.8700819
-0.87228364
-0.8701669
-0.8703779
-0.86839956
-0.8700813
-0.8708162
-0.8731125
-0.8695249
-0.86901367
-0.86972773
-0.8709029
-0.8687329
-0.86895365
-0.87217927
-0.86579186
-0.8681978
-0.87144697
-0.8676502
-0.87317115
-0.86948293
-0.8713476
-0.8726648
-0.8720481
-0.8697653
-0.8723673
-0.8698853
-0.87074447
-0.86990434
-0.8680965
-0.87012154
-0.869555
-0.87205726
-0.8696491
-0.8708259
-0.87356967
-0.86894596
-0.8707383
-0.86999685
-0.8691185
-0.8711991
-0.8706139
-0.86978996
-0.87056464
-0.87131494
-0.87193644
-0.8736362
-0.8729356
-0.8712163
-0.872675
-0.86775047
-0.8716319
-0.8733647
-0.8718962
-0.87139934
-0.87056106
-0.8684275
-0.8709236
-0.87109554
-0.8724425
-0.87339145
-0.87257224
-0.87221956
-0.868422
-0.8709816
-0.87178564
-0.86881447
-0.8735294
-0.8708891
-0.8721516
-0.87174207
-0.8727389
-0.8693152
-0.87206626
-0.87152165
-0.8724873
-0.8718317
-0.87147605
-0.8675532
-0.8655931
-0.8734867
-0.8727079
-0.8702157
-0.87267965
-0.86955833
-0.8687906
-0.86896545
-0.8727852
-0.87005013
-0.86995786
-0.8718094
-0.8663294
-0.868902
-0.8703222
-0.8726326
-0.8685282
-0.86977506
-0.8748634
-0.8733795
-0.8708255
-0.87011164
-0.8742017
-0.86792934
-0.87200433
-0.872882
-0.872209
-0.8736387
-0.87314004
-0.86896145
-0.869578
-0.8688058
-0.87403095
-0.87049675
-0.8703554
-0.8734363
-0.8708535
-0.87251365
-0.86528707
-0.8713346
-0.8678661
-0.8699639
-0.8719915
-0.8696283
-0.86908215
-0.86781484
-0.8703305
-0.86954045
-0.8716129
-0.8714581
-0.8702151
-0.8701341
-0.87299293
-0.87247026
-0.873382
-0.87093645
-0.873148
-0.8707714
-0.87046176
-0.8716058
-0.8728643
-0.8712422
-0.8698239
-0.87012106
-0.8698398
-0.8712123
-0.8721366
-0.87136394
-0.86791295
-0.8715334
-0.8651768
-0.8730993
-0.8709767
-0.8710443
-0.8679422
-0.8720219
-0.8690883
-0.8711871
-0.8706156
-0.869317
-0.870922
-0.87338686
-0.8714887
-0.870565
-0.86972773
-0.8709421
-0.86958414
-0.86996156
-0.8721305
-0.8712461
-0.8688787
-0.86978924
-0.87042797
-0.87277997
-0.87339675
-0.86875015
-0.8732572
-0.8715605
-0.8702032
-0.8741375
-0.8725915
-0.87147063
-0.86984956
-0.87084836
-0.86870146
-0.87299395
-0.87084836
-0.87223005
-0.8704839
-0.87320536
-0.8739936
-0.87100965
-0.871491
-0.8674395
-0.8699823
-0.8677773
-0.8683566
-0.8733056
-0.86882395
-0.8714346
-0.8689195
-0.8681107
-0.86872643
-0.87244576
-0.87095577
-0.87130064
-0.8716961
-0.87165725
-0.8756652
-0.8724309
-0.8699657
-0.8744987
-0.8719516
-0.87098056
-0.8717686
-0.8692852
-0.8706046
-0.87123066
-0.8743392
-0.870567
-0.87186927
-0.8706881
-0.8697342
-0.87001866
-0.87170494
-0.8739874
-0.87172246
-0.87300843
-0.8700613
-0.8693259
-0.8718634
-0.87142944
-0.87082565
-0.8731428
-0.8715441
-0.8688042
-0.86863166
-0.8722871
-0.8710859
-0.87368596
-0.8687558
-0.8714259
-0.8681554
-0.87179965
-0.8687857
-0.87278897
-0.8692762
-0.87220067
-0.8712496
-0.86918336
-0.8710553
-0.872495
-0.87389755
-0.8721589
-0.8714144
-0.8699615
-0.8733459
-0.86974895
-0.87361413
-0.8739862
-0.870739
-0.87210023
-0.8740217
-0.8715239
-0.87141186
-0.8691889
-0.87098694
-0.8673748
-0.8721954
-0.8689859
-0.87208056
-0.8700052
-0.8722278
-0.87236875
-0.8707616
-0.8700173
-0.8705115
-0.8759704
-0.87278086
-0.87210566
-0.8738989
-0.8698358
-0.87297314
-0.8730379
-0.871311
-0.87119454
-0.8697766
-0.87069064
-0.87132883
-0.8735363
-0.87084585
-0.8714633
-0.87355566
-0.8743109
-0.8722646
-0.86977434
-0.8729965
-0.8739497
-0.87584066
-0.86993665
-0.8708481
-0.87128395
-0.8693714
-0.8740715
-0.8687593
-0.8713287
-0.87368214
-0.87388676
-0.8699074
-0.8716132
-0.87045413
-0.8718135
-0.8728126
-0.87044924
-0.8706438
-0.8710084
-0.872169
-0.8714141
-0.87086797
-0.8712723
-0.87193155
-0.86928105
-0.87060696
-0.8725559
-0.8763157
-0.87254333
-0.87424064
-0.8706088
-0.8712353
-0.87361896
-0.8732499
-0.8695284
-0.87261033
-0.86884034
-0.8712496
-0.8713683
-0.8698267
-0.869726
-0.87062424
-0.8706927
-0.87091357
-0.87131906
-0.86903
-0.86830646
-0.872059
-0.8724985
-0.8724244
-0.8705152
-0.8766974
-0.873422
-0.8711964
-0.87415373
-0.87066245
-0.86885977
-0.8699067
-0.87062174
-0.8727931
-0.87023
-0.871085
-0.87268484
-0.87089396
-0.8734688
-0.8732751
-0.87238497
-0.8703437
-0.8701518
-0.87191576
-0.86928445
-0.87299603
-0.8677153
-0.87135255
-0.87121254
-0.8689689
-0.87096846
-0.8726241
-0.87214273
-0.8708271
-0.87189996
-0.8717008
-0.87020063
-0.87355083
-0.8717316
-0.8713122
-0.86736524
-0.8704228
-0.87055534
-0.86990887
-0.8716293
-0.8681696
-0.8708939
-0.8676417
-0.87065357
-0.87348926
-0.86933213
-0.8722408
-0.8722901
-0.8675675
-0.8738158
-0.86947644
-0.86976427
-0.86967695
-0.87063044
-0.87173635
-0.8692644
-0.86872333
-0.87140566
-0.8712291
-0.87062013
-0.8707972
-0.87328
-0.8721723
-0.87453973
-0.8702103
-0.8686087
-0.8685
-0.8708634
-0.8708754
-0.8714874
-0.8718269
-0.87140715
-0.87417495
-0.8706046
-0.8687181
-0.8689907
-0.8722671
-0.8731818
-0.87126416
-0.8713378
-0.87062305
-0.8755681
-0.8730886
-0.8709235
-0.8713409
-0.87107956
-0.8743926
-0.87215006
-0.87244743
-0.8717939
-0.87248665
-0.8695043
-0.8698281
-0.86881423
-0.8689561
-0.87121254
-0.8692129
-0.8715473
-0.8731257
-0.8727028
-0.8722345
-0.8721249
-0.87112164
-0.87062436
-0.8716511
-0.8734307
-0.8741108
-0.8738498
-0.8736171
-0.8749576
-0.86993104
-0.86961263
-0.8732746
-0.872604
-0.8717534
-0.8749464
-0.8721982
-0.87150615
-0.8742618
-0.87367505
-0.8751744
-0.8704903
-0.87119967
-0.87322295
-0.87522435
-0.87045664
-0.8732352
-0.87409216
-0.8674216
-0.8709512
-0.875879
-0.872179
-0.8719953
-0.8716485
-0.8741324
-0.8737547
-0.8707703
-0.8726464
-0.8729929
-0.8729315
-0.87274694
-0.875211
-0.87270164
-0.8739176
-0.8731349
-0.8770735
-0.8753343
-0.8699216
-0.8742219
-0.869304
-0.87283015
-0.87059784
-0.87249696
-0.869728
-0.87132686
-0.872135
-0.8740579
-0.8703028
-0.8716713
-0.87320983
-0.872316
-0.87313545
-0.8728675
-0.8732017
-0.8732192
-0.8711519
-0.86840886
-0.87442565
-0.8749003
-0.87432784
-0.87111485
-0.87199664
-0.87220514
-0.872167
-0.8733268
-0.87188655
-0.8709617
-0.8694567
-0.8754498
-0.8746667
-0.87303084
-0.87231994
-0.8720711
-0.87315845
-0.87404627
-0.8716425
-0.8721069
-0.8715305
-0.873939
-0.8719833
-0.87125546
-0.8728052
-0.8763002
-0.87428826
-0.8697007
-0.87623394
-0.8728574
-0.8749556
-0.8768826
-0.8726858
-0.8717491
-0.87229156
-0.8747559
-0.87279725
-0.8688394
-0.87375045
-0.8715645
-0.87024575
-0.8706019
-0.86952627
-0.8706367
-0.871041
-0.87406147
-0.87268806
-0.8704881
-0.87168366
-0.87337977
-0.871685
-0.87514365
-0.8722025
-0.8712344
-0.8760342
-0.87174153
-0.87192166
-0.873446
-0.86985415
-0.87337077
-0.8737561
-0.87065524
-0.8720204
-0.87116957
-0.8718236
-0.87244356
-0.86905706
-0.87321633
-0.87275296
-0.86939245
-0.8709503
-0.8707061
-0.8710966
-0.8728105
-0.8730019
-0.87435484
-0.87299114
-0.8730426
-0.8723492
-0.87193525
-0.874474
-0.87449545
-0.87312907
-0.8719756
-0.87170666
-0.87204194
-0.874357
-0.8746048
-0.8720949
-0.8727368
-0.8719012
-0.87051296
-0.87365115
-0.87307614
-0.87253594
-0.8757134
-0.8742401
-0.8740842
-0.8722927
-0.8706466
-0.8717105
-0.8756176
-0.8753995
-0.8718664
-0.8720213
-0.870585
-0.8731971
-0.8716018
-0.8728662
-0.8727578
-0.8758251
-0.8744705
-0.8698746
-0.8746582
-0.871225
-0.87069094
-0.8722998
-0.8744922
-0.86942613
-0.87310386
-0.87246364
-0.8712887
-0.87182134
-0.87286806
-0.8716385
-0.87213457
-0.8685904
-0.8728546
-0.8762015
-0.87537694
-0.8740562
-0.8715206
-0.87173945
-0.8751945
-0.87226
-0.8747466
-0.87374884
-0.8729014
-0.87215275
-0.87085885
-0.8729159
-0.8729365
-0.8756494
-0.87292147
-0.87380946
-0.8744457
-0.87286794
-0.8725735
-0.87349296
-0.87444204
-0.87135375
-0.871565
-0.87316513
-0.8752964
-0.87022877
-0.8748232
-0.873906
-0.8744791
-0.8745276
-0.87422967
-0.8730523
-0.87664646
-0.87440556
-0.87263435
-0.8749182
-0.87588507
-0.870897
-0.8742797
-0.8724287
-0.8713866
-0.87588364
-0.8718556
-0.873706
-0.872096
-0.87263393
-0.8708342
-0.8738341
-0.87453157
-0.8728489
-0.87422395
-0.8728374
-0.8739579
-0.8705333
-0.87310064
-0.87486833
-0.8734818
-0.8695176
-0.8721201
-0.872039
-0.87379706
-0.87027955
-0.87128454
-0.87281245
-0.87277293
-0.8708807
-0.87483555
-0.8710077
-0.8757855
-0.8751901
-0.87169856
-0.87371445
-0.8704277
-0.870906
-0.8764462
-0.8726397
-0.87192726
-0.8746783
-0.87196416
-0.87211657
-0.87255716
-0.87615246
-0.8709315
-0.87277013
-0.87417835
-0.8709888
-0.87288135
-0.87154734
-0.8707396
-0.8720791
-0.8722719
-0.8724552
-0.8723948
-0.8687708
-0.8733993
-0.8743696
-0.87358934
-0.8729473
-0.87319744
-0.874308
-0.8754222
-0.8721881
-0.87430274
-0.872646
-0.8753501
-0.871677
-0.8715478
-0.8737512
-0.8722554
-0.87543875
-0.87257236
-0.8724788
-0.87207216
-0.87149245
-0.8736124
-0.8727772
-0.8743254
-0.8737402
-0.87092507
-0.8762909
-0.8728261
-0.87094223
-0.8739111
-0.8732317
-0.87273335
-0.87123394
-0.87201625
-0.87286174
-0.8757576
-0.8736399
-0.8733177
-0.8746972
-0.872436
-0.874254
-0.8745568
-0.87126386
-0.87309486
-0.8719562
-0.87661535
-0.87656456
-0.87297064
-0.8742026
-0.87311244
-0.8704372
-0.87693655
-0.874065
-0.87537587
-0.8784033
-0.87352514
-0.8717139
-0.8751904
-0.8721518
-0.8697546
-0.8736244
-0.87400544
-0.8767229
-0.87263185
-0.87074363
-0.87240493
-0.87646186
-0.8692554
-0.8723014
-0.8768293
-0.8717795
-0.8723112
-0.8736079
-0.8753851
-0.8745347
-0.8756946
-0.87447155
-0.8734176
-0.8754554
-0.8749016
-0.8723781
-0.87489575
-0.87572646
-0.87462133
-0.87239426
-0.8730072
-0.87302995
-0.87804353
-0.8760593
-0.87663066
-0.87761325
-0.87280566
-0.87029004
-0.8720983
-0.8746117
-0.8718741
-0.8740583
-0.8731648
-0.8722762
-0.87373024
-0.8771102
-0.8728228
-0.8727891
-0.87390983
-0.87405246
-0.8753864
-0.87688494
-0.8721379
-0.8748573
-0.875804
-0.87197185
-0.8728493
-0.8739792
-0.87476027
-0.8730222
-0.8761466
-0.87460303
-0.8742411
-0.8756068
-0.871612
-0.8753062
-0.87894684
-0.87722695
-0.87023634
-0.8715953
-0.87517625
-0.8777711
-0.87468225
-0.87283945
-0.8753583
-0.8746265
-0.8724751
-0.874762
-0.8751692
-0.8734625
-0.87477463
-0.87507385
-0.8731264
-0.8711345
-0.87298775
-0.8753135
-0.8718807
-0.8729187
-0.8718982
-0.8738191
-0.871866
-0.87612146
-0.8747073
-0.87052184
-0.8731752
-0.8743945
-0.8713761
-0.8745019
-0.87643015
-0.87225753
-0.8736522
-0.873098
-0.8749651
-0.87071717
-0.8714514
-0.8718463
-0.87295485
-0.8738512
-0.8738625
-0.8747441
-0.87505853
-0.87351114
-0.8727119
-0.874666
-0.8736596
-0.8752527
-0.87233466
-0.87617654
-0.8777333
-0.8771017
-0.8712517
-0.8746595
-0.8778252
-0.8760529
-0.8752876
-0.87286836
-0.87216675
-0.87623835
-0.8749092
-0.8732621
-0.8724507
-0.8763289
-0.8714912
-0.87153405
-0.87740886
-0.874189
-0.8748446
-0.8731197
-0.8714368
-0.8711576
-0.87570184
-0.87307864
-0.87481046
-0.87176466
-0.87190735
-0.87203395
-0.875434
-0.87281734
-0.8694993
-0.8759537
-0.87359846
-0.8729567
-0.8734845
-0.8749135
-0.87305266
-0.87573576
-0.87267256
-0.87398785
-0.8747447
-0.872092
-0.8740648
-0.8715502
-0.87030226
-0.8736654
-0.8750074
-0.8697978
-0.87495506
-0.8717788
-0.87306666
-0.8755261
-0.875825
-0.8743821
-0.8727939
-0.8723231
-0.8739708
-0.87643963
-0.8720866
-0.873873
-0.8748671
-0.8720265
-0.87181294
-0.87461203
-0.87305206
-0.8697562
-0.87392235
-0.87214327
-0.8746747
-0.87389505
-0.87495255
-0.87308425
-0.8780997
-0.8778237
-0.8750229
-0.8738656
-0.87430507
-0.8743664
-0.87056226
-0.87279147
-0.87599814
-0.87406397
-0.8751325
-0.8737348
-0.8731742
-0.87540895
-0.8730839
-0.87153226
-0.8735801
-0.87496823
-0.8725122
-0.8732071
-0.87556684
-0.8757198
-0.8751311
-0.872589
-0.87285423
-0.87413836
-0.8728097
-0.87437534
-0.8738172
-0.87594026
-0.8755077
-0.8761702
-0.87498236
-0.87562644
-0.87398446
-0.8787486
-0.8761153
-0.87793165
-0.8733313
-0.8729449
-0.8746746
-0.8712111
-0.8770925
-0.873419
-0.87664133
-0.87468815
-0.87707746
-0.8759992
-0.87525016
-0.8741938
-0.87686867
-0.8759713
-0.87738556
-0.87407446
-0.8746295
-0.8748519
-0.87511337
-0.8780203
-0.87429374
-0.8741492
-0.8740879
-0.8745624
-0.87613815
-0.87515056
-0.8749084
-0.87538075
-0.8753714
-0.87754184
-0.87797177
-0.87781006
-0.8749383
-0.8765336
-0.8759354
-0.8767201
-0.87403023
-0.8751188
-0.8774623
-0.8741782
-0.87258303
-0.87278414
-0.87437654
-0.8710155
-0.8730376
-0.8758134
-0.87236047
-0.8751137
-0.8708835
-0.87568223
-0.87318194
-0.8774485
-0.87189835
-0.87232983
-0.87915075
-0.8744578
-0.87569046
-0.8759378
-0.8754229
-0.86869514
-0.87401015
-0.8763586
-0.8767155
-0.8762525
-0.87334865
-0.8729634
-0.87630504
-0.87502164
-0.87635833
-0.8729231
-0.8739539
-0.8754863
-0.8726898
-0.8742315
-0.8699762
-0.8757152
-0.8769824
-0.8743772
-0.87792575
-0.87649786
-0.877662
-0.87096345
-0.875553
-0.8759656
-0.8738833
-0.8737657
-0.87689316
-0.87498003
-0.87742895
-0.8769771
-0.8732043
-0.87284976
-0.8761499
-0.87439
-0.8765224
-0.8747046
-0.8732851
-0.8751925
-0.87236786
-0.8720576
-0.87629366
-0.8751389
-0.8760973
-0.8754934
-0.8733852
-0.873253
-0.8745132
-0.8744688
-0.8751062
-0.87331325
-0.8750003
-0.8767461
-0.87324727
-0.8747373
-0.8747214
-0.8745473
-0.8785893
-0.8772506
-0.87453103
-0.8740717
-0.8771907
-0.87660027
-0.8774778
-0.87640464
-0.8749878
-0.8762981
-0.87197334
-0.8769931
-0.87702465
-0.8747658
-0.8738696
-0.87558144
-0.87672395
-0.87451184
-0.8754379
-0.8730561
-0.8760527
-0.87549454
-0.8761476
-0.87742376
-0.8738866
-0.8752243
-0.8778944
-0.87535614
-0.87411994
-0.8741715
-0.87861586
-0.8762528
-0.8739752
-0.8772366
-0.87741524
-0.87058455
-0.87531984
-0.8748348
-0.87517834
-0.8761235
-0.8724352
-0.8742249
-0.8751101
-0.87428254
-0.8766617
-0.8760021
-0.8766749
-0.8759521
-0.87790346
-0.87337893
-0.87436044
-0.8745008
-0.87478256
-0.8731436
-0.875085
-0.8756314
-0.8742758
-0.874743
-0.8749639
-0.87742233
-0.87486184
-0.8781328
-0.87739116
-0.8801554
-0.87671137
-0.8763569
-0.87601334
-0.8764948
-0.87622833
-0.87544453
-0.8721959
-0.87449265
-0.8766548
-0.8767986
-0.8754806
-0.8774895
-0.87757343
-0.874497
-0.8757831
-0.8747292
-0.87478966
-0.87776417
-0.8743788
-0.876967
-0.8742455
-0.87501353
-0.8747254
-0.8756439
-0.8733232
-0.87539357
-0.8765709
-0.87472886
-0.873483
-0.8771137
-0.8738567
-0.8780755
-0.8710892
-0.8741736
-0.87474275
-0.87565994
-0.87490463
-0.8756142
-0.8765952
-0.8748513
-0.87601984
-0.876235
-0.8738136
-0.87362075
-0.8765062
-0.87197506
-0.879561
-0.8754625
-0.87140906
-0.8731686
-0.8788699
-0.8776731
-0.87682885
-0.87456954
-0.8770591
-0.87703645
-0.8760032
-0.8755426
-0.8767293
-0.87808
-0.8774556
-0.8780367
-0.87761027
-0.8762865
-0.8749677
-0.8749262
-0.8751827
-0.8699824
-0.8718659
-0.87597245
-0.8739371
-0.8770318
-0.87307703
-0.87781984
-0.87568265
-0.8711828
-0.8735573
-0.874733
-0.87285423
-0.87401
-0.8759757
-0.87357897
-0.8781523
-0.8763823
-0.8761036
-0.8780717
-0.874081
-0.87537026
-0.87606156
-0.87232894
-0.8727238
-0.8730001
-0.8718793
-0.87397146
-0.87290937
-0.87585
-0.87095696
-0.87472194
-0.8750511
-0.8736753
-0.8734125
-0.87464327
-0.8735409
-0.8767369
-0.8754105
-0.87374336
-0.87819713
-0.8738336
-0.87284255
-0.87649566
-0.8759783
-0.87367934
-0.87279326
-0.8759099
-0.87719446
-0.8756407
-0.87477493
-0.87591547
-0.87725997
-0.87586284
-0.8772152
-0.8759666
-0.8765608
-0.8772442
-0.8741685
-0.87846684
-0.8773818
-0.87440896
-0.8758653
-0.87629116
-0.87589717
-0.87674975
-0.8769497
-0.874616
-0.8766984
-0.8732843
-0.87496674
-0.8766238
-0.87670964
-0.873949
-0.87458634
-0.87737185
-0.877226
-0.8767671
-0.87909096
-0.87596834
-0.87867296
-0.8782403
-0.8778815
-0.8756588
-0.87575173
-0.8766014
-0.87721217
-0.87706155
-0.8758289
-0.8758867
-0.8781469
-0.87769616
-0.8809406
-0.875895
-0.8756327
-0.87457013
-0.8777341
-0.8784657
-0.87676
-0.8754353
-0.8772285
-0.8770329
-0.87991357
-0.87602764
-0.87689084
-0.87414354
-0.87389153
-0.8775234
-0.8787961
-0.8752965
-0.87475127
-0.87547255
-0.8764482
-0.87587035
-0.8795581
-0.8757851
-0.874351
-0.87937826
-0.87807435
-0.87748545
-0.8740653
-0.8771332
-0.8776333
-0.87563306
-0.87351227
-0.8747097
-0.8750183
-0.87591857
-0.8759847
-0.8779969
-0.87739277
-0.87608415
-0.8747378
-0.87496763
-0.8774278
-0.8772082
-0.8747946
-0.8765476
-0.8785001
-0.87733096
-0.88009924
-0.87621576
-0.8769152
-0.8749919
-0.87615335
-0.8773037
-0.8716089
-0.8722879
-0.8769419
-0.87768394
-0.87364787
-0.8732279
-0.8744866
-0.8791961
-0.87523973
-0.8753205
-0.87308896
-0.8760117
-0.87958574
-0.87075305
-0.8753903
-0.87858814
-0.87754554
-0.87513065
-0.8782652
-0.87873715
-0.8803439
-0.8763892
-0.8735891
-0.8773527
-0.87436914
-0.87454
-0.8762092
-0.8761727
-0.87517697
-0.875364
-0.8741662
-0.8753337
-0.87443393
-0.8751551
-0.87570167
-0.875701
-0.87892413
-0.87835604
-0.87494373
-0.8758229
-0.8767351
-0.88101935
-0.8768202
-0.87294847
-0.8741532
-0.87632054
-0.87704766
-0.8770365
-0.87422293
-0.87812006
-0.8761422
-0.8762318
-0.8768492
-0.8773443
-0.8775957
-0.87622
-0.87479484
-0.87774706
-0.8739359
-0.87754714
-0.87883615
-0.877275
-0.87616885
-0.875933
-0.8761776
-0.8792014
-0.87663984
-0.8785505
-0.8750879
-0.8786363
-0.8813275
-0.8762534
-0.87692416
-0.8764103
-0.8776231
-0.87687117
-0.87820965
-0.8819585
-0.88029826
-0.87673706
-0.87752336
-0.8761109
-0.8814478
-0.87683606
-0.8745847
-0.87949425
-0.88001233
-0.8782323
-0.878997
-0.87692165
-0.8769082
-0.87886953
-0.8766979
-0.8751091
-0.8785275
-0.87650853
-0.8778563
-0.87487775
-0.8769962
-0.87447584
-0.87766016
-0.87485117
-0.8789723
-0.87686515
-0.8753874
-0.87673485
-0.875554
-0.87696195
-0.8777302
-0.87883717
-0.87568164
-0.8779624
-0.87561864
-0.87774694
-0.8777358
-0.87584794
-0.8764359
-0.87439257
-0.8753747
-0.8738996
-0.8759048
-0.8785986
-0.87643546
-0.8789976
-0.8772974
-0.8751964
-0.8767687
-0.877118
-0.87162304
-0.87284297
-0.8771539
-0.87624174
-0.8765452
-0.87806463
-0.8780501
-0.8778097
-0.8755042
-0.87810206
-0.8767703
-0.8793724
-0.8770886
-0.87859267
-0.8743741
-0.8766015
-0.8717591
-0.8762814
-0.8775526
-0.87346923
-0.87327784
-0.87504387
-0.87578034
-0.87334085
-0.87616175
-0.8768747
-0.87832713
-0.8737286
-0.87429076
-0.87520534
-0.87838626
-0.8793041
-0.87630177
-0.8776773
-0.87586373
-0.87398094
-0.87892044
-0.87328625
-0.87519497
-0.87592536
-0.87410015
-0.87549835
-0.87433904
-0.88036525
-0.8791577
-0.8765372
-0.87701344
-0.8765722
-0.8757353
-0.87555885
-0.87861687
-0.8755745
-0.8743768
-0.8764142
-0.87676996
-0.8753905
-0.88012546
-0.87787527
-0.87556934
-0.8740298
-0.8781795
-0.87770224
-0.8777448
-0.87719035
-0.87799317
-0.8755953
-0.8779215
-0.8765833
-0.8772798
-0.8751893
-0.8792229
-0.879843
-0.874739
-0.8764072
-0.87863725
-0.8759221
-0.8735976
-0.87725306
-0.87821484
-0.8749017
-0.8774594
-0.8784446
-0.874105
-0.8766302
-0.8737588
-0.87807864
-0.87905276
-0.87432617
-0.87732196
-0.877744
-0.8795292
-0.87620795
-0.87144506
-0.8745858
-0.876094
-0.87482375
-0.87715846
-0.879226
-0.87742025
-0.87670654
-0.87691385
-0.87518847
-0.87635064
-0.8776821
-0.8805845
-0.87475896
-0.87597036
-0.8773124
-0.87758523
-0.87950355
-0.8774852
-0.87896794
-0.8764982
-0.87535435
-0.8781496
-0.8766407
-0.8738542
-0.8778931
-0.87959194
-0.8748398
-0.8736764
-0.87741387
-0.8772034
-0.8770564
-0.87919796
-0.87571007
-0.8797478
-0.87782866
-0.87668014
-0.87707144
-0.87788886
-0.8781379
-0.87809944
-0.87841344
-0.87680244
-0.8744239
-0.88237345
-0.8743223
-0.8783339
-0.87545455
-0.8756593
-0.8784522
-0.8768989
-0.8771069
-0.87916964
-0.87447435
-0.87468916
-0.8777552
-0.87601864
-0.8730385
-0.877439
-0.87551826
-0.8755784
-0.8741466
-0.87375754
-0.87531775
-0.87490094
-0.87321174
-0.8756383
-0.8708451
-0.87682444
-0.8747276
-0.87487745
-0.88108814
-0.8771805
-0.8789765
-0.87655073
-0.87775475
-0.8759217
-0.8765515
-0.87949675
-0.8742077
-0.87366843
-0.8762829
-0.8772401
-0.8746669
-0.87841064
-0.8778951
-0.87622994
-0.8785539
-0.87646955
-0.8776295
-0.87554187
-0.87791884
-0.87516904
-0.87722737
-0.8779627
-0.8777162
-0.87763387
-0.87635225
-0.8750283
-0.87648624
-0.8769609
-0.879467
-0.8766905
-0.8777191
-0.876698
-0.87855405
-0.8739915
-0.8794267
-0.8755366
-0.8790714
-0.87789667
-0.8789656
-0.8779873
-0.88029426
-0.87771225
-0.87786
-0.87824863
-0.8761241
-0.87731206
-0.8767022
-0.878067
-0.8784431
-0.8811336
-0.8734056
-0.8788736
-0.8772825
-0.87624645
-0.8777979
-0.8780182
-0.8737137
-0.88050026
-0.87805027
-0.8767797
-0.87708026
-0.87668365
-0.87991095
-0.8788366
-0.8766798
-0.8770657
-0.8788342
-0.8796062
-0.8800438
-0.8783042
-0.8758472
-0.8793042
-0.876112
-0.87940425
-0.87878805
-0.87480116
-0.8767388
-0.8780313
-0.8780707
-0.87581164
-0.878694
-0.8755826
-0.87473613
-0.87776995
-0.87531334
-0.8775177
-0.8750132
-0.8735291
-0.8744576
-0.87777996
-0.8764578
-0.87495863
-0.874708
-0.8762885
-0.87899494
-0.879769
-0.8774497
-0.8780081
-0.8766963
-0.87893766
-0.8783119
-0.8776928
-0.87793094
-0.87959385
-0.87532866
-0.87734544
-0.87998444
-0.88026255
-0.8808629
-0.87768227
-0.8748942
-0.87391496
-0.87901014
-0.87802595
-0.8753848
-0.87869304
-0.87840337
-0.8763062
-0.8780841
-0.87854487
-0.8788721
-0.8757586
-0.87987316
-0.8783106
-0.8777442
-0.8795116
-0.8802387
-0.88086355
-0.8786889
-0.8767939
-0.8802576
-0.8789652
-0.8780656
-0.877932
-0.8793793
-0.87869036
-0.8786082
-0.8788556
-0.87927496
-0.8810824
-0.8755008
-0.8767975
-0.8783776
-0.87733185
-0.87759125
-0.8791633
-0.87676185
-0.87701327
-0.8776288
-0.8813672
-0.879966
-0.8772581
-0.87860835
-0.88136154
-0.8788952
-0.87892926
-0.87493134
-0.8790024
-0.87809277
-0.876592
-0.87600505
-0.8800062
-0.8779152
-0.87906545
-0.87908643
-0.8743545
-0.8793386
-0.87664425
-0.87608445
-0.8803164
-0.8773184
-0.8805501
-0.8775356
-0.87730765
-0.879417
-0.87794995
-0.8787275
-0.87545186
-0.8801737
-0.87830925
-0.8789232
-0.8794193
-0.87937737
-0.878325
-0.87768537
-0.88115686
-0.8764715
-0.87940514
-0.8779627
-0.8766361
-0.8802876
-0.8775636
-0.8772778
-0.8782421
-0.877418
-0.87972265
-0.8761105
-0.8788885
-0.87778664
-0.8766437
-0.878377
-0.87861073
-0.8767977
-0.8799432
-0.8809134
-0.87895304
-0.87969804
-0.87938756
-0.8783629
-0.88145316
-0.88108057
-0.8793096
-0.8814119
-0.8814542
-0.8798826
-0.8797034
-0.8797157
-0.8775581
-0.8785962
-0.8774964
-0.8768032
-0.8789003
-0.87894034
-0.87947494
-0.8775711
-0.87858564
-0.87925726
-0.8782051
-0.87988627
-0.8766882
-0.87886
-0.8784887
-0.8789875
-0.87833965
-0.88069177
-0.8761398
-0.8762501
-0.8803625
-0.8783675
-0.8791433
-0.87887746
-0.88052917
-0.87838703
-0.8775017
-0.8780747
-0.8793385
-0.87405574
-0.880895
-0.8791825
-0.8796705
-0.8758976
-0.87984896
-0.8796669
-0.87958044
-0.879437
-0.8808869
-0.8762187
-0.8799754
-0.879533
-0.88017845
-0.87738484
-0.87850356
-0.8789686
-0.8769377
-0.8783588
-0.878501
-0.8753629
-0.8763457
-0.87782204
-0.8806847
-0.87814885
-0.87775815
-0.87786686
-0.8754805
-0.87698925
-0.8809584
-0.8785687
-0.875818
-0.8790988
-0.87805814
-0.8770616
-0.8771394
-0.87772906
-0.87792164
-0.8780926
-0.8780661
-0.87930834
-0.8800806
-0.8775116
-0.8788855
-0.87858975
-0.87299186
-0.87365776
-0.87632644
-0.87825614
-0.8765758
-0.87830573
-0.8774577
-0.87957925
-0.87711424
-0.8779271
-0.87869483
-0.8794256
-0.87917286
-0.8785966
-0.8786417
-0.87526464
-0.87797445
-0.8781254
-0.8797965
-0.8785119
-0.8750974
-0.8792182
-0.8794965
-0.87877387
-0.87945235
-0.8769296
-0.8806215
-0.8773623
-0.87928915
-0.8804418
-0.8805347
-0.8816322
-0.880212
-0.87746567
-0.8789162
-0.87783056
-0.8801338
-0.8792709
-0.8790704
-0.878133
-0.8796808
-0.87986803
-0.88236064
-0.87947696
-0.8747416
-0.87874657
-0.8750146
-0.87711996
-0.87759733
-0.8803132
-0.8774118
-0.8785647
-0.88067955
-0.8787693
-0.8809415
-0.8801749
-0.87865394
-0.8771231
-0.88141227
-0.8794817
-0.8789474
-0.8776257
-0.8759983
-0.87924594
-0.8817497
-0.87883455
-0.8784727
-0.87990236
-0.87776023
-0.8770122
-0.88167274
-0.879234
-0.8778806
-0.8802838
-0.87863946
-0.8812338
-0.8818645
-0.8777337
-0.8766233
-0.87918603
-0.88081414
-0.87720716
-0.88143986
-0.88155323
-0.8805041
-0.8810059
-0.8778525
-0.88133913
-0.8791398
-0.88008523
-0.87796545
-0.87973744
-0.8790548
-0.8767346
-0.8802059
-0.8791303
-0.8776211
-0.87900114
-0.8777884
-0.8799905
-0.8810494
-0.8811992
-0.8752249
-0.878501
-0.88067627
-0.8787346
-0.8815403
-0.88139534
-0.88087964
-0.87938666
-0.8808305
-0.87784964
-0.8832148
-0.8798874
-0.87824935
-0.87806106
-0.8813412
-0.87689906
-0.8820023
-0.8802979
-0.8806162
-0.87969327
-0.8800187
-0.8811668
-0.87952405
-0.8809098
-0.880231
-0.8808684
-0.8797301
-0.8805753
-0.87821054
-0.88195354
-0.8807172
-0.88085866
-0.87906075
-0.88077706
-0.8786553
-0.88049936
-0.8764856
-0.8799781
-0.8803252
-0.8798325
-0.87793356
-0.87729645
-0.8792655
-0.8795444
-0.87389964
-0.8785739
-0.88287765
-0.8793577
-0.87813884
-0.87654144
-0.8802477
-0.8801698
-0.88161737
-0.87807757
-0.88281727
-0.8771427
-0.8809612
-0.879391
-0.87824744
-0.87765914
-0.87766767
-0.8782936
-0.8798965
-0.88096094
-0.87782824
-0.87820745
-0.87853014
-0.87724376
-0.8772296
-0.88138413
-0.877937
-0.87938553
-0.8780427
-0.88171047
-0.8800106
-0.87819934
-0.87850815
-0.8810939
-0.87877834
-0.88161194
-0.8803068
-0.87646335
-0.8819377
-0.88015044
-0.8799787
-0.8817087
-0.8804753
-0.8804084
-0.8824269
-0.8785331
-0.8807236
-0.87924224
-0.8793019
-0.8803088
-0.8790667
-0.8805407
-0.8790418
-0.8783353
-0.88116693
-0.87989
-0.88059783
-0.88099056
-0.88016015
-0.87967813
-0.88239336
-0.88093144
-0.88062584
-0.8788859
-0.8784882
-0.8775319
-0.87722903
-0.881455
-0.8791823
-0.8815046
-0.8782443
-0.87743855
-0.87898934
-0.8809683
-0.88128006
-0.87784976
-0.8786295
-0.8776877
-0.87998384
-0.8855356
-0.8829081
-0.8826104
-0.87962466
-0.8787163
-0.8772829
-0.8798636
-0.8792442
-0.8794436
-0.88179696
-0.8778134
-0.8812335
-0.8794359
-0.88072574
-0.8794661
-0.88138676
-0.88143677
-0.8793298
-0.8783541
-0.882423
-0.88365144
-0.88071096
-0.8798937
-0.8791936
-0.8772699
-0.88041264
-0.8800195
-0.87819636
-0.87967235
-0.880239
-0.88271624
-0.8796761
-0.881021
-0.88094753
-0.8800991
-0.8799917
-0.88086754
-0.8783573
-0.8791344
-0.88021314
-0.87681204
-0.87799764
-0.8803103
-0.87990546
-0.87927586
-0.8827065
-0.88226056
-0.87463135
-0.8795149
-0.8792041
-0.8824954
-0.8812036
-0.87893265
-0.8799461
-0.8800018
-0.88125384
-0.8792009
-0.87888205
-0.877168
-0.8769926
-0.88297725
-0.8786572
-0.8791655
-0.882913
-0.8789471
-0.8792367
-0.88284844
-0.8804226
-0.88001996
-0.88201374
-0.88005716
-0.882648
-0.87464833
-0.8771198
-0.87900096
-0.880799
-0.8804622
-0.87702966
-0.87812877
-0.8812326
-0.8827632
-0.878835
-0.87834495
-0.8800007
-0.8806967
-0.8811169
-0.8814519
-0.877361
-0.8817654
-0.87699276
-0.8814415
-0.8800994
-0.87551403
-0.8820088
-0.8812855
-0.8790456
-0.88152784
-0.88318956
-0.8803274
-0.8776921
-0.883111
-0.88070065
-0.8793197
-0.8814869
-0.8778003
-0.8791189
-0.8779058
-0.8786977
-0.8780319
-0.8757745
-0.8832739
-0.8806122
-0.87787
-0.8814944
-0.87723017
-0.87832254
-0.8813272
-0.88312405
-0.8785594
-0.8833004
-0.88139534
-0.8817189
-0.87668085
-0.88074905
-0.88199294
-0.88083565
-0.88336957
-0.88337624
-0.8800613
-0.8819641
-0.8802926
-0.8804122
-0.8787998
-0.87720084
-0.8794834
-0.882288
-0.88322616
-0.8813566
-0.88158137
-0.8767346
-0.8783642
-0.87695795
-0.8785985
-0.87939775
-0.8794712
-0.88005424
-0.8797065
-0.88120335
-0.8813233
-0.8834261
-0.8797569
-0.8785201
-0.87800306
-0.880195
-0.8804018
-0.8793999
-0.88056165
-0.87628406
-0.88151705
-0.8800575
-0.88368523
-0.88118
-0.88013405
-0.88342905
-0.8827684
-0.8823878
-0.8809253
-0.88193095
-0.88111067
-0.8826409
-0.8808783
-0.88025
-0.8805372
-0.8786727
-0.87933487
-0.8790525
-0.88444865
-0.8790471
-0.8797815
-0.8785145
-0.88109726
-0.8818736
-0.8832377
-0.8809626
-0.88225734
-0.8832457
-0.8809886
-0.8827513
-0.88163507
-0.8829013
-0.8838466
-0.8814019
-0.88292015
-0.88303
-0.88205415
-0.8791932
-0.8825221
-0.87817687
-0.8791547
-0.8799711
-0.88249594
-0.88012195
-0.883816
-0.88232565
-0.87869704
-0.87921923
-0.8814273
-0.881531
-0.8800269
-0.8798967
-0.8832243
-0.8809572
-0.8786188
-0.8825164
-0.87880236
-0.8808979
-0.87927353
-0.88111573
-0.88129866
-0.8810162
-0.87982225
-0.88008547
-0.88219523
-0.87874126
-0.8805759
-0.8780422
-0.88104224
-0.87863874
-0.8799467
-0.8795452
-0.87970716
-0.8805134
-0.88065666
-0.88066846
-0.8794686
-0.8826743
-0.8776919
-0.8810865
-0.8800882
-0.87696844
-0.880548
-0.8811757
-0.87945104
-0.87874085
-0.88133323
-0.8777624
-0.88192457
-0.8804474
-0.8831441
-0.87856185
-0.87815714
-0.88124186
-0.8759531
-0.8771671
-0.88227665
-0.8756802
-0.8772475
-0.88040656
-0.88310903
-0.8815929
-0.88278425
-0.8798885
-0.8802542
-0.881331
-0.8798457
-0.88283175
-0.8797883
-0.88126296
-0.87918174
-0.882555
-0.8815996
-0.8823483
-0.8798373
-0.8804129
-0.88120615
-0.8824179
-0.87784886
-0.88098687
-0.8792382
-0.87843984
-0.8825748
-0.88241875
-0.88622004
-0.88180846
-0.8810952
-0.87811244
-0.8799396
-0.880973
-0.88047916
-0.8823501
-0.8812405
-0.88281935
-0.8791937
-0.8820821
-0.8823968
-0.8841901
-0.8820228
-0.8797617
-0.87865245
-0.88161045
-0.87829787
-0.88090676
-0.8810577
-0.8843628
-0.8812609
-0.8814845
-0.87908155
-0.8796959
-0.88086176
-0.8800896
-0.87994725
-0.88304687
-0.88372886
-0.87805086
-0.87990594
-0.8829382
-0.8771432
-0.8808701
-0.88207984
-0.8819051
-0.8804326
-0.87831485
-0.88248485
-0.8804707
-0.881774
-0.882321
-0.88006955
-0.88134974
-0.88340205
-0.8800315
-0.8785565
-0.88371974
-0.88068503
-0.88040423
-0.8813468
-0.88484836
-0.88490087
-0.8810679
-0.8822577
-0.8795639
-0.8797181
-0.8814305
-0.8826914
-0.8813374
-0.87977743
-0.8811361
-0.8840489
-0.8828977
-0.8809005
-0.8802677
-0.87687135
-0.88095915
-0.8818892
-0.8785918
-0.88037986
-0.8804018
-0.88191545
-0.8813256
-0.87861854
-0.8774635
-0.8827061
-0.8770762
-0.8821982
-0.88123286
-0.88471276
-0.87822646
-0.87991816
-0.88025993
-0.88166374
-0.88001615
-0.879761
