0.24803878772313714
0.08663359210718763
0.07184995884463861
0.06317749501523723
0.2781772085508086
0.2073500049427271
0.04151561968403479
0.18583300493080668
0.17606067715961385
0.1187470347241241
0.14655392519734475
0.10369028488014623
0.2454057766383482
0.26477549633735287
0.16693329495958842
0.20467808920510291
0.1927790528108333
0.10197197396734167
0.12995563228317158
0.22947998369513808
0.14319403919446266
0.10946686408722817
0.32311682991996155
0.20623918168056474
0.12011474910416253
0.39689309887278806
0.10418447279791945
0.1655416551849322
0.14160679599016535
0.08816843392961783
0.14499920130068322
0.2528336710831848
0.3978615911277051
0.051070015117272764
0.22802038397261987
0.15832592279244143
0.2350352591743076
0.17663080005106893
0.12488344857169388
0.2391644838271594
0.2826917207524161
0.2253165888079806
0.08647941615246874
0.33355935895936
0.2692939972572584
0.08336438168025234
0.3785875095635663
0.19955123457903476
0.02166274503175019
0.2670684443612012
0.2952775111997599
0.15182235973381647
0.2181631648522996
0.256557526792074
0.07396220338267177
0.267674701347601
0.04956729925819756
0.14298801898993022
0.09708494125513012
0.16905941395141963
0.16653812570544477
0.13567890543521807
0.17006853637856728
0.22475245277428507
Mean: 0.18183950546309885
