-0.21670222
-0.23768806
-0.15757817
-0.19769846
-0.21598561
-0.2128968
-0.23533215
-0.19456874
-0.19634186
-0.21075378
-0.23965298
-0.136258
-0.2576163
-0.16359031
-0.17320421
-0.25566307
-0.2570696
-0.23157431
-0.20971721
-0.22953817
-0.20947118
-0.20384495
-0.21866801
-0.20644099
-0.24602829
-0.25657916
-0.22922903
-0.2093148
-0.18176635
-0.28067166
-0.21549223
-0.2777516
-0.2660807
-0.18898137
-0.17551416
-0.17507409
-0.20700818
-0.185957
-0.24014047
-0.21450481
-0.23973863
-0.28463098
-0.26200667
-0.23853287
-0.26257208
-0.18235554
-0.2214512
-0.24562523
-0.21736495
-0.23227805
-0.25431603
-0.24119401
-0.2089654
-0.29814753
-0.217907
-0.27703866
-0.27239498
-0.2270907
-0.24492233
-0.24098298
-0.3165985
-0.2872277
-0.23276395
-0.27248877
-0.24522005
-0.2512378
-0.3021586
-0.25565866
-0.28922415
-0.23758072
-0.28118244
-0.22172596
-0.30193973
-0.2514018
-0.21633548
-0.23082143
-0.2538214
-0.19067906
-0.25646707
-0.25467613
-0.30575594
-0.25333363
-0.27839023
-0.29584748
-0.27859458
-0.2486116
-0.300262
-0.30286688
-0.3043999
-0.2931251
-0.26278082
-0.26947325
-0.27821264
-0.23915073
-0.2402777
-0.32379496
-0.30126607
-0.32669017
-0.319893
-0.29747897
-0.26497886
-0.3013508
-0.3008527
-0.31176028
-0.2862535
-0.33676016
-0.3107408
-0.29448023
-0.31254992
-0.33837613
-0.32735333
-0.30542594
-0.2762359
-0.3264769
-0.3004762
-0.31356028
-0.29388788
-0.34104714
-0.33646858
-0.29324645
-0.3137905
-0.34201607
-0.3137361
-0.32486647
-0.3444682
-0.34948725
-0.3025016
-0.35530594
-0.30751944
-0.33003536
-0.31589332
-0.34912673
-0.3133533
-0.27240866
-0.31983998
-0.30692723
-0.35046932
-0.3140918
-0.33507562
-0.3669067
-0.36789203
-0.33857983
-0.32423696
-0.30590984
-0.3209769
-0.33124807
-0.31330264
-0.33630547
-0.33944768
-0.37175786
-0.3784976
-0.33429432
-0.35315877
-0.36035845
-0.37297532
-0.36382934
-0.33409664
-0.36498925
-0.37619796
-0.3332924
-0.38165444
-0.29899216
-0.34583858
-0.34738162
-0.3524075
-0.36355504
-0.36498216
-0.34651285
-0.3543813
-0.36011857
-0.34362507
-0.3918246
-0.3790256
-0.36364254
-0.36917037
-0.3469789
-0.35370445
-0.38075137
-0.35222864
-0.35165992
-0.36065644
-0.31461185
-0.40451667
-0.37437084
-0.3407422
-0.36028355
-0.3578474
-0.38247496
-0.38185835
-0.36978593
-0.34801212
-0.35628784
-0.36090046
-0.38102773
-0.34783822
-0.35372603
-0.33630675
-0.4127184
-0.36551356
-0.38714197
-0.3565543
-0.37807828
-0.38573578
-0.344371
-0.34908652
-0.36826083
-0.38192436
-0.3877724
-0.35570416
-0.33894584
-0.36781454
-0.37632465
-0.37663034
-0.37201995
-0.3944988
-0.3804249
-0.3686665
-0.37458503
-0.37967104
-0.36488843
-0.3387258
-0.3925937
-0.33590645
-0.36564603
-0.3839417
-0.43516555
-0.40436387
-0.3280444
-0.39929205
-0.370398
-0.4185596
-0.37383258
-0.385564
-0.3633721
-0.39837348
-0.38230196
-0.3915885
-0.36497068
-0.35799566
-0.35787582
-0.37882426
-0.38798642
-0.33948576
-0.40190563
-0.38024867
-0.41770574
-0.41503477
-0.3754253
-0.39851502
-0.40692633
-0.38248664
-0.42009366
-0.38354117
-0.4169032
-0.4018278
-0.39874142
-0.35629234
-0.42141977
-0.4123147
-0.36580145
-0.3976932
-0.3944182
-0.36287305
-0.376475
-0.41224322
-0.41374657
-0.35807285
-0.37119007
-0.41687992
-0.37768036
-0.4242877
-0.38215357
-0.4227257
-0.40661472
-0.3803452
-0.35799763
-0.40676963
-0.38948378
-0.38467693
-0.41227114
-0.40502128
-0.403013
-0.3964825
-0.35177416
-0.41164696
-0.45835856
-0.40340114
-0.3957156
-0.40770134
-0.39092734
-0.4197022
-0.37606135
-0.40377808
-0.40707707
-0.38024417
-0.39986047
-0.35918215
-0.39168745
-0.36409098
-0.4167343
-0.42495555
-0.34855998
-0.40592542
-0.39540875
-0.40205562
-0.3820585
-0.41786703
-0.38932276
-0.36428493
-0.36902657
-0.37275723
-0.35382885
-0.4212563
-0.3993486
-0.3796686
-0.38067862
-0.38746312
-0.38916427
-0.4245991
-0.4034483
-0.39091036
-0.39838123
-0.3987324
-0.35046747
-0.41058064
-0.3823441
-0.41106853
-0.38987017
-0.36375716
-0.42992145
-0.43757197
-0.40501252
-0.4125868
-0.38494074
-0.37514132
-0.41546664
-0.42355934
-0.43290266
-0.39580283
-0.37005362
-0.41148233
-0.40325278
-0.42791864
-0.40620816
-0.4097229
-0.38755283
-0.3847442
-0.3835097
-0.44704416
-0.41468662
-0.4236953
-0.4097337
-0.38941038
-0.3780051
-0.45551172
-0.36472967
-0.39962485
-0.36787215
-0.45911878
-0.4108837
-0.37359712
-0.3928236
-0.4231989
-0.4011471
-0.4122316
-0.37553936
-0.37175074
-0.4049877
-0.39927238
-0.39270374
-0.42188838
-0.40598425
-0.3849728
-0.37639847
-0.40097114
-0.37103233
-0.41552633
-0.35386178
-0.41132954
-0.4391219
-0.39990985
-0.382291
-0.39414012
-0.35711455
-0.38661036
-0.41920817
-0.39428383
-0.3945098
-0.3958504
-0.3874607
-0.40533757
-0.40457955
-0.36628714
-0.4185187
-0.40486643
-0.41344234
-0.34696782
-0.4214772
-0.3578604
-0.3645728
-0.37134612
-0.40653715
-0.4099607
-0.41042086
-0.4126302
-0.3871988
-0.41809344
-0.3881611
-0.39259118
-0.38761613
-0.40137815
-0.40745646
-0.40991423
-0.40844345
-0.4282382
-0.33518285
-0.40160948
-0.410421
-0.4020663
-0.39145347
-0.37494904
-0.3858392
-0.3916454
-0.36471325
-0.4097704
-0.37851632
-0.42000306
-0.35029146
-0.37944925
-0.37780032
-0.36394995
-0.41243288
-0.40114874
-0.42185986
-0.39083493
-0.39483365
-0.41780776
-0.38483015
-0.4164079
-0.39911994
-0.42376444
-0.375148
-0.37300014
-0.39670664
-0.42584077
-0.39539906
-0.42476857
-0.37495425
-0.407873
-0.37185907
-0.39143315
-0.42699182
-0.38209674
-0.4389371
-0.4198357
-0.45944986
-0.43647543
-0.4042185
-0.42796883
-0.40707028
-0.426427
-0.42327127
-0.4233423
-0.38090056
-0.42622074
-0.44300082
-0.41163188
-0.41458273
-0.41800836
-0.45267424
-0.35893863
-0.40929478
-0.42030656
-0.458263
-0.39441112
-0.4457759
-0.41259956
-0.42221376
-0.42761087
-0.42915022
-0.39314267
-0.44797066
-0.42327568
-0.42031717
-0.41345003
-0.42617282
-0.48004872
-0.3876975
-0.43694583
-0.43194157
-0.4200897
-0.38191226
-0.41241887
-0.36848474
-0.38466534
-0.4227625
-0.41161224
-0.36518884
-0.45100397
-0.43645084
-0.40397835
-0.4145842
-0.42924425
-0.44890982
-0.3347539
-0.4280097
-0.37815797
-0.4244913
-0.37648043
-0.44853553
-0.4112551
-0.42449594
-0.4382648
-0.48929054
-0.45219436
-0.46362543
-0.45261797
-0.40166658
-0.43510342
-0.42658025
-0.43185687
-0.43818593
-0.45503688
-0.42336798
-0.45640525
-0.3985084
-0.4241346
-0.4287248
-0.45125178
-0.42799595
-0.40505075
-0.41440386
-0.42653176
-0.44736502
-0.44631216
-0.40921766
-0.46156862
-0.42271686
-0.427285
-0.41807336
-0.41172326
-0.44318062
-0.47123033
-0.44639713
-0.41278082
-0.45190796
-0.43802795
-0.438478
-0.45350248
-0.44438744
-0.45672998
-0.45169398
-0.4520244
-0.42547485
-0.4632461
-0.49649027
-0.47704646
-0.44543037
-0.48595583
-0.41455448
-0.43981126
-0.4279677
-0.47121793
-0.4494928
-0.45352226
-0.4488176
-0.46060473
-0.39508185
-0.39681363
-0.44628254
-0.42922547
-0.44566166
-0.4531274
-0.41198626
-0.41623747
-0.4351312
-0.44591948
-0.4433249
-0.4324112
-0.45355222
-0.4167306
-0.44190896
-0.45138425
-0.46046078
-0.3849479
-0.43404314
-0.43670812
-0.4390549
-0.44627106
-0.39488825
-0.46231294
-0.44695085
-0.4309727
-0.4038207
-0.42748412
-0.40618387
-0.42785504
-0.42213348
-0.44325203
-0.44466022
-0.45213184
-0.4430567
-0.42187345
-0.45228776
-0.41808033
-0.43829286
-0.45546857
-0.43946856
-0.479619
-0.42291456
-0.43579262
-0.42005607
-0.4163445
-0.45511943
-0.46539614
-0.44907266
-0.45110604
-0.45185155
-0.4383085
-0.47109887
-0.44294932
-0.40119603
-0.44872653
-0.4396874
-0.45842972
-0.43031746
-0.44917753
-0.43357795
-0.4582257
-0.46919668
-0.46367368
-0.42878294
-0.41880125
-0.44992593
-0.4352425
-0.42389533
-0.45466504
-0.44569564
-0.4317157
-0.44464868
-0.47159252
-0.458339
-0.44633633
-0.47133985
-0.43281695
-0.4533107
-0.4599503
-0.44514835
-0.4624157
-0.39429587
-0.4460152
-0.45374796
-0.4501152
-0.45341697
-0.4419242
-0.48586887
-0.4526739
-0.41978258
-0.38056445
-0.43993077
-0.46785536
-0.4743486
-0.4380678
-0.49604768
-0.4700539
-0.45818582
-0.46892574
-0.43966576
-0.44724837
-0.47705498
-0.4627236
-0.4624288
-0.46043652
-0.4665898
-0.470539
-0.4896815
-0.49959153
-0.441378
-0.46674982
-0.41086653
-0.4552211
-0.43104815
-0.42772445
-0.4408108
-0.4738532
-0.4777504
-0.47084343
-0.39354968
-0.4578183
-0.41842252
-0.42731914
-0.48205075
-0.48003435
-0.41398436
-0.4399563
-0.47225016
-0.49573103
-0.45558217
-0.46430296
-0.4588392
-0.48472264
-0.4642774
-0.5023932
-0.487401
-0.4580185
-0.4642628
-0.49791324
-0.45469016
-0.43572968
-0.47429875
-0.45307747
-0.46211928
-0.46492255
-0.46506768
-0.44814718
-0.43315446
-0.4815723
-0.4518347
-0.4409798
-0.45658457
-0.41979596
-0.4525928
-0.47072756
-0.482497
-0.43192503
-0.4398947
-0.47742584
-0.4880983
-0.43885523
-0.45908904
-0.48946857
-0.43099636
-0.4206518
-0.41761145
-0.444983
-0.42949146
-0.47616997
-0.4469538
-0.43144837
-0.4788362
-0.4331259
-0.45487833
-0.46369502
-0.48777112
-0.4892542
-0.44435558
-0.44682732
-0.47140107
-0.46471593
-0.44701853
-0.43388453
-0.4916287
-0.4429889
-0.48443922
-0.4895111
-0.4586735
-0.4903936
-0.4833507
-0.46091953
-0.47089347
-0.49915174
-0.4324807
-0.4596245
-0.44647926
-0.4575203
-0.41825056
-0.42764825
-0.50406575
-0.4922874
-0.5015379
-0.47560844
-0.47525105
-0.46605164
-0.4674815
-0.48245022
-0.44253495
-0.46671256
-0.49024177
-0.48054633
-0.49088594
-0.47572613
-0.44044387
-0.462823
-0.4747102
-0.4868516
-0.48634246
-0.44653648
-0.45054916
-0.45324263
-0.46057224
-0.47044304
-0.44474494
-0.49499118
-0.46069324
-0.5013576
-0.47488695
-0.43254536
-0.47832972
-0.48163176
-0.47792205
-0.4744314
-0.46161342
-0.46583244
-0.44387895
-0.48206073
-0.45359185
-0.5101834
-0.45435452
-0.4548702
-0.46589303
-0.47935623
-0.46862137
-0.4831052
-0.4822954
-0.54289615
-0.4608051
-0.44294435
-0.47451746
-0.47389445
-0.46771112
-0.49292767
-0.47874317
-0.46126157
-0.4701253
-0.44907802
-0.47586992
-0.4739423
-0.43376538
-0.5053061
-0.46184555
-0.42257157
-0.5093209
-0.4608374
-0.47100306
-0.44935974
-0.47202033
-0.44716963
-0.45229036
-0.5162291
-0.4400634
-0.54193544
-0.47814023
-0.4665227
-0.45335883
-0.48108363
-0.47572622
-0.49008134
-0.5160748
-0.4596209
-0.4850009
-0.40771395
-0.47932965
-0.49603665
-0.4773458
-0.47547826
-0.47347888
-0.47235978
-0.42862025
-0.44830588
-0.4379524
-0.47532615
-0.48304388
-0.4701154
-0.48766962
-0.43544158
-0.46700788
-0.44220877
-0.48847887
-0.47291517
-0.46963152
-0.5021176
-0.40217453
-0.46176648
-0.49939382
-0.49404055
-0.49557638
-0.512639
-0.49097583
-0.4711759
-0.48843068
-0.48673898
-0.5230757
-0.46503055
-0.4981089
-0.466815
-0.48646373
-0.49354842
-0.49718842
-0.50379
-0.5003624
-0.4532537
-0.40929657
-0.48751014
-0.4943093
-0.47695804
-0.48283193
-0.48689264
-0.4580198
-0.49062017
-0.47537613
-0.44894934
-0.45172966
-0.5141709
-0.4925314
-0.44250804
-0.468856
-0.4957654
-0.4838051
-0.47358385
-0.46954587
-0.5291393
-0.49573618
-0.45334107
-0.50111467
-0.48898658
-0.4865589
-0.48987848
-0.4588767
-0.46974045
-0.44953078
-0.4915756
-0.4331658
-0.4880273
-0.49259272
-0.48071533
-0.495079
-0.4841059
-0.47464442
-0.49170867
-0.49458155
-0.53148055
-0.45598313
-0.4822209
-0.47546571
-0.50746584
-0.49847072
-0.48107466
-0.51297414
-0.48532224
-0.49247217
-0.4866977
-0.47081977
-0.47035348
-0.51192105
-0.48149374
-0.5005786
-0.48915035
-0.46765357
-0.49674994
-0.5039462
-0.5093458
-0.44848073
-0.5042195
-0.44666493
-0.45473918
-0.49982166
-0.48045212
-0.47930428
-0.47379443
-0.48247173
-0.46517915
-0.5051215
-0.4811994
-0.53197235
-0.44764358
-0.4580437
-0.44219038
-0.44844136
-0.4820354
-0.48329422
-0.4543183
-0.5077952
-0.47644034
-0.49652475
-0.49908498
-0.52833843
-0.49036014
-0.5068967
-0.45740813
-0.4761311
-0.48031363
-0.4132176
-0.42822778
-0.49383184
-0.46273747
-0.47051334
-0.48653296
-0.47042522
-0.48394504
-0.49445432
-0.5482401
-0.4499371
-0.45062837
-0.45860508
-0.50252706
-0.47667226
-0.49520898
-0.49926925
-0.5092464
-0.43405986
-0.49155986
-0.47930282
-0.49372116
-0.47100276
-0.49033016
-0.46780634
-0.47737148
-0.54668486
-0.453728
-0.5019537
-0.48613924
-0.4719946
-0.5034248
-0.49307895
-0.48198622
-0.4531275
-0.5144805
-0.5231885
-0.5134381
-0.45180303
-0.48305875
-0.49450317
-0.4936492
-0.5130884
-0.49607503
-0.49529552
-0.5014889
-0.4950883
-0.4456534
-0.50691396
-0.46091563
-0.47806403
-0.49134243
-0.48434106
-0.47615722
-0.4621567
-0.508994
-0.48081273
-0.48809087
-0.5230131
-0.490078
-0.44506702
-0.48113894
-0.48525825
-0.49931613
-0.49751517
-0.4695138
-0.4706442
-0.5384785
-0.48493907
-0.48878288
-0.48105457
-0.52459383
-0.48671576
-0.51231676
-0.50291574
-0.49496922
-0.4417893
-0.49647173
-0.4633137
-0.5104004
-0.5173832
-0.484674
-0.5019874
-0.4686419
-0.47059026
-0.5285678
-0.50498044
-0.45971844
-0.48339522
-0.46563923
-0.4627767
-0.4975825
-0.4103412
-0.4889117
-0.46565363
-0.49167266
-0.51330346
-0.47575384
-0.50404924
-0.5294983
-0.46293584
-0.49758372
-0.5332018
-0.45672882
-0.46113473
-0.42877868
-0.49973473
-0.45994112
-0.47749382
-0.49709654
-0.5203382
-0.46820965
-0.5149925
-0.46746552
-0.4611346
-0.51900744
-0.5041032
-0.48952925
-0.480004
-0.5068303
-0.49135476
-0.4889426
-0.5217353
-0.50614375
-0.4975988
-0.47785416
-0.49201775
-0.51190567
-0.4928316
-0.49301943
-0.50646335
-0.47744623
-0.47381666
-0.46866933
-0.5105331
-0.49567717
-0.49173474
-0.50046253
-0.53101814
-0.4581761
-0.4876421
-0.49993756
-0.49185112
-0.44791993
-0.5161659
-0.48820052
-0.47497162
-0.5076387
-0.47626427
-0.5309487
-0.52259606
-0.49980098
-0.50181484
-0.45165977
-0.48464516
-0.50347924
-0.46017122
-0.4661297
-0.46515477
-0.48658153
-0.50373495
-0.47589025
-0.5293792
-0.46843368
-0.5263222
-0.49454388
-0.52683306
-0.45050254
-0.5351347
-0.5114198
-0.48983648
-0.52853817
-0.5003026
-0.521874
-0.5292157
-0.5535837
-0.4964788
-0.52427626
-0.47600302
-0.52389145
-0.4680786
-0.4954737
-0.5032514
-0.4708567
-0.50328267
-0.49063492
-0.5185587
-0.48640788
-0.5118403
-0.51741344
-0.48385763
-0.50244784
-0.52740747
-0.51417184
-0.5409102
-0.44978607
-0.5387473
-0.52537245
-0.48359197
-0.5031587
-0.50256133
-0.47779453
-0.48149994
-0.52864045
-0.49981594
-0.50140107
-0.5203944
-0.50693
-0.44794858
-0.4880366
-0.5234319
-0.5058636
-0.47007295
-0.48335946
-0.5043134
-0.48681906
-0.54136056
-0.5272418
-0.4494857
-0.47079402
-0.48203006
-0.5354223
-0.513033
-0.51973426
-0.49934587
-0.5162192
-0.48330653
-0.5169185
-0.51853466
-0.5131392
-0.48134634
-0.534454
-0.48186508
-0.48382553
-0.45884314
-0.4900134
-0.5014258
-0.47103798
-0.5122304
-0.4873159
-0.49133056
-0.5464233
-0.49225757
-0.50698715
-0.49739355
-0.4853962
-0.4918273
-0.48499823
-0.46816975
-0.50255764
-0.49832228
-0.5056176
-0.5055294
-0.4912639
-0.49219066
-0.50677353
-0.5089041
-0.4769708
-0.52719736
-0.48522472
-0.50564766
-0.5214303
-0.48235625
-0.4636193
-0.5111437
-0.50529635
-0.48753014
-0.48005295
-0.47346243
-0.5040046
-0.49719003
-0.5276364
-0.47794876
-0.5446356
-0.4567696
-0.5176434
-0.5052398
-0.52355176
-0.5403077
-0.4973858
-0.5122893
-0.5291441
-0.5077986
-0.5057245
-0.49078643
-0.48695752
-0.5055478
-0.48243427
-0.53658277
-0.5145119
-0.4795159
-0.50357914
-0.5205786
-0.5156439
-0.52489734
-0.46063054
-0.51456094
-0.5257509
-0.49948904
-0.48624784
-0.52986896
-0.499001
-0.5214608
-0.48646262
-0.49811843
-0.48823935
-0.5202158
-0.4890452
-0.49290985
-0.5166362
-0.46822196
-0.50527847
-0.49734205
-0.51844627
-0.524335
-0.50581443
-0.49386412
-0.50125873
-0.46959203
-0.5304051
-0.517448
-0.5244516
-0.47773457
-0.49830303
-0.48343536
-0.5393374
-0.50474733
-0.5270072
-0.49110022
-0.4895603
-0.5521217
-0.4965542
-0.4804564
-0.54018265
-0.51884806
-0.48081645
-0.5244317
-0.49241716
-0.49003184
-0.49358198
-0.567043
-0.47158873
-0.44165614
-0.4964492
-0.47348976
-0.44963616
-0.5242757
-0.48642474
-0.5257887
-0.4692051
-0.5043228
-0.49411008
-0.48835063
-0.50246644
-0.5391512
-0.5372822
-0.48529533
-0.500071
-0.49196717
-0.54169506
-0.4639708
-0.49779224
-0.5611991
-0.49305692
-0.53320205
-0.47551548
-0.5026004
-0.48493704
-0.501755
-0.50146776
-0.556401
-0.4945832
-0.5314345
-0.5219697
-0.5148685
-0.5170651
-0.52391094
-0.53357905
-0.52640337
-0.47398588
-0.45793873
-0.5194964
-0.5019718
-0.52484244
-0.4988895
-0.51043344
-0.52817774
-0.5179918
-0.5308358
-0.52801186
-0.5477424
-0.50639164
-0.50112176
-0.53520256
-0.52850246
-0.5018835
-0.5551342
-0.50914043
-0.5393774
-0.50337327
-0.5319586
-0.5003628
-0.5095501
-0.5005218
-0.51309454
-0.5304773
-0.5305111
-0.4947428
-0.5094367
-0.540945
-0.55338526
-0.5123555
-0.49128544
-0.50464195
-0.5056495
-0.5003101
-0.50071925
-0.53440696
-0.53648746
-0.49920925
-0.5443637
-0.5407289
-0.5197014
-0.5213955
-0.55264187
-0.50794584
-0.5290543
-0.5120764
-0.5495669
-0.5191473
-0.49913457
-0.52571636
-0.5079301
-0.5319073
-0.55700046
-0.46016592
-0.48024008
-0.49381888
-0.48582458
-0.5323118
-0.5051382
-0.5400656
-0.4957076
-0.5239399
-0.53878236
-0.5147349
-0.52742404
-0.5077603
-0.4969276
-0.5375633
-0.51809907
-0.5116591
-0.5372361
-0.48604897
-0.5140109
-0.50656146
-0.51872045
-0.520418
-0.53439605
-0.494685
-0.5050209
-0.5431489
-0.50320065
-0.5359701
-0.53436893
-0.4817747
-0.49376008
-0.52880716
-0.5487484
-0.5233868
-0.47545418
-0.5095344
-0.5306523
-0.5165131
-0.52579707
-0.5382485
-0.5439898
-0.46460927
-0.52413875
-0.5333414
-0.48596063
-0.49583462
-0.49590474
-0.47665834
-0.51991904
-0.5016102
-0.5422663
-0.5510447
-0.5161964
-0.4878711
-0.5628179
-0.5424561
-0.5302912
-0.51522046
-0.5482743
-0.5251106
-0.5155143
-0.5311191
-0.519335
-0.54663646
-0.5072556
-0.54076517
-0.53321624
-0.4526282
-0.5632057
-0.54617745
-0.5296643
-0.54296297
-0.5137267
-0.5264496
-0.5506039
-0.5029716
-0.4730251
-0.4914792
-0.52311504
-0.51937556
-0.5224363
-0.4914791
-0.5459624
-0.5456702
-0.52647614
-0.5476546
-0.50961286
-0.523371
-0.53344405
-0.5319344
-0.544869
-0.53940874
-0.5488157
-0.4998837
-0.54959464
-0.520039
-0.48671743
-0.51357585
-0.5158014
-0.51396984
-0.48850662
-0.51222295
-0.52200675
-0.5106663
-0.5114495
-0.5427073
-0.50814676
-0.54993457
-0.5234631
-0.5405162
-0.52153647
-0.5358314
-0.5321248
-0.5114019
-0.49949104
-0.55135447
-0.53573483
-0.5123715
-0.4981983
-0.5024834
-0.54492706
-0.47903964
-0.53848827
-0.5181391
-0.5135599
-0.5234226
-0.51971334
-0.5320703
-0.53407913
-0.53408337
-0.54393154
-0.4990591
-0.51492584
-0.50565565
-0.50610864
-0.5505692
-0.4883126
-0.54287577
-0.50119996
-0.5741928
-0.53601414
-0.478459
-0.5080261
-0.5397316
-0.51498246
-0.51834416
-0.5216344
-0.5195518
-0.5505312
-0.5049887
-0.5521812
-0.5530075
-0.5308465
-0.555859
-0.5167386
-0.5122218
-0.53231126
-0.5191543
-0.5083511
-0.52859914
-0.5287561
-0.5586085
-0.52628964
-0.5408308
-0.53469396
-0.5136118
-0.52879226
-0.54680413
-0.552414
-0.5556059
-0.5260767
-0.5337826
-0.48635826
-0.5158655
-0.48906314
-0.55828017
-0.5126552
-0.561825
-0.54236674
-0.51972836
-0.49295035
-0.4955146
-0.56644344
-0.55397767
-0.5398029
-0.52539206
-0.5364966
-0.54896367
-0.5514236
-0.52278584
-0.5326108
-0.565587
-0.54151905
-0.48906326
-0.5562636
-0.49631566
-0.5156058
-0.53461826
-0.5247587
-0.51084477
-0.5607397
-0.5548201
-0.5582019
-0.5295822
-0.52151746
-0.5525872
-0.5143107
-0.51488763
-0.5232724
-0.53294486
-0.5045106
-0.5152307
-0.4905176
-0.5331517
-0.543595
-0.5463632
-0.53167564
-0.53723806
-0.529832
-0.5364708
-0.50166744
-0.55407274
-0.5822826
-0.5258317
-0.50701326
-0.62102926
-0.51651216
-0.4873214
-0.53241295
-0.53712344
-0.52649003
-0.53236645
-0.5628837
-0.5203962
-0.55379105
-0.53257513
-0.54981637
-0.51752716
-0.52384263
-0.50160533
-0.49985102
-0.571874
-0.5189696
-0.5343424
-0.53007364
-0.5422341
-0.51164377
-0.5180328
-0.515278
-0.60329276
-0.5099538
-0.5174989
-0.5048105
-0.54300827
-0.5309222
-0.486447
-0.529138
-0.5028448
-0.54591274
-0.50558877
-0.5539995
-0.5395256
-0.5613263
-0.49485442
-0.51627225
-0.53205025
-0.55820566
-0.5246648
-0.5127521
-0.54597944
-0.52717334
-0.54444456
-0.5469486
-0.5396621
-0.5312316
-0.55401117
-0.5382537
-0.50513446
-0.51173425
-0.540576
-0.51224416
-0.5448426
-0.5354224
-0.5366459
-0.538213
-0.5072412
-0.5421199
-0.5519695
-0.53485084
-0.53669965
-0.5284464
-0.53753114
-0.5162976
-0.5674999
-0.53065974
-0.5653947
-0.5289381
-0.5538956
-0.51561457
-0.48895928
-0.5306474
-0.5502222
-0.5296413
-0.52901995
-0.5307412
-0.5196981
-0.51907617
-0.51987404
-0.57740635
-0.5495829
-0.53595847
-0.54328865
-0.51592535
-0.53554744
-0.49974236
-0.5322727
-0.5411755
-0.5412394
-0.51192427
-0.52112293
-0.5481405
-0.50520223
-0.51356184
-0.55524194
-0.4969766
-0.56580955
-0.542817
-0.5327618
-0.5043504
-0.5503
-0.5278604
-0.5684667
-0.5114666
-0.54245466
-0.5165306
-0.52557284
-0.5400105
-0.52840066
-0.50281215
-0.5463833
-0.5536235
-0.5371809
-0.5369606
-0.51431257
-0.5044844
-0.52513343
-0.5198715
-0.53521657
-0.54055667
-0.5118086
-0.5342914
-0.5324299
-0.57470256
-0.518805
-0.5278982
-0.54586065
-0.5591584
-0.53803945
-0.5144795
-0.5203644
-0.51666373
-0.5246391
-0.5638683
-0.56350696
-0.54492587
-0.49432877
-0.5083802
-0.533927
-0.5442388
-0.54434884
-0.5447628
-0.52849483
-0.5732352
-0.5295688
-0.54196197
-0.5350031
-0.52583027
-0.5371664
-0.5534208
-0.5243352
-0.5500004
-0.5514622
-0.5361105
-0.5128935
-0.53524196
-0.4971667
-0.53653497
-0.4832216
-0.5179117
-0.5420338
-0.521932
-0.52934927
-0.5413702
-0.5681909
-0.5438122
-0.5356823
-0.5025737
-0.55633277
-0.5666262
-0.542628
-0.5280585
-0.5200265
-0.540067
-0.52490765
-0.5207623
-0.5639898
-0.5503536
-0.5501929
-0.50872976
-0.5517368
-0.5592567
-0.52803135
-0.5450414
-0.51551205
-0.5236141
-0.5465774
-0.5369179
-0.55982286
-0.5513529
-0.5180686
-0.5414326
-0.56590986
-0.5020792
-0.55776376
-0.5579866
-0.50898623
-0.5599138
-0.5565387
-0.54408747
-0.5275121
-0.55764574
-0.5500953
-0.5639313
-0.5391514
-0.5546488
-0.53565955
-0.52953583
-0.522856
-0.565687
-0.52470887
-0.5269887
-0.5044045
-0.56343263
-0.5559758
-0.52288496
-0.51099855
-0.5293297
-0.5441569
-0.51851374
-0.5358166
-0.5492302
-0.536892
-0.5193605
-0.55811363
-0.516279
-0.55458766
-0.554134
-0.5658419
-0.5552366
-0.53048867
-0.5316499
-0.5345338
-0.54669064
-0.5561412
-0.5490557
-0.5215901
-0.55796176
-0.5430093
-0.5094078
-0.5279359
-0.563584
-0.5309066
-0.54767644
-0.5004923
-0.525498
-0.5388267
-0.5306931
-0.5563049
-0.5383873
-0.53671694
-0.5293588
-0.5276389
-0.5220965
-0.5281748
-0.55001324
-0.5268062
-0.50954247
-0.5674839
-0.5496013
-0.55610794
-0.55744934
-0.52531797
-0.55009013
-0.58795726
-0.53382427
-0.5883103
-0.5222335
-0.5481707
-0.5767574
-0.5546307
-0.5413966
-0.5285916
-0.5213845
-0.55612344
-0.56562704
-0.50307626
-0.53232664
-0.5357511
-0.532605
-0.5197493
-0.5390935
-0.5519941
-0.5667046
-0.56222236
-0.5500574
-0.5519963
-0.53797156
-0.56659955
-0.56504136
-0.5265627
-0.5348792
-0.5353304
-0.4774533
-0.56210274
-0.55082446
-0.535053
-0.52861214
-0.5388057
-0.5517009
-0.5705426
-0.5499313
-0.52136797
-0.5221233
-0.5282947
-0.54081976
-0.5416478
-0.547887
-0.56474495
-0.5428458
-0.5174922
-0.4998499
-0.5303402
-0.5557369
-0.50102407
-0.5366023
-0.5598786
-0.5650742
-0.5730671
-0.56315196
-0.55633193
-0.5508418
-0.5619186
-0.54369515
-0.51693386
-0.53874695
-0.54755193
-0.56033766
-0.5286516
-0.5260949
-0.54130024
-0.5378915
-0.5483902
-0.52996665
-0.5173286
-0.51623833
-0.5662878
-0.5509156
-0.5432647
-0.5098118
-0.5395935
-0.554432
-0.5077432
-0.5198489
-0.53509426
-0.59112865
-0.5297922
-0.52218384
-0.5398644
-0.5478556
-0.54584575
-0.51876
-0.5552578
-0.5593128
