600.6949535681019
623.9402401779428
648.5060143785599
666.7922819629343
671.7486634641003
676.9326191849035
682.5370799852899
690.6548850768496
699.4353614201232
525.7846169221909
527.8281529632363
545.0491046414655
568.7885410177486
595.3796046834286
616.2101629190173
633.06530970607
638.6537502389979
645.9399998409042
655.5864880184055
664.3496028751035
670.8974040965865
669.972057379763
667.868594859841
503.48892349039227
496.6454444109349
490.96497285689264
487.02530136901055
486.99394473685606
510.9688077237999
541.5362805475576
560.7235910608351
579.8141408304142
600.3455131632019
609.220026372758
619.2455841034824
629.7812771547382
633.2848612583521
632.1434945163923
629.9617083731818
628.8639568040727
490.2834081064677
475.77180889293186
465.08998899775116
454.22232892624703
444.44027859545264
439.59713374061647
453.0293328290432
484.10357765386254
504.71404743271427
524.013332934578
546.3063951881958
569.8122977778187
583.0102957648367
591.873172646619
592.7364690415352
593.0665764190501
592.6980640812658
596.9890383842566
612.065723349176
548.1997137798699
497.7016349578799
453.2691691931046
433.12189159537684
414.4653338125796
401.7825626093971
393.59517303595663
395.27540384251796
423.8041524424508
447.581069136296
468.0120816564595
491.1832150247202
516.2608805616403
541.7190265147608
548.2540353058897
550.7798065221813
552.7582265123935
559.1219955547642
568.3955027333432
589.9791306882187
613.5830048637339
638.2895662436633
573.6156369127093
513.5915992221853
459.1305654671966
407.99429182367476
374.58202612458484
357.2655881940536
346.00897112500326
342.4393899384018
362.0582596983278
388.13536783094014
411.0137625109279
435.9968730530066
460.479138944209
480.6019291858527
499.0538711833886
505.7180069485182
513.8721909788218
523.9749087650042
540.975804884227
562.5210086380802
582.8531079324652
599.4765082280205
661.3981597106364
599.6657571479388
534.4379068280504
463.5792245883674
396.3965567984542
345.3239819767134
315.60459847685553
300.43108347225706
293.4410629688603
298.5297032712402
323.02729834820786
349.6604365849987
375.1195947684869
395.83735667315244
414.7932329859434
434.11762565556774
456.8604881461555
471.16861408137737
485.68995841298187
506.53691480379825
528.0880594452392
550.8642513847377
569.3633982027084
589.3718373038275
763.6340901836824
694.7645763626575
619.5814082842135
546.313204448905
465.4910588077029
390.41967949209686
327.60933041075754
284.8749341582389
259.13271853631505
246.65013857186636
243.018286358943
256.2136706709757
282.7260214866359
305.0621662807563
325.51258922958306
346.1065375069697
368.0366008787164
393.6706160826397
420.3088725576412
440.84750653126935
465.8918872677898
491.1162529873636
517.8891373701233
545.4616205122727
568.6892753918553
787.0931056000143
721.2556113906893
645.3749043917194
560.6811734849964
468.2091934259033
383.9307117059108
312.97570771041023
258.29761511630585
228.44616946176635
205.9984115385764
192.0233018343922
188.23442477728025
209.27726846819266
231.2074507148543
250.62857196182114
272.55206713116735
296.82298659209624
326.7256860297986
358.60892402564264
396.05125327214154
427.7096676029052
457.32568161101955
490.1344054248571
520.8852602925712
544.4005470907484
566.5144170830497
856.1913525408105
797.5626354695288
735.3759869655887
665.3351786296836
578.1347177326545
484.9075889455145
384.9741318239393
300.59224009247845
235.6356489622515
194.65539425056198
170.72639297448404
151.39632116431687
138.52719585399362
138.292996857611
156.43545005887844
176.3661925184005
197.72035722360283
224.05197429298696
258.2028287536164
300.35205460267986
345.3258038193896
383.8385038151177
414.15237339700593
445.82215408464265
477.82077739831243
506.44263615124817
527.1273893412663
868.364211920174
804.6955788053772
740.4402560661722
666.5968814253258
589.3455192994753
498.7351950847347
399.8869111066052
297.60836283229054
216.67592127147017
163.13909517381586
131.97454805699996
112.4527428854645
102.53815729400803
99.20254802893665
101.23602493295901
114.22204966521406
133.4678048809841
164.78984582020726
207.38498808740928
252.02782290879443
288.97228344511547
323.4017976066001
360.0410064904886
397.1251761440365
430.8353079257682
458.1448288677082
479.44096649333557
871.9488069018589
807.2709877567794
736.6397359524669
662.3710623554316
585.3486240837125
507.0413623009669
415.39179871545383
309.22510636769965
209.80480047062278
138.33670841088767
102.41204553144411
78.8415429261407
70.02786437288432
76.82722061739014
82.36490157558954
95.95944269461225
122.60065534415774
148.55494390310344
183.25374949320604
210.3042306314775
234.46284972123865
265.16357757466574
300.16833099968073
334.1664717410693
365.88330091346205
394.90961990432834
418.2741036183379
853.3786247353489
793.7691733087471
723.8997915932008
651.0554203535498
576.7558476876424
500.1050235740862
419.6158692171503
325.74061919060244
220.98805129251735
131.53205717982542
82.71102055750278
71.32780603491841
67.01557842781865
75.10669197511336
77.20804030221217
93.43312365194681
125.03013699082048
150.88341517520774
156.9062309627857
157.98309430924425
174.33593467192782
200.13521078678394
227.45892599897948
258.6378206631362
290.6494504374846
321.2603296996446
346.37243059849715
811.3489463128658
751.112255848369
694.7290959945469
631.811859725256
559.0123453428795
483.78880241437963
408.1937707094967
326.84649939243656
237.9417518551017
138.574534814795
68.88438204632038
71.79479754549735
92.24614232773702
68.08141523872305
49.76297963084303
67.4359856536486
101.78043699279985
120.40650333017379
118.95124703624438
116.5998649934552
115.7896442834487
129.39161325427045
154.623726556101
181.11295469333342
209.78142668374218
238.64792107693216
266.33063449889136
753.7026706161033
690.0783325030375
633.9226496688916
579.0159784532786
523.5327781201129
457.45804165322016
386.7649597788819
308.7839767795597
226.95595298484926
156.51003520727934
79.36106351677675
31.019968042317988
82.3996585957855
51.70339784175332
3.9780539240627095
45.176425556845686
80.86393033316422
76.63594279428709
71.89037962287705
68.47935369137662
65.2066143294505
68.22373484078922
81.12113998948641
102.75614880752781
126.09788804208281
151.23237384320169
178.5339654907624
694.7557419596185
626.8994229734626
564.2295655402125
507.77640833649616
455.1863627062423
400.7238178462111
345.71392033129735
282.6321440906629
209.7615646078121
145.81427498771663
89.39089618184107
28.39309506409297
32.374716919442555
63.93888288196488
46.82101280847747
54.896481144761154
49.67571172400447
36.07423027428906
29.63803206627737
24.672845167533822
20.87484801571202
20.40602666776805
24.315282942447276
33.7864979012511
49.06219017582474
72.6805984952142
95.79037716100139
638.670158309181
566.9162141282726
494.0523940231643
434.3073888094548
381.2815214301514
328.7439323158783
278.95798796685773
229.77814189458584
181.43756962626995
126.0122384342492
81.76831578152142
39.784159056959226
2.344466916189366
41.98791045832853
66.3107781036936
67.84067089875604
29.274347712250403
10.30598991435013
6.764284713092573
3.08997209456757
1.2632236787338529
0.929783374572661
1.9254359683511402
5.577589466425777
15.406982773968279
28.5417190241441
40.43681530515622
579.5222606298667
508.87087250576894
434.73129747897747
361.7391808509469
308.1053183177069
260.22626799573726
211.41627433938984
168.57988395115626
130.57025429585735
95.38064133156585
64.64988292083852
27.809546484446376
3.258187571122162
17.37824100217164
47.02804273594212
60.269987018168884
27.589350082843396
4.224809145875817
2.185619633212275
4.088963334302408
4.227432406558458
5.539896064796282
4.955631633794816
2.6714565798470207
3.8541005388257865
14.557878810575703
27.183587535599926
451.85477899757257
382.18083370827395
311.2793564513224
242.5497434974595
190.9834569117907
147.62133308477152
110.08109904078407
82.10218806195456
58.07862834788353
36.54450118827715
19.760347326900472
6.529408940307325
7.418530015104052
11.790413818957637
21.68481925245386
24.24585470109411
9.157034924641303
4.11017673945008
5.291723146224813
5.639844030744659
7.4060812106052945
8.966299031906381
10.716121309225217
15.675517016335045
23.652678057432112
35.71536551102908
400.16896649313264
334.7039371537524
266.79368544412756
196.83549793121605
137.8404780733377
93.78136603390791
61.4092375131054
41.94625400544687
27.77957042786852
15.927664186384662
4.629129410198773
21.14758835837625
33.33575250524891
33.80447587348443
56.59711289439729
66.2846721912034
60.14586907024504
51.47330151953041
44.988344478509624
43.055148336939325
44.38819368538392
47.374439055808395
50.466461156860696
57.359361910950774
67.50830841584502
290.9293812058091
228.16732588736028
168.13412766883215
112.14824459778153
62.286760881306485
36.44845236456611
26.653022533446645
20.609768954387555
14.28900762836617
24.307018213789824
59.659852930599115
83.1708973042978
97.13722126084028
120.28875183844772
125.5549799422592
121.80045406134546
118.97365063300099
111.56434759983019
105.03217088193246
101.85598120848843
99.8089463513327
105.50972700252915
112.17745579334502
118.87133418027294
251.22106235547568
201.47954893777916
156.73646888763295
109.4362718772685
55.61636558790811
44.7169605623731
46.75739301466015
40.813367526237535
40.74938575587573
60.48561973114221
104.18282802800233
137.67305477862345
162.65638534082623
181.51794663197762
176.91606148196007
173.81490191101886
174.0704396589004
174.7279773139889
172.13737604020977
167.31999091135785
164.43716008874296
164.11603636853147
167.0431878774774
189.32244507905875
162.59475870968345
113.68990780816151
70.1984105455244
67.2431489779987
67.87097464206839
68.20779520674222
74.94338385697937
103.8935561681316
150.5192733614824
188.46317672882049
220.57050586218446
228.2593982813184
220.1062005405002
214.76602281736885
216.70145242782206
223.41884964310344
228.29461750628954
224.33501385305513
224.40533383094146
222.10052567654267
171.3333939417958
121.30760604094431
84.07741372815832
87.34163627283529
92.69320249628731
98.59384583086168
115.44789762147613
146.40163228675127
194.20166805238193
228.12386167134378
256.4529284832226
248.1356020416931
238.95094469789618
239.39794139319008
245.79917391874122
256.58427059310986
271.17016177627227
281.7541664415709
279.2650366898573
126.88655332669052
103.74658052992694
102.05953799079339
112.04085190142392
123.76400048791517
143.7644437777846
180.83120603651417
224.72538459481768
251.90741227761117
257.7529248161045
238.58975778278818
231.93594543209107
242.26934796933517
265.0762303043928
283.9377549251075
299.84786444961065
317.325123730748
110.94225361954695
116.67679917347063
139.66126993306793
166.1380037042005
210.70036587172106
246.48442588331284
255.1886562749519
243.20421781040375
223.7972552337019
219.50003106744248
233.55021259981922
261.8726236036894
295.9512622041716
142.5112180352251
189.08048052504523
237.12419260905037
261.33958548550254
263.7646948091839
226.10653473533426
207.98239828347928
206.96135180428115
223.9529997776655
