-0.37573478
-0.45318666
-0.48500836
-0.50040954
-0.4993196
-0.5003697
-0.5142999
-0.5159324
-0.52490586
-0.536584
-0.5381289
-0.5586852
-0.56116384
-0.5744609
-0.5683504
-0.578219
-0.57987624
-0.5847544
-0.59757304
-0.604507
-0.60435337
-0.60349774
-0.60705745
-0.6125793
-0.61411333
-0.60602397
-0.6160319
-0.61342514
-0.61878544
-0.620503
-0.6203021
-0.62853235
-0.6231534
-0.63410485
-0.6252981
-0.6330822
-0.62530077
-0.62388337
-0.6279715
-0.63155246
-0.6307883
-0.64273596
-0.64537853
-0.6495164
-0.6484908
-0.64912426
-0.6489119
-0.6429488
-0.6522009
-0.65589035
-0.6607966
-0.66769195
-0.65718204
-0.66145164
-0.66569316
-0.6759687
-0.6712082
-0.6683683
-0.67099386
-0.6728517
-0.6781155
-0.682402
-0.6900034
-0.67219025
-0.6776259
-0.68241787
-0.6865272
-0.68159556
-0.6859695
-0.67454726
-0.68708324
-0.69728374
-0.6980009
-0.6932374
-0.69220185
-0.69564205
-0.6965118
-0.7042531
-0.70174485
-0.70195377
-0.7054366
-0.7047492
-0.70005846
-0.70497936
-0.7089004
-0.70452774
-0.71069914
-0.7124024
-0.7131993
-0.7168478
-0.71401954
-0.7197123
-0.72345704
-0.7228917
-0.71685153
-0.718868
-0.7233306
-0.7278666
-0.71865135
-0.72177726
-0.7256048
-0.7228889
-0.7276431
-0.7290441
-0.72770226
-0.73065853
-0.73272234
-0.7254899
-0.73682773
-0.7339255
-0.7340786
-0.7355478
-0.7317483
-0.73215985
-0.736205
-0.7399803
-0.7341254
-0.73866713
-0.735559
-0.737244
-0.74615884
-0.7451899
-0.7436639
-0.73727626
-0.7441884
-0.7446939
-0.74037045
-0.74697804
-0.74931353
-0.74707264
-0.7477487
-0.741229
-0.74739563
-0.7450851
-0.75032336
-0.750547
-0.7493746
-0.73973113
-0.7417817
-0.7343266
-0.7423806
-0.74325126
-0.73216015
-0.73241127
-0.7138405
-0.7124669
-0.7224758
-0.73327994
-0.73361015
-0.71983975
-0.7390274
-0.7388447
-0.7327398
-0.7296911
-0.7438889
-0.7420029
-0.73898876
-0.7371398
-0.7447345
-0.74571204
-0.74026656
-0.74560785
-0.7521613
-0.7497513
-0.73669094
-0.74438405
-0.7499532
-0.74979013
-0.742004
-0.7430963
-0.7448537
-0.7527588
-0.7465477
-0.75134563
-0.7488223
-0.7461787
-0.7513278
-0.75128925
-0.7491983
-0.7482775
-0.7491258
-0.7561802
-0.7582748
-0.7483695
-0.75097495
-0.7541028
-0.7489706
-0.7526511
-0.7526996
-0.75002587
-0.7473499
-0.7515051
-0.75723946
-0.75544965
-0.7515988
-0.752744
-0.7546318
-0.7506811
-0.75722265
-0.7498709
-0.7511648
-0.7548553
-0.74988973
-0.750101
-0.7489969
-0.74762726
-0.74785614
-0.7534761
-0.7442763
-0.7467687
-0.74795765
-0.7517072
-0.7472774
-0.7510504
-0.74980325
-0.7486486
-0.7467748
-0.7555952
-0.75588155
-0.7539485
-0.75168467
-0.75175107
-0.7528358
-0.74514395
-0.7523776
-0.75637496
-0.7504496
-0.7581762
-0.7491366
-0.7498059
-0.7487219
-0.7515916
-0.748153
-0.7443213
-0.7516983
-0.7499521
-0.7486525
-0.7491143
-0.7519566
-0.7495939
-0.7505882
-0.7589362
-0.75083923
-0.75491226
-0.75726885
-0.7536465
-0.753275
-0.75312155
-0.75451016
-0.75716394
-0.7548885
-0.75626427
-0.7527114
-0.76155454
-0.7532059
-0.75268644
-0.75470066
-0.7579971
-0.75272477
-0.74669874
-0.7518544
-0.7555232
-0.75637984
-0.75820756
-0.75019354
-0.7580179
-0.7589202
-0.7594241
-0.7527164
-0.7526573
-0.7545649
-0.7596626
-0.75467026
-0.7544766
-0.7582586
-0.7570044
-0.7542007
-0.7517812
-0.759695
-0.74972385
-0.7463682
-0.75333625
-0.76045716
-0.7464843
-0.7502881
-0.7557443
-0.7549383
-0.7530623
-0.76163924
-0.75824445
-0.75806665
-0.75630796
-0.7536759
-0.7527138
-0.7567562
-0.754938
-0.75547886
-0.7563097
-0.76030886
-0.7584516
-0.757735
-0.75793993
-0.75584036
-0.75983554
-0.7509611
-0.7556986
-0.7517559
-0.7503983
-0.7504968
-0.7465846
-0.73891896
-0.7483122
-0.7445091
-0.73908406
-0.74556047
-0.75365984
-0.753199
-0.7494712
-0.75530535
-0.74949074
-0.73533547
-0.75220764
-0.75325894
-0.74362224
-0.74933004
-0.75487953
-0.75946015
-0.7467586
-0.75143784
-0.74685115
-0.7525622
-0.75483894
-0.7491444
-0.7561622
-0.75645065
-0.7432343
-0.75666296
-0.7463629
-0.7477374
-0.74420315
-0.7474911
-0.7541361
-0.7535199
-0.7425576
-0.75633234
-0.7526431
-0.74614006
-0.7516029
-0.74939674
-0.7416545
-0.745576
-0.75069404
-0.74459815
-0.7504455
-0.7543384
-0.7560206
-0.7510456
-0.7545262
-0.75193524
-0.75219625
-0.7485804
-0.75408345
-0.75596887
-0.7607299
-0.7594866
-0.7492627
-0.74272037
-0.7581123
-0.7531655
-0.75364614
-0.75230813
-0.74990183
-0.752677
-0.7531753
-0.75858843
-0.75779796
-0.7546739
-0.75757176
-0.75465477
-0.76020586
-0.7579633
-0.75729734
-0.75726044
-0.7633785
-0.7593081
-0.76142836
-0.76146924
-0.7600091
-0.76036316
-0.7595665
-0.7620118
-0.7561812
-0.7590389
-0.7618401
-0.7644727
-0.7593552
-0.7614579
-0.7601617
-0.75539356
-0.7625104
-0.7606927
-0.7547988
-0.7620544
-0.75911707
-0.7618768
-0.75749546
-0.75646335
-0.7496076
-0.7611526
-0.74902743
-0.7557351
-0.7617293
-0.7552742
-0.75443035
-0.7572593
-0.7546898
-0.75527024
-0.7587318
-0.764318
-0.7599561
-0.7583374
-0.76466185
-0.75931394
-0.75788033
-0.7625974
-0.7580662
-0.75709283
-0.75556886
-0.76366585
-0.7579511
-0.75697446
-0.7603885
-0.7612289
-0.762949
-0.75768214
-0.76326185
-0.76207286
-0.7647076
-0.7589821
-0.76491153
-0.76693827
-0.7609965
-0.76563543
-0.7632163
-0.76120305
-0.7582084
-0.75866854
-0.76529205
-0.7646064
-0.7631153
-0.76235574
-0.7671943
-0.7618278
-0.75252527
-0.7529549
-0.76353574
-0.7580206
-0.7623088
-0.7598604
-0.75789773
-0.75740343
-0.76016235
-0.7622586
-0.7593165
-0.7577385
-0.7545991
-0.7613978
-0.75935423
-0.7544913
-0.7547359
-0.7595539
-0.7642194
-0.7529126
-0.7638815
-0.7599377
-0.75826836
-0.757146
-0.7546037
-0.76264906
-0.7626756
-0.75563097
-0.7546717
-0.76109207
-0.7613352
-0.7615254
-0.75712335
-0.7580739
-0.75846374
-0.7572098
-0.76398116
-0.7608351
-0.7618265
-0.762115
-0.7571905
-0.7604845
-0.75695175
-0.7550641
-0.759931
-0.75469005
-0.76491225
-0.75718266
-0.75732166
-0.7592425
-0.7612838
-0.7611502
-0.7624989
-0.76057434
-0.75672495
-0.76402
-0.765407
-0.762876
-0.762665
-0.76258856
-0.75754154
-0.76226455
-0.7641302
-0.7628156
-0.75934196
-0.7544956
-0.7625148
-0.75981283
-0.75256807
-0.74366915
-0.75053275
-0.75620157
-0.76200426
-0.75409025
-0.7586533
-0.7552788
-0.7486083
-0.75519407
-0.76170444
-0.75323147
-0.7515769
-0.7473607
-0.75333494
-0.7561897
-0.7526054
-0.7528032
-0.7579336
-0.7528949
-0.75102663
-0.75204223
-0.7524847
-0.7518748
-0.75370044
-0.75175613
-0.7528807
-0.7560033
-0.7526296
-0.7517952
-0.75511646
-0.75319153
-0.7597298
-0.7562165
-0.7564864
-0.75006133
-0.7598458
-0.76636094
-0.7667805
-0.76682764
-0.76377636
-0.76702845
-0.7606988
-0.7629506
-0.75798523
-0.76135886
-0.7657201
-0.76298845
-0.7641361
-0.7621443
-0.76354593
-0.7606486
-0.76037925
-0.76464343
-0.7614452
-0.75488997
-0.76220924
-0.7624955
-0.7612506
-0.7609487
-0.7687417
-0.75786805
-0.76828265
-0.7634007
-0.7648588
-0.7582454
-0.7654625
-0.7652977
-0.76301295
-0.76232785
-0.76023495
-0.76173824
-0.76292545
-0.76543015
-0.76122266
-0.761346
-0.76526403
-0.7669684
-0.7662003
-0.76119494
-0.76226187
-0.7604325
-0.7599879
-0.76290417
-0.7626694
-0.76050276
-0.75450253
-0.7608123
-0.759673
-0.7618261
-0.7582413
-0.76253605
-0.75460666
-0.76117325
-0.7575705
-0.7515285
-0.75672334
-0.7480769
-0.7436818
-0.75930387
-0.76404995
-0.7571672
-0.7493296
-0.76132876
-0.7582948
-0.75032073
-0.75689745
-0.7574989
-0.7550172
-0.75938547
-0.7561208
-0.7558095
-0.75834805
-0.7551583
-0.7419896
-0.75429547
-0.7442771
-0.7329634
-0.7300524
-0.7492651
-0.7507463
-0.7518951
-0.7343328
-0.7495348
-0.74047035
-0.7382549
-0.7302072
-0.73425674
-0.7358128
-0.7358808
-0.7482132
-0.7495827
-0.7512887
-0.75473434
-0.749771
-0.7579793
-0.7559583
-0.7645272
-0.7592661
-0.7577668
-0.75319797
-0.7585485
-0.7623804
-0.76649815
-0.75747603
-0.7588093
-0.7691285
-0.75849175
-0.76366705
-0.7612523
-0.76598006
-0.7638623
-0.76338655
-0.762148
-0.7646496
-0.7647626
-0.7613401
-0.7572477
-0.75867575
-0.76027393
-0.7617399
-0.7576899
-0.7608091
-0.7558254
-0.7601736
-0.7608315
-0.76229805
-0.7604514
-0.7653944
-0.7608779
-0.76395404
-0.7550624
-0.7600561
-0.7607398
-0.75674164
-0.75999707
-0.76448804
-0.7606233
-0.76463944
-0.7630929
-0.75948787
-0.7568027
-0.75154215
-0.760234
-0.758076
-0.7611376
-0.7636819
-0.7557843
-0.7541063
-0.75850946
-0.7569494
-0.76625776
-0.76317185
-0.76389605
-0.75947595
-0.76773727
-0.7594702
-0.7628927
-0.76203954
-0.7601804
-0.7622121
-0.76430315
-0.76029146
-0.76081926
-0.75638187
-0.7609575
-0.7625205
-0.7642556
-0.76212186
-0.7605962
-0.7650017
-0.75656086
-0.7567845
-0.7576405
-0.75963163
-0.76390034
-0.7692416
-0.7655267
-0.76461554
-0.76117206
-0.7652369
-0.76187915
-0.76600814
-0.7587696
-0.7609295
-0.7628587
-0.76220584
-0.7642971
-0.76343256
-0.76323456
-0.7653842
-0.7658636
-0.75889605
-0.7618207
-0.7646752
-0.7649632
-0.76292306
-0.76410604
-0.76704687
-0.7659217
-0.7684342
-0.76544726
-0.7611211
-0.7706596
-0.77302563
-0.7659715
-0.76713324
-0.7633609
-0.7650208
-0.759945
-0.75723296
-0.76039
-0.7651878
-0.77058804
-0.76829076
-0.7625965
-0.7613167
-0.7697552
-0.77046335
-0.76731974
-0.761126
-0.7631466
-0.7633975
-0.76917875
-0.7677047
-0.7681644
-0.7617145
-0.7656761
-0.763248
-0.7632092
-0.7629344
-0.7667882
-0.7650474
-0.76773685
-0.7691555
-0.76895094
-0.76382583
-0.7695747
-0.76232284
-0.7617282
-0.77444255
-0.77310365
-0.7675276
-0.7658504
-0.7656822
-0.7707547
-0.767265
-0.7684526
-0.76924646
-0.77228594
-0.7710357
-0.7693482
-0.76452976
-0.7682021
-0.7653785
-0.76821643
-0.7637826
-0.7655761
-0.77242166
-0.77098614
-0.76756144
-0.7686972
-0.77181125
-0.7680871
-0.766844
-0.7658207
-0.76586324
-0.769891
-0.7679834
-0.7687827
-0.7714614
-0.77037585
-0.7702072
-0.76745445
-0.76992714
-0.76114106
-0.7639508
-0.7656415
-0.77165365
-0.76966107
-0.76574486
-0.7662343
-0.7651871
-0.7662279
-0.76800334
-0.77179664
-0.76731354
-0.7653807
-0.76712984
-0.7661012
-0.76710486
-0.76345575
-0.7663205
-0.7657581
-0.76913565
-0.76149774
-0.7609636
-0.7653305
-0.76339877
-0.7649022
-0.7623106
-0.7638772
-0.76642406
-0.7649958
-0.7628789
-0.76185364
-0.7660663
-0.76300234
-0.7644657
-0.76964784
-0.76660466
-0.76440245
-0.76539624
-0.76525056
-0.76306117
-0.76469874
-0.7681307
-0.7666425
-0.7635907
-0.7617258
-0.76048386
-0.7653981
-0.76679605
-0.7715434
-0.7721915
-0.7673836
-0.7663003
-0.76738435
-0.76973534
-0.7650833
-0.7649495
-0.7699586
-0.76631516
-0.7660989
-0.7650117
-0.77036613
-0.76951945
-0.7635214
-0.76421064
-0.7650443
-0.76261497
-0.7664263
-0.7675589
-0.76079726
-0.75986624
-0.7628891
-0.7592982
-0.7627917
-0.75782585
-0.7566717
-0.76568866
-0.7623075
-0.75791657
-0.7576483
-0.76241016
-0.7617967
-0.764266
-0.76462317
-0.76446164
-0.7693265
-0.7710562
-0.7607612
-0.7656915
-0.7662892
-0.7663297
-0.7679554
-0.76643074
-0.76163584
-0.76292366
-0.76376325
-0.76398736
-0.76385754
-0.75945306
-0.76065826
-0.7643421
-0.76821834
-0.7636242
-0.76457137
-0.7656224
-0.76939666
-0.7677301
-0.76689416
-0.77417517
-0.7707243
-0.7677513
-0.76414967
-0.7687937
-0.77545553
-0.7627368
-0.76916194
-0.76891863
-0.764648
-0.7640813
-0.76714987
-0.760202
-0.7678057
-0.7668314
-0.764887
-0.76621985
-0.76882595
-0.7673377
-0.76399547
-0.7689325
-0.7628804
-0.7692548
-0.77044886
-0.76443994
-0.77272075
-0.76984495
-0.7723976
-0.7673294
-0.7694678
-0.7694743
-0.7597408
-0.76940167
-0.76554835
-0.76743
-0.7623433
-0.76412565
-0.7622306
-0.77163786
-0.7626209
-0.76464796
-0.77020603
-0.7620973
-0.762639
-0.7580359
-0.7631885
-0.76176864
-0.7613188
-0.75810933
-0.7575516
-0.7647802
-0.7574875
-0.7573686
-0.7598559
-0.7585546
-0.75572956
-0.7470628
-0.75956124
-0.7636157
-0.7643438
-0.75816035
-0.7614772
-0.7612293
-0.7623731
-0.7667539
-0.75914365
-0.7616245
-0.77003884
-0.7678564
-0.7609524
-0.7589468
-0.7624531
-0.7664003
-0.7626848
-0.76596695
-0.7628461
-0.7633814
-0.76686656
-0.7639976
-0.7634382
-0.76800275
-0.7599022
-0.7636944
-0.7670785
-0.76293904
-0.7637672
-0.7642641
-0.77053803
-0.7657151
-0.7719843
-0.7689957
-0.76646614
-0.7728806
-0.7640835
-0.770817
-0.7578791
-0.76130784
-0.77277046
-0.76520663
-0.76194453
-0.76391923
-0.76049364
-0.76012486
-0.76025015
-0.762548
-0.7605306
-0.7658244
-0.76549935
-0.76962686
-0.76255864
-0.7609195
-0.7642264
-0.7690641
-0.7621319
-0.7673648
-0.76463217
-0.76460695
-0.7638577
-0.76448244
-0.76936996
-0.7685185
-0.7666458
-0.77376
-0.76905036
-0.76452506
-0.76568484
-0.7685448
-0.76300466
-0.7686823
-0.76626176
-0.76938766
-0.7671551
-0.76893973
-0.7681463
-0.768179
-0.7645733
-0.7658644
-0.7663614
-0.77089787
-0.77010304
-0.7685092
-0.7625948
-0.7628456
-0.7629501
-0.7649416
-0.76526946
-0.76476574
-0.7670672
-0.7692326
-0.7708371
-0.76090884
-0.76630425
-0.76695275
-0.7688048
-0.7668202
-0.76902556
-0.7723492
-0.7684424
-0.7661408
-0.7694266
-0.7678062
-0.7693914
-0.7677904
-0.7660515
-0.7652993
-0.76613617
-0.7621988
-0.7651719
-0.75901306
-0.7632671
-0.76944005
-0.7588676
-0.7651197
-0.76430583
-0.76236063
-0.76053894
-0.76398075
-0.764819
-0.7660091
-0.7671752
-0.7628101
-0.7574589
-0.76636773
-0.76816833
-0.7659386
-0.76288
-0.76388615
-0.76491123
-0.76691014
-0.7697585
-0.764215
-0.7641477
-0.7685029
-0.7708396
-0.7679494
-0.76804316
-0.76638776
-0.7676845
-0.7704825
-0.76855975
-0.7704041
-0.76693714
-0.76556534
-0.7728619
-0.7708747
-0.76831543
-0.7709638
-0.76720226
-0.7669181
-0.7675488
-0.765475
-0.7679232
-0.76286656
-0.7696735
-0.76659995
-0.7676163
-0.76755124
-0.7677216
-0.7651984
-0.76632583
-0.7671877
-0.7676284
-0.77419305
-0.7697323
-0.7681045
-0.7706842
-0.7669008
-0.7704009
-0.7738523
-0.77198964
-0.76644266
-0.76878846
-0.76901275
-0.76689965
-0.7585178
-0.7678199
-0.7640833
-0.76842016
-0.76214695
-0.7649009
-0.7605089
-0.7657437
-0.7690523
-0.7662826
-0.7630899
-0.76795924
-0.7663031
-0.76271814
-0.7634766
-0.77049935
-0.7650816
-0.76655436
-0.7707832
-0.76829946
-0.7652988
-0.76415443
-0.7699725
-0.7603501
-0.7591765
-0.76127326
-0.75966465
-0.75598776
-0.7601032
-0.7571047
-0.7583257
-0.76116276
-0.758916
-0.7559351
-0.7530174
-0.7581471
-0.76480895
-0.7608656
-0.7548779
-0.75945324
-0.7607155
-0.77003956
-0.76763535
-0.7691369
-0.7704927
-0.7680711
-0.76452315
-0.77183574
-0.7692525
-0.76774645
-0.768273
-0.7660733
-0.77053905
-0.7675775
-0.7668417
-0.7687229
-0.7701044
-0.76613325
-0.76403844
-0.76321
-0.76619214
-0.76693505
-0.77171195
-0.7696393
-0.76767087
-0.75968426
-0.7709295
-0.7697125
-0.75986266
-0.766163
-0.7589087
-0.76504207
-0.7620597
-0.76427096
-0.75758976
-0.75795144
-0.76685375
-0.76884454
-0.7590682
-0.7614834
-0.75898516
-0.7634129
-0.750528
-0.75023675
-0.75716263
-0.75857395
-0.7647565
-0.7539469
-0.76256645
-0.7334383
-0.7352132
-0.7288587
-0.7374118
-0.7485384
-0.750078
-0.7509072
-0.7609302
-0.7571081
-0.7599251
-0.75518554
-0.76077455
-0.76339906
-0.75958097
-0.76627976
-0.7604328
-0.7693683
-0.7648456
-0.7629194
-0.756078
-0.76340336
-0.76323926
-0.7678421
-0.7646763
-0.7642982
-0.7622218
-0.76754516
-0.76303005
-0.76425487
-0.7663111
-0.7686504
-0.7681567
-0.76792854
-0.77042365
-0.76724637
-0.7644416
-0.7650451
-0.76935655
-0.76738065
-0.766113
-0.76095
-0.764909
-0.76690936
-0.7664868
-0.77523375
-0.773014
-0.775183
-0.77193725
-0.7680936
-0.770724
-0.7716084
-0.77063733
-0.76548564
-0.76495236
-0.76779586
-0.7630416
-0.7683975
-0.7617203
-0.775649
-0.7667969
-0.77314144
-0.7678355
-0.76962113
-0.7722198
-0.7729171
-0.764727
-0.7590119
-0.7590249
-0.7591889
-0.7607471
-0.7634325
-0.7625474
-0.7627485
-0.77007884
-0.7674446
-0.76865464
-0.7647054
-0.76787853
-0.77056336
-0.76441294
-0.76610917
-0.76346034
-0.77179843
-0.767857
-0.764532
-0.7718621
-0.76499224
-0.76318794
-0.7664616
-0.7618913
-0.76455337
-0.7624804
-0.7667201
-0.7652565
-0.7721678
-0.7726603
-0.7672376
-0.7710386
-0.7713976
-0.7682346
-0.76723295
-0.77378464
-0.7716663
-0.76901555
-0.7753273
-0.7710975
-0.7725879
-0.7695174
-0.76524055
-0.77085906
-0.7717957
-0.77417016
-0.77525884
-0.7725312
-0.7699508
-0.76649123
-0.76869786
-0.76610744
-0.76879364
-0.7636122
-0.7698447
-0.76474166
-0.76586396
-0.76847416
-0.7650347
-0.7698024
-0.7682358
-0.770939
-0.76295185
-0.76242167
-0.7690246
-0.7638708
-0.77047104
-0.7682166
-0.7612069
-0.7615352
-0.76610833
-0.76019216
-0.75578135
-0.76548785
-0.76345
-0.7579101
-0.7554449
-0.7550404
-0.7617844
-0.76242405
-0.7606871
-0.76379466
-0.76213765
-0.7639235
-0.7651564
-0.7741132
-0.76917136
-0.7698756
-0.7625332
-0.76919717
-0.76049685
-0.76763695
-0.76862526
-0.76753354
-0.766213
-0.76921576
-0.76625896
-0.76908547
-0.7660435
-0.76775175
-0.7624064
-0.766036
-0.7629279
-0.76323897
-0.76876587
-0.76377505
-0.7664434
-0.76678634
-0.7706073
-0.76848674
-0.7680262
-0.77099633
-0.770782
-0.7723858
-0.76865774
-0.7670691
-0.7724131
-0.7674745
-0.771672
-0.7720639
-0.76836234
-0.77425337
-0.7711222
-0.76955193
-0.7718875
-0.77605957
-0.7750401
-0.7732719
-0.7722906
-0.76757383
-0.766546
-0.77085346
-0.7720042
-0.7726744
-0.77403104
-0.7669037
-0.7710587
-0.771193
-0.7648954
-0.7715316
-0.76820546
-0.76646245
-0.7699503
-0.76934636
-0.76639754
-0.7748574
-0.7713567
-0.7611015
-0.7620598
-0.763989
-0.7719042
-0.76759213
-0.76808995
-0.7696494
-0.7688839
-0.77124035
-0.77072537
-0.76142013
-0.7705906
-0.7612021
-0.76989913
-0.76739484
-0.76657593
-0.765955
-0.7692391
-0.76641315
-0.7686841
-0.7680125
-0.7678688
-0.7771865
-0.77151835
-0.7656488
-0.7632741
-0.76400924
-0.7678868
-0.7670998
-0.76988333
-0.769296
-0.7661502
-0.7627554
-0.7687976
-0.7704623
-0.7683304
-0.77247053
-0.7695338
-0.77330494
-0.7735016
-0.7654832
-0.7744182
-0.7679791
-0.77134126
-0.767943
-0.77254176
-0.7693388
-0.77082056
-0.77206695
-0.7689626
-0.7692767
-0.766178
-0.76900756
-0.7711601
-0.77155596
-0.773443
-0.77423096
-0.7704646
-0.76636094
-0.76771337
-0.76991355
-0.7673601
-0.7678635
-0.76932776
-0.7670607
-0.7670297
-0.7649551
-0.75621593
-0.76619256
-0.7637804
-0.7631042
-0.75920844
-0.7660021
-0.76491076
-0.7667562
-0.76884943
-0.75743335
-0.7634729
-0.7613644
-0.7620534
-0.76061195
-0.7644512
-0.7530727
-0.754517
-0.7632705
-0.7661937
-0.76417017
-0.75391895
-0.7634896
-0.7646941
-0.7561297
-0.75661975
-0.76214784
-0.7544902
-0.76021576
-0.7732253
-0.76362514
-0.7612824
-0.7688782
-0.7654089
-0.7669156
-0.7677267
-0.7730455
-0.7643684
-0.76453847
-0.7678532
-0.7674302
-0.7679089
-0.7655107
-0.7649891
-0.76992154
-0.77132875
-0.7639998
-0.7634335
-0.77144974
-0.77459025
-0.7705961
-0.7681985
-0.77275383
-0.76594794
-0.7694667
-0.7699934
-0.7708202
-0.77072465
-0.76606727
-0.76697206
-0.7684517
-0.7749332
-0.7671776
-0.7723901
-0.7630412
-0.7666427
-0.77173865
-0.76727057
-0.768619
-0.7626724
-0.76680875
-0.76687413
-0.7685169
-0.7714411
-0.7686438
-0.76915264
-0.76252747
-0.76835877
-0.76472634
-0.7611868
-0.7688792
-0.7682625
-0.76492125
-0.76794845
-0.7700527
-0.77194864
-0.7671873
-0.76952964
-0.76948375
-0.7717772
-0.77444166
-0.77031165
-0.7694119
-0.76968217
-0.7630725
-0.7713505
-0.76865757
-0.7754717
-0.769141
-0.7664677
-0.7713277
-0.7743122
-0.7678812
-0.7713002
-0.76744634
-0.7729732
-0.77349615
-0.77088636
-0.7712616
-0.76952285
-0.7692858
-0.77323633
-0.7711491
-0.77692306
-0.7706722
-0.76806986
-0.7684364
-0.7713907
-0.7639744
-0.77591795
-0.76245314
-0.7694718
-0.77023226
-0.76786375
-0.76828563
-0.7699928
-0.7735011
-0.7671662
-0.76783526
-0.76796746
-0.76995885
-0.7713069
-0.76565033
-0.766385
-0.7701609
-0.75997436
-0.7644294
-0.7678977
-0.7738557
-0.77738607
-0.77315474
-0.76520544
-0.7706938
-0.7715344
-0.7664014
-0.7695101
-0.75954163
-0.7653821
-0.770966
-0.7689157
-0.7671337
-0.76559716
-0.76633865
-0.7667455
-0.7703958
-0.7684486
-0.7657065
-0.7711017
-0.7639636
-0.7656027
-0.7682873
-0.7705639
-0.7685852
-0.76285505
-0.7649835
-0.767475
-0.76120913
-0.7641355
-0.764998
-0.7704642
-0.76536
-0.77221364
-0.77233607
-0.7687465
-0.769298
-0.7664632
-0.7696099
-0.7731231
-0.7688224
-0.7672623
-0.76843464
-0.7693953
-0.76514983
-0.7709502
-0.7668969
-0.77252436
-0.77298915
-0.7736736
-0.7720431
-0.7711109
-0.7708216
-0.7743246
-0.77359426
-0.7730887
-0.76998824
-0.76726335
-0.77012926
-0.76953274
-0.7688921
-0.7733617
-0.7666708
-0.7719068
-0.77577925
-0.77190906
-0.77696043
-0.7688211
-0.7660644
-0.77167916
-0.766968
-0.76030356
-0.7642368
-0.7714451
-0.76381826
-0.7620182
-0.7666764
-0.7633638
-0.7640247
-0.76519597
-0.7684283
-0.769732
-0.7709184
-0.7636554
-0.7699914
-0.77417827
-0.76820683
-0.77427953
-0.7675519
-0.77378887
-0.7705066
-0.77254593
-0.77399737
-0.7724981
-0.7697603
-0.7691833
-0.77801824
-0.7709251
-0.7696902
-0.76981914
-0.7689675
-0.77551293
-0.77401143
-0.7719036
-0.7737179
-0.7671521
-0.7716889
-0.76637554
-0.7699503
-0.76969546
-0.77056277
-0.76774603
-0.7735636
-0.7659137
-0.7699844
-0.76937175
-0.7682059
-0.77718467
-0.77606326
-0.76738024
-0.77587444
-0.7683661
-0.7740595
-0.76802844
-0.7729279
-0.7749443
-0.7723149
-0.77171075
-0.7774105
-0.77021474
-0.7675294
-0.77336663
-0.77300847
-0.771371
-0.7639519
-0.76980084
-0.77398944
-0.7718946
-0.7679112
-0.7715862
-0.7701716
-0.7735829
-0.76488537
-0.7721711
-0.76721317
-0.7700346
-0.76904756
-0.7669823
-0.7703645
-0.7673885
-0.76729286
-0.7705964
-0.7657657
-0.7723937
-0.772926
-0.77393454
-0.76823884
-0.7659539
-0.7688494
-0.76658404
-0.75755084
-0.76157206
-0.76332206
-0.76137763
-0.76847863
-0.76456344
-0.76638347
-0.7705623
-0.76561624
-0.7616955
-0.7652154
-0.7705019
-0.76625913
-0.76496387
-0.77276963
-0.7679185
-0.77110404
-0.77581465
-0.7673821
-0.77320904
-0.7703024
-0.7716259
-0.77572733
-0.7660081
-0.7720261
-0.77358246
-0.7685007
-0.767002
-0.76798284
-0.77070063
-0.7723441
-0.77485895
-0.7673863
-0.7706852
-0.76813024
-0.7655108
-0.7683929
-0.77388895
-0.7691768
-0.7646138
-0.7714861
-0.77427465
-0.7650107
-0.76995856
-0.7701723
-0.7705988
-0.7731235
-0.76882005
-0.76732934
-0.7687049
-0.76788735
-0.76853997
-0.77425265
-0.769536
-0.7758633
-0.7730017
-0.7713146
-0.7717362
-0.77702844
-0.77035373
-0.7674262
-0.7735603
-0.77422994
-0.77076155
-0.7663699
-0.7676423
-0.7747504
-0.7714109
-0.7702175
-0.76989716
-0.7730943
-0.76993895
-0.77427214
-0.77270603
-0.77378184
-0.77356803
-0.76869977
-0.76999116
-0.7706094
-0.7708814
-0.77176225
-0.77058524
-0.77332485
-0.7679041
-0.77145535
-0.77015805
-0.77092224
-0.7712287
-0.77507454
-0.7686462
-0.7683122
-0.77062875
-0.7782714
-0.7757017
-0.77282876
-0.77126443
-0.7724649
-0.769319
-0.77573216
-0.7721612
-0.777828
-0.77320886
-0.76921695
-0.77141285
-0.7752207
-0.774114
-0.771977
-0.77389705
-0.7788147
-0.7719846
-0.77826625
-0.76759374
-0.7711884
-0.7751463
-0.77329224
-0.7695619
-0.7657614
-0.7694992
-0.77630377
-0.77104527
-0.7689827
-0.76844585
-0.76985663
-0.7721199
-0.7731784
-0.76665777
-0.7719479
-0.7715861
-0.778091
-0.7680343
-0.77410704
-0.7732008
-0.7710924
-0.7731781
-0.7669782
-0.77431244
-0.7737559
-0.7752808
-0.7685591
-0.7714671
-0.7668125
-0.7745194
-0.7707938
-0.774188
-0.7766571
-0.77288765
-0.76718044
-0.7693302
-0.7718685
-0.77153957
-0.77152133
-0.7713595
-0.7703671
-0.7731747
-0.77008647
-0.76751673
-0.77573955
-0.77424765
-0.7794982
-0.7726477
-0.7670773
-0.7701496
-0.7742512
-0.77375746
-0.7766483
-0.7743762
-0.7656157
-0.7723805
-0.7730575
-0.76647055
-0.77229595
-0.76734364
-0.7667704
-0.76896846
-0.76472783
-0.76941687
-0.7699143
-0.76603794
-0.7706644
-0.77164537
-0.7704733
-0.7665242
-0.76639295
-0.771172
-0.7716937
-0.7654831
-0.7702688
-0.7705048
-0.7727751
-0.76795834
-0.76859003
-0.7766628
-0.7725732
-0.7714194
-0.770602
-0.7712576
-0.7701523
-0.77311414
-0.7748477
-0.77019435
-0.77559996
-0.7718853
-0.7655153
-0.77114195
-0.76735127
-0.77816814
-0.77606386
-0.7756431
-0.7752646
-0.769207
-0.77111506
-0.76976836
-0.7766931
-0.7734731
-0.7704169
-0.7716776
-0.7736012
-0.77498996
-0.7765382
-0.77453226
-0.77912945
-0.7774655
-0.77342504
-0.773438
-0.77703965
-0.7748149
-0.7737416
-0.7748941
-0.7731239
-0.77250105
-0.7669614
-0.77191263
-0.7725095
-0.7752367
-0.7732668
-0.7717025
-0.77770776
-0.769516
-0.77404153
-0.77245456
-0.77566075
-0.77747333
-0.7769333
-0.77336264
-0.77426493
-0.7768511
-0.7736166
-0.77331173
-0.77921635
-0.7715197
-0.7701013
-0.7734845
-0.76941395
-0.7786899
-0.7706432
-0.77649623
-0.7732386
-0.7780558
-0.77914333
-0.77516025
-0.7771358
-0.77039397
-0.771199
-0.7745037
-0.7748821
-0.7718235
-0.7722128
-0.77446973
-0.77217895
-0.77025855
-0.77075374
-0.7755507
-0.7722223
-0.77422696
-0.7726609
-0.770636
-0.7744017
-0.77526855
-0.7754866
-0.77151465
-0.77494836
-0.77388346
-0.77715045
-0.7755765
-0.76872796
-0.77035314
-0.77733046
-0.76977605
-0.7684689
-0.7741105
-0.77394336
-0.7732871
-0.7731382
-0.7758976
-0.7736052
-0.7766587
-0.77421814
-0.7766333
-0.76873267
-0.7755264
-0.77538747
-0.77449137
-0.77493775
-0.7718899
-0.77327067
-0.7753615
-0.7774402
-0.7691805
-0.77710354
-0.7757206
-0.77222615
-0.7732455
-0.76869327
-0.7707847
-0.76630366
-0.77156425
-0.77450067
-0.76765066
-0.7715416
-0.7729641
-0.7723033
-0.7706663
-0.76470166
-0.76962227
-0.76504564
-0.77457535
-0.769484
-0.77548677
-0.7735351
-0.77508974
-0.77255285
-0.7740781
-0.7720009
-0.7754015
-0.7735293
-0.77140224
-0.7736504
-0.7721678
-0.77196985
-0.77745986
-0.77502435
-0.7798524
-0.7756951
-0.76994026
-0.76944673
-0.7688745
-0.77786326
-0.77107686
-0.7707902
-0.77635795
-0.76814115
-0.75757635
-0.77223986
-0.7727503
-0.7737084
-0.7755147
-0.76965135
-0.7717257
-0.77704513
-0.7735015
-0.7688542
-0.7732775
-0.7655505
-0.7725303
-0.7675408
-0.7641642
-0.76441073
-0.7597877
-0.75396055
-0.76036066
-0.76071256
-0.7594837
-0.7653975
-0.7669853
-0.7669691
-0.767109
-0.7643466
-0.7605211
-0.763101
-0.76387906
-0.7701104
-0.76852334
-0.7668501
-0.7707042
-0.77081823
-0.7720449
-0.77122235
-0.7762556
-0.7736909
-0.77360123
-0.77056915
-0.77096784
-0.774756
-0.7721883
-0.77391165
-0.77876717
-0.7746597
-0.77680165
-0.77836347
-0.77046293
-0.77247334
-0.7693948
-0.76608706
-0.76615316
-0.7720264
-0.77289313
-0.7719414
-0.76892537
-0.77080995
-0.76977503
-0.7719652
-0.7767773
-0.77058464
-0.76853323
-0.7701732
-0.7695765
-0.7744847
-0.7760734
-0.7728362
-0.77085
-0.77387154
-0.7668712
-0.77737325
-0.7766062
-0.776341
-0.77462953
-0.77135795
-0.7721831
-0.77241015
-0.77261114
-0.7704882
-0.7740773
-0.7706335
-0.7734552
-0.76748973
-0.77063996
-0.77453876
-0.77109873
-0.7751096
-0.77036905
-0.7696579
-0.78046197
-0.7715651
-0.76953375
-0.77391285
-0.76724267
-0.7688106
-0.76770616
-0.7778528
-0.7710331
-0.77386796
-0.77306664
-0.7778801
-0.7746784
-0.774788
-0.77781844
-0.7707654
-0.77581
-0.77176267
-0.774348
-0.77297854
-0.77365065
-0.77424544
-0.77759016
-0.76902187
-0.7731935
-0.7685916
-0.7724071
-0.7740656
-0.7674802
-0.76701945
-0.77178544
-0.7730695
-0.7734179
-0.7736761
-0.7768181
-0.7710495
-0.77771825
-0.7726517
-0.7713226
-0.76918614
-0.7729345
-0.7696436
-0.77614397
-0.7754781
-0.7714469
-0.7674837
-0.7687645
-0.7758995
-0.77135986
-0.77309966
-0.7674757
-0.7731286
-0.77365506
-0.775022
-0.7707029
-0.774694
-0.77137095
-0.7684023
-0.7667786
-0.7693781
-0.77689314
-0.7717767
-0.76828223
-0.7637965
-0.7627392
-0.7675424
-0.7618438
-0.7538406
-0.7513909
-0.7634305
-0.76296526
-0.7614416
-0.75333726
-0.75494015
-0.7633382
-0.7676759
-0.76299965
-0.7619737
-0.7619284
-0.76417655
-0.7682335
-0.76474565
-0.7613241
-0.7709435
-0.77068526
-0.76911473
-0.7683866
-0.7665995
-0.7692817
-0.7755089
-0.76855725
-0.7671808
-0.77124375
-0.7732338
-0.77767783
-0.773162
-0.7759937
-0.7758703
-0.7752488
-0.78063285
-0.7716834
-0.77791744
-0.7703641
-0.7740705
-0.7687228
-0.7708182
-0.7741912
-0.7711841
-0.77230203
-0.77455527
-0.77387583
-0.7764423
-0.7748716
-0.7713276
-0.7773174
-0.770371
-0.7728975
-0.7711279
-0.76959693
-0.7757571
-0.776175
-0.7718546
-0.7813811
-0.77965546
-0.7754783
-0.7749249
-0.77269566
-0.77382684
-0.776303
-0.77492464
-0.77802664
-0.77683496
-0.7724302
-0.77647847
-0.7761604
-0.77400386
-0.77385473
-0.7728609
-0.7758585
-0.77003694
-0.77115345
-0.7713504
-0.7757773
-0.77548385
-0.7760413
-0.78405577
-0.7723425
-0.7776967
-0.7706639
-0.77436477
-0.76928353
-0.77009356
-0.7699301
-0.7731134
-0.77205026
-0.7727448
-0.77590054
-0.7754359
-0.7744813
-0.7774395
-0.7704376
-0.7748534
-0.77795184
-0.7667823
-0.77893645
-0.77232414
-0.7752874
-0.77459395
-0.77357066
-0.77494437
-0.77741766
-0.77384406
-0.7756145
-0.77398115
-0.7734125
-0.77281135
-0.77453965
-0.7769501
-0.7790359
-0.77586
-0.7768577
-0.77488655
-0.77244043
-0.77266985
-0.7769303
-0.77852464
-0.77428603
-0.77380335
-0.7731224
-0.7755405
-0.7693004
-0.7763225
-0.7730743
-0.7682867
-0.7692528
-0.7756392
-0.7714789
-0.77248985
-0.76909786
-0.7759742
-0.77435946
-0.772631
-0.7783831
-0.77853113
-0.77503574
-0.7776206
-0.77564174
-0.773065
-0.7733542
-0.7781133
-0.7689583
-0.7727756
-0.7726216
-0.776602
-0.77727896
-0.770435
-0.77480924
-0.7751635
-0.7709268
-0.77547383
-0.77454793
-0.77823395
-0.77572453
-0.77641064
-0.7712109
-0.7809788
-0.7741662
-0.7769238
-0.7746469
-0.780164
-0.774471
-0.77091604
-0.7718071
-0.77214324
-0.77464646
-0.7774157
-0.7769934
-0.7692039
-0.7805531
-0.77094287
-0.77397275
-0.7762009
-0.77291
-0.7786243
-0.7794796
-0.77590114
-0.7728313
-0.76932263
-0.7758423
-0.77555686
-0.78168124
-0.7770038
-0.7748337
-0.7757912
-0.7726717
-0.77654886
-0.7804078
-0.7857156
-0.7758689
-0.77101135
-0.7733749
-0.7755884
-0.7728317
-0.77295125
-0.7698106
-0.77205884
-0.7729252
-0.7774266
-0.7811986
-0.7705655
-0.7745802
-0.774215
-0.7732344
-0.77744764
-0.77612
-0.7765222
-0.77730423
-0.7772184
-0.7744946
-0.7734966
-0.77386004
-0.7751104
-0.7712743
-0.77949685
-0.76625425
-0.77123326
-0.77378166
-0.7667794
-0.7711399
-0.7688116
-0.76077276
-0.7752597
-0.7735042
-0.76803476
-0.77238244
-0.76695824
-0.76681423
-0.7676153
-0.7684917
-0.7691008
-0.76882887
-0.77343965
-0.7728385
-0.7713625
-0.7789393
-0.77470434
-0.769585
-0.77017486
-0.77444184
-0.77144897
-0.7658103
-0.7692912
-0.7694295
-0.77071756
-0.7738594
-0.7724125
-0.7780857
-0.77376
-0.77494305
-0.7722523
-0.77548933
-0.77949286
-0.77016693
-0.7748222
-0.7748703
-0.7753922
-0.77697676
-0.7746381
-0.7752356
-0.77874434
-0.77493405
-0.7718557
-0.7734142
-0.77425677
-0.77228373
-0.7736436
-0.77157664
-0.7739485
-0.77279323
-0.7724659
-0.77492523
-0.7756792
-0.7749826
-0.7759238
-0.7727491
-0.7687298
-0.7698644
-0.7763745
-0.7785933
-0.77628213
-0.773776
-0.7728138
-0.7778989
-0.7740889
-0.7713513
-0.7778739
-0.7731419
-0.7794681
-0.7760899
-0.7705917
-0.76825994
-0.77372485
-0.7753718
-0.77856004
-0.78188926
-0.7715003
-0.78079635
-0.7750281
-0.77386475
-0.77638775
-0.77622914
-0.7769103
-0.7765612
-0.77550894
-0.77763116
-0.7755932
-0.7733851
-0.77847683
-0.776371
-0.7782076
-0.7749228
-0.78118277
-0.77465194
-0.7781503
-0.77898866
-0.7761465
-0.7740724
-0.7752381
-0.777547
-0.77431315
-0.77430993
-0.77739036
-0.7737815
-0.77256685
-0.7721582
-0.78068244
-0.7748526
-0.77116233
-0.77620685
-0.7765774
-0.7697734
-0.77388084
-0.778783
-0.77751374
-0.7785153
-0.77469224
-0.775387
-0.7746657
-0.7721144
-0.7777271
-0.77403075
-0.7747688
-0.7759909
-0.7761698
-0.7694823
-0.7835862
-0.7774239
-0.7762755
-0.7772988
-0.7729947
-0.77633333
-0.77705294
-0.77945596
-0.7708882
-0.77444214
-0.77671444
-0.776054
-0.7778894
-0.7768341
-0.77905285
-0.7813227
-0.7710526
-0.773895
-0.77717507
-0.7719906
-0.77079666
-0.77488375
-0.77773577
-0.7753883
-0.77610385
-0.7756661
-0.7764509
-0.77753633
-0.77465147
-0.77721715
-0.7728946
-0.774042
-0.77220947
-0.779834
-0.7763485
-0.7765961
-0.777553
-0.7759631
-0.779809
-0.7716382
-0.7766769
-0.7747265
-0.7752994
-0.77705497
-0.7730586
-0.77474874
-0.7734946
-0.77623785
-0.7754633
-0.77587193
-0.7743527
-0.7721903
-0.7770702
-0.7751867
-0.776692
-0.7812112
-0.7798516
-0.7782337
-0.773934
-0.7781987
-0.77912235
-0.77908826
-0.771887
-0.76839817
-0.7800712
-0.77608067
-0.77621233
-0.7740968
-0.77447695
-0.7766144
-0.775455
-0.7801011
-0.7786348
-0.77527344
-0.7756342
-0.7698192
-0.77426094
-0.7770552
-0.77106553
-0.7757777
-0.7768311
-0.7746517
-0.77384305
-0.77146107
-0.778218
-0.7730779
-0.7748926
-0.77305484
-0.77451366
-0.77317727
-0.7784858
-0.779673
-0.7746182
-0.7743881
-0.77538043
-0.7811371
-0.77740836
-0.776171
-0.77572757
-0.7748609
-0.7739765
-0.7817546
-0.7790384
-0.7779086
-0.77461725
-0.7739438
-0.7782078
-0.7818989
-0.775672
-0.7790959
-0.7725433
-0.7764736
-0.7758886
-0.7782116
-0.77910805
-0.7765526
-0.7765452
-0.7736382
-0.7740647
-0.776797
-0.7759514
-0.7787777
-0.7765651
-0.77396995
-0.7731092
-0.7743261
-0.77990764
-0.77868104
-0.776192
-0.7772344
-0.7787592
-0.7731101
-0.775937
-0.7744092
-0.7740157
-0.77686524
-0.769529
-0.77850425
-0.7750572
-0.7752853
-0.77475476
-0.7771053
-0.77418965
-0.77534705
-0.7784889
-0.7806505
-0.77655953
-0.7787773
-0.77588475
-0.7716527
-0.7648985
-0.7720323
-0.7721604
-0.7812203
-0.773148
-0.7682197
-0.7631016
-0.77318245
-0.7776254
-0.77175343
-0.7785797
-0.77309036
-0.7694469
-0.77409905
-0.7787846
-0.7719289
-0.7728766
-0.77670795
-0.77484506
-0.77480924
-0.7733111
-0.7738329
-0.7709485
-0.76905775
-0.77775496
-0.7751439
-0.7709429
-0.7729691
-0.77977777
-0.7716083
-0.7713363
-0.77142787
-0.7698792
-0.7666964
-0.7715756
-0.7780852
-0.77718323
-0.76725566
-0.76666206
-0.7731562
-0.7724024
-0.7770985
-0.77241236
-0.77076066
-0.7757956
-0.770287
-0.77727777
-0.7807248
-0.77103186
-0.7751869
-0.76472116
-0.77387255
-0.7678076
-0.77016175
-0.77494186
-0.76770824
-0.7674246
-0.7737174
-0.7708033
-0.77457166
-0.7718805
-0.7697624
-0.77580744
-0.772053
-0.7780556
-0.7772555
-0.7759557
-0.77589715
-0.7823582
-0.77600396
-0.7763666
-0.77454853
-0.77301705
-0.7747028
-0.77479506
-0.7786345
-0.7732453
-0.7741943
-0.7769836
-0.7791697
-0.77970976
-0.7720065
-0.7747521
-0.7775245
-0.77190435
-0.7704147
-0.77451444
-0.77611
-0.7748096
-0.77842635
-0.77631634
-0.7774066
-0.7785133
-0.7752348
-0.7699223
-0.7762911
-0.7736414
-0.777075
-0.7772082
-0.77600783
-0.77240527
-0.76955575
-0.7716783
-0.7804011
-0.77578604
-0.7786762
-0.77547634
-0.7756643
-0.77652663
-0.77723575
-0.77661866
-0.7748051
-0.776247
-0.77925146
-0.7718465
-0.77600676
-0.77383715
-0.7779974
-0.7769981
-0.77067256
-0.78154653
-0.7775736
-0.77828735
-0.77819484
-0.77616984
-0.7760721
-0.77293754
-0.77127093
-0.77531254
-0.77810097
-0.7793496
-0.7757899
-0.7740075
-0.7776566
-0.77513474
-0.77409935
-0.77294904
-0.77509326
-0.76966345
-0.7734024
-0.77698207
-0.77367747
-0.7738127
-0.7821026
-0.7770524
-0.7759553
-0.7789108
-0.7797123
-0.779083
-0.77702606
-0.7785962
