-0.19642136
-0.16761933
-0.20261687
-0.19079448
-0.20726201
-0.19533896
-0.19563352
-0.22309622
-0.20750256
-0.23046818
-0.22454233
-0.21491735
-0.20968364
-0.22006343
-0.23210481
-0.24580184
-0.23658411
-0.23015736
-0.2315333
-0.24214455
-0.23414735
-0.2406956
-0.23937587
-0.24421957
-0.24807024
-0.2602859
-0.25283194
-0.2525306
-0.24582449
-0.25005028
-0.2504217
-0.2688032
-0.2840425
-0.25308043
-0.26342684
-0.2684881
-0.27789068
-0.27337432
-0.27072254
-0.27157968
-0.28235576
-0.28947166
-0.29516822
-0.2861333
-0.28279132
-0.2583885
-0.30217138
-0.27518022
-0.27344444
-0.28392914
-0.29159334
-0.28948528
-0.2887872
-0.30079138
-0.2884565
-0.32090247
-0.3075095
-0.30829844
-0.3058599
-0.30218452
-0.30657515
-0.29059494
-0.30236185
-0.31739786
-0.30663714
-0.31012565
-0.2986149
-0.32005495
-0.32286504
-0.30731735
-0.30938146
-0.30778354
-0.33313707
-0.3414986
-0.30657262
-0.30933446
-0.3290429
-0.32674783
-0.319367
-0.3395231
-0.33355626
-0.3374821
-0.33672568
-0.34153312
-0.33202332
-0.32522562
-0.34953934
-0.3500898
-0.3420065
-0.3273526
-0.32832572
-0.33829138
-0.33273283
-0.3276314
-0.33424684
-0.34158573
-0.33028606
-0.33733585
-0.34413418
-0.3528726
-0.342139
-0.34412855
-0.33341318
-0.3335118
-0.34072873
-0.3359687
-0.34554324
-0.3510226
-0.34633344
-0.34512702
-0.3420159
-0.33913642
-0.3344659
-0.35338438
-0.33458802
-0.33098602
-0.34189743
-0.34621352
-0.33825323
-0.3415073
-0.3452101
-0.34396842
-0.34056714
-0.3483093
-0.34682208
-0.33987963
-0.3339781
-0.34463897
-0.34261754
-0.33348307
-0.3336026
-0.3443781
-0.34681502
-0.3316305
-0.356169
-0.32977682
-0.3563695
-0.34909743
-0.3454685
-0.35268426
-0.35663348
-0.33459198
-0.3360546
-0.333204
-0.34419286
-0.34420556
-0.3434804
-0.3524698
-0.33355433
-0.34474036
-0.3516557
-0.33327585
-0.3554944
-0.33617342
-0.34271863
-0.34320366
-0.34791383
-0.34816957
-0.33643726
-0.34920862
-0.34477428
-0.35426518
-0.35806823
-0.34227875
-0.3399798
-0.35663477
-0.35867965
-0.3454137
-0.33772576
-0.34389788
-0.34144372
-0.33858547
-0.35299408
-0.3508171
-0.34567007
-0.35945284
-0.3565041
-0.36295438
-0.36084375
-0.3609481
-0.35434046
-0.3571129
-0.35906032
-0.36418873
-0.36527374
-0.34898257
-0.3581059
-0.35276824
-0.3500345
-0.3606177
-0.35912699
-0.3631176
-0.3732912
-0.36627188
-0.355321
-0.36950883
-0.35955217
-0.36540812
-0.36722112
-0.38126326
-0.3677896
-0.3758106
-0.37121484
-0.36709785
-0.36121514
-0.36346263
-0.353624
-0.36184847
-0.36597008
-0.37386844
-0.3615668
-0.36066556
-0.37868163
-0.36978406
-0.36302346
-0.35477874
-0.36677933
-0.36867428
-0.36505282
-0.3719533
-0.36859703
-0.37546802
-0.37161
-0.36600512
-0.36576805
-0.37301385
-0.36553365
-0.37313262
-0.37121332
-0.3548523
-0.38097933
-0.3851148
-0.36625448
-0.37147394
-0.380217
-0.3784909
-0.36676514
-0.37364447
-0.37516212
-0.38357887
-0.38354853
-0.3713689
-0.37199497
-0.37864226
-0.38114145
-0.38299528
-0.3796759
-0.37992197
-0.39084694
-0.38262826
-0.38370293
-0.38771993
-0.38498878
-0.38211846
-0.4014142
-0.3839105
-0.38869417
-0.39125213
-0.37566298
-0.38970187
-0.3855449
-0.395356
-0.3846732
-0.3950621
-0.39908943
-0.3974312
-0.3946592
-0.39262062
-0.40253982
-0.38741127
-0.40127563
-0.3982871
-0.3908905
-0.39488927
-0.38892666
-0.39159766
-0.39982143
-0.39411756
-0.40876386
-0.38515052
-0.40641823
-0.40068907
-0.39830872
-0.39490494
-0.39126813
-0.40427706
-0.39861003
-0.39673403
-0.40252066
-0.39693397
-0.4013011
-0.4033179
-0.40547583
-0.39307088
-0.40283635
-0.39972296
-0.39655706
-0.40444875
-0.40015444
-0.4007281
-0.40650725
-0.40874782
-0.41279292
-0.4098393
-0.41284698
-0.4115337
-0.41757965
-0.4054289
-0.4099777
-0.40082914
-0.40891522
-0.41744834
-0.42832363
-0.40500185
-0.42602617
-0.42377472
-0.4157863
-0.41771442
-0.42391446
-0.42386115
-0.41015542
-0.4245653
-0.41773728
-0.41917604
-0.42897686
-0.43229482
-0.43314865
-0.43788725
-0.4136244
-0.43339145
-0.43276846
-0.42908883
-0.43830955
-0.42911607
-0.42952102
-0.4451561
-0.43212458
-0.44350395
-0.42767113
-0.43650085
-0.43040028
-0.43662643
-0.43718112
-0.44344768
-0.444156
-0.42867905
-0.43496862
-0.4431389
-0.4380048
-0.43498862
-0.44689772
-0.44596615
-0.43272707
-0.44633746
-0.44035023
-0.44210756
-0.44983965
-0.43084455
-0.44529074
-0.44331098
-0.4294525
-0.44555214
-0.4344604
-0.44512266
-0.43699533
-0.44987035
-0.4344203
-0.43821278
-0.43812796
-0.4463591
-0.44314593
-0.42852536
-0.43984574
-0.45046213
-0.44842914
-0.44200364
-0.44042194
-0.44780833
-0.44057173
-0.45017603
-0.45081344
-0.44611165
-0.45671284
-0.44020864
-0.442607
-0.44757327
-0.4425222
-0.46212113
-0.46143872
-0.45907974
-0.45130274
-0.44875488
-0.44460863
-0.4616577
-0.45192084
-0.45448583
-0.4583969
-0.46593925
-0.46260893
-0.46141535
-0.46049398
-0.4550748
-0.4559155
-0.45695105
-0.46440747
-0.4523612
-0.46648893
-0.44422486
-0.46297973
-0.45747095
-0.46082363
-0.45771268
-0.44817066
-0.4612416
-0.46850356
-0.45496863
-0.47115925
-0.46356428
-0.46481976
-0.47646317
-0.4632995
-0.4600913
-0.46857277
-0.4764813
-0.47030357
-0.4638702
-0.46852046
-0.47186583
-0.470563
-0.4616329
-0.4709701
-0.47504726
-0.48003474
-0.46742722
-0.47537386
-0.46283957
-0.48591578
-0.46628484
-0.4743983
-0.47302163
-0.46825734
-0.47403362
-0.45513687
-0.47460148
-0.4866804
-0.47072044
-0.47148898
-0.4647007
-0.48095122
-0.46545
-0.47539645
-0.4750764
-0.4602043
-0.48100352
-0.48516557
-0.47633576
-0.47875053
-0.47995466
-0.47213095
-0.47409073
-0.4802312
-0.48767596
-0.48831528
-0.48188642
-0.48010242
-0.48147482
-0.47472778
-0.47679675
-0.47663638
-0.49076968
-0.47366983
-0.47910655
-0.48407477
-0.4980796
-0.48181924
-0.48569745
-0.4923277
-0.49079707
-0.49020362
-0.48467743
-0.49242643
-0.4763231
-0.49184102
-0.49440783
-0.4841845
-0.4875297
-0.48724934
-0.49132338
-0.49059755
-0.49387038
-0.48809418
-0.48611733
-0.47882408
-0.4882232
-0.4887385
-0.4829361
-0.48527807
-0.4740517
-0.4808988
-0.50072867
