-0.46662846
-0.7213014
-0.66603667
-0.80163866
-0.799058
-0.7987582
-0.75375193
-0.80063254
-0.8098309
-0.80740756
-0.82183784
-0.84016985
-0.8594045
-0.86444086
-0.84566355
-0.8861316
-0.89228195
-0.89501333
-0.89948994
-0.9065312
-0.92397165
-0.9305212
-0.907837
-0.937063
-0.9355874
-0.9375239
-0.9409857
-0.9465344
-0.9489872
-0.95633507
-0.93998075
-0.941251
-0.9501127
-0.9375436
-0.93019533
-0.92435867
-0.9247609
-0.9324346
-0.94596136
-0.9524706
-0.9560179
-0.9580639
-0.9505917
-0.9494918
-0.96052265
-0.9631573
-0.961118
-0.9575088
-0.95796776
-0.96431077
-0.9709927
-0.9719404
-0.96656674
-0.9735002
-0.9724838
-0.97288984
-0.96770084
-0.96912867
-0.97138315
-0.9706996
-0.968432
-0.9730662
-0.97616976
-0.97462183
-0.97848743
-0.97735924
-0.9762041
-0.97543174
-0.97772527
-0.98184115
-0.9771255
-0.9791806
-0.9802881
-0.9804214
-0.98198706
-0.98022157
-0.9815066
-0.98169327
-0.9818291
-0.98297596
-0.98379177
-0.982763
-0.9831931
-0.98429585
-0.9847265
-0.98419917
-0.9849661
-0.98429286
-0.9858052
-0.98464495
-0.9854883
-0.98497945
-0.98565376
-0.9864618
-0.9865453
-0.98623604
-0.9860105
-0.9848987
-0.9862647
-0.98643905
-0.9851078
-0.98733866
-0.98561615
-0.98810786
-0.98075354
-0.97107637
-0.9725522
-0.9718162
-0.9640644
-0.96162945
-0.9672195
-0.9678769
-0.968663
-0.9674136
-0.9695476
-0.97470635
-0.97692764
-0.97515047
-0.9761774
-0.9787532
-0.9753464
-0.9761763
-0.97306347
-0.97274536
-0.9792139
-0.9754837
-0.97319067
-0.97551066
-0.97992134
-0.9777914
-0.97849685
-0.98090553
-0.9791469
-0.9780196
-0.98000044
-0.97914284
-0.97768074
-0.98024905
-0.97997594
-0.97944444
-0.98195064
-0.9814504
-0.9792012
-0.9820008
-0.98058116
-0.98029244
-0.9806319
-0.98284537
-0.9808518
-0.9816821
-0.98172754
-0.98098665
-0.98000085
-0.9834263
-0.98006713
-0.98296434
-0.982414
-0.9818765
-0.98371166
-0.9810438
-0.9832804
-0.9833007
-0.9823159
-0.9845455
-0.98374516
-0.9821759
-0.9827757
-0.98377216
-0.98321486
-0.98294544
-0.98472095
-0.98339754
-0.9831957
-0.9835611
-0.9829983
-0.98327017
-0.9842042
-0.9824192
-0.9826811
-0.9853859
-0.9823593
-0.9832168
-0.98561364
-0.9847874
-0.98345524
-0.9857761
-0.98454356
-0.9828569
-0.98637795
-0.98147815
-0.9708951
-0.9685626
-0.9696469
-0.9715872
-0.970493
-0.9694981
-0.9715744
-0.9751722
-0.9779942
-0.98112154
-0.9830766
-0.98023874
-0.96768963
-0.91753083
-0.9613203
-0.96331364
-0.9585914
-0.9315746
-0.93418586
-0.9146191
-0.91849214
-0.91849774
-0.92360485
-0.9204001
-0.9163121
-0.91147834
-0.91257495
-0.9221776
-0.92461884
-0.9222743
-0.91726744
-0.9221912
-0.92699194
-0.9307319
-0.9314753
-0.9366394
-0.934481
-0.9341621
-0.9405714
-0.93919563
-0.9424869
-0.9445575
-0.94748133
-0.95088255
-0.94895846
-0.9520243
-0.95448625
-0.955423
-0.95588505
-0.9540746
-0.9597608
-0.9603197
-0.9585703
-0.95891315
-0.96045166
-0.96201277
-0.96101665
-0.96301514
-0.9629349
-0.96430117
-0.9646793
-0.96423584
-0.9660274
-0.966065
-0.96640724
-0.96671766
-0.96734685
-0.96951884
-0.9707704
-0.9704717
-0.9716096
-0.9706757
-0.97375053
-0.973689
-0.9742367
-0.97468585
-0.97356087
-0.973214
-0.9768176
-0.9793225
-0.97872907
-0.98001754
-0.97729194
-0.9802917
-0.9829024
-0.9800277
-0.98210907
-0.98107505
-0.9797493
-0.98435014
-0.98256767
-0.98397374
-0.9850359
-0.98435956
-0.9851376
-0.9859529
-0.98605996
-0.986895
-0.98622924
-0.9870637
-0.9870554
-0.9862976
-0.9873854
-0.98614657
-0.98766744
-0.98712826
-0.98793185
-0.9878861
-0.98802274
-0.9877476
-0.98833275
-0.9878603
-0.98814976
-0.9872136
-0.9882662
-0.98814404
-0.9893364
-0.9891787
-0.98884386
-0.9882421
-0.98701113
-0.9877092
-0.98899555
-0.9894653
-0.9891396
-0.98597354
-0.9875838
-0.98900265
-0.98780876
-0.98783624
-0.98873514
-0.9889257
-0.987466
-0.9888079
-0.9895246
-0.9896748
-0.98918676
-0.98684794
-0.98733556
-0.9898261
-0.9899256
-0.98744285
-0.98561585
-0.98973906
-0.98812354
-0.9844985
-0.98968005
-0.98142976
-0.9620496
-0.9690673
-0.9545465
-0.9427798
-0.94199795
-0.94555974
-0.9468787
-0.94677633
-0.95268124
-0.95162916
-0.9609162
-0.9695273
-0.97222334
-0.96537614
-0.966388
-0.96632856
-0.97030455
-0.97006184
-0.969136
-0.97349674
-0.9685485
-0.945371
-0.9707837
-0.9653612
-0.9592485
-0.9601333
-0.9702966
-0.968585
-0.96107197
-0.9645782
-0.96910757
-0.9691635
-0.96397245
-0.96798503
-0.97088695
-0.9733693
-0.97633404
-0.9746209
-0.9789815
-0.98093534
-0.9766045
-0.97987807
-0.97226053
-0.9620739
-0.95528483
-0.95593816
-0.9619012
-0.96725726
-0.9627279
-0.94828904
-0.95713204
-0.9582119
-0.9577304
-0.9541969
-0.9566605
-0.9582609
-0.9628562
-0.96609885
-0.9650154
-0.96770126
-0.9709617
-0.97553694
-0.9781463
-0.97498095
-0.9745158
-0.97816336
-0.9732021
-0.9793578
-0.9781435
-0.9799673
-0.980789
-0.9815816
-0.98034316
-0.981578
-0.9808184
-0.9816312
-0.98226535
-0.983701
-0.9827531
-0.9832354
-0.98393685
-0.98400617
-0.9848513
-0.985553
-0.9854432
-0.9853497
-0.9858728
-0.98607725
-0.9859936
-0.98713523
-0.9870048
-0.9873557
-0.9873529
-0.988116
-0.9881389
-0.9881614
-0.98828715
-0.98801
-0.98719805
-0.98769647
-0.98859465
-0.9882915
-0.9865456
-0.987775
-0.9887266
-0.9887649
-0.98829395
-0.98734045
-0.9880603
-0.98911995
-0.9889518
-0.9882969
-0.98753357
-0.9891305
-0.98908806
-0.98962903
-0.9894718
-0.98949546
-0.9895124
-0.98873764
-0.9880668
-0.9872961
-0.9885177
-0.9893325
-0.9890287
-0.98914117
-0.9887759
-0.9887526
-0.9885988
-0.9875905
-0.9898191
-0.9894181
-0.98924476
-0.9898695
-0.98894465
-0.9875008
-0.98934495
-0.98948926
-0.9888765
-0.9898285
-0.9874392
-0.98787165
-0.98793083
-0.99004793
-0.9903433
-0.98991114
-0.98861706
-0.98825204
-0.98906255
-0.9886439
-0.98953265
-0.9878621
-0.9891448
-0.9886216
-0.988216
-0.9884242
-0.98816633
-0.9893322
-0.98952943
-0.98751354
-0.9895065
-0.9899999
-0.98966414
-0.98699284
-0.98832184
-0.9888509
-0.9900346
-0.99032
-0.990038
-0.9890444
-0.9885864
-0.9880158
-0.9881531
-0.9898751
-0.9904836
-0.98938835
-0.9879523
-0.98920625
-0.9868983
-0.9889424
-0.989756
-0.98970944
-0.9888673
-0.9886308
-0.9872392
-0.9888243
-0.9897287
-0.9889305
-0.9861884
-0.9896809
-0.9902277
-0.9888016
-0.98823243
-0.9892794
-0.9871071
-0.98934925
-0.98931146
-0.9874777
-0.9904198
-0.98810345
-0.9888603
-0.9901228
-0.98828804
-0.98775333
-0.98926514
-0.9893044
-0.98753136
-0.98883224
-0.98782027
-0.9902248
-0.9883128
-0.98545766
-0.98905796
-0.98485017
-0.98627037
-0.98769325
-0.9837535
-0.9878878
-0.9874737
-0.98677826
-0.9875978
-0.98839545
-0.9843751
-0.9870357
-0.9880211
-0.9845849
-0.988316
-0.98361266
-0.9868018
-0.9841744
-0.9854256
-0.98389965
-0.98772013
-0.9859278
-0.9856277
-0.9876731
-0.9869213
-0.98939097
-0.9870666
-0.98834556
-0.98945934
-0.9876154
-0.9871816
-0.9889964
-0.98903537
-0.9874419
-0.9895208
-0.9894131
-0.9895188
-0.989412
-0.98704565
-0.98954356
-0.99006265
-0.98943144
-0.9881038
-0.98878837
-0.98824704
-0.98797536
-0.9903939
-0.9844207
-0.98995477
-0.98452
-0.9830892
-0.9787322
-0.9813633
-0.98156345
-0.97904044
-0.9802757
-0.98608714
-0.98566544
-0.9846918
-0.9325678
-0.96061635
-0.95335025
-0.9498112
-0.9475948
-0.9407363
-0.93258953
-0.92802835
-0.9240149
-0.9273231
-0.9255652
-0.92601854
-0.9260392
-0.9246067
-0.929158
-0.9313915
-0.9355197
-0.93775916
-0.93803895
-0.9388707
-0.945806
-0.94657904
-0.9472588
-0.9511209
-0.9529606
-0.9534905
-0.95169497
-0.9534087
-0.95642275
-0.9524944
-0.95516306
-0.9443588
-0.9444891
-0.94804376
-0.95711654
-0.96193504
-0.95001525
-0.9493078
-0.9616535
-0.9533852
-0.9494509
-0.9612786
-0.9715644
-0.96464336
-0.96305627
-0.9705163
-0.9751324
-0.97120285
-0.9686883
-0.9740865
-0.97663546
-0.9744727
-0.9728777
-0.9765699
-0.96814084
-0.9664952
-0.97106177
-0.97730947
-0.9731104
-0.9783676
-0.975266
-0.9749393
-0.9755598
-0.97834104
-0.9796786
-0.9773359
-0.9811349
-0.9801272
-0.9803683
-0.9800794
-0.9809881
-0.98320735
-0.97761405
-0.97136545
-0.95432353
-0.9585235
-0.9697624
-0.97841567
-0.969231
-0.95937717
-0.97108555
-0.9701963
-0.961277
-0.96032006
-0.9699629
-0.9750701
-0.9722489
-0.9726835
-0.9789147
-0.9817368
-0.9566492
-0.9730463
-0.96787566
-0.96591634
-0.9680999
-0.9690234
-0.9709776
-0.97152895
-0.9686537
-0.97246635
-0.97634196
-0.9763151
-0.9760163
-0.9765487
-0.9791849
-0.9781161
-0.9755681
-0.9780592
-0.97971255
-0.9812273
-0.98102015
-0.98383427
-0.9828376
-0.9830186
-0.9847927
-0.98433524
-0.984507
-0.98554844
-0.98590815
-0.98451823
-0.98505026
-0.9861957
-0.98569405
-0.98702276
-0.9868228
-0.9863075
-0.98759204
-0.9873257
-0.9868886
-0.98744756
-0.9880151
-0.98782086
-0.9881133
-0.987746
-0.9887523
-0.9885486
-0.98869264
-0.9885159
-0.9886099
-0.9884218
-0.98866016
-0.98936814
-0.9893493
-0.9883165
-0.98766166
-0.98905027
-0.9893854
-0.98950094
-0.98724943
-0.9890765
-0.9885593
-0.9892632
-0.9882127
-0.98903155
-0.98815167
-0.98913544
-0.9871477
-0.9895117
-0.98720306
-0.9873642
-0.9894489
-0.98871124
-0.98419553
-0.98909247
-0.98252386
-0.98838776
-0.9861672
-0.98527634
-0.9886663
-0.9802764
-0.9816161
-0.98332155
-0.98442066
-0.98178065
-0.98352075
-0.98245186
-0.9865731
-0.98045075
-0.9815992
-0.9830664
-0.9842902
-0.9821042
-0.98571044
-0.9837843
-0.98695457
-0.98083967
-0.98202133
-0.98502517
-0.9833742
-0.98207146
-0.98296815
-0.98706347
-0.98569274
-0.9869054
-0.98796475
-0.9851478
-0.98889863
-0.9873297
-0.9883988
-0.9894531
-0.98951256
-0.9892582
-0.9874137
-0.98972815
-0.98890954
-0.98718995
-0.9894544
-0.9890801
-0.98604745
-0.990033
-0.9827346
-0.98850906
-0.981202
-0.98271227
-0.98500824
-0.98425514
-0.9822002
-0.9864137
-0.98171043
-0.9824954
-0.9849749
-0.984502
-0.98532206
-0.9881786
-0.9841996
-0.98734725
-0.9838738
-0.9875964
-0.9833949
-0.983757
-0.98540336
-0.9865649
-0.9832035
-0.9849168
-0.9847914
-0.9849972
-0.9837779
-0.9839022
-0.98649156
-0.98714733
-0.9836905
-0.9866102
-0.98472154
-0.98542297
-0.9851299
-0.9858075
-0.9860545
-0.9889411
-0.9831719
-0.98553205
-0.98491323
-0.9884216
-0.9824139
-0.9822266
-0.98847973
-0.9869464
-0.9873051
-0.9878072
-0.9853056
-0.98977625
-0.98486084
-0.98882467
-0.9809076
-0.9868757
-0.98106456
-0.97848034
-0.9887959
-0.9755076
-0.98011035
-0.9853234
-0.98141617
-0.9896713
-0.9771347
-0.98243713
-0.98423123
-0.97994524
-0.9891342
-0.97840506
-0.9822563
-0.98465955
-0.97966707
-0.98902017
-0.9784982
-0.98162186
-0.98666584
-0.9827373
-0.9873113
-0.98373455
-0.9862703
-0.9843617
-0.98590463
-0.9856892
-0.9859531
-0.98569995
-0.9857268
-0.989025
-0.98790556
-0.98908675
-0.9896944
-0.98833317
-0.98915774
-0.9890759
-0.98900133
-0.98843855
-0.9898457
-0.98669004
-0.9889633
-0.9860704
-0.9863339
-0.9876998
-0.98707366
-0.9876408
-0.9881617
-0.98739827
-0.9889887
-0.9889419
-0.98669845
-0.9886909
-0.98590297
-0.98677725
-0.98655796
-0.9870541
-0.98772013
-0.98721445
-0.98885477
-0.98622733
-0.98747265
-0.98721004
-0.98818344
-0.98720306
-0.987661
-0.98685277
-0.987823
-0.98837256
-0.9874855
-0.9884235
-0.9861062
-0.98657256
-0.98694324
-0.98824954
-0.9873796
-0.9884677
-0.98698217
-0.9884766
-0.989193
-0.9869812
-0.99005806
-0.98521614
-0.987086
-0.98444825
-0.9859707
-0.9857555
-0.98598266
-0.9865029
-0.9883471
-0.9854812
-0.9867435
-0.9853727
-0.98677456
-0.98594505
-0.98587775
-0.9873162
-0.98770815
-0.9874315
-0.9888188
-0.98692465
-0.98903453
-0.985759
-0.9877153
-0.9849924
-0.9873932
-0.98595035
-0.98637426
-0.9856045
-0.98685396
-0.98558515
-0.98474
-0.9874847
-0.98672265
-0.9869638
-0.9876512
-0.987443
-0.98901886
-0.9861959
-0.9881904
-0.9854659
-0.9872965
-0.98581094
-0.98682326
-0.98721015
-0.98805207
-0.9851322
-0.98621905
-0.986667
-0.9870286
-0.9862708
-0.9866674
-0.98828137
-0.9882575
-0.98693836
-0.9878224
-0.9862918
-0.9882776
-0.9846085
-0.9857146
-0.98782974
-0.98837066
-0.98611
-0.9883573
-0.98543495
-0.98724836
-0.98497504
-0.98618233
-0.987355
-0.98840296
-0.9856452
-0.9861277
-0.98854625
-0.9890951
-0.9868712
-0.98796016
-0.98660445
-0.9883946
-0.9844933
-0.98434335
-0.9888115
-0.98764795
-0.98797613
-0.9871487
-0.98900044
-0.98895925
-0.9881133
-0.98881996
-0.9876171
-0.9894787
-0.98889846
-0.9893662
-0.98937315
-0.98932445
-0.9887336
-0.99024
-0.9898691
-0.98883945
-0.9905248
-0.9899396
-0.98857105
-0.99006206
-0.9895971
-0.9898723
-0.99022317
-0.988993
-0.98970705
-0.99040884
-0.9901875
-0.98964393
-0.990157
-0.9900558
-0.98913306
-0.98927164
-0.9901935
-0.99026465
-0.9899535
-0.98970133
-0.99007523
-0.9896204
-0.9894443
-0.9903583
-0.99052787
-0.9901472
-0.98914516
-0.98961616
-0.9905848
-0.9903967
-0.9894716
-0.98961455
-0.9896397
-0.98966396
-0.98992187
-0.9904455
-0.990626
-0.9905978
-0.9897715
-0.98907644
-0.99005526
-0.9897502
-0.9894487
-0.99014616
-0.98993754
-0.9883455
-0.9905302
-0.990915
-0.99010414
-0.9883077
-0.990388
-0.9898066
-0.98804575
-0.9896446
-0.9876536
-0.9900916
-0.984944
-0.98666185
-0.9873501
-0.98921025
-0.9847013
-0.98472065
-0.98847187
-0.9857495
-0.9885086
-0.98533964
-0.9887721
-0.98502547
-0.9866859
-0.9874911
-0.98623806
-0.9896265
-0.9864663
-0.98891646
-0.9884963
-0.98792076
-0.9893787
-0.9865544
-0.98799187
-0.98726356
-0.9902655
-0.9875691
-0.9895618
-0.98632276
-0.98825455
-0.98747975
-0.9879827
-0.9881816
-0.9881316
-0.9887
-0.9894442
-0.9878534
-0.9892987
-0.9870274
-0.9880323
-0.9869763
-0.9870549
-0.98888385
-0.9884877
-0.98797166
-0.9887764
-0.9871392
-0.98955816
-0.98572034
-0.98722017
-0.98787206
-0.98691285
-0.9899152
-0.9874225
-0.99027264
-0.9874354
-0.989501
-0.9866521
-0.9885811
-0.986883
-0.98590195
-0.9899219
-0.98784924
-0.99049354
-0.98856556
-0.99014467
-0.99016863
-0.9893087
-0.99040645
-0.9891002
-0.98889065
-0.9902013
-0.9888155
-0.99073356
-0.9894911
-0.9893113
-0.99059665
-0.98916453
-0.9898037
-0.9898674
-0.988239
-0.99055463
-0.9876072
-0.9899238
-0.9874703
-0.98951447
-0.9846918
-0.98706317
-0.9862747
-0.98631155
-0.9884082
-0.9867903
-0.98905826
-0.986685
-0.98893005
-0.98300976
-0.98496133
-0.98006505
-0.98071384
-0.9816699
-0.98027927
-0.98421717
-0.9882718
-0.98292017
-0.98111016
-0.9849229
-0.9852058
-0.9808579
-0.98224074
-0.98240453
-0.98301005
-0.9861758
-0.98633915
-0.98651934
-0.9840049
-0.9871264
-0.98528934
-0.98940474
-0.9860308
-0.9867607
-0.98677284
-0.98685175
-0.9893716
-0.9885124
-0.98867124
-0.9879061
-0.9885132
-0.9893844
-0.98934954
-0.9888554
-0.9891464
-0.98966914
-0.98995984
-0.9896822
-0.9894991
-0.98997676
-0.99026746
-0.98983425
-0.9884314
-0.9896695
-0.9901847
-0.98902863
-0.9881569
-0.98982143
-0.98674905
-0.9902082
-0.9867793
-0.98955864
-0.9854722
-0.98782897
-0.98518413
-0.9852173
-0.9877976
-0.9867179
-0.98678553
-0.9866792
-0.9868489
-0.9868901
-0.98758954
-0.9869342
-0.9878158
-0.98625094
-0.98660284
-0.988533
-0.9882934
-0.988648
-0.9877826
-0.9900095
-0.9865931
-0.9901617
-0.98357415
-0.98827404
-0.9814672
-0.98282766
-0.9881677
-0.9863419
-0.98746634
-0.987273
-0.9873207
-0.9888477
-0.9848604
-0.98755544
-0.9842353
-0.9857467
-0.98608565
-0.984771
-0.9891194
-0.9896533
-0.9864917
-0.9883948
-0.98501444
-0.9871839
-0.9841257
-0.9833103
-0.9893601
-0.98631465
-0.9883398
-0.98710847
-0.98657376
-0.9854458
-0.98460484
-0.98820424
-0.98511535
-0.9878697
-0.9862297
-0.98450494
-0.96963954
-0.97896546
-0.9758817
-0.97197205
-0.97102624
-0.9715433
-0.9717032
-0.969186
-0.9711656
-0.97180253
-0.9727515
-0.9746707
-0.976033
-0.97655994
-0.97908956
-0.9787551
-0.9785452
-0.9803733
-0.97545093
-0.96105033
-0.95034385
-0.9580892
-0.9668252
-0.96987057
-0.94880867
-0.9428479
-0.8951388
-0.87488806
-0.8842359
-0.9132702
-0.95954674
-0.92646194
-0.9575747
-0.955715
-0.9520291
-0.94606614
-0.9420144
-0.94466585
-0.9445696
-0.94645023
-0.95020145
-0.9569411
-0.9606757
-0.9627811
-0.96362954
-0.96862674
-0.97049665
-0.9717856
-0.97609186
-0.9768467
-0.97627944
-0.9749431
-0.9761482
-0.97606117
-0.9764935
-0.9761627
-0.97671473
-0.9787053
-0.98217213
-0.98050874
-0.98125523
-0.98018914
-0.98065907
-0.98138124
-0.9809115
-0.9802268
-0.98125964
-0.9822676
-0.98229635
-0.9835229
-0.9831183
-0.9834373
-0.98339504
-0.98422885
-0.9839447
-0.9830284
-0.98318326
-0.98486483
-0.9834309
-0.9844723
-0.98489356
-0.98615575
-0.9854205
-0.98689973
-0.9869788
-0.98698026
-0.9875115
-0.987336
-0.98781425
-0.98777336
-0.9882247
-0.98853385
-0.98860794
-0.98869985
-0.98914415
-0.9887621
-0.98869115
-0.9890482
-0.9890859
-0.98828477
-0.9897661
-0.9887243
-0.9887574
-0.98935235
-0.98995495
-0.98879206
-0.9892195
-0.9894952
-0.9901853
-0.9899968
-0.9896968
-0.989457
-0.988935
-0.9902934
-0.990108
-0.9892449
-0.9884244
-0.9895691
-0.99024844
-0.99010146
-0.98964953
-0.9891911
-0.9893291
-0.9896642
-0.98970467
-0.98916554
-0.98933285
-0.9894292
-0.98972934
-0.9898132
-0.98921883
-0.9894536
-0.98955953
-0.9896456
-0.98930585
-0.989131
-0.98949754
-0.9896495
-0.9895285
-0.9891197
-0.989391
-0.9896356
-0.9896173
-0.9898393
-0.98990434
-0.98931473
-0.98903275
-0.98994905
-0.99004257
-0.9897279
-0.9887101
-0.98925006
-0.99015033
-0.99008036
-0.9892431
-0.98886484
-0.99043065
-0.990413
-0.9898484
-0.9896395
-0.99005723
-0.9881157
-0.98902506
-0.9904307
-0.98990834
-0.9893489
-0.99056745
-0.9904649
-0.9883548
-0.9897104
-0.98924506
-0.98940945
-0.98955584
-0.9890984
-0.98890585
-0.9900709
-0.9901189
-0.9884959
-0.9889
-0.98960584
-0.9895922
-0.98991436
-0.98830014
-0.9904448
-0.99074787
-0.9898465
-0.9875798
-0.99042374
-0.9880817
-0.98950756
-0.98819536
-0.99059767
-0.98786885
-0.9887169
-0.9904242
-0.98930275
-0.98901737
-0.9887318
-0.9895993
-0.99044174
-0.9899531
-0.987685
-0.99035525
-0.9901267
-0.9892371
-0.98995304
-0.98782086
-0.9903066
-0.99064237
-0.9894478
-0.9887283
-0.9898808
-0.9886037
-0.99050874
-0.99070203
-0.9891003
-0.98896307
-0.9894254
-0.9889182
-0.99065906
-0.9904443
-0.9889918
-0.9894924
-0.9893365
-0.988939
-0.99022144
-0.98901737
-0.98917854
-0.9900884
-0.98924917
-0.9888726
-0.98976165
-0.98850983
-0.99066514
-0.98992157
-0.9893755
-0.99071646
-0.9903677
-0.98858756
-0.99040836
-0.98724663
-0.990631
-0.9876749
-0.99035686
-0.98649377
-0.9876134
-0.98680097
-0.98858106
-0.9861585
-0.9865825
-0.9885342
-0.9866478
-0.989434
-0.9824829
-0.9892733
-0.98027086
-0.9834869
-0.9873199
-0.9835176
-0.98634243
-0.9869748
-0.98518175
-0.98813885
-0.98484707
-0.98659855
-0.98506576
-0.9867678
-0.98532563
-0.98646116
-0.98627365
-0.98700887
-0.9870268
-0.9879958
-0.9861136
-0.98838145
-0.9859515
-0.9888844
-0.9851416
-0.98812383
-0.98482835
-0.986277
-0.98571587
-0.98681533
-0.9854723
-0.98691314
-0.9851253
-0.9849554
-0.9868359
-0.985307
-0.98779434
-0.9877331
-0.98692197
-0.98860675
-0.9847285
-0.98695123
-0.9851088
-0.9858753
-0.9883233
-0.9891356
-0.9861506
-0.9868693
-0.98609257
-0.987276
-0.98587644
-0.986948
-0.98720336
-0.98831034
-0.9851203
-0.9862782
-0.98726463
-0.98738927
-0.98709625
-0.98750955
-0.986839
-0.98835814
-0.98539996
-0.98618126
-0.98731995
-0.9879017
-0.98634356
-0.9874222
-0.9871289
-0.98943055
-0.985482
-0.9869345
-0.98682266
-0.98804444
-0.98530567
-0.9859755
-0.9884737
-0.9888214
-0.98597634
-0.9876472
-0.9866372
-0.9879182
-0.9852901
-0.9857813
-0.9887569
-0.98744863
-0.98773396
-0.9877138
-0.9877583
-0.98942167
-0.9872835
-0.9886873
-0.9865321
-0.98931056
-0.98638886
-0.9884522
-0.9859713
-0.9881922
-0.9866092
-0.9862787
-0.98816764
-0.9879975
-0.98849386
-0.9887191
-0.9890383
-0.9884697
-0.98932487
-0.9876383
-0.99001324
-0.9857189
-0.98817647
-0.98560894
-0.9873008
-0.9856301
-0.9853809
-0.98958665
-0.9871536
-0.98920643
-0.9876029
-0.9890718
-0.9872247
-0.98880947
-0.9874935
-0.98822576
-0.9881472
-0.9886634
-0.9886292
-0.98924476
-0.987891
-0.98882776
-0.98803043
-0.9885111
-0.98824173
-0.9884942
-0.9887138
-0.9890103
-0.98764884
-0.9879302
-0.9882263
-0.98964155
-0.98698235
-0.98840123
-0.988
-0.9880943
-0.9883983
-0.98834735
-0.9890247
-0.98940617
-0.9877872
-0.9884379
-0.98856217
-0.9890133
-0.987537
-0.9874734
-0.9892968
-0.98886317
-0.9885406
-0.9889964
-0.9886041
-0.98983306
-0.9873592
-0.9878795
-0.9889872
-0.98863417
-0.989074
-0.9891846
-0.98878783
-0.99005526
-0.98822945
-0.9890082
-0.9878463
-0.9893972
-0.98751044
-0.98748493
-0.98993176
-0.9889544
-0.9891439
-0.9896767
-0.98827314
-0.9898603
-0.9874355
-0.988382
-0.98784155
-0.98845685
-0.98692054
-0.98657995
-0.9896571
-0.9876985
-0.990306
-0.9896021
-0.98931503
-0.98939055
-0.98895633
-0.990478
-0.9878125
-0.9900084
-0.9882197
-0.98950267
-0.9868681
-0.98711014
-0.98819405
-0.986884
-0.990053
-0.98717654
-0.98981893
-0.9825282
-0.98385304
-0.9787747
-0.9803094
-0.98077095
-0.9804524
-0.98210144
-0.98582083
-0.9878139
-0.98596334
-0.97385585
-0.9802964
-0.9676793
-0.9682946
-0.9698582
-0.9658823
-0.9654076
-0.9614749
-0.962628
-0.9648573
-0.96616864
-0.9653498
-0.96620166
-0.9688815
-0.97254413
-0.97524303
-0.974572
-0.9751347
-0.9776383
-0.9794837
-0.9772145
-0.97954375
-0.97904927
-0.97832924
-0.97812665
-0.97972363
-0.9730311
-0.9708152
-0.9584637
-0.9555252
-0.9635673
-0.9739
-0.97779685
-0.9573281
-0.97108793
-0.9599067
-0.9497625
-0.9492817
-0.9586907
-0.96669453
-0.96705943
-0.9468679
-0.96748453
-0.962511
-0.95842135
-0.9586244
-0.96110815
-0.9606949
-0.9694268
-0.9713819
-0.9551926
-0.97047657
-0.95528394
-0.9476363
-0.95219433
-0.95693195
-0.9629088
-0.96375877
-0.93599564
-0.96047604
-0.96318346
-0.9650551
-0.96722716
-0.9699618
-0.96576846
-0.9686049
-0.9751227
-0.97458434
-0.9687214
-0.9702737
-0.97392476
-0.97552985
-0.9745771
-0.9791574
-0.9757957
-0.9774616
-0.9784753
-0.97625136
-0.97695386
-0.9789324
-0.9798337
-0.97932005
-0.98052865
-0.9814787
-0.981934
-0.9818829
-0.9806839
-0.98199415
-0.98226756
-0.9816976
-0.98388875
-0.9830278
-0.9846438
-0.98239774
-0.984219
-0.9844424
-0.9841558
-0.98493755
-0.98534775
-0.9854172
-0.9851715
-0.98598766
-0.9863279
-0.9860958
-0.9865775
-0.9868585
-0.9878806
-0.9871016
-0.9874562
-0.9876628
-0.9880576
-0.9881002
-0.98845446
-0.988511
-0.9886356
-0.988696
-0.98883003
-0.9890458
-0.9888593
-0.9893111
-0.9890395
-0.9892788
-0.9894264
-0.98961383
-0.9898109
-0.98966557
-0.9897844
-0.98952866
-0.9894192
-0.98952085
-0.9897631
-0.989993
-0.99003625
-0.99011207
-0.9899484
-0.989646
-0.98987883
-0.9901759
-0.99015737
-0.9899579
-0.9895145
-0.9894238
-0.9900086
-0.99030846
-0.99033517
-0.9899594
-0.9896472
-0.9892906
-0.9900055
-0.9901798
-0.99029547
-0.98958933
-0.989344
-0.99011236
-0.9903704
-0.98995644
-0.989049
-0.98967576
-0.9905898
-0.99077874
-0.99052393
-0.98967445
-0.9891292
-0.9902228
-0.9905895
-0.9902684
-0.9891897
-0.98938525
-0.99037266
-0.99062675
-0.99015784
-0.98916656
-0.9894765
-0.9902724
-0.9902751
-0.9895488
-0.98869926
-0.98978657
-0.9899808
-0.98945683
-0.9893868
-0.99020153
-0.9902311
-0.9894214
-0.9888775
-0.99046355
-0.9907601
-0.99043787
-0.9889287
-0.9900509
-0.9903373
-0.9902538
-0.9896582
-0.98915404
-0.98917675
-0.9896203
-0.99005896
-0.98936546
-0.9900285
-0.98995394
-0.988276
-0.99013186
-0.99003476
-0.98921
-0.9899796
-0.9890049
-0.9899217
-0.99033177
-0.98927647
-0.9892357
-0.9898458
-0.9893426
-0.99028206
-0.9900074
-0.98852247
-0.9903509
-0.9899227
-0.98973584
-0.9903011
-0.9889411
-0.98901755
-0.9902677
-0.989546
-0.9899351
-0.98964024
-0.9896144
-0.9903617
-0.9904117
-0.98884374
-0.98916364
-0.99033195
-0.9903904
-0.9902024
-0.9903467
-0.99061006
-0.9902891
-0.98840666
-0.9898147
-0.990229
-0.98939085
-0.988771
-0.9902397
-0.9902586
-0.98862267
-0.9894787
-0.98892534
-0.99077487
-0.9874504
-0.99047124
-0.98465055
-0.9835521
-0.97968334
-0.98035985
-0.98137385
-0.98123676
-0.98130625
-0.98566085
-0.98875946
-0.98615444
-0.97712713
-0.9732276
-0.97101414
-0.9709598
-0.9711938
-0.9663482
-0.9621819
-0.9626882
-0.96182585
-0.9634246
-0.9639494
-0.9638637
-0.96512115
-0.9675389
-0.97077286
-0.97182816
-0.9715467
-0.9745735
-0.975692
-0.9773485
-0.977267
-0.97711754
-0.9791638
-0.9794051
-0.97852385
-0.9782086
-0.9796657
-0.9737073
-0.97390836
-0.96699816
-0.96711594
-0.97259897
-0.9790523
-0.97608346
-0.97144157
-0.9779549
-0.9779775
-0.97500414
-0.97413796
-0.9765089
-0.9791996
-0.97794336
-0.9760487
-0.97871786
-0.9808088
-0.9800734
-0.97886795
-0.9812738
-0.9817159
-0.9816505
-0.98139274
-0.9826994
-0.9831657
-0.98311466
-0.98328763
-0.9845377
-0.9834719
-0.9842619
-0.9852326
-0.9846809
-0.9850669
-0.98572975
-0.9861082
-0.9860929
-0.9870458
-0.9872939
-0.98734266
-0.9877758
-0.9880736
-0.9879611
-0.98859763
-0.9884477
-0.98850495
-0.9891108
-0.9887829
-0.98931307
-0.9890741
-0.989126
-0.9892908
-0.98972815
-0.98957735
-0.9898307
-0.9896266
-0.9898947
-0.989685
-0.98976916
-0.98944384
-0.9893326
-0.9889855
-0.9898393
-0.98978233
-0.98985523
-0.9894291
-0.9890798
-0.9889746
-0.9901046
-0.9902892
-0.9901607
-0.98885
-0.9880667
-0.99062306
-0.98804766
-0.98955685
-0.9901633
-0.9898937
-0.98773175
-0.99032885
-0.98977923
-0.98626167
-0.9898909
-0.98158205
-0.985115
-0.9821333
-0.98672473
-0.9836801
-0.9871234
-0.98649776
-0.98827016
-0.986039
-0.98911136
-0.985509
-0.98858845
-0.9850925
-0.9892571
-0.98387086
-0.986339
-0.98385775
-0.98425215
-0.9864224
-0.98474455
-0.988089
-0.98660195
-0.9891568
-0.98936653
-0.98610675
-0.9894531
-0.9829822
-0.9843518
-0.98581785
-0.9854093
-0.9867346
-0.98688555
-0.9861008
-0.9884941
-0.9845247
-0.98603314
-0.98521626
-0.9855519
-0.98671216
-0.9857462
-0.98707175
-0.98790914
-0.98634404
-0.9880516
-0.98655313
-0.98816246
-0.98598665
-0.98604816
-0.9872319
-0.9871183
-0.9864261
-0.98631704
-0.9872525
-0.98837274
-0.98647577
-0.9879739
-0.9868474
-0.9875748
-0.9855698
-0.9858073
-0.9880903
-0.9882747
-0.9871864
-0.9895629
-0.9844995
-0.98746395
-0.9844151
-0.98480415
-0.98865587
-0.9878762
-0.98844075
-0.9898512
-0.98578
-0.98815763
-0.9851708
-0.9854942
-0.98841435
-0.98793924
-0.9871832
-0.9881278
-0.98614645
-0.9880945
-0.9856667
-0.9857198
-0.98811096
-0.98826426
-0.9864976
-0.9872599
-0.98743266
-0.98866475
-0.98563445
-0.98669094
-0.987742
-0.98840046
-0.98625946
-0.9871062
-0.98686045
-0.98792565
-0.98598695
-0.9853398
-0.9890399
-0.9889434
-0.9875212
-0.9895251
-0.9852519
-0.9882251
-0.98482776
-0.9833835
-0.99009156
-0.9858007
-0.9899638
-0.98614216
-0.9883336
-0.98675615
-0.9876199
-0.9870196
-0.9877933
-0.98731774
-0.9886275
-0.98720866
-0.98896134
-0.98592883
-0.9891504
-0.98419756
-0.9853828
-0.9884609
-0.98673993
-0.98836124
-0.9885326
-0.9873189
-0.98880154
-0.9848063
-0.9858889
-0.9877148
-0.98682934
-0.9878477
-0.98851454
-0.98727375
-0.98868316
-0.9860948
-0.9865975
-0.98756933
-0.9883595
-0.9872325
-0.9883324
-0.986936
-0.98860943
-0.98556644
-0.98591083
-0.9889568
-0.988652
-0.98700625
-0.9873925
-0.9882784
-0.98904175
-0.9861026
-0.98762983
-0.9867188
-0.98650146
-0.9867173
-0.98625463
-0.98863214
-0.98915637
-0.9865272
-0.98761654
-0.98730785
-0.98861104
-0.9864058
-0.986895
-0.98744565
-0.9879091
-0.9866443
-0.9864045
-0.98798376
-0.98856664
-0.9862518
-0.9869838
-0.9882119
-0.98925686
-0.9863414
-0.9863449
-0.9878301
-0.9875196
-0.9870472
-0.988081
-0.98782986
-0.98860496
-0.98578495
-0.98622566
-0.98908806
-0.98913044
-0.9866225
-0.9875781
-0.9876771
-0.9892989
-0.9861755
-0.98699117
-0.98890364
-0.9890676
-0.9874833
-0.98766136
-0.9878873
-0.98890716
-0.98718363
-0.98737293
-0.98779917
-0.98880357
-0.9873716
-0.9883181
-0.98715407
-0.9893194
-0.9869327
-0.98765904
-0.9879678
-0.9887539
-0.98748505
-0.9882023
-0.9881452
-0.9889985
-0.98827654
-0.9890502
-0.9880872
-0.9886862
-0.9894355
-0.98865885
-0.9904659
-0.98876244
-0.9898519
-0.99050826
-0.9888091
-0.9903978
-0.9904303
-0.9892223
-0.9899134
-0.9905505
-0.99056476
-0.98992914
-0.9890828
-0.9904313
-0.9907698
-0.9901616
-0.9893133
-0.9902642
-0.99073803
-0.9906813
-0.99052095
-0.9900589
-0.9894753
-0.9905011
-0.99048144
-0.99045897
-0.99038756
-0.9902597
-0.9900517
-0.98975885
-0.9904425
-0.990731
-0.9907666
-0.9900186
-0.98894674
-0.9904786
-0.99070764
-0.99043477
-0.99022734
-0.9904478
-0.99059415
-0.9903343
-0.98923016
-0.9898699
-0.9904007
-0.9904874
-0.9901507
-0.98949337
-0.9901687
-0.9900737
-0.98948026
-0.9903329
-0.9902423
-0.98959595
-0.9900371
-0.9901705
-0.98956007
-0.99007136
-0.9903268
-0.9902432
-0.9894189
-0.98951364
-0.99025464
-0.99024254
-0.9900248
-0.9894941
-0.9895856
-0.9892472
-0.9901117
-0.9903248
-0.98969626
-0.9893424
-0.9904795
-0.9906447
-0.9900835
-0.9894011
-0.9900976
-0.99007213
-0.989838
-0.989608
-0.99002945
-0.989781
-0.99030304
-0.9905291
-0.99026394
-0.98935974
-0.98963517
-0.990113
-0.9901267
-0.9895694
-0.9898049
-0.9895879
-0.98941904
-0.99036807
-0.9904511
-0.98952156
-0.98917747
-0.9903443
-0.9902845
-0.98965627
-0.99050385
-0.98960066
-0.9888157
-0.9907985
-0.98936826
-0.98906875
-0.9905708
-0.98867124
-0.9906135
-0.9902257
-0.98779494
-0.99089193
-0.98680145
-0.9904208
-0.98008204
-0.9741576
-0.96481586
-0.9647447
-0.9577473
-0.9570393
-0.96055734
-0.95953697
-0.958077
-0.9584078
-0.96145433
-0.954578
-0.9629096
-0.9646121
-0.9638962
-0.960469
-0.96353275
-0.96551704
-0.9691961
-0.96870506
-0.96948767
-0.9715101
-0.975527
-0.9773981
-0.97613704
-0.97661996
-0.9771882
-0.9802734
-0.9770187
-0.9806893
-0.9787858
-0.97864205
-0.9822659
-0.98454356
-0.9794209
-0.97673047
-0.96586883
-0.9651481
-0.971611
-0.9784479
-0.9759395
-0.970201
-0.968756
-0.9764503
-0.98326725
-0.9787932
-0.9727689
-0.98581153
-0.9796108
-0.97413135
-0.97601426
-0.9825824
-0.98546314
-0.97141266
-0.987039
-0.9781662
-0.9752058
-0.9755878
-0.9799898
-0.97809935
-0.9774446
-0.977366
-0.9808036
-0.9831122
-0.9828611
-0.9827029
-0.9871128
-0.9858643
-0.98339957
-0.98455906
-0.98223484
-0.9817875
-0.9779826
-0.9791317
-0.982503
-0.9816327
-0.9786454
-0.9781611
-0.98020583
-0.9831147
-0.98243934
-0.9839464
-0.9869715
-0.9884574
-0.9858566
-0.98547554
-0.9857634
-0.98564166
-0.987643
-0.9882852
-0.987628
-0.98791945
-0.987133
-0.98782825
-0.9883832
-0.9887505
-0.9893291
-0.9885004
-0.98886675
-0.98883456
-0.98893106
-0.9896607
-0.9894869
-0.9896362
-0.9896513
-0.9897849
-0.99010956
-0.99016374
-0.9902258
-0.99004805
-0.99023336
-0.9903065
-0.99034196
-0.99033004
-0.9898409
-0.98952514
-0.9906148
-0.990542
-0.988901
-0.9889173
-0.990429
-0.98991954
-0.98836404
-0.9905724
-0.9904009
-0.9884098
-0.9898633
-0.99079436
-0.99013793
-0.9874236
-0.99055403
-0.9877532
-0.99068993
-0.9892189
-0.9891119
-0.98892057
-0.99082327
-0.98997957
-0.9881071
-0.9902487
-0.9866035
-0.9884184
-0.98556346
-0.98677564
-0.98702574
-0.9877103
-0.9863108
-0.98902214
-0.98484737
-0.9879399
-0.9843524
-0.98463804
-0.9891939
-0.988078
-0.98780304
-0.98958254
-0.98519194
-0.9881029
-0.9837115
-0.9831522
-0.9898404
-0.9865624
-0.9889811
-0.9874909
-0.98747504
-0.9887542
-0.9867759
-0.98782355
-0.9873778
-0.98757553
-0.98768973
-0.9876976
-0.9879805
-0.9882365
-0.9886235
-0.9878641
-0.9895031
-0.9867418
-0.9860984
-0.9896648
-0.98711574
-0.9884381
-0.98666453
-0.98627144
-0.9896224
-0.98759544
-0.9900513
-0.9860782
-0.9870162
-0.9881898
-0.9883964
-0.9878734
-0.9887502
-0.98782575
-0.98862326
-0.988624
-0.98860526
-0.9895165
-0.98623335
-0.9880085
-0.98591757
-0.9874441
-0.9866037
-0.98609686
-0.98884016
-0.9877654
-0.98830634
-0.9893001
-0.9880308
-0.9900731
-0.988143
-0.99049586
-0.98817647
-0.98955303
-0.9898455
-0.9892777
-0.98898375
-0.9905892
-0.9882247
-0.9900947
-0.9908992
-0.9895211
-0.98876095
-0.9907302
-0.9895426
-0.98936087
-0.9904599
-0.98991513
-0.9901826
-0.98934793
-0.989792
-0.99058867
-0.9904829
-0.9893958
-0.98941034
-0.99003536
-0.98984355
-0.9905106
-0.99053466
-0.9896677
-0.9899183
-0.98976123
-0.9895402
-0.9900571
-0.9899547
-0.989735
-0.9899353
-0.98915815
-0.99007374
-0.9902614
-0.9897152
-0.98963916
-0.9895167
-0.99009025
-0.99045885
-0.9898837
-0.98941195
-0.99058896
-0.99093616
-0.9908025
-0.9895578
-0.9887092
-0.9908482
-0.9886908
-0.98937774
-0.989986
-0.9897791
-0.98917174
-0.99004185
-0.9901768
-0.99058896
-0.99052125
-0.99054724
-0.990421
-0.9891975
-0.9902913
-0.99073184
-0.99079025
-0.9904488
-0.99045736
-0.9905213
-0.98939335
-0.9881355
-0.9907003
-0.9870146
-0.9906529
-0.9860797
-0.98815626
-0.98564905
-0.98909265
-0.9837694
-0.9855019
-0.9879793
-0.9871507
-0.9874941
-0.9887638
-0.98646104
-0.9893623
-0.98415995
-0.9838532
-0.9898642
-0.98815686
-0.98888767
-0.99038833
-0.9859792
-0.98852
-0.985132
-0.9850196
-0.98882735
-0.98752904
-0.98794264
-0.98861516
-0.98742026
-0.9900932
-0.98703754
-0.9894898
-0.98456025
-0.98626757
-0.98657244
-0.9857841
-0.98842216
-0.98739094
-0.9875625
-0.9888281
-0.9864506
-0.9886228
-0.9852408
-0.9867833
-0.9882115
-0.9877104
-0.98811793
-0.9891219
-0.98670375
-0.98835605
-0.9858248
-0.9867932
-0.98771995
-0.9866333
-0.9884341
-0.9884295
-0.9866029
-0.9877063
-0.98720765
-0.9886648
-0.98625
-0.98662126
-0.98823243
-0.988184
-0.98766047
-0.98787814
-0.9882033
-0.9896798
-0.9872748
-0.9889861
-0.9868071
-0.98762167
-0.9865038
-0.98624134
-0.9894318
-0.98890364
-0.98816806
-0.9887196
-0.98875356
-0.9897821
-0.98879695
-0.9896779
-0.98788273
-0.9889796
-0.98781115
-0.98768824
-0.9900698
-0.98915493
-0.9899581
-0.9898342
-0.9879783
-0.99074084
-0.98734915
-0.9895664
-0.98381937
-0.98795354
-0.98491174
-0.9828409
-0.9902847
-0.980424
-0.98843855
-0.9835585
-0.9844627
-0.98789215
-0.98496366
-0.9884008
-0.9870254
-0.9869691
-0.9893023
-0.9867534
-0.98815495
-0.987975
-0.9870132
-0.98970604
-0.9872721
-0.98944503
-0.9854552
-0.9863364
-0.9877768
-0.98612386
-0.9900625
-0.98774004
-0.98831177
-0.98899025
-0.98853993
-0.98950267
-0.9889594
-0.9903891
-0.9899097
-0.9884349
-0.9901472
-0.9865012
-0.9888958
-0.98584914
-0.9838235
-0.9893768
-0.9858395
-0.98794
-0.98787266
-0.9870632
-0.98863864
-0.9874128
-0.9873135
-0.99001193
-0.9888148
-0.9895947
-0.9905524
-0.98758876
-0.9897788
-0.9861501
-0.9871293
-0.98864263
-0.98875993
-0.98852766
-0.9885674
-0.98934907
-0.9873607
-0.98903996
-0.98558646
-0.98854405
-0.98482597
-0.9830557
-0.9902861
-0.98033476
-0.9833813
-0.9874025
-0.98417217
-0.98962265
-0.9837009
-0.98404133
-0.9875057
-0.9846523
-0.9876147
-0.986771
-0.98617154
-0.98813874
-0.9875998
-0.9869433
-0.98998153
-0.987092
-0.9889965
-0.98688763
-0.9869686
-0.9894157
-0.9887186
-0.9891963
-0.98930466
-0.9891914
-0.98942107
-0.9900086
-0.988683
-0.99030113
-0.9893825
-0.98968923
-0.9904955
-0.99019814
-0.98921704
-0.99036527
-0.99036235
-0.99021864
-0.9896293
-0.9896815
-0.9907257
-0.990641
-0.9895096
-0.9900681
-0.9903049
-0.9904601
-0.99067634
-0.9904977
-0.9898439
-0.9900834
-0.98998773
-0.99022007
-0.99040043
-0.99003226
-0.98937666
-0.99086684
-0.99074805
-0.989603
-0.98998636
-0.98965245
-0.9902488
-0.9906064
-0.990709
-0.9901274
-0.9890543
