-0.59793454
-0.6183681
-0.63503635
-0.638393
-0.6518292
-0.6575887
-0.67203844
-0.6828544
-0.70297015
-0.7035508
-0.7121161
-0.72106045
-0.72475725
-0.744914
-0.745915
-0.7507665
-0.76555854
-0.7688614
-0.7767283
-0.77915907
-0.77738434
-0.77888143
-0.78247017
-0.77983105
-0.7850276
-0.7857199
-0.7755052
-0.78034633
-0.7813788
-0.77858514
-0.7820942
-0.78726196
-0.78422314
-0.7775279
-0.78563344
-0.7863229
-0.77446526
-0.78703547
-0.7915434
-0.7831879
-0.78671616
-0.78641754
-0.7875742
-0.78598356
-0.7936759
-0.79555
-0.788358
-0.78917015
-0.7924975
-0.7921858
-0.7907333
-0.7941455
-0.800615
-0.78895575
-0.79837614
-0.7969381
-0.79619104
-0.79611105
-0.79886425
-0.80138427
-0.80027723
-0.80489355
-0.7965286
-0.8043002
-0.8001637
-0.8011387
-0.81092143
-0.8055745
-0.8042893
-0.802584
-0.8049013
-0.8084811
-0.8058319
-0.8081814
-0.8064799
-0.8105603
-0.80821425
-0.8114826
-0.80668014
-0.8096243
-0.80849224
-0.812102
-0.8086485
-0.8029771
-0.81270295
-0.81255347
-0.81335557
-0.815548
-0.8130907
-0.8113001
-0.81535196
-0.818147
-0.81295025
-0.812857
-0.8130415
-0.819107
-0.81343293
-0.82188904
-0.81301975
-0.8177011
-0.81957734
-0.8208308
-0.8197931
-0.8187027
-0.8197815
-0.82200307
-0.8197685
-0.82221735
-0.8250311
-0.81657314
-0.82225966
-0.8205148
-0.82414335
-0.8236489
-0.8263575
-0.8251198
-0.82331604
-0.82105196
-0.8187711
-0.8218977
-0.82807755
-0.8291799
-0.83222955
-0.82866573
-0.8360942
-0.82680726
-0.8250086
-0.830102
-0.83201456
-0.828048
-0.8297673
-0.83822376
-0.838181
-0.8311277
-0.838441
-0.83646035
-0.83847094
-0.8420888
-0.83895814
-0.834324
-0.84109885
-0.8385796
-0.84701437
-0.843079
-0.8454656
-0.83937216
-0.84351003
-0.84664106
-0.8442262
-0.84511966
-0.8454729
-0.8471673
-0.8449012
-0.8451247
-0.84465605
-0.8494435
-0.8485227
-0.8528755
-0.8500641
-0.8461182
-0.8593412
-0.8602285
-0.8530401
-0.8531581
-0.8594695
-0.85744786
-0.85766995
-0.8574124
-0.85389405
-0.8597816
-0.85903007
-0.8550117
-0.8561046
-0.8647064
-0.86422503
-0.86060566
-0.8626205
-0.86105466
-0.8630706
-0.86525345
-0.8641299
-0.865844
-0.8641455
-0.86814094
-0.869568
-0.8692201
-0.86877745
-0.8706005
-0.8721903
-0.875446
-0.8723439
-0.8733363
-0.87450117
-0.8829836
-0.87729615
-0.8775408
-0.8778147
-0.8788889
-0.88196087
-0.8856759
-0.88212156
-0.8824316
-0.88687277
-0.8876498
-0.8881144
-0.88580763
-0.8876736
-0.8891386
-0.89273524
-0.88687176
-0.89141065
-0.895208
-0.8937623
-0.8944283
-0.8952545
-0.89466166
-0.8989732
-0.90072846
-0.8998443
-0.89867014
-0.90230435
-0.9051443
-0.90330195
-0.90359277
-0.90527195
-0.904201
-0.9079372
-0.9096516
-0.9096375
-0.9072947
-0.9096709
-0.90828127
-0.90971637
-0.91212803
-0.91284066
-0.9149194
-0.914676
-0.91502666
-0.91652185
-0.9150225
-0.9176144
-0.9191424
-0.9175489
-0.9198846
-0.92248195
-0.9190158
-0.92246276
-0.9213523
-0.9233533
-0.9225162
-0.9252092
-0.92616725
-0.9265676
-0.9295793
-0.9273806
-0.9264957
-0.9292988
-0.92803824
-0.93025595
-0.9300344
-0.93002284
-0.9315047
-0.9306101
-0.9311768
-0.93327487
-0.93087953
-0.9324302
-0.9338559
-0.93354243
-0.93321735
-0.9324991
-0.9342088
-0.9351774
-0.93430865
-0.93507564
-0.9371395
-0.934635
-0.93756986
-0.93607044
-0.9362013
-0.9364081
-0.93535256
-0.9368062
-0.9371122
-0.9375497
-0.9376451
-0.9376196
-0.93920034
-0.9403349
-0.9390963
-0.9371973
-0.940815
-0.94012797
-0.9398252
-0.94016
-0.9390245
-0.9404813
-0.943146
-0.9404937
-0.93974334
-0.9419095
-0.9432658
-0.9445861
-0.9422819
-0.9429966
-0.94266963
-0.9428277
-0.9435415
-0.94482434
-0.9434225
-0.9456124
-0.94339406
-0.94519436
-0.94704664
-0.94641936
-0.94692075
-0.94583154
-0.9456523
-0.945224
-0.9456948
-0.9465824
-0.94793224
-0.94754326
-0.9479899
-0.94771755
-0.94781
-0.948255
-0.9472572
-0.9489882
-0.94727206
-0.9485063
-0.94790256
-0.949626
-0.9483832
-0.9499921
-0.94832087
-0.95107096
-0.9502213
-0.94927114
-0.9508475
-0.950217
-0.9507357
-0.95166886
-0.9520804
-0.9522461
-0.95325
-0.95198196
-0.95210123
-0.95154506
-0.95213526
-0.9537247
-0.9538019
-0.9549151
-0.953131
-0.9527943
-0.95445997
-0.9547438
-0.95450085
-0.95545787
-0.9555487
-0.9558304
-0.9549624
-0.9549323
-0.9569983
-0.95574003
-0.9552477
-0.9553122
-0.95509064
-0.9557603
-0.95647764
-0.9571386
-0.9563714
-0.9569048
-0.95726746
-0.9573081
-0.95785403
-0.958408
-0.9579337
-0.9576611
-0.957039
-0.9571893
-0.95819026
-0.95785123
-0.9590227
-0.9584667
-0.95892394
-0.9595865
-0.95991486
-0.95948505
-0.9592408
-0.9590675
-0.9598589
-0.9597375
-0.961335
-0.95935225
-0.9601321
-0.9602606
-0.9608014
-0.96156305
-0.96060383
-0.96147764
-0.9609251
-0.96219945
-0.96055865
-0.9610411
-0.9611306
-0.96258557
-0.962014
-0.96178645
-0.9611642
-0.96225506
-0.9622393
-0.96369433
-0.9632059
-0.96422356
-0.9629261
-0.9632195
-0.96339375
-0.9641503
-0.9631793
-0.9634988
-0.96480256
-0.96402854
-0.9644798
-0.9646971
-0.96525264
-0.96481395
-0.9652702
-0.96498424
-0.9649349
-0.96548843
-0.96542704
-0.9665068
-0.9663347
-0.96618396
-0.9664913
-0.9662149
-0.9662859
-0.9669483
-0.96712154
-0.96690995
-0.96696824
-0.9671447
-0.9674511
-0.96745485
-0.96769434
-0.96886206
-0.9683115
-0.9685253
-0.96900356
-0.9693211
-0.968382
-0.9680439
-0.96908617
-0.96956444
-0.9691351
-0.9689693
-0.96898717
-0.96976846
-0.96856564
-0.97021633
-0.9695763
-0.9701482
-0.96979576
-0.97014
-0.9709343
-0.9700784
-0.9703325
-0.9704691
-0.97089744
-0.9708066
-0.97106457
-0.9708246
-0.9711403
-0.9708002
-0.9715751
-0.971788
-0.9710341
-0.9724859
-0.97230375
-0.9719462
-0.9720064
-0.9724961
-0.97316056
-0.97343814
-0.972329
-0.9724663
-0.9722025
-0.97269994
-0.9733793
-0.9734023
-0.9727287
-0.9729817
-0.9733766
-0.9727027
-0.9733015
-0.97237
-0.9734536
-0.97294074
-0.97347784
-0.9739156
-0.9737683
-0.97415555
-0.973822
-0.9737399
-0.9738908
-0.97493833
-0.974534
-0.97452974
-0.97444326
-0.97485244
-0.97489977
-0.97522485
-0.9753128
-0.97560257
-0.97602946
-0.97615486
-0.97544205
-0.9754696
-0.9758209
-0.9767625
-0.9769952
-0.97653353
-0.9771347
-0.97826445
-0.9775247
-0.9784772
-0.9782093
-0.9787876
-0.9794609
-0.9791222
-0.9796775
-0.9794578
-0.9800109
-0.98090315
-0.9792654
-0.9796492
-0.980365
-0.980249
-0.98000884
-0.9801075
-0.98018354
-0.9807456
-0.9804105
-0.9811105
-0.9806353
-0.9808418
-0.981127
-0.9819492
-0.981604
-0.9814569
-0.9815433
-0.98162675
-0.98190343
-0.98167014
-0.981854
-0.9820428
-0.9815095
-0.9818733
-0.9817136
-0.9822908
-0.9822382
-0.9824395
-0.98247266
-0.9827002
-0.9830789
-0.9831678
-0.9829385
-0.9827238
-0.9831942
-0.98263484
-0.98267543
-0.9829374
-0.9837683
-0.983413
-0.98356754
-0.98308986
-0.98319167
-0.9831347
-0.9840192
-0.98384523
-0.9829075
-0.984244
-0.98406416
-0.9840199
-0.98377866
-0.9846755
-0.98368603
-0.9839417
-0.98434466
-0.98385966
-0.98454046
-0.98475724
-0.9847907
-0.9844962
-0.9848242
-0.9845951
-0.9846601
-0.9845801
-0.98464954
-0.98490596
-0.9846401
-0.98494303
-0.9850884
-0.98523587
-0.9852805
-0.9845259
-0.9850069
-0.9851269
-0.9856242
-0.98539186
-0.9857967
-0.9859237
-0.98553735
-0.98618555
-0.98601747
-0.9855974
-0.9859405
-0.9862535
-0.9861908
-0.98602724
-0.985885
-0.9855907
-0.98635453
-0.9863505
-0.98635906
-0.986665
-0.98594385
-0.9865292
-0.98665226
-0.9870075
-0.98637706
-0.9863162
-0.9868913
-0.9868403
-0.9870689
-0.9871488
-0.98709625
-0.98701006
-0.9868265
-0.987135
-0.98737925
-0.9870627
-0.98702323
-0.987487
-0.9865508
-0.9871257
-0.9876199
-0.98719144
-0.9871313
-0.98725194
-0.98719513
-0.9876837
-0.987687
-0.98783475
-0.9880117
-0.9878151
-0.98792684
-0.9882275
-0.9881285
-0.98751044
-0.98817813
-0.98825467
-0.9878442
-0.9882861
-0.988271
-0.9880036
-0.9887449
-0.9880855
-0.98840994
-0.98843986
-0.98887056
-0.98825693
-0.9888405
-0.9888591
-0.9882461
-0.9886324
-0.98861194
-0.9885219
-0.9886604
-0.98901695
-0.9888236
-0.9890374
-0.9889911
-0.9892119
-0.9893871
-0.98943466
-0.9891858
-0.9890302
-0.98875934
-0.9893246
-0.9889194
-0.98898053
-0.9891626
-0.9888212
-0.98919046
-0.9890599
-0.98921967
-0.98898435
-0.9896065
-0.98920256
-0.9896358
-0.9899729
-0.9898151
-0.9899497
-0.98951256
-0.99022317
-0.98986703
-0.9901116
-0.98991185
-0.9900303
-0.9898393
-0.9902256
-0.98989856
-0.99034333
-0.9900297
-0.99089617
-0.9903232
-0.99052495
-0.9905218
-0.9907038
-0.99059117
-0.99074334
-0.9906917
-0.99085695
-0.99038947
-0.9907817
-0.99076694
-0.9905624
-0.99070483
-0.99101514
-0.9904469
-0.99091077
-0.9909898
-0.99113446
-0.9908674
-0.9907926
-0.9911936
-0.99161506
-0.9912765
-0.99116486
-0.9915281
-0.9909519
-0.990611
-0.99126714
-0.99112433
-0.9913465
-0.9912368
-0.99140227
-0.9913967
-0.9910653
-0.99143815
-0.9913533
-0.9915914
-0.991325
-0.99119717
-0.99158335
-0.99143076
-0.9913874
-0.9913771
-0.991287
-0.9913297
-0.9915484
-0.9917644
-0.9915335
-0.9916503
-0.99176157
-0.99187803
-0.99152553
-0.99199027
-0.99190617
-0.99187446
-0.99191505
-0.99144477
-0.9919066
-0.9919923
-0.99193215
-0.9919989
-0.99196756
-0.9920635
-0.9921867
-0.9923065
-0.99204916
-0.99215627
-0.9921421
-0.9923935
-0.9922396
-0.9920174
-0.99225795
-0.99250615
-0.9920962
-0.9917981
-0.9924214
-0.99182713
-0.99220204
-0.9926852
-0.99195516
-0.99243224
-0.99248797
-0.9918118
-0.9924068
-0.9920956
-0.9917284
-0.9926856
-0.9923018
-0.9922271
-0.9926367
-0.9926361
-0.99257034
-0.992793
-0.99208903
-0.99274015
-0.99215645
-0.9927406
-0.9927576
-0.9924243
-0.993025
-0.9920607
-0.9926849
-0.9925533
-0.9924351
-0.99262756
-0.9926233
-0.9928856
-0.992922
-0.99275887
-0.9927065
-0.9928558
-0.99297374
-0.992978
-0.99307036
-0.99306154
-0.9928097
-0.99277586
-0.9929974
-0.99306464
-0.9931673
-0.9927659
-0.9929913
-0.99273497
-0.99299353
-0.9930254
-0.9933696
-0.99344504
-0.9931813
-0.9933599
-0.9934052
-0.99307793
-0.99321055
-0.9932719
-0.99323994
-0.9933876
-0.9931341
-0.99317086
-0.9934037
-0.99345255
-0.99319845
-0.9931658
-0.9925989
-0.99272
-0.9937701
-0.99272895
-0.9933795
-0.9932069
-0.9930074
-0.9934511
-0.99329376
-0.9930772
-0.9934923
-0.99316466
-0.99382764
-0.9931351
-0.99361014
-0.9936105
-0.99341166
-0.99379224
-0.99359536
-0.9935608
-0.993319
-0.99346143
-0.99395037
-0.9937841
-0.99353004
-0.9936041
-0.9938891
-0.99388564
-0.9934163
-0.993754
-0.99393237
-0.9936376
-0.9934609
-0.9936714
-0.99394614
-0.9934363
-0.99316776
-0.99381953
-0.993715
-0.9934919
-0.99357283
-0.9940263
-0.99393487
-0.993816
-0.99391025
-0.9939786
-0.99400014
-0.99417764
-0.993982
-0.99391353
-0.99428844
-0.99413097
-0.9942717
-0.9940352
-0.9941375
-0.99413085
-0.99402136
-0.99418294
-0.99420315
-0.99399143
-0.9941471
-0.9940237
-0.99403703
-0.99397415
-0.9943486
-0.9944478
-0.9939582
-0.99401575
-0.99428856
-0.9943817
-0.99412334
-0.99398345
-0.9943193
-0.99441755
-0.99438876
-0.9943659
-0.9943173
-0.9944993
-0.9940516
-0.9943264
-0.99440706
-0.99449646
-0.99451697
-0.9944689
-0.9942827
-0.9946713
-0.994494
-0.99440527
-0.99432874
-0.9945454
-0.99472755
-0.9941596
-0.99413234
-0.9945623
-0.9948042
-0.99453115
-0.994253
-0.99481463
-0.994809
-0.99418396
-0.9942776
-0.9947894
-0.9945585
-0.9944658
-0.99490935
-0.99473697
-0.99449044
-0.99497604
-0.994877
-0.99462575
-0.9949302
-0.9947809
-0.9945674
-0.99481714
-0.99488014
-0.99452823
-0.9947649
-0.9948886
-0.99475384
-0.9948148
-0.9949559
-0.99499947
-0.9948297
-0.9943342
-0.99472404
-0.99498606
-0.9951064
-0.9951104
-0.99492383
-0.9950198
-0.99521065
-0.9950211
-0.99470615
-0.9949856
-0.99503255
-0.99521756
-0.99509305
-0.99490774
-0.9949973
-0.9951133
-0.99496776
-0.99467444
-0.99503005
-0.995257
-0.9952702
-0.9952095
-0.9949895
-0.9950728
-0.99533457
-0.995233
-0.99492
-0.9949673
-0.9951782
-0.9955045
-0.99506867
-0.9950717
-0.99532604
-0.995509
-0.9953498
-0.9951731
-0.99510825
-0.9952429
-0.9951512
-0.99540037
-0.99517566
-0.9953502
-0.9955036
-0.9951575
-0.9950983
-0.9954244
-0.9953953
-0.9954646
-0.9954105
-0.99535865
-0.99549335
-0.9952543
-0.99531
-0.9953238
-0.9954821
-0.995398
-0.9955865
-0.9954589
-0.99539554
-0.9952967
-0.9956485
-0.99563676
-0.9951216
-0.9951411
-0.9954696
-0.99572116
-0.9951356
-0.9950285
-0.995482
-0.99564296
-0.9957407
-0.9955712
-0.9954853
-0.99567574
-0.9956965
-0.99572164
-0.9957208
-0.9957672
-0.99589413
-0.9957271
-0.9956951
-0.9957804
-0.9956572
-0.99565995
-0.9958357
-0.9959199
-0.9957312
-0.9958173
-0.9956054
-0.9955621
-0.9956691
-0.9957828
-0.9958871
-0.9955658
-0.9955501
-0.995734
-0.9958324
-0.9959324
-0.99587893
-0.99595875
-0.9959739
-0.9959676
-0.9958948
-0.9957923
-0.9959132
-0.9959783
-0.9959741
-0.9959252
-0.9959059
-0.99592
-0.99608934
-0.9961118
-0.995975
-0.9959234
-0.99599034
-0.99608725
-0.9959619
-0.99568605
-0.99602664
-0.9961636
-0.99607503
-0.99600583
-0.99598306
-0.9961693
-0.9960645
-0.99574083
-0.9959991
-0.9963388
-0.9961619
-0.9959264
-0.9960743
-0.9963584
-0.9963779
-0.99611676
-0.9962028
-0.99623
-0.9962961
-0.9963613
-0.9962559
-0.99619335
-0.9963589
-0.99632555
-0.9964664
-0.9963078
-0.9964643
-0.9963458
-0.9963632
-0.996261
-0.9963149
-0.9965195
-0.9961143
-0.9962858
-0.99624425
-0.9962371
-0.9963668
-0.99642324
-0.9964867
-0.99629194
-0.9959569
-0.99623454
-0.9964428
-0.9965651
-0.99633
-0.9962793
-0.9963857
-0.99646294
-0.9962447
-0.9959916
-0.996035
-0.99639004
-0.9963485
-0.9962456
-0.99646395
-0.99633944
-0.9965369
-0.996587
-0.99643046
-0.9963113
-0.99644303
-0.9966025
-0.9967201
-0.9966263
-0.9965164
-0.9963699
-0.9963355
-0.99637455
-0.9963892
-0.9963537
-0.9964973
-0.9967038
-0.9969279
-0.99682826
-0.9966653
-0.99658346
-0.99659854
-0.9967644
-0.9967462
-0.9967975
-0.99677694
-0.9966861
-0.9967626
-0.9966982
-0.9968156
-0.99673945
-0.99676174
-0.9967498
-0.99690866
-0.9968057
-0.9966402
-0.99645865
-0.99608517
-0.99595654
-0.9961884
-0.9966068
-0.99679035
-0.99682057
-0.996568
-0.9962621
-0.99605876
-0.996403
-0.99687016
-0.99703413
-0.9968183
-0.9966946
-0.996744
-0.99670357
-0.9967139
-0.9967996
-0.99681944
-0.99696887
-0.9968165
-0.9964256
-0.99664426
-0.99704313
-0.99702424
-0.9967207
-0.9965474
-0.9966236
-0.9966822
-0.99667215
-0.99634236
-0.99657416
-0.99696875
-0.9970357
-0.99701107
-0.9967664
-0.9966374
-0.9967416
-0.99698794
-0.997076
-0.99696124
-0.99686354
-0.9968773
-0.9969196
-0.9970365
-0.9968775
-0.9968007
-0.9970305
-0.99708486
-0.99705446
-0.9969418
-0.9969029
-0.9969549
-0.99693805
-0.99658185
-0.99686825
-0.9971738
-0.9972703
-0.99718165
-0.99685544
-0.99690634
-0.99707425
-0.99720484
-0.99722487
-0.9971595
-0.9969755
-0.9969269
-0.9969251
-0.99709284
-0.99720186
-0.99720556
-0.9972411
-0.99717754
-0.9970621
-0.9969998
-0.9969428
-0.99706185
-0.99728477
-0.9972765
-0.9971197
-0.99673486
-0.9967517
-0.9971205
-0.9972173
-0.9972247
-0.9969498
-0.9967375
-0.9969295
-0.99694014
-0.99717045
-0.9971688
-0.9969815
-0.9967682
-0.9970196
-0.99728376
-0.9973137
-0.9968714
-0.99683493
-0.99696904
-0.9971893
-0.99734074
-0.99726427
-0.9971797
-0.9973996
-0.9973142
-0.9972319
-0.9970712
-0.9972271
-0.9973477
-0.997453
-0.99740726
-0.9973039
-0.9973597
-0.99736476
-0.997431
-0.9974191
-0.9973642
-0.9972673
-0.99736625
-0.9974638
-0.9973863
-0.99733615
-0.9973959
-0.99731624
-0.9971991
-0.9970807
-0.9971068
-0.99735916
-0.997449
-0.9974006
-0.99720407
-0.9968915
-0.9969055
-0.9971629
-0.9975109
-0.9975521
-0.99737805
-0.9972203
-0.9971787
-0.9973348
-0.99742776
-0.9975876
-0.9975549
-0.9974962
-0.99748176
-0.99755234
-0.9974813
-0.9975639
-0.9975309
-0.99751633
-0.99757004
-0.9975427
-0.99744356
-0.99738073
-0.99740994
-0.99749154
-0.99757296
-0.997426
-0.9974247
-0.99748427
-0.9976191
-0.99757916
-0.9975779
-0.9975782
-0.99749196
-0.9976199
-0.9975847
-0.9973157
-0.9974001
-0.9973718
-0.99757105
-0.99755156
-0.9976248
-0.99754554
-0.99753946
-0.9976495
-0.9976102
-0.9976719
-0.9976018
-0.99758136
-0.99754614
-0.9975146
-0.99746966
-0.9975435
-0.9974735
-0.9974553
-0.9975027
-0.9975573
-0.9976569
-0.9976644
-0.9976719
-0.9977213
-0.9977594
-0.9976845
-0.9976404
-0.9976389
-0.9976343
-0.99759716
-0.99756193
-0.9975492
-0.9975852
-0.99753845
-0.9975552
-0.99763024
-0.9977033
-0.9977014
-0.9976413
-0.9975073
-0.99737734
-0.99741274
-0.997592
-0.99760413
-0.9976085
-0.99765766
-0.9976361
-0.99756426
-0.9975976
-0.99766874
-0.99774706
-0.9977211
-0.99758005
-0.99754304
-0.9975762
-0.99778503
-0.99777746
-0.99773765
-0.9973886
-0.9975418
-0.99767613
-0.9978512
-0.9977713
-0.997658
-0.99768496
-0.9976914
-0.9976602
-0.9977585
-0.99779654
-0.9976378
-0.9975194
-0.99753195
-0.9976355
-0.997704
-0.9977228
-0.99763095
-0.9975138
-0.99754316
-0.9977521
-0.9978141
-0.9978127
-0.9978282
-0.99785334
-0.9976352
-0.99755555
-0.9973994
-0.997487
-0.99787426
-0.997925
-0.9976392
-0.9973381
-0.99730694
-0.9975687
-0.99779904
-0.9978624
-0.9978535
-0.99783856
-0.9978246
-0.99778837
-0.9977773
-0.99779147
-0.99774194
-0.99784374
-0.997779
-0.9977985
-0.9977867
-0.99785185
-0.9978841
-0.99794316
-0.99795705
-0.9978582
-0.997714
-0.9975489
-0.9976227
-0.9977802
-0.9979032
-0.9979267
-0.9979569
-0.99791956
-0.99797493
-0.9979522
-0.9979369
-0.997936
-0.9978395
-0.9979036
-0.99788773
-0.997838
-0.9978739
-0.997897
-0.997893
-0.99794614
-0.9980162
-0.99795747
-0.99796665
-0.99788886
-0.9978869
-0.9978743
-0.99788564
-0.99794424
-0.9977988
-0.99769646
-0.9977585
-0.9978913
-0.9979286
-0.9979797
-0.99792725
-0.99760294
-0.9972641
-0.99729097
-0.99759835
-0.9979781
-0.99798906
-0.9978375
-0.997672
-0.9975802
-0.9978524
-0.9980045
-0.9979637
-0.99785274
-0.9975731
-0.9974644
-0.99768525
-0.99783343
-0.99797314
-0.9981397
-0.99801517
-0.9980402
-0.9980498
-0.99793196
-0.9979628
-0.99796116
-0.9980392
-0.9980334
-0.99805665
-0.99799466
-0.9979067
-0.9978203
-0.9978487
-0.9979844
-0.9979966
-0.9980793
-0.9980053
-0.9979425
-0.9978721
-0.9979056
-0.99782264
-0.99789476
-0.99789834
-0.9980416
-0.9981118
-0.998054
-0.9980529
-0.99796283
-0.9979413
-0.99793667
-0.9980573
-0.9980736
-0.9979614
-0.99790984
-0.9977229
-0.9977896
-0.99799573
-0.99816495
-0.99796635
-0.9976935
-0.9976268
-0.99794
-0.9981155
-0.99799764
-0.99778545
-0.99767953
-0.9977647
-0.9979853
-0.99810547
-0.9980177
-0.99801236
-0.99804354
-0.99806106
-0.9980906
-0.9980847
-0.9980904
-0.99809575
-0.99812615
-0.99812955
-0.99807096
-0.99795747
-0.9980001
-0.99803066
-0.9981516
-0.9981582
-0.99800086
-0.9979995
-0.997868
-0.99800456
-0.99802065
-0.9979856
-0.9980101
-0.9980912
-0.9981211
-0.99804723
-0.9979859
-0.9979149
-0.9978076
-0.9978402
-0.99789166
-0.9979874
-0.9980277
-0.9981582
-0.9980917
-0.99807435
-0.9980944
-0.99807507
-0.9980849
-0.9980945
-0.99813527
-0.9981782
-0.9981446
-0.99817175
-0.99799883
-0.9979318
-0.9979446
-0.99791527
-0.99802476
-0.9981311
-0.99818456
-0.99811906
-0.9981545
-0.9981587
-0.9981972
-0.9981629
-0.9980668
-0.99801123
-0.998005
-0.99813426
-0.99817365
-0.99811345
-0.9978213
-0.9976343
-0.99776375
-0.99805534
-0.99821144
-0.99824613
-0.99808264
-0.99795103
-0.9978445
-0.99793285
-0.99804825
-0.998189
-0.9981684
-0.99811506
-0.9979891
-0.9978463
-0.99776137
-0.99773514
-0.9980003
-0.9981473
-0.9982372
-0.9980762
-0.9979779
-0.9978531
-0.9980488
-0.9982093
-0.9981758
-0.9981873
-0.9980145
-0.998037
-0.9981665
-0.99820846
-0.9981506
-0.99804175
-0.99794966
-0.99796575
-0.99798584
-0.9981073
-0.9982365
-0.99820095
-0.9980712
-0.9980214
-0.99804515
-0.9982402
-0.9982777
-0.998272
-0.99815434
-0.99797595
-0.99800265
-0.99807614
-0.9981938
-0.99819046
-0.9982568
-0.99821675
-0.9982442
-0.99821633
-0.9982203
-0.998239
-0.99813956
-0.99815434
-0.9981597
-0.9983018
-0.9982725
-0.9982718
-0.9982265
-0.9982757
-0.9982345
-0.9982798
-0.9982861
-0.9982159
-0.9981566
-0.99799126
-0.99791723
-0.9981672
-0.9982803
-0.9982612
-0.99809057
-0.99797106
-0.9980775
-0.99817586
-0.9982342
-0.99831116
-0.99831253
-0.99823284
-0.9981882
-0.9981823
-0.9981784
-0.9982397
-0.9983081
-0.99831027
-0.9983299
-0.9983432
-0.9982876
-0.9982195
-0.9981956
-0.9981482
-0.99806887
-0.9980591
-0.9980149
-0.9980891
-0.9981179
-0.998041
-0.9980193
-0.99816513
-0.9982069
-0.99820745
-0.99805206
-0.9980036
-0.99812704
-0.99828416
-0.99819267
-0.9980275
-0.9980998
-0.9982443
-0.9983092
-0.99832207
-0.99828196
-0.998219
-0.9982021
-0.998284
-0.99839264
-0.9983468
-0.998373
-0.9983026
-0.99839246
-0.99830955
-0.9983521
-0.99842215
-0.998334
-0.99834687
-0.99839675
-0.9983478
-0.9983077
-0.9982649
-0.9982038
-0.9981935
-0.9982824
-0.99840856
-0.9983889
-0.9982455
-0.9982201
-0.99806136
-0.9980408
-0.99823874
-0.998333
-0.998374
-0.99845314
-0.9983855
-0.9982857
-0.99822164
-0.9981446
-0.9980884
-0.9981167
-0.99825865
-0.99830943
-0.99835163
-0.9983905
-0.99838424
-0.99832237
-0.9983485
-0.9982828
-0.9983701
-0.9983283
-0.99837244
-0.998346
-0.9983696
-0.9984349
-0.9984243
-0.99835706
-0.9982941
-0.99821055
-0.99820316
-0.9982169
-0.99835134
-0.9983598
-0.99843997
-0.9984106
-0.99829996
-0.99814713
-0.9980524
-0.9979688
-0.99806845
-0.9982866
-0.9982145
-0.99802697
-0.998068
-0.99830115
-0.99826235
-0.9980715
-0.9980223
-0.99823856
-0.99836046
-0.9983971
-0.9982797
-0.9981621
-0.998213
-0.9982978
-0.9984274
-0.9982705
-0.9980016
-0.9978937
-0.9981572
-0.99839985
-0.99841
-0.9982334
-0.9981859
-0.9983887
-0.9984327
-0.99834484
-0.99824905
-0.99836373
-0.99842155
-0.998376
-0.9982934
-0.9982033
-0.9982142
-0.99839187
-0.99845463
-0.9984034
-0.99828535
-0.99829775
-0.9982689
-0.99833506
-0.9983383
-0.998445
-0.99841076
-0.99832606
-0.9981451
-0.99820095
-0.9982268
-0.998343
-0.9983982
-0.99826974
-0.99827516
-0.9984009
-0.99844867
-0.99844193
-0.9983669
-0.9983309
-0.9983278
-0.9984024
-0.99845576
-0.9984146
-0.99835914
-0.9984582
-0.99848557
-0.99847174
-0.99845123
-0.9984179
-0.9984512
-0.9984528
-0.998454
-0.998442
-0.99847376
-0.9983917
-0.9983661
-0.9983909
-0.99842685
-0.9984671
-0.99847317
-0.9984989
-0.99845046
-0.9983308
-0.9982651
-0.99820465
-0.99820036
-0.99821
-0.998328
-0.99840283
-0.99849385
-0.9984657
-0.9984347
-0.99838984
-0.9983684
-0.99846786
-0.998419
-0.9983794
-0.9982902
-0.9982655
-0.9983669
-0.9984509
-0.9984258
-0.99839294
-0.9983195
-0.99842304
-0.9985421
-0.9984732
-0.998362
-0.99834037
-0.9984639
-0.99847233
-0.9984998
-0.9984723
-0.9984472
-0.9984843
-0.9985033
-0.99847794
-0.9983953
-0.9984231
-0.9984098
-0.9983854
-0.9983291
-0.9983726
-0.9983266
-0.9982013
-0.99817264
-0.9982154
-0.9982541
-0.9983478
-0.99849916
-0.99855053
-0.9984363
-0.9983459
-0.9983093
-0.99826515
-0.998285
-0.99818575
-0.99825335
-0.99825484
-0.9982454
-0.99840623
-0.99846345
-0.99850285
-0.9985122
-0.99845153
-0.99841046
-0.998439
-0.99849653
-0.99854016
-0.9984721
-0.9985073
-0.9984682
-0.9985168
-0.9983209
-0.998249
-0.9982381
-0.9981923
-0.99820894
-0.9982753
-0.9983859
-0.99840385
-0.99844223
-0.99852335
-0.99847955
-0.9983568
-0.9983751
-0.99836713
-0.99838984
-0.998306
-0.99832124
-0.998356
-0.99836326
-0.99831057
-0.99832296
-0.9983057
-0.9982727
-0.99823165
-0.9981084
-0.9981137
-0.9980261
-0.99820393
-0.9983691
-0.9984865
-0.9984859
-0.998452
-0.99833035
-0.99821126
-0.99813676
-0.99815285
-0.9982751
-0.99839944
-0.99853873
-0.99855304
-0.9984042
-0.9983636
-0.9983785
-0.99837697
-0.9984755
-0.99854624
-0.9985
-0.9984607
-0.99855256
-0.9985298
-0.9984351
-0.99848044
-0.99851346
-0.99846417
-0.99851865
-0.9985636
-0.9985279
-0.9984483
-0.9983505
-0.9982793
-0.998269
-0.9983618
-0.9983626
-0.9983775
-0.9983737
-0.99847007
-0.99854696
-0.9985771
-0.998493
-0.9984886
-0.9984551
-0.998456
-0.9985177
-0.99838907
-0.99835587
-0.99828875
-0.998409
-0.9984792
-0.99854684
-0.9984279
-0.9981782
-0.99810624
-0.99826807
-0.9983724
-0.9984477
-0.998483
-0.99849105
-0.9983614
-0.99823904
-0.9982518
-0.99843305
-0.99851465
-0.99849683
-0.99856436
-0.9984921
-0.9985039
-0.9984629
-0.99844825
-0.9983984
-0.99835354
-0.9984595
-0.9985059
-0.9984985
-0.9984523
-0.99848133
-0.9985139
-0.9985923
-0.9985665
-0.9985222
-0.9984883
-0.9983647
-0.99841124
-0.99838734
-0.99850124
-0.9985143
-0.99855477
-0.9985956
-0.9985619
-0.99859565
-0.9985566
-0.9985955
-0.9985341
-0.9984337
-0.99844146
-0.99846166
-0.99856704
-0.99865454
-0.9986237
-0.99851376
-0.9984468
-0.9983278
-0.9982865
-0.99832916
-0.9984337
-0.99843013
-0.9985541
-0.9985221
-0.9985181
-0.9985279
-0.99844575
-0.9983546
-0.9982297
-0.9981019
-0.9981607
-0.99822354
-0.9982492
-0.9983886
-0.99851626
-0.9985501
-0.9984828
-0.99836785
-0.99831116
-0.9983123
-0.9983988
-0.9984249
-0.9984178
-0.9984722
-0.998554
-0.99859804
-0.9985346
-0.9985438
-0.9984576
-0.9984782
-0.99838907
-0.9984818
-0.9984575
-0.99858534
-0.9986264
-0.9985768
-0.9984202
-0.9982374
-0.9980445
-0.9981779
-0.99843657
-0.9985968
-0.9985104
-0.9982814
-0.9980584
-0.99802095
-0.9982454
-0.99848247
-0.9985419
-0.9985729
-0.99840176
-0.9982605
-0.9982377
-0.99836487
-0.9985309
-0.998607
-0.99858433
-0.9985079
-0.9983865
-0.99841905
-0.9984785
-0.9986105
-0.9985999
-0.99862766
-0.99857086
-0.9985625
-0.9985521
-0.99850255
-0.99846864
-0.9985017
-0.99851227
-0.9985656
-0.9985388
-0.9985689
-0.9985926
-0.9985601
-0.99849564
-0.9984448
-0.99847186
-0.99853617
-0.99854827
-0.99855864
-0.9985534
-0.9985098
-0.99846596
-0.9984262
-0.9984805
-0.9984975
-0.99845344
-0.9984355
-0.998505
-0.9985094
-0.9986105
-0.9986333
-0.9986095
-0.9986577
-0.9986107
-0.9985959
-0.998622
-0.9986403
-0.99863917
-0.9986172
-0.9985799
-0.9985757
-0.99861324
-0.99851054
-0.9985666
-0.99852514
-0.99858147
-0.9986429
-0.9986011
-0.9986715
-0.9985621
-0.99854404
-0.99851197
-0.9986307
-0.99865067
-0.99864304
-0.99860144
-0.99855256
-0.9985205
-0.9984467
-0.9984522
-0.9984901
-0.9986301
-0.99860907
-0.9985936
-0.99850965
-0.9985506
-0.9986561
-0.9986776
-0.99856675
-0.9985803
-0.9985467
-0.99866843
-0.9986733
-0.99865943
-0.9986119
-0.9985484
-0.9985382
-0.99865025
-0.99868834
-0.9986206
-0.99857163
-0.9985672
-0.99859184
-0.9986399
-0.99865085
-0.9985394
-0.99840397
-0.998304
-0.99827766
-0.99835277
-0.99849486
-0.9985676
-0.99858236
-0.99856853
-0.99856156
-0.9985828
-0.99865687
-0.9986594
-0.9986486
-0.99870026
-0.9986247
-0.9985502
-0.9983971
-0.998275
-0.99823654
-0.9983297
-0.9985217
-0.99855644
-0.99866974
-0.99862826
-0.99856573
-0.9985358
-0.99840766
-0.9983899
-0.9985165
-0.9986291
-0.99865866
-0.99859047
-0.99833316
-0.99824023
-0.99838585
-0.9985803
-0.99868524
-0.9987024
-0.9986108
-0.9985454
-0.9985581
-0.9985776
-0.99864465
-0.9986406
-0.99862117
-0.9984922
-0.9984086
-0.998479
-0.99853086
-0.998545
-0.99859905
-0.9986379
-0.998589
-0.99860233
-0.9985583
-0.9984576
-0.9985029
-0.9985707
-0.9986083
-0.9986711
-0.99855965
-0.9984813
-0.99821115
-0.9981342
-0.99835205
-0.99858296
-0.9987261
-0.99856955
-0.99825853
-0.9981617
-0.99845296
-0.9986469
-0.9986931
-0.9985398
-0.9983825
-0.9983846
-0.9984555
-0.9986
-0.9986562
-0.99869835
-0.9986723
-0.99863935
-0.9985779
-0.9985299
-0.99845
-0.99853146
-0.99861234
-0.99866927
-0.99868864
-0.9987535
-0.99871695
-0.99865067
-0.99867743
-0.998641
-0.99864435
-0.9986978
-0.99872583
-0.99864423
-0.9986432
-0.99863285
-0.9986304
-0.9986314
-0.99873745
-0.9987469
-0.9986813
-0.9986603
-0.9986448
-0.9986955
-0.99876994
-0.99874645
-0.9987295
-0.9987339
-0.99869734
-0.99870765
-0.99873805
-0.9986939
-0.99864566
-0.9986171
-0.9986043
-0.9985472
-0.99853826
-0.99855876
-0.9985335
-0.9985057
-0.9985266
-0.9986023
-0.99869823
-0.99871445
-0.99868375
-0.99862826
-0.99859625
-0.99854225
-0.99857384
-0.9986017
-0.9986551
-0.99864805
-0.99868786
-0.9986453
-0.9986581
-0.99862856
-0.9985265
-0.9984946
-0.99855745
-0.998579
-0.9985555
-0.998538
-0.9985529
-0.9985016
-0.99849725
-0.9983886
-0.99846774
-0.99857116
-0.9986428
-0.9986185
-0.9985376
-0.99836844
-0.9983767
-0.99846905
-0.99864113
-0.99863774
-0.99852824
-0.99841034
-0.9983969
-0.9985641
-0.99872065
-0.99874896
-0.99870455
-0.9986635
-0.99861574
-0.99868447
-0.99871606
-0.9987535
-0.9987462
-0.998738
-0.99869907
-0.99859166
-0.9985853
-0.9986768
-0.9986882
-0.9987518
-0.99868566
-0.99854666
-0.99855745
-0.9986377
-0.99869436
-0.99876046
-0.998738
-0.9987266
-0.99875385
-0.9987211
-0.99855286
-0.9985695
-0.99853516
-0.9985826
-0.9986657
-0.99879706
-0.9987236
-0.9986947
-0.99860245
-0.998588
-0.99855024
-0.99857914
-0.9986544
-0.99872816
-0.9987535
-0.9987943
-0.99873936
-0.9987458
-0.9987371
-0.9987645
-0.9987636
-0.99876195
-0.9987557
-0.9987315
-0.9987736
-0.9987904
-0.9987928
-0.9987661
-0.998707
-0.9986055
-0.9985655
-0.9985955
-0.9986459
-0.99875546
-0.9987214
-0.99875647
-0.99869174
-0.99868244
-0.99861175
-0.9985824
-0.99859965
-0.99849594
-0.9984413
-0.9984117
-0.99852943
-0.99870455
-0.9988035
-0.9987357
-0.9986266
-0.998385
-0.99843746
-0.99869716
-0.99879426
-0.9985911
-0.9982002
-0.9981561
-0.9985047
-0.99871004
-0.9987111
-0.99866617
-0.99861956
-0.99857634
-0.9986593
-0.99877924
-0.9987603
-0.99871397
-0.9986016
-0.9985193
-0.99862796
-0.9988122
-0.9987638
-0.99866265
-0.99854445
-0.9984467
-0.99852175
-0.99872494
-0.9987864
-0.99882555
-0.99870735
-0.99861676
-0.9985525
-0.9986212
-0.99877167
-0.9988149
-0.99880135
-0.9987781
-0.99874425
-0.9988277
-0.9988019
-0.9987618
-0.99879515
-0.9987354
-0.9985397
-0.99854356
-0.9986154
-0.9987419
-0.9987565
-0.99872607
-0.99864525
-0.99858963
-0.9986822
-0.99875724
-0.99880433
-0.99867946
-0.99866927
-0.99871355
-0.9987055
-0.99868715
-0.9986468
-0.99857676
-0.99863
-0.9986677
-0.9987625
-0.9988136
-0.998752
-0.9986803
-0.9985722
-0.9985233
-0.99850893
-0.9985097
-0.9985044
-0.9984347
-0.9984823
-0.99863714
-0.9987558
-0.99875766
-0.9985446
-0.9984381
-0.9984129
-0.9985124
-0.99868315
-0.99874014
-0.99876684
-0.99873906
-0.99879664
-0.99876
-0.9987497
-0.99868095
-0.9986148
-0.99860513
-0.9986687
-0.99873954
-0.9987607
-0.9987168
-0.9986254
-0.99866515
-0.9987043
-0.9987694
-0.998765
-0.99877363
-0.9987239
-0.99880344
-0.99876595
-0.99877006
-0.9987596
-0.9988043
-0.9988352
-0.9988303
-0.99881554
-0.9987596
-0.998794
-0.9987793
-0.99880826
-0.99874896
-0.9987364
-0.9986897
-0.9987268
-0.998805
-0.9988129
-0.998798
-0.99877405
-0.9987471
-0.9987375
-0.9987837
-0.9987975
-0.9987445
-0.99858254
-0.99846214
-0.9983773
-0.9984148
-0.99854714
-0.9986676
-0.99875987
-0.99884397
-0.9987932
-0.99876904
-0.9987105
-0.99869347
-0.99876696
-0.9988023
-0.99878
-0.99878657
-0.99879724
-0.9987952
-0.99883956
-0.9987856
-0.9987503
-0.9987118
-0.998676
-0.99875236
-0.99881876
-0.99882704
-0.9987695
-0.99866354
-0.99852747
-0.9986393
-0.9986957
-0.9987801
-0.9988359
-0.9988166
-0.9987543
-0.9986878
-0.9986561
-0.9987001
-0.9987839
-0.99884033
-0.9988804
-0.99877834
-0.99881864
-0.99876016
-0.9986871
-0.9986226
-0.99860775
-0.9986488
-0.9986986
-0.9987741
-0.9988036
-0.99888253
-0.99886394
-0.99881977
-0.99886584
-0.9988222
-0.99876606
-0.99868417
-0.998634
-0.99858314
-0.99852663
-0.99856335
-0.9986318
-0.99875605
-0.9988499
-0.9987454
-0.99853873
-0.9983591
-0.9983818
-0.99845785
-0.99855286
-0.9986386
-0.9987503
-0.998854
-0.9988888
-0.9988362
-0.998791
-0.99866945
-0.99868125
-0.9987818
-0.9988443
-0.99888754
-0.99882853
-0.9988107
-0.9987765
-0.9987919
-0.9988302
-0.9988412
-0.9988743
-0.9988521
-0.9988169
-0.9988088
-0.998863
-0.99884075
-0.9988132
-0.99868053
-0.99858946
-0.99848706
-0.9985213
-0.9985592
-0.998631
-0.99876183
-0.9988532
-0.998823
-0.9987835
-0.99869466
-0.99869585
-0.99863416
-0.9987124
-0.9987848
-0.9988203
-0.9988577
-0.99889827
-0.9988287
-0.9988232
-0.9988072
-0.99881935
-0.9988409
-0.99880576
-0.9988241
-0.99884236
-0.9988571
-0.9988177
-0.9988327
-0.998812
-0.99879193
-0.99885714
-0.99888605
-0.9988652
-0.99879444
-0.9988021
-0.9988352
-0.9988254
-0.9987936
-0.9988142
-0.99887496
-0.99884295
-0.9988449
-0.99883413
-0.99882615
-0.9988426
-0.9988568
-0.99885786
-0.9988295
-0.99886423
-0.998862
-0.99884105
-0.99880546
-0.99877673
-0.99873126
-0.9986732
-0.9986849
-0.99874735
-0.9987775
-0.9988128
-0.9988609
-0.9988446
-0.99884725
-0.99881136
-0.99883676
-0.99884284
-0.99875003
-0.99873924
-0.9987741
-0.99878436
-0.9988303
-0.99876255
-0.9986933
-0.99864054
-0.9986935
-0.99880385
-0.9988505
-0.9988438
-0.9988963
-0.9988664
-0.9988389
-0.99881977
-0.99881345
-0.99883616
-0.9988272
-0.9987972
-0.9988377
-0.9987442
-0.99878424
-0.9987341
-0.99873245
-0.9987915
-0.99881446
-0.99887246
-0.99882656
-0.9987761
-0.99873054
-0.998767
-0.9988251
-0.99885607
-0.99890184
-0.9988654
-0.99865085
-0.99852836
-0.9985169
-0.9985563
-0.9985175
-0.998385
-0.99841285
-0.9987042
-0.9988505
-0.99880636
-0.9985128
-0.9983265
-0.9984008
-0.9986429
-0.99874127
-0.9988423
-0.9988587
-0.99881834
-0.998825
-0.99882877
-0.9988255
-0.99887604
-0.99885815
-0.9988294
-0.9988258
-0.99877816
-0.9988444
-0.9988945
-0.99889797
-0.9989047
-0.9988776
-0.99886423
-0.9987942
-0.9987265
-0.9986938
-0.99869585
-0.99869525
-0.99872243
-0.99869806
-0.9986917
-0.9987711
-0.99883914
-0.9988294
-0.99883455
-0.9988499
-0.9988242
-0.9988882
-0.99885887
-0.9988325
-0.9987689
-0.9987071
-0.9987299
-0.9987968
-0.9988508
-0.99893177
-0.99891186
-0.998836
-0.9987908
-0.99872565
-0.9986151
-0.9986311
-0.99877465
-0.9988826
-0.99890107
-0.9989008
-0.9987809
-0.9986476
-0.9984829
-0.99844617
-0.9984802
-0.9986439
-0.9988896
-0.9988682
-0.9989123
-0.9988962
-0.9988405
-0.9987655
-0.9987629
-0.9987524
-0.99878144
-0.9988051
-0.99887353
-0.9989243
-0.9989243
-0.9988537
-0.99885577
-0.99881536
-0.99883616
-0.9988327
-0.9988298
-0.9988726
-0.99888676
-0.9988898
-0.9988613
-0.99882716
-0.9988215
-0.99882627
-0.99883103
-0.99879074
-0.9988153
-0.99884915
-0.9989275
-0.9988632
-0.9989032
-0.9989117
-0.998859
-0.9988772
-0.9988973
-0.9989402
-0.99882644
-0.99874836
-0.99868774
-0.9986908
-0.9987848
-0.99876106
-0.99864805
-0.998476
-0.99846715
-0.99858534
-0.9987338
-0.9988507
-0.99888676
-0.9988301
-0.9987442
-0.9986028
-0.99854594
-0.99856645
-0.9987377
-0.9989339
-0.99890625
-0.9988325
-0.998773
-0.9987219
-0.9987261
-0.9987958
-0.99882233
-0.9989075
-0.9989408
-0.99891996
-0.99889284
-0.99874914
-0.99874085
-0.9986922
-0.9987257
-0.9987747
-0.9988547
-0.9988987
-0.9989114
-0.99885184
-0.9987719
-0.99874216
-0.9988078
-0.99885416
-0.9988578
-0.9988319
-0.99872893
-0.9986678
-0.9986752
-0.9986589
-0.9987279
-0.99879813
-0.9989331
-0.9989374
-0.998938
-0.9989246
-0.99890554
-0.9988558
-0.998812
-0.9987933
-0.9988073
-0.99884033
-0.9989135
-0.9989046
-0.9988966
-0.9988787
-0.9987256
-0.9985558
-0.99848384
-0.99846077
-0.9985661
-0.9987534
-0.99888194
-0.99893844
-0.99889
-0.9988485
-0.9987281
-0.99864936
-0.9986373
-0.99879223
-0.998863
-0.99895614
-0.99896115
-0.9988814
-0.9987918
-0.998729
-0.99869704
-0.99867076
-0.9987622
-0.99888813
-0.9989103
-0.9989055
-0.9988615
-0.9987327
-0.9986771
-0.9985807
-0.9984728
-0.9984556
-0.9986842
-0.9989054
-0.9989535
-0.99876136
-0.9985185
-0.99838376
-0.99846053
-0.9985839
-0.9988354
-0.9989048
-0.9989469
-0.9989644
-0.9989313
-0.9989527
-0.99895555
-0.99893624
-0.99895287
-0.9989755
-0.998927
-0.9989161
-0.99893016
-0.99895304
-0.9989624
-0.9989516
-0.99898994
-0.9989405
-0.99888754
-0.9988812
-0.9988002
-0.99886024
-0.9989129
-0.99890524
-0.9989163
-0.9989151
-0.99881935
-0.99886537
-0.9989069
-0.998911
-0.99897605
-0.9989312
-0.99890834
-0.9988903
-0.9989016
-0.99891675
-0.9988999
-0.99898255
-0.9989798
-0.9989781
-0.9989638
-0.9989246
-0.99888563
-0.99887526
-0.99887615
-0.9989652
-0.9989631
-0.9989243
-0.9989518
-0.9988473
-0.99878144
-0.99872017
-0.99885213
-0.9989491
-0.99892604
-0.9988296
-0.9986985
-0.99853814
-0.99847364
-0.9985641
-0.9987735
-0.9989336
-0.99896777
-0.99895597
-0.9988734
-0.99881876
-0.99873585
-0.9987596
-0.9988373
-0.9988538
-0.99891376
-0.9989436
-0.99888736
-0.9989015
-0.99887496
-0.9988864
-0.9989289
-0.9989153
-0.9989049
-0.9988809
-0.998878
-0.9988316
-0.99885565
-0.9989334
-0.998959
-0.99896544
-0.9989222
-0.9989347
-0.9989617
-0.99892473
-0.99889874
-0.9989295
-0.99892455
-0.998906
-0.99882483
-0.99872464
-0.99869794
-0.99871165
-0.998785
-0.9989169
-0.99898285
-0.9989549
-0.99891174
-0.99885285
-0.9987104
-0.998585
-0.99866915
-0.99889636
-0.99900454
-0.9989055
-0.99882305
-0.998743
-0.99879056
-0.99889916
-0.99897534
-0.9990055
-0.99891686
-0.9988168
-0.9987666
-0.99884266
-0.99891484
-0.9989741
-0.9990093
-0.9989641
-0.9989768
-0.9989158
-0.99892795
-0.99893457
-0.998961
-0.99891025
-0.9989384
-0.9989193
-0.9988621
-0.99891275
-0.9989232
-0.99895525
-0.998983
-0.9989965
-0.99897575
-0.9989788
-0.9989896
-0.9989395
-0.9988841
-0.9988736
-0.9988341
-0.9988507
-0.9988998
-0.9989118
-0.9988942
-0.99886453
-0.99887824
-0.998877
-0.9988859
-0.9989542
-0.9989858
-0.9989747
-0.9989421
-0.9988242
-0.9986977
-0.99866974
-0.9987334
-0.9988462
-0.9989384
-0.99900216
-0.9989971
-0.99898523
-0.9989597
-0.99895376
-0.9989535
-0.9989748
-0.99898744
-0.9989389
-0.9989678
-0.9988979
-0.99892247
-0.9989413
-0.9989276
-0.99896973
-0.9989643
-0.99901265
-0.9989282
-0.998876
-0.9987878
-0.998702
-0.9987052
-0.99875414
-0.9988026
-0.9988271
-0.99887556
-0.9988453
-0.9988931
-0.9989005
-0.99896276
-0.9989773
-0.9989739
-0.9990307
-0.9990439
-0.9990101
-0.99903446
-0.9990233
-0.9990074
-0.9990013
-0.9989661
-0.9989031
-0.9988778
-0.9987805
-0.9987364
-0.9987535
-0.99885297
-0.9989374
-0.9990119
-0.99901736
-0.9990066
-0.99894845
-0.9988943
-0.99878377
-0.9986642
-0.99844295
-0.99838126
-0.998589
-0.99883884
-0.9989578
-0.999034
-0.9990006
-0.9989017
-0.9988287
-0.99880004
-0.9988409
-0.99886894
-0.99889153
-0.99892277
-0.99896556
-0.9989928
-0.99898005
-0.9990236
-0.99896806
-0.9989228
-0.9988487
-0.99877703
-0.9987011
-0.99868476
-0.9987144
-0.998791
-0.99885553
-0.9989375
-0.9989812
-0.99902546
-0.99900746
-0.9989932
-0.9989524
-0.9990167
-0.99897593
-0.998923
-0.9989164
-0.9989305
-0.9989892
-0.9989798
-0.9989971
-0.99901843
-0.99901813
-0.99894226
-0.9988364
-0.99874204
-0.9987018
-0.99871755
-0.9988041
-0.99882215
-0.99893796
-0.9990335
-0.99901056
-0.99894
-0.998855
-0.99880785
-0.9988327
-0.99890727
-0.9989659
-0.99896747
-0.9990173
-0.9989919
-0.99891347
-0.99889827
-0.9989043
-0.99892503
-0.9989124
-0.99888
-0.99887216
-0.9989009
-0.9989144
-0.99894553
-0.9989751
-0.99898314
-0.99897856
-0.9990036
-0.9989912
-0.99893725
-0.99890476
-0.9988249
-0.99873686
-0.9985904
-0.99854606
-0.99863404
-0.99885887
-0.9989081
-0.9988246
-0.9987122
-0.9987941
-0.9988963
-0.99899167
-0.9989479
-0.9987652
-0.9986198
-0.99857014
-0.9987938
-0.999001
-0.99899566
-0.99884635
-0.9985171
-0.9984168
-0.9987103
-0.99896944
-0.99903953
-0.9988402
-0.99867976
-0.99862975
-0.99873394
-0.99886376
-0.99890125
-0.99889517
-0.99883443
-0.9987717
-0.9988815
-0.99897826
-0.99898046
-0.99888754
-0.99886304
-0.9988834
-0.99891204
-0.9989759
-0.9989579
-0.9989473
-0.99890834
-0.99887747
-0.9989081
-0.99889517
-0.99888384
-0.99886286
-0.998852
-0.9988908
-0.99892634
-0.9989756
-0.9989967
-0.999028
-0.99899805
-0.9990024
-0.9990187
-0.99903476
-0.99903756
-0.9990241
-0.9990505
-0.9990406
-0.9990213
-0.99898374
-0.9989057
-0.9989061
-0.99886054
-0.99888414
-0.99890155
-0.9988442
-0.9988653
-0.9989286
-0.99900085
-0.99900955
-0.99903923
-0.9989832
-0.9989782
-0.9989447
-0.9989697
-0.9989739
-0.9989887
-0.99899924
-0.998998
-0.9989675
-0.99900967
-0.9989734
-0.9990267
-0.9989951
-0.9989143
-0.9987686
-0.99860483
-0.9985998
-0.9988274
-0.9990316
-0.99902725
-0.9988155
-0.9984699
-0.99827856
-0.9983707
-0.99862057
-0.9988396
-0.99887794
-0.9989021
-0.99890953
-0.9989087
-0.9989348
-0.99892503
-0.9989491
-0.99898666
-0.99898154
-0.9990827
-0.99902576
-0.9990287
-0.9990588
-0.9990171
-0.9989586
-0.9989977
-0.9989605
-0.9989158
-0.99886554
-0.99891466
-0.9990069
-0.99901974
-0.99893373
-0.9989424
-0.99886477
-0.9987706
-0.99872524
-0.99879926
-0.99888915
-0.9989589
-0.99898875
-0.9990143
-0.99895793
-0.99897254
-0.9988614
-0.99888325
-0.998925
-0.998943
-0.9990212
-0.9990437
-0.9990423
-0.9990141
-0.9989578
-0.99893034
-0.9988928
-0.9988437
-0.9988688
-0.99885356
-0.9988918
-0.9989445
-0.9989575
-0.9989985
-0.9989847
-0.99898523
-0.99901193
-0.9990398
-0.99898
-0.9989221
-0.9989177
-0.99885166
-0.9989093
-0.9989957
-0.9989842
-0.998981
-0.9989408
-0.9989539
-0.99891883
-0.9988922
-0.9989644
-0.9990466
-0.9990646
-0.99904376
-0.9989917
-0.9990335
-0.9989968
-0.99897337
-0.9989931
-0.9989722
-0.99897546
-0.9989688
-0.99898756
-0.9989864
-0.99903655
-0.9990608
-0.9990083
-0.99902856
-0.9990171
-0.9990381
-0.9990515
-0.9990384
-0.99901783
-0.998945
-0.9989026
-0.99885017
-0.9987798
-0.9987326
-0.99870825
-0.99871194
-0.99874294
-0.99883443
-0.998935
-0.99900734
-0.99904996
-0.9990071
-0.9989521
-0.9989131
-0.9988842
-0.99892914
-0.9989349
-0.9989804
-0.998982
-0.9990357
-0.9990324
-0.99896187
-0.99895096
-0.998909
-0.9989308
-0.9989864
-0.99898404
-0.9990188
-0.9990167
-0.9989882
-0.9989904
-0.9989533
-0.9988834
-0.998814
-0.9988205
-0.99881446
-0.9988933
-0.99891704
-0.9988971
-0.9988535
-0.99885476
-0.9988843
-0.99886596
-0.99888176
-0.99887764
-0.9988368
-0.99891216
-0.99898887
-0.9989618
-0.9990177
-0.9989932
-0.9990085
-0.9989942
-0.99900466
-0.99896276
-0.9989628
-0.9989596
-0.998938
-0.9989588
-0.99898994
-0.99902165
-0.9990255
-0.9990394
-0.9989832
-0.99894685
-0.9988773
-0.998822
-0.99883884
-0.9989341
-0.9989988
-0.9990489
-0.9990752
-0.9990556
-0.99905926
-0.9990501
-0.9990141
-0.99900496
-0.99900097
-0.99898934
-0.9989234
-0.99889904
-0.9989109
-0.99894226
-0.9989927
-0.9990451
-0.99904317
-0.99903417
-0.99905753
-0.9989971
-0.99896014
-0.99891466
-0.99892396
-0.99889076
-0.9988943
-0.9989162
-0.99890625
-0.9989509
-0.99899554
-0.99899983
-0.9989874
-0.99886096
-0.99874645
-0.99871033
-0.99873275
-0.998848
-0.9989479
-0.99897915
-0.99899685
-0.9989464
-0.99881333
-0.99865085
-0.99861
-0.9987607
-0.99891794
-0.9990201
-0.9989761
-0.9988067
-0.99863803
-0.99865305
-0.9987931
-0.9987949
-0.9988072
-0.9987617
-0.9987929
-0.9988775
-0.9989618
-0.99897546
-0.9988284
-0.99862266
-0.99852514
-0.9986744
-0.99894243
-0.9990856
-0.9989577
-0.9987317
-0.99860024
-0.9987223
-0.9989356
-0.9990277
-0.9989497
-0.9987409
-0.9985849
-0.9986737
-0.9989082
-0.9989762
-0.9988911
-0.99872744
-0.9987454
-0.9989299
-0.9990347
-0.99883187
-0.9984616
-0.99837714
-0.99872446
-0.99901044
-0.99901813
-0.9988183
-0.9986123
-0.99868226
-0.9988747
-0.99898934
-0.99891734
-0.9987648
-0.99874276
-0.9988998
-0.9989768
-0.9990268
-0.9989062
-0.9988405
-0.9988484
-0.9989425
-0.9990296
-0.9990106
-0.99887365
-0.9987067
-0.99863875
-0.9988231
-0.9990054
-0.99888754
-0.99871963
-0.99874085
-0.998907
-0.99903965
-0.9989678
-0.9988177
-0.9987813
-0.99887556
-0.998991
-0.9989747
-0.9988721
-0.99886674
-0.9989496
-0.9990292
-0.99895453
-0.99879134
-0.9986986
-0.9987861
-0.9989497
-0.99905264
-0.9989881
-0.99890816
-0.9989294
-0.9989987
-0.9990542
-0.9990143
-0.99890333
-0.9987882
-0.9987959
-0.99883795
-0.9988726
-0.9989456
-0.9989699
-0.99904776
-0.99904
-0.99904734
-0.9989949
-0.99901634
-0.99908334
-0.9990261
-0.9990363
-0.99901944
-0.9988982
-0.9988464
-0.99886537
-0.99887353
-0.99896777
-0.99900997
-0.99900323
-0.9990305
-0.999018
-0.9990233
-0.9990017
-0.99902374
-0.99904984
-0.9990204
-0.9990189
-0.9990127
-0.9990192
-0.9989847
-0.99900496
-0.99906564
-0.9990653
-0.9990258
-0.9989946
-0.9989123
-0.998872
-0.99900573
-0.9990259
-0.99907327
-0.99907357
-0.99906325
-0.99903387
-0.9990167
-0.99898046
-0.99900633
-0.99900854
-0.9990685
-0.99902993
-0.9990523
-0.9990007
-0.9989862
-0.99886334
-0.99880147
-0.99875945
-0.99888426
-0.9990158
-0.99906677
-0.9990858
-0.99903166
-0.9989294
-0.9988051
-0.99869853
-0.99866074
-0.998795
-0.99894935
-0.9990271
-0.9990273
-0.99895287
-0.99879885
-0.9987568
-0.9987613
-0.9988836
-0.99894154
-0.9990163
-0.9990449
-0.99905175
-0.99895805
-0.9987912
-0.99872637
-0.9988422
-0.9989553
-0.9990157
-0.99903005
-0.9990225
-0.9989657
-0.998966
-0.99899155
-0.99896604
-0.99894536
-0.9989933
-0.99903196
-0.99907917
-0.9990355
-0.99894905
-0.99886113
-0.9988063
-0.99873674
-0.99870145
-0.9987661
-0.998852
-0.9989709
-0.99900603
-0.99907
-0.99910325
-0.9990799
-0.99906933
-0.9990725
-0.9990459
-0.9990443
-0.9990761
-0.9990016
-0.99900955
-0.99898463
-0.9989594
-0.998965
-0.9990065
-0.99899095
-0.9989624
-0.9988729
-0.998854
-0.9989167
-0.9989631
-0.9990311
-0.9990709
-0.99906397
-0.9990442
-0.9990694
-0.9990522
-0.99905914
-0.99901605
-0.99900234
-0.9989749
-0.99902207
-0.99905694
-0.999051
-0.9990275
-0.9989688
-0.99900013
-0.99894994
-0.99896044
-0.99897325
-0.99898624
-0.9990501
-0.99901825
-0.9990054
-0.9990173
-0.99904317
-0.9989956
-0.99904114
-0.99901664
-0.9990195
-0.99903506
-0.9989866
-0.998869
-0.9987962
-0.9988585
-0.9988881
-0.9989665
-0.9990053
-0.9989779
-0.9989093
-0.9989787
-0.99898386
-0.9990459
-0.9990191
-0.99899775
-0.99902177
-0.9990304
-0.99902433
-0.9990211
-0.9990232
-0.9990693
-0.9990575
-0.99902785
-0.99906415
-0.999052
-0.99902064
-0.9989944
-0.9990206
-0.9990109
-0.99905014
-0.99901605
-0.9990699
-0.9990494
-0.9990334
-0.9990676
-0.99905354
-0.9990816
-0.99909335
-0.99903166
-0.99901813
-0.99900746
-0.99900126
-0.9990021
-0.99904776
-0.99905217
-0.9990487
-0.99901897
-0.99899065
-0.99902236
-0.9990175
-0.9990614
-0.9990667
-0.9991044
-0.9990352
-0.9990377
-0.9990303
-0.9990405
-0.9990717
-0.9990399
-0.99902564
-0.998973
-0.99891746
-0.9988902
-0.9988164
-0.9987942
-0.998735
-0.99874556
-0.9987532
-0.99876297
-0.9988746
-0.9989834
-0.99903136
-0.99902785
-0.9990196
-0.99897444
-0.9990254
-0.99902546
-0.99900186
-0.9990105
-0.9990067
-0.99899656
-0.999013
-0.9990561
-0.9990408
-0.9990435
-0.9989577
-0.99892354
-0.9988836
-0.99897844
-0.99899405
-0.99902815
-0.9989559
-0.99882734
-0.99874836
-0.99885225
-0.99890846
-0.99887675
-0.99876666
-0.9986323
-0.99869555
-0.9988881
-0.99901724
-0.9990549
-0.99897456
-0.99889123
-0.9988817
-0.99890333
-0.99898744
-0.9989972
-0.9989855
-0.9988362
-0.998682
-0.998691
-0.99882656
-0.9990041
-0.9990594
-0.9990375
-0.9989662
-0.9988193
-0.9986834
-0.9986509
-0.99869585
-0.998835
-0.9989792
-0.9990365
-0.99900204
-0.9989306
-0.99890405
-0.998866
-0.9988549
-0.9989118
-0.9989417
-0.99899995
-0.9989871
-0.99903214
-0.9990778
-0.9990492
-0.99904287
-0.9989545
-0.9988575
-0.9987524
-0.9987951
-0.9988686
-0.9989659
-0.9989484
-0.99895746
-0.99899495
-0.99900264
-0.99895674
-0.9988349
-0.9986929
-0.99859595
-0.99865407
-0.9988416
-0.99897873
-0.9989886
-0.9989671
-0.9989843
-0.9990422
-0.9990507
-0.99904925
-0.9990209
-0.9990269
-0.99901956
-0.9990227
-0.9990375
-0.99905825
-0.99903435
-0.99912184
-0.9990803
-0.99904186
-0.9990518
-0.99901456
-0.998971
-0.99892455
-0.9988853
-0.99891263
-0.9989228
-0.9990333
-0.99903166
-0.99906564
-0.9990381
-0.9989731
-0.9988965
-0.9988943
-0.9988768
-0.9988595
-0.9988871
-0.999002
-0.9990422
-0.99909145
-0.9990298
-0.9989732
-0.9989459
-0.9989863
-0.9990317
-0.99908787
-0.99906385
-0.99895537
-0.9988634
-0.9988092
-0.9988255
-0.9988947
-0.9990306
-0.99906147
-0.9990761
-0.99895203
-0.99888676
-0.99894816
-0.99899316
-0.99906695
-0.99908596
-0.99907035
-0.9990385
-0.99905837
-0.9990667
-0.99906456
-0.9990718
-0.99901116
-0.99905413
-0.9990496
-0.99907297
-0.99909115
-0.99907565
-0.9990867
-0.9990713
-0.9990627
-0.99908394
-0.9990568
-0.99901974
-0.9990318
-0.99902713
-0.99907374
-0.999055
-0.9990395
-0.99902046
-0.9990479
-0.9990451
-0.99906766
-0.99905086
-0.99904597
-0.99894196
-0.9987965
-0.9986384
-0.99865746
-0.9987371
-0.9988957
-0.9990341
-0.99909776
-0.99909604
-0.99902785
-0.99897635
-0.99893343
-0.9988975
-0.998837
-0.99881506
-0.9988478
-0.9988838
-0.9989829
-0.9990366
-0.9990508
-0.9990643
-0.9990764
-0.9990626
-0.9990637
-0.9990659
-0.9990907
-0.99908364
-0.9990515
-0.99906653
-0.9990683
-0.99905187
-0.9990398
-0.99902505
-0.9990465
-0.9990384
-0.9990601
-0.9990412
-0.9990429
-0.9990585
-0.9990422
-0.9990574
-0.999073
-0.99906296
-0.9990158
-0.9990457
-0.9990405
-0.99907166
-0.9990876
-0.9990598
-0.99899065
-0.99890625
-0.99881226
-0.99876624
-0.9988135
-0.9989299
-0.99903667
-0.99903786
-0.99886966
-0.99859804
-0.9986427
-0.9988824
-0.99903375
-0.9990219
-0.99894786
-0.9989007
-0.9989048
-0.99903274
-0.9990952
-0.9990909
-0.9989648
-0.998802
-0.9987138
-0.9987231
-0.9986933
-0.9986169
-0.99863005
-0.99874556
-0.9989517
-0.99903154
-0.9989452
-0.9988855
-0.99883986
-0.9987737
-0.99867815
-0.99851245
-0.998507
-0.99864566
-0.998854
-0.9989891
-0.9990593
-0.99904245
-0.9989195
-0.99877346
-0.99874306
-0.99886787
-0.9989609
-0.9990105
-0.9990715
-0.9990895
-0.99905837
-0.9990189
-0.9989522
-0.9988892
-0.9988492
-0.9988462
-0.9988876
-0.9989551
-0.99904096
-0.99909264
-0.99902093
-0.9989529
-0.9987556
-0.998659
-0.99873
-0.9988666
-0.99897873
-0.9989831
-0.99901813
-0.9990172
-0.99902
-0.99903697
-0.9989462
-0.9989135
-0.99893576
-0.99894905
-0.99905944
-0.9990666
-0.99908173
-0.99907154
-0.9990204
-0.9989823
-0.99899346
-0.99903613
-0.9990706
-0.99907947
-0.9991093
-0.9990511
-0.99907225
-0.99903417
-0.99906427
-0.9990804
-0.99910575
-0.9990665
-0.9990388
-0.99901515
-0.99894565
-0.99901736
-0.9990539
-0.99899024
-0.9989217
-0.99872214
-0.99858767
-0.9986957
-0.9988929
-0.99905825
-0.999062
-0.99900424
-0.99891144
-0.99882334
-0.99877405
-0.9987909
-0.99885404
-0.9988601
-0.9988791
-0.99897665
-0.9990182
-0.9990439
-0.9989807
-0.99893755
-0.9988786
-0.99885213
-0.998876
-0.99885005
-0.9989172
-0.9989721
-0.9989651
-0.9989905
-0.9990159
-0.99901986
-0.99901336
-0.9990299
-0.99900043
-0.9989279
-0.99895424
-0.9989631
-0.9990385
-0.9990824
-0.99902767
-0.9989525
-0.9988353
-0.9986578
-0.99859023
-0.99869746
-0.99888146
-0.9989997
-0.9990665
-0.999047
-0.99900746
-0.9989654
-0.99884367
-0.99878377
-0.9988148
-0.99897873
-0.99907154
-0.9991009
-0.9990611
-0.9990365
-0.9990629
-0.9990715
-0.9990968
-0.99905086
-0.9990403
-0.9990149
-0.99903643
-0.999004
-0.9990258
-0.9990526
-0.99898225
-0.9989305
-0.99886113
-0.99884164
-0.99884605
-0.99888945
-0.998952
-0.9989951
-0.9989662
-0.99900836
-0.99900484
-0.99899346
-0.9990567
-0.99905926
-0.9990976
-0.99908525
-0.9990399
-0.9990417
-0.9990368
-0.9990244
-0.9990347
-0.9990655
-0.9990569
-0.99906594
-0.9990341
-0.9990774
-0.9991057
-0.9990962
-0.9990526
-0.99907714
-0.9990894
-0.9990686
-0.9990187
-0.9990454
-0.99906665
-0.9991082
-0.99908406
-0.9990944
-0.9991035
-0.99904746
-0.9990162
-0.99897444
-0.9989322
-0.9989327
-0.99897814
-0.99903446
-0.99905205
-0.99899065
-0.99899846
-0.99899155
-0.99902725
-0.99903655
-0.9991093
-0.9991163
-0.9990983
-0.9990605
-0.99904567
-0.9990879
-0.9990676
-0.9990627
-0.9990867
-0.99902856
-0.99897975
-0.9988853
-0.99881
-0.9987224
-0.9986788
-0.9987072
-0.9987893
-0.99892443
-0.99898386
-0.9989887
-0.998949
-0.9989145
-0.99887484
-0.9988894
-0.9989459
-0.99900943
-0.9990594
-0.99905926
-0.99904525
-0.999012
-0.9990286
-0.998966
-0.9990088
-0.9989789
-0.998931
-0.9989521
-0.9989234
-0.9989423
-0.99903154
-0.9990644
-0.9990995
-0.9990774
-0.9990758
-0.9990904
-0.9990609
-0.9990914
-0.9990926
-0.9990922
-0.9990656
-0.9990791
-0.99904615
-0.9990993
-0.99901825
-0.99902886
-0.9990475
-0.99902314
-0.9990334
-0.9990353
-0.9990273
-0.99902666
-0.99906075
-0.99909127
-0.99908507
-0.9990883
-0.9990558
-0.99900746
-0.9989574
-0.998844
-0.99877256
-0.998766
-0.9988514
-0.9989679
-0.9990723
-0.9990777
-0.9991168
-0.9990816
-0.9990754
-0.9990436
-0.99904346
-0.99899346
-0.9989364
-0.9988121
-0.9987099
-0.9987826
-0.9989522
-0.9990504
-0.9990871
-0.99909186
-0.9990991
-0.99909645
-0.99910134
-0.9990948
-0.9990837
-0.9990979
-0.9990426
-0.99905115
-0.99903446
-0.99902415
-0.9990259
-0.9989443
-0.998922
-0.99881274
-0.9987164
-0.9987349
-0.99879605
-0.9989395
-0.99899006
-0.9990489
-0.99907684
-0.9990621
-0.999021
-0.9989602
-0.9989595
-0.99897665
-0.9990043
-0.99907565
-0.9990787
-0.99907595
-0.99906784
-0.9991068
-0.99912345
-0.9991083
-0.99907696
-0.99909335
-0.9990628
-0.9990635
-0.9990557
-0.9990596
-0.99901706
-0.9989611
-0.99889696
-0.99884737
-0.99882734
-0.998908
-0.9989641
-0.9990016
-0.9990249
-0.99903095
-0.9989788
-0.99899167
-0.99902683
-0.99905175
-0.9990658
-0.9990166
-0.99893844
-0.99888116
-0.9989028
-0.9989038
-0.9989961
-0.9989828
-0.99903566
-0.9990702
-0.9991081
-0.99908483
-0.9990569
-0.9990637
-0.9990649
-0.9990625
-0.9991089
-0.9990633
-0.9990919
-0.99908876
-0.99901885
-0.9989862
-0.9988701
-0.99879897
-0.9987814
-0.9989543
-0.9990723
-0.99904627
-0.9990738
-0.99910873
-0.99908704
-0.9990823
-0.9990715
-0.999066
-0.99904656
-0.9990067
-0.9990722
-0.99906737
-0.9990477
-0.9990405
-0.99902457
-0.9990202
-0.9989724
-0.9989658
-0.99889165
-0.99885476
-0.99878913
-0.9986244
-0.99837255
-0.99846536
-0.99877745
-0.9990422
-0.9990925
-0.99896216
-0.99871546
-0.9985433
-0.99865377
-0.9988953
-0.9989724
-0.9988836
-0.99871624
-0.99863374
-0.9987414
-0.9989368
-0.9990781
-0.9989945
-0.99880666
-0.99871236
-0.99885476
-0.9990301
-0.9991096
-0.99903965
-0.99887013
-0.9987867
-0.9988773
-0.9989723
-0.9990283
-0.9989131
-0.9988241
-0.9987488
-0.998859
-0.9990027
-0.99909765
-0.9990673
-0.99893844
-0.9988146
-0.99878275
-0.9988833
-0.99896616
-0.99905765
-0.99907047
-0.9989893
-0.99892974
-0.9989102
-0.9989986
-0.99898565
-0.9990165
-0.99902546
-0.9990226
-0.99902314
-0.99908286
-0.99908555
-0.9990265
-0.9989181
-0.99879676
-0.9986907
-0.99875325
-0.9989312
-0.9990033
-0.99906427
-0.9990411
-0.99902296
-0.9990463
-0.9989932
-0.9989222
-0.9988583
-0.9987689
-0.9988262
-0.9988527
-0.99897003
-0.99905115
-0.99912876
-0.99906534
-0.9990058
-0.9989396
-0.9989458
-0.9989693
-0.9989526
-0.9989164
-0.9988989
-0.9989586
-0.9989737
-0.9990283
-0.9990774
-0.99909455
-0.99906456
-0.99904835
-0.999063
-0.99900913
-0.9990017
-0.99903566
-0.9990487
-0.9990183
-0.99902743
-0.9990187
-0.9990048
-0.9989783
-0.9990276
-0.9990421
-0.99905384
-0.9991028
-0.9991253
-0.9990937
-0.9990621
-0.999054
-0.9990695
-0.9990745
-0.9990691
-0.99905455
-0.9990317
-0.99897224
-0.9989904
-0.99892306
-0.9989036
-0.9989073
-0.99890697
-0.9990055
-0.99905753
-0.9990803
-0.999056
-0.9990754
-0.9990641
-0.9990702
-0.9990735
-0.999137
-0.99910146
-0.99910086
-0.999092
-0.9990661
-0.99908227
-0.9990442
-0.9990633
-0.9990594
-0.9990745
-0.99906516
-0.99903804
-0.99901134
-0.9989897
-0.99894166
-0.99895364
-0.99893874
-0.9989459
-0.9989262
-0.9988969
-0.99885434
-0.9989082
-0.9988997
-0.9989374
-0.9989903
-0.9990595
-0.9991013
-0.99910057
-0.9990749
-0.9990903
-0.999075
-0.99901074
-0.998978
-0.99896127
-0.9989521
-0.99894434
-0.99896866
-0.99904454
-0.99905753
-0.9990744
-0.9991123
-0.9990765
-0.9989315
-0.9988247
-0.9987852
-0.998882
-0.99902576
-0.999128
-0.9990728
-0.9990191
-0.99900544
-0.99901515
-0.99907994
-0.9990774
-0.99906754
-0.99909073
-0.9991179
-0.9990751
-0.9990782
-0.9989806
-0.99890953
-0.9989171
-0.998986
-0.9990204
-0.99898
-0.9989364
-0.9989486
-0.99895203
-0.99899024
-0.9990567
-0.99908453
-0.99914247
-0.999097
-0.99908066
-0.999071
-0.9990661
-0.999048
-0.99902123
-0.9990417
-0.9990694
-0.9990595
-0.9991155
-0.9991175
-0.9990638
-0.99898666
-0.99897534
-0.9989597
-0.9989641
-0.99899566
-0.99902785
-0.99903125
-0.9990624
-0.9991034
-0.99909854
-0.9990728
-0.9990865
-0.99912107
-0.9990551
-0.9990573
-0.9990359
-0.9989576
-0.9988966
-0.9988032
-0.99872804
-0.99878246
-0.99886173
-0.9989906
-0.9990291
-0.9990719
-0.999073
-0.9991055
-0.99910337
-0.99909276
-0.99905086
-0.99905115
-0.9990451
-0.9989697
-0.99891865
-0.99885345
-0.99871683
-0.9986492
-0.9986752
-0.99881023
-0.9989603
-0.99907076
-0.9991014
-0.99901515
-0.99895334
-0.9988667
-0.9987679
-0.9988014
-0.9989256
-0.99904174
-0.9990401
-0.9989352
-0.99881065
-0.99885917
-0.99896806
-0.99898857
-0.9989292
-0.99884784
-0.99891955
-0.9990093
-0.99905044
-0.9990332
-0.99895996
-0.99888396
-0.99876213
-0.99871504
-0.99880475
-0.9989769
-0.9990688
-0.99905545
-0.99906516
-0.9989999
-0.9990159
-0.99900836
-0.99895966
-0.99893063
-0.998924
-0.9989851
-0.99904376
-0.9990953
-0.9991029
-0.99900204
-0.9987936
-0.9986437
-0.99868107
-0.9988555
-0.9989988
-0.9991107
-0.9990604
-0.99900013
-0.99892306
-0.9988759
-0.99892455
-0.99889565
-0.99881655
-0.9987876
-0.99875
-0.998883
-0.999027
-0.9991174
-0.9991181
-0.99908864
-0.9990672
-0.99909097
-0.9990485
-0.9990722
-0.99899423
-0.99885094
-0.99876523
-0.99872786
-0.99882144
-0.99891084
-0.99894315
-0.99903876
-0.9990695
-0.9991021
-0.9990838
-0.9990118
-0.99893034
-0.9989264
-0.9989607
-0.99904245
-0.99910575
-0.9991254
-0.99907607
-0.9990455
-0.99896806
-0.9989868
-0.9990687
-0.99908525
-0.99907464
-0.9989949
-0.9988707
-0.9988682
-0.9990035
-0.99913406
-0.9990927
-0.9989912
-0.99891704
-0.99877596
-0.9988069
-0.99885404
-0.99889606
-0.99888384
-0.99883115
-0.99887586
-0.999005
-0.9991065
-0.99909747
-0.9990598
-0.9989467
-0.99890417
-0.99891776
-0.9989557
-0.99900305
-0.99899006
-0.99901104
-0.99903
-0.99904454
-0.99909896
-0.9991099
-0.99901265
-0.99898237
-0.9989269
-0.9989258
-0.99891436
-0.9988753
-0.9989613
-0.9990661
-0.99909276
-0.999142
-0.99911517
-0.99906355
-0.99907374
-0.9990658
-0.9990713
-0.9990474
-0.9990492
-0.99907833
-0.9990558
-0.9991261
-0.9990687
-0.99903405
-0.9989207
-0.99880815
-0.99871516
-0.9987293
-0.99882513
-0.99889606
-0.99897754
-0.99904656
-0.9991252
-0.9991361
-0.99908423
-0.99905676
-0.99900657
-0.99902487
-0.99900407
-0.99902016
-0.9990546
-0.99902564
-0.99907815
-0.99909633
-0.9991497
-0.9991346
-0.9990805
-0.999097
-0.9991348
-0.9990986
-0.99911827
