-0.17151922
-0.22123632
-0.27913815
-0.31798416
-0.35177785
-0.38918546
-0.44534045
-0.46829048
-0.49108064
-0.52502966
-0.54117763
-0.5600154
-0.5871622
-0.6097071
-0.6401991
-0.6562085
-0.6706108
-0.6761102
-0.7054241
-0.70631284
-0.7140076
-0.7218923
-0.73921275
-0.74681735
-0.7509273
-0.75155157
-0.7518233
-0.76268464
-0.7648362
-0.770261
-0.7692384
-0.7743989
-0.78063536
-0.78179926
-0.78623277
-0.7926682
-0.7938153
-0.80372286
-0.79493004
-0.8030067
-0.81081873
-0.8087277
-0.8124484
-0.8142451
-0.8189661
-0.82508034
-0.82201934
-0.82376426
-0.82845026
-0.83199847
-0.8329266
-0.83559847
-0.83625454
-0.83422107
-0.8363481
-0.8430329
-0.84269667
-0.8456022
-0.8480645
-0.8510481
-0.8501855
-0.8506618
-0.8489028
-0.85370344
-0.8519123
-0.8511743
-0.85698044
-0.8567239
-0.85964966
-0.8593975
-0.86065656
-0.86493003
-0.86597574
-0.86226887
-0.8661709
-0.86982626
-0.8664879
-0.86522657
-0.8721749
-0.8730705
-0.87332237
-0.8742191
-0.8762213
-0.87603223
-0.8719052
-0.87420386
-0.87928313
-0.8798466
-0.8805437
-0.8797844
-0.8851896
-0.8806017
-0.88466036
-0.8854263
-0.8848708
-0.8898492
-0.8911213
-0.8878746
-0.8888688
-0.8907676
-0.8891293
-0.8879176
-0.8886012
-0.891604
-0.8935649
-0.8919493
-0.8929458
-0.89140016
-0.893454
-0.8957138
-0.89619625
-0.89181167
-0.8990604
-0.89725065
-0.8987858
-0.8998873
-0.9014658
-0.90022755
-0.89653546
-0.8985649
-0.9023901
-0.9017713
-0.9006381
-0.90258765
-0.9027041
-0.9005708
-0.9047719
-0.9052089
-0.90475166
-0.90585
-0.90799826
-0.90464187
-0.9080092
-0.90556496
-0.9056657
-0.90524155
-0.90515566
-0.9051372
-0.9075564
-0.91078556
-0.9064525
-0.908851
-0.9089726
-0.90885913
-0.9097856
-0.91145074
-0.90928036
-0.9102402
-0.91215587
-0.91342115
-0.9168908
-0.91426337
-0.91523916
-0.9149255
-0.9126246
-0.911954
-0.9142583
-0.9162344
-0.91233945
-0.91680795
-0.91239107
-0.91412145
-0.91320866
-0.91246516
-0.9161091
-0.916037
-0.9118268
-0.915078
-0.9173209
-0.9168241
-0.91616464
-0.9189903
-0.9134976
-0.9187587
-0.91871804
-0.9195488
-0.92227674
-0.91918945
-0.9188666
-0.9192131
-0.9209625
-0.9206889
-0.9217073
-0.92060345
-0.9214719
-0.92407113
-0.92322034
-0.9232516
-0.9244174
-0.9217211
-0.92276645
-0.9263281
-0.9249277
-0.9231564
-0.92553425
-0.92277604
-0.9252389
-0.9250634
-0.92439705
-0.9240164
-0.9260837
-0.92847556
-0.9265572
-0.92335784
-0.92628574
-0.92554224
-0.9259142
-0.92778623
-0.92784363
-0.92585975
-0.9258245
-0.928717
-0.9250688
-0.9279896
-0.92751366
-0.9258016
-0.9271632
-0.92693454
-0.92960185
-0.9270131
-0.93216676
-0.92902213
-0.930462
-0.9301162
-0.9290635
-0.93051463
-0.9304817
-0.9313683
-0.9292407
-0.9311667
-0.931653
-0.92849994
-0.9286225
-0.93074954
-0.92839944
-0.92955166
-0.9319047
-0.93019176
-0.9306403
-0.92978567
-0.9328435
-0.9314023
-0.9328458
-0.93321717
-0.93282604
-0.9330792
-0.9334495
-0.9328974
-0.9319518
-0.9335691
-0.93298125
-0.9340908
-0.9320402
-0.9367231
-0.93371356
-0.9327575
-0.93558764
-0.9358258
-0.93486875
-0.9373453
-0.9360961
-0.9379788
-0.93491215
-0.93609685
-0.93832254
-0.9354019
-0.9369141
-0.9379832
-0.9378395
-0.9365802
-0.93660784
-0.93768746
-0.93805254
-0.93540466
-0.93850917
-0.94071096
-0.93740726
-0.94008267
-0.93928015
-0.9370994
-0.93791664
-0.9389504
-0.9418493
-0.9394336
-0.9395953
-0.93988496
-0.9404355
-0.94069356
-0.9405014
-0.94099355
-0.93834955
-0.9406109
-0.94111925
-0.940135
-0.9414373
-0.9402362
-0.9403234
-0.94251597
-0.9402165
-0.93807894
-0.94215214
-0.94273984
-0.9427513
-0.940946
-0.9424274
-0.9404019
-0.9405358
-0.94186807
-0.9420679
-0.9427523
-0.94462776
-0.9421498
-0.94208986
-0.94581866
-0.9441842
-0.94538
-0.9438487
-0.943849
-0.94213295
-0.9425146
-0.9439563
-0.9445078
-0.9451856
-0.94620377
-0.94452226
-0.9427674
-0.9444317
-0.94546366
-0.9456617
-0.9439162
-0.94628716
-0.9437173
-0.9457931
-0.9468152
-0.94746876
-0.9445188
-0.9476763
-0.94814414
-0.9475584
-0.948421
-0.9480985
-0.94686794
-0.94791883
-0.94754326
-0.9492512
-0.94903284
-0.94764096
-0.94939995
-0.94825387
-0.948641
-0.9499605
-0.9499041
-0.94946235
-0.94930494
-0.9495201
-0.94893754
-0.95066947
-0.94937783
-0.95139295
-0.94992155
-0.9506495
-0.9489192
-0.9497446
-0.9502155
-0.94979256
-0.95055765
-0.9501693
-0.94945884
-0.95111966
-0.9486719
-0.9519265
-0.94951016
-0.949545
-0.9510581
-0.950633
-0.9515432
-0.9506468
-0.95106494
-0.9511051
-0.95210713
-0.95122766
-0.9523006
-0.9510494
-0.95286983
-0.95201194
-0.95111424
-0.9514135
-0.95226246
-0.9509642
-0.9522185
-0.9525368
-0.9511356
-0.95252156
-0.9532513
-0.9523291
-0.95240945
-0.9519912
-0.9529735
-0.95294464
-0.95325947
-0.9527073
-0.9539132
-0.953368
-0.95264196
-0.95451534
-0.9536261
-0.9552659
-0.95278466
-0.9553638
-0.95395666
-0.95424485
-0.95366794
-0.954623
-0.95426255
-0.95447946
-0.95343673
-0.9531085
-0.95430493
-0.95492667
-0.9556253
-0.95324975
-0.95447314
-0.95462966
-0.9554272
-0.9558713
-0.95485944
-0.9545731
-0.95594126
-0.95454496
-0.9540473
-0.9543923
-0.9553564
-0.9555211
-0.9550556
-0.95418185
-0.95642346
-0.9568546
-0.95467883
-0.95427287
-0.9556219
-0.9555211
-0.9540912
-0.9550749
-0.9550834
-0.95503587
-0.95349926
-0.9550518
-0.9541789
-0.95531195
-0.95466095
-0.95463985
-0.9546523
-0.95573735
-0.95523316
-0.9555665
-0.9554396
-0.955449
-0.9553566
-0.9560215
-0.95500565
-0.9559837
-0.95574635
-0.95617634
-0.9566768
-0.9565042
-0.9565699
-0.9558894
-0.95648724
-0.9555872
-0.9560258
-0.9558948
-0.9568181
-0.95701313
-0.95626396
-0.9552974
-0.95648986
-0.9568152
-0.9571946
-0.9570205
-0.9583741
-0.9558889
-0.95507544
-0.9576699
-0.95760405
-0.95760787
-0.9569387
-0.95674396
-0.95600975
-0.95765376
-0.9556762
-0.9584756
-0.95615184
-0.955777
-0.9558521
-0.9549267
-0.9546901
-0.95586747
-0.95512515
-0.9554124
-0.9543923
-0.9556491
-0.9544253
-0.9555489
-0.9551578
-0.9543235
-0.95619166
-0.9555205
-0.9559984
-0.9554995
-0.9561728
-0.9571547
-0.95733535
-0.9564959
-0.9569459
-0.95712423
-0.958316
-0.95701873
-0.95766526
-0.9579016
-0.9557517
-0.95762753
-0.9575578
-0.95783997
-0.9574126
-0.95795125
-0.9579368
-0.9574165
-0.9572933
-0.9572853
-0.95665723
-0.9572937
-0.9580577
-0.95674205
-0.95648116
-0.95815253
-0.9568657
-0.95658684
-0.9572359
-0.9574934
-0.9558228
-0.95672184
-0.95746166
-0.9578368
-0.95793056
-0.9576646
-0.9570276
-0.95809954
-0.9581189
-0.95836353
-0.9582786
-0.9589012
-0.958467
-0.95965254
-0.95897114
-0.959527
-0.9584394
-0.9602458
-0.95886016
-0.9588072
-0.95920837
-0.96032697
-0.9596789
-0.9584792
-0.9594698
-0.95930475
-0.96119446
-0.9608553
-0.9602722
-0.95935196
-0.95986295
-0.96049243
-0.95855355
-0.9595104
-0.9612659
-0.9600895
-0.96107477
-0.96014136
-0.9589047
-0.9602587
-0.96105367
-0.9617224
-0.95988286
-0.9597961
-0.960809
-0.9604894
-0.9598186
-0.96136
-0.9595266
-0.95963264
-0.9586635
-0.95974
-0.958449
-0.96095586
-0.9605356
-0.95949423
-0.9593466
-0.96055853
-0.9591192
-0.9605327
-0.9593948
-0.959577
-0.9591618
-0.9606054
-0.96107936
-0.9612033
-0.9605135
-0.9599881
-0.96071273
-0.9589785
-0.962096
-0.96002114
-0.96057117
-0.96072936
-0.96092284
-0.9601949
-0.9605038
-0.9611308
-0.9614113
-0.960398
-0.9629084
-0.9606045
-0.9610853
-0.9619907
-0.96119386
-0.9616833
-0.96130973
-0.96330994
-0.96224743
-0.9621405
-0.9616479
-0.9632916
-0.96291554
-0.9625389
-0.96240324
-0.96199185
-0.96286297
-0.96249276
-0.96354955
-0.96150845
-0.96259105
-0.9619844
-0.96405613
-0.9629423
-0.96426284
-0.9622413
-0.9619811
-0.9629609
-0.96316326
-0.9633773
-0.96301323
-0.9622121
-0.96223366
-0.96316355
-0.96337944
-0.96338636
-0.96449155
-0.9633967
-0.9630458
-0.964072
-0.9645072
-0.9628254
-0.96406513
-0.9636475
-0.96324766
-0.9640428
-0.96470815
-0.96361834
-0.96301174
-0.9647305
-0.9642305
-0.9629054
-0.96307176
-0.9639148
-0.9635028
-0.9636778
-0.96386623
-0.9638268
-0.96334743
-0.96440935
-0.9638616
-0.9637519
-0.9630205
-0.96391475
-0.96391565
-0.9639551
-0.96429783
-0.96436673
-0.96393454
-0.9633782
-0.96318114
-0.9643277
-0.9645057
-0.96443164
-0.9638699
-0.9643567
-0.9644318
-0.9647943
-0.96372515
-0.9643938
-0.96461225
-0.963432
-0.96543247
-0.9656409
-0.9641319
-0.96572137
-0.9644153
-0.96415085
-0.96442497
-0.96447676
-0.96360034
-0.9633566
-0.96326065
-0.9640195
-0.9641779
-0.9649928
-0.96438015
-0.9647435
-0.9650595
-0.96514726
-0.96537244
-0.96477646
-0.9652512
-0.9650809
-0.96608675
-0.96447074
-0.96508217
-0.9644976
-0.965308
-0.9661484
-0.96493584
-0.9655912
-0.9647662
-0.9656058
-0.96493334
-0.9651581
-0.96525395
-0.9647133
-0.966181
-0.9662646
-0.96710545
-0.9654768
-0.96682966
-0.96587104
-0.96616817
-0.9648798
-0.9667877
-0.9667197
-0.9661469
-0.9665371
-0.9660694
-0.9655322
-0.9657297
-0.96570444
-0.96573585
-0.966004
-0.9656225
-0.96567684
-0.96557355
-0.96659046
-0.96536636
-0.9652742
-0.9648817
-0.96539634
-0.9658198
-0.9663234
-0.9668014
-0.9662484
-0.9665911
-0.9659234
-0.96547776
-0.96490633
-0.96648586
-0.9661881
-0.9652966
-0.96614397
-0.9662396
-0.96518815
-0.9664021
-0.96566826
-0.9674643
-0.9664379
-0.9673825
-0.96652377
-0.9669911
-0.96693534
-0.96633667
-0.9663318
-0.96659994
-0.9670619
-0.9671184
-0.967069
-0.9667551
-0.9679032
-0.96687406
-0.96685785
-0.9668364
-0.96681803
-0.96837735
-0.96761966
-0.96761507
-0.96783787
-0.9677018
-0.9678587
-0.96756214
-0.9672972
-0.96729743
-0.9673678
-0.96887344
-0.96844625
-0.9691057
-0.968026
-0.96763086
-0.9685463
-0.9669414
-0.9685792
-0.96877724
-0.9673592
-0.96780705
-0.96716845
-0.9681445
-0.9686397
-0.9680307
-0.9678608
-0.968523
-0.9687676
-0.96772695
-0.969148
-0.9689162
-0.969429
-0.9686018
-0.9688253
-0.96881443
-0.9677291
-0.9680597
-0.96864146
-0.96896666
-0.9690424
-0.96846426
-0.9689196
-0.96847403
-0.968852
-0.96786034
-0.96816474
-0.9695027
-0.9686465
-0.9683715
-0.9698122
-0.9687288
-0.96876836
-0.9687124
-0.96788037
-0.9685685
-0.9679406
-0.9683571
-0.9684158
-0.9683174
-0.968571
-0.96976495
-0.96762276
-0.9686212
-0.96903527
-0.9682891
-0.96792644
-0.96891505
-0.9671828
-0.9684151
-0.9680359
-0.96746004
-0.96686554
-0.96738374
-0.9663124
-0.9655639
-0.9677257
-0.96771324
-0.9659735
-0.96714526
-0.9683108
-0.9660764
-0.96626264
-0.96668774
-0.96787125
-0.96874446
-0.96918344
-0.9685642
-0.9687372
-0.9691102
-0.97037435
-0.9694629
-0.96839845
-0.9685313
-0.96896106
-0.9681509
-0.96867007
-0.9683112
-0.9682762
-0.9688105
-0.9680772
-0.96841496
-0.9690625
-0.9691666
-0.96824265
-0.96885455
-0.96837133
-0.9683807
-0.96951467
-0.96995616
-0.96883506
-0.970247
-0.96940494
-0.9692936
-0.9700037
-0.9698545
-0.9687087
-0.96837133
-0.97032547
-0.96894157
-0.9688741
-0.96962035
-0.9691368
-0.9694598
-0.96994627
-0.96779853
-0.9699663
-0.9695951
-0.9696446
-0.9694484
-0.96905744
-0.9709586
-0.96966165
-0.97067815
-0.9691262
-0.96987617
-0.9699929
-0.96913683
-0.96942353
-0.97026324
-0.96870804
-0.96909004
-0.96948457
-0.9689752
-0.9686896
-0.9697672
-0.9698864
-0.9691535
-0.969701
-0.9699367
-0.96841145
-0.9696718
-0.9702639
-0.9689908
-0.96902925
-0.9698612
-0.96960425
-0.96965045
-0.9709383
-0.9701668
-0.9700091
-0.96965647
-0.97006756
-0.9702399
-0.96982807
-0.96955234
-0.97140247
-0.96942127
-0.9714222
-0.97033924
-0.970448
-0.96998566
-0.9704112
-0.9695489
-0.97079086
-0.9697271
-0.96976376
-0.96900076
-0.969983
-0.96943563
-0.96989816
-0.97034556
-0.9690409
-0.9697328
-0.9688669
-0.96979654
-0.9702692
-0.96799535
-0.9696643
-0.9708162
-0.9704194
-0.9696925
-0.9709881
-0.9700182
-0.9702006
-0.9715492
-0.97128075
-0.97274244
-0.9710372
-0.97032464
-0.97209895
-0.97060657
-0.9709537
-0.9712391
-0.9715798
-0.9705845
-0.97160137
-0.97176653
-0.97105974
-0.9705644
-0.97066027
-0.9714163
-0.9713164
-0.97148734
-0.97116184
-0.97262144
-0.9717872
-0.97063184
-0.97211826
-0.9725615
-0.9715733
-0.9723869
-0.97172445
-0.9714185
-0.9718541
-0.9716424
-0.9721297
-0.9722299
-0.97208863
-0.9716084
-0.97178626
-0.97191703
-0.9730396
-0.9719082
-0.9725383
-0.9720686
-0.97178185
-0.9721221
-0.97296834
-0.97232985
-0.9726002
-0.9727227
-0.9723694
-0.97288656
-0.97237074
-0.9727826
-0.97300905
-0.97259754
-0.9718378
-0.9726898
-0.9737886
-0.9730048
-0.9731591
-0.9728641
-0.9724998
-0.9728806
-0.9740547
-0.9730416
-0.9725396
-0.97322863
-0.9726172
-0.9731585
-0.9720505
-0.972171
-0.97265846
-0.9718352
-0.9718786
-0.972485
-0.9719077
-0.9723202
-0.972051
-0.97238916
-0.9720268
-0.97227746
-0.9722802
-0.9723632
-0.9724104
-0.9724412
-0.9732339
-0.9720827
-0.97248703
-0.97355
-0.97262466
-0.9729002
-0.9713784
-0.9723466
-0.97308445
-0.97254485
-0.97260827
-0.9736825
-0.97291416
-0.973318
-0.97348255
-0.97259617
-0.97370154
-0.97282445
-0.9729857
-0.9733373
-0.97324467
-0.97341484
-0.97309554
-0.9718744
-0.9732792
-0.97309124
-0.9732471
-0.9733024
-0.9731548
-0.97394943
-0.97312164
-0.97371906
-0.9736104
-0.973999
-0.9742638
-0.97508407
-0.9749576
-0.97477275
-0.9748631
-0.97437215
-0.9738771
-0.9744218
-0.9750428
-0.9748361
-0.9738487
-0.9739849
-0.9744025
-0.9749322
-0.975205
-0.97471815
-0.97506356
-0.975129
-0.9753533
-0.9754435
-0.97471017
-0.9748202
-0.9748052
-0.9743899
-0.97465795
-0.97443855
-0.9755886
-0.9749043
-0.97432536
-0.9739115
-0.9748529
-0.9736932
-0.9747003
-0.975815
-0.9752791
-0.9751337
-0.9739193
-0.9751208
-0.97468865
-0.97464967
-0.9744579
-0.97403157
-0.9749418
-0.9742747
-0.9748062
-0.9751769
-0.97446346
-0.9747768
-0.97548056
-0.9756439
-0.97478443
-0.9743024
-0.9757692
-0.9758446
-0.9754279
-0.9757837
-0.9753008
-0.97568977
-0.97524667
-0.97541034
-0.97565943
-0.97481
-0.9762381
-0.97575396
-0.97670037
-0.97547203
-0.9754929
-0.97575754
-0.9750664
-0.97558963
-0.9755348
-0.9749928
-0.9745746
-0.9746943
-0.9758374
-0.97587585
-0.9752407
-0.9745173
-0.97590226
-0.9758186
-0.9757782
-0.975079
-0.9750489
-0.9762651
-0.9749984
-0.97551316
-0.97524285
-0.9754332
-0.97456473
-0.97543335
-0.97575235
-0.9745574
-0.9758673
-0.9757598
-0.975761
-0.9763269
-0.97588104
-0.9756225
-0.97590464
-0.9762297
-0.9764684
-0.97629523
-0.9767166
-0.97603154
-0.9764007
-0.97705156
-0.9770831
-0.97678024
-0.9768932
-0.97727996
-0.97779894
-0.97751755
-0.97775173
-0.97766775
-0.9771305
-0.9776514
-0.9772376
-0.9781766
-0.9777622
-0.9780365
-0.97806287
-0.9781445
-0.9779484
-0.9778523
-0.9780812
-0.9789987
-0.97908425
-0.97956395
-0.9782787
-0.97885555
-0.9782348
-0.9792403
-0.9789939
-0.97876334
-0.97933984
-0.978133
-0.9781809
-0.9776718
-0.9793013
-0.9792157
-0.9794605
-0.97884095
-0.97857255
-0.97934806
-0.9789972
-0.97888315
-0.97895443
-0.97901684
-0.97932386
-0.9791671
-0.97927123
-0.978928
-0.97896385
-0.9790458
-0.9791528
-0.97931397
-0.9790118
-0.9790914
-0.97950387
-0.97997785
-0.97982043
-0.9802894
-0.9795279
-0.97952545
-0.9796011
-0.9797231
-0.980053
-0.9793048
-0.98028636
-0.97970116
-0.97979814
-0.9800342
-0.98013407
-0.98027813
-0.9807338
-0.98021287
-0.9805381
-0.98045504
-0.98029774
-0.98066485
-0.9798007
-0.98008263
-0.98039126
-0.9810067
-0.98124844
-0.9809267
-0.98055494
-0.98079133
-0.9805371
-0.9805333
-0.9802359
-0.97983366
-0.9807185
-0.9804881
-0.9804908
-0.9807235
-0.9807511
-0.9807751
-0.9811687
-0.98145556
-0.9807061
-0.9809447
-0.9800389
-0.981482
-0.9809457
-0.981106
-0.9811479
-0.98017794
-0.9805897
-0.98061025
-0.97988147
-0.980684
-0.9800632
-0.9801159
-0.9805624
-0.97974175
-0.97978556
-0.9799838
-0.97983533
-0.98008513
-0.9795738
-0.9808182
-0.9810344
-0.98055667
-0.98065996
-0.98031116
-0.98010737
-0.9809315
-0.98092353
-0.9801996
-0.9803152
-0.9815661
-0.98079
-0.9819654
-0.9805721
-0.98183185
-0.9803516
-0.98168826
-0.98190284
-0.98168707
-0.98178446
-0.9821775
-0.98185575
-0.98270005
-0.98197997
-0.98256975
-0.9826419
-0.9820962
-0.9818457
-0.98168564
-0.982547
-0.9818374
-0.9817476
-0.9816205
-0.9816565
-0.9811964
-0.9815961
-0.9815464
-0.9819675
-0.98132634
-0.98196477
-0.9824471
-0.98180586
-0.9816478
-0.9822269
-0.9816435
-0.9817964
-0.9824974
-0.9823556
-0.98168176
-0.982388
-0.9821074
-0.9826892
-0.98181874
-0.9823972
-0.98277074
-0.9823855
-0.98197186
-0.982472
-0.9814056
-0.98232746
-0.98232913
-0.98228055
-0.9825991
-0.9819686
-0.9824038
-0.98229045
-0.9822929
-0.9821237
-0.9822256
-0.9828062
-0.98103434
-0.9823648
-0.9813792
-0.98167336
-0.98156863
-0.9815698
-0.982108
-0.9820847
-0.9830279
-0.9808637
-0.98130345
-0.98089206
-0.98090583
-0.98141575
-0.9804662
-0.9812137
-0.98154354
-0.9806243
-0.9812613
-0.98122054
-0.982236
-0.981976
-0.9819012
-0.9818624
-0.981914
-0.98210907
-0.982025
-0.9819543
-0.982493
-0.98194194
-0.982728
-0.9820035
-0.9835387
-0.9826528
-0.98238486
-0.9827274
-0.9835712
-0.9823811
-0.98237526
-0.98283005
-0.9834423
-0.9830323
-0.9821138
-0.98298883
-0.9829457
-0.98300254
-0.9827504
-0.982453
-0.9832315
-0.9829846
-0.9828901
-0.9833308
-0.98291034
-0.98306966
-0.9834974
-0.983138
-0.9833984
-0.9844073
-0.9839238
-0.9831742
-0.98394144
-0.9839827
-0.98345715
-0.9837586
-0.9826672
-0.98279667
-0.9837242
-0.9830182
-0.98339957
-0.98324275
-0.98375213
-0.9841741
-0.9838643
-0.98354197
-0.9827968
-0.9833365
-0.9834181
-0.9832545
-0.9832516
-0.98387617
-0.9833767
-0.98422444
-0.98338425
-0.98365706
-0.9838345
-0.9837376
-0.9841634
-0.98457575
-0.98384666
-0.98401743
-0.98311716
-0.98404247
-0.9836765
-0.9838603
-0.9838676
-0.98381746
-0.9838
-0.9839244
-0.98420274
-0.9843731
-0.9840064
-0.98375505
-0.98412806
-0.98456585
-0.9838692
-0.98443085
-0.98448217
-0.9844126
-0.9840352
-0.9837822
-0.9842669
-0.9838707
-0.9835038
-0.9834162
-0.98425376
-0.983669
-0.98379576
-0.98396593
-0.9832525
-0.9838278
-0.9844539
-0.98305005
-0.98348933
-0.983786
-0.98290926
-0.98445636
-0.9844019
-0.983606
-0.98365265
-0.98362726
-0.9838858
-0.9837286
-0.98439777
-0.9843791
-0.98387796
-0.9840485
-0.98334765
-0.9839597
-0.98331565
-0.9838579
-0.9830621
-0.9841001
-0.9830748
-0.9844047
-0.9832553
-0.9839499
-0.9838531
-0.98416984
-0.9837391
-0.98446506
-0.98401904
-0.9834747
-0.9840223
-0.98462945
-0.98388135
-0.9846628
-0.9842736
-0.9845709
-0.9846388
-0.9847909
-0.98496383
-0.9843375
-0.9853687
-0.9851999
-0.9847376
-0.98490006
-0.9847524
-0.98492324
-0.98455876
-0.98504543
-0.9844185
-0.9846881
-0.9846058
-0.9849012
-0.98494244
-0.9843637
-0.9842834
-0.9848548
-0.98429334
-0.9844402
-0.98383266
-0.9844045
-0.98456675
-0.9847186
-0.9839153
-0.9838361
-0.98400295
-0.98469853
-0.9846178
-0.98486596
-0.98423785
-0.9844449
-0.98419595
-0.984182
-0.98443276
-0.9846105
-0.98395985
-0.9850391
-0.98385984
-0.9841983
-0.9840282
-0.9845979
-0.9844756
-0.98511225
-0.98469484
-0.9847577
-0.9843389
-0.9838678
-0.9843932
-0.9851705
-0.9848978
-0.984652
-0.9851436
-0.9844276
-0.9852359
-0.98532754
-0.98567945
-0.98479843
-0.9852193
-0.9854187
-0.9852692
-0.98535234
-0.98586893
-0.9859759
-0.9851688
-0.985235
-0.98568285
-0.98519903
-0.98594725
-0.98570615
-0.98611474
-0.98555166
-0.98547226
-0.985441
-0.9850689
-0.9856992
-0.9857008
-0.9857517
-0.9856428
-0.9856149
-0.9858782
-0.98546726
-0.9856174
-0.9853878
-0.9849574
-0.98524153
-0.9854657
-0.9851088
-0.98514944
-0.98552567
-0.985456
-0.985786
-0.9851114
-0.985361
-0.9858162
-0.9850075
-0.9846521
-0.98515064
-0.9848644
-0.9858949
-0.98528206
-0.9854797
-0.98577183
-0.9855598
-0.98577785
-0.9857623
-0.9849375
-0.98602027
-0.98556966
-0.9858933
-0.9856559
-0.9858292
-0.9854389
-0.98532414
-0.9860781
-0.98529106
-0.9858952
-0.9857208
-0.9860009
-0.9851946
-0.98553663
-0.9850873
-0.9859462
-0.9854905
-0.9847234
-0.9853953
-0.98417914
-0.9844549
-0.9852158
-0.98429483
-0.9851379
-0.9858757
-0.98543584
-0.98575604
-0.98638844
-0.98603827
-0.9860622
-0.98637825
-0.9865069
-0.98598915
-0.9862087
-0.98604876
-0.9861813
-0.9855342
-0.9861326
-0.9863575
-0.9862802
-0.9856649
-0.9864828
-0.98614824
-0.9863706
-0.98611766
-0.98624504
-0.98613775
-0.98649174
-0.98542273
-0.9865034
-0.9859008
-0.98552805
-0.9856857
-0.9854923
-0.98598087
-0.98588043
-0.9863259
-0.9849626
-0.9851239
-0.98484874
-0.98556733
-0.9856965
-0.98622066
-0.9853399
-0.98572147
-0.9849774
-0.98580843
-0.98546386
-0.98555136
-0.9851219
-0.9853665
-0.986062
-0.98554343
-0.98587734
-0.98551315
-0.98582864
-0.9853384
-0.98529917
-0.9862648
-0.9853381
-0.9857418
-0.9857719
-0.9852093
-0.9858377
-0.9854324
-0.98584706
-0.98615956
-0.98615503
-0.9860076
-0.98573065
-0.9857191
-0.98578894
-0.98698837
-0.9863909
-0.9867937
-0.9867786
-0.986475
-0.9868744
-0.98712
-0.98727566
-0.9875212
-0.9870648
-0.9864922
-0.9871478
-0.9871089
-0.98713046
-0.98663485
-0.98688275
-0.9867068
-0.9865007
-0.98615754
-0.9869435
-0.9873314
-0.98704284
-0.9865419
-0.986539
-0.98719925
-0.9872549
-0.98653823
-0.987077
-0.98664665
-0.986936
-0.9870722
-0.9872447
-0.9870698
-0.98762
-0.98771083
-0.98772407
-0.9876184
-0.9869722
-0.98630637
-0.98734444
-0.98661685
-0.9852569
-0.9861253
-0.98600745
-0.9859468
-0.9855083
-0.98585933
-0.9850661
-0.9851602
-0.9857709
-0.9855919
-0.9856862
-0.9858176
-0.98616695
-0.9853475
-0.985682
-0.9867463
-0.9860613
-0.9859727
-0.98669815
-0.9866153
-0.98682135
-0.9861991
-0.98686504
-0.9861719
-0.9867141
-0.9863076
-0.98659015
-0.9871949
-0.9866781
-0.98686814
-0.98683494
-0.98682326
-0.9870649
-0.9867424
-0.98646694
-0.9861063
-0.98783356
-0.9871839
-0.98735887
-0.9874479
-0.9872783
-0.9880085
-0.9871697
-0.9875943
-0.9873372
-0.98771447
-0.9874629
-0.9872305
-0.9873694
-0.987274
-0.9875414
-0.98785865
-0.98750013
-0.98726034
-0.9864452
-0.98685193
-0.98766065
-0.9862644
-0.9868624
-0.9871486
-0.9862751
-0.98706734
-0.9875528
-0.9866969
-0.98673993
-0.9867357
-0.9857907
-0.98665434
-0.9868799
-0.9869013
-0.9871703
-0.9866816
-0.9864059
-0.9865024
-0.9868251
-0.98725766
-0.98722756
-0.98722667
-0.9873108
-0.98697174
-0.98713595
-0.9868497
-0.9868763
-0.98681355
-0.9862149
-0.98618346
-0.98653567
-0.9857283
-0.9866694
-0.9858547
-0.9863341
-0.9867838
-0.9864882
-0.9865183
-0.98659575
-0.98708093
-0.98691064
-0.98721015
-0.9873133
-0.987504
-0.9866388
-0.98718685
-0.9869274
-0.9869644
-0.98670924
-0.9874701
-0.9877034
-0.9869878
-0.98721224
-0.986835
-0.9879034
-0.98729527
-0.98726743
-0.9881204
-0.98764163
-0.98728687
-0.98738563
-0.9873064
-0.98729235
-0.98790354
-0.9878741
-0.98740953
-0.9877285
-0.98685586
-0.98764575
-0.98740566
-0.9869336
-0.9876645
-0.9868238
-0.9874049
-0.9874295
-0.9869657
-0.9876642
-0.9879711
-0.98674226
-0.98763764
-0.98788434
-0.987396
-0.98748577
-0.98774475
-0.9875007
-0.9879462
-0.98827064
-0.9875788
-0.9874619
-0.9876994
-0.987263
-0.987719
-0.988043
-0.987644
-0.9879156
-0.9873919
-0.98838884
-0.98742443
-0.9873401
-0.9883983
-0.9871739
-0.9877721
-0.9883665
-0.98770857
-0.9880539
-0.98725295
-0.9877624
-0.9867533
-0.9872108
-0.9871517
-0.9865169
-0.9873591
-0.986518
-0.98694485
-0.9864651
-0.98694587
-0.98699015
-0.9862727
-0.98713684
-0.98704237
-0.9877582
-0.9870239
-0.9870789
-0.9865142
-0.98695153
-0.9866258
-0.98710805
-0.987176
-0.9871464
-0.98735094
-0.9871647
-0.98741734
-0.98714435
-0.9870549
-0.98695797
-0.9874499
-0.9873162
-0.98762643
-0.9872391
-0.9872793
-0.98759836
-0.9881063
-0.9871368
-0.9876571
-0.98707694
-0.98765683
-0.98762435
-0.9873135
-0.9876984
-0.9868922
-0.9881677
-0.98719627
-0.9875896
-0.98748004
-0.9882368
-0.9880436
-0.9877562
-0.9874551
-0.98810107
-0.98758197
-0.9876427
-0.9874632
-0.98876494
-0.9877229
-0.9879124
-0.987732
-0.9879911
-0.9876138
-0.9879757
-0.9880819
-0.98820114
-0.98794585
-0.98801917
-0.98782724
-0.98796684
-0.9875695
-0.98776287
-0.9870034
-0.9880757
-0.9868795
-0.9877705
-0.9867987
-0.98780286
-0.9872696
-0.98744756
-0.9877563
-0.98781586
-0.9875972
-0.9876378
-0.98782754
-0.98727983
-0.98734766
-0.9881037
-0.9878272
-0.9883993
-0.98818654
-0.987514
-0.98843527
-0.9874653
-0.98759156
-0.9877444
-0.9874143
-0.9880609
-0.98766196
-0.9878699
-0.9875816
-0.98807603
-0.98766404
-0.9874799
-0.98814434
-0.98829514
-0.98812896
-0.9887933
-0.98834294
-0.98864126
-0.9884587
-0.98839265
-0.98828447
-0.98851955
-0.9883659
-0.988152
-0.9884426
-0.9891272
-0.9894717
-0.9879793
-0.9876444
-0.9880246
-0.9885164
-0.9879656
-0.98830765
-0.988473
-0.98850375
-0.9882543
-0.9884762
-0.98853797
-0.9886018
-0.9891035
-0.98817986
-0.9886164
-0.9882753
-0.9880483
-0.988442
-0.9881197
-0.988464
-0.9888299
-0.98902136
-0.9889729
-0.9887085
-0.98863596
-0.98853755
-0.9891253
-0.9884477
-0.9893275
-0.98949605
-0.9890765
-0.98967415
-0.98916674
-0.9892084
-0.9884314
-0.9879917
-0.9882904
-0.9882072
-0.98852605
-0.98834825
-0.9885991
-0.9880458
-0.9873466
-0.9886956
-0.9886186
-0.98791176
-0.9887863
-0.98866713
-0.9888255
-0.9881814
-0.9890094
-0.9887763
-0.9892437
-0.9887533
-0.98911196
-0.9892756
-0.9891713
-0.98928016
-0.98907375
-0.98906165
-0.98885715
-0.98964924
-0.98929065
-0.9891236
-0.9894176
-0.9887167
-0.9889847
-0.98911095
-0.9890572
-0.9889459
-0.9888526
-0.98930895
-0.9888915
-0.98841226
-0.9885366
-0.98878306
-0.98809296
-0.98785716
-0.98798174
-0.9877181
-0.9872994
-0.9876333
-0.9873228
-0.9879073
-0.98676676
-0.98724186
-0.9868783
-0.9877534
-0.9870245
-0.9879593
-0.986571
-0.98793876
-0.98778343
-0.9877038
-0.988548
-0.9885142
-0.9885349
-0.9884734
-0.9886311
-0.9883491
-0.9880932
-0.9886169
-0.9884263
-0.98822486
-0.98854846
-0.98821354
-0.9883379
-0.98823977
-0.98859733
-0.9874334
-0.9880643
-0.9887498
-0.98850447
-0.9890634
-0.9887456
-0.9889154
-0.9889758
-0.98906416
-0.98875964
-0.98922265
-0.9894468
-0.9888138
-0.98913175
-0.9895248
-0.98907536
-0.9894588
-0.98939747
-0.98948216
-0.9895641
-0.98952323
-0.9891445
-0.98886085
-0.9885811
-0.9887823
-0.9885524
-0.98892266
-0.98899806
-0.98852104
-0.9884056
-0.98900574
-0.9890775
-0.9890093
-0.98849
-0.9880054
-0.9889828
-0.98856777
-0.9887046
-0.98841953
-0.98821795
-0.9880783
-0.9884554
-0.988894
-0.9889093
-0.98898935
-0.9883706
-0.9885838
-0.9892437
-0.9887151
-0.9893579
-0.9894639
-0.9890354
-0.98919183
-0.98896074
-0.98876816
-0.9891675
-0.9890707
-0.98934555
-0.98896706
-0.9891589
-0.98939997
-0.98915374
-0.98881525
-0.9889964
-0.98921865
-0.98925376
-0.9892381
-0.9889578
-0.98914003
-0.9897023
-0.9896162
-0.9884271
-0.989249
-0.9895787
-0.9892392
-0.98931855
-0.989861
-0.98915815
-0.989144
-0.9888453
-0.989302
-0.9886066
-0.9887355
-0.98937166
-0.98832846
-0.9888104
-0.98840934
-0.988984
-0.9890707
-0.98841655
-0.98868185
-0.98917776
-0.98935
-0.98918205
-0.99007183
-0.98925835
-0.9894164
-0.9897355
-0.98947066
-0.98922205
-0.989296
-0.989515
-0.98950464
-0.98954237
-0.98975956
-0.9898847
-0.9896641
-0.98966473
-0.9896724
-0.98932505
-0.9886745
-0.9891831
-0.9895661
-0.9891986
-0.98963434
-0.98903024
-0.9893722
-0.98912495
-0.9887998
-0.98940337
-0.98996615
-0.9889804
-0.9890246
-0.9894809
-0.9894556
-0.9896803
-0.98951197
-0.98981214
-0.98964065
-0.9894177
-0.9897467
-0.98931956
-0.9899887
-0.98957336
-0.9895008
-0.9897773
-0.9892601
-0.9899912
-0.9899606
-0.98960894
-0.9900926
-0.9893934
-0.9891434
-0.98890907
-0.9895508
-0.9894132
-0.989545
-0.98917377
-0.9894884
-0.9884343
-0.98874325
-0.9890496
-0.989052
-0.9889663
-0.98918974
-0.9893136
-0.98927927
-0.9887169
-0.98953193
-0.9896687
-0.9893198
-0.98975074
-0.98990434
-0.9896463
-0.98954475
-0.98958564
-0.98982215
-0.9891576
-0.98915195
-0.9894848
-0.9886408
-0.9893716
-0.9898609
-0.98900276
-0.9890957
-0.9899699
-0.98923135
-0.98927504
-0.9894251
-0.9892642
-0.9894312
-0.98936886
-0.9891884
-0.98994684
-0.9894398
-0.9898142
-0.9896164
-0.9900082
-0.9896792
-0.99061185
-0.99068534
-0.99034953
-0.9901448
-0.99022186
-0.9901016
-0.99026686
-0.9902823
-0.99011385
-0.9904245
-0.9902335
-0.98927224
-0.9896098
-0.989412
-0.989087
-0.98917216
-0.9892571
-0.9894751
-0.98945135
-0.9898595
-0.98982304
-0.9888709
-0.989774
-0.98957837
-0.99051815
-0.99023217
-0.9896589
-0.98950785
-0.99050987
-0.98976946
-0.9903414
-0.99062955
-0.9898784
-0.9899537
-0.9900253
-0.9894335
-0.99006885
-0.9889202
-0.989434
-0.9896718
-0.9894433
-0.98964906
-0.98918504
-0.98945767
-0.9895952
-0.9896423
-0.989761
-0.98977447
-0.98909974
-0.9892505
-0.9900198
-0.9901983
-0.9901455
-0.98938864
-0.98982835
-0.99011225
-0.990306
-0.99061006
-0.9907451
-0.99015844
-0.99023336
-0.99006283
-0.99014634
-0.9907915
-0.9904606
-0.990027
-0.99057496
-0.9898853
-0.98947835
-0.98998547
-0.99030834
-0.99072033
-0.9904025
-0.9902102
-0.9901388
-0.9899024
-0.9904039
-0.9909696
-0.9909816
-0.9908891
-0.9905245
-0.98998547
-0.9897657
-0.9897767
-0.98996794
-0.9904238
-0.98956317
-0.9900765
-0.99023074
-0.98961943
-0.9902403
-0.99007213
-0.9901184
-0.99054414
-0.9898593
-0.99053776
-0.99052286
-0.9906129
-0.98970443
-0.9899777
-0.99033594
-0.99042165
-0.9906799
-0.99031645
-0.9904586
-0.9906033
-0.99054116
-0.9908246
-0.990785
-0.99091446
-0.9910553
-0.9910273
-0.9911007
-0.9906006
-0.99051094
-0.9906656
-0.9908063
-0.99115574
-0.9907569
-0.9904108
-0.9902149
-0.9904363
-0.990519
