-0.2563901
-0.28483668
-0.2931796
-0.34101087
-0.36400008
-0.3626934
-0.38566175
-0.40793625
-0.40628234
-0.4433759
-0.44746178
-0.44074923
-0.46469435
-0.47587088
-0.473896
-0.48153403
-0.49235177
-0.494187
-0.5063737
-0.5017649
-0.50998986
-0.516139
-0.5041319
-0.5383418
-0.5302217
-0.53150386
-0.5297364
-0.5319879
-0.5365426
-0.53834873
-0.5480397
-0.54361516
-0.54643315
-0.5426089
-0.55108464
-0.5555416
-0.5510565
-0.554158
-0.570651
-0.55818063
-0.57665133
-0.57694405
-0.57146007
-0.55802655
-0.5794742
-0.5746081
-0.5813181
-0.5711968
-0.5638627
-0.5756754
-0.56892145
-0.57591176
-0.5885577
-0.5775228
-0.58388
-0.58637226
-0.5836606
-0.58523875
-0.58465195
-0.5863624
-0.5885436
-0.5930419
-0.5940269
-0.5873528
-0.5968319
-0.5960146
-0.5857606
-0.6035498
-0.5883243
-0.6077864
-0.5963397
-0.60770214
-0.6070297
-0.5973438
-0.5915047
-0.59835947
-0.61394787
-0.5928257
-0.6075354
-0.6113237
-0.60537994
-0.6088717
-0.6165435
-0.6080501
-0.60656977
-0.6072878
-0.61565894
-0.6147672
-0.61317545
-0.6339529
-0.6194819
-0.60606945
-0.6114441
-0.6244768
-0.6203538
-0.61065006
-0.6156576
-0.6184543
-0.62294817
-0.6176472
-0.6210633
-0.6206675
-0.6165414
-0.6352342
-0.62837964
-0.6222893
-0.61987835
-0.63980335
-0.61870897
-0.6269721
-0.62772954
-0.62373316
-0.6216768
-0.6367299
-0.6274998
-0.6263299
-0.6233919
-0.6308668
-0.6331649
-0.6321296
-0.6398857
-0.6304854
-0.63262975
-0.63309646
-0.63608944
-0.6336476
-0.6312656
-0.6290787
-0.62065196
-0.6289006
-0.626177
-0.64319646
-0.64194435
-0.6336689
-0.6395561
-0.63880765
-0.6392383
-0.63947767
-0.6397277
-0.63210326
-0.64723617
-0.6379802
-0.644853
-0.64417785
-0.63914126
-0.6495068
-0.6479476
-0.6413249
-0.64752495
-0.6433071
-0.6501262
-0.6394628
-0.6518382
-0.64251804
-0.6500258
-0.6453893
-0.6495888
-0.65011066
-0.6405707
-0.64214754
-0.64873505
-0.65050805
-0.6448774
-0.6437404
-0.6400252
-0.6459251
-0.64061296
-0.6433478
-0.6552987
-0.64399546
-0.6511206
-0.6465169
-0.65308434
-0.64798844
-0.64902204
-0.6554984
-0.65519994
-0.6550072
-0.6599496
-0.65118533
-0.66827786
-0.65148616
-0.6482707
-0.6538961
-0.65482116
-0.65055466
-0.65432113
-0.65581185
-0.65271294
-0.65763223
-0.6566675
-0.65061045
-0.6616589
-0.66226155
-0.6555428
-0.66712356
-0.66191137
-0.6540146
-0.6488764
-0.6667564
-0.6593141
-0.6516868
-0.66838664
-0.66400445
-0.6615441
-0.65376973
-0.66281193
-0.6585439
-0.6666527
-0.66349304
-0.66119456
-0.6667564
-0.6663036
-0.6645982
-0.666564
-0.6627892
-0.6648156
-0.65683895
-0.6691582
-0.67144346
-0.6664377
-0.66365135
-0.6591991
-0.6729432
-0.6726092
-0.66847724
-0.66714877
-0.6712563
-0.66760135
-0.6752466
-0.6710225
-0.6716639
-0.6670172
-0.6712868
-0.6717007
-0.66646755
-0.6661089
-0.66995096
-0.66763276
-0.6721695
-0.6731024
-0.66850287
-0.67384523
-0.6716683
-0.664529
-0.6735137
-0.6785021
-0.67207444
-0.68047804
-0.6757079
-0.686404
-0.6855949
-0.678003
-0.6754679
-0.68249387
-0.6788672
-0.6773316
-0.6761369
-0.6722186
-0.67742574
-0.68395585
-0.6801458
-0.6799923
-0.6848387
-0.6757396
-0.6775813
-0.67471737
-0.6854464
-0.68196404
-0.68295145
-0.6782732
-0.68109816
-0.679932
-0.6798762
-0.6749886
-0.67860526
-0.68156576
-0.68608695
-0.68654555
-0.6783349
-0.68267184
-0.67663074
-0.6777274
-0.67626643
-0.6758108
-0.6925315
-0.67712104
-0.6742057
-0.67155445
-0.67484957
-0.6765421
-0.6796287
-0.672881
-0.6858708
-0.67761093
-0.6815994
-0.6722186
-0.6811987
-0.6830019
-0.68506336
-0.6898207
-0.68452865
-0.68228126
-0.673479
-0.67758596
-0.68857324
-0.6937227
-0.6869406
-0.6793911
-0.68735886
-0.6851539
-0.6910445
-0.6935112
-0.6839256
-0.6858657
-0.6921926
-0.6816657
-0.6935992
-0.7031083
-0.6889362
-0.6839163
-0.6924501
-0.688568
-0.69595444
-0.69672126
-0.700176
-0.6922866
-0.6969606
-0.69788545
-0.6967962
-0.69649386
-0.69616836
-0.68215346
-0.6952442
-0.69621104
-0.69944257
-0.6983692
-0.6937008
-0.6908514
-0.70181346
-0.69124603
-0.6886121
-0.69537616
-0.6942395
-0.699677
-0.69186246
-0.69598013
-0.69767064
-0.69535846
-0.69304186
-0.6966144
-0.69858485
-0.6909827
-0.6916836
-0.69950557
-0.6930459
-0.6969028
-0.6956776
-0.7078287
-0.7039396
-0.69736356
-0.70106786
-0.7006822
-0.7006369
-0.69723535
-0.7082534
-0.6932073
-0.6988462
-0.6934766
-0.7003765
-0.7029929
-0.69796807
-0.7001465
-0.7043668
-0.6915797
-0.69393855
-0.7016881
-0.7034848
-0.70613354
-0.7071579
-0.70334524
-0.70624536
-0.7089707
-0.7048863
-0.70713097
-0.7095482
-0.70602703
-0.7097045
-0.7055377
-0.7098717
-0.70213026
-0.7015814
-0.7004759
-0.705037
-0.70288336
-0.7053086
-0.7040456
-0.70539093
-0.70838505
-0.70782226
-0.7007577
-0.71273077
-0.7055761
-0.71007615
-0.70941085
-0.7062834
-0.70898545
-0.7122309
-0.7114676
-0.7041397
-0.7105926
-0.70458925
-0.7056598
-0.70547867
-0.7074639
-0.6999466
-0.7038056
-0.70803225
-0.7142079
-0.7136664
-0.7101075
-0.7091026
-0.7151417
-0.7108441
-0.70764387
-0.7084842
-0.70109975
-0.7072929
-0.7059725
-0.71226585
-0.7138864
-0.70465916
-0.703467
-0.7054656
-0.7067443
-0.7009925
-0.71145093
-0.71066076
-0.70775026
-0.7156403
-0.71876097
-0.7125678
-0.70576286
-0.70635146
-0.70825046
-0.70595497
-0.7138346
-0.7132246
-0.71955436
-0.7100192
-0.71243715
-0.71545136
-0.7102976
-0.70997727
-0.7167552
-0.715926
-0.70513475
-0.7070538
-0.7087553
-0.7078616
-0.7136977
-0.71643746
-0.71931446
-0.71121967
-0.71625745
-0.72448784
-0.7202028
-0.71419626
-0.7121528
-0.71688336
-0.7174011
-0.7202688
-0.7226152
-0.71134126
-0.7159463
-0.7208545
-0.71076286
-0.71958226
-0.71465695
-0.7142457
-0.7186881
-0.71945363
-0.71464914
-0.7198608
-0.713992
-0.7098663
-0.71761876
-0.7225737
-0.7174765
-0.71445954
-0.71822715
-0.71440405
-0.7155517
-0.71848625
-0.7189556
-0.7266569
-0.7240891
-0.71867865
-0.71744174
-0.71554375
-0.7139766
-0.7274
-0.7221129
-0.71522564
-0.71506673
-0.7182405
-0.71990234
-0.71852654
-0.7145483
-0.7208008
-0.72545815
-0.719171
-0.7214425
-0.7153929
-0.721621
-0.72252864
-0.7237074
-0.7163964
-0.726963
-0.7231704
-0.71780974
-0.72667706
-0.7041352
-0.71426237
-0.7195311
-0.72526574
-0.71976495
-0.7218937
-0.71801275
-0.71732855
-0.7185062
-0.71898055
-0.719076
-0.7118666
-0.723744
-0.7181716
-0.7145403
-0.70599383
-0.70480204
-0.72094554
-0.72253585
-0.7154325
-0.71104836
-0.7129004
-0.7154369
-0.7115476
-0.71691656
-0.71670693
-0.7123248
-0.7237791
-0.71849173
-0.7205591
-0.727157
-0.72073126
-0.7249007
-0.72520405
-0.73065144
-0.72436976
-0.72621226
-0.72294724
-0.72491235
-0.7213404
-0.7244705
-0.7215609
-0.72212404
-0.7253368
-0.7252662
-0.7258335
-0.723552
-0.7269308
-0.7197024
-0.722556
-0.7263412
-0.73182595
-0.7306921
-0.7258167
-0.72551674
-0.71997696
-0.7254824
-0.72921795
-0.72607
-0.72407174
-0.73096615
-0.7247974
-0.7272852
-0.7187199
-0.72186726
-0.7268593
-0.7237506
-0.7176278
-0.7249841
-0.71806926
-0.72402227
-0.7327293
-0.7176275
-0.7267537
-0.7259138
-0.7234677
-0.7188658
-0.7244494
-0.7139335
-0.7212119
-0.7226842
-0.7289601
-0.720897
-0.7191172
-0.7206055
-0.7208996
-0.72167325
-0.7279785
-0.71698385
-0.724603
-0.7245905
-0.72712433
-0.72869486
-0.7187574
-0.7251617
-0.7205513
-0.71949303
-0.72876024
-0.7251519
-0.7306423
-0.72384226
-0.72494584
-0.728633
-0.7185032
-0.7305397
-0.71871674
-0.7201724
-0.72548234
-0.7252393
-0.71976626
-0.7271604
-0.731472
-0.72822237
-0.7208853
-0.73090583
-0.7203853
-0.71863365
-0.7279668
-0.7242188
-0.7370637
-0.73218626
-0.73558354
-0.7262422
-0.72826296
-0.72206587
-0.7302422
-0.7296196
-0.72789603
-0.7253186
-0.7302042
-0.72327816
-0.7289206
-0.72156125
-0.7293641
-0.72672457
-0.72431505
-0.729344
-0.732365
-0.73141086
-0.7312399
-0.7355091
-0.7323437
-0.7318246
-0.7329432
-0.72668934
-0.73350143
-0.72894555
-0.72795117
-0.73157144
-0.7288896
-0.7300052
-0.7291179
-0.7333329
-0.7270613
-0.73042935
-0.73024285
-0.7237452
-0.73035765
-0.72653544
-0.73243
-0.7332879
-0.73471606
-0.7292684
-0.7281229
-0.7242366
-0.73119473
-0.731486
-0.73031527
-0.7318469
-0.7290438
-0.7335131
-0.7365266
-0.7330021
-0.7341725
-0.73566484
-0.7339023
-0.7306343
-0.7264322
-0.7283421
-0.72814786
-0.7325189
-0.7305938
-0.7298498
-0.7319495
-0.73376447
-0.7288449
-0.7250648
-0.7274205
-0.7330781
-0.72655296
-0.7293121
-0.7278432
-0.73720473
-0.73577607
-0.7299144
-0.72451365
-0.7257705
-0.73611945
-0.7321521
-0.7331414
-0.73001987
-0.72814894
-0.72842395
-0.72757834
-0.73330426
-0.7281807
-0.73682946
-0.7331735
-0.73219275
-0.72141135
-0.7264144
-0.730081
-0.7259964
-0.73297423
-0.7302966
-0.73300445
-0.72900695
-0.72840375
-0.72861993
-0.72505224
-0.72893983
-0.7336278
-0.7345581
-0.7360038
-0.7240489
-0.73449403
-0.7300178
-0.734196
-0.73467636
-0.7312447
-0.73551226
-0.7345249
-0.730354
-0.7371302
-0.72933793
-0.7345412
-0.73561853
-0.7308427
-0.7255662
-0.7380272
-0.73297375
-0.7342073
-0.73474616
-0.72680944
-0.73355526
-0.73301685
-0.7278861
-0.7291207
-0.7318424
-0.73105127
-0.74414545
-0.7386995
-0.72951305
-0.74200934
-0.7314333
-0.7364032
-0.7323173
-0.73921883
-0.7429193
-0.727966
-0.73447454
-0.7409397
-0.7313624
-0.7254037
-0.72495157
-0.73015034
-0.73296916
-0.7386635
-0.73573345
-0.733892
-0.7346125
-0.72897136
-0.7329952
-0.7321275
-0.73169893
-0.72788966
-0.7380763
-0.73978984
-0.7298324
-0.7345895
-0.73804206
-0.73827666
-0.7398355
-0.73617196
-0.7371503
-0.7375281
-0.73407847
-0.73981833
-0.7333731
-0.73155457
-0.73404115
-0.7418735
-0.7430769
-0.7334389
-0.7444017
-0.74102145
-0.73220044
-0.7348814
-0.72593373
-0.7239994
-0.7232952
-0.7277484
-0.729782
-0.7269635
-0.73026186
-0.7202664
-0.7217956
-0.73301876
-0.735636
-0.7338237
-0.7208687
-0.72141355
-0.72324663
-0.7339288
-0.7314694
-0.72618604
-0.72873765
-0.72762334
-0.726559
-0.7289298
-0.732938
-0.7249835
-0.7322117
-0.7306931
-0.7334132
-0.72144824
-0.73839337
-0.729708
-0.73873883
-0.72657794
-0.7296127
-0.73245263
-0.73116744
-0.7331323
-0.73157305
-0.73299015
-0.7327639
-0.7354389
-0.7295986
-0.73438495
-0.7348821
-0.73265964
-0.7342233
-0.7253767
-0.7300897
-0.73133194
-0.728208
-0.72431564
-0.7321668
-0.73811615
-0.7361979
-0.73491764
-0.7344326
-0.72677743
-0.73769283
-0.73591614
-0.735172
-0.73343724
-0.73642737
-0.73704875
-0.73194855
-0.7370361
-0.73488855
-0.726231
-0.7294278
-0.7396915
-0.727255
-0.73443055
-0.7269767
-0.7296387
-0.7395827
-0.73374045
-0.7382872
-0.73936284
-0.7365668
-0.72994506
-0.7362377
-0.7347598
-0.74054575
-0.721733
-0.7331199
-0.73383343
-0.7377653
-0.7314803
-0.72772974
-0.7328254
-0.73381007
-0.73736835
-0.7352899
-0.73203486
-0.73646665
-0.7363986
-0.7293323
-0.73844296
-0.7273452
-0.7376875
-0.7295102
-0.7313233
-0.72401595
-0.72772986
-0.727667
-0.7303237
-0.7359796
-0.72813153
-0.7243246
-0.7337796
-0.7372233
-0.7381672
-0.7318671
-0.74603045
-0.73661506
-0.73528206
-0.73861253
-0.73759127
-0.7336668
-0.7323747
-0.7414157
-0.7456595
-0.7355934
-0.7346439
-0.72826684
-0.7267039
-0.73241687
-0.7374963
-0.72980887
-0.7356752
-0.7355722
-0.74640036
-0.7340626
-0.7376457
-0.7339285
-0.737341
-0.7431587
-0.74180615
-0.73399574
-0.74171245
-0.73656386
-0.74565494
-0.73316467
-0.7372951
-0.73293835
-0.7387303
-0.73353654
-0.7389848
-0.7411627
-0.73993754
-0.7417167
-0.73715866
-0.73263294
-0.73326
-0.73541445
-0.73659897
-0.73342
-0.73857576
-0.73771894
-0.7444541
-0.73808175
-0.74028355
-0.7316991
-0.7334221
-0.7365167
-0.7433157
-0.7292266
-0.7437037
-0.7337951
-0.739438
-0.73111933
-0.740362
-0.733245
-0.7365247
-0.7384945
-0.73849
-0.7373816
-0.73374724
-0.733215
-0.73821825
-0.7358393
-0.7329947
-0.7378292
-0.7325222
-0.734661
-0.73275006
-0.73687893
-0.7382703
-0.7348557
-0.73271763
-0.7393073
-0.73056984
-0.7338814
-0.7424745
-0.72941476
-0.7271198
-0.73231435
-0.73176503
-0.7394852
-0.7297607
-0.73613256
-0.73081136
-0.73273706
-0.7377763
-0.73502535
-0.7318469
-0.7392885
-0.7412463
-0.7343739
-0.7359353
-0.7418605
-0.73634636
-0.73410046
-0.7362781
-0.7337392
-0.733687
-0.7431275
-0.7400419
-0.7430885
-0.7292866
-0.7404393
-0.7430284
-0.7438004
-0.74974537
-0.74578846
-0.7441084
-0.73820424
-0.7425327
-0.7445281
-0.7435481
-0.74262834
-0.73870283
-0.74261194
-0.739343
-0.7412803
-0.7380143
-0.74205506
-0.73838377
-0.7399511
-0.74231803
-0.73924875
-0.73723185
-0.7414831
-0.7484149
-0.73579335
-0.7428339
-0.74334824
-0.74335676
-0.73733944
-0.7392302
-0.7445443
-0.7337346
-0.7353359
-0.74080926
-0.7441284
-0.73520416
-0.7364128
-0.7431604
-0.7293802
-0.7365417
-0.7411444
-0.7383668
-0.74269104
-0.7433259
-0.73871386
-0.74280703
-0.7389673
-0.7432802
-0.74127203
-0.74249226
-0.7439056
-0.7346573
-0.73915887
-0.7407902
-0.7419334
-0.7439165
-0.74181265
-0.7349711
-0.7399107
-0.739246
-0.7392451
-0.74491525
-0.74937093
-0.74063516
-0.7454616
-0.7376558
-0.73616046
-0.73979825
-0.7438392
-0.7369258
-0.7334165
-0.730191
-0.73680305
-0.736562
-0.73184794
-0.74486524
-0.7398268
-0.7384767
-0.73604935
-0.7423419
-0.742634
-0.74325186
-0.74389493
-0.73475474
-0.7421023
-0.7350063
-0.73493993
-0.7402004
-0.7399661
-0.73761684
-0.74131334
-0.7353542
-0.74372274
-0.7410774
-0.74328506
-0.74676377
-0.73458016
-0.7489093
-0.74899733
-0.74271977
-0.74643683
-0.7426098
-0.74118304
-0.7407093
-0.7427306
-0.742682
-0.7375772
-0.7366215
-0.74105644
-0.7456408
-0.7326784
-0.7411606
-0.7454468
-0.745947
-0.74569523
-0.7500215
-0.7422537
-0.74848336
-0.74396133
-0.7513362
-0.7412271
-0.7443588
-0.74216866
-0.74434125
-0.7442642
-0.7441714
-0.7436547
-0.74379647
-0.7407847
-0.74701005
-0.7394713
-0.74520755
-0.7417873
-0.7436099
-0.74181914
-0.74533993
-0.73788285
-0.74241394
-0.74036336
-0.7358054
-0.73425484
-0.74575245
-0.7398654
-0.73710287
-0.7380813
-0.746037
-0.74471205
-0.7459647
-0.7393521
-0.73745406
-0.74157834
-0.74635893
-0.74151
-0.7348349
-0.73604727
-0.73717
-0.7411733
-0.73575985
-0.7443087
-0.7384819
-0.7479723
-0.7461286
-0.73779076
-0.740162
-0.7430034
-0.73539233
-0.7435547
-0.74518573
-0.7409257
-0.73568887
-0.7466532
-0.7364576
-0.7452657
-0.75017804
-0.7456865
-0.7427843
-0.74403065
-0.7360636
-0.7444508
-0.7475983
-0.7441081
-0.7413806
-0.7452345
-0.745376
-0.7479066
-0.74313563
-0.7440951
-0.7423133
-0.7456421
-0.74897563
-0.7403161
-0.74954987
-0.7435869
-0.74496454
-0.74087906
-0.7407578
-0.74068403
-0.753115
-0.7443675
-0.7430106
-0.7438279
-0.7412232
-0.74502265
-0.75179464
-0.7469369
-0.7409655
-0.7377378
-0.74569726
-0.7408595
-0.73427415
-0.74207366
-0.7395731
-0.74452364
-0.7447211
-0.745857
-0.74713016
-0.74662125
-0.7423648
-0.7453241
-0.747877
-0.74229366
-0.74049413
-0.7499049
-0.7487721
-0.7444354
-0.73813075
-0.74795514
-0.74052274
-0.7453102
-0.7469828
-0.74428976
-0.7469402
-0.74897945
-0.7426565
-0.7479172
-0.7466015
-0.744431
-0.74399024
-0.7447511
-0.7450632
-0.7444749
-0.7492431
-0.7462106
-0.7480893
-0.7501764
-0.75246626
-0.74082184
-0.74748796
-0.74790215
-0.749812
-0.7440211
-0.74770826
-0.74087477
-0.75063664
-0.7444784
-0.74433166
-0.74280953
-0.74606436
-0.736332
-0.7519412
-0.7457064
-0.7424642
-0.74995494
-0.74863917
-0.747736
-0.7460858
-0.7419882
-0.744051
-0.75040156
-0.7484329
-0.7432927
-0.7464545
-0.7442937
-0.74359757
-0.73835015
-0.74850017
-0.7539327
-0.7477021
-0.7464256
-0.7504379
-0.74215275
-0.7399943
-0.741824
-0.7422811
-0.7440693
-0.7547452
-0.7450934
-0.7436304
-0.74463505
-0.7393464
-0.7503183
-0.7494219
-0.75194496
-0.7362729
-0.739434
-0.7475448
-0.7446165
-0.74311554
-0.7475108
-0.744274
-0.7418027
-0.7448528
-0.74335164
-0.73704964
-0.74348
-0.74476105
-0.7421659
-0.74101335
-0.73325676
-0.7416159
-0.74095434
-0.7410585
-0.7442326
-0.7430509
-0.7310503
-0.73800576
-0.738976
-0.7394821
-0.7395632
-0.750429
-0.7425162
-0.7414376
-0.74401164
-0.7491102
-0.7522006
-0.7461176
-0.74369913
-0.7387859
-0.74578404
-0.7369086
-0.7453926
-0.7479507
-0.74511874
-0.74166423
-0.7471001
-0.7455984
-0.749703
-0.7460376
-0.7377176
-0.74912864
-0.74800706
-0.74246496
-0.7390281
-0.7444757
-0.7445416
-0.7489679
-0.74790025
-0.75503117
-0.74388885
-0.7455623
-0.7461651
-0.74618536
-0.7493539
-0.74524194
-0.739676
-0.743564
-0.747844
-0.74614596
-0.74053425
-0.75070095
-0.7483725
-0.74850214
-0.7415411
-0.7463922
-0.7501205
-0.74764675
-0.74120563
-0.74829304
-0.7491724
-0.74892074
-0.75458324
-0.75080454
-0.74291134
-0.749238
-0.74443716
-0.7486022
-0.75078046
-0.75177574
-0.7491631
-0.7543933
-0.74798805
-0.7457398
-0.7505075
-0.7457728
-0.7504175
-0.74702173
-0.74241936
-0.7474625
-0.7534327
-0.74890554
-0.75060946
-0.7507223
-0.7471231
-0.7503677
-0.7507563
-0.74945325
-0.7564418
-0.74834424
-0.7485972
-0.74537766
-0.73834515
-0.748879
-0.7468751
-0.743345
-0.75006574
-0.7507996
-0.7496814
-0.74671966
-0.7444348
-0.74515134
-0.7517301
-0.74996126
-0.7546247
-0.7423683
-0.74703294
-0.74646443
-0.7465711
-0.75158656
-0.7550856
-0.75084794
-0.74939203
-0.74760187
-0.7457285
-0.74629575
-0.7448414
-0.7418235
-0.74410015
-0.74349725
-0.7371639
-0.74138564
-0.7432171
-0.7461044
-0.73855114
-0.74031293
-0.7472054
-0.74212295
-0.7456684
-0.73994476
-0.742382
-0.74685997
-0.7517551
-0.73929477
-0.73914605
-0.74214244
-0.7445672
-0.7420053
-0.74786896
-0.7444817
-0.74202865
-0.74056154
-0.7351917
-0.74345595
-0.7441477
-0.7435269
-0.7454988
-0.7355566
-0.7421569
-0.73911905
-0.74546003
-0.74947023
-0.7463395
-0.74418336
-0.752048
-0.7565657
-0.74587506
-0.75144625
-0.7494385
-0.74585885
-0.7498756
-0.757451
-0.7447822
-0.75189966
-0.7508066
-0.7461415
-0.74486864
-0.7534749
-0.74632776
-0.74955356
-0.7466421
-0.7470138
-0.7491678
-0.7598656
-0.7480035
-0.7529466
-0.7517596
-0.74744576
-0.75132793
-0.74740344
-0.75150985
-0.75403786
-0.7489546
-0.75482994
-0.7543525
-0.7508944
-0.74916214
-0.75162566
-0.75497884
-0.7519411
-0.7593361
-0.7505765
-0.7568812
-0.75521344
-0.75056887
-0.7521396
-0.7527029
-0.75178385
-0.75870275
-0.74951905
-0.74868906
-0.75872177
-0.75820255
-0.75393623
-0.7512071
-0.75570935
-0.7500596
-0.7490936
-0.75044614
-0.7516931
-0.758723
-0.7596433
-0.75373715
-0.7495306
-0.7511703
-0.75456303
-0.75761443
-0.7497434
-0.7514592
-0.75577664
-0.75109535
-0.7505184
-0.7559119
-0.7526059
-0.7575395
-0.75451666
-0.75839627
-0.74876595
-0.75344235
-0.7556124
-0.75241625
-0.75241435
-0.75646204
-0.75262845
-0.7480846
-0.75503963
-0.74972034
-0.7499449
-0.75915194
-0.74718827
-0.7499597
-0.7597306
-0.749997
-0.752493
-0.7547166
-0.7537541
-0.75283915
-0.7508079
-0.75160515
-0.75877416
-0.75571764
-0.7569223
-0.75385565
-0.7505809
-0.7542695
-0.75760996
-0.7507881
-0.7593782
-0.75279665
-0.75532365
-0.7518546
-0.7542811
-0.7504926
-0.7535416
-0.74899113
-0.75661457
-0.7599459
-0.7562727
-0.74875283
-0.7572188
-0.7569067
-0.7572933
-0.765677
-0.7605302
-0.7608605
-0.75281423
-0.75340325
-0.75567156
-0.756915
-0.7557934
-0.75736374
-0.7627285
-0.7549465
-0.75696087
-0.7583598
-0.75074685
-0.75943565
-0.7591018
-0.75515604
-0.75667596
-0.7646421
-0.7649108
-0.7602912
-0.7507841
-0.7542591
-0.7563596
-0.76221484
-0.76430106
-0.7596619
-0.7588668
-0.7602248
-0.7588863
-0.7642003
-0.753841
-0.75876087
-0.7573088
-0.7486532
-0.7566095
-0.75981224
-0.7604787
-0.7594274
-0.7550497
-0.757613
-0.7618924
-0.7512935
-0.75700164
-0.7616418
-0.7592923
-0.7595851
-0.75610644
-0.75689614
-0.75591016
-0.75848556
-0.7576067
-0.75542474
-0.7561979
-0.75231713
-0.75282955
-0.75392175
-0.7623126
-0.7546079
-0.7562223
-0.7440643
-0.7551505
-0.7554128
-0.74646366
-0.7548048
-0.74521387
-0.74761933
-0.750488
-0.7526943
-0.75306034
-0.7565513
-0.7502903
-0.75297976
-0.7543375
-0.75582194
-0.75892496
-0.7569572
-0.7585498
-0.7571795
-0.7561142
-0.74798346
-0.75248986
-0.7593404
-0.7591013
-0.7538202
-0.7568286
-0.7582166
-0.7624718
-0.7477225
-0.75627786
-0.75908107
-0.75776935
-0.7608955
-0.7529915
-0.7535298
-0.7596637
-0.7563022
-0.7546238
-0.75248015
-0.7515992
-0.7555289
-0.7506718
-0.7500062
-0.7588873
-0.7570911
-0.75699687
-0.7532047
-0.7488185
-0.75490093
-0.7588273
-0.75585926
-0.75910676
-0.75443476
-0.7550045
-0.7562798
-0.75332975
-0.75780505
-0.7521264
-0.7529059
-0.75258124
-0.75880265
-0.7545339
-0.7547447
-0.7574254
-0.75047284
-0.7582892
-0.7545739
-0.75249505
-0.7506409
-0.7559033
-0.7519486
-0.7576552
-0.7534321
-0.7584083
-0.74952734
-0.7601441
-0.7494846
-0.7557086
-0.75309676
-0.7540369
-0.7548008
-0.75972533
-0.7492906
-0.75129104
-0.75227576
-0.75595534
-0.7587696
-0.75134045
-0.7564036
-0.76147467
-0.7505044
-0.75866824
-0.75237244
-0.7534133
-0.7529705
-0.75657576
-0.7494717
-0.752876
-0.75783426
-0.75781715
-0.7618573
-0.75088805
-0.75286895
-0.75832444
-0.7612273
-0.7587379
-0.7574144
-0.7554639
-0.76052696
-0.75721985
-0.7606792
-0.757819
-0.76062006
-0.7547999
-0.75954217
-0.76330245
-0.7600368
-0.75946575
-0.76086503
-0.7593372
-0.7625341
-0.761656
-0.76280755
-0.7642653
-0.76071644
-0.76264244
-0.7589459
-0.7640298
-0.7568748
-0.75758815
-0.7674826
-0.7598112
-0.76236445
-0.76252335
-0.76107794
-0.7601117
-0.76390064
-0.76186126
-0.75581294
-0.75942075
-0.7603937
-0.75272197
-0.7619011
-0.76043874
-0.7532123
-0.76004094
-0.7574793
-0.7537679
-0.7558099
-0.76435816
-0.7643013
-0.7569595
-0.75963193
-0.75953984
-0.76395005
-0.75841665
-0.75592697
-0.75240624
-0.7604462
-0.75782025
-0.7586579
-0.7659511
-0.76179856
-0.7621437
-0.7620626
-0.76114917
-0.7637208
-0.76289964
-0.76560396
-0.7662503
-0.7612877
-0.7636494
-0.75746113
-0.7607601
-0.75758433
-0.758055
-0.75989544
-0.7660808
-0.767092
-0.75998044
-0.76046413
-0.76356065
-0.76105785
-0.75950545
-0.7625193
-0.7601292
-0.7695763
-0.759342
-0.7648811
-0.756127
-0.7601175
-0.7648557
-0.7646184
-0.7644622
-0.76137644
-0.7630556
-0.7673712
-0.7633271
-0.7590834
-0.76155186
-0.7547227
-0.7577713
-0.7634909
-0.7507289
-0.75750643
-0.7606815
-0.7673844
-0.7554652
-0.7566629
-0.7580705
-0.7537243
-0.76057297
-0.7643305
-0.7584972
-0.76401895
-0.7556504
-0.7622922
-0.7606647
-0.756299
-0.76312244
-0.7634954
-0.76854813
-0.7634876
-0.76020503
-0.7696497
-0.7630464
-0.76320755
-0.7568933
-0.76519305
-0.7590172
-0.7632456
-0.7616441
-0.76405984
-0.75942385
-0.7640456
-0.7663233
-0.76487035
-0.7623085
-0.75755966
-0.762391
-0.76428676
-0.75283694
-0.76424146
-0.7657727
-0.76385486
-0.7582899
-0.7662692
-0.76623565
-0.7641397
-0.7622006
-0.7631338
-0.7652353
-0.76412284
-0.76906127
-0.7585386
-0.7646467
-0.7616192
-0.76523125
-0.7626522
-0.7557669
-0.76456654
-0.75936747
-0.7657095
-0.76142865
-0.7590135
-0.7611495
-0.7642515
-0.7628043
-0.76928437
-0.76708204
-0.7584809
-0.7612052
-0.75972056
-0.7669862
-0.7649234
-0.7636532
-0.76239264
-0.7637089
-0.7621656
-0.7686396
-0.76593673
-0.76243144
-0.7597636
-0.76730466
-0.7642385
-0.76278913
-0.7601543
-0.7663572
-0.76219106
-0.7617767
-0.76449186
-0.7664429
-0.7621147
-0.7690766
-0.76205677
-0.7677497
-0.76361316
-0.7674332
-0.7638178
-0.76782924
-0.7644327
-0.76848835
-0.76760316
-0.7638167
-0.7697289
-0.76510024
-0.7650829
-0.7639882
-0.76702446
-0.771845
-0.76911604
-0.76627934
-0.7716539
-0.7666471
-0.76389384
-0.76228464
-0.7685004
-0.7671277
-0.7664823
-0.7666568
-0.768003
-0.76949906
-0.7687067
-0.76496065
-0.76387846
-0.7722598
-0.7642451
-0.76224846
-0.77049345
-0.76153666
-0.76344734
-0.7685044
-0.76993096
-0.7669975
-0.761756
-0.76925397
-0.771668
-0.7662332
-0.7633268
-0.7686461
-0.7723916
-0.76650494
-0.76816654
-0.7598044
-0.7683991
-0.76999813
-0.7701776
-0.7693284
-0.7669598
-0.77235466
-0.7710281
-0.7638502
-0.77154815
-0.7658104
-0.7650609
-0.7675696
-0.76686096
-0.76968396
-0.7723297
-0.7697164
-0.76835835
-0.77136177
-0.7703891
-0.77259666
-0.769247
-0.7680914
-0.7666977
-0.7687522
-0.7685951
-0.76879555
-0.7715494
-0.77551836
-0.77644444
-0.769306
-0.7664406
-0.7746356
-0.7709342
-0.7738381
-0.770123
-0.77623767
-0.7722522
-0.77043223
-0.7633173
-0.7781467
-0.7736594
-0.7699606
-0.770634
-0.76908886
-0.76612496
-0.77095926
-0.7761171
-0.7744278
-0.76205593
-0.7691293
-0.7688556
-0.7722168
-0.7693533
-0.7683912
-0.7673335
-0.7724802
-0.7692622
-0.77252406
-0.77627766
-0.7645206
-0.76824987
-0.76361316
-0.7696436
-0.7695776
-0.76913154
-0.76594305
-0.7685067
-0.7663969
-0.7622973
-0.75982696
-0.7767273
-0.7691176
-0.76527745
-0.7676946
-0.7728235
-0.7656156
-0.774249
-0.7709682
-0.76558286
-0.76239187
-0.7686739
-0.7687371
-0.7702309
-0.768477
-0.7666769
-0.76755404
-0.76718885
-0.7753582
-0.7741662
-0.77513564
-0.77071214
-0.7657488
-0.7693359
-0.76900136
-0.76695454
-0.76885384
-0.7682701
-0.7710889
-0.76723444
-0.7693925
-0.76593894
-0.7678154
-0.76913136
-0.7768014
-0.76910037
-0.767015
-0.76840913
-0.7697752
-0.7720012
-0.77358305
-0.7682943
-0.76949406
-0.7731888
-0.77206486
-0.7720623
-0.76895696
-0.7720977
-0.76623654
-0.7751729
-0.7666337
-0.7731766
-0.76906735
-0.7735686
-0.77086276
-0.7703705
-0.7690112
-0.7700539
-0.76942766
-0.7727988
-0.76851743
-0.76640004
-0.7683919
-0.76757956
-0.7675266
-0.7701359
-0.77048934
-0.77198505
-0.76582813
-0.77308655
-0.77007926
-0.771069
-0.76760745
-0.7706191
-0.76902556
-0.7634456
-0.77045465
-0.77006525
-0.7617714
-0.7685882
-0.76610255
-0.7629318
-0.7613879
-0.764816
-0.76277065
-0.7702706
-0.7658245
-0.76761544
-0.76368266
-0.77043396
-0.7745775
-0.76303375
-0.76556236
-0.7668184
-0.75924826
-0.77272356
-0.7761239
-0.7715367
-0.76823527
-0.7650462
-0.7679702
-0.7694511
-0.76980275
-0.7676664
-0.7720342
-0.76586974
-0.7671953
-0.76546395
-0.76800656
-0.75597876
-0.7641974
-0.7611152
-0.76699567
-0.7653768
-0.7669361
-0.7674753
-0.7675388
-0.7695438
-0.77054596
-0.76716626
-0.7676151
-0.77139544
-0.7638188
-0.76870644
-0.7686837
-0.76863444
-0.76788986
-0.77362406
-0.7666415
-0.7636363
-0.7709954
-0.7682906
-0.77262294
-0.76726645
-0.7724258
-0.76396424
-0.7717441
-0.77013916
-0.77196884
-0.77199876
-0.7707252
-0.77398634
-0.76258874
-0.7734556
-0.7641365
-0.7719352
-0.774165
-0.7730077
-0.7697856
-0.77403253
-0.7739042
-0.77281934
-0.77187467
-0.77234674
-0.77114105
-0.7714167
-0.7733225
-0.77467805
-0.7723988
-0.7670058
-0.76883376
-0.769629
-0.7742464
-0.7685732
-0.768241
-0.76115054
-0.7607633
-0.7615422
-0.76187027
-0.7659025
-0.76004785
-0.7598097
-0.7651064
-0.76432663
-0.76207834
-0.762741
-0.76568216
-0.7635405
-0.75918853
-0.76002765
-0.7608721
-0.76189154
-0.75917876
-0.7592709
-0.7576025
-0.7533385
-0.75151
-0.7610344
-0.75807285
-0.76062965
-0.75655735
-0.76042175
-0.75939715
-0.7652511
-0.76402676
-0.75462383
-0.7534968
-0.7551661
-0.7636333
-0.7582318
-0.7583413
-0.7592517
-0.7650327
-0.7610647
-0.76432985
-0.7616745
-0.76029897
-0.7649095
-0.77088284
-0.7674111
-0.76161134
-0.7592725
-0.7584164
-0.7641978
-0.7652691
-0.76600647
-0.7592362
-0.7627719
-0.76186043
-0.75740695
-0.7615563
-0.7652681
-0.76291883
-0.76181066
-0.7634397
-0.7626694
-0.75919867
-0.7642084
-0.7603031
-0.77007484
-0.7629002
-0.76534903
-0.76142323
-0.7650874
-0.7690846
-0.7579385
-0.76664674
-0.7685049
-0.760238
-0.76166713
-0.7638929
-0.76471967
-0.7682285
-0.7646046
-0.7644829
-0.76760554
-0.7654799
-0.7624028
-0.7697904
-0.7568009
-0.7586555
-0.76412004
-0.76414436
-0.76425487
-0.7661814
-0.7630814
-0.76676995
-0.76015896
-0.7691872
-0.7642697
-0.76450735
-0.7745648
-0.76502305
-0.76335865
-0.7664393
-0.7619158
-0.7643652
-0.76435333
-0.7647228
-0.7628872
-0.7617369
-0.75943434
-0.76396906
-0.7685801
-0.76475316
-0.7659114
-0.760593
-0.76158035
-0.76737934
-0.76306826
-0.7567633
-0.7610146
-0.7643217
-0.77135813
-0.7636618
-0.7711291
-0.7608583
-0.7606776
-0.766432
-0.7668613
-0.7667003
-0.7656916
-0.7672489
-0.769128
-0.7656397
-0.76593065
-0.7593383
-0.76921433
-0.76326174
-0.7681896
-0.7704272
-0.76990205
-0.774823
-0.7688496
-0.7742626
-0.77384806
-0.76946586
-0.76538575
-0.7689099
-0.76417893
-0.7678201
-0.77149564
-0.7665852
-0.76922214
-0.77219284
-0.7642496
-0.76810366
-0.7693024
-0.7694789
-0.76651824
-0.76722264
-0.7641799
-0.7679714
-0.7670676
-0.7710278
-0.7693575
-0.76748407
-0.77017033
-0.7682897
-0.774183
-0.7777841
-0.76643807
-0.77494407
-0.7738074
-0.76920927
-0.7734868
-0.7692706
-0.7709813
-0.76932836
-0.7696333
-0.76941615
-0.7648664
-0.7716156
-0.77072287
-0.7698884
-0.772153
-0.7750704
-0.7739779
-0.7701692
-0.7722156
-0.7720246
-0.7695296
-0.7732573
-0.7765054
-0.77181387
-0.7658096
-0.77514213
-0.7715079
-0.7672547
-0.7706609
-0.764764
-0.77287006
-0.7697876
-0.76781493
-0.76132464
-0.7679693
-0.772773
-0.7666283
-0.7676917
-0.7689254
-0.7718058
-0.76853484
-0.7651821
-0.7711642
-0.7705959
-0.7696567
-0.77261525
-0.7776853
-0.7709898
-0.77193487
-0.76379174
-0.77380466
-0.7698824
-0.7704701
-0.76645887
-0.77451825
-0.77574116
-0.7716025
-0.7730588
-0.76350504
-0.7715654
-0.7733616
-0.7713764
-0.7675712
-0.77288777
-0.7697253
-0.76804924
-0.7687178
-0.77224225
-0.7708722
-0.76700723
-0.77296036
-0.767777
-0.77183104
-0.7723632
-0.77446723
-0.77125865
-0.76988477
-0.76880646
-0.7741771
-0.7669465
-0.7671311
-0.7731772
-0.76789135
-0.7699381
-0.77611864
-0.7663018
-0.7715455
-0.7678075
-0.7696703
-0.76973975
-0.7725547
-0.7719634
-0.7716028
-0.7753725
-0.77268755
-0.7736963
-0.7700998
-0.7709054
-0.76563257
-0.77175426
-0.77093047
-0.77319145
-0.7769835
-0.77203304
-0.77340865
-0.7723801
-0.775619
-0.76647747
-0.76873267
-0.7665774
-0.77285194
-0.7684675
-0.7719852
-0.7741366
-0.7744637
-0.77398616
-0.7707156
-0.773686
-0.7753309
-0.7750708
-0.77340853
-0.7715905
-0.7772731
-0.7767246
-0.7782454
-0.77519256
-0.77601314
-0.77301717
-0.77486855
-0.77036166
-0.7717587
-0.7740967
-0.77318275
-0.771166
-0.7741738
-0.7721375
-0.7741499
-0.7733263
-0.7705007
-0.77349335
-0.7688763
-0.77185994
-0.7732207
-0.76720905
-0.77174276
-0.7744202
-0.78182006
-0.77729595
-0.7742758
-0.7706424
-0.7699929
-0.77285904
-0.77638173
-0.770505
-0.7749046
-0.77305204
-0.78000957
-0.776845
-0.77401733
-0.77559304
-0.781408
-0.774474
-0.7771676
-0.7710302
-0.78072906
-0.77575654
-0.7792904
-0.7791531
-0.773673
-0.7724002
-0.7744492
-0.7755486
-0.77440286
-0.7702278
-0.7749159
-0.7769496
-0.7744399
-0.77562714
-0.77218556
-0.76651335
-0.7748832
-0.77906066
-0.77450407
-0.77805233
-0.7737948
-0.77742463
-0.78126544
-0.77685636
-0.7735735
-0.77327293
-0.7746985
-0.77571106
-0.7791508
-0.7808786
-0.7795095
-0.7773475
-0.76940775
-0.7729912
-0.77795607
-0.77607787
-0.7789891
-0.77810985
-0.77737707
-0.775204
-0.77610314
-0.7792127
-0.78138727
-0.7815776
-0.7769742
-0.7840554
-0.7707862
-0.7802722
-0.7793387
-0.78435946
-0.783376
-0.7814808
-0.7820745
-0.77848816
-0.78025943
-0.7808322
-0.7782278
-0.7738012
-0.7755426
-0.77938956
-0.77588576
-0.7780487
-0.7802281
-0.7785713
-0.7829693
-0.774851
-0.77640885
-0.7737382
-0.77472395
-0.7763162
-0.7710751
-0.7821223
-0.772543
-0.76907647
-0.77384764
-0.77778417
-0.77437496
-0.77337915
-0.77913105
-0.7717188
-0.7690052
-0.7744026
-0.7762547
-0.7778814
-0.77468354
-0.7741822
-0.7772505
-0.77239513
-0.7765368
-0.77704865
-0.77556485
-0.77518415
-0.7730384
-0.7817663
-0.77923864
-0.77465826
-0.7773142
-0.77795243
-0.77274966
-0.7742864
-0.78177124
-0.77578366
-0.77975965
-0.7708998
-0.77783793
-0.7812358
-0.7768026
-0.7706795
-0.77513963
-0.7813904
-0.7926338
-0.7757276
-0.78054786
-0.779328
-0.77566075
-0.7818803
-0.77902853
-0.7810087
-0.7784111
-0.78369606
-0.783895
-0.781312
-0.7792533
-0.7777747
-0.7819308
-0.7813084
-0.7831853
-0.77978456
-0.7871899
-0.78188074
-0.7826247
-0.7835167
-0.78172684
-0.77824444
-0.7819076
-0.78332406
-0.7886647
-0.7830279
-0.7869796
-0.7884912
-0.786827
-0.78296244
-0.7815981
-0.78017
-0.7837802
-0.783953
-0.7803095
-0.7852509
-0.7816745
-0.7848431
-0.78069985
-0.77750295
-0.78354734
-0.7835868
-0.7835381
-0.78207487
-0.78441083
-0.78411096
-0.7826977
-0.7776158
-0.7828099
-0.7832687
-0.78096193
-0.7834834
-0.7792629
-0.7788004
-0.78575224
-0.7806682
-0.7842239
-0.778408
-0.78126353
-0.78143877
-0.7811282
-0.7829867
-0.7843576
-0.782001
-0.7811612
-0.7856701
-0.7834828
-0.7803394
-0.78459984
-0.78735065
-0.777326
-0.7835191
-0.7836554
-0.7844957
-0.7868459
-0.7847218
-0.7860991
-0.7857213
-0.78691906
-0.78039014
-0.7867468
-0.787306
-0.79112065
-0.7813658
-0.78304106
-0.7806504
-0.7831605
-0.7833091
-0.78568405
-0.78315383
-0.7872449
-0.7845457
-0.79165745
-0.7824444
-0.77990615
-0.7826589
-0.7842669
-0.78504217
-0.7860879
-0.78669655
-0.7841551
-0.78453004
-0.7859771
-0.78832
-0.7829
-0.78802705
-0.7882938
-0.79453844
-0.78604215
-0.7874604
-0.7920896
-0.7875777
-0.7900517
-0.7836781
-0.7858938
-0.7915946
-0.7857118
-0.78641605
-0.7899934
-0.7865155
-0.78482306
-0.7872618
-0.7840923
-0.79028887
-0.7864417
-0.7835985
-0.7880186
-0.78710014
-0.7846181
-0.78220224
-0.7862305
-0.7854728
-0.7856528
-0.78617424
-0.7809871
-0.78470594
-0.78971267
-0.7860008
-0.7917018
-0.7884235
-0.78478557
-0.79055357
-0.7899522
-0.78710335
-0.7843282
-0.7824704
-0.7877355
-0.7792713
-0.7887857
-0.7818376
-0.7846857
-0.78527236
-0.7828473
-0.7890316
-0.7826519
-0.7818991
-0.7818908
-0.7788062
-0.78208095
-0.7788737
-0.78171563
-0.78448784
-0.78290087
-0.7817457
-0.7818715
-0.7819461
-0.7788915
-0.7777997
-0.7781964
-0.7818187
-0.7801117
-0.7840564
-0.77999073
-0.7817717
-0.78304684
-0.7855812
-0.7832328
-0.7814182
-0.78345054
-0.78591406
-0.7899364
-0.7799727
-0.7860135
-0.7845197
-0.78669155
-0.78514224
-0.7825626
-0.7835316
-0.7844443
-0.7881767
-0.7820588
-0.78709394
-0.7843767
-0.78374225
-0.7839493
-0.7864851
-0.785845
-0.78000486
-0.7807583
-0.7802833
-0.7842799
-0.78152496
-0.7830844
-0.79125434
-0.7910042
-0.7902549
-0.7867916
-0.7837943
-0.78927314
-0.78336626
-0.7860443
-0.7865026
-0.7836933
-0.7905798
-0.7867406
-0.7867761
-0.7858729
-0.7867676
-0.78372175
-0.7837763
-0.77971506
-0.78177106
-0.7829259
-0.7868175
-0.7836372
-0.7864929
-0.7792743
-0.7861997
-0.78514254
-0.7832198
-0.7901126
-0.7839313
-0.78634655
-0.7884931
-0.78666127
-0.77909786
-0.78535455
-0.78099525
-0.78753537
-0.7833295
-0.79040873
-0.78762233
-0.7826273
-0.7852897
-0.7873572
-0.7891881
-0.79027134
-0.786834
-0.78423005
-0.7881063
-0.7864305
-0.78821844
-0.787158
-0.78827065
-0.7903566
-0.7838663
-0.78874314
-0.78310853
-0.78765655
-0.7846335
-0.7844879
-0.7798748
-0.7886662
-0.7840964
-0.78643185
-0.7836068
-0.7876754
-0.7883253
-0.78532076
-0.7854935
-0.78476334
-0.7869765
-0.78362346
-0.78417754
-0.7868949
-0.7884091
-0.78310007
-0.78728163
-0.7849706
-0.7873788
-0.7863914
-0.7875681
-0.7879586
-0.784903
-0.7868821
-0.78987145
-0.7886492
-0.78205544
-0.7834003
-0.7895574
-0.7881995
-0.78735495
-0.7859088
-0.78327125
-0.78414637
-0.7871567
-0.79129994
-0.7841249
-0.78656733
-0.78299063
-0.78592384
-0.791699
