0.20097360055500935
0.2295278991192495
0.2461568480891513
0.1800175240974607
0.1238188892524747
0.2816128245975085
0.29920192348483987
0.1143814627677266
0.19297233014693094
0.11575279947598824
0.09788081525715789
0.08810958180438282
0.2301637572802076
0.06380004058324128
0.11749873712257784
0.2076083903577091
0.090870502543428
0.08434432602153495
0.11236476020416539
0.16587008015691174
0.1385659908751971
0.02173458590520011
0.34349074329374096
0.5332004934934947
0.13646610410905313
0.43912421514271277
0.16764928337036733
0.27909488708358926
0.16539598579173873
0.16109562344545558
0.17855831207396575
0.2679237478407802
0.09708426642807694
0.3943952246532721
0.39308321020731496
0.19077955144652683
0.16480340050878836
0.04799175732581208
0.31511539650932024
0.027624906143390568
0.3013034202452832
0.1824612655337851
0.0786005374471864
0.17545767270288656
0.015016728813514135
0.19671715253877986
0.10798790339032614
0.1372063524910934
0.08481118508177296
0.23938614345130949
0.16868052689177937
0.06529169177439256
0.3269780671750743
0.1699584545811292
0.09996806599427839
0.27040643991529273
0.3793213840402176
0.114871156245564
0.3028348423754789
0.0858222513830334
0.10729413847913472
0.14549285314755198
0.3292898843954385
0.11632888549956015
Mean: 0.18605612159623935
