-0.84167325
-0.8414419
-0.8466732
-0.84681076
-0.8480636
-0.85685605
-0.85490054
-0.85956204
-0.8599889
-0.8635137
-0.86652356
-0.8675577
-0.86683685
-0.87267655
-0.87223595
-0.8710493
-0.8762971
-0.8789578
-0.88431317
-0.88745743
-0.88339204
-0.88597363
-0.89055455
-0.89231604
-0.8993524
-0.90109104
-0.90477353
-0.905454
-0.90745145
-0.9078032
-0.91568494
-0.9186688
-0.92009604
-0.9233888
-0.9260071
-0.92877245
-0.9290144
-0.9336856
-0.93525225
-0.936854
-0.94205046
-0.93655235
-0.93982494
-0.9425675
-0.9442532
-0.9446966
-0.94132125
-0.94493395
-0.94595313
-0.9459396
-0.9478524
-0.94735724
-0.9470263
-0.947101
-0.9480872
-0.94867754
-0.95034283
-0.94922465
-0.9481998
-0.95067286
-0.9497772
-0.94983417
-0.9493522
-0.95053697
-0.9515685
-0.95066327
-0.9511996
-0.9527776
-0.95369726
-0.95293
-0.95201457
-0.9530557
-0.9517168
-0.9538564
-0.9547066
-0.95400906
-0.95337605
-0.9549675
-0.955019
-0.95513254
-0.9557622
-0.95550096
-0.95596284
-0.95662624
-0.9565123
-0.95711875
-0.9570619
-0.9576176
-0.95700306
-0.95664483
-0.9574885
-0.9568039
-0.9559806
-0.95680034
-0.9576354
-0.9580728
-0.95703876
-0.957832
-0.95728385
-0.95635974
-0.9576605
-0.957116
-0.95733416
-0.9571391
-0.9579444
-0.95769686
-0.9571872
-0.95799613
-0.9581716
-0.9583543
-0.9583057
-0.9575867
-0.9551388
-0.95858896
-0.9583766
-0.9593253
-0.9575615
-0.9582492
-0.9586433
-0.9581806
-0.9588118
-0.95859087
-0.9579015
-0.9583645
-0.95924234
-0.9590053
-0.9588915
-0.9596336
-0.9579785
-0.95913994
-0.9584293
-0.959495
-0.9577342
-0.9595361
-0.9580572
-0.9582291
-0.95904696
-0.95881265
-0.9582785
-0.96052146
-0.9580566
-0.96058595
-0.9586959
-0.95902133
-0.9591568
-0.95923996
-0.95997053
-0.960835
-0.95949495
-0.9596054
-0.95933735
-0.96007437
-0.9597135
-0.9596279
-0.95984167
-0.95919514
-0.95995975
-0.9590818
-0.9596778
-0.9604818
-0.9597595
-0.95966053
-0.95910454
-0.96043926
-0.9593764
-0.9600854
-0.9587398
-0.9599899
-0.95982724
-0.95892984
-0.9608826
-0.9591808
-0.95924664
-0.95976514
-0.9592147
-0.95965
-0.960359
-0.9599677
-0.95996994
-0.9607331
-0.96118057
-0.95995295
-0.96047825
-0.9607378
-0.9599279
-0.9606223
-0.9598711
-0.9607566
-0.95979464
-0.9611528
-0.9608623
-0.96030146
-0.9599268
-0.9608946
-0.96080345
-0.95920783
-0.96064246
-0.9607647
-0.95930636
-0.9603119
-0.96048
-0.9604585
-0.9603566
-0.960004
-0.96057385
-0.96085656
-0.96132916
-0.9610552
-0.9616492
-0.9611785
-0.96030223
-0.9609008
-0.9605957
-0.95978016
-0.96145827
-0.96025234
-0.96017134
-0.96171725
-0.9607678
-0.9607938
-0.959928
-0.95938617
-0.9602856
-0.96116316
-0.9606796
-0.9617274
-0.96080035
-0.9610763
-0.9607902
-0.9610275
-0.9608286
-0.9619593
-0.9613556
-0.96102256
-0.9613456
-0.96167886
-0.9622714
-0.9610814
-0.9604023
-0.96128005
-0.96177536
-0.9610052
-0.9609172
-0.96154624
-0.9598112
-0.96086615
-0.96066
-0.9609633
-0.9607547
-0.96196675
-0.96171194
-0.96071255
-0.9598945
-0.961723
-0.96094245
-0.9586644
-0.95888
-0.96121436
-0.96130484
-0.9619381
-0.96078354
-0.96104646
-0.9617226
-0.9611705
-0.9617433
-0.95979977
-0.9623562
-0.962428
-0.96107584
-0.96177155
-0.9615676
-0.96145505
-0.96125484
-0.9621213
-0.96128196
-0.961251
-0.9615852
-0.9608789
-0.9625974
-0.96172714
-0.96237224
-0.9615195
-0.9621503
-0.9607364
-0.962393
-0.96142304
-0.9621079
-0.96094775
-0.961438
-0.9619056
-0.9616313
-0.9622659
-0.9615105
-0.9615913
-0.96161157
-0.9615921
-0.9613085
-0.9613709
-0.9623177
-0.9613626
-0.9617391
-0.9622998
-0.9628047
-0.96267605
-0.9618341
-0.9613333
-0.96147346
-0.9619727
-0.96139735
-0.9627426
-0.9624688
-0.9619228
-0.96230954
-0.9625072
-0.9634863
-0.9607802
-0.96231884
-0.9616359
-0.962334
-0.9619209
-0.96202356
-0.9614285
-0.96176505
-0.96133393
-0.9621186
-0.96240497
-0.96176124
-0.961763
-0.9616633
-0.9609617
-0.96190524
-0.96188647
-0.9614698
-0.9618535
-0.96288747
-0.9620082
-0.9608657
-0.9621936
-0.96243167
-0.96153325
-0.9623364
-0.963104
-0.96172607
-0.9618074
-0.96175563
-0.9616106
-0.9619186
-0.96299326
-0.9618091
-0.9629313
-0.96137583
-0.9628821
-0.96149933
-0.96218014
-0.9618311
-0.96266603
-0.96241695
-0.9623525
-0.96208644
-0.9621012
-0.96094847
-0.9619346
-0.96248317
-0.9635167
-0.9618341
-0.9624573
-0.96260583
-0.9616323
-0.9626726
-0.96051407
-0.9619038
-0.9620454
-0.9619606
-0.9627545
-0.9624674
-0.9631407
-0.9616918
-0.9621916
-0.9628995
-0.9619284
-0.9619988
-0.96223813
-0.96290076
-0.9624159
-0.9623968
-0.9620218
-0.96286124
-0.9619422
-0.9614574
-0.96187955
-0.961789
-0.9626172
-0.96152836
-0.96215975
-0.9625637
-0.9617061
-0.9628895
-0.96153784
-0.96236557
-0.9614928
-0.96162933
-0.96152914
-0.96122634
-0.96078134
-0.96199024
-0.96109164
-0.9615822
-0.9626436
-0.9616861
-0.9624963
-0.96281993
-0.9619963
-0.96190643
-0.9632292
-0.96050364
-0.962574
-0.96344256
-0.9625743
-0.962832
-0.96328056
-0.9622367
-0.9622339
-0.96280783
-0.96149975
-0.96189356
-0.96295255
-0.96049196
-0.9621155
-0.96118426
-0.9626524
-0.96026397
-0.96242315
-0.96177083
-0.9633857
-0.9620082
-0.96316165
-0.96267974
-0.961838
-0.9623708
-0.96238756
-0.9622844
-0.9627397
-0.96224934
-0.9629373
-0.9634402
-0.96181035
-0.9624708
-0.96242
-0.9638637
-0.96391815
-0.9630235
-0.9625331
-0.96218085
-0.96300185
-0.9625547
-0.96283597
-0.9626058
-0.96175665
-0.9623795
-0.9608653
-0.96059775
-0.95984656
-0.96150523
-0.96302354
-0.9624207
-0.962352
-0.96170145
-0.96171117
-0.96086615
-0.9620872
-0.9612615
-0.9621462
-0.962829
-0.96253
-0.9613424
-0.96212757
-0.9630769
-0.96224666
-0.9630553
-0.96175236
-0.9619202
-0.9604678
-0.9621865
-0.9621721
-0.9631993
-0.9625909
-0.96300447
-0.962096
-0.9619002
-0.9610207
-0.9623563
-0.96166325
-0.9624141
-0.9630545
-0.96284515
-0.9620805
-0.962575
-0.96194065
-0.9627996
-0.9617824
-0.96190286
-0.9617398
-0.9629396
-0.96189106
-0.96363807
-0.9630871
-0.96196973
-0.9620751
-0.96143943
-0.9622488
-0.9628945
-0.9629515
-0.96012807
-0.9641454
-0.96258086
-0.9611539
-0.9621343
-0.9616534
-0.96085095
-0.9608843
-0.9624741
-0.96321756
-0.96309537
-0.9619628
-0.96152896
-0.9614715
-0.96197265
-0.9633412
-0.9625144
-0.9631377
-0.9631617
-0.961717
-0.9621855
-0.9623162
-0.9623322
-0.96180683
-0.9615248
-0.9620617
-0.9628063
-0.9623152
-0.96238565
-0.96355486
-0.9624534
-0.95998305
-0.9628736
-0.96200466
-0.9632879
-0.9628773
-0.9622884
-0.9628222
-0.96266264
-0.9629766
-0.9619635
-0.96261513
-0.9620731
-0.96308774
-0.9622662
-0.9623452
-0.96200657
-0.9619622
-0.9626911
-0.96246725
-0.96190137
-0.9621534
-0.96301246
-0.96365404
-0.9626688
-0.9627448
-0.96224326
-0.9624381
-0.9626859
-0.96205336
-0.96257794
-0.9628929
-0.96278715
-0.96326953
-0.9627598
-0.9619011
-0.9621079
-0.9628367
-0.9615142
-0.9621267
-0.9609244
-0.9607842
-0.9601766
-0.9629669
-0.9623678
-0.9624182
-0.962307
-0.9616787
-0.9610075
-0.9624527
-0.96364665
-0.9629271
-0.96261466
-0.9642075
-0.9629378
-0.96270394
-0.96295226
-0.962671
-0.96281403
-0.96279466
-0.9629347
-0.96242446
-0.96173173
-0.9626111
-0.9622621
-0.961951
-0.9628583
-0.963078
-0.96184915
-0.962009
-0.9628111
-0.9636081
-0.9631637
-0.96362555
-0.962113
-0.9624662
-0.96217185
-0.962862
-0.9607892
-0.96279866
-0.96357447
-0.96296054
-0.9614688
-0.9624525
-0.96249104
-0.96356153
-0.96335214
-0.96204585
-0.9622171
-0.96187943
-0.9620144
-0.96251214
-0.9641615
-0.9627033
-0.9629789
-0.9631063
-0.9618801
-0.963688
-0.9625032
-0.96351415
-0.96217984
-0.9627183
-0.962111
-0.96202224
-0.9640661
-0.9634882
-0.9637149
-0.96324486
-0.96349204
-0.96183056
-0.96352744
-0.9631498
-0.9635171
-0.9627547
-0.9630473
-0.9629369
-0.9617667
-0.96232957
-0.9623676
-0.964265
-0.962631
-0.96220875
-0.9627778
-0.9632596
-0.9627178
-0.9630725
-0.96362096
-0.96204543
-0.9644984
-0.96251184
-0.9630231
-0.96304995
-0.9618788
-0.96261305
-0.9630651
-0.964357
-0.96295977
-0.9625968
-0.96296567
-0.96293
-0.96197206
-0.9634007
-0.9623027
-0.9644753
-0.9629366
-0.96415
-0.9627123
-0.96249807
-0.96300495
-0.96251875
-0.9633853
-0.96249527
-0.9628681
-0.9632813
-0.9629529
-0.963363
-0.9628428
-0.96319187
-0.9628576
-0.96307594
-0.9634634
-0.9632463
-0.96216613
-0.96280843
-0.96315116
-0.96312475
-0.96382695
-0.9631482
-0.9632324
-0.9630214
-0.96367323
-0.9625425
-0.96337885
-0.96383333
-0.96292853
-0.96264833
-0.9638047
-0.9618454
-0.9623931
-0.96195376
-0.9633265
-0.9622336
-0.9626536
-0.96355027
-0.9630677
-0.96206194
-0.9627056
-0.962953
-0.9617973
-0.96331495
-0.9631433
-0.9624272
-0.9627334
-0.96252865
-0.9629008
-0.9633705
-0.9632521
-0.9622972
-0.9629272
-0.9626421
-0.96265495
-0.9624596
-0.9630046
-0.9625923
-0.96301955
-0.961868
-0.9636519
-0.9624747
-0.96291065
-0.9631713
-0.9634104
-0.96390504
-0.96326095
-0.96232134
-0.9629718
-0.96241516
-0.9625089
-0.96264654
-0.9638345
-0.96243155
-0.9634897
-0.96407044
-0.9630226
-0.96354425
-0.96363795
-0.96212614
-0.9626079
-0.9625055
-0.9633017
-0.96172905
-0.9623899
-0.96281487
-0.9640685
-0.9620335
-0.96215314
-0.96236247
-0.9622139
-0.9631647
-0.96293336
-0.96253985
-0.9632601
-0.9627595
-0.9628725
-0.9627709
-0.9618641
-0.9607013
-0.9620828
-0.9644104
-0.9625585
-0.9635137
-0.96267503
-0.96247214
-0.9637455
-0.96245444
-0.96296126
-0.9630672
-0.96380955
-0.9634913
-0.96223944
-0.9629518
-0.96160007
-0.96215755
-0.9624592
-0.9625424
-0.9628893
-0.9633869
-0.9628578
-0.9627635
-0.96162164
-0.96284485
-0.9629121
-0.9629651
-0.9627294
-0.96330893
-0.9637073
-0.96255773
-0.9633557
-0.96386176
-0.96337813
-0.9627874
-0.9624564
-0.96286124
-0.96271837
-0.96190965
-0.96323
-0.962915
-0.9627423
-0.96303177
-0.9630846
-0.96300465
-0.96285874
-0.9632937
-0.9625961
-0.9623505
-0.9623489
-0.96243995
-0.96204776
-0.9629637
-0.96125704
-0.9631618
-0.96263504
-0.96348023
-0.9625445
-0.9628035
-0.9629056
-0.9628177
-0.9628209
-0.9625381
-0.9631632
-0.9635037
-0.96272886
-0.9630078
-0.9628019
-0.9626989
-0.9626386
-0.96252495
-0.96247643
-0.9638063
-0.96387994
-0.96338654
-0.96209294
-0.96345127
-0.9628551
-0.9634329
-0.96179163
-0.96309143
-0.9636256
-0.9613115
-0.96300566
-0.96328765
-0.9631473
-0.9623979
-0.9627021
-0.9632908
-0.9628323
-0.96306056
-0.9625561
-0.9638117
-0.9625614
-0.96327907
-0.96249807
-0.9621212
-0.9625792
-0.96381193
-0.9624218
-0.96362424
-0.96400857
-0.9625754
-0.9623697
-0.96316123
-0.9636815
-0.9636331
-0.9634951
-0.9628756
-0.9625907
-0.96257925
-0.963173
-0.96327776
-0.9626112
-0.9631217
-0.9624021
-0.96195495
-0.96417844
-0.96265733
-0.962869
-0.9627135
-0.963702
-0.96251446
-0.9629337
-0.9639733
-0.9627289
-0.96335495
-0.96379614
-0.96273696
-0.9624748
-0.9628498
-0.96351624
-0.96267915
-0.96238536
-0.9621533
-0.96349925
-0.9638341
-0.96273553
-0.96253675
-0.9632768
-0.9635061
-0.9632845
-0.96307087
-0.96213263
-0.963516
-0.96251386
-0.9636695
-0.96349865
-0.9643342
-0.96245146
-0.96259844
-0.96251243
-0.9639192
-0.9635083
-0.9638055
-0.9629179
-0.9639308
-0.9625337
-0.9627576
-0.96281195
-0.9630178
-0.9629695
-0.96309257
-0.9626596
-0.9629274
-0.962616
-0.9629564
-0.9636483
-0.962945
-0.9617961
-0.9633069
-0.9624624
-0.9612917
-0.9622164
-0.96212155
-0.96362746
-0.96313447
-0.96134824
-0.96282816
-0.9633863
-0.96313024
-0.9631064
-0.96105015
-0.9615272
-0.9597018
-0.96104425
-0.9616031
-0.9622283
-0.96267605
-0.9617527
-0.9623328
-0.96238893
-0.96248835
-0.9624882
-0.963391
-0.9630694
-0.96288073
-0.96306556
-0.96204144
-0.9613295
-0.9618479
-0.9618624
-0.963138
-0.96270674
-0.9634866
-0.963735
-0.9628063
-0.96229535
-0.9621189
-0.96258336
-0.96259034
-0.96356
-0.9633093
-0.9631923
-0.9622853
-0.9628085
-0.96301574
-0.9625693
-0.9628429
-0.96220666
-0.9630298
-0.96257025
-0.96322024
-0.9638429
-0.96340567
-0.96338737
-0.96227956
-0.9627372
-0.96359146
-0.9631619
-0.96375436
-0.9626709
-0.9625431
-0.96370023
-0.96354693
-0.96337515
-0.96238357
-0.963441
-0.9628476
-0.96246564
-0.9628737
-0.9638373
-0.96255684
-0.9628669
-0.96269083
-0.962936
-0.9630849
-0.96325177
-0.96354747
-0.963813
-0.9622627
-0.9640185
-0.9632391
-0.9635636
-0.96306926
-0.96359766
-0.9628611
-0.9632159
-0.9641887
-0.96305096
-0.96252435
-0.9631939
-0.96412456
-0.9622789
-0.9622867
-0.9637225
-0.9635512
-0.96289384
-0.96278423
-0.96293557
-0.9624987
-0.96247244
-0.9625974
-0.9625927
-0.96308655
-0.96308607
-0.9630721
-0.96251637
-0.96189547
-0.9623743
-0.96183866
-0.9606456
-0.9600823
-0.9609325
-0.96085584
-0.96143943
-0.9625683
-0.96208197
-0.96194834
-0.9617611
-0.9617955
-0.96116066
-0.9627284
-0.96241355
-0.9617025
-0.9610252
-0.96134144
-0.96223277
-0.96194756
-0.9624915
-0.96192044
-0.9630549
-0.9610943
-0.96344125
-0.9597791
-0.9631394
-0.9629572
-0.96337545
-0.9624251
-0.9637522
-0.96387994
-0.9627942
-0.9627231
-0.963344
-0.9635967
-0.9624203
-0.9627889
-0.9629376
-0.9627536
-0.96346897
-0.9629072
-0.9631475
-0.96333516
-0.9630683
-0.9645507
-0.96273303
-0.9624571
-0.9636889
-0.9626644
-0.9639375
-0.96337223
-0.96328175
-0.96351707
-0.9632665
-0.96360207
-0.9631177
-0.9633365
-0.96304184
-0.9639701
-0.962835
-0.96309924
-0.9634967
-0.9637943
-0.9627271
-0.9632656
-0.962921
-0.962296
-0.96301174
-0.9627412
-0.9625385
-0.9625715
-0.96335524
-0.9635894
-0.9636206
-0.9628545
-0.9630212
-0.96380186
-0.96317214
-0.9630426
-0.9626358
-0.96332026
-0.9632883
-0.96355385
-0.9629305
-0.9625682
-0.96181077
-0.9629384
-0.9628633
-0.9630704
-0.9611729
-0.96354336
-0.9618685
-0.96299475
-0.96324563
-0.96263963
-0.962831
-0.96311086
-0.96307945
-0.96396285
-0.9634828
-0.9623501
-0.96336246
-0.96365875
-0.9634856
-0.9633233
-0.9621018
-0.96208036
-0.9624477
-0.9622842
-0.96266097
-0.96253574
-0.9628738
-0.9632589
-0.96215916
-0.96222997
-0.96264344
-0.9636113
-0.9645043
-0.9629772
-0.9629963
-0.9631188
-0.9629817
-0.9633107
-0.9630967
-0.9632383
-0.9627634
-0.9625666
-0.96306795
-0.9635276
-0.96320844
-0.96330005
-0.96293515
-0.96292317
-0.96190494
-0.9630772
-0.9613866
-0.96398675
-0.96303535
-0.9628967
-0.96406233
-0.96370375
-0.9637442
-0.9625143
-0.963038
-0.96286327
-0.9632722
-0.96306247
-0.9627615
-0.9627504
-0.9621182
-0.9625905
-0.9636206
-0.9623794
-0.9628866
-0.9622403
-0.9630441
-0.9634081
-0.96331674
-0.96291554
-0.96331877
-0.9646618
-0.96285
-0.962791
-0.96211076
-0.9631167
-0.96349657
-0.9631986
-0.96413434
-0.96293974
-0.9637709
-0.96290886
-0.9638782
-0.9637191
-0.96276325
-0.96319485
-0.96263546
-0.9625556
-0.9632468
-0.963415
-0.9644682
-0.96295804
-0.9636016
-0.96436596
-0.96272266
-0.96328026
-0.96288407
-0.9631146
-0.9642296
-0.9620741
-0.96367556
-0.96355826
-0.9625518
-0.9634445
-0.96264446
-0.96324974
-0.96422744
-0.9635832
-0.9633959
-0.9632005
-0.9629183
-0.9627175
-0.9632179
-0.96369183
-0.9629556
-0.9620546
-0.9615147
-0.9622205
-0.9630234
-0.96268153
-0.9636002
-0.96299314
-0.9632563
-0.96248853
-0.9627442
-0.9641497
-0.96296966
-0.96274364
-0.9637163
-0.9635717
-0.963064
-0.96241343
-0.963084
-0.963623
-0.96339744
-0.96321833
-0.96393234
-0.96280164
-0.96336967
-0.96340597
-0.96282303
-0.9628977
-0.9636814
-0.96384954
-0.96338236
-0.9621837
-0.96334
-0.96322834
-0.96233183
-0.96293193
-0.9641452
-0.96291715
-0.9643434
-0.96426034
-0.96307564
-0.96259266
-0.96296096
-0.96460336
-0.9637637
-0.9631761
-0.9630631
-0.9627604
-0.9630996
-0.96327716
-0.96369404
-0.9635058
-0.9629593
-0.96312433
-0.96331835
-0.96305275
-0.96400565
-0.9633489
-0.96356547
-0.96344316
-0.9640614
-0.96417946
-0.9630071
-0.9633331
-0.9631333
-0.9622313
-0.96347135
-0.9627679
-0.96299005
-0.96265364
-0.963705
-0.9633229
-0.96344584
-0.96351224
-0.96362036
-0.96331227
-0.96325034
-0.9636054
-0.962572
-0.9629478
-0.96281695
-0.96342903
-0.9634894
-0.96343
-0.96160537
-0.96451914
-0.9628516
-0.9634169
-0.96252733
-0.96288663
-0.96220756
-0.96298665
-0.9630578
-0.96387345
-0.96325266
-0.9629106
-0.9631408
-0.9636099
-0.96417016
-0.9631631
-0.9629584
-0.9626311
-0.96245664
-0.96295863
-0.9625128
-0.963932
-0.9626262
-0.96211046
-0.96284205
-0.9625719
-0.962857
-0.9633754
-0.9637292
-0.9624884
-0.9631488
-0.96282744
-0.9629092
-0.9633944
-0.96325445
-0.96431625
-0.9604992
-0.9604606
-0.96400756
-0.9625119
-0.96368515
-0.9629975
-0.9638611
-0.9637581
-0.96273476
-0.9637367
-0.96273
-0.9627419
-0.962989
-0.9620889
-0.9632359
-0.96416706
-0.96356887
-0.9632711
-0.9632003
-0.9625035
-0.96315205
-0.9631222
-0.9623591
-0.96392006
-0.9639121
-0.96272314
-0.9627731
-0.96321476
-0.9625598
-0.96365416
-0.96456933
-0.9630109
-0.9635286
-0.9632742
-0.9623975
-0.9627848
-0.9617396
-0.96269554
-0.9630613
-0.96327615
-0.962924
-0.96248406
-0.96299314
-0.9635652
-0.9637309
-0.96268624
-0.96324825
-0.9629335
-0.96219134
-0.9638893
-0.9631907
-0.9631067
-0.96255213
-0.96370727
-0.9627847
-0.96260506
-0.9633267
-0.96256214
-0.9628191
-0.9625397
-0.96318775
-0.962787
-0.9641915
-0.964175
-0.9628611
-0.96324426
-0.962508
-0.9633635
-0.96228135
-0.96220654
-0.9627698
-0.96288496
-0.9628867
-0.96224153
-0.9613676
-0.96239185
-0.9632609
-0.9627533
-0.9637037
-0.9637993
-0.96329373
-0.96295786
-0.96275
-0.96335924
-0.9629237
-0.9627247
-0.96311915
-0.9630568
-0.9628747
-0.9635802
-0.9630354
-0.96320695
-0.9631071
-0.9637224
-0.9636373
-0.9637005
-0.9625947
-0.9616825
-0.96221644
-0.96288586
-0.9631755
-0.96294266
-0.9636237
-0.9623257
-0.9633177
-0.96297896
-0.96255505
-0.96342313
-0.9633221
-0.9630565
-0.96258795
-0.9642885
-0.9627775
-0.96381783
-0.963279
-0.96299016
-0.96419203
-0.9631964
-0.96338016
-0.9633886
-0.9634122
-0.96301717
-0.96355766
-0.9627089
-0.9631267
-0.9635532
-0.9640567
-0.9635924
-0.96299773
-0.9629944
-0.96279
-0.96288246
-0.9629426
-0.96355987
-0.96285766
-0.96374696
-0.963396
-0.96327764
-0.9630825
-0.96277267
-0.96312904
-0.96402085
-0.9633517
-0.9638009
-0.96342945
-0.963356
-0.9646326
-0.9651824
-0.963754
-0.9623601
-0.9629214
-0.9630826
-0.962702
-0.9643255
-0.96323466
-0.96328586
-0.9641126
-0.9626209
-0.9633245
-0.9630932
-0.9636017
-0.9624315
-0.9621169
-0.96333313
-0.96337414
-0.9636246
-0.96370167
-0.96323454
-0.963403
-0.96322364
-0.963908
-0.9626426
-0.9637796
-0.963606
-0.9624287
-0.96256244
-0.96304494
-0.962689
-0.96310073
-0.9630686
-0.96301967
-0.96246016
-0.9630074
-0.9640183
-0.96462065
-0.96350247
-0.96297276
-0.96408564
-0.9645093
-0.9630558
-0.9629139
-0.96348387
-0.96322185
-0.9637219
-0.9631406
-0.96298677
-0.9632279
-0.9628117
-0.96344596
-0.9637852
-0.963824
-0.9642134
-0.9633426
-0.9635484
-0.9640679
-0.9632717
-0.96203595
-0.96300554
-0.9630701
-0.96257424
-0.9632951
-0.9632738
-0.96276486
-0.9631885
-0.963016
-0.96313906
-0.96285653
-0.96235764
-0.9628402
-0.9624169
-0.9626658
-0.9635647
-0.96287715
-0.96279293
-0.96379954
-0.96377707
-0.96363306
-0.9637749
-0.96335965
-0.9644841
-0.96245354
-0.9635435
-0.96361023
-0.9627827
-0.962929
-0.9635319
-0.96377563
-0.9631042
-0.96405315
-0.9634786
-0.9637763
-0.9632464
-0.96250063
-0.96337813
-0.96454126
-0.96204954
-0.9629218
-0.96325696
-0.963209
-0.96088195
-0.96420074
-0.9638183
-0.962192
-0.9637868
-0.9634594
-0.96500623
-0.9622889
-0.9629048
-0.962952
-0.963514
-0.96254504
-0.963179
-0.9632684
-0.9637715
-0.9627098
-0.9646526
-0.96301115
-0.9636602
-0.9630626
-0.96299684
-0.9627576
-0.96362877
-0.9631564
-0.9636141
-0.9634112
-0.96323496
-0.9627333
-0.96289736
-0.9634354
-0.96218234
-0.96320474
-0.9630001
-0.9629377
-0.9639998
-0.96408224
-0.9637368
-0.9634111
-0.9629725
-0.9614057
-0.96269983
-0.96386623
-0.96341014
-0.96280134
-0.9633755
-0.9625017
-0.96238965
-0.9630619
-0.96482706
-0.9623963
-0.96376485
-0.96290034
-0.9631187
-0.96373534
-0.96348023
-0.9630357
-0.96353495
-0.9637136
-0.962483
-0.9638359
-0.9628746
-0.9635899
-0.96296304
-0.96346855
-0.9631324
-0.9635999
-0.96285206
-0.963719
-0.963067
-0.96402824
-0.962873
-0.9638236
-0.9636483
-0.9634754
-0.9638524
-0.9632234
-0.96273834
-0.9630541
-0.962442
-0.96473837
-0.9635574
-0.96298224
-0.9633913
-0.96326447
-0.96404845
-0.9630846
-0.9642554
-0.964577
-0.9620598
-0.96222657
-0.9638555
-0.9632585
-0.9634344
-0.9633759
-0.9636088
-0.9628352
-0.9635143
-0.96293104
-0.96248615
-0.9628689
-0.96331966
-0.9635459
-0.96381694
-0.9644892
-0.96336746
-0.96416974
-0.96431196
-0.9634771
-0.96309114
-0.963065
-0.964176
-0.9633003
-0.9633039
-0.9626417
-0.96348083
-0.9627139
-0.9631165
-0.9637746
-0.9638385
-0.96349007
-0.9641729
-0.9642761
-0.9642439
-0.9628418
-0.9622668
-0.96271765
-0.9636621
-0.9630154
-0.96426153
-0.9636813
-0.96331006
-0.9631052
-0.96337223
-0.96332467
-0.96371657
-0.9639374
-0.9642761
-0.9637209
-0.9638775
-0.9634909
-0.96326995
-0.96266764
-0.9627187
-0.96279216
-0.9627099
-0.9627235
-0.9631298
-0.9626693
-0.96403533
-0.9631339
-0.9618162
-0.9630408
-0.9624921
-0.9631974
-0.9644365
-0.96358675
-0.96316177
-0.96361536
-0.96267784
-0.96391916
-0.9634829
-0.96284324
-0.9634269
-0.9631415
-0.96306247
-0.96221036
-0.9629188
-0.9629646
-0.963476
-0.96449625
-0.96397483
-0.96217895
-0.96347874
-0.96372646
-0.96326816
-0.9629439
-0.962301
-0.963003
-0.9625144
-0.96369654
-0.9631335
-0.96325064
-0.96276915
-0.9639356
-0.9633304
-0.9638113
-0.9642806
-0.9632443
-0.96310514
-0.9633176
-0.9629872
-0.9627993
-0.9625457
-0.96332127
-0.9624715
-0.9622983
-0.9637846
-0.96371937
-0.9636426
-0.9641196
-0.96348995
-0.96377313
-0.96309495
-0.964809
-0.9631227
-0.9640274
-0.9639719
-0.9626234
-0.9630399
-0.9632911
-0.96258974
-0.9624116
-0.9636945
-0.9641487
-0.9631894
-0.96406263
-0.9633097
-0.96391463
-0.9637879
-0.9634382
-0.9640244
-0.96377206
-0.96357477
-0.96348244
-0.96226585
-0.9634271
-0.963005
-0.9631626
-0.9641852
-0.9633347
-0.9634068
-0.9621499
-0.9637169
-0.9627659
-0.96283144
-0.96377105
-0.96435165
-0.96312094
-0.9650405
-0.9634143
-0.96355903
-0.96337885
-0.9637618
-0.96304184
-0.9629418
-0.9631779
-0.96427345
-0.96385705
-0.9630729
-0.96297634
-0.963289
-0.96319413
-0.9636381
-0.963987
-0.9628998
-0.9633595
-0.9634184
-0.96292865
-0.96344554
-0.9634238
-0.9631837
-0.9642925
-0.96362066
-0.9608181
-0.96408653
-0.9619651
-0.9636669
-0.96443504
-0.9636667
-0.9626919
-0.9629622
-0.96276414
-0.96342343
-0.9637081
-0.9638465
-0.96378046
-0.9634471
-0.9637817
-0.9628773
-0.96294487
-0.96309114
-0.96301365
-0.96331626
-0.96323216
-0.96379167
-0.9634339
-0.9635544
-0.9604146
-0.9632256
-0.9638421
-0.9643297
-0.9628412
-0.96384037
-0.96310604
-0.9623917
-0.96249455
-0.96390307
-0.9633341
-0.9634926
-0.96382785
-0.9632513
-0.96273607
-0.96455055
-0.9641864
-0.9626724
-0.96323323
-0.96293193
-0.9630906
-0.9639675
-0.9640799
-0.9635675
-0.9634809
-0.9636999
-0.9634232
-0.9626658
-0.96244174
-0.9632782
-0.9627343
-0.9635608
-0.96335626
-0.96363854
-0.9631253
-0.963815
-0.96318793
-0.96258724
-0.96371144
-0.9639962
-0.96290773
-0.9643905
-0.96329916
-0.96330345
-0.9640154
-0.9640685
-0.9637072
-0.9630275
-0.9632427
-0.96302205
-0.9632132
-0.9635613
-0.9638872
-0.96317947
-0.96383226
-0.961022
-0.9640248
-0.9638277
-0.9627641
-0.96244514
-0.9635317
-0.963467
-0.9632269
-0.96349126
-0.96349746
-0.9639603
-0.9639768
-0.9630861
-0.9644338
-0.9630679
-0.9632196
-0.9634416
-0.96465147
-0.96388155
