-0.5018805
-0.50304097
-0.5065718
-0.50301987
-0.5048487
-0.5125329
-0.5176321
-0.5259442
-0.51213133
-0.5214826
-0.52647746
-0.5283167
-0.52243716
-0.5274898
-0.52911305
-0.53021705
-0.5308627
-0.5288014
-0.54171294
-0.5314056
-0.53956705
-0.53648245
-0.5389331
-0.5307908
-0.5466092
-0.55197436
-0.5416964
-0.55800956
-0.547225
-0.5518425
-0.5464304
-0.5621062
-0.554176
-0.5697187
-0.56439596
-0.5633336
-0.56551456
-0.5610457
-0.56832504
-0.5781481
-0.57947856
-0.5718692
-0.56384945
-0.5714617
-0.57162076
-0.582332
-0.58908933
-0.58683664
-0.59633887
-0.5923452
-0.59041405
-0.5943378
-0.6001006
-0.5922581
-0.59423536
-0.604666
-0.6047848
-0.6065094
-0.60603136
-0.6078297
-0.60836285
-0.6223534
-0.611334
-0.6209939
-0.6219964
-0.6174632
-0.6213657
-0.632693
-0.6230443
-0.62084323
-0.62355196
-0.62928164
-0.6262249
-0.6331935
-0.6332642
-0.6289373
-0.62420696
-0.6265079
-0.63568413
-0.6220628
-0.6396375
-0.6412297
-0.6402969
-0.6338583
-0.6346261
-0.6372165
-0.63839513
-0.6353786
-0.63663656
-0.6464279
-0.644707
-0.6468437
-0.6357836
-0.6422914
-0.6441735
-0.6317948
-0.64256895
-0.6496457
-0.63516366
-0.63701946
-0.64814425
-0.650267
-0.63973415
-0.6406312
-0.64319503
-0.6458021
-0.64193064
-0.64564973
-0.65008646
-0.64544713
-0.64902985
-0.65469086
-0.64494795
-0.6416876
-0.64456034
-0.64670527
-0.6491671
-0.650503
-0.6541609
-0.64545614
-0.6564119
-0.6517385
-0.650547
-0.64922374
-0.6496064
-0.6411405
-0.64988875
-0.6510423
-0.653734
-0.6466777
-0.64933026
-0.6544613
-0.65898055
-0.65642
-0.65314454
-0.63690466
-0.6574608
-0.65130675
-0.6504014
-0.6527299
-0.64120966
-0.66052496
-0.65033746
-0.65809363
-0.65112054
-0.6551729
-0.65730715
-0.6619627
-0.65714073
-0.6576785
-0.6574346
-0.66213226
-0.6511182
-0.65506184
-0.65293103
-0.65290284
-0.65014505
-0.65413123
-0.6598201
-0.65577775
-0.660085
-0.65872186
-0.647064
-0.6551478
-0.66286033
-0.6552678
-0.652423
-0.6555681
-0.65394247
-0.6488171
-0.6587817
-0.65838945
-0.66462886
-0.65649134
-0.65332425
-0.65769225
-0.6476291
-0.6620897
-0.6609638
-0.66255766
-0.655156
-0.64680743
-0.6630262
-0.65493244
-0.66373384
-0.6585432
-0.6569494
-0.66143024
-0.66376644
-0.6587032
-0.6630243
-0.6507729
-0.6567787
-0.6582371
-0.657505
-0.65878266
-0.6602383
-0.65435976
-0.65901303
-0.6679571
-0.6592975
-0.65440756
-0.6621377
-0.65644675
-0.663802
-0.66551495
-0.6652198
-0.66652006
-0.6618054
-0.6598232
-0.6535575
-0.6639829
-0.6545624
-0.66005784
-0.6674939
-0.6632844
-0.6620928
-0.66019076
-0.65546185
-0.66971993
-0.6587085
-0.66609526
-0.66544926
-0.66797405
-0.6558937
-0.66067207
-0.66273135
-0.66986704
-0.6630331
-0.6634904
-0.66594505
-0.6662469
-0.65979576
-0.6642186
-0.6657295
-0.66075665
-0.6664445
-0.67251563
-0.6693303
-0.6690268
-0.65998864
-0.66420525
-0.665203
-0.670625
-0.6657015
-0.6709878
-0.6703313
-0.66259354
-0.67495805
-0.6715536
-0.66706806
-0.66814536
-0.6727296
-0.66946244
-0.6627292
-0.6610394
-0.6713058
-0.6688144
-0.67397416
-0.6634014
-0.6659523
-0.678581
-0.6754406
-0.6736294
-0.6709869
-0.668168
-0.6687618
-0.6726277
-0.675573
-0.66403997
-0.67359465
-0.67556393
-0.66539484
-0.6678862
-0.66290545
-0.6701694
-0.6698351
-0.67425746
-0.6728398
-0.6735646
-0.66670465
-0.6665942
-0.66760576
-0.6693953
-0.66999185
-0.66895765
-0.67747355
-0.66833436
-0.675442
-0.6798979
-0.6756979
-0.683714
-0.6643965
-0.67601335
-0.673354
-0.66742504
-0.67369604
-0.6728526
-0.6748385
-0.66381973
-0.67232484
-0.67637026
-0.6689899
-0.6733436
-0.6699743
-0.67463636
-0.6702232
-0.6698468
-0.67674494
-0.6761012
-0.6748107
-0.6707426
-0.67130935
-0.6834132
-0.6831711
-0.6740731
-0.67299825
-0.67676044
-0.67597556
-0.67182904
-0.67953676
-0.6773022
-0.67908263
-0.6770348
-0.6727166
-0.6792301
-0.6778084
-0.683758
-0.67278147
-0.67783886
-0.6742769
-0.67747486
-0.66278553
-0.6741697
-0.68689346
-0.6679802
-0.6693604
-0.67850465
-0.6756097
-0.6789933
-0.6826757
-0.6756249
-0.6794256
-0.6689315
-0.67593825
-0.67331976
-0.67759
-0.67578393
-0.6754639
-0.673823
-0.6762583
-0.6802486
-0.6750571
-0.6750641
-0.67482084
-0.67492354
-0.6713079
-0.6719609
-0.6816894
-0.6787449
-0.6691904
-0.6834274
-0.67717576
-0.6777411
-0.68729603
-0.681638
-0.67007625
-0.6850849
-0.6803897
-0.6854767
-0.6860922
-0.68167186
-0.672657
-0.6736059
-0.6762993
-0.66951376
-0.680671
-0.6701762
-0.67536354
-0.6778335
-0.6738262
-0.6774206
-0.675432
-0.6745848
-0.6806314
-0.6760404
-0.6792054
-0.68393445
-0.67317307
-0.6801035
-0.6805888
-0.6823269
-0.6793725
-0.67705107
-0.6830361
-0.6782039
-0.67533296
-0.681229
-0.6827906
-0.68869966
-0.689364
-0.67618483
-0.67959887
-0.6788591
-0.6750587
-0.67679924
-0.6813897
-0.6758505
-0.6797216
-0.6667
-0.6784989
-0.6764957
-0.68202037
-0.6818971
-0.6816472
-0.68765324
-0.67788035
-0.6846474
-0.68944347
-0.6760963
-0.68127525
-0.68363297
-0.67996967
-0.6780593
-0.68455875
-0.67648774
-0.68244916
-0.67830926
-0.6822367
-0.6831052
-0.6792968
-0.68317354
-0.6856416
-0.6839625
-0.6832863
-0.6876666
-0.67008305
-0.68400604
-0.6829293
-0.6791143
-0.6854249
-0.68135214
-0.68506175
-0.6810914
-0.6754813
-0.68257886
-0.68384355
-0.68278205
-0.6770849
-0.68444407
-0.6751955
-0.68618584
-0.6872422
-0.6747052
-0.68997866
-0.6791174
-0.6851517
-0.6888995
-0.67792904
-0.6887146
-0.6840177
-0.67460024
-0.6849796
-0.6853359
-0.6820934
-0.68750775
-0.67769676
-0.69003105
-0.6845464
-0.68387717
-0.6841195
-0.6868199
-0.6914247
-0.6812014
-0.69171613
-0.68519026
-0.6856077
-0.67686844
-0.6839158
-0.68542683
-0.6909615
-0.68585634
-0.6917217
-0.6846808
-0.68885946
-0.6841696
-0.68588924
-0.6766142
-0.689716
-0.68444407
-0.67566735
-0.6868428
-0.68322176
-0.6825621
-0.68544805
-0.68474907
-0.6821952
-0.68574524
-0.6785685
-0.68739426
-0.6845166
-0.68319184
-0.6878315
-0.6971503
-0.6784577
-0.68798584
-0.68454784
-0.69194174
-0.68543077
-0.6851035
-0.69948703
-0.69118625
-0.692437
-0.6781889
-0.68159586
-0.68735725
-0.69087017
-0.6846272
-0.6840858
-0.69071805
-0.67971426
-0.69042665
-0.6943507
-0.6946527
-0.68562114
-0.6912469
-0.6951652
-0.69090605
-0.69759965
-0.69291216
-0.68913555
-0.68715703
-0.6910442
-0.6961611
-0.69106245
-0.6992655
-0.69504327
-0.69251376
-0.69167984
-0.6910615
-0.68441105
-0.69422597
-0.69055134
-0.6820572
-0.6946859
-0.69279826
-0.6943988
-0.70144004
-0.6945754
-0.69088286
-0.69284004
-0.6915985
-0.70564
-0.69747066
-0.6957949
-0.7015133
-0.69612455
-0.6941948
-0.69407326
-0.6919681
-0.69949776
-0.6983944
-0.6940524
-0.7007222
-0.6938167
-0.696896
-0.69971764
-0.6929885
-0.6971414
-0.694897
-0.69224155
-0.69127285
-0.6923793
-0.69710207
-0.70004195
-0.6965518
-0.6873129
-0.69366264
-0.701645
-0.6935166
-0.69257236
-0.6951175
-0.6971644
-0.69709766
-0.689
-0.69847953
-0.70571107
-0.6937482
-0.69401705
-0.6943269
-0.698832
-0.6979502
-0.6942236
-0.69352543
-0.7031146
-0.6951725
-0.69491786
-0.69207907
-0.6945747
-0.7038713
-0.6952651
-0.6914041
-0.6982319
-0.6924516
-0.69943756
-0.7030457
-0.689279
-0.69315207
-0.69957626
-0.69808066
-0.6925228
-0.69975877
-0.69488144
-0.6955147
-0.69834787
-0.7028293
-0.7046898
-0.6978925
-0.69788694
-0.7002923
-0.6944065
-0.6968009
-0.70178485
-0.68764687
-0.70294243
-0.6951086
-0.7008695
-0.6987646
-0.6928567
-0.69120234
-0.70363724
-0.7018056
-0.6982289
-0.69612557
-0.69433534
-0.69566137
-0.7010806
-0.69801825
-0.7027614
-0.70297873
-0.7058786
-0.70079404
-0.6987731
-0.6969478
-0.69611394
-0.70295227
-0.6951123
-0.69261754
-0.6967228
-0.6918089
-0.7031422
-0.6926416
-0.70837736
-0.7026371
-0.7039016
-0.6973372
-0.69845766
-0.7044175
-0.703357
-0.70255
-0.7018989
-0.7004241
-0.6962202
-0.7062413
-0.6988768
-0.70305866
-0.70588577
-0.6999743
-0.7031454
-0.7033495
-0.7017846
-0.70367175
-0.70232207
-0.7019095
-0.7046044
-0.7062522
-0.70167524
-0.6998129
-0.70670706
-0.698547
-0.7014737
-0.71000886
-0.7036743
-0.7074024
-0.71162605
-0.7034013
-0.7052412
-0.7084483
-0.7027833
-0.7092721
-0.70055693
-0.7039348
-0.70752734
-0.7061612
-0.7013591
-0.70084417
-0.7002585
-0.7063355
-0.7082967
-0.70591176
-0.7066254
-0.7074464
-0.71261317
-0.71276015
-0.70659804
-0.7072321
-0.70418566
-0.70923483
-0.702368
-0.7043274
-0.7055362
-0.70532554
-0.7134688
-0.6946998
-0.702683
-0.70035625
-0.70206416
-0.70439863
-0.7109387
-0.7104702
-0.69913286
-0.7047455
-0.6972466
-0.7074769
-0.706439
-0.7117339
-0.7176885
-0.6982661
-0.71006095
-0.71815205
-0.7086742
-0.70502007
-0.7056105
-0.704812
-0.70879525
-0.70186216
-0.7020809
-0.7056112
-0.7098685
-0.7041782
-0.7058119
-0.7109564
-0.71017236
-0.7109565
-0.71025217
-0.70528066
-0.7146316
-0.71241266
-0.7126147
-0.7088872
-0.7131756
-0.70660913
-0.7052702
-0.7098473
-0.71104336
-0.7118243
-0.7066959
-0.7094957
-0.7102994
-0.7059348
-0.71042746
-0.71189636
-0.70813453
-0.7101788
-0.71060926
-0.7120608
-0.70964026
-0.7111329
-0.7102992
-0.70919317
-0.6987912
-0.705699
-0.7111657
-0.70440096
-0.70882803
-0.70735073
-0.70642585
-0.70825267
-0.71460444
-0.70472634
-0.7112435
-0.7133843
-0.7075336
-0.7075142
-0.71055335
-0.71685225
-0.7138769
-0.7061281
-0.7138699
-0.7118142
-0.70995355
-0.7080512
-0.71124214
-0.71489817
-0.7135089
-0.7068272
-0.71704376
-0.7079057
-0.7092538
-0.7069558
-0.7096031
-0.70837396
-0.7139231
-0.7118966
-0.71571094
-0.71061534
-0.7132464
-0.713224
-0.7087092
-0.713063
-0.70801675
-0.70985484
-0.71392226
-0.713546
-0.7095562
-0.7126493
-0.71281487
-0.70417696
-0.7122227
-0.70943147
-0.7074292
-0.7213897
-0.7098074
-0.7105675
-0.70555055
-0.7164769
-0.7196187
-0.711374
-0.7209173
-0.72341555
-0.71198887
-0.71202976
-0.71650386
-0.71469945
-0.71545637
-0.7169597
-0.71514434
-0.71933216
-0.71159625
-0.7163746
-0.71366
-0.7112486
-0.7167228
-0.7162077
-0.7175551
-0.7141973
-0.7093491
-0.70791334
-0.71408427
-0.72115946
-0.71505517
-0.7104984
-0.7136912
-0.71460855
-0.7195198
-0.7159482
-0.7127194
-0.72506726
-0.71765244
-0.71438867
-0.7141979
-0.71730924
-0.711579
-0.71809036
-0.72200924
-0.72056204
-0.7172311
-0.7133219
-0.7183486
-0.7115741
-0.713361
-0.7163354
-0.7108537
-0.7207368
-0.7151878
-0.72139424
-0.717906
-0.7223211
-0.71914256
-0.72129524
-0.72163236
-0.72004604
-0.713511
-0.7199513
-0.71995825
-0.71685356
-0.7169815
-0.71430033
-0.71375597
-0.7156044
-0.73290974
-0.7176252
-0.7185076
-0.72143734
-0.72050905
-0.7120894
-0.7200523
-0.7116729
-0.72289
-0.7166983
-0.7173077
-0.718662
-0.72237974
-0.72070014
-0.7201241
-0.7190422
-0.7090718
-0.7106502
-0.7207028
-0.7137676
-0.71927106
-0.7208316
-0.7152792
-0.7174906
-0.7214791
-0.73102576
-0.7214349
-0.7226565
-0.72477025
-0.71627617
-0.7174425
-0.72426194
-0.7186786
-0.7205136
-0.72032326
-0.710401
-0.7167167
-0.72079027
-0.734112
-0.72429526
-0.72034127
-0.7201064
-0.7250388
-0.7176081
-0.7251828
-0.72483516
-0.72613496
-0.72704196
-0.71829635
-0.7251635
-0.7267283
-0.7195036
-0.71844727
-0.72403306
-0.71570396
-0.7202015
-0.71522975
-0.7161799
-0.7238505
-0.7240914
-0.7226831
-0.7200329
-0.72316873
-0.72261333
-0.7197539
-0.72916144
-0.7243985
-0.7242905
-0.7218399
-0.7262265
-0.72348785
-0.7228141
-0.7167545
-0.7209705
-0.72809565
-0.72124183
-0.7218995
-0.72293013
-0.72169656
-0.7349876
-0.71969944
-0.72662824
-0.7170762
-0.72728384
-0.727882
-0.72215277
-0.72551095
-0.7231015
-0.7213948
-0.72016305
-0.72518605
-0.72169036
-0.72087187
-0.72456485
-0.72999007
-0.7211695
-0.7210391
-0.72319025
-0.7249354
-0.7244405
-0.71856534
-0.7216949
-0.71825093
-0.7193681
-0.7210247
-0.7238285
-0.722206
-0.7198535
-0.7228844
-0.7271849
-0.7186206
-0.72256726
-0.729853
-0.72765625
-0.7296203
-0.72984236
-0.72060096
-0.7234738
-0.7253934
-0.7249408
-0.7203131
-0.7181267
-0.7202901
-0.72795594
-0.7227708
-0.7271996
-0.71781236
-0.7236874
-0.7250117
-0.7249183
-0.73218995
-0.7142652
-0.72256047
-0.7232145
-0.73145
-0.7183486
-0.72071403
-0.7213725
-0.7251035
-0.7214852
-0.7215885
-0.7309274
-0.7275396
-0.71964264
-0.72508264
-0.72347844
-0.7251567
-0.72469014
-0.7318747
-0.7169973
-0.7179342
-0.7272171
-0.72331274
-0.7236103
-0.726612
-0.7234909
-0.7184054
-0.72394586
-0.72391987
-0.72243965
-0.7240148
-0.7218413
-0.72533303
-0.73511153
-0.72428256
-0.7207623
-0.71814466
-0.73056823
-0.7197763
-0.72499985
-0.7237065
-0.7218809
-0.7222991
-0.71880233
-0.7205794
-0.724089
-0.7259071
-0.7280413
-0.7243598
-0.7286524
-0.72774273
-0.72826886
-0.7265498
-0.73485976
-0.7315036
-0.73054874
-0.7245736
-0.7272075
-0.7317007
-0.7256279
-0.7331044
-0.72369975
-0.7276665
-0.72882307
-0.7286252
-0.73048866
-0.7294586
-0.732449
-0.7335553
-0.7264995
-0.7284002
-0.7247103
-0.7249787
-0.7325598
-0.7316181
-0.72614557
-0.72938603
-0.7318563
-0.726787
-0.72908074
-0.72188234
-0.7336791
-0.7272985
-0.7248585
-0.72605157
-0.73070943
-0.72930396
-0.73201305
-0.72656214
-0.7305254
-0.7312938
-0.73144585
-0.7257041
-0.73035735
-0.73048466
-0.73254144
-0.73258036
-0.72583014
-0.72940373
-0.7279403
-0.72633505
-0.7291588
-0.72992694
-0.726291
-0.7278626
-0.7310282
-0.7319286
-0.73185337
-0.7282958
-0.7335125
-0.7295213
-0.7391351
-0.7246845
-0.7289856
-0.7265459
-0.7245521
-0.7295659
-0.7337594
-0.7328374
-0.7231854
-0.7339255
-0.7282233
-0.7290032
-0.7334129
-0.7327967
-0.72285795
-0.72957414
-0.7312074
-0.7348653
-0.7353903
-0.7278927
-0.73088187
-0.7326203
-0.7348676
-0.73048794
-0.7344129
-0.7270531
-0.73142886
-0.73010516
-0.7273113
-0.7350493
-0.7313419
-0.7274133
-0.73461044
-0.73613864
-0.7262519
-0.73072183
-0.73136437
-0.7296484
-0.73008835
-0.7264891
-0.7404757
-0.728765
-0.7328667
-0.73356324
-0.73677504
-0.7315033
-0.73521256
-0.73033595
-0.73783034
-0.73238933
-0.7234367
-0.7339753
-0.7314394
-0.7377085
-0.72954303
-0.733804
-0.72712386
-0.73460096
-0.73569584
-0.73601484
-0.73533547
-0.7327922
-0.73678946
-0.7312052
-0.7352461
-0.72638357
-0.73931265
-0.73439276
-0.7357645
-0.7325311
-0.72425544
-0.7370404
-0.73666066
-0.73346925
-0.7312664
-0.73732
-0.7287047
-0.7425609
-0.73167795
-0.7273809
-0.7306492
-0.7324293
-0.733641
-0.7383357
-0.7347538
-0.73230827
-0.7269576
-0.72775245
-0.7308543
-0.7386298
-0.73775566
-0.73303694
-0.73544097
-0.736029
-0.7390908
-0.7358838
-0.7376437
-0.73197234
-0.7343743
-0.7361538
-0.7358582
-0.7356348
-0.7320514
-0.73862827
-0.73310095
-0.73294437
-0.734045
-0.73343176
-0.7375467
-0.73467946
-0.7398186
-0.73783183
-0.7275493
-0.73918015
-0.7387901
-0.7363166
-0.7344188
-0.73623586
-0.7396926
-0.7312202
-0.7332807
-0.7312631
-0.73867863
-0.7399871
-0.7346084
-0.738852
-0.74114656
-0.73481363
-0.73697084
-0.7368972
-0.72867733
-0.73394483
-0.7311165
-0.73947406
-0.7334591
-0.7364794
-0.7336294
-0.7404687
-0.73621756
-0.74041647
-0.7339685
-0.7319449
-0.7355762
-0.73767596
-0.73464143
-0.73582906
-0.7260972
-0.73769534
-0.7339975
-0.74525326
-0.733196
-0.7373587
-0.73386914
-0.7388562
-0.7381099
-0.73490524
-0.73687583
-0.72856396
-0.73494893
-0.73194903
-0.7353383
-0.7407496
-0.740581
-0.7374261
-0.73638564
-0.74380785
-0.7347282
-0.73391056
-0.7376107
-0.74473435
-0.7395369
-0.73306495
-0.73522896
-0.73505855
-0.7288332
-0.74617916
-0.73388374
-0.73913217
-0.7366973
-0.7374985
-0.739901
-0.7326675
-0.737976
-0.73915315
-0.73662645
-0.7358217
-0.7356804
-0.73611844
-0.73614204
-0.73884475
-0.7461178
-0.7416709
-0.73758477
-0.7404654
-0.74543697
-0.73813915
-0.7413589
-0.73859376
-0.73715967
-0.73526734
-0.74157286
-0.7389761
-0.7264249
-0.73901594
-0.73979414
-0.740099
-0.7450313
-0.74495715
-0.7347702
-0.741118
-0.7331421
-0.7463211
-0.73955536
-0.7368885
-0.73450893
-0.73885214
-0.7379077
-0.7284076
-0.7382662
-0.7361984
-0.7364295
-0.7473628
-0.74037224
-0.74407464
-0.7414041
-0.7409432
-0.74078315
-0.7427496
-0.74093
-0.74047935
-0.74036545
-0.73871154
-0.7378839
-0.73268557
-0.7463734
-0.7409459
-0.740059
-0.74181294
-0.7400785
-0.7342971
-0.73728037
-0.73596054
-0.74298185
-0.7331597
-0.73760486
-0.73938185
-0.73441446
-0.74232906
-0.74080974
-0.73794705
-0.7393785
-0.73651797
-0.73800474
-0.73966056
-0.7427253
-0.7459185
-0.74022704
-0.7440729
-0.74352247
-0.74047506
-0.7366832
-0.7467609
-0.7435502
-0.74212193
-0.74583495
-0.7497389
-0.7430404
-0.7384025
-0.73832816
-0.73917824
-0.7360732
-0.73885983
-0.7439094
-0.742895
-0.7422198
-0.7414966
-0.7398428
-0.74505275
-0.742771
-0.7375697
-0.7463647
-0.7485789
-0.7537726
-0.7405457
-0.7458485
-0.7498341
-0.7436243
-0.7353998
-0.74304605
-0.74867415
-0.7432161
-0.74442
-0.7462972
-0.73695725
-0.7467638
-0.750848
-0.7415496
-0.73925924
-0.73492295
-0.7402139
-0.74553996
-0.7460059
-0.7436234
-0.7436767
-0.7416359
-0.7448782
-0.7417781
-0.74138856
-0.7462529
-0.74256134
-0.7521128
-0.7391455
-0.7448585
-0.74390745
-0.74567014
-0.7512767
-0.7393651
-0.7418811
-0.7412501
-0.7424591
-0.74286205
-0.7408201
-0.73887575
-0.7457858
-0.74020696
-0.7440308
-0.75040203
-0.7409701
-0.7387356
-0.7497326
-0.7476937
-0.7429409
-0.7459714
-0.7362174
-0.7481158
-0.7462591
-0.74748224
-0.74597776
-0.74019784
-0.74368435
-0.74164194
-0.7412073
-0.73615944
-0.7459703
-0.7372602
-0.7458977
-0.7431146
-0.74516
-0.74738777
-0.7402371
-0.74504364
-0.742208
-0.7468123
-0.7440215
-0.74414796
-0.7421475
-0.7395281
-0.74895144
-0.74862397
-0.7449659
-0.74791414
-0.7489324
-0.74279284
-0.74316734
-0.74527353
-0.7439118
-0.74236894
-0.738995
-0.742675
-0.7485675
-0.7462319
-0.7445372
-0.7470598
-0.737838
-0.7479886
-0.74333143
-0.74526143
-0.7406181
-0.7471119
-0.7452847
-0.7458093
-0.74068975
-0.74529725
-0.7412242
-0.74223286
-0.7472092
-0.7454541
-0.74614584
-0.74514306
-0.7491981
-0.7416814
-0.75270903
-0.75314415
-0.7460739
-0.7491415
-0.75054246
-0.7476975
-0.74925417
-0.744642
-0.74815446
-0.75427383
-0.75301874
-0.74323165
-0.75107443
-0.74346954
-0.74897903
-0.75565934
-0.7492047
-0.74505675
-0.7488121
-0.74860454
-0.74836165
-0.7476076
-0.7457679
-0.74746686
-0.7524932
-0.7482934
-0.75576574
-0.7464166
-0.7404974
-0.7524461
-0.75359446
-0.7506352
-0.7460365
-0.7490294
-0.7514977
-0.7424954
-0.7491321
-0.74611145
-0.7482909
-0.7486799
-0.75346273
-0.7509924
-0.75096136
-0.7492209
-0.7510979
-0.7448165
-0.7551962
-0.7524328
-0.7538145
-0.7466081
-0.74889314
-0.74934644
-0.75809777
-0.7466452
-0.74847484
-0.751542
-0.7490402
-0.7502067
-0.74783814
-0.74769306
-0.75137764
-0.75434184
-0.7418336
-0.74993694
-0.7472205
-0.74914616
-0.7529223
-0.74954087
-0.75874406
-0.7487874
-0.74583936
-0.74634194
-0.7493418
-0.7446388
-0.74751395
-0.7556886
-0.7522623
-0.7482512
-0.7501886
-0.75808513
-0.74150133
-0.7502784
-0.7504596
-0.74709445
-0.75240165
-0.751112
-0.75584775
-0.74887305
-0.7509576
-0.7515002
-0.7468343
-0.7491191
-0.75539845
-0.7534721
-0.7588354
-0.7520546
-0.7505519
-0.7475862
-0.7539558
-0.7520636
-0.75073445
-0.7473099
-0.75759757
-0.75847
-0.7502104
-0.7528509
-0.7499999
-0.74958676
-0.7523446
-0.7538566
-0.7507074
-0.751712
-0.7536138
-0.75233203
-0.74991494
-0.7509421
-0.7544276
-0.74320847
-0.7515101
-0.752526
-0.7535261
-0.75668186
-0.7561596
-0.7506936
-0.7498317
-0.7472781
-0.7485866
-0.7520993
-0.75405157
-0.74938273
-0.75775355
-0.75534344
-0.7551361
-0.75133306
-0.7524331
-0.7563281
-0.74954736
-0.7566886
-0.75486535
-0.7562295
-0.75366443
-0.75643384
-0.74910384
-0.75688756
-0.7456393
-0.7534702
-0.7481283
-0.74572176
-0.7480154
-0.7501789
-0.75598365
-0.75001615
-0.7509356
-0.7539183
-0.75253594
-0.7501951
-0.7480237
-0.74769187
-0.75376153
-0.75372016
-0.7493719
-0.7555702
-0.75064003
-0.7472077
-0.750396
-0.7554532
-0.7495137
-0.74643
-0.745424
-0.75693554
-0.75583977
-0.7496181
-0.74579394
-0.75151217
-0.75799537
-0.7467944
-0.75619394
-0.7506129
-0.75128424
-0.75149375
-0.75189394
-0.75072867
-0.7565707
-0.7489917
-0.7521259
-0.75485694
-0.7570873
-0.7522027
-0.7599604
-0.7483625
-0.75450784
-0.7505765
-0.75224906
-0.754931
-0.7493475
-0.75557
-0.7550582
-0.755236
-0.7531771
-0.7557029
-0.7580071
-0.7496263
-0.74875903
-0.7586236
-0.7540213
-0.7527683
-0.7563366
-0.7522538
-0.74590933
-0.7541482
-0.75741714
-0.75677186
-0.75082856
-0.7489304
-0.75222325
-0.7498889
-0.74765855
-0.7499282
-0.7526929
-0.7552932
-0.7525516
-0.7519828
-0.7584899
-0.7544635
-0.758176
-0.75184727
-0.75425994
-0.75752664
-0.752412
-0.7505179
-0.76016957
-0.7584412
-0.7562573
-0.74891126
-0.75896066
-0.75245625
-0.7515281
-0.7530467
-0.7522202
-0.7580993
-0.7598486
-0.7545627
-0.7613035
-0.7531512
-0.7537141
-0.7552834
-0.7574806
-0.7543041
-0.7541431
-0.7595461
-0.7557274
-0.753912
-0.75776905
-0.7587266
-0.7583855
-0.7606446
-0.76492673
-0.75706595
-0.7547399
-0.75612307
-0.76085943
-0.7566627
-0.75754803
-0.7529365
-0.7542717
-0.75561094
-0.7589137
-0.7561027
-0.76129097
-0.7599668
-0.7527827
-0.75738215
-0.75457877
-0.7558953
-0.7578009
-0.76200145
-0.75092185
-0.7599544
-0.7514696
-0.75226915
-0.7598365
-0.76286906
-0.75702685
-0.7643719
-0.7570377
-0.7561661
-0.76321375
-0.7535161
-0.74831146
-0.7569075
-0.75277793
-0.7559134
-0.75527644
-0.7622082
-0.75579774
-0.75645113
-0.75330365
-0.7555343
-0.75880754
-0.75748104
-0.75811857
-0.75919896
-0.76159906
-0.75437224
-0.75614095
-0.7643218
-0.75460804
-0.75581425
-0.75440425
-0.7602065
-0.7539416
-0.7626635
-0.7610141
-0.7637611
-0.76239604
-0.75850743
-0.7546001
-0.7593799
-0.7594949
-0.7517156
-0.7540897
-0.7638386
-0.7608105
-0.76470244
-0.75943905
-0.7589702
-0.75791824
-0.7669916
-0.7542246
-0.76134175
-0.75899374
-0.7615062
-0.7629439
-0.75866014
-0.760119
-0.75797945
-0.76500237
-0.7588652
-0.7561226
-0.7596224
-0.7593046
-0.7548788
-0.75304234
-0.75490063
-0.7594741
-0.75674593
-0.76371276
-0.75111425
-0.7549651
-0.75990903
-0.75877374
-0.75547016
-0.75309145
-0.75907356
-0.75396127
-0.75327724
-0.7688698
-0.7659812
-0.76247686
-0.756323
-0.75305295
-0.76184434
-0.7611643
-0.76108176
-0.7597129
-0.7473998
-0.7588759
-0.76015383
-0.7583928
-0.7570033
-0.7593285
-0.760314
-0.75732106
-0.75546545
-0.7609509
-0.7572327
-0.7583736
-0.7591626
-0.75384724
-0.75961554
-0.7553135
-0.75956655
-0.75619733
-0.7576208
-0.7670513
-0.76101243
-0.75590897
-0.7592894
-0.76116204
-0.7689273
-0.75775117
-0.7625153
-0.7641103
-0.75700015
-0.7615843
-0.7586159
-0.763599
-0.76672155
-0.7640686
-0.7621844
-0.75785774
-0.7601291
-0.76077247
-0.7607945
-0.7599036
-0.7542751
-0.7639881
-0.75712746
-0.7630651
-0.7602257
-0.7611879
-0.7634643
-0.759157
-0.76732314
-0.7578307
-0.7618954
-0.7635772
-0.7640219
-0.7586746
-0.7647332
-0.76062703
-0.75749993
-0.76428354
-0.7617538
-0.7592418
-0.7619692
-0.7589939
-0.76363844
-0.76480687
-0.760017
-0.7617138
-0.7635426
-0.75924444
-0.76303756
-0.7598888
-0.76078844
-0.7584638
-0.7646011
-0.7614886
-0.7563962
-0.77033526
-0.7567047
-0.7660636
-0.7647567
-0.7565766
-0.7641484
-0.7603496
-0.7608557
-0.76126283
-0.76382154
-0.7600558
-0.7613214
-0.7649809
-0.76173806
-0.7586495
-0.7593848
-0.7623503
-0.7617145
-0.7592052
-0.7641447
-0.76273036
-0.762416
-0.76008916
-0.7580479
-0.76597047
-0.7659254
-0.7562639
-0.7582487
-0.7643169
-0.76332766
-0.76325613
-0.75628436
-0.7636756
-0.75805503
-0.7582285
-0.7639083
-0.75875694
-0.7653275
-0.76114434
-0.76391655
-0.7600002
-0.7617948
-0.7614581
-0.76421285
-0.7631165
-0.7667108
-0.7627615
-0.75714266
-0.7572197
-0.765415
-0.7615275
-0.767832
-0.76098704
-0.7569108
-0.7595789
-0.76535827
-0.76350766
-0.7663539
-0.7625476
-0.7639653
-0.7619791
-0.7647344
-0.7655031
-0.76483864
-0.76734227
-0.76362044
-0.76264125
-0.76255333
-0.76142484
-0.76916593
-0.7601931
-0.7694378
-0.762225
-0.76555985
-0.77004063
-0.76103973
-0.76598364
-0.7607773
-0.7656297
-0.76410747
-0.76492125
-0.7581602
-0.759566
-0.76733327
-0.75943834
-0.7636394
-0.7645564
-0.7596981
-0.7628453
-0.76537746
-0.75401527
-0.76368994
-0.76264846
-0.75870395
-0.7616496
-0.76173264
-0.7707104
-0.7651607
-0.7691927
-0.76678497
-0.7628686
-0.76553696
-0.76572144
-0.7712346
-0.76760316
-0.7651363
-0.7659791
-0.7652073
-0.7605086
-0.7631536
-0.7681264
-0.76251185
-0.7662171
-0.7669375
-0.7636192
-0.7671589
-0.7652133
-0.76194185
-0.7640763
-0.76529473
-0.77070165
-0.7687895
-0.7610893
-0.760497
-0.77404165
-0.7652978
-0.7652476
-0.7647912
-0.77267724
-0.7668756
-0.76920223
-0.7667907
-0.7686965
-0.7678041
-0.76435876
-0.7630235
-0.77233016
-0.76895016
-0.7700319
-0.7643749
-0.7685247
-0.7668548
-0.76921564
-0.76180816
-0.7621263
-0.7677444
-0.76751614
-0.7616103
-0.7645912
-0.7681683
-0.7659391
-0.7638447
-0.77320737
-0.76242954
-0.7690866
-0.76397425
-0.7729646
-0.7687968
-0.7662258
-0.76645845
-0.7705911
-0.7646833
-0.7680072
-0.7654581
-0.7687196
-0.77017987
-0.77172834
-0.7696586
-0.76607555
-0.7625048
-0.7658326
-0.77083313
-0.7673881
-0.77320254
-0.7717098
-0.7687111
-0.7702749
-0.77090186
-0.76666886
-0.7667716
-0.76963437
-0.77195865
-0.7658719
-0.76629674
-0.7736436
-0.77184916
-0.76819384
-0.7706091
-0.76433164
-0.7718631
-0.7757226
-0.7652785
-0.770469
-0.77207303
-0.77643245
-0.76767766
-0.76977
-0.7704188
-0.76640445
-0.7756016
-0.76811475
-0.7753162
-0.7662987
-0.76903516
-0.769005
-0.7646961
-0.7698848
-0.7675583
-0.7683312
-0.7724202
-0.7684419
-0.7645719
-0.76675403
-0.7726937
-0.764378
-0.7729589
-0.77095634
-0.76882344
-0.76875865
-0.76998097
-0.7752287
-0.7705212
-0.76353836
-0.7707794
-0.76760143
-0.7681543
-0.76890886
-0.76946086
-0.76675063
-0.7714372
-0.76573443
-0.7657685
-0.7758656
-0.77669793
-0.77197057
-0.76769537
-0.77166516
-0.76761085
-0.78037685
-0.77114224
-0.7734465
-0.7701704
-0.7663942
-0.7708253
-0.77606183
-0.76566947
-0.7735403
-0.7702791
-0.7685018
-0.7728957
-0.76518047
-0.7705254
-0.7755773
-0.7713864
-0.7722728
-0.7704261
-0.7689618
-0.7666605
-0.76894206
-0.77434874
-0.77035624
-0.7772353
-0.7762604
-0.77056813
-0.77108693
-0.7731146
-0.77346134
-0.7761438
-0.7623262
-0.76770514
-0.7683235
-0.7703084
-0.77062887
-0.7731699
-0.76925445
-0.7689898
-0.7758128
-0.7682825
-0.76716465
-0.7673667
-0.7768513
-0.769766
-0.76918644
-0.7709091
-0.76848
-0.7663834
-0.7670794
-0.7716456
-0.7704679
-0.7737568
-0.77789706
-0.77275306
-0.7754779
-0.76709366
-0.77037317
-0.7765622
-0.7753571
-0.7710051
-0.7693643
-0.773179
-0.77092403
-0.7766302
-0.77677923
-0.7694893
-0.7769663
-0.7624919
-0.77712387
-0.77172995
-0.7704819
-0.7759808
-0.77481556
-0.7719551
-0.76965755
-0.7729772
-0.77758485
-0.7693515
-0.7791063
-0.7660499
-0.7741507
-0.772754
-0.76799387
-0.77287054
-0.77215415
-0.77384496
-0.77201295
-0.7754294
-0.76731795
-0.7689794
-0.76630247
-0.7774095
-0.7701162
-0.76439625
-0.7734137
-0.76904786
-0.77312744
-0.76952803
-0.77184945
-0.76755947
-0.769071
-0.77316535
-0.7706251
-0.7687343
-0.775252
-0.77704567
-0.7712078
-0.76980317
-0.77108306
-0.7756874
-0.7689603
-0.77145267
-0.77130485
-0.7685886
-0.77155584
-0.7710995
-0.76924914
-0.7732654
-0.77194685
-0.77459323
-0.7681862
-0.7738127
-0.7761363
-0.7746571
-0.76671886
-0.77521193
-0.77711296
-0.7689408
-0.77893215
-0.77325475
-0.7697305
-0.77171016
-0.7683538
-0.77114004
-0.76706356
-0.7772085
-0.7737764
-0.77347046
-0.77310246
-0.7742848
-0.77588373
-0.77226394
-0.7683001
-0.7809077
-0.7699745
-0.77131516
-0.77185035
-0.7731415
-0.77739453
-0.77360964
-0.77452636
-0.77776325
-0.7764789
-0.77442056
-0.769901
-0.77901363
-0.770372
-0.77402264
-0.7767252
-0.77100265
-0.77466774
-0.7703542
-0.77416766
-0.77544945
-0.77187294
-0.7759522
-0.7786948
-0.78036934
-0.77011865
-0.7748413
-0.77466494
-0.7648799
-0.7699133
-0.7801846
-0.7742229
-0.7700503
-0.7703466
-0.7730351
-0.77451664
-0.7705032
-0.77026063
-0.7743347
-0.7703503
-0.7762095
-0.76524377
-0.7693676
-0.77356786
-0.77360135
-0.77158624
-0.77482307
-0.76856726
-0.77109486
-0.76691556
-0.7675023
-0.77317053
-0.7696935
-0.77346355
-0.773507
-0.7733024
-0.7750015
-0.7696552
-0.7711586
-0.77749926
-0.7753247
-0.77487123
-0.77797574
-0.7739267
-0.7750483
-0.77054125
-0.77204674
-0.7719128
-0.77664965
-0.77777976
-0.7776243
-0.77419674
-0.7711843
-0.77679974
-0.77473986
-0.77062464
-0.77345115
-0.7784271
-0.78191644
-0.7690195
-0.77377254
-0.78044456
-0.7750413
-0.7743492
-0.78176636
-0.7789963
-0.77748203
-0.7758557
-0.77531046
-0.77714336
-0.777989
-0.7750143
-0.7748606
-0.77404505
-0.7786938
-0.77825147
-0.7785851
-0.77050185
-0.7769143
-0.7754959
-0.7788768
-0.77819926
-0.77504927
-0.77679276
-0.7739418
-0.7807195
-0.7761769
-0.778271
-0.78012663
-0.77421874
-0.779003
-0.77560604
-0.772712
-0.7748855
-0.77637255
-0.77630097
-0.7785199
-0.781857
-0.7713186
-0.7807535
-0.7779273
-0.77897227
-0.77523106
-0.7767346
-0.77946645
-0.7835178
-0.7749407
-0.7815226
-0.7811269
-0.7778426
-0.7726254
-0.7810579
-0.7783863
-0.78180593
-0.7793695
-0.78313386
-0.7769852
-0.77821755
-0.779241
-0.7761061
-0.78014266
-0.78399074
-0.7855145
-0.7797623
-0.783664
-0.77936256
-0.77960265
-0.7812312
-0.7815345
-0.78250676
-0.7830985
-0.7796589
-0.77654725
-0.77798176
-0.7758598
-0.7812415
-0.7797459
