-0.7089417
-0.7324807
-0.7659345
-0.810619
-0.83099043
-0.82306993
-0.8151017
-0.83306664
-0.85879195
-0.8616753
-0.8552384
-0.8605504
-0.8634266
-0.87502795
-0.8833265
-0.8904277
-0.8924102
-0.89663935
-0.9000661
-0.8978061
-0.8892855
-0.8836725
-0.8949442
-0.9062569
-0.9057267
-0.9063525
-0.9040515
-0.90283054
-0.91017383
-0.91030926
-0.9053993
-0.9039687
-0.91421854
-0.9199278
-0.9163459
-0.9192145
-0.92070705
-0.9214417
-0.9216642
-0.92347914
-0.92283636
-0.92083687
-0.92190874
-0.921142
-0.9234674
-0.92248017
-0.9202899
-0.92677283
-0.9263587
-0.9227855
-0.9284699
-0.9262873
-0.928267
-0.9309865
-0.92909485
-0.92574275
-0.9286578
-0.92894495
-0.9293373
-0.9297863
-0.9286794
-0.9325705
-0.9318419
-0.9280707
-0.9329134
-0.92783064
-0.93067175
-0.93045276
-0.9302143
-0.93155
-0.93064433
-0.9315477
-0.9332961
-0.930996
-0.93181527
-0.9316517
-0.9276507
-0.9335844
-0.9336973
-0.9338827
-0.9316598
-0.9332134
-0.9323951
-0.93346614
-0.93400943
-0.9328203
-0.93336236
-0.933962
-0.93175006
-0.92958695
-0.9311504
-0.9333007
-0.92999977
-0.93303114
-0.932435
-0.9356942
-0.9342083
-0.93250793
-0.9341248
-0.9269167
-0.9350423
-0.9309468
-0.9309738
-0.93145657
-0.93655056
-0.93319875
-0.93405306
-0.9316987
-0.931744
-0.9337721
-0.9334102
-0.9304545
-0.93297714
-0.9309862
-0.93502694
-0.93401206
-0.9336242
-0.9310996
-0.9342836
-0.9296101
-0.93458706
-0.9304569
-0.933615
-0.9360058
-0.9329365
-0.93400955
-0.93196946
-0.9351658
-0.9331033
-0.9356952
-0.93482274
-0.9360781
-0.9343982
-0.9344043
-0.9336634
-0.93529654
-0.93400115
-0.93460476
-0.9350401
-0.9337362
-0.93402225
-0.93463796
-0.93606263
-0.93132967
-0.9364548
-0.93345755
-0.93446934
-0.93652433
-0.9361009
-0.9338141
-0.9329485
-0.9346325
-0.92909944
-0.9341427
-0.9311562
-0.93374485
-0.93333197
-0.9340882
-0.9333237
-0.9269736
-0.93299514
-0.92070574
-0.9285728
-0.93234366
-0.9307253
-0.9318048
-0.9266159
-0.9285624
-0.9288663
-0.930256
-0.9364999
-0.9329165
-0.9321949
-0.93373877
-0.9334216
-0.93381214
-0.93099505
-0.9342257
-0.9332255
-0.9296448
-0.9381863
-0.9324606
-0.9331189
-0.93551606
-0.9352163
-0.93726355
-0.9341892
-0.93376976
-0.9341133
-0.9345125
-0.9349556
-0.9362552
-0.9338891
-0.93186164
-0.9377524
-0.93252486
-0.9318307
-0.9334527
-0.9327899
-0.9358607
-0.9327016
-0.9324932
-0.93303823
-0.9352467
-0.93245256
-0.93255985
-0.93640363
-0.9278255
-0.93679035
-0.93525445
-0.93300617
-0.9336293
-0.93008465
-0.9343275
-0.93024325
-0.92951304
-0.9317421
-0.9307907
-0.9342331
-0.9302323
-0.9336614
-0.9308342
-0.9304012
-0.93353367
-0.92910063
-0.9327952
-0.9310982
-0.92691684
-0.9334172
-0.9278731
-0.9250691
-0.93564147
-0.9246517
-0.92704356
-0.93604046
-0.92823267
-0.9321086
-0.93108314
-0.93338823
-0.93210536
-0.93322855
-0.93341583
-0.93497497
-0.9292626
-0.93350565
-0.93223155
-0.93401295
-0.935026
-0.92852044
-0.93173325
-0.93625027
-0.9310749
-0.9316641
-0.93507516
-0.9300977
-0.932578
-0.93275833
-0.93074685
-0.9339928
-0.9329026
-0.93571335
-0.93524396
-0.9311099
-0.93348086
-0.9285547
-0.9333664
-0.9308301
-0.92973095
-0.92981505
-0.9296584
-0.9295582
-0.92873275
-0.9302034
-0.93167627
-0.93420887
-0.93474895
-0.9322748
-0.9355313
-0.93613744
-0.93625075
-0.93624675
-0.9356878
-0.93545705
-0.93483317
-0.9342374
-0.935092
-0.93637604
-0.9348266
-0.9366146
-0.93344873
-0.935424
-0.93423283
-0.9328497
-0.9305073
-0.93493253
-0.93488824
-0.9325408
-0.9351584
-0.9368035
-0.93665576
-0.9340642
-0.93311703
-0.9352645
-0.93580353
-0.9362276
-0.9333303
-0.932448
-0.9330893
-0.9339316
-0.9298185
-0.93337405
-0.9322217
-0.93149346
-0.9310652
-0.9279687
-0.9324683
-0.9344447
-0.9303333
-0.9299436
-0.93090785
-0.9309844
-0.93381554
-0.9350762
-0.93443036
-0.9354858
-0.9337615
-0.93114024
-0.93618494
-0.9356163
-0.9371267
-0.9324168
-0.93627053
-0.93502456
-0.9376171
-0.9371846
-0.9340844
-0.9373199
-0.93388337
-0.93725806
-0.93665254
-0.9352445
-0.9334685
-0.9343555
-0.9352473
-0.93684757
-0.93571204
-0.934526
-0.9359775
-0.93692386
-0.93548626
-0.9349606
-0.9322851
-0.93269426
-0.9329643
-0.935541
-0.93579644
-0.9334547
-0.9354895
-0.9349268
-0.93374115
-0.9363085
-0.9357176
-0.9355771
-0.93550813
-0.93590325
-0.936966
-0.9346594
-0.9355555
-0.93665147
-0.9341296
-0.93542284
-0.9357197
-0.9364983
-0.9380122
-0.9340651
-0.9368702
-0.9382053
-0.93591875
-0.9374095
-0.9358995
-0.9354313
-0.93759286
-0.9364504
-0.93451357
-0.93530715
-0.9370197
-0.93586046
-0.9341448
-0.9369361
-0.93714905
-0.93555295
-0.9336202
-0.9355421
-0.9346294
-0.9372144
-0.93588173
-0.93657625
-0.9348083
-0.9346299
-0.93403995
-0.933463
-0.9313511
-0.93657285
-0.93415576
-0.9345435
-0.9310571
-0.93025666
-0.9330626
-0.9279629
-0.9327401
-0.9317526
-0.9282598
-0.9353548
-0.92791164
-0.92678875
-0.9328658
-0.92658204
-0.9340958
-0.9352491
-0.9306574
-0.9326715
-0.9295712
-0.9297324
-0.9351627
-0.9331281
-0.9302819
-0.93418014
-0.9306161
-0.9264571
-0.93644375
-0.928585
-0.9330185
-0.9361281
-0.9316621
-0.93525785
-0.931064
-0.9301703
-0.9344689
-0.9337099
-0.9345853
-0.93674445
-0.9342594
-0.93396395
-0.93354625
-0.93447906
-0.9340003
-0.9341203
-0.9342248
-0.9336334
-0.93345064
-0.9352353
-0.93317634
-0.93430185
-0.93587893
-0.9292891
-0.9369706
-0.9284852
-0.9320129
-0.9344453
-0.92983484
-0.9341338
-0.9337318
-0.93406004
-0.935802
-0.9352284
-0.9334979
-0.93555206
-0.9332069
-0.9344886
-0.9377379
-0.9327455
-0.938324
-0.93689215
-0.93618864
-0.9369286
-0.9348101
-0.93855965
-0.9370585
-0.9361995
-0.9375966
-0.93579644
-0.93457246
-0.93585664
-0.9367406
-0.93607306
-0.9356297
-0.9338149
-0.93336135
-0.93414557
-0.92969066
-0.936423
-0.9341981
-0.93248284
-0.9323456
-0.92627364
-0.9336474
-0.9325138
-0.9360929
-0.9343983
-0.93295777
-0.9366405
-0.9323674
-0.9352924
-0.931196
-0.9340313
-0.93569887
-0.9349715
-0.9365721
-0.9359046
-0.93580014
-0.93381894
-0.936151
-0.9340019
-0.933244
-0.9362508
-0.93644345
-0.936406
-0.93591183
-0.9341871
-0.92719686
-0.9300104
-0.9329119
-0.92846185
-0.9335202
-0.93105024
-0.93119645
-0.93356246
-0.93438065
-0.93174905
-0.9347243
-0.9330903
-0.9356388
-0.9365315
-0.9340564
-0.93357736
-0.9348201
-0.93462175
-0.930659
-0.92609817
-0.93326634
-0.9278365
-0.9289878
-0.9341825
-0.9337488
-0.9327582
-0.93261844
-0.9302596
-0.92509055
-0.92729384
-0.93410647
-0.9309173
-0.93188167
-0.9336301
-0.9303537
-0.929368
-0.9320304
-0.93166834
-0.93487686
-0.9366649
-0.93436
-0.93479615
-0.9354827
-0.9357599
-0.9367253
-0.9362692
-0.9353391
-0.93424594
-0.9364709
-0.9340949
-0.937129
-0.9360609
-0.9357654
-0.9374214
-0.9350361
-0.9372918
-0.938643
-0.9341054
-0.93628997
-0.93326014
-0.93552125
-0.9343472
-0.9335519
-0.93718797
-0.9353662
-0.9362848
-0.93463784
-0.9316912
-0.9348978
-0.934927
-0.93505406
-0.93448424
-0.9340129
-0.9352553
-0.9355326
-0.934788
-0.937752
-0.93640804
-0.93796504
-0.9368745
-0.934591
-0.9381621
-0.9338563
-0.93773454
-0.93794876
-0.93734694
-0.93645257
-0.9352032
-0.93420774
-0.93504745
-0.93722385
-0.9369372
-0.93725777
-0.93663013
-0.9358133
-0.9371245
-0.9360506
-0.93517363
-0.9348179
-0.93494385
-0.9311986
-0.9368889
-0.9332796
-0.93553764
-0.933447
-0.9334807
-0.9343364
-0.9326755
-0.9338709
-0.93211836
-0.93076015
-0.9324987
-0.9339673
-0.9332475
-0.9361546
-0.9358462
-0.93218535
-0.93502015
-0.9340288
-0.9340746
-0.9364018
-0.9330674
-0.9356292
-0.93653476
-0.9368535
-0.9338618
-0.9358657
-0.9365338
-0.9360363
-0.93875855
-0.93620867
-0.935884
-0.93677175
-0.932725
-0.9336749
-0.93486476
-0.932102
-0.93635035
-0.93602926
-0.93114203
-0.93404055
-0.93269986
-0.93521017
-0.93858206
-0.93424433
-0.9365917
-0.9342122
-0.9343471
-0.9364671
-0.93864876
-0.93514603
-0.93894786
-0.9354572
-0.9355941
-0.9373445
-0.9386971
-0.93511295
-0.9360061
-0.93571806
-0.9364558
-0.9381045
-0.9361048
-0.9369276
-0.93669426
-0.935891
-0.9384391
-0.9334298
-0.93499696
-0.9387855
-0.93585056
-0.93824404
-0.9376001
-0.936438
-0.9368326
-0.9370672
-0.9365304
-0.9390732
-0.9368543
-0.9340855
-0.9352386
-0.9349318
-0.9348459
-0.9364723
-0.93754166
-0.9370095
-0.9386876
-0.9352142
-0.93776584
-0.9365071
-0.93776965
-0.9359891
-0.93763036
-0.936849
-0.93827146
-0.9359354
-0.9342838
-0.9355344
-0.9348169
-0.9363273
-0.93586797
-0.93493205
-0.9342918
-0.9349407
-0.93735594
-0.93206656
-0.93457997
-0.9363034
-0.93220943
-0.93638766
-0.9342136
-0.9357873
-0.9344244
-0.93506426
-0.93495554
-0.93014467
-0.9358664
-0.93248063
-0.9321462
-0.9376406
-0.9315786
-0.93368506
-0.9313114
-0.9341283
-0.93284166
-0.93262786
-0.9363407
-0.9365483
-0.9347401
-0.93674815
-0.93510723
-0.9380273
-0.93720543
-0.9340261
-0.937067
-0.93664086
-0.93593127
-0.9366805
-0.93351066
-0.93870467
-0.9316739
-0.9362149
-0.93593216
-0.93323547
-0.9372674
-0.93550664
-0.93759656
-0.9351528
-0.93626064
-0.93679595
-0.9362787
-0.9361833
-0.93949455
-0.9358466
-0.93402314
-0.93737763
-0.9375633
-0.9368215
-0.93518454
-0.9335538
-0.9358168
-0.9347078
-0.9381735
-0.93768674
-0.9360065
-0.93774104
-0.9333407
-0.93707126
-0.9342738
-0.93367916
-0.9357344
-0.9353441
-0.93470395
-0.9348384
-0.9353534
-0.93314236
-0.9386033
-0.93519795
-0.938492
-0.9361479
-0.9348344
-0.93677837
-0.9348601
-0.9348475
-0.9351894
-0.9329267
-0.9362051
-0.93514544
-0.935567
-0.93595165
-0.93547595
-0.9359912
-0.93369544
-0.9359531
-0.9355767
-0.9361853
-0.9368255
-0.9377606
-0.9382464
-0.9338309
-0.937774
-0.9378629
-0.9380276
-0.9373597
-0.9365076
-0.93454415
-0.93699193
-0.93593574
-0.9385441
-0.93837965
-0.9345452
-0.938146
-0.93400973
-0.9352117
-0.93647313
-0.9375409
-0.9377299
-0.93521404
-0.9372051
-0.9368023
-0.936634
-0.9375039
-0.936049
-0.93908596
-0.9387036
-0.93549585
-0.9381357
-0.9359444
-0.9390418
-0.9362212
-0.93749654
-0.9389039
-0.93836796
-0.93741125
-0.9356095
-0.93858373
-0.93429476
-0.93676996
-0.93558323
-0.9358951
-0.9356816
-0.93503124
-0.9381295
-0.93445617
-0.9336336
-0.93666905
-0.9327259
-0.9325116
-0.934127
-0.93456393
-0.93528736
-0.9353141
-0.93499523
-0.9363987
-0.9383002
-0.9359274
-0.9352083
-0.9342535
-0.9357498
-0.9324393
-0.93679893
-0.931181
-0.9368099
-0.92891246
-0.9268061
-0.9378784
-0.93323284
-0.93888396
-0.93354654
-0.9358148
-0.9378857
-0.9349246
-0.9341348
-0.9376697
-0.93823504
-0.93896073
-0.9349656
-0.9377282
-0.93830884
-0.9376109
-0.935267
-0.9368606
-0.936758
-0.93751645
-0.9392527
-0.93562883
-0.9373645
-0.93490046
-0.93508697
-0.93685013
-0.93843156
-0.93814707
-0.9355102
-0.9383161
-0.93719304
-0.93614024
-0.93747336
-0.93667847
-0.9356875
-0.93646646
-0.93301207
-0.93691087
-0.93163794
-0.9347082
-0.9360718
-0.9344327
-0.9345905
-0.93628085
-0.9336428
-0.93507814
-0.9380517
-0.9341047
-0.93861526
-0.9375266
-0.9382243
-0.937651
-0.937452
-0.9352537
-0.9354166
-0.9356924
-0.9360095
-0.9355141
-0.9349837
-0.9377906
-0.9357447
-0.9342187
-0.9371632
-0.9337042
-0.93758935
-0.93725437
-0.9353991
-0.9354994
-0.9344882
-0.935007
-0.9294959
-0.9270335
-0.93314445
-0.93059
-0.9308234
-0.9356993
-0.9340047
-0.93035716
-0.9315499
-0.9337278
-0.9304461
-0.9340185
-0.9312191
-0.93081963
-0.9372973
-0.9334464
-0.93718714
-0.93296176
-0.9333715
-0.9365997
-0.9323685
-0.93811417
-0.9363535
-0.93577206
-0.93541676
-0.93348074
-0.9358439
-0.9378981
-0.9357263
-0.93471557
-0.9358442
-0.9304728
-0.9364753
-0.93368137
-0.93625516
-0.9363938
-0.93265575
-0.9360175
-0.9361545
-0.9364984
-0.9358702
-0.9322865
-0.93689895
-0.93550164
-0.93486917
-0.9338208
-0.9358716
-0.93412924
-0.93544304
-0.9376347
-0.9353142
-0.93572325
-0.9361454
-0.9361634
-0.9358604
-0.9343549
-0.9356757
-0.93705195
-0.9363294
-0.9375783
-0.9361912
-0.935724
-0.9387571
-0.9348908
-0.93662107
-0.9357525
-0.93590647
-0.93119013
-0.927418
-0.93329966
-0.93187755
-0.9294453
-0.9343063
-0.9288467
-0.9283898
-0.9340845
-0.9285299
-0.9294553
-0.935427
-0.92891705
-0.93464774
-0.9346154
-0.93352956
-0.9359096
-0.9341359
-0.9367967
-0.9363451
-0.9358963
-0.9367806
-0.93745416
-0.93517894
-0.9373909
-0.9349197
-0.9357543
-0.93655664
-0.9378885
-0.9387222
-0.9397787
-0.9363726
-0.93690294
-0.9381162
-0.9388383
-0.935372
-0.9361588
-0.9376871
-0.93713623
-0.93471986
-0.9355209
-0.93552476
-0.9318712
-0.9371751
-0.93470526
-0.93146175
-0.93786085
-0.93626887
-0.9373793
-0.9378476
-0.93565214
-0.9371635
-0.9375763
-0.9340679
-0.9387844
-0.93761057
-0.9369387
-0.93514544
-0.93558514
-0.93630916
-0.9341139
-0.93863136
-0.9361497
-0.93818927
-0.9357139
-0.9371529
-0.9378844
-0.9366722
-0.93594944
-0.93698627
-0.93533546
-0.9377491
-0.9383196
-0.9367602
-0.937672
-0.9363344
-0.93677676
-0.93684447
-0.9398444
-0.93539363
-0.9343473
-0.93132514
-0.935011
-0.9364994
-0.9356966
-0.9362121
-0.93497676
-0.9354122
-0.9345608
-0.93486834
-0.93758774
-0.9319863
-0.9321714
-0.93549305
-0.93550855
-0.9327754
-0.93656105
-0.93262696
-0.93637943
-0.9332349
-0.93536997
-0.9354346
-0.93413866
-0.9378083
-0.9356098
-0.9361935
-0.93689114
-0.93563265
-0.9362065
-0.9374313
-0.9355518
-0.9375662
-0.9374359
-0.9384967
-0.93454766
-0.93948257
-0.9360028
-0.93643695
-0.9356539
-0.936283
-0.93887436
-0.93778086
-0.9365004
-0.93515193
-0.9384511
-0.9342478
-0.9355291
-0.9363486
-0.93652236
-0.9380812
-0.93610144
-0.9371708
-0.9369138
-0.93571943
-0.9380265
-0.93564636
-0.9378935
-0.93569624
-0.93731433
-0.93871045
-0.93531704
-0.9360935
-0.9364684
-0.9345452
-0.93767947
-0.9375237
-0.93713367
-0.93755925
-0.9338752
-0.9353931
-0.93867636
-0.9353947
-0.93241215
-0.93869126
-0.93477845
-0.9365977
-0.9350428
-0.93390596
-0.93457115
-0.9337435
-0.9329016
-0.93272376
-0.93069494
-0.92836887
-0.9352237
-0.9324962
-0.93546414
-0.93430674
-0.9354009
-0.93657196
-0.9339462
-0.93606216
-0.9347331
-0.9347138
-0.93513185
-0.9341303
-0.935039
-0.9354904
-0.9341852
-0.9383513
-0.9378318
-0.935328
-0.9382322
-0.93169385
-0.9304563
-0.9334366
-0.9346359
-0.93115705
-0.93331426
-0.93351054
-0.92628354
-0.93006086
-0.9360999
-0.93253726
-0.9358575
-0.936168
-0.9311992
-0.93393415
-0.93428403
-0.9353458
-0.9365459
-0.93629307
-0.9369057
-0.9299727
-0.9346994
-0.9361885
-0.93512636
-0.9361959
-0.9341113
-0.9335967
-0.93265516
-0.9342027
-0.93225634
-0.9333953
-0.9363211
-0.9315381
-0.93347645
-0.9318947
-0.9274488
-0.93565655
-0.9297904
-0.9369151
-0.9300574
-0.9342745
-0.9301066
-0.9338926
-0.93392694
-0.931941
-0.93433815
-0.93302405
-0.9349579
-0.9333734
-0.9331985
-0.9357017
-0.9360938
-0.93344563
-0.9330928
-0.9367572
-0.9399419
-0.935181
-0.9384095
-0.9368083
-0.9358237
-0.9361061
-0.93747896
-0.9352774
-0.93644756
-0.93875515
-0.93401235
-0.9383912
-0.93868154
-0.93656665
-0.9353413
-0.93723506
-0.9389849
-0.9389089
-0.9365735
-0.9358868
-0.93652177
-0.93793607
-0.93528545
-0.9373605
-0.9358885
-0.9343107
-0.9341978
-0.9367698
-0.9384868
-0.9376588
-0.93772125
-0.9386548
-0.9370678
-0.9383124
-0.9373435
-0.9357629
-0.93768567
-0.9358518
-0.9376475
-0.93686867
-0.93877774
-0.9358257
-0.93528247
-0.93553656
-0.9350947
-0.9356839
-0.93691766
-0.93584484
-0.9393428
-0.9367908
-0.93548894
-0.9371893
-0.933375
-0.9377723
-0.9308768
-0.93545103
-0.935091
-0.9329065
-0.9352579
-0.93516445
-0.93041635
-0.9354236
-0.9352075
-0.93705934
-0.9375424
-0.93663365
-0.9349923
-0.93499035
-0.9362325
-0.9370303
-0.9377267
-0.93331957
-0.9354915
-0.93446153
-0.93054545
-0.9381058
-0.9344484
-0.93370736
-0.9380912
-0.937011
-0.9350553
-0.93628097
-0.9365657
-0.9349267
-0.9356693
-0.9372126
-0.9374609
-0.9387311
-0.9381575
-0.93877274
-0.93871754
-0.9358245
-0.9372911
-0.9364022
-0.9366473
-0.9371725
-0.9387079
-0.93709165
-0.93825066
-0.9397249
-0.9372017
-0.9366677
-0.93788964
-0.9353076
-0.9371927
-0.93537784
-0.93568045
-0.9365146
-0.93363535
-0.9378261
-0.9349621
-0.93319625
-0.9342134
-0.93451506
-0.93695533
-0.9333594
-0.93723714
-0.93843746
-0.9391977
-0.93406975
-0.9384584
-0.9391982
-0.9370717
-0.9381831
-0.9357579
-0.9370349
-0.9386601
-0.937487
-0.93697256
-0.9372991
-0.9372789
-0.9349946
-0.9386805
-0.9364148
-0.9377578
-0.93871546
-0.93857986
-0.93697226
-0.9384385
-0.93765366
-0.93802637
-0.9376311
-0.93607986
-0.9388461
-0.936336
-0.93712544
-0.93443334
-0.9338745
-0.93777436
-0.93577904
-0.936502
-0.9375205
-0.93449557
-0.9364287
-0.93630266
-0.93634105
-0.9378345
-0.9327491
-0.9197761
-0.9115446
-0.9158935
-0.91953915
-0.92255545
-0.9183011
-0.926639
-0.9299602
-0.9288633
-0.928702
-0.93018806
-0.9273731
-0.9290188
-0.93375325
-0.9318189
-0.9344294
-0.9326648
-0.9326118
-0.9356158
-0.9335816
-0.93335426
-0.9357597
-0.9330875
-0.934613
-0.9368972
-0.93480366
-0.9355226
-0.93208545
-0.93556124
-0.93453884
-0.93535084
-0.9382832
-0.9359285
-0.9350368
-0.9363654
-0.93544006
-0.93608665
-0.9365887
-0.93837404
-0.93691134
-0.9325472
-0.936765
-0.9367222
-0.93450105
-0.93333393
-0.93346506
-0.933316
-0.9364815
-0.9340702
-0.93477035
-0.9355513
-0.93436915
-0.9337744
-0.9334086
-0.9336677
-0.9341796
-0.9357665
-0.9360802
-0.9365279
-0.9328675
-0.93536687
-0.9376537
-0.93581504
-0.93720055
-0.9368797
-0.93741804
-0.9388624
-0.9344002
-0.93229103
-0.93750054
-0.93595403
-0.93700737
-0.93746275
-0.9344244
-0.9366606
-0.9393531
-0.93583196
-0.9391165
-0.9364895
-0.93750733
-0.9384122
-0.9365736
-0.9372892
-0.9355295
-0.9384674
-0.9379558
-0.93782896
-0.93700975
-0.9393682
-0.93679184
-0.9365938
-0.9382225
-0.93840605
-0.9392605
-0.9366327
-0.9380638
-0.9371399
-0.9340319
-0.9368943
-0.9357538
-0.93750906
-0.9359999
-0.93660736
-0.93836576
-0.9350759
-0.9383991
-0.94000024
-0.938539
-0.938108
-0.936364
-0.9355103
-0.93712246
-0.93667173
-0.9381426
-0.93641925
-0.9377662
-0.9366417
-0.9377344
-0.93543607
-0.93657607
-0.9373623
-0.937413
-0.93797255
-0.93503183
-0.9337795
-0.9384865
-0.934079
-0.93822294
-0.93820035
-0.9334916
-0.93855053
-0.93792325
-0.9352261
-0.9357572
-0.93913424
-0.9384698
-0.93738794
-0.93632853
-0.9377197
-0.9381434
-0.93980217
-0.93563896
-0.93762994
-0.934453
-0.936004
-0.93632865
-0.9367558
-0.93478423
-0.93441856
-0.93940383
-0.9364919
-0.93644905
-0.93669707
-0.9357721
-0.9357137
-0.9390844
-0.935243
-0.93639016
-0.9352667
-0.93497527
-0.9350896
-0.93350214
-0.9367304
-0.93423164
-0.93723243
-0.9379549
-0.93512464
-0.9362055
-0.938292
-0.93684006
-0.93764985
-0.9367798
-0.9355456
-0.9357936
-0.9369397
-0.9363787
-0.9382454
-0.93659204
-0.9389999
-0.9381057
-0.9363242
-0.9354018
-0.938914
-0.93515956
-0.93566525
-0.93699914
-0.934594
-0.93377703
-0.9363881
-0.9334089
-0.9373006
-0.938023
-0.93420994
-0.93774253
-0.9371544
-0.93513584
-0.93779606
-0.93613327
-0.9373842
-0.93869287
-0.93944913
-0.93596905
-0.93949705
-0.93769974
-0.9387757
-0.9376597
-0.9347973
-0.9378077
-0.93662673
-0.9355846
-0.93841547
-0.93836004
-0.9369962
-0.9391009
-0.93755573
-0.93690103
-0.9385796
-0.9375614
-0.93629855
-0.93858814
-0.94046897
-0.93747985
-0.93843836
-0.9400346
-0.9392073
-0.9401963
-0.9391975
-0.9393522
-0.9366209
-0.9375299
-0.93750787
-0.9387436
-0.9370881
-0.93865174
-0.93690383
-0.93364084
-0.9383379
-0.9350414
-0.9376256
-0.93093276
-0.93295336
-0.9369265
-0.9348176
-0.93814856
-0.9391893
-0.93730986
-0.9376707
-0.93752956
-0.93901044
-0.93873984
-0.93684286
-0.9391382
-0.93659526
-0.93737143
-0.937211
-0.9386615
-0.93633825
-0.93763477
-0.93797344
-0.9381301
-0.936122
-0.9357527
-0.9354916
-0.9355487
-0.93628144
-0.9387766
-0.93741673
-0.9365554
-0.9390083
-0.9365002
-0.9382251
-0.93692154
-0.93553233
-0.9380793
-0.9399838
-0.93915945
-0.9379199
-0.93839484
-0.9366441
-0.9358893
-0.93997085
-0.9366321
-0.9367614
-0.93774897
-0.9368222
-0.93877053
-0.9396292
-0.93747115
-0.9352776
-0.93919915
-0.9363877
-0.93863976
-0.9355525
-0.9375498
-0.9386518
-0.93388784
-0.9336114
-0.9363309
-0.9300447
-0.9335183
-0.9316574
-0.9309157
-0.93931144
-0.9314338
-0.9329215
-0.936768
-0.93191224
-0.9343477
-0.93476814
-0.93049026
-0.93492496
-0.93329036
-0.93313116
-0.93544847
-0.93248034
-0.9366713
-0.9345204
-0.9346688
-0.9381864
-0.9358198
-0.93592787
-0.93816036
-0.9343828
-0.9373846
-0.93822116
-0.938393
-0.93824154
-0.9381835
-0.9377211
-0.93895954
-0.93119764
-0.9313937
-0.93410677
-0.93297607
-0.935418
-0.9327253
-0.93597263
-0.93572235
-0.9350538
-0.9341298
-0.938548
-0.9343333
-0.9385344
-0.93596256
-0.93760294
-0.9368604
-0.93840426
-0.93884224
-0.9325275
-0.93462366
-0.9368418
-0.9346346
-0.9373281
-0.93579006
-0.93434656
-0.9397636
-0.93415594
-0.9359178
-0.937608
-0.93485445
-0.93642277
-0.93731296
-0.93739563
-0.9385364
-0.93687195
-0.9381215
-0.93561375
-0.93731385
-0.9382365
-0.9365164
-0.93931144
-0.9357841
-0.93679506
-0.93493974
-0.93693006
-0.938928
-0.938085
-0.9397716
-0.9368746
-0.9366433
-0.9379748
-0.9376415
-0.93759954
-0.9381256
-0.93958235
-0.93812007
-0.93544006
-0.9364973
-0.9380787
-0.9382362
-0.9362973
-0.9377814
-0.937933
-0.9374581
-0.9359898
-0.9350239
-0.93402845
-0.9389538
-0.9348033
-0.93582696
-0.9341882
-0.93443644
-0.93940157
-0.9372458
-0.9349118
-0.93571395
-0.93370473
-0.93910384
-0.93408275
-0.9360873
-0.9369587
-0.93413603
-0.9413522
-0.9320074
-0.9365203
-0.93345904
-0.9301755
-0.93611735
-0.9331858
-0.9338461
-0.9363806
-0.9319223
-0.9346736
-0.9351332
-0.9362929
-0.93643844
-0.9343664
-0.93476176
-0.933165
-0.93769795
-0.933797
-0.9315153
-0.9374003
-0.9339524
-0.93694514
-0.93752474
-0.933288
-0.93723714
-0.9387153
-0.93490446
-0.93761563
-0.93731576
-0.9356868
-0.93730074
-0.9375914
-0.93807817
-0.937465
-0.93572056
-0.93654746
-0.9400075
-0.9341847
-0.93600166
-0.9375006
-0.9358995
-0.93751633
-0.9349651
-0.9341098
-0.9363762
-0.93575317
-0.93980515
-0.93986654
-0.9377761
-0.93680865
-0.93893385
-0.93924046
-0.93675613
-0.9390444
-0.9368295
-0.938613
-0.9376582
-0.93633044
-0.9388893
-0.9358422
-0.93645996
-0.93715334
-0.9371765
-0.9409187
-0.93827266
-0.93935543
-0.9365584
-0.93671733
-0.93717134
-0.9349891
-0.93472886
-0.93635976
-0.9375699
-0.93814915
-0.937348
-0.9392944
-0.9350005
-0.93777317
-0.9356987
-0.9343496
-0.93992436
-0.934763
-0.9357558
-0.936002
-0.93012226
-0.9389127
-0.9304427
-0.9295187
-0.93794054
-0.9315965
-0.9368348
-0.93538964
-0.93457574
-0.9363963
-0.9337022
-0.937282
-0.93623984
-0.9350659
-0.93799937
-0.9375886
-0.9340367
-0.93872595
-0.93484867
-0.9383283
-0.9352347
-0.93629223
-0.93789864
-0.9380847
-0.938046
-0.9386829
-0.936898
-0.93792224
-0.9375006
-0.93696344
-0.9389658
-0.93794405
-0.94078887
-0.93757147
-0.937599
-0.93802434
-0.9401496
-0.93995166
-0.93874276
-0.94157976
-0.9387838
-0.9389062
-0.9380824
-0.9360943
-0.93942916
-0.93741876
-0.9373265
-0.9393034
-0.9369466
-0.9387365
-0.93787456
-0.9386462
-0.9386886
-0.93728966
-0.9367698
-0.93869466
-0.9371289
-0.9366432
-0.93647397
-0.9360367
-0.9371052
-0.93680996
-0.9355296
-0.9377172
-0.93685305
-0.93764734
-0.9378774
-0.9358832
-0.9344405
-0.9400475
-0.93908936
-0.939416
-0.9362303
-0.93546927
-0.9377012
-0.9368349
-0.93915606
-0.93945295
-0.93933654
-0.9374732
-0.9377251
-0.93889177
-0.9378222
-0.937114
-0.93812007
-0.9390171
-0.93877935
-0.9374963
-0.9379911
-0.9376003
-0.93903035
-0.9366525
-0.9373863
-0.9379813
-0.93694985
-0.93505365
-0.937015
-0.93693995
-0.93746823
-0.9345426
-0.93618727
-0.9391302
-0.93754244
-0.93719137
-0.9377262
-0.9384061
-0.9376849
-0.9400354
-0.93609434
-0.9375999
-0.93591446
-0.9367216
-0.93811554
-0.939399
-0.9379436
-0.93922687
-0.93849206
-0.9383284
-0.93685913
-0.9373972
-0.9386593
-0.9364798
-0.93675923
-0.93634623
-0.9384764
-0.94005895
-0.93614864
-0.9379109
-0.933122
-0.9374378
-0.9352151
-0.93530256
-0.93673176
-0.9369528
-0.9384192
-0.93881077
-0.9369359
-0.94043225
-0.93619734
-0.9375012
-0.939094
-0.9341365
-0.93903995
-0.93592346
-0.9369028
-0.9377343
-0.93896616
-0.93780047
-0.9371096
-0.93747115
-0.9365943
-0.9348788
-0.9372246
-0.9363097
-0.93768483
-0.9352267
-0.9384039
-0.93833447
-0.93544054
-0.93808264
-0.9374857
-0.9346836
-0.9387537
-0.93556935
-0.93648446
-0.93553686
-0.93504065
-0.9359581
-0.9389412
-0.93458945
-0.93932104
-0.9365904
-0.9376173
-0.93893373
-0.9360627
-0.93846995
-0.9388411
-0.93679523
-0.9366518
-0.93665725
-0.938119
-0.9364792
-0.93496317
-0.93562275
-0.93647414
-0.93838686
-0.9382362
-0.9367809
-0.9393655
-0.9355591
-0.9392876
-0.93943167
-0.938038
-0.93692786
-0.93667334
-0.9377012
-0.9393241
-0.9373377
-0.93884647
-0.9384016
-0.9331202
-0.93716455
-0.9364473
-0.93667537
-0.9377345
-0.9364934
-0.93841934
-0.93668
-0.9370723
-0.9346842
-0.9336433
-0.9352875
-0.93758017
-0.9313783
-0.9389209
-0.93294823
-0.9338085
-0.9367148
-0.93274856
-0.93545383
-0.9323745
-0.9364813
-0.93613106
-0.9371068
-0.9345906
-0.9357479
-0.9359297
-0.9380948
-0.93686086
-0.93698174
-0.93932104
-0.9368372
-0.9373121
-0.93566877
-0.93729573
-0.9388257
-0.9351056
-0.93651205
-0.9390738
-0.93429
-0.9295041
-0.9330044
-0.93088436
-0.93193126
-0.935145
-0.9344841
-0.9375223
-0.93501073
-0.9353625
-0.9382892
-0.93720865
-0.9354952
-0.9381904
-0.9377029
-0.9353119
-0.9349485
-0.9365298
-0.9362124
-0.9353758
-0.9378846
-0.9348714
-0.93633
-0.93619907
-0.93580884
-0.9369581
-0.93803346
-0.9369723
-0.9389451
-0.93523496
-0.9379378
-0.9380199
-0.9345694
-0.93786204
-0.9330808
-0.9380612
-0.93630296
-0.9369034
-0.93761444
-0.9363249
-0.9386373
-0.9368494
-0.93846595
-0.93882126
-0.9378491
-0.9393364
-0.93694675
-0.936806
-0.9386416
-0.93497735
-0.938444
-0.93773293
-0.9393689
-0.9356551
-0.9369962
-0.93855166
-0.93884635
-0.9386826
-0.9375687
-0.93754655
-0.9337654
-0.9400979
-0.9358161
-0.9349122
-0.9389567
-0.93286276
-0.93487835
-0.939011
-0.9326672
-0.93918794
-0.9377176
-0.93739647
-0.93389195
-0.93682003
-0.9386616
-0.9376397
-0.9394452
-0.93753666
-0.93478155
-0.9385602
-0.9370832
-0.936795
-0.93581
-0.9386577
-0.94117826
-0.93687755
-0.9398227
-0.9361128
-0.9372476
-0.9374019
-0.93770486
-0.93790835
-0.9324754
-0.93338287
-0.938757
-0.9337191
-0.93538314
-0.9356427
-0.9327321
-0.94114095
-0.93385535
-0.93967295
-0.93449086
-0.93623364
-0.9398399
-0.93822664
-0.93962383
-0.93632597
-0.9382065
-0.93983936
-0.93692404
-0.93867683
-0.93725824
-0.936528
-0.9372831
-0.9365174
-0.93874896
-0.93253136
-0.9333138
-0.9350432
-0.93364763
-0.9384177
-0.9329514
-0.9298457
-0.93921095
-0.93125707
-0.9345625
-0.9386992
-0.93344647
-0.93635434
-0.9341048
-0.93572897
-0.9374867
-0.9317232
-0.9378602
-0.9376533
-0.93552446
-0.9374137
-0.9358363
-0.93661845
-0.9376393
-0.9310688
-0.93546915
-0.93776786
-0.9366905
-0.9369794
-0.9377651
-0.93718576
-0.9390575
-0.9366968
-0.93732774
-0.9366755
-0.9358437
-0.93717724
-0.9374359
-0.9372056
-0.9389374
-0.9389248
-0.9392261
-0.93977153
-0.9412035
-0.94021666
-0.9402708
-0.9379204
-0.93901336
-0.9393059
-0.9390182
-0.9376341
-0.9382124
-0.9408622
-0.9373553
-0.93939304
-0.93938226
-0.9379728
-0.93822
-0.937585
-0.9379523
-0.9405419
-0.93910855
-0.93835074
-0.93781567
-0.93915814
-0.9396721
-0.93850106
-0.9392287
-0.93858546
-0.9370887
-0.9382828
-0.9404831
-0.93878514
-0.93981606
-0.9366051
-0.939141
-0.939266
-0.93871653
-0.93850744
-0.93786436
-0.9402329
-0.93893486
-0.94106954
-0.9358434
-0.93644726
-0.9372564
-0.9347536
-0.93876135
-0.93772006
-0.93737316
-0.93699646
-0.9384108
-0.9391581
-0.9373378
-0.939889
-0.9365811
-0.93692327
-0.93474764
-0.93883824
-0.9376338
-0.9380308
-0.9350669
-0.93473417
-0.9397861
-0.93820095
-0.93820715
-0.9384719
-0.9371586
-0.93854964
-0.9385968
-0.9379024
-0.93801564
-0.93582505
-0.93812203
-0.93977517
-0.9361484
-0.9385348
-0.93608195
-0.9388035
-0.9350452
-0.9366772
-0.9387544
-0.93621874
-0.93763536
-0.9391095
-0.9358999
-0.9374585
-0.9368822
-0.9381731
-0.9367985
-0.9415016
-0.94051844
-0.9385464
-0.9400723
-0.9398079
-0.93987864
-0.94119614
-0.9406611
-0.93872684
-0.939204
-0.9380257
-0.9394141
-0.93840384
-0.9380673
-0.93635035
-0.93738925
-0.938813
-0.9379512
-0.9386916
-0.9397393
-0.93734324
-0.9368
-0.9378717
-0.93891853
-0.9360634
-0.9382322
-0.9361304
-0.9354841
-0.9370181
-0.93751246
-0.9366269
-0.93841374
-0.937913
-0.9407146
-0.9377904
-0.9371715
-0.9360055
-0.93489933
-0.9343013
-0.9379206
-0.93612003
-0.9391029
-0.9327467
-0.93397045
-0.92860335
-0.9251796
-0.93469405
-0.9314052
-0.92712975
-0.93572867
-0.93263704
-0.92073464
-0.9320408
-0.9360372
-0.92603666
-0.93065363
-0.9375131
-0.93109924
-0.9358996
-0.9371944
-0.9292792
-0.93557936
-0.93359834
-0.9299744
-0.938526
-0.92891186
-0.9314223
-0.9377287
-0.93537956
-0.9359428
-0.94015646
-0.936174
-0.9370339
-0.9380388
-0.93711466
-0.9388406
-0.9373519
-0.93882346
-0.9403135
-0.9394466
-0.93922424
-0.9414923
-0.940967
-0.9398616
-0.93738174
-0.93833464
-0.93874085
-0.93810356
-0.93921864
-0.9387805
-0.9393332
-0.9388819
-0.9395801
-0.9399984
-0.93980926
-0.93767136
-0.93820846
-0.9384707
-0.9383989
-0.93925786
-0.93915915
-0.94321734
-0.9384322
-0.93705535
-0.9378238
-0.9400016
-0.9400348
-0.9370533
-0.9383529
-0.93918735
-0.9382805
-0.93992734
-0.9399795
-0.9402506
-0.9382665
-0.9393111
-0.93859273
-0.94181305
-0.937661
-0.9404944
-0.9383008
-0.940214
-0.9374652
-0.93964714
-0.9390469
-0.9384893
-0.93514365
-0.9382255
-0.938088
-0.9401975
-0.9397144
-0.9407669
-0.94051284
-0.9394147
-0.93907434
-0.9393799
-0.93859196
-0.9381612
-0.9385258
-0.9401374
-0.9382315
-0.9402806
-0.93905115
-0.93795276
-0.9401594
-0.93795824
-0.9369795
-0.93742687
-0.9399756
-0.9356543
-0.936031
-0.9378149
-0.9374972
-0.93645453
-0.93553895
-0.9349468
-0.9373026
-0.93366206
-0.93707526
-0.9386519
-0.93945736
-0.9412235
-0.93872136
-0.93781286
-0.934727
-0.93985695
-0.9381474
-0.939691
-0.9385241
-0.93832994
-0.9377335
-0.9371971
-0.9384251
-0.936656
-0.936079
-0.9358655
-0.9388424
-0.9374967
-0.9363446
-0.9394943
-0.93751615
-0.93969125
-0.9380395
-0.9385098
-0.9359003
-0.9393553
-0.9375671
-0.9387097
-0.9393427
-0.93821406
-0.938078
-0.93929565
-0.9373232
-0.936487
-0.93937445
-0.93582696
-0.93664545
-0.9382797
-0.9356374
-0.9365978
-0.9368483
-0.93784636
-0.93999815
-0.9389321
-0.9365085
-0.9391663
-0.9387915
-0.9381998
-0.9370843
-0.9385589
-0.93366563
-0.93775225
-0.9379731
-0.93760747
-0.9401906
-0.9394163
-0.9379511
-0.9383658
-0.9380813
-0.93754464
-0.9369961
-0.93879944
-0.9413783
-0.93989784
-0.93672013
-0.93960625
-0.9399389
-0.9391977
-0.9405204
-0.9414593
-0.94165164
-0.9390068
-0.9417248
-0.94146156
-0.939618
-0.93730265
-0.9395823
-0.9379446
-0.9362724
-0.9374011
-0.9398459
-0.938698
-0.94101274
-0.93929535
-0.93888927
-0.93700254
-0.94085073
-0.9393243
-0.9396441
-0.93886775
-0.94006056
-0.93919665
-0.9379991
-0.9374025
-0.93937945
-0.93975234
-0.93680066
-0.938735
-0.9387907
-0.9393783
-0.9396315
-0.9355448
-0.9385791
-0.9375777
-0.933156
-0.9365811
-0.93293595
-0.93542475
-0.9376525
-0.9308883
-0.93839294
-0.93445814
-0.9355191
-0.9377053
-0.93866533
-0.93671745
-0.93807024
-0.9393205
-0.9386148
-0.94053096
-0.9380763
-0.9363608
-0.9373902
-0.93612444
-0.93787104
-0.9396625
-0.93949264
-0.9399136
-0.93952334
-0.93848825
-0.93849915
-0.936661
-0.93871105
-0.93771136
-0.9372884
-0.9368555
-0.94050103
-0.9398152
-0.939686
-0.93979967
-0.93508047
-0.93697125
-0.9378613
-0.93659014
-0.9381831
-0.932711
-0.9369895
-0.9383957
-0.9337684
-0.93900967
-0.9377895
-0.93577534
-0.9383525
-0.9333048
-0.936432
-0.939172
-0.93656677
-0.9388925
-0.9375074
-0.9398353
-0.9380207
-0.9380042
-0.9395595
-0.9368935
-0.938655
-0.9361083
-0.9361388
-0.9402644
-0.933192
-0.9364445
-0.9355848
-0.935122
-0.93714756
-0.9375451
-0.93687403
-0.9392425
-0.9394316
-0.93760604
-0.9379107
-0.9354416
-0.9346097
-0.94060695
-0.9362377
-0.9395617
-0.93934244
-0.9326036
-0.9409002
-0.93657964
-0.93792933
-0.93690276
-0.9379324
-0.9424782
-0.9338371
-0.94042516
-0.93623585
-0.93604136
-0.9389748
-0.9326133
-0.9366792
-0.9390236
-0.9341639
-0.9369052
-0.9384816
-0.93549854
-0.9361274
-0.9363071
-0.9360925
-0.9347225
-0.93923557
-0.9331875
-0.93981886
-0.9368273
-0.93561655
-0.93880963
-0.9394697
-0.93971276
-0.93775153
-0.93628365
-0.93934315
-0.93739927
-0.94113827
-0.9365276
-0.9375625
-0.9391317
-0.93669736
-0.936778
-0.9360095
-0.9349534
-0.9374036
-0.9376017
-0.9366692
-0.9372405
-0.9385129
-0.9414717
-0.9382035
-0.9407195
-0.93852407
-0.9365194
-0.93849707
-0.93355656
-0.93821484
-0.9340927
-0.93663996
-0.93530005
-0.9369743
-0.93959314
-0.9328568
-0.9373935
-0.93580675
-0.93274623
-0.9375293
-0.93599176
-0.9368388
-0.9377848
-0.9334955
-0.9383649
-0.9362819
-0.9330975
-0.93951625
-0.93055654
-0.9341496
-0.9366846
-0.9312384
-0.9366256
-0.9366925
-0.93382776
-0.93816704
-0.9391174
-0.93546927
-0.9389457
-0.93730474
-0.93796617
-0.9400856
-0.9390629
-0.93714535
-0.93596023
-0.93822443
-0.93521297
-0.9392086
-0.93344975
-0.9354134
-0.9380768
-0.93808556
-0.9374418
-0.93709624
-0.93835795
-0.9383088
-0.93885916
-0.9375645
-0.9387667
-0.93908256
-0.94152683
-0.9383025
-0.9391697
-0.93982524
-0.93775
-0.93790936
-0.9401173
-0.9413686
-0.94059
-0.9387356
-0.9390274
-0.93729657
-0.9402007
-0.9364992
-0.93915635
-0.9392415
-0.9346589
-0.9403131
-0.9368007
-0.9407595
-0.93756485
-0.9390905
-0.9366285
-0.9401597
-0.9369544
-0.9383529
-0.9391793
-0.9377226
-0.940597
-0.9381491
-0.9399766
-0.93868005
-0.9372419
-0.9388435
-0.93937343
-0.93867856
-0.9376435
-0.93791
-0.9385767
-0.93723357
-0.9400782
-0.9398881
-0.93964756
-0.93914723
-0.9387544
-0.941194
-0.9399598
-0.9407319
-0.93964416
-0.9405265
-0.9387006
-0.9372306
-0.9393991
-0.93567
-0.93834156
-0.9358079
-0.9359961
-0.9366115
-0.93572134
-0.93742406
-0.9358658
-0.9373293
-0.93756044
-0.93546295
-0.93748456
-0.9405547
-0.9390049
-0.93971163
-0.93713444
-0.93542796
-0.9397106
-0.93701684
-0.93708634
-0.9421625
-0.9389387
-0.93946207
-0.9391903
-0.9407013
-0.9382942
-0.93733317
-0.939635
-0.9364178
-0.9372555
-0.9380794
-0.9398898
-0.93770736
-0.9395074
-0.93771
-0.9364906
-0.93619484
-0.93406785
-0.94009274
-0.93783087
-0.9394691
-0.9397386
-0.9370245
-0.9405943
-0.9420924
-0.9396978
-0.9379962
-0.9386165
-0.93842447
-0.93665814
-0.93977123
-0.9413701
-0.93930876
-0.93957746
-0.93820846
-0.940213
-0.9410833
-0.93831956
-0.9396134
-0.93933725
-0.9391857
-0.9400704
-0.9403835
-0.9398351
-0.9388258
-0.93922204
-0.9385216
-0.93956345
-0.9388735
-0.93911034
-0.94039893
-0.94090664
-0.9399432
-0.9382915
-0.93800896
-0.9393832
-0.93642193
-0.93857867
-0.941439
-0.93683606
-0.9374626
-0.938516
-0.9350665
-0.9373645
-0.93900687
-0.93702215
-0.9408163
-0.93722063
-0.9386173
-0.9408223
-0.93849355
-0.9362543
-0.9378578
-0.9362228
-0.93784755
-0.9369487
-0.9371021
-0.93808186
