0.24995791305438855
0.12522003929288833
0.2572406529915757
0.21469212744940555
0.1659815799957088
0.2409307960145663
0.1575361245197803
0.07598514577529933
0.23577445800894647
0.24005504366702823
0.3334768421578507
0.33051258949936624
0.14982645480900394
0.2731809428880691
0.07556249178224836
0.06825574575080631
0.23373693233778112
0.18207059194891995
0.17822603960066138
0.21321531552490652
0.18683042115010806
0.208210475000946
0.38782671437270705
0.2391371892701289
0.04816102495377718
0.15160914407863296
0.27225992320025394
0.1521299728277859
0.03635465405396521
0.034842486883705136
0.09458447371341376
0.06791756433616256
0.17319696594939585
0.3103123746927636
0.22452530006596025
0.042621122957720865
0.14428727483129453
0.18907685566499485
0.04522670913988093
0.10550205705404822
0.06850010624225855
0.02921221007278913
0.1892235633985292
0.0703307312278573
0.14048157783166712
0.1749993858862721
0.22079629598156464
0.1999430943220902
0.1517450540562409
0.08490554850738273
0.08019082799070378
0.09531582165639484
0.28355654971868516
0.1236451481981254
0.09068195945170206
0.07177382985364443
0.11426432248431787
0.12479503000366356
0.052475931121393524
0.0885935103710532
0.10278843158945375
0.02867086384888051
0.1490934084939561
0.0728056481250124
0.271651947373332
0.1401183480880214
0.117896028532985
0.3303569629716626
0.09692267389234638
0.20844987226641226
0.2276077617957959
0.06900941129072156
0.14169656029361685
0.1669677192458808
0.18237926377124386
0.04849256812629745
0.1314912699614874
0.10327097583281694
0.22690092371000956
0.1958738467660917
0.2037353536301734
0.03581747667328255
0.0830376649967447
0.12697587269824084
0.08875114033062427
0.08125036935481997
0.03267882591355557
0.10091196372363873
0.11768782313552499
0.04373758549229583
0.14232573750744867
0.14081132981927527
0.2042172479409305
0.15791486084693046
0.10503842590135722
0.12999435428517694
0.24175348149779394
0.23368600463627512
0.18068573146571928
0.08432627376680332
0.12320554839343144
0.1912184760083838
0.17118562828163897
0.148398861981113
0.08467473435385894
0.07280641939478043
0.12741778358079242
0.1657536641881429
0.07687044919742368
0.08760481808771987
0.17418515710637716
0.07280452946284059
0.2133289396236768
0.10603646599117751
0.1853515537846251
0.24906935000088942
0.23119304331603305
0.1250530491521895
0.013620801025441892
0.13883235440493846
0.2193317252634753
0.050286876353022765
0.14489252146374082
0.07561529956131025
0.11176132151218272
0.2292329415109212
0.3850289207532931
0.14246390592926933
0.158812297029132
0.12708966794989485
0.030164543318424178
0.033057997327299936
0.05469487651614268
0.10069399433103217
0.06086497681870955
0.0676900871572742
0.17302411460957012
0.11505432078719315
0.05066952056364808
0.17204784820083152
0.11874961518543047
0.1025192973870708
0.2804355812566953
0.09583327587608648
0.19156921079945768
0.08630404274653491
0.2292580110016687
0.15234447319357525
0.07201452256830186
0.09702167560054231
0.14786290110665096
0.226298132229483
0.1853410534654987
0.21508480584145465
0.058339591024590035
0.1776907563414222
0.04648059375020237
0.0992932137094434
0.27534484295289313
0.14086008767365937
0.09674065234204057
0.13644710303529203
0.11027404621489402
0.07308903436693914
0.051589838790136226
0.11845688619945237
0.2477923559358266
0.1111305044492525
0.2954176201381343
0.1456193417906894
0.18591311121661766
0.1184773607474142
0.10008020961982964
0.09205629967569287
0.10310969148173657
0.19542836260419402
0.1949527251581464
0.6214127993126778
0.2282273737045059
0.09014184304546136
0.05613486964896517
0.218112629972905
0.10360186233656721
0.04718761552104811
0.10014563957327163
0.23153276244137364
0.08570916119863514
0.20415976995765014
0.1600731991398698
0.05221589227092142
0.17662718882429232
0.08127641571759671
0.12111013657431872
0.1226520503390192
0.19206520077722408
0.07207358346177067
0.1475188202496942
0.30971549223496203
0.17791443889190278
0.200007805956315
0.1700892585467179
0.06744555701278393
0.21110012200232867
0.024523533700269974
0.28426816638690416
0.13266570270365344
0.11706098399350041
0.05621857782928095
0.08116283491146746
0.10736341512835994
0.10477704348903873
0.13048486081170949
0.08915900360830142
0.1832830075805358
0.1737540455682917
0.1731402711802093
0.05986181109223444
0.1997993837265379
0.10901899806548204
0.11812428403247886
0.07505836121769567
0.2846160147512176
0.09563645438361966
0.1853069004512892
0.20105437564505896
0.08135888830417339
0.1469593853560093
0.15543828396383405
0.2853537162627918
0.07002143246879602
0.23747351898327057
0.27354571258451255
0.2579676349650425
0.09671537622600444
0.20548487368081345
0.21981263102638712
0.0996765543167421
0.07262141294359327
0.09745068534433526
0.037415667032331054
0.22381319744289277
0.14670841621605915
0.1323903386607607
0.23711196521720151
0.07029882035271373
0.22980954094701114
0.09349967558605486
0.10618103513184629
0.20509145402252094
0.13658286841205314
0.0569818592924027
0.2032117078874864
0.1646214706013023
0.029580559204774346
0.08265785838600512
0.08275138997304388
0.19697259740187026
0.1990201255762141
0.1987716420078538
0.10500795851403427
0.16030927164379227
0.16609396981649832
0.1003793267177757
0.14148020624496674
0.23208002053534105
0.17276892294725818
0.11966153220550599
0.2683418168211797
0.12033973687484247
0.32126618910205457
0.08770520132714425
0.016948727024946795
0.15418534120740118
0.12748266406789555
0.16457077240017706
0.17264594061650088
0.17755191833474893
0.11000684001859976
0.2807397715152761
0.06483570048391225
0.3461950348328079
0.2639460740319469
0.16369090948631287
0.2697494257179004
0.21671410712764816
0.19792777839199127
0.21538125837232006
0.06894698930198587
0.1187006833267002
0.06160638372434863
0.19694983059575333
0.06997846629060588
0.20951599632184498
0.1009529893494298
0.1686028634775747
0.3375386620549994
0.08677983775404347
0.14480893025164518
0.22398639298441753
0.23602941836526706
0.16072832729984943
0.5489645928321562
0.3077969389946417
0.14242041238979122
0.2050086623548384
0.11470014974056474
0.11045616777577014
0.27838140835532627
0.11521578689743835
0.23743466005648173
0.21382384649318223
0.13825800624025916
0.20948052919982496
0.3743543705606426
0.3547520587948068
0.2932612244680618
0.18649998264601425
0.03915479791572565
0.052815361919516565
0.24553654612358386
0.12060866975218434
0.12283559381415918
0.035837098489882195
0.06170671707615602
0.008130476300675106
0.01222470150678057
0.28899729887912895
0.05953604131933813
0.33164078498577654
0.4743744045997559
0.13371202296052095
0.13663754642046283
0.054544638269378325
0.11151216818557948
0.05174737769886847
0.2143000239506959
0.11222337254811242
0.058750699563513996
0.15852602080837094
0.1670454090110596
0.1792976555507345
0.15494299592801164
0.045943314975383884
0.11685206017941763
0.1625533048864826
0.15809801483124178
0.09126017357587887
0.11434417153667498
0.1123671296386708
0.12341622909810746
0.24799580369446045
0.14965955044572776
0.06708058614059628
0.18060114484733802
0.05012846970763567
0.15088037516704647
0.23382143503900116
0.21748854135640536
0.17370911894718402
0.04680864187748766
0.04194853433315175
0.15899474015866916
0.2492001871569468
0.1673250398483832
0.06607268300779061
0.17938724925015026
0.23037034614332
0.26869192268653214
0.17125340900928043
0.04407832545358086
0.12880992550986287
0.25041454409096303
0.1291551195582466
0.1735962877013748
0.15668295042292474
0.26310326451855093
0.12160919715979622
0.14452691749045526
0.0970859693291143
0.3003967003575591
0.1562655550945422
0.06796736620462451
0.20939743325712604
0.25449787257361717
0.20162208601374257
0.1702998909294975
0.13565834995527612
0.0979381519659701
0.16263826349736604
0.26043502502551147
0.17194797713109372
0.16631844507662163
0.1763622098196577
0.30328637548451964
0.4928161419821701
0.22678448253853128
0.08985581304473232
0.21324561984802293
0.07412098698137329
0.14837203743769597
0.41879627567321104
0.30387403366259935
0.11541451058793639
0.13458426116404124
0.07510002757445866
0.25537939026695455
0.3044819616556269
0.22863685410651044
0.043725583061731785
0.12256475252142354
0.04491077436240305
0.18449976865163636
0.26745218757138756
0.11729576377446238
0.2025416019797911
0.32646691536775857
0.22279509888823937
0.2620878510812315
0.06860069810332661
0.2079460357013304
0.320503500464225
0.10980204343705079
0.1420908770451977
0.09830082208799709
0.04507880768685283
0.10843340632651498
0.2139581518943917
0.16233919376967745
0.3055285749692783
0.05254420263263426
0.12784911349743097
0.19585025607490605
0.2573327363593286
0.2218847941598249
0.1242678072966101
0.24152318598952902
0.09699854979475264
0.012779449018607529
0.2915931377157685
0.29983722603542173
0.12986026971478082
0.08007009654682494
0.06528228873175825
0.12234143133579428
0.11337448462961465
0.24639973428246323
0.13143372886202123
0.26180280417223606
0.252395954873934
0.039987985088772715
0.1226097642937254
0.0837623903533073
0.19665653447250775
0.03205726934047573
0.18502971527152906
0.12743008598357417
0.10675888196735976
0.2587646812760704
0.14569287940871897
0.07842480634258611
0.12888615022638614
0.17617197276523863
0.04862068488850291
0.08211944153687616
0.2164108526164966
0.29280917620681596
0.2575500862938278
0.21976813324778782
0.0780237354028541
0.07653074745695866
0.17795006118216766
0.19663975942759
0.23043232882605036
0.10384299845786181
0.2054449942491478
0.10181012746405722
0.20784086539762558
0.18065341451408934
0.0470675140255364
0.26906402629697673
0.22349990624686394
0.11905368221513561
0.09618505273095927
0.09780855396229785
0.08552120304428162
0.15125502545924058
0.08444379217069337
0.13071729868566628
0.08578756393487001
0.18998500320806117
0.055913002824527346
0.10723775704086878
0.02681636747124491
0.1759977877735159
0.2512888654093796
0.3382178566353958
0.025644239401715306
0.05054410312231924
0.18276421543455273
0.09582117192233552
0.09619772083773592
0.09031095241844474
0.06699742322941833
0.196971638211022
0.2633394784295274
0.08326289486134468
0.29636087518705956
0.18603333938347252
0.17483275909168164
0.2073496467360029
0.08090471424133383
0.18015599686267605
0.19946486781447967
0.20128513783193513
0.10849084120012514
0.09201196441166624
0.36605392264291275
0.18226840904546368
0.20046818285661402
0.21697620680072302
0.029184044396505054
0.08813786529552771
0.1853581978356229
0.16064775313999244
0.06623613854709819
0.1244206424489495
0.060466023704403876
0.1962971116242939
0.19752815166550364
0.22682554719358966
0.13488814620786632
0.3933362413442227
0.2146936408541344
0.045183377466855905
0.16005145520538278
0.05855043404833498
0.08059907069166958
0.20153390637187477
0.1448201863063076
0.2182550275714373
0.015761933657137545
0.13953247881186023
0.17531629596041495
0.06826838925321488
0.14353950810305605
0.1942068905206471
0.2574003609867755
0.1053365140590343
0.08948883277323884
0.20700840637623102
0.11468632311749084
0.1350066995449986
0.11529969627207548
0.12467013214708986
0.18144735817615362
0.21330793048382962
0.3617371362702403
0.0985638305766926
0.17741796178398453
0.2223552907388638
0.13157445652457048
0.20514147199830554
0.1275269953527272
0.20597011592775974
0.29886911773893887
0.1377072402696053
0.27023702082655277
0.17308980618001088
0.17157052346170962
0.061155613349859486
0.12493968311646232
0.3530440658126394
0.2870737461655234
0.2674449925426213
0.20743553483361324
0.15026100336515583
0.12275278444046973
0.09575176735142894
0.09299077296897193
0.0726061486436291
0.361769078349939
0.18577845691603379
0.07473681031652238
0.21068222358423924
0.24203344873923033
0.266449461874301
0.3339140868730356
0.1684759359789413
0.0804773294064002
0.14089555043492488
0.11267075208705202
0.10396225655125045
0.18495249908640413
0.19678261167584182
0.221578661503013
0.4268683920488114
0.10037530075811635
0.12578278746906843
