-0.72461647
-0.7315127
-0.7331754
-0.7364429
-0.7416733
-0.75114435
-0.7546034
-0.7608169
-0.769902
-0.7706722
-0.77956337
-0.7886544
-0.79070735
-0.79706424
-0.80116427
-0.8076108
-0.8151522
-0.82007647
-0.8273632
-0.832522
-0.8341527
-0.83816475
-0.83956283
-0.84284705
-0.8481917
-0.8524168
-0.8511449
-0.8546231
-0.85813034
-0.86187136
-0.86504173
-0.8698172
-0.8729448
-0.8739092
-0.8777571
-0.8833247
-0.87884146
-0.88184017
-0.88524324
-0.88756096
-0.8860628
-0.8889369
-0.8899477
-0.8922028
-0.8934106
-0.89492834
-0.8972429
-0.89950836
-0.89884377
-0.8998769
-0.90478224
-0.9037419
-0.9034148
-0.906186
-0.9040408
-0.90523875
-0.91045797
-0.9100343
-0.9097903
-0.91125596
-0.9096856
-0.9129891
-0.912754
-0.91122216
-0.9145696
-0.91386956
-0.9139017
-0.91398644
-0.9158015
-0.91460085
-0.91592723
-0.9161577
-0.9167331
-0.9168577
-0.91690516
-0.91777974
-0.91726744
-0.9194771
-0.91946346
-0.91838664
-0.91831654
-0.92011917
-0.9201804
-0.9193639
-0.91977954
-0.92079014
-0.92056936
-0.92240375
-0.92134476
-0.92077804
-0.9232094
-0.92169684
-0.92170775
-0.92300373
-0.9221916
-0.9251513
-0.92362934
-0.92335767
-0.9240476
-0.9229044
