Early stopping triggered at epoch 2379
-0.19870311
-0.18102753
-0.19363977
-0.20153823
-0.1913921
-0.18940338
-0.2004207
-0.21216692
-0.21164049
-0.23080656
-0.21659651
-0.21476792
-0.21662998
-0.22049956
-0.22298378
-0.24248128
-0.24413982
-0.23469132
-0.23625158
-0.23561911
-0.23648918
-0.24539411
-0.24210958
-0.24680804
-0.25434548
-0.25559676
-0.25865898
-0.2536446
-0.2545634
-0.2626979
-0.26384035
-0.27786708
-0.28845316
-0.26677775
-0.2824406
-0.2847114
-0.28981575
-0.29377237
-0.29262838
-0.29154134
-0.3087566
-0.310391
-0.3086329
-0.30741957
-0.3126154
-0.30541977
-0.3318875
-0.31432566
-0.31288403
-0.32172865
-0.32851747
-0.32390642
-0.32671064
-0.33481157
-0.33073762
-0.34301174
-0.33268565
-0.33906138
-0.33837563
-0.33218718
-0.34128705
-0.32491347
-0.336038
-0.33839038
-0.33645585
-0.3337626
-0.33691365
-0.34363377
-0.34327477
-0.337749
-0.329168
-0.33490077
-0.34357497
-0.35129693
-0.32610786
-0.33598936
-0.33729762
-0.3327905
-0.33192474
-0.34888807
-0.3446051
-0.3420145
-0.3485676
-0.3492677
-0.33129832
-0.33604044
-0.3454527
-0.3410562
-0.34637982
-0.34698972
-0.34349477
-0.33185348
-0.3446709
-0.3327197
-0.33903685
-0.3433097
-0.33807498
-0.34431303
-0.34317702
-0.35147387
-0.3519081
-0.34932792
-0.33555752
-0.3467178
-0.34741664
-0.34630677
-0.34229448
-0.35284373
-0.33792204
-0.34880048
-0.3439399
-0.3478072
-0.34223935
-0.35481018
-0.33426258
-0.34193262
-0.34493676
-0.34610736
-0.339266
-0.3450557
-0.34843084
-0.34324256
-0.34918132
-0.34444404
-0.3422588
-0.34743583
-0.3392532
-0.34919697
-0.34224263
-0.34056756
-0.34014544
-0.35281643
-0.3512923
-0.33582366
-0.35967025
-0.34492537
-0.35406855
-0.35646728
-0.34754288
-0.34932753
-0.35083485
-0.34282532
-0.34742093
-0.3485926
-0.34435135
-0.34641483
-0.34852415
-0.35725057
-0.34472194
-0.35333917
-0.35918653
-0.34720466
-0.35906038
-0.34592462
-0.35044092
-0.3594045
-0.35547063
-0.35774583
-0.34233013
-0.35761207
-0.35261187
-0.3517535
-0.36322817
-0.34531578
-0.35093522
-0.35723826
-0.35340318
-0.35685238
-0.34448385
-0.3484724
-0.3482666
-0.34736952
-0.35903868
-0.35540468
-0.35128397
-0.36760905
-0.35842705
-0.36005345
-0.3622197
-0.35981032
-0.36647153
-0.36609524
-0.3639581
-0.36401552
-0.36313125
-0.36026153
-0.35964632
-0.35589394
-0.34315172
-0.3532047
-0.3540475
-0.35587832
-0.36722243
-0.35846686
-0.3605146
-0.3612205
-0.36662203
-0.3695442
-0.36507285
-0.37774026
-0.35656512
-0.36660966
-0.36665356
-0.36363617
-0.36092982
-0.3631345
-0.3608908
-0.361171
-0.36388445
-0.37065387
-0.35587868
-0.35423967
-0.373227
-0.37328488
-0.36744854
-0.36337706
-0.3652702
-0.3753606
-0.37411985
-0.36916447
-0.37254575
-0.37773442
-0.37877485
-0.38290837
-0.3731743
-0.3807505
-0.368228
-0.37383235
-0.3741485
-0.37454864
-0.3856646
-0.38450077
-0.38173354
-0.38839048
-0.38758203
-0.38439065
-0.3842647
-0.38759035
-0.38813394
-0.39653158
-0.39454484
-0.38720796
-0.38899916
-0.39540926
-0.39728358
-0.389429
-0.387992
-0.3938206
-0.40259466
-0.39481902
-0.3988522
-0.40472487
-0.39662033
-0.40407044
-0.41016942
-0.3945824
-0.39646804
-0.40016654
-0.39704835
-0.40065566
-0.39863232
-0.40670657
-0.40149325
-0.40028748
-0.4072643
-0.41369167
-0.4037558
-0.4096088
-0.41136885
-0.40500444
-0.4113063
-0.41788116
-0.40817875
-0.4114621
-0.40352902
-0.41139933
-0.41518748
-0.4192686
-0.41613975
-0.41402742
-0.41603234
-0.42041895
-0.4155693
-0.41359574
-0.4184909
-0.4248696
-0.41428307
-0.41505647
-0.4192469
-0.4216987
-0.42179325
-0.41993657
-0.42515692
-0.41787025
-0.4200889
-0.42806658
-0.4165626
-0.4257107
-0.42031407
-0.4268467
-0.42494053
-0.42971978
-0.4251307
-0.42117393
-0.42359707
-0.4316907
-0.4395532
-0.4270248
-0.43063092
-0.4224515
-0.43446302
-0.42798975
-0.4345108
-0.42761904
-0.44155142
-0.44215855
-0.4373966
-0.4461183
-0.4475583
-0.4372765
-0.4287424
-0.4479759
-0.44095477
-0.43946043
-0.45083043
-0.4440837
-0.44263935
-0.44991437
-0.43485844
-0.44447774
-0.44275782
-0.4420242
-0.45843557
-0.45222238
-0.44498864
-0.4529167
-0.45173857
-0.46321478
-0.44596466
-0.45056123
-0.44954714
-0.45335972
-0.45367208
-0.4570163
-0.45542404
-0.44679815
-0.45664838
-0.4533382
-0.44765604
-0.44993863
-0.4616004
-0.46295008
-0.45716074
-0.45795292
-0.4564039
-0.45723683
-0.46596822
-0.45566192
-0.46653494
-0.45441225
-0.462625
-0.46485615
-0.45707923
-0.4686356
-0.46077377
-0.47061628
-0.46476746
-0.46572348
-0.46143138
-0.46365875
-0.47055736
-0.45734355
-0.4694783
-0.46614602
-0.47249967
-0.46168783
-0.4622929
-0.46042943
-0.46918574
-0.47363088
-0.4740462
-0.46748856
-0.47441044
-0.47441548
-0.46897024
-0.48124552
-0.47661754
-0.48157233
-0.48148963
-0.4834434
-0.47259563
-0.47260585
-0.4737182
-0.47562045
-0.47474587
-0.48040873
-0.47730175
-0.48455915
-0.47915533
-0.47609925
-0.4812995
-0.48713386
-0.4793312
-0.4863664
-0.48493743
-0.48262337
-0.48938468
-0.47235182
-0.48991045
-0.47899008
-0.48552075
-0.4821492
-0.4735977
-0.47356707
-0.49572286
-0.47812226
-0.49250337
-0.49109066
-0.4914333
-0.49230525
-0.48876292
-0.486174
-0.4906636
-0.49592248
-0.49056795
-0.48795313
-0.4885815
-0.49383613
-0.493952
-0.49011314
-0.4927352
-0.49255458
-0.50268996
-0.48891252
-0.49922532
-0.49249363
-0.5024384
-0.4934743
-0.4969669
-0.49357897
-0.49052027
-0.49241346
-0.48814556
-0.4973831
-0.49593028
-0.5006533
-0.50097084
-0.49710575
-0.50331604
-0.4945783
-0.5017252
-0.49634272
-0.4996745
-0.5058913
-0.5097786
-0.50568783
-0.50433254
-0.50750494
-0.50607485
-0.5045703
-0.5075122
-0.5088089
-0.5140043
-0.5094154
-0.5084881
-0.5099377
-0.4972081
-0.5078306
-0.5110002
-0.51155704
-0.50389737
-0.5028912
-0.50871575
-0.5234357
-0.50349826
-0.51250243
-0.5124286
-0.5107921
-0.515175
-0.50961757
-0.51548564
-0.5154523
-0.51211107
-0.5203076
-0.51319903
-0.50930315
-0.5138947
-0.5166641
-0.51060176
-0.5145668
-0.51253533
-0.5124382
-0.50516576
-0.5144693
-0.51955944
-0.51870453
-0.5115911
-0.5141627
-0.51255405
-0.5194693
-0.5149399
-0.5252435
-0.5223705
-0.5211489
-0.51754737
-0.52061045
-0.5197664
-0.5178754
-0.50679564
-0.51636016
-0.52646655
-0.52042
-0.53133374
-0.5247142
-0.5312996
-0.5239517
-0.5239543
-0.5184245
-0.5289835
-0.52200073
-0.51989824
-0.52394265
-0.5251459
-0.5209286
-0.52344733
-0.52636176
-0.52557266
-0.53748393
-0.5301583
-0.52577496
-0.52108383
-0.528106
-0.52948976
-0.5324534
-0.52530885
-0.5164105
-0.5275752
-0.52587545
-0.52965015
-0.5269685
-0.5286789
-0.5264604
-0.5246628
-0.5394248
-0.52942735
-0.52510405
-0.5291837
-0.52773815
-0.5323199
-0.53396976
-0.53047895
-0.5350848
-0.5337622
-0.53513056
-0.5379455
-0.53173876
-0.53995943
-0.5351784
-0.5372721
-0.5361659
-0.53748363
-0.52454096
-0.5316676
-0.5335423
-0.5338753
-0.5421887
-0.528082
-0.527499
-0.52768356
-0.53270364
-0.52833337
-0.5478717
-0.53998333
-0.5426974
-0.539416
-0.53385943
-0.54156506
-0.5410635
-0.5422515
-0.5418607
-0.5305343
-0.54169196
-0.5460624
-0.53857595
-0.5362946
-0.5375989
-0.53746504
-0.5447743
-0.537232
-0.5391288
-0.53593695
-0.544477
-0.53077155
-0.5378612
-0.53805983
-0.5405147
-0.5332883
-0.53562874
-0.5390487
-0.5399687
-0.5463154
-0.53862274
-0.54220027
-0.54482055
-0.54329747
-0.537833
-0.5345708
-0.5483188
-0.5412008
-0.5420935
-0.5460105
-0.5500994
-0.5411608
-0.537961
-0.53546137
-0.5439841
-0.5399452
-0.55364674
-0.5452425
-0.5422658
-0.5480957
-0.5341282
-0.54121834
-0.54257095
-0.5318778
-0.530327
-0.5513039
-0.546591
-0.5414551
-0.55362076
-0.54062235
-0.5515795
-0.5453379
-0.54251015
-0.54496795
-0.5530885
-0.5550954
-0.54763633
-0.55545855
-0.5467698
-0.5420293
-0.54950595
-0.5545855
-0.54501784
-0.54712564
-0.5448376
-0.53627
-0.5555394
-0.55344146
-0.5390105
-0.5518473
-0.54802394
-0.5509952
-0.53965306
-0.55296636
-0.5474465
-0.5526642
-0.5501595
-0.540614
-0.5470091
-0.55251104
-0.54782385
-0.5617373
-0.5529321
-0.5514347
-0.54878753
-0.5552841
-0.5471264
-0.5607703
-0.55735624
-0.5453468
-0.552967
-0.5638932
-0.5529807
-0.5490393
-0.5466145
-0.5638778
-0.55858296
-0.5532323
-0.54509735
-0.5547825
-0.5607438
-0.55592173
-0.5599229
-0.5515022
-0.552514
-0.55896235
-0.54659295
-0.5525615
-0.5468785
-0.55039513
-0.5560176
-0.5540889
-0.5540576
-0.55231166
-0.55985826
-0.56743985
-0.55852056
-0.5521487
-0.56461453
-0.55972606
-0.5606156
-0.5478752
-0.5531663
-0.56309235
-0.55229974
-0.5564198
-0.5590138
-0.55595595
-0.55082166
-0.5561162
-0.55841845
-0.56180483
-0.5630762
-0.5484776
-0.5538372
-0.55924827
-0.56117773
-0.5547394
-0.5543617
-0.5520291
-0.56062746
-0.5548104
-0.55720335
-0.55011934
-0.5535375
-0.54926497
-0.5665977
-0.55531645
-0.5617021
-0.5651155
-0.55583936
-0.5636914
-0.56211936
-0.55887234
-0.55264664
-0.55521077
-0.5586443
-0.5544418
-0.56689405
-0.56165344
-0.5675687
-0.56539166
-0.5670192
-0.5719056
-0.56908536
-0.5639988
-0.56856567
-0.558175
-0.56557304
-0.5580845
-0.56711406
-0.56930995
-0.56189615
-0.5640209
-0.5625379
-0.5600079
-0.5637994
-0.5632965
-0.5638166
-0.5587729
-0.56637317
-0.5563572
-0.5660767
-0.5662301
-0.5593721
-0.55418277
-0.56655407
-0.57085776
-0.56883055
-0.5634614
-0.57327694
-0.5625709
-0.5634899
-0.57044786
-0.56956446
-0.56689715
-0.5721492
-0.57180375
-0.56515396
-0.57365173
-0.5669158
-0.5651422
-0.5631412
-0.557938
-0.5628403
-0.55337054
-0.56098944
-0.57446444
-0.5671728
-0.5747715
-0.5698245
-0.5695178
-0.56599844
-0.572929
-0.57056427
-0.5640969
-0.5700686
-0.5657371
-0.56782436
-0.57372946
-0.57083374
-0.57347524
-0.5708453
-0.57534975
-0.57684696
-0.5723603
-0.571966
-0.5702047
-0.5775732
-0.5820032
-0.5676662
-0.5696396
-0.5698931
-0.5731559
-0.572032
-0.57242346
-0.57078385
-0.5675415
-0.5662553
-0.56986237
-0.5674744
-0.56911695
-0.56869
-0.5772408
-0.5756027
-0.56800157
-0.5683859
-0.5745854
-0.5735164
-0.5796417
-0.5795166
-0.57072526
-0.5717827
-0.56876886
-0.57520187
-0.57292056
-0.5703611
-0.58054817
-0.5750631
-0.57742375
-0.5847138
-0.5878398
-0.5679703
-0.580751
-0.57967234
-0.5785341
-0.57530206
-0.57825387
-0.57786053
-0.57280463
-0.5783351
-0.5784379
-0.5764554
-0.5734037
-0.5801972
-0.57186615
-0.5728073
-0.5826258
-0.579749
-0.5716669
-0.5727418
-0.58015114
-0.5741937
-0.5812451
-0.5700938
-0.584004
-0.5717149
-0.57437116
-0.5756015
-0.57439333
-0.57384074
-0.57599014
-0.57462066
-0.5700341
-0.5759637
-0.5705433
-0.5794074
-0.5789169
-0.57991475
-0.5744058
-0.57760143
-0.5750854
-0.5853745
-0.58503234
-0.57408595
-0.57874066
-0.5844321
-0.58266705
-0.58400166
-0.5765809
-0.57437253
-0.5729098
-0.5740391
-0.57854044
-0.574195
-0.5775486
-0.5803546
-0.58018684
-0.5820302
-0.58480984
-0.5755848
-0.578414
-0.57711715
-0.57518995
-0.5827804
-0.5793874
-0.5845007
-0.58250695
-0.582387
-0.57629555
-0.58407736
-0.5856586
-0.577805
-0.5854105
-0.5786168
-0.58049864
-0.58318704
-0.58190143
-0.58156854
-0.58222425
-0.58414465
-0.5749046
-0.5829149
-0.5891258
-0.58248144
-0.5802033
-0.58388865
-0.58046836
-0.58221775
-0.5810754
-0.5878259
-0.5774695
-0.5852352
-0.57219565
-0.58412606
-0.58003366
-0.5901041
-0.5831356
-0.5791825
-0.5837435
-0.5771904
-0.5800977
-0.583666
-0.5785153
-0.5868443
-0.58526874
-0.5866578
-0.58299464
-0.5847884
-0.5857594
-0.5899286
-0.5895143
-0.58437526
-0.58398217
-0.58958185
-0.5851343
-0.5776847
-0.58124644
-0.58969283
-0.583069
-0.5821032
-0.5794717
-0.58767825
-0.5827862
-0.58532685
-0.57768863
-0.57996833
-0.58667755
-0.5874299
-0.58573335
-0.58595634
-0.5788384
-0.58625257
-0.5839549
-0.5854968
-0.59181154
-0.59214747
-0.58228064
-0.58631927
-0.5842319
-0.5820757
-0.5913533
-0.58904886
-0.58923686
-0.5925349
-0.5953349
-0.587019
-0.59063435
-0.5845476
-0.5908219
-0.57902145
-0.58606094
-0.58578175
-0.5931389
-0.5847976
-0.59246397
-0.58558345
-0.59037757
-0.59413934
-0.5949322
-0.5853176
-0.593151
-0.59106207
-0.5951457
-0.58365077
-0.5924966
-0.60042477
-0.5939096
-0.5875377
-0.58935225
-0.59072113
-0.5931339
-0.5977475
-0.5898839
-0.591181
-0.58733004
-0.5884669
-0.59210706
-0.5950693
-0.5872835
-0.5925104
-0.5933758
-0.5938758
-0.59186256
-0.59259945
-0.59404266
-0.59796345
-0.59709334
-0.59741265
-0.58202547
-0.59708726
-0.588323
-0.60105145
-0.58478147
-0.5825908
-0.595266
-0.5908303
-0.58976126
-0.6006648
-0.5939534
-0.5924971
-0.594567
-0.59970236
-0.5861529
-0.5906979
-0.59344083
-0.5970183
-0.58859503
-0.5892317
-0.5924329
-0.59692335
-0.5942829
-0.59190685
-0.59603167
-0.59740263
-0.59513336
-0.59537446
-0.59241015
-0.59687245
-0.5998005
-0.59787345
-0.5903027
-0.5934621
-0.5918518
-0.5952717
-0.59064156
-0.5913522
-0.59936124
-0.6004212
-0.6047443
-0.5917744
-0.59829205
-0.59513414
-0.5945273
-0.59945583
-0.6029537
-0.59914434
-0.5981264
-0.59781474
-0.5962245
-0.602952
-0.5940565
-0.60189813
-0.5910955
-0.60131466
-0.5958287
-0.604415
-0.5916635
-0.59819394
-0.59826773
-0.60254437
-0.59636897
-0.59525704
-0.59810126
-0.60254073
-0.59220093
-0.58878034
-0.5951243
-0.5979966
-0.6028095
-0.5931303
-0.60571957
-0.6012284
-0.5971709
-0.6010864
-0.58968025
-0.59935015
-0.59686035
-0.5980515
-0.59228766
-0.5969399
-0.5958984
-0.6051626
-0.60061336
-0.59705305
-0.6020486
-0.595181
-0.5937804
-0.6080993
-0.5995006
-0.598846
-0.6032117
-0.59707755
-0.5996342
-0.59881866
-0.59521925
-0.6034752
-0.6017381
-0.59676343
-0.6044947
-0.5997661
-0.598859
-0.60762453
-0.59696627
-0.601726
-0.60633755
-0.5998974
-0.6010768
-0.59754467
-0.60330963
-0.60421646
-0.6045077
-0.6030942
-0.5937448
-0.6026884
-0.59692526
-0.6023629
-0.59727436
-0.6035499
-0.59680045
-0.6021338
-0.6087201
-0.6027471
-0.60102147
-0.60781413
-0.6121351
-0.60100985
-0.6005504
-0.6066771
-0.6054571
-0.6010061
-0.60315037
-0.60041815
-0.6002499
-0.607225
-0.60449654
-0.60494965
-0.5963386
-0.60260564
-0.60643864
-0.60328656
-0.6073679
-0.59867543
-0.5997438
-0.61352986
-0.6074217
-0.60833454
-0.6012834
-0.6008997
-0.6050272
-0.59923255
-0.60746104
-0.60152364
-0.6040557
-0.5977923
-0.6082345
-0.61121637
-0.6072348
-0.60189056
-0.6157884
-0.60875386
-0.6014262
-0.6114281
-0.6020256
-0.6112662
-0.6047728
-0.61032915
-0.60471827
-0.60549086
-0.6026892
-0.6033735
-0.6101518
-0.60743225
-0.61166996
-0.6119165
-0.60498816
-0.60579634
-0.60428745
-0.61249536
-0.6131712
-0.614715
-0.6053105
-0.6128413
-0.6014458
-0.61014915
-0.60523874
-0.61025673
-0.60921896
-0.6081222
-0.61400133
-0.6141792
-0.61255336
-0.61295074
-0.6103652
-0.6106535
-0.6092898
-0.6114226
-0.60558856
-0.6038954
-0.6014568
-0.6125281
-0.6107322
-0.609126
-0.6051051
-0.6147194
-0.5996403
-0.606873
-0.60920644
-0.60046774
-0.6195626
-0.6108269
-0.6120099
-0.62036794
-0.61292267
-0.6095405
-0.6081414
-0.6133016
-0.61109215
-0.60262537
-0.6205049
-0.6093293
-0.6131786
-0.62060875
-0.61741596
-0.6134112
-0.5967525
-0.6115038
-0.61085194
-0.61023384
-0.61387235
-0.6175234
-0.61040294
-0.61414
-0.6149722
-0.61035043
-0.6083713
-0.6169063
-0.6055075
-0.613593
-0.6169311
-0.6132081
-0.61306006
-0.6194917
-0.6159933
-0.6134347
-0.61137897
-0.61205703
-0.61671555
-0.61963165
-0.6142452
-0.6117799
-0.60641366
-0.6146667
-0.6112515
-0.6053446
-0.6184075
-0.61706555
-0.6186729
-0.6133005
-0.60961455
-0.61246216
-0.6056827
-0.61069375
-0.6141698
-0.6181378
-0.6092435
-0.6126209
-0.619272
-0.61365795
-0.6146208
-0.61430556
-0.614613
-0.616046
-0.61529356
-0.62081504
-0.6140198
-0.6151414
-0.61749494
-0.6112746
-0.62031955
-0.6165481
-0.61224926
-0.6146768
-0.6233486
-0.612002
-0.60559154
-0.6113584
-0.61586744
-0.6117573
-0.6138656
-0.6192985
-0.6128316
-0.6095826
-0.6176822
-0.6086385
-0.6114422
-0.61582154
-0.60755336
-0.61602724
-0.61423236
-0.6159057
-0.6140029
-0.61042434
-0.61695325
-0.622973
-0.6105888
-0.621792
-0.61083627
-0.6216487
-0.6170051
-0.61423737
-0.6154974
-0.6122157
-0.6180256
-0.622217
-0.61301565
-0.6184288
-0.6168021
-0.6135549
-0.6078854
-0.62565756
-0.61343586
-0.6118001
-0.6218873
-0.6110252
-0.6197547
-0.62725943
-0.6191869
-0.62073636
-0.62543845
-0.61883026
-0.61298096
-0.609981
-0.62105936
-0.62035197
-0.6114441
-0.6177022
-0.616837
-0.6162486
-0.6139236
-0.6248732
-0.6140402
-0.61359715
-0.62310094
-0.6194035
-0.61548454
-0.6236129
-0.62043244
-0.6200207
-0.61173505
-0.6191911
-0.61288416
-0.6130572
-0.60978425
-0.6140238
-0.6190512
-0.61426735
-0.6220915
-0.615981
-0.62447876
-0.60859853
-0.6108875
-0.6145012
-0.62368464
-0.6181251
-0.62097114
-0.6217618
-0.6191286
-0.6230617
-0.62033427
-0.62028795
-0.6204237
-0.6201564
-0.61815876
-0.6119992
-0.6181033
-0.6240912
-0.6202746
-0.6166488
-0.6135027
-0.6184256
-0.61798006
-0.6150592
-0.6140067
-0.62349516
-0.6186591
-0.6154926
-0.62272656
-0.62043566
-0.61815083
-0.6184641
-0.61976504
-0.61488926
-0.6234326
-0.6165969
-0.6250468
-0.6233165
-0.61714226
-0.6245013
-0.6169126
-0.61842465
-0.61340034
-0.62059
-0.6197757
-0.62538534
-0.61941993
-0.62895805
-0.61269605
-0.6254951
-0.60992324
-0.62097603
-0.62001383
-0.609213
-0.6234271
-0.62135965
-0.621003
-0.6211347
-0.6150673
-0.6254343
-0.6231702
-0.62244093
-0.6188794
-0.6270387
-0.6236667
-0.6197154
-0.62194526
-0.61729896
-0.61943054
-0.6146532
-0.6206048
-0.62056226
-0.62121975
-0.6166657
-0.61353487
-0.6191185
-0.62427884
-0.6192728
-0.620976
-0.6223564
-0.61565316
-0.6207046
-0.62410927
-0.62344223
-0.62817895
-0.6197988
-0.62779796
-0.6211794
-0.6329974
-0.6181164
-0.62624043
-0.6180533
-0.6216414
-0.6202918
-0.6282335
-0.62264776
-0.62469316
-0.6274585
-0.63200086
-0.62122375
-0.62675565
-0.6182963
-0.62112546
-0.6137585
-0.62582344
-0.6270522
-0.62447554
-0.6304541
-0.6242376
-0.6209603
-0.63513297
-0.6243795
-0.6308536
-0.6214615
-0.63107634
-0.63141626
-0.6339743
-0.6245768
-0.6196985
-0.62384784
-0.62584645
-0.6232896
-0.6201526
-0.6181588
-0.62360555
-0.6300127
-0.62595296
-0.61823493
-0.62717766
-0.6267811
-0.6188436
-0.6294298
-0.6193323
-0.6235454
-0.63189715
-0.62479556
-0.626899
-0.6285692
-0.62835705
-0.63006204
-0.6277378
-0.6242722
-0.6291705
-0.6276445
-0.62730163
-0.62519366
-0.6251369
-0.61695033
-0.6271338
-0.63120264
-0.6240363
-0.6211529
-0.6287472
-0.6232567
-0.6310368
-0.624671
-0.6290539
-0.6243925
-0.6243095
-0.6268788
-0.62409645
-0.6216561
-0.62491685
-0.61937404
-0.62641716
-0.6208821
-0.63221216
-0.62828434
-0.6214909
-0.6363466
-0.6333362
-0.6304885
-0.6264188
-0.6258813
-0.63134444
-0.6255305
-0.6227274
-0.6296496
-0.6256516
-0.6266463
-0.6278601
-0.6334259
-0.6230078
-0.6327254
-0.620643
-0.6310427
-0.63274777
-0.630575
-0.6288649
-0.63302714
-0.62744457
-0.62287176
-0.6296339
-0.62234163
-0.6349634
-0.6278611
-0.634247
-0.6302886
-0.635982
-0.63217324
-0.6321862
-0.62658834
-0.6279735
-0.6285003
-0.6357367
-0.6320116
-0.6340791
-0.6342279
-0.6239261
-0.6321568
-0.62942195
-0.6359355
-0.6366868
-0.635233
-0.6267684
-0.63042253
-0.62464994
-0.6351191
-0.6290978
-0.6283862
-0.6258891
-0.6289016
-0.62537634
-0.6221456
-0.6218603
-0.6266153
-0.63197684
-0.6303547
-0.6328459
-0.6363442
-0.6358127
-0.6359276
-0.6258076
-0.6330301
-0.6323755
-0.63041073
-0.6283658
-0.63016754
-0.6283543
-0.63617146
-0.626036
-0.6236369
-0.62824166
-0.63833284
-0.6272467
-0.6294252
-0.63452077
-0.62631184
-0.62943894
-0.6423437
-0.6356006
-0.63166785
-0.6386683
-0.6340643
-0.6291678
-0.6367608
-0.63912576
-0.63187456
-0.63292634
-0.637218
-0.6332132
-0.6256458
-0.6259727
-0.63376373
-0.63884205
-0.6336472
-0.6364969
-0.632868
-0.6338589
-0.6398132
-0.6353645
-0.6288481
-0.633715
-0.63892454
-0.6346018
-0.6310689
-0.6323079
-0.63362813
-0.62695724
-0.6358604
-0.63833016
-0.63578826
-0.6300745
-0.6303761
-0.63057315
-0.6357683
-0.6270476
-0.63065755
-0.6313479
-0.63836455
-0.6299975
-0.62795
-0.6327082
-0.6330087
-0.62863153
-0.6308757
-0.6391834
-0.6309305
-0.63370687
-0.63724524
-0.6421877
-0.63551414
-0.62748283
-0.6320847
-0.63873553
-0.63346726
-0.6292572
-0.64362407
-0.6300066
-0.63469905
-0.62870526
-0.63355315
-0.6392121
-0.63127625
-0.634816
-0.63900125
-0.63067955
-0.6275949
-0.6380138
-0.64073575
-0.63701874
-0.6411605
-0.63393766
-0.63627416
-0.6343456
-0.6411795
-0.636671
-0.63250244
-0.62984884
-0.63864225
-0.6320058
-0.64055413
-0.63429874
-0.63067293
-0.6392663
-0.6396273
-0.6371341
-0.637284
-0.6368584
-0.63085645
-0.6320909
-0.64278805
-0.6357308
-0.63349867
-0.63618094
-0.6442906
-0.63251585
-0.63876957
-0.6338475
-0.63973683
-0.637076
-0.6323781
-0.63873684
-0.63607806
-0.6321892
-0.6356967
-0.63845897
-0.64432603
-0.63803256
-0.63974446
-0.632554
-0.6378149
-0.63840306
-0.6319859
-0.6379851
-0.6392746
-0.638208
-0.6420142
-0.6371211
-0.6401497
-0.6390487
-0.6374706
-0.62853926
-0.64048797
-0.6396218
-0.64137834
-0.63799125
-0.63586235
-0.6389842
-0.64491
-0.6383613
-0.63406956
-0.6408146
-0.64116806
-0.63693494
-0.6346145
-0.63343376
-0.6332856
-0.64045787
-0.64176124
-0.63587254
-0.6362288
-0.6392776
-0.637221
-0.640428
-0.63598
-0.6437845
-0.6371835
-0.6287862
-0.6410658
-0.63262105
-0.63907546
-0.63954073
-0.63387656
-0.6378347
-0.64154065
-0.63835055
-0.6333639
-0.6369985
-0.6430067
-0.64297086
-0.6412648
-0.63876474
-0.64145404
-0.6374956
-0.64570636
-0.63813406
-0.6404548
-0.6359215
-0.63524526
-0.64007366
-0.6400294
-0.6390715
-0.6412285
-0.6419951
-0.64267606
-0.6383647
-0.6453849
-0.63558096
-0.64076346
-0.6421767
-0.63928074
-0.63067514
-0.63830334
-0.63997173
-0.6385116
-0.63287324
-0.64575976
-0.63066447
-0.6412753
-0.640282
-0.6349885
-0.64585435
-0.63299686
-0.6449872
-0.64357454
-0.6402459
-0.6314208
-0.6405703
-0.6429366
-0.64414424
-0.63711494
-0.6388419
-0.6456498
-0.64010113
-0.6397394
-0.643402
-0.63624114
-0.6458801
-0.6495147
-0.6478184
-0.6355323
-0.6380585
-0.63467246
-0.6389845
-0.6390305
-0.6348265
-0.643073
-0.6383449
-0.64723766
-0.6402047
-0.6433173
-0.6422341
-0.6421842
-0.6435985
-0.6421529
-0.63871235
-0.63995963
-0.64418393
-0.6490358
-0.650811
-0.6431901
-0.64046043
-0.6437498
-0.6474186
-0.6485531
-0.63563395
-0.6491396
-0.63355184
-0.64098614
-0.6484739
-0.6380077
-0.64071167
-0.64384985
-0.6440658
-0.635964
-0.6357198
-0.6372262
-0.64291507
-0.64702696
-0.64598936
-0.65333253
-0.63750094
-0.6483213
-0.6479606
-0.6497399
-0.64666665
-0.6418229
-0.6395056
-0.6401918
-0.6442341
-0.639136
-0.63459814
-0.6404103
-0.63838893
-0.6439112
-0.6455919
-0.64428264
-0.64815515
-0.64101493
-0.64484954
-0.6394142
-0.6456919
-0.63660306
-0.6417039
-0.6471428
-0.6385851
-0.6441044
-0.64321494
-0.64207727
-0.6463791
-0.6430276
-0.6385297
-0.6447891
-0.64590776
-0.64389384
-0.64791256
-0.6381453
-0.6436456
-0.64779246
-0.6522982
-0.641114
-0.6434503
-0.6395151
-0.645497
-0.64078605
-0.6462267
-0.6422367
-0.645115
-0.6410304
-0.6401022
-0.63205963
-0.6439259
-0.6457507
-0.63863534
-0.6371293
-0.6464396
-0.6451942
-0.6471213
-0.64615905
-0.6520139
-0.6444968
-0.64178854
-0.64727837
-0.64840037
-0.6441339
-0.6347108
-0.6466192
-0.64657414
-0.6444147
-0.64299506
-0.6373019
-0.63482827
-0.64954627
-0.64587766
-0.65495193
-0.64712733
-0.64830214
-0.64710677
-0.6472594
-0.6430561
-0.6476304
-0.6415433
-0.647493
-0.65125895
-0.6431244
-0.64427495
-0.642459
-0.64752877
-0.6453324
-0.6439025
-0.64730746
-0.6367972
-0.6459436
-0.6523025
-0.63863486
-0.6520688
-0.6436894
-0.64724046
-0.6508577
-0.64794207
-0.64776
-0.64938474
-0.64945245
-0.6387689
-0.65550756
-0.64768285
-0.6418684
-0.64929533
-0.6507264
-0.64458704
-0.6496623
-0.6441789
-0.6435611
-0.6458691
-0.65054524
-0.64387584
-0.6499257
-0.6499942
-0.6481958
-0.64908
-0.6485872
-0.6507906
-0.6482599
-0.6517703
-0.64740205
-0.6363201
-0.6401515
-0.65001774
-0.6499209
-0.65675604
-0.64389837
-0.6455454
-0.64823323
-0.6492496
-0.64557993
-0.64412785
-0.6533006
-0.6495149
-0.6533348
-0.6530151
-0.6480935
-0.6499621
-0.6464399
-0.65394926
-0.6499162
-0.64195925
-0.64613664
-0.6474807
-0.6520326
-0.6533701
-0.6476234
-0.6470213
-0.6482654
-0.64865035
-0.6483663
-0.64919984
-0.651622
-0.646737
-0.6429066
-0.6527223
-0.6470257
-0.64638203
-0.65346754
-0.64859563
-0.6441238
-0.6454639
-0.6515845
-0.6435277
-0.64114314
-0.6503242
-0.64688873
-0.65579045
-0.6549279
-0.65148294
-0.65237033
-0.65236944
-0.6533662
-0.6420613
-0.6545654
-0.649069
-0.658454
-0.6560779
-0.6513602
-0.6514902
-0.6547696
-0.6490201
-0.65512276
-0.6524984
-0.6541562
-0.6460726
-0.64915013
-0.64853096
-0.6446714
-0.6536355
-0.6569312
-0.65461504
-0.65254676
-0.64925504
-0.651865
-0.6488451
-0.6495888
-0.66006386
-0.65213394
-0.64606816
-0.64830685
-0.64601254
-0.64365053
-0.65169376
-0.65228945
-0.6557999
-0.6503041
-0.6558883
-0.65320265
-0.6542673
-0.6485973
-0.65109783
-0.65050554
-0.650301
-0.6561376
-0.65251184
-0.64790154
-0.6541123
-0.6563041
-0.642064
-0.64812416
-0.6586139
-0.6572308
-0.6515968
-0.66058743
-0.65656155
-0.6501253
-0.65501595
-0.65387815
-0.6524524
-0.64983267
-0.6518285
-0.64861935
-0.6506934
-0.6499767
-0.64962524
-0.65960884
-0.6460719
-0.6561279
-0.6635514
-0.65594655
-0.653149
-0.6580771
-0.64812636
-0.6529238
-0.6499792
-0.64448094
-0.6522946
-0.65084624
-0.6573428
-0.65288264
-0.6467104
-0.6544876
-0.6542069
-0.6464106
-0.6484193
-0.65260255
-0.65392125
-0.64708453
-0.6519034
-0.6462268
-0.655829
-0.64827925
-0.655225
-0.6440378
-0.6524645
-0.6517766
-0.65304357
-0.653133
-0.65107936
-0.660214
-0.65278906
-0.6547561
-0.6570059
-0.6644149
-0.6541104
-0.65100634
-0.6529166
-0.66168445
-0.6563724
-0.64324975
-0.65175396
-0.6597072
-0.6510036
-0.6547645
-0.65565854
-0.6564439
-0.65208286
-0.6546607
-0.65517867
-0.6574009
-0.6497315
-0.6513685
-0.6543154
-0.65309846
-0.6527904
-0.6570103
-0.65618724
-0.6593392
-0.6610203
-0.65391445
-0.6604337
-0.65471864
-0.65906805
-0.6511903
-0.6523743
-0.6515114
-0.65049255
-0.6575224
-0.6475317
-0.65638894
-0.6573928
-0.6586415
-0.65292597
-0.65362126
-0.6543057
-0.65371335
-0.6536149
-0.65410435
-0.65357405
-0.66445386
-0.65496224
-0.65162134
-0.65211785
-0.6575917
-0.65389884
-0.6569094
-0.6489775
-0.65776515
-0.6530953
-0.6560747
-0.6514998
-0.65657645
-0.6516909
-0.65291584
-0.6538261
-0.659085
-0.656167
-0.652781
-0.6606811
-0.6557075
-0.65954345
-0.65892214
-0.6533958
-0.6567056
-0.6564903
-0.6608499
-0.6574466
-0.6568789
-0.6614921
-0.65991116
-0.6565182
-0.664826
-0.6602492
-0.65481997
-0.6590514
-0.6541788
-0.6550373
-0.65347725
-0.65716213
-0.6514604
-0.65328157
-0.65441424
-0.64808935
-0.655482
-0.653481
-0.65796596
-0.66209835
-0.64908344
-0.65925044
-0.65823704
-0.6568525
-0.6615138
-0.6547716
-0.66003364
-0.6569814
-0.6627183
-0.65704536
-0.65244967
-0.66119325
-0.65772676
-0.6523088
-0.66633993
-0.65150756
-0.6701373
-0.6495887
-0.65769756
-0.66063416
-0.6614146
-0.66210186
-0.6570891
-0.6555676
-0.6509853
-0.6514246
-0.6573404
-0.65872073
-0.65327334
-0.66536313
-0.65838844
-0.6596406
-0.65700006
-0.656973
-0.6596671
-0.66060615
-0.65288067
-0.66433483
-0.66094494
-0.6551508
-0.65682334
-0.6603881
-0.6605637
-0.6585012
-0.65806615
-0.6627279
-0.6655898
-0.6675923
-0.6565406
-0.65584505
-0.6597455
-0.6519159
-0.66608983
-0.6642841
-0.6612025
-0.6577981
-0.6640072
-0.65892214
-0.6584139
-0.65428823
-0.65698975
-0.6550708
-0.6566779
-0.6627265
-0.6665539
-0.6609085
-0.6496283
-0.65682757
-0.6624427
-0.65763074
-0.6604334
-0.66145587
-0.66531205
-0.65801734
-0.6573695
-0.65947556
-0.655869
-0.6580005
-0.6604275
-0.66274005
-0.661154
-0.6605898
-0.66089773
-0.66137683
-0.6628796
-0.6514565
-0.66565263
-0.6533404
-0.6583928
-0.6558701
-0.6614024
-0.6549462
-0.6596797
-0.6608424
-0.66270995
-0.66149646
-0.6590889
-0.6554966
-0.6666876
-0.65970945
-0.66029155
-0.6525437
-0.65934134
-0.65803003
-0.6562842
-0.6612951
-0.66011834
-0.65873355
-0.6599033
-0.65960205
-0.6555337
-0.66157454
-0.6560819
-0.66421294
-0.66258234
-0.66494256
-0.6644529
0
0
0
0
0
0
0
0
0
0
0
0
0
0
0
0
0
0
0
0
0
0
0
0
0
0
0
0
0
0
0
0
0
0
0
0
0
0
0
0
0
0
0
0
0
0
0
0
0
0
0
0
0
0
0
0
0
0
0
0
0
0
0
0
0
0
0
0
0
0
0
0
0
0
0
0
0
0
0
0
0
0
0
0
0
0
0
0
0
0
0
0
0
0
0
0
0
0
0
0
0
0
0
0
0
0
0
0
0
0
0
0
0
0
0
0
0
0
0
0
0
0
0
0
0
0
0
0
0
0
0
0
0
0
0
0
0
0
0
0
0
0
0
0
0
0
0
0
0
0
0
0
0
0
0
0
0
0
0
0
0
0
0
0
0
0
0
0
0
0
0
0
0
0
0
0
0
0
0
0
0
0
0
0
0
0
0
0
0
0
0
0
0
0
0
0
0
0
0
0
0
0
0
0
0
0
0
0
0
0
0
0
0
0
0
0
0
0
0
0
0
0
0
0
0
0
0
0
0
0
0
0
0
0
0
0
0
0
0
0
0
0
0
0
0
0
0
0
0
0
0
0
0
0
0
0
0
0
0
0
0
0
0
0
0
0
0
0
0
0
0
0
0
0
0
0
0
0
0
0
0
0
0
0
0
0
0
0
0
0
0
0
0
0
0
0
0
0
0
0
0
0
0
0
0
0
0
0
0
0
0
0
0
0
0
0
0
0
0
0
0
0
0
0
0
0
0
0
0
0
0
0
0
0
0
0
0
0
0
0
0
0
0
0
0
0
0
0
0
0
0
0
0
0
0
0
0
0
0
0
0
0
0
0
0
0
0
0
0
0
0
0
0
0
0
0
0
0
0
0
0
0
0
0
0
0
0
0
0
0
0
0
0
0
0
0
0
0
0
0
0
0
0
0
0
0
0
0
0
0
0
0
0
0
0
0
0
0
0
0
0
0
0
0
0
0
0
0
0
0
0
0
0
0
0
0
0
0
0
0
0
0
0
0
0
0
0
0
0
0
0
0
0
0
0
0
0
0
0
0
0
0
0
0
0
0
0
0
0
0
0
0
0
0
0
0
0
0
0
0
0
0
0
0
0
0
0
0
0
0
0
0
0
0
0
0
0
0
0
0
0
0
0
0
0
0
0
0
0
0
0
0
0
0
0
0
0
0
0
0
0
0
0
0
0
0
0
0
0
0
0
0
0
0
0
0
0
0
0
0
0
0
0
0
0
0
0
0
0
0
0
0
0
0
0
0
0
0
0
0
0
0
0
0
0
0
0
0
0
0
0
0
0
0
0
0
0
0
0
0
0
0
0
0
0
0
0
0
0
0
0
0
0
0
0
0
0
0
0
0
0
0
0
0
0
0
0
0
0
0
0
0
0
0
0
0
0
0
0
0
