0.21631626598271617
0.37068545980143053
0.060720547138997945
0.25897131072458873
0.06451025678647658
0.1346992915302364
0.18010068770892934
0.1404114462345286
0.21592839180886572
0.203095216448357
0.3470894882826216
0.09864423716751992
0.2027835918330841
0.22706617681021823
0.1518292034856142
0.26021044661955567
0.37916931189399733
0.2559535349898823
0.2241049579340693
0.11340841088277565
0.19565499073826728
0.25781035282126813
0.5995428786462786
0.061528911094728626
0.20617335842349283
0.4279855933913875
0.35027214409499297
0.05547158331122102
0.05904133858894266
0.20592208725758637
0.22203340216690381
0.16647105105057525
0.44787625141624626
0.3692721164967311
0.10119515184185049
0.28913243704317104
0.34741968624358194
0.1559294151872012
0.3309882395192117
0.30241062428947163
0.015175011168656638
0.15271522649017208
0.36971739373029155
0.11855325293397945
0.20146150636580287
0.2429415150953646
0.1857376718280506
0.21535253128076676
0.2125843499909186
0.05489225796949456
0.06992564521757404
0.1455590894639996
0.24303481078959008
0.2382547594576878
0.1302754564058956
0.23910760275974738
0.2211821789459182
0.371037242830412
0.14449342978498364
0.2424745779557928
0.3444785140068665
0.3397362348397312
0.14737344610523656
0.15864125665152376
0.2434241918492598
0.3126940236052097
0.29918095916897497
0.22183770771943076
0.1476532504539528
0.23080420863090884
0.04651479209028061
0.11312657924523696
0.3008840226657735
0.4004504495651041
0.08522254300443577
0.11191429664181275
0.10612929168518451
0.31039933841718703
0.21202924436897394
0.3116441962829219
0.19473153372032223
0.36469376520861363
0.11942085468224681
0.23953219464601047
0.2564739641372552
0.21683660882966763
0.23091889215320072
0.1871407695147376
0.36498223702683796
0.3226023589521432
0.1125513142241961
0.22741835310554656
0.37989139958799123
0.22609288834614202
0.21840520665390342
0.3334577418040576
0.2380665047742833
0.3184302316787874
0.3155964316476996
0.15147988485869596
0.27967186108132236
0.27741557274834405
0.3934204097647014
0.33877925978547124
0.17286005883333885
0.05400650853884426
0.0980196316796299
0.236557896538461
0.07293382315893855
0.08590729704495872
0.23791836072176667
0.3719436995517531
0.45039228416916144
0.3617062822040596
0.23968207645335315
0.2077173188351872
0.4431276974962439
0.1316394176327553
0.24438388089499205
0.5095474713580268
0.42785451062689983
0.3335770875580492
0.23053486094598
0.19785175473006378
0.12368138894057626
0.18803714552332335
0.9732529972876961
0.09607067443576679
0.28037279330934695
0.4575072757810394
0.2257463440476797
0.3908122720829366
0.3709284116599133
0.2788052606771491
0.08818194493904886
0.14562614379518565
0.04172649966754427
0.0501574997443974
0.009111666419210613
0.3187740714886401
0.2665168556264892
0.26621190460893407
0.14748527613448273
0.16312196332398124
0.2869950848112513
0.6035684589670353
0.33048292899633025
0.17869741422527038
0.28077123066325016
0.11349621760443183
0.0583305060437093
0.5293650493420332
0.32354936864658673
0.06255624704806156
0.252851536586349
0.41600333610582385
0.31521990129143496
0.07453968973544041
0.28058474534058553
0.2504006760474134
0.3702868380085349
0.2084781565495876
0.2747320237841984
0.1896214757652239
0.16661912458246766
0.22324628712333217
0.1615485040986293
0.2817511964456094
0.5121077923571951
0.31067948831948966
0.4048907417535846
0.4357571738290216
0.25418134006859505
0.1142855309313673
0.4370350182976588
0.4898883981652978
0.10629995774212105
0.7323643711252431
0.3434632891205362
0.1845103853765312
0.15865919083641458
0.2879888445373398
0.48909827934296696
0.3201162406314548
0.036353209807430814
0.08289262082604384
0.1302130895958447
0.2081004043050977
0.24696804308321996
0.3229130364947863
0.07978176856472805
0.32939839901113765
0.3387428727194902
0.3284822604689909
0.1561642112114459
0.21694779711632398
0.4184768676288391
0.1902166953434765
0.10128658538272205
0.3512677103782924
0.39211257918221926
0.32877097640120634
0.15667361279449732
0.08109262413962895
0.4324846487273913
0.2524819634689655
0.30709285141746884
0.24116763651380815
0.23279741886677674
0.15184591749388332
0.3945382847511272
0.1393972120518223
0.255291236584851
0.2361783025784784
0.27167702507121244
0.3785499882309666
0.3714081385501768
0.12288812904070116
0.1902903097558144
0.18377037629916673
0.08699244240544167
0.25531023735004865
0.4174246617579204
0.47433569162444045
0.21322694589460123
0.3673951404923634
0.35430924102158845
0.4075119179306604
0.2428176356012048
0.3308159169704665
0.16546494748675328
0.17394025845956357
0.15847049446590766
0.2725849540015942
0.10640444315053856
0.27892521324629027
0.11996151736233812
0.045609461731813884
0.3820341646892433
0.03461254594267932
0.04711294261192437
0.10176958925875816
0.3855629132095429
0.37335189893429255
0.37825230704258567
0.29385831284530095
0.11197027840227412
0.20447201276633512
0.2354600204800777
0.45521178354964564
0.2399057618730532
0.26005477241505554
0.16083510083049066
0.07098853806177668
0.24614257675670484
0.39146396823087937
0.23219375811756404
0.14779513086322396
0.3764691201069811
0.13826263047916973
0.18682490347986244
0.2449578980738158
0.1473019712347421
0.14354096573026767
0.30217577486478453
0.2867292563240921
0.17781969891814733
0.23309434935755588
0.1323014411588395
0.0974431169402815
0.226003022375293
0.26262391198077123
0.3010753617481204
0.33816011142106334
0.13112227891750297
0.07506398025801317
0.35069328570122305
0.16644469815571614
0.3440206706965489
0.5819321339140241
0.2056461194152565
0.18338338211544777
0.3910398188380225
0.1527066144970422
0.19203879050550604
0.3370485106529623
0.07867387838534434
0.18597433621054252
0.3859310148610308
0.13453967868664546
0.06786332167076059
0.32406275643150984
0.48773396773945193
0.4228949304678587
0.4446402280575733
0.1035974623599246
0.10914581390656006
0.06540218793512843
0.1322272001776131
0.2353136611921397
0.5658810699545053
0.6772568568036418
0.180636482444716
0.11174307488997784
0.19125485263424458
0.42725852704730455
0.3661397243052043
0.4589130403422466
0.15867142339393103
0.3884512672133053
0.4071591529040729
0.4216986109319693
0.06390403873253099
0.05326322607632846
0.1768482093958173
0.24731570228042832
0.10068988083737757
0.11332360268850226
0.17444571983716922
0.29757439960137294
0.6476383863555916
0.6753620595767559
0.2798122809299393
0.22768492013333405
0.1240275339863444
0.23949197346856888
0.2393782948629386
0.4726467710974906
0.4139240322961102
0.2637521784221895
0.13997805680798633
0.15626412298186432
0.381729644896208
0.35585050258938217
0.25898672461479416
0.03958278323844512
0.28087865356603686
0.3402518943255028
0.18958904187122183
0.3517767797920421
0.37544227085719123
0.09772910118369954
0.1538132617409212
0.3055324877634292
0.3923453080898968
0.07131127071487604
0.13220209694327478
0.3046866668120245
0.21516186619107094
0.1017702480236904
0.23698218064769247
0.12976794080815676
0.41197921120719133
0.47251536985622866
0.07658568363626606
0.11013192058949839
0.3295537822385107
0.141882836860643
0.17108896770008492
0.1155756643099463
0.3394081552988017
0.11233284273923233
0.035548668982310634
0.06461850579490734
0.28627026751804757
0.37814149146727616
0.25620297231769307
0.3591107465278075
0.3350096991557729
0.06187687574472679
0.34120458318374264
0.1731724121592979
0.08492119213953639
0.16465290526388687
0.2793807949127203
0.02384713665239155
0.16526711267121208
0.20085217608022876
0.27491494130285926
0.46860530116657595
0.33832008906162103
0.2589721844392511
0.06430414334117121
0.03446702988620712
0.3879223450495382
0.17969479457217655
0.33512719520407197
0.42658471501741474
0.5042537824032519
0.1560776026790897
0.07564468458253223
0.3301024833226478
0.36386439294838707
0.21892147525481886
0.2530304293654117
0.16419629411633385
0.1585161106432895
0.07931783377976047
0.23460588727372675
0.28070606638037826
0.14536146514704287
0.13688221633695152
0.11871804735367787
0.17699089640603113
0.18271000037089588
0.18451508812724413
0.22732290740287042
0.5401320966396467
0.3677656949252166
0.2593549297178563
0.3294120873179319
0.35866620500425006
0.6025784686087556
0.5565181465412468
0.1967174097935097
0.18163357671233568
0.2735428990277434
0.15329704328564414
0.14888749488092354
0.4972281966714954
0.4167693762570411
0.24090657397426932
0.3298537119498664
0.18998968117728776
0.3928230179700716
0.34757869590173307
0.39606957391498787
0.4292843074696262
0.38041620939680715
0.1903307121296638
0.209141919435323
0.29557578440928567
0.20709513902077145
0.38373233075195545
0.20603080249646247
0.2826978100734353
0.22651963052576243
0.4532977347747066
0.4300712225645787
0.6047953390798617
0.3279468778587486
0.12248588977803203
0.15172446967493325
0.1599329775911311
0.11563693460216316
0.40356543982713533
0.5996711472907608
0.11529601065729787
0.41866668802993606
0.33838877139608703
0.21891865927247842
0.20057005605168038
0.31484610712857325
0.6058718385546955
0.5622984769250893
0.0901040032598468
0.34488285148993514
0.19210531104357043
0.4099747292530968
0.27009669624549826
0.17521275426132107
0.3615698827185715
0.2927277421809347
0.26377511983015334
0.36619436034711234
0.2016585719196884
0.5183215820718561
0.34848774319471837
0.10087682562002559
0.22267337851629726
0.3695320640731614
0.31519294062982944
0.29721211033333883
0.29868160895176643
0.08411587767228863
0.06161440686144224
0.16297424965836704
0.4520021955958756
0.4625723500142328
0.23409790084142168
0.4567252363100468
0.38827620485788167
0.2219911633576187
0.4078056817062043
0.26946673108291747
0.44250731423687356
0.1596649133113523
0.11550568498960272
0.05113564587804956
0.14253893217469726
0.3750154256837308
0.794300257402462
0.25211027262817826
0.2261201071135631
0.11670267117582044
0.37747913789717724
0.2475908701906491
0.24217400495658012
0.21233858957179455
0.17126855528187507
0.11181345677359149
0.037169907560500676
0.26648206568374766
0.3707390342353514
0.32795592832856646
0.0892618692611732
0.1663697499861765
0.2435705735374707
0.24101961886332635
0.3199782254674592
0.21231902517383863
0.21880583048761854
0.08310742364004149
0.01956921549659085
0.36326630123826487
0.2790082246087242
0.2974192118516275
0.1723634800796766
0.32938517513911014
0.23174196756082774
0.3260837692573704
0.224140188745167
0.215028617683109
0.14160036060765405
0.5645437716539333
0.16796747845561705
0.1509872608174959
0.14207828074682524
0.34537093460616475
0.11995062352637452
0.12205407644097387
0.30314767265414266
0.2111163433019467
0.27794779742804293
0.2350889648025473
0.5374683167192418
0.2788276663392144
0.12333827221966362
0.1639435632373853
0.5299015408053097
0.23596074243965326
0.27878485141521653
0.28405366490147077
0.16244881964938035
0.30049432387759456
0.5032893159644495
0.2747898079157147
0.29162094999074867
0.346316702257513
0.3168165239512704
0.14536321334430075
0.4186090680877733
0.22545312438521364
0.1836694478962099
0.28685670042903216
0.38261718323141747
0.3701117017382038
0.2446045747823961
0.16296493330076228
0.15644514666195236
0.3532234236806916
0.19479607971499419
0.4010209414715617
0.2753915945970683
0.22227839832317423
0.31935946805530674
0.2729582952996428
0.1054068238746901
0.3943236851110178
0.20216123904188263
0.240622964689798
0.3336843238610053
0.23674088314489322
0.14517939776709354
0.16587047408483432
0.33139185020604134
0.20309448482773942
0.09459354469436838
0.4180599509255652
0.24565199791588524
0.2997903438900131
0.2709747769393319
0.06873144163347632
0.3240694178101997
0.2208397688193968
0.25061792007903244
0.19967285984005895
0.11357359858727861
0.07639821962301604
0.18186473355925395
0.3517673442877203
0.2067875245603104
0.24937453146361885
0.252753530052712
0.14526431126792266
0.17155052435183404
0.14237336715375395
0.580066106740167
