Early stopping triggered at epoch 2185
-0.50203663
-0.49514222
-0.51046395
-0.52018166
-0.51891327
-0.5206787
-0.520698
-0.5351666
-0.54281443
-0.5505033
-0.56719065
-0.5580881
-0.5653826
-0.58035016
-0.5815689
-0.5978894
-0.59766793
-0.608015
-0.6169047
-0.6187128
-0.6149025
-0.62305343
-0.63030356
-0.628601
-0.6313652
-0.6346075
-0.6383755
-0.63770646
-0.643544
-0.6447022
-0.6340855
-0.64235455
-0.6498218
-0.6363328
-0.6500857
-0.64818203
-0.6483523
-0.6532756
-0.65120196
-0.6554424
-0.64818764
-0.65756845
-0.649946
-0.6511596
-0.65603644
-0.655005
-0.64545816
-0.6596247
-0.65784264
-0.6613734
-0.6602084
-0.662326
-0.6599179
-0.6598083
-0.6662779
-0.6710115
-0.6659816
-0.6631485
-0.6668061
-0.6595767
-0.6707601
-0.66930383
-0.667423
-0.6715476
-0.6760355
-0.67931956
-0.6798804
-0.6814213
-0.6717731
-0.6791698
-0.6746492
-0.67367166
-0.68648684
-0.693951
-0.68945605
-0.6907855
-0.68865484
-0.67861867
-0.6951582
-0.6881819
-0.6959265
-0.69224805
-0.69200265
-0.708075
-0.6996376
-0.69880384
-0.708115
-0.7044629
-0.692754
-0.70581627
-0.70981646
-0.7024527
-0.7045804
-0.70593476
-0.7145926
-0.7076064
-0.7185342
-0.71632934
-0.72510666
-0.7189191
-0.72561234
-0.72477573
-0.7189923
-0.7232482
-0.7255265
-0.72826177
-0.7330163
-0.7309207
-0.7224604
-0.7396422
-0.7404106
-0.7359881
-0.7419692
-0.740373
-0.7489099
-0.7445704
-0.74397403
-0.7469299
-0.74927086
-0.74447215
-0.75818133
-0.75603604
-0.75721043
-0.7581057
-0.7503652
-0.7608549
-0.76290387
-0.7656083
-0.76171774
-0.77253723
-0.78055745
-0.78003925
-0.77384424
-0.77538216
-0.77458024
-0.77584404
-0.7807929
-0.77940404
-0.7818482
-0.785476
-0.7808757
-0.79352385
-0.7959248
-0.78809375
-0.79168975
-0.79315776
-0.7963679
-0.7946501
-0.8014006
-0.7935357
-0.808631
-0.8030205
-0.8041963
-0.8019649
-0.7992087
-0.8082777
-0.80607903
-0.81145144
-0.8111882
-0.8135385
-0.81559867
-0.8181306
-0.8155362
-0.8215017
-0.81672925
-0.8267226
-0.81660056
-0.8268986
-0.8199185
-0.82786804
-0.8275123
-0.83170825
-0.8323552
-0.8354927
-0.8309431
-0.83613527
-0.83670044
-0.8398651
-0.84091586
-0.8449208
-0.84239185
-0.84127265
-0.8462138
-0.84545016
-0.84698164
-0.84879804
-0.8495564
-0.8512147
-0.8498601
-0.8500115
-0.84766704
-0.8568902
-0.85652786
-0.8538
-0.8537195
-0.8528739
-0.85855496
-0.8615077
-0.8569996
-0.8584005
-0.8679861
-0.86394715
-0.8682526
-0.86452454
-0.8651409
-0.86316437
-0.8717982
-0.86929166
-0.8703887
-0.8693362
-0.8681712
-0.8726126
-0.86870843
-0.8740423
-0.87036693
-0.87547743
-0.87388617
-0.87788314
-0.8726004
-0.8790332
-0.8731763
-0.8801056
-0.88075906
-0.87851685
-0.88225585
-0.8837089
-0.877863
-0.8866932
-0.8838021
-0.88866436
-0.8859797
-0.8913689
-0.8883873
-0.88927627
-0.89022857
-0.88421386
-0.8896301
-0.8908365
-0.88676286
-0.88969135
-0.89472145
-0.8916698
-0.8956526
-0.8904059
-0.89866567
-0.9028564
-0.8971846
-0.89909625
-0.8956139
-0.8998489
-0.901219
-0.9003629
-0.9011003
-0.9000206
-0.90045553
-0.90350336
-0.90126455
-0.9052124
-0.90800804
-0.9059701
-0.9049222
-0.9069636
-0.9065345
-0.9079279
-0.90886414
-0.90785503
-0.9150282
-0.9118882
-0.9125507
-0.90972716
-0.91368055
-0.91539425
-0.9159388
-0.9133031
-0.9141871
-0.9151532
-0.91753924
-0.9173206
-0.9140622
-0.9220029
-0.91920453
-0.9200077
-0.92203695
-0.9241086
-0.9216745
-0.9248737
-0.92352253
-0.9259981
-0.92491186
-0.93018067
-0.92779887
-0.9290275
-0.92633504
-0.9283534
-0.93233204
-0.931919
-0.93070936
-0.9342601
-0.93413174
-0.9367613
-0.93509144
-0.93824875
-0.9393548
-0.94058883
-0.93838155
-0.94105595
-0.94041747
-0.9421993
-0.94262236
-0.9418903
-0.9431331
-0.94448555
-0.94560534
-0.94712687
-0.94733995
-0.94897056
-0.94642985
-0.9489068
-0.9484908
-0.95028853
-0.95196074
-0.9526187
-0.95190984
-0.9507701
-0.9533228
-0.95431715
-0.95390034
-0.9558276
-0.9558568
-0.9555767
-0.95671695
-0.9571627
-0.9571026
-0.95867455
-0.9593322
-0.95917875
-0.95957595
-0.9600574
-0.9612418
-0.96258175
-0.9608777
-0.9617841
-0.9612959
-0.9630836
-0.9621057
-0.96313363
-0.9638787
-0.96447206
-0.964279
-0.96530443
-0.9649179
-0.967136
-0.9664609
-0.9663496
-0.9662605
-0.9689444
-0.9686007
-0.968515
-0.96868974
-0.96942216
-0.969248
-0.97004944
-0.9704638
-0.970818
-0.97114915
-0.9707533
-0.9717852
-0.9720368
-0.9717076
-0.9721979
-0.9720126
-0.9718921
-0.972958
-0.9735654
-0.9739682
-0.973556
-0.97417724
-0.9744403
-0.9757331
-0.9744359
-0.9753609
-0.975977
-0.9753221
-0.9759188
-0.9761249
-0.97613466
-0.97728014
-0.97710264
-0.97726166
-0.97678435
-0.97698116
-0.97767496
-0.977067
-0.9785633
-0.97795975
-0.97827023
-0.97862834
-0.9797508
-0.980035
-0.980041
-0.9795707
-0.9791994
-0.980176
-0.98007065
-0.9807028
-0.9812217
-0.9804518
-0.98089224
-0.98173994
-0.9812918
-0.9818662
-0.9818418
-0.9811427
-0.9810484
-0.98264354
-0.9824854
-0.98177516
-0.9828368
-0.9830895
-0.9830406
-0.9824743
-0.9837111
-0.9834648
-0.9839945
-0.9835768
-0.98456645
-0.9839201
-0.98515296
-0.98434645
-0.9844466
-0.98455155
-0.9849047
-0.9848508
-0.9851531
-0.98541766
-0.9848873
-0.98537827
-0.98540896
-0.9859883
-0.98550445
-0.98603266
-0.98602307
-0.9859047
-0.98632795
-0.9865909
-0.9859008
-0.9863592
-0.98630637
-0.9864949
-0.987224
-0.98724484
-0.9872587
-0.9873775
-0.98723435
-0.98722535
-0.9878266
-0.987218
-0.9873979
-0.98820955
-0.98740375
-0.9878845
-0.98789847
-0.9880089
-0.988326
-0.98785233
-0.98818594
-0.98780245
-0.98832536
-0.9881929
-0.9884889
-0.98877984
-0.9887272
-0.9890298
-0.98830295
-0.98899037
-0.98896194
-0.9890632
-0.9891747
-0.98899037
-0.9893647
-0.9895877
-0.98885256
-0.9894457
-0.98987335
-0.9893666
-0.9895605
-0.9894397
-0.98989
-0.98990536
-0.9900609
-0.9903463
-0.99018776
-0.9901591
-0.9904121
-0.9899947
-0.99065053
-0.9905514
-0.99034464
-0.9900711
-0.99049735
-0.9905851
-0.9905903
-0.99029374
-0.9909709
-0.9908237
-0.9905795
-0.9908712
-0.9908946
-0.9908665
-0.9910489
-0.9912148
-0.9910185
-0.99126494
-0.99123985
-0.9914471
-0.9914937
-0.991576
-0.9914806
-0.9917519
-0.9913218
-0.99175704
-0.9914571
-0.99161017
-0.9918169
-0.9917814
-0.9919993
-0.9916303
-0.9916916
-0.9919427
-0.9916927
-0.9919345
-0.99199563
-0.9921637
-0.99191105
-0.9922111
-0.9918669
-0.9923018
-0.99222636
-0.9924206
-0.9921997
-0.99237454
-0.99231327
-0.9925464
-0.99264413
-0.9921202
-0.99215525
-0.99291176
-0.9924508
-0.9925897
-0.9927188
-0.99256057
-0.99285185
-0.9926424
-0.99261767
-0.9929105
-0.99289733
-0.99301136
-0.9930488
-0.99305165
-0.99277925
-0.9930251
-0.9930143
-0.99316883
-0.9932158
-0.99287534
-0.9932679
-0.99310344
-0.993275
-0.99309725
-0.99308676
-0.9934415
-0.99357855
-0.99335635
-0.99356353
-0.9934416
-0.9935701
-0.99361914
-0.9932875
-0.99370676
-0.99359965
-0.99356997
-0.9938068
-0.99342453
-0.9939351
-0.99384785
-0.99392265
-0.99400777
-0.9939969
-0.9941315
-0.99415386
-0.99404585
-0.9940761
-0.9941885
-0.99439794
-0.99440426
-0.9945165
-0.9941365
-0.9943313
-0.99474263
-0.9944229
-0.9943295
-0.9945761
-0.9945632
-0.9946236
-0.9947661
-0.9945248
-0.9949652
-0.9945989
-0.9947846
-0.9950231
-0.9947133
-0.9949053
-0.9946836
-0.9949073
-0.9947835
-0.9950648
-0.9949499
-0.9952201
-0.9951855
-0.99516416
-0.99496496
-0.99518555
-0.9952242
-0.9951533
-0.9953384
-0.9953414
-0.995172
-0.99541897
-0.9952424
-0.995451
-0.9955929
-0.99570537
-0.99552065
-0.9954676
-0.99556875
-0.99574643
-0.99560815
-0.9956074
-0.99594575
-0.99554974
-0.9958557
-0.9958544
-0.9957882
-0.9958082
-0.99590546
-0.9956321
-0.99596864
-0.99590814
-0.9958928
-0.9959939
-0.9960203
-0.9957264
-0.99607027
-0.99591076
-0.99591386
-0.9959708
-0.9959556
-0.996087
-0.9961066
-0.9962238
-0.99613196
-0.9961078
-0.9963268
-0.99632233
-0.9962338
-0.9960157
-0.99607116
-0.99625784
-0.9963187
-0.99619555
-0.9964008
-0.99621105
-0.9964379
-0.99658144
-0.99608904
-0.9963989
-0.9962985
-0.99648076
-0.99638325
-0.99638003
-0.9965608
-0.99661994
-0.99656713
-0.9964958
-0.9966309
-0.9965764
-0.99656093
-0.99659705
-0.9966849
-0.9967679
-0.9965907
-0.99658936
-0.996727
-0.9968372
-0.9967537
-0.99675095
-0.99671924
-0.9968143
-0.9968072
-0.99682504
-0.9967352
-0.9968243
-0.9968629
-0.996795
-0.99696356
-0.99686164
-0.9970416
-0.99698436
-0.99693036
-0.9970051
-0.997017
-0.99712193
-0.99693185
-0.996957
-0.99703574
-0.997092
-0.99695754
-0.9971246
-0.9971661
-0.9969537
-0.9971454
-0.99708843
-0.99702626
-0.997171
-0.9971886
-0.9972132
-0.99731135
-0.99710035
-0.9972333
-0.99720687
-0.9972075
-0.99721116
-0.9971756
-0.9973011
-0.9972557
-0.99728364
-0.9973753
-0.9971651
-0.9973716
-0.9971393
-0.99732435
-0.9973213
-0.9973159
-0.99732715
-0.997344
-0.9973689
-0.99735945
-0.99728173
-0.9974801
-0.9974454
-0.99739265
-0.9974228
-0.99745536
-0.99733824
-0.9974348
-0.9973676
-0.99740976
-0.9974939
-0.9974242
-0.99742633
-0.9975541
-0.9975384
-0.9975619
-0.997528
-0.99750155
-0.9975097
-0.9974651
-0.99759674
-0.9975996
-0.9975117
-0.99753064
-0.99762857
-0.9975583
-0.99761814
-0.9975626
-0.9976158
-0.997674
-0.99773735
-0.99776065
-0.9977438
-0.99768275
-0.99769694
-0.99769455
-0.9976748
-0.9976668
-0.9976301
-0.9977787
-0.9977226
-0.9978079
-0.99768573
-0.9976765
-0.99775034
-0.9977363
-0.9977063
-0.9976468
-0.9977606
-0.99777174
-0.99779326
-0.99768656
-0.9978187
-0.9977565
-0.9977708
-0.99785036
-0.9977764
-0.9978101
-0.9977902
-0.9978208
-0.99788433
-0.99793077
-0.9977437
-0.9978823
-0.99781513
-0.9978785
-0.99786973
-0.9978598
-0.99781436
-0.9977967
-0.9979882
-0.9977761
-0.9979078
-0.99786985
-0.99786836
-0.9978258
-0.9977735
-0.99786687
-0.99795294
-0.99790674
-0.99790967
-0.997828
-0.9979804
-0.9979681
-0.9979795
-0.9980156
-0.9980197
-0.9979105
-0.99799734
-0.9979275
-0.99804306
-0.99783206
-0.9979014
-0.99799395
-0.9978394
-0.99798334
-0.9979498
-0.99797267
-0.9979391
-0.9979815
-0.9979744
-0.99801934
-0.99808174
-0.99799657
-0.99808913
-0.9980038
-0.99807036
-0.998018
-0.9980578
-0.99804306
-0.9980797
-0.99807894
-0.99807346
-0.99809223
-0.9980437
-0.9980914
-0.9980325
-0.99813104
-0.9980967
-0.9980578
-0.9981415
-0.9980795
-0.9980792
-0.9980801
-0.9981951
-0.9981526
-0.99808985
-0.99811536
-0.9981104
-0.9981182
-0.9981613
-0.9981244
-0.9981221
-0.99814266
-0.99809134
-0.99819493
-0.9981822
-0.9981104
-0.9982097
-0.998126
-0.9981567
-0.99820346
-0.9982004
-0.99813026
-0.99814063
-0.9982023
-0.9982254
-0.9981926
-0.9982268
-0.99822503
-0.99811125
-0.9982337
-0.9982137
-0.99817383
-0.9982216
-0.9982452
-0.9982115
-0.9982019
-0.9982659
-0.998232
-0.99812883
-0.99828213
-0.9982533
-0.9983051
-0.9981829
-0.9982478
-0.9981321
-0.9982632
-0.99819136
-0.9981652
-0.99828815
-0.998206
-0.99826837
-0.998234
-0.99825364
-0.99833095
-0.99831104
-0.9982347
-0.99822336
-0.9982919
-0.99817973
-0.99828
-0.9982564
-0.9982709
-0.99828583
-0.9983009
-0.9983152
-0.99825746
-0.9983633
-0.9983218
-0.9982645
-0.9982057
-0.99823934
-0.9982864
-0.9982767
-0.99826
-0.9983029
-0.99821824
-0.9982767
-0.9982977
-0.99827814
-0.9983761
-0.9983269
-0.9983383
-0.9983476
-0.9983294
-0.99833477
-0.9983147
-0.99832517
-0.99836564
-0.99838144
-0.9983402
-0.9983577
-0.99832475
-0.99833375
-0.99829096
-0.9983518
-0.9983698
-0.9983176
-0.9983544
-0.9982798
-0.99835753
-0.9983768
-0.9983564
-0.9984027
-0.9983503
-0.9983685
-0.9983756
-0.9983658
-0.9983741
-0.99840343
-0.9984174
-0.99836016
-0.99840075
-0.99840707
-0.9983603
-0.9984081
-0.9984464
-0.998363
-0.998388
-0.9984417
-0.99843603
-0.99835575
-0.9984473
-0.9983861
-0.9983441
-0.9984055
-0.99845684
-0.99844533
-0.998372
-0.9984178
-0.9984178
-0.99845123
-0.9983142
-0.99845606
-0.99842525
-0.9984356
-0.99843824
-0.99844635
-0.99845666
-0.99842775
-0.9984609
-0.99839556
-0.9984685
-0.9983602
-0.9984803
-0.9984297
-0.99843425
-0.99843264
-0.998479
-0.99843913
-0.99839497
-0.9984145
-0.9984432
-0.998495
-0.99843544
-0.99842453
-0.9984181
-0.9984501
-0.9985398
-0.99844563
-0.9984398
-0.9984774
-0.99847114
-0.99839777
-0.99846494
-0.99845976
-0.998355
-0.9984912
-0.99837965
-0.9984885
-0.9984271
-0.99839026
-0.9984042
-0.99848306
-0.9984414
-0.9984295
-0.9984832
-0.99845713
-0.9984749
-0.9984849
-0.9984469
-0.99847394
-0.9984404
-0.9984376
-0.9984908
-0.9984514
-0.9983734
-0.99844533
-0.9984321
-0.9984208
-0.9984015
-0.9984294
-0.9984676
-0.99843085
-0.99846685
-0.9984197
-0.9984367
-0.9985159
-0.99841696
-0.99844885
-0.9984694
-0.9984315
-0.99848604
-0.99848574
-0.99846655
-0.99853253
-0.9985254
-0.998446
-0.99849683
-0.99847883
-0.99851215
-0.99850136
-0.9985006
-0.9984807
-0.9985558
-0.9985329
-0.9985062
-0.9985962
-0.9985493
-0.9985355
-0.99853003
-0.9985039
-0.99846584
-0.9985065
-0.99847585
-0.99851215
-0.99850214
-0.99850667
-0.99851966
-0.998533
-0.99853015
-0.9984728
-0.9984725
-0.9984572
-0.9985553
-0.9985142
-0.9985315
-0.9985236
-0.99848056
-0.9985132
-0.99849
-0.99851835
-0.9984997
-0.9984871
-0.9985415
-0.99854296
-0.99851406
-0.9985834
-0.9985044
-0.99853384
-0.99855435
-0.9984851
-0.9985098
-0.99848145
-0.99849826
-0.9985294
-0.99854517
-0.99853927
-0.9985431
-0.9985338
-0.9985367
-0.998497
-0.998512
-0.9985041
-0.9985159
-0.99846405
-0.9985644
-0.99854535
-0.99848866
-0.99850386
-0.9986042
-0.99854296
-0.9985533
-0.998539
-0.99850774
-0.99854165
-0.9984948
-0.9985261
-0.9985408
-0.99854016
-0.99855405
-0.9985396
-0.9986273
-0.9986279
-0.9985796
-0.99851334
-0.99858266
-0.99856555
-0.998517
-0.99855226
-0.9985756
-0.9986111
-0.9985323
-0.9985605
-0.99854285
-0.9985888
-0.9985779
-0.998576
-0.9985834
-0.9985975
-0.9985719
-0.99847853
-0.9985848
-0.998547
-0.9985165
-0.9985615
-0.9985742
-0.9985535
-0.9985513
-0.99859965
-0.9985491
-0.9984988
-0.99862087
-0.99859446
-0.99860865
-0.99860644
-0.9985621
-0.9985321
-0.9985789
-0.9985341
-0.9986063
-0.9985681
-0.9985087
-0.9985195
-0.9985315
-0.9985431
-0.99863404
-0.9986174
-0.99856335
-0.9985438
-0.99855226
-0.99859875
-0.9986002
-0.9985516
-0.9985636
-0.99856037
-0.9985836
-0.998573
-0.9985137
-0.99858534
-0.99860895
-0.9985833
-0.9985282
-0.99859905
-0.99858695
-0.9986288
-0.9985634
-0.9984723
-0.9986325
-0.9985466
-0.9985702
-0.99853325
-0.9984874
-0.9985963
-0.9985416
-0.9985403
-0.9986286
-0.9985421
-0.9985754
-0.9985789
-0.998583
-0.9985506
-0.9985399
-0.99859077
-0.99854136
-0.99859154
-0.99861026
-0.9985661
-0.9986291
-0.9986218
-0.99856716
-0.99858063
-0.9985481
-0.99857175
-0.9985428
-0.9985742
-0.99858665
-0.99858147
-0.998579
-0.99857736
-0.99854386
-0.9986282
-0.99862456
-0.9986277
-0.9986133
-0.9985792
-0.99858904
-0.998589
-0.9985662
-0.998613
-0.9986572
-0.99852324
-0.9986046
-0.99858874
-0.9985995
-0.9986011
-0.99863356
-0.9985772
-0.9986106
-0.99858123
-0.9986143
-0.9986008
-0.998659
-0.9985874
-0.99861497
-0.9986326
-0.99857116
-0.99862015
-0.998662
-0.9986599
-0.998628
-0.9986106
-0.99864864
-0.99861526
-0.99860495
-0.998634
-0.99850744
-0.9986092
-0.9985864
-0.9986053
-0.99860436
-0.9986398
-0.9986275
-0.9985864
-0.99861175
-0.9985406
-0.99856937
-0.9986175
-0.9986164
-0.9986455
-0.998572
-0.9986256
-0.99861395
-0.9986514
-0.9986417
-0.9986333
-0.99864125
-0.99857
-0.99862474
-0.99867207
-0.9986685
-0.9985847
-0.99859464
-0.9986166
-0.9986002
-0.9986381
-0.9986247
-0.99863136
-0.99861914
-0.99866056
-0.99861926
-0.99863344
-0.9986174
-0.9986075
-0.9986224
-0.9986225
-0.9986137
-0.99860305
-0.99858326
-0.99870545
-0.9986319
-0.9985698
-0.99863076
-0.99862623
-0.9986247
-0.9985833
-0.99859303
-0.9986453
-0.9986433
-0.9986253
-0.99859387
-0.9986395
-0.9987172
-0.99862623
-0.9986178
-0.99860555
-0.99862635
-0.99860513
-0.9986711
-0.99864304
-0.9986459
-0.99861646
-0.99862635
-0.9986277
-0.99866486
-0.9985969
-0.9986422
-0.9985618
-0.9986488
-0.99857646
-0.9986128
-0.9986002
-0.9986133
-0.9986635
-0.99862975
-0.9986427
-0.99857414
-0.9986592
-0.998556
-0.99864864
-0.9985635
-0.9985733
-0.9986135
-0.998617
-0.9986212
-0.99866045
-0.998627
-0.9986657
-0.99859345
-0.9986273
-0.99861765
-0.9985931
-0.9986472
-0.9986502
-0.99862623
-0.99859095
-0.9986109
-0.9986878
-0.9985909
-0.99860466
-0.9986262
-0.9986625
-0.9985747
-0.9986742
-0.9986125
-0.9986335
-0.99864733
-0.9985776
-0.9985578
-0.9985826
-0.99861705
-0.9986663
-0.99861467
-0.99864495
-0.9986259
-0.99856293
-0.9986695
-0.9986464
-0.99862564
-0.99865717
-0.99865717
-0.99862236
-0.9986352
-0.9985674
-0.9986838
-0.9986761
-0.9986276
-0.99868536
-0.9986637
-0.99862134
-0.9986418
-0.9986425
-0.99863124
-0.99863625
-0.9986102
-0.99868345
-0.99865276
-0.99860305
-0.99861324
-0.9986653
-0.9986634
-0.9986522
-0.9986201
-0.99865
-0.9986399
-0.99866176
-0.9986367
-0.9986626
-0.9986925
-0.99865526
-0.99867237
-0.9986561
-0.99867135
-0.998659
-0.9986287
-0.9986501
-0.9986181
-0.99860877
-0.9986676
-0.9986072
-0.99866414
-0.9986328
-0.9986396
-0.9986672
-0.9986162
-0.9986442
-0.99865955
-0.9986559
-0.9986237
-0.99864537
-0.99867195
-0.99868476
-0.99861705
-0.99865127
-0.998631
-0.99861073
-0.99863964
-0.99865985
-0.9986543
-0.9986727
-0.998666
-0.99867547
-0.9986601
-0.9986636
-0.9986555
-0.99860793
-0.9986502
-0.99864995
-0.998649
-0.998606
-0.9986642
-0.9987185
-0.99863344
-0.9986867
-0.99865305
-0.99862194
-0.99868655
-0.9986274
-0.99869686
-0.9986798
-0.9986578
-0.9986275
-0.9986754
-0.998669
-0.9987013
-0.9987053
-0.99865246
-0.9986494
-0.9986506
-0.9986422
-0.9986994
-0.9986761
-0.9986174
-0.9986415
-0.9986917
-0.9986708
-0.99867547
-0.99869394
-0.99865085
-0.9986692
-0.99865705
-0.9986253
-0.9986029
-0.9986684
-0.9987179
-0.99866843
-0.9986742
-0.99865997
-0.9986551
-0.9986606
-0.99869937
-0.998686
-0.9986492
-0.9986721
-0.9986831
-0.9987069
-0.9986752
-0.9986701
-0.99863875
-0.9986831
-0.9986729
-0.99866134
-0.9986624
-0.9986581
-0.998664
-0.9986634
-0.9986437
-0.9986404
-0.9986998
-0.9986644
-0.99868083
-0.9986687
-0.998648
-0.9986795
-0.99868643
-0.9986628
-0.99863756
-0.99865043
-0.99865663
-0.9986126
-0.99864787
-0.99866456
-0.99866515
-0.998682
-0.9986585
-0.99864465
-0.99870527
-0.9986647
-0.9986766
-0.9986953
-0.9986361
-0.99867
-0.9986768
-0.9986675
-0.99865884
-0.9986193
-0.99870175
-0.9986957
-0.9986226
-0.9986304
-0.99864966
-0.99865085
-0.99859864
-0.9986341
-0.9986983
-0.99869984
-0.99860436
-0.99867606
-0.998664
-0.9986352
-0.9986431
-0.9986312
-0.99870896
-0.99866974
-0.9986293
-0.9986631
-0.99866736
-0.99868864
-0.9986516
-0.99868417
-0.99868405
-0.9986554
-0.99863636
-0.99867016
-0.99862504
-0.99866
-0.99861777
-0.99868274
-0.9986928
-0.99870354
-0.9986574
-0.9987042
-0.9986741
-0.9986332
-0.99872214
-0.9986979
-0.99865943
-0.998673
-0.9987146
-0.9986732
-0.9987162
-0.9986415
-0.9987009
-0.998674
-0.9986961
-0.9986697
-0.99872065
-0.99870306
-0.99868494
-0.99863756
-0.99866354
-0.9987349
-0.9986561
-0.9986995
-0.9987114
-0.9987067
-0.9987366
-0.9987051
-0.99866676
-0.99871486
-0.9986449
-0.9986813
-0.9986669
-0.9986826
-0.9986735
-0.9986757
-0.9986602
-0.9986663
-0.9986701
-0.99865204
-0.99866813
-0.9986975
-0.9986427
-0.9986568
-0.99870867
-0.9986132
-0.9986274
-0.99873275
-0.99866337
-0.9987085
-0.9987236
-0.99866986
-0.99870104
-0.99871397
-0.9986751
-0.9986505
-0.9986824
-0.9986757
-0.99867165
-0.9987076
-0.9986688
-0.9986987
-0.99870527
-0.99872017
-0.99865663
-0.9986652
-0.99867755
-0.99867684
-0.99872404
-0.9986753
-0.99863476
-0.9986831
-0.99868166
-0.99869055
-0.9987082
-0.9986984
-0.99871355
-0.99868196
-0.99870783
-0.99872285
-0.99865663
-0.998657
-0.99874246
-0.9987571
-0.99870056
-0.9986942
-0.99861884
-0.99876803
-0.99868137
-0.99871314
-0.9987044
-0.99868375
-0.9987411
-0.99869335
-0.99867046
-0.99870723
-0.9987078
-0.99865663
-0.99867034
-0.9986188
-0.9986315
-0.9986556
-0.9986952
-0.9986058
-0.99861133
-0.99867195
-0.99868613
-0.9987178
-0.9985655
-0.99869335
-0.9987434
-0.99863124
-0.9987053
-0.99871963
-0.9986448
-0.99866384
-0.9987395
-0.9986586
-0.99857897
-0.99868554
-0.99869215
-0.9986696
-0.998676
-0.9987078
-0.99864906
-0.99860734
-0.99860716
-0.99868983
-0.99875706
-0.9986583
-0.9986996
-0.9987188
-0.9987115
-0.9986887
-0.9987197
-0.9987076
-0.99869674
-0.99867725
-0.99867934
-0.99862087
-0.9986631
-0.99874675
-0.9986649
-0.99866205
-0.99869555
-0.9986945
-0.99871945
-0.9986612
-0.99870324
-0.99866956
-0.99867857
-0.9986166
-0.998694
-0.9986381
-0.9985935
-0.9986075
-0.9986283
-0.9986889
-0.9986788
-0.9985957
-0.9987084
-0.998664
-0.9986569
-0.9987128
-0.99868804
-0.99860156
-0.9986949
-0.9986967
-0.9986541
-0.998721
-0.99862885
-0.99867624
-0.9987225
-0.9986583
-0.99866164
-0.9986895
-0.99873936
-0.99872804
-0.99871874
-0.9987307
-0.9987204
-0.9987036
-0.9986733
-0.998705
-0.9987157
-0.9987055
-0.9986941
-0.9986872
-0.99871343
-0.99869853
-0.9986716
-0.998717
-0.9986239
-0.9986995
-0.9986735
-0.99873257
-0.9986929
-0.99872386
-0.99870867
-0.9987333
-0.9987187
-0.99874437
-0.9987282
-0.9987058
-0.9987023
-0.99869883
-0.99872595
-0.9987346
-0.9987298
-0.998721
-0.99870914
-0.9987162
-0.9986833
-0.998693
-0.9986863
-0.9987304
-0.998739
-0.9986787
-0.99866074
-0.99871534
-0.9986867
-0.9987594
-0.9987078
-0.9986828
-0.99871844
-0.9987629
-0.99868673
-0.99871045
-0.99870276
-0.9987429
-0.9987184
-0.9987147
-0.9986925
-0.9987025
-0.99869865
-0.9987248
-0.99869084
-0.99869394
-0.9987264
-0.9987173
-0.9986826
-0.99869084
-0.9986653
-0.9987163
-0.9987091
-0.9986654
-0.9986927
-0.9986949
-0.99867517
-0.9987406
-0.99874526
-0.9987334
-0.99872816
-0.9987154
-0.9986957
-0.9987486
-0.9987609
-0.998694
-0.9987243
-0.9987226
-0.99869907
-0.998742
-0.9986842
-0.99871343
-0.9987499
-0.99871814
-0.99873304
-0.9987416
-0.99871075
-0.99869233
-0.9987096
-0.9987091
-0.9986849
-0.9987118
-0.9986877
-0.99868906
-0.99867815
-0.99870753
-0.9987496
-0.998725
-0.9987746
-0.9986751
-0.9987417
-0.9986903
-0.9987605
-0.9987187
-0.99873805
-0.99875516
-0.9986821
-0.9987569
-0.9987378
-0.99869615
-0.9986983
-0.9987702
-0.9986595
-0.9986574
-0.9987454
-0.9986771
-0.99871564
-0.9986978
-0.99868584
-0.9987064
-0.99866843
-0.9986768
-0.998744
-0.99866486
-0.9986951
-0.99872637
-0.9987106
-0.9986588
-0.9986218
-0.99870205
-0.9987325
-0.99866486
-0.9986352
-0.9986124
-0.99870145
-0.9987381
-0.9987088
-0.99870574
-0.998691
-0.9987264
-0.9987345
-0.99868953
-0.99872875
-0.99869376
-0.99869066
-0.99875534
-0.99873006
-0.99866974
-0.9987024
-0.9987103
-0.99872774
-0.99869454
-0.9987053
-0.99868554
-0.9986963
-0.99872625
-0.9987007
-0.9987382
-0.998744
-0.99870455
-0.9987465
-0.9987249
-0.9987214
-0.9987198
-0.9987016
-0.9987527
-0.9987093
-0.9987339
-0.9987196
-0.998757
-0.99872565
-0.9987296
-0.9987128
-0.998703
-0.9987269
-0.9987216
-0.99870795
-0.9986934
-0.9987244
-0.99871874
-0.9986931
-0.99871427
-0.9987139
-0.99871266
-0.998729
-0.9987074
-0.9987422
-0.9986907
-0.9987324
-0.99875367
-0.99871844
-0.9987883
-0.9987503
-0.99871945
-0.9987501
-0.99870104
-0.9987153
-0.99872994
-0.9987247
-0.99877304
-0.99869853
-0.9987611
-0.9987317
-0.998705
-0.99869186
-0.9986857
-0.99871475
-0.99874866
-0.9987024
-0.99868095
-0.9987194
-0.9987098
-0.9986856
-0.9987249
-0.99870676
-0.99873865
-0.9987458
-0.9987188
-0.9987108
-0.9987626
-0.9987541
-0.99873245
-0.9987506
-0.9987552
-0.9987459
-0.99870104
-0.9987448
-0.998739
-0.9987454
-0.99872404
-0.99874973
-0.99876845
-0.9986603
-0.99870545
-0.9987571
-0.9987297
-0.9987261
-0.9987242
-0.9986605
-0.99870867
-0.99872744
-0.9986642
-0.9986989
-0.9986874
-0.99877137
-0.998714
-0.9987382
-0.99873954
-0.99874467
-0.998765
-0.9986856
-0.9986996
-0.99868584
-0.998738
-0.9987505
-0.998757
-0.9987377
-0.9987368
-0.9987484
-0.9987232
-0.9987082
-0.99874705
-0.99872494
-0.9986874
-0.9986705
-0.9986945
-0.99873465
-0.9987279
-0.9987712
-0.9986792
-0.99876285
-0.9987391
-0.9986889
-0.998728
-0.99872106
-0.9986842
-0.9986766
-0.9987052
-0.99874985
-0.9987077
-0.99874985
-0.99869573
-0.998743
-0.9987108
-0.99873036
-0.99873465
-0.9986852
-0.9986927
-0.9987229
-0.9987307
-0.9987415
-0.998699
-0.9987167
-0.99873424
-0.9986937
-0.99867594
-0.9988242
-0.9987229
-0.99876636
-0.99875194
-0.9987342
-0.9987069
-0.99872184
-0.99876183
-0.99874914
-0.998764
-0.99873203
-0.99871236
-0.9987354
-0.99878067
-0.99871886
-0.9987433
-0.99875164
-0.99871206
-0.9987088
-0.9986984
-0.99876136
-0.99873847
-0.99873215
-0.9987873
-0.99868774
-0.99870247
-0.9987189
-0.9987446
-0.9987161
-0.998758
-0.998727
-0.9987013
-0.9987327
-0.9987275
-0.99868405
-0.9986655
-0.9987576
-0.9987559
-0.9987394
-0.99872166
-0.998698
-0.9987063
-0.9987469
-0.99874115
-0.99871385
-0.99873704
-0.9987464
-0.99874794
-0.99879915
-0.9987363
-0.99875283
-0.99873984
-0.9987536
-0.9987431
-0.9987188
-0.9987263
-0.99875164
-0.9987
-0.9987504
-0.9987271
-0.9987824
-0.99876726
-0.99875563
-0.99868846
-0.9987476
-0.99876326
-0.99871176
-0.99863577
-0.99873114
-0.99873656
-0.9987052
-0.9986509
-0.99875593
-0.99877685
-0.99868274
-0.99873126
-0.99875396
-0.99874157
-0.9987405
-0.998738
-0.9987363
-0.99873346
-0.99870324
-0.99877805
-0.99872917
-0.9987441
-0.9987733
-0.9987081
-0.9987624
-0.9987605
-0.998724
-0.9987296
-0.99877816
-0.99872595
-0.9986742
-0.99874693
-0.9987289
-0.9987097
-0.99868685
-0.99874026
-0.9987151
-0.9987501
-0.998737
-0.9986436
-0.9987317
-0.99872875
-0.99870664
-0.99864787
-0.99874175
-0.9987179
0
0
0
0
0
0
0
0
0
0
0
0
0
0
0
0
0
0
0
0
0
0
0
0
0
0
0
0
0
0
0
0
0
0
0
0
0
0
0
0
0
0
0
0
0
0
0
0
0
0
0
0
0
0
0
0
0
0
0
0
0
0
0
0
0
0
0
0
0
0
0
0
0
0
0
0
0
0
0
0
0
0
0
0
0
0
0
0
0
0
0
0
0
0
0
0
0
0
0
0
0
0
0
0
0
0
0
0
0
0
0
0
0
0
0
0
0
0
0
0
0
0
0
0
0
0
0
0
0
0
0
0
0
0
0
0
0
0
0
0
0
0
0
0
0
0
0
0
0
0
0
0
0
0
0
0
0
0
0
0
0
0
0
0
0
0
0
0
0
0
0
0
0
0
0
0
0
0
0
0
0
0
0
0
0
0
0
0
0
0
0
0
0
0
0
0
0
0
0
0
0
0
0
0
0
0
0
0
0
0
0
0
0
0
0
0
0
0
0
0
0
0
0
0
0
0
0
0
0
0
0
0
0
0
0
0
0
0
0
0
0
0
0
0
0
0
0
0
0
0
0
0
0
0
0
0
0
0
0
0
0
0
0
0
0
0
0
0
0
0
0
0
0
0
0
0
0
0
0
0
0
0
0
0
0
0
0
0
0
0
0
0
0
0
0
0
0
0
0
0
0
0
0
0
0
0
0
0
0
0
0
0
0
0
0
0
0
0
0
0
0
0
0
0
0
0
0
0
0
0
0
0
0
0
0
0
0
0
0
0
0
0
0
0
0
0
0
0
0
0
0
0
0
0
0
0
0
0
0
0
0
0
0
0
0
0
0
0
0
0
0
0
0
0
0
0
0
0
0
0
0
0
0
0
0
0
0
0
0
0
0
0
0
0
0
0
0
0
0
0
0
0
0
0
0
0
0
0
0
0
0
0
0
0
0
0
0
0
0
0
0
0
0
0
0
0
0
0
0
0
0
0
0
0
0
0
0
0
0
0
0
0
0
0
0
0
0
0
0
0
0
0
0
0
0
0
0
0
0
0
0
0
0
0
0
0
0
0
0
0
0
0
0
0
0
0
0
0
0
0
0
0
0
0
0
0
0
0
0
0
0
0
0
0
0
0
0
0
0
0
0
0
0
0
0
0
0
0
0
0
0
0
0
0
0
0
0
0
0
0
0
0
0
0
0
0
0
0
0
0
0
0
0
0
0
0
0
0
0
0
0
0
0
0
0
0
0
0
0
0
0
0
0
0
0
0
0
0
0
0
0
0
0
0
0
0
0
0
0
0
0
0
0
0
0
0
0
0
0
0
0
0
0
0
0
0
0
0
0
0
0
0
0
0
0
0
0
0
0
0
0
0
0
0
0
0
0
0
0
0
0
0
0
0
0
0
0
0
0
0
0
0
0
0
0
0
0
0
0
0
0
0
0
0
0
0
0
0
0
0
0
0
0
0
0
0
0
0
0
0
0
0
0
0
0
0
0
0
0
0
0
0
0
0
0
0
0
0
0
0
0
0
0
0
0
0
0
0
0
0
0
0
0
0
0
0
0
0
0
0
0
0
0
0
0
0
0
0
0
0
0
0
0
0
0
0
0
0
0
0
0
0
0
0
0
0
0
0
0
0
0
0
0
0
0
0
0
0
0
0
0
0
0
0
0
0
0
0
0
0
0
0
0
0
0
0
0
0
0
0
0
0
0
0
0
0
0
0
0
0
0
0
0
0
0
0
0
0
0
0
0
0
0
0
0
0
0
0
0
0
0
0
0
0
0
0
0
0
0
0
0
0
0
0
0
0
0
0
0
0
0
0
0
0
0
0
0
0
0
0
0
0
0
0
