1.6008574336843067
0.11915337961695947
0.10340482847946719
0.15165574957143446
0.36556542315333795
0.2018906471673197
0.28813844176255005
0.06645482509782066
0.3234974920122675
0.3844270655231213
0.15622756025159001
0.04315261289622522
0.22180306610986164
0.22262517297633097
0.271567365801313
0.26075888825654625
0.37271002618159976
11.318650525779898
0.5394679925256952
0.23573431588818825
0.05024879708791749
0.09363956770954154
0.05942966278652981
0.16435858513995028
0.023499988720403854
0.2970804935438507
7.128791687524787
0.31012080814657084
0.20526999774868337
0.16175529522075907
0.2316539439336081
0.17999180414569685
0.15525863374243232
0.28009970604431395
0.3118642592294198
0.08536430613820505
0.21115088010439434
0.12833936337132876
0.14435406571695103
0.1751254278023178
0.23525499648769868
0.09040482423907567
0.17751716563886885
0.1332517316384622
0.08917772321489931
0.1304723892981781
0.1995255349982741
0.08926768016934702
0.16802716935346307
0.054550255707545924
0.2528264149274548
0.23781039612426824
0.1794627683288427
0.11880166335269393
0.22492917523537082
0.04738006129133256
0.08113780094346043
0.15481222923804633
0.033237824329410894
0.2684643448699525
0.14519360392785047
0.27176583785653413
0.2617954157960896
0.25495460862707875
0.34457397407219137
0.11506631012969522
Mean: 0.4849212422180241
