-0.16153537
-0.19848882
-0.23416239
-0.2621779
-0.27583084
-0.29315272
-0.30400783
-0.3099957
-0.31508127
-0.33196795
-0.33841223
-0.35674736
-0.36235917
-0.37501985
-0.38964075
-0.40525624
-0.40853155
-0.42930713
-0.4464016
-0.45222852
-0.46332484
-0.4725745
-0.48734286
-0.50964826
-0.5028194
-0.5173844
-0.55375326
-0.56909955
-0.58609223
-0.62369776
-0.6391197
-0.73245364
-0.7600686
-0.82012427
-0.83683217
-0.84550905
-0.84639126
-0.8437968
-0.84510124
-0.84553033
-0.8530261
-0.8513752
-0.8536239
-0.8561435
-0.8606695
-0.8593919
-0.8610985
-0.8656942
-0.87123865
-0.87496066
-0.87311435
-0.8774301
-0.87748885
-0.8807326
-0.8844296
-0.88643116
-0.8880648
-0.89031357
-0.8921382
-0.8943
-0.89286935
-0.8974857
-0.90029526
-0.9006238
-0.90440756
-0.90756345
-0.9066987
-0.9092077
-0.9124019
-0.9129069
-0.9180305
-0.9177089
-0.91928315
-0.91915286
-0.9198146
-0.9222779
-0.92390925
-0.9241823
-0.92409945
-0.92512906
-0.9280456
-0.9268031
-0.92843896
-0.9291463
-0.9294406
-0.9315181
-0.9326693
-0.9336496
-0.93465024
-0.9345965
-0.9369601
-0.9361995
-0.9379558
-0.93768185
-0.9398374
-0.94185436
-0.9423764
-0.9422126
-0.94328517
-0.941699
-0.94452703
-0.94410074
-0.94626665
-0.9456844
-0.9468229
-0.947811
-0.9489675
-0.9489925
-0.9497148
-0.94993794
-0.9497694
-0.94861096
-0.95131415
-0.95108455
-0.95203465
-0.95185536
-0.95138043
-0.95143396
-0.95271504
-0.9534463
-0.95533866
-0.95507133
-0.9565568
-0.9555495
-0.956298
-0.95763403
-0.9567458
-0.95865285
-0.9593333
-0.96000314
-0.95999825
-0.9595879
-0.95852417
-0.9608644
-0.96148217
-0.9601348
-0.9600578
-0.96120834
-0.96150625
-0.9611761
-0.9616913
-0.96378416
-0.96257716
-0.9649538
-0.9627755
-0.9655605
-0.9612008
-0.9649812
-0.96021456
-0.9656762
-0.9609973
-0.9633004
-0.9651504
-0.9651237
-0.96334165
-0.9663298
-0.959548
-0.9652761
-0.9630103
-0.9627987
-0.9650777
-0.96357405
-0.965899
-0.9646837
-0.9661651
-0.965352
-0.9645998
-0.96190155
-0.96387386
-0.96342444
-0.9633825
-0.9641365
-0.96517664
-0.9632637
-0.9660004
-0.9646314
-0.96505713
-0.96515113
-0.96429324
-0.96573013
-0.9643999
-0.966093
-0.9648516
-0.9660929
-0.9661973
-0.96532255
-0.9680672
-0.9673904
-0.96776736
-0.96813744
-0.9686084
-0.9695427
-0.96869546
-0.970805
-0.9701738
-0.97046965
-0.9699927
-0.9731695
-0.9710635
-0.97173893
-0.9726665
-0.9721441
-0.97280866
-0.97228855
-0.9735563
-0.97569185
-0.9735184
-0.97362846
-0.9727347
-0.97203207
-0.97493255
-0.9751526
-0.97533613
-0.97188324
-0.97156435
-0.975802
-0.9704145
-0.9751104
-0.9715245
-0.9734339
-0.97471255
-0.9744719
-0.9707834
-0.97559345
-0.97063524
-0.97462934
-0.97242993
-0.9729286
-0.97595286
-0.97361654
-0.97665596
-0.9779929
-0.97565216
-0.97660965
-0.97648716
-0.9778936
-0.9768178
-0.97682047
-0.97747076
-0.97719264
-0.97912574
-0.9776833
-0.9770803
-0.97811145
-0.97856176
-0.9796954
-0.981
-0.9799223
-0.97965646
-0.98108387
-0.978372
-0.97942483
-0.9792613
-0.9795926
-0.9815698
-0.9807197
-0.9797992
-0.9806064
-0.97841775
-0.9784743
-0.9818711
-0.981388
-0.9808636
-0.9798418
-0.9793695
-0.98132694
-0.9829433
-0.98386294
-0.9834715
-0.9836376
-0.98242307
-0.9784159
-0.97994167
-0.9822658
-0.9838774
-0.98368704
-0.9841801
-0.98218954
-0.9798021
-0.98141384
-0.9843319
-0.9842502
-0.98071486
-0.98106444
-0.9834807
-0.9841681
-0.98246247
-0.9791644
-0.9833868
-0.9838394
-0.97998846
-0.9836243
-0.9831957
-0.9829647
-0.9846981
-0.9847751
-0.98484284
-0.98556066
-0.98583174
-0.98665625
-0.9858785
-0.98597234
-0.98698354
-0.98699224
-0.9873371
-0.98736095
-0.9872873
-0.98656946
-0.9849864
-0.9806815
-0.9862135
-0.9874597
-0.98195857
-0.98251885
-0.9861001
-0.9850582
-0.9831048
-0.98305213
-0.9842934
-0.985117
-0.984049
-0.98286676
-0.9862603
-0.9851655
-0.9836271
-0.9866357
-0.98709273
-0.9852258
-0.98407644
-0.9857438
-0.98552454
-0.9861953
-0.9864708
-0.9878336
-0.9864236
-0.9866671
-0.9878662
-0.987286
-0.98787224
-0.9864795
-0.9865873
-0.98742855
-0.98785114
-0.9886361
-0.987818
-0.9865136
-0.98380005
-0.9869664
-0.98972386
-0.9857012
-0.98458713
-0.9872945
-0.98857045
-0.98464656
-0.9858611
-0.9873244
-0.98694474
-0.9849976
-0.9874188
-0.9870169
-0.9850484
-0.98599726
-0.9891614
-0.98803025
-0.98590887
-0.98741233
-0.98912096
-0.98770374
-0.98416704
-0.9874406
-0.98691887
-0.98478895
-0.98654443
-0.9874446
-0.98713624
-0.9880297
-0.98962796
-0.98938775
-0.98809713
-0.98628384
-0.9882102
-0.99010646
-0.9876701
-0.9858771
-0.9891144
-0.9891844
-0.98694855
-0.9877317
-0.9892756
-0.9878822
-0.98740786
-0.98981297
-0.99029166
-0.98877764
-0.9879226
-0.9892539
-0.99012464
-0.9886699
-0.9883327
-0.99051857
-0.99063456
-0.9879261
-0.9890306
-0.9911636
-0.99005425
-0.98733765
-0.98944765
-0.9907674
-0.988971
-0.989063
-0.99111277
-0.99051803
-0.9857626
-0.9803884
-0.9849228
-0.98030865
-0.9824189
-0.9826955
-0.9823583
-0.985253
-0.9815978
-0.98548555
-0.98160195
-0.98711777
-0.9811322
-0.98640573
-0.97976094
-0.98556834
-0.97678536
-0.9811568
-0.98045784
-0.97828
-0.98416424
-0.98062783
-0.98325104
-0.9817592
-0.98264235
-0.98417485
-0.9832735
-0.98425907
-0.9854028
-0.9847221
-0.9874789
-0.98473394
-0.9877736
-0.9844817
-0.9886692
-0.9858918
-0.98860735
-0.9883981
-0.9867967
-0.9887142
-0.9868232
-0.9890398
-0.98902446
-0.9874503
-0.98994523
-0.988952
-0.98881173
-0.99085027
-0.9904767
-0.98968905
-0.991282
-0.99062717
-0.9901844
-0.98920846
-0.98806286
-0.9862099
-0.98942965
-0.9902989
-0.9907658
-0.99107146
-0.9916173
-0.9899278
-0.9872678
-0.9868092
-0.9890529
-0.99085367
-0.99108446
-0.99179965
-0.9914128
-0.99032503
-0.98806554
-0.98784536
-0.9891747
-0.99165577
-0.99198407
-0.9915464
-0.9915098
-0.9919653
-0.9912492
-0.9890943
-0.9878638
-0.9879155
-0.9902108
-0.99200535
-0.9925793
-0.99064606
-0.9883614
-0.9877444
-0.99030304
-0.99131984
-0.9915446
-0.9913484
-0.98939335
-0.988152
-0.98998797
-0.99021035
-0.99089974
-0.9913582
-0.99141836
-0.9916801
-0.9902361
-0.98867846
-0.9874378
-0.99025446
-0.9913969
-0.99137354
-0.9872997
-0.98781526
-0.9909072
-0.992327
-0.9911619
-0.9895702
-0.98908585
-0.9902199
-0.99164146
-0.99203235
-0.9923743
-0.9916677
-0.99046105
-0.98912597
-0.9901827
-0.9919397
-0.9925067
-0.9917794
-0.9917037
-0.99059916
-0.9893493
-0.99043226
-0.99204886
-0.99265283
-0.9933155
-0.99254555
-0.99108446
-0.99020857
-0.9895342
-0.9904297
-0.9909986
-0.99239856
-0.9918809
-0.99318147
-0.9931458
-0.9933809
-0.9929845
-0.99219024
-0.9919582
-0.99111104
-0.9905898
-0.9903953
-0.99177235
-0.99321836
-0.993269
-0.9930951
-0.99333924
-0.9924517
-0.99148154
-0.99018025
-0.99048316
-0.9915675
-0.991906
-0.9928022
-0.9927915
-0.99335784
-0.9919858
-0.99080986
-0.9906938
-0.9910881
-0.9925082
-0.9927107
-0.9930137
-0.99336237
-0.99390906
-0.9939317
-0.9933956
-0.9930032
-0.991968
-0.9903786
-0.9905753
-0.99208283
-0.993069
-0.99303347
-0.9930101
-0.99381506
-0.99325234
-0.99191236
-0.991336
-0.98994493
-0.9902659
-0.9917817
-0.99248505
-0.9939259
-0.99297184
-0.9909866
-0.990742
-0.9902827
-0.9905447
-0.993117
-0.99326706
-0.9927231
-0.9918006
-0.99077916
-0.9915796
-0.9926714
-0.9932891
-0.993412
-0.99287945
-0.9927315
-0.99247503
-0.99298143
-0.9923259
-0.99300265
-0.9925296
-0.99276614
-0.9926704
-0.99294
-0.99313307
-0.99259514
-0.9921718
-0.99241847
-0.99239826
-0.99315614
-0.9933199
-0.9932378
-0.9930691
-0.9920999
-0.993029
-0.9933337
-0.9935774
-0.99352413
-0.99336076
-0.99349105
-0.99385047
-0.9925845
-0.99296385
-0.9919545
-0.9912274
-0.99051595
-0.9929071
-0.9937533
-0.9931924
-0.99293655
-0.9905112
-0.9900613
-0.9920139
-0.9936288
-0.9931983
-0.99227643
-0.990282
-0.9899169
-0.99235797
-0.9935449
-0.99374545
-0.99153554
-0.9904233
-0.9923429
-0.99325126
-0.99345714
-0.99208283
-0.99014515
-0.9917577
-0.99273205
-0.9940295
-0.99384856
-0.99216825
-0.9892262
-0.9891623
-0.99269676
-0.99003243
-0.98717105
-0.9915484
-0.988945
-0.98622066
-0.9905321
-0.9898926
-0.98743695
-0.98992443
-0.9902848
-0.98901075
-0.9893987
-0.98905843
-0.9899861
-0.9907068
-0.99072355
-0.99101603
-0.9919148
-0.99239993
-0.99151576
-0.9911671
-0.99169713
-0.9925949
-0.9926716
-0.9927179
-0.9928843
-0.99306893
-0.9927234
-0.9922244
-0.9924704
-0.9922325
-0.9923328
-0.9918617
-0.99158186
-0.9926338
-0.99215215
-0.9920749
-0.99231076
-0.99311566
-0.9931779
-0.9925843
-0.99285734
-0.9932179
-0.9931711
-0.99313277
-0.9935001
-0.99223673
-0.99373585
-0.99356025
-0.99337935
-0.99327666
-0.9924155
-0.99290717
-0.9932612
-0.99308145
-0.9928461
-0.9935223
-0.9933728
-0.9927944
-0.99281895
-0.99377614
-0.9934581
-0.99399537
-0.9932012
-0.9937908
-0.99338615
-0.9937493
-0.9931044
-0.99382406
-0.9927884
-0.9925653
-0.9922244
-0.9921031
-0.99305665
-0.99407107
-0.9941122
-0.99378234
-0.99391675
-0.9930863
-0.99261016
-0.99218684
-0.9917415
-0.99247223
-0.99322
-0.9931564
-0.9935057
-0.9943087
-0.99359965
-0.9930307
-0.99221385
-0.9923886
-0.99209577
-0.9935339
-0.99431473
-0.9943827
-0.9945688
-0.9938714
-0.9939521
-0.99323344
-0.9935463
-0.9933402
-0.99227095
-0.9919587
-0.9919245
-0.99255407
-0.99381936
-0.99418527
-0.9947321
-0.99382126
-0.9946883
-0.9934992
-0.9946586
-0.99416506
-0.9947499
-0.9939629
-0.9943021
-0.99390984
-0.9938005
-0.99206495
-0.9924756
-0.99256104
-0.99357945
-0.99422044
-0.9943726
-0.994847
-0.99496686
-0.9944719
-0.99406785
-0.9944544
-0.993998
-0.99315745
-0.9911243
-0.9922894
-0.99293184
-0.99300385
-0.9925532
-0.993179
-0.99314404
-0.99338526
-0.9937013
-0.9939438
-0.99327874
-0.99391603
-0.9941755
-0.99418455
-0.9942514
-0.99458784
-0.9941412
-0.9940922
-0.99348944
-0.99227136
-0.99191386
-0.99104786
-0.99260753
-0.99360424
-0.99407876
-0.99394566
-0.9943457
-0.99375445
-0.9925825
-0.9917879
-0.9916913
-0.9927714
-0.9924782
-0.9931243
-0.99255186
-0.9929776
-0.9930357
-0.99394107
-0.9935978
-0.9936489
-0.9940038
-0.99410146
-0.99329704
-0.99304205
-0.9923059
-0.99197
-0.9930793
-0.99385524
-0.99397373
-0.9936601
-0.99408394
-0.9931411
-0.99419636
-0.99377024
-0.9937014
-0.9933285
-0.99295133
-0.99335873
-0.9932798
-0.9932186
-0.9921559
-0.9929482
-0.99248683
-0.99270153
-0.99279755
-0.9932871
-0.99326617
-0.9927188
-0.9919026
-0.9924155
-0.9935447
-0.9939494
-0.9938818
-0.9943481
-0.9934511
-0.9929032
-0.9939443
-0.99384654
-0.9934112
-0.9943629
-0.99357796
-0.9932948
-0.99184215
-0.991208
-0.99273187
-0.9936452
-0.99486977
-0.993793
-0.99127775
-0.9911385
-0.99255574
-0.99325407
-0.9937722
-0.99412143
-0.9939807
-0.99338
-0.99078506
-0.98990476
-0.99189705
-0.9937776
-0.99222016
-0.98995614
-0.989869
-0.99301744
-0.9931188
-0.9911879
-0.9906211
-0.99240613
-0.9926612
-0.99231756
-0.9934423
-0.99318933
-0.9925154
-0.99103725
-0.9917378
-0.9925729
-0.9936671
-0.9925826
-0.9936063
-0.9933414
-0.9929162
-0.99208456
-0.9918661
-0.99251837
-0.99381804
-0.9939494
-0.99408484
-0.99380845
-0.99374825
-0.99325126
-0.9929848
-0.9935519
-0.994064
-0.9937219
-0.99361116
-0.9944792
-0.9940869
-0.99403346
-0.9936811
-0.9931704
-0.99326104
-0.9922665
-0.9926798
-0.99221313
-0.99236506
-0.9929776
-0.9934264
-0.994284
-0.99456996
-0.99397105
-0.9938394
-0.9946481
-0.99473506
-0.994352
-0.99453634
-0.9942536
-0.9940786
-0.9939438
-0.994148
-0.993908
-0.9937002
-0.9941087
-0.99360764
-0.9933267
-0.9941131
-0.99369955
-0.99298066
-0.992889
-0.99081784
-0.9919714
-0.99340165
-0.994332
-0.993926
-0.9920573
-0.9908912
-0.9925229
-0.9940259
-0.9941252
-0.99393606
-0.9929359
-0.9922283
-0.99233836
-0.9927325
-0.9944461
-0.99471784
-0.99381113
-0.9918387
-0.9924951
-0.9929977
-0.99361813
-0.9947837
-0.9944867
-0.99456584
-0.99407285
-0.99318933
-0.9931696
-0.9932858
-0.9935474
-0.9937943
-0.99405533
-0.9937567
-0.9937012
-0.9940718
-0.9944961
-0.9944778
-0.9940154
-0.99354255
-0.9909378
-0.98944485
-0.9927296
-0.9936977
-0.99276435
-0.9897463
-0.9916703
-0.9937325
-0.9935032
-0.9928548
-0.992914
-0.9931065
-0.99362755
-0.99333376
-0.9924492
-0.9931435
-0.994127
-0.9942453
-0.9940314
-0.99367845
-0.9927831
-0.9933055
-0.9928591
-0.9932934
-0.99380404
-0.9943757
-0.99469435
-0.9948037
-0.9942044
-0.9934313
-0.9932566
-0.9924703
-0.9930262
-0.9937758
-0.99466324
-0.9942986
-0.9948438
-0.99495107
-0.994915
-0.9948231
-0.99226564
-0.98595905
-0.99103904
-0.9884839
-0.9891086
-0.9912628
-0.990168
-0.9898597
-0.991996
-0.99147224
-0.9897194
-0.9907599
-0.99272364
-0.9908902
-0.98863643
-0.9870446
-0.98977864
-0.988847
-0.9874279
-0.98951626
-0.9896579
-0.9872734
-0.98921764
-0.98981994
-0.9878764
-0.98630476
-0.989394
-0.9881866
-0.98581445
-0.9890718
-0.9880011
-0.9855838
-0.98878264
-0.9898413
-0.9860098
-0.9885955
-0.9893142
-0.98807555
-0.98768055
-0.98919994
-0.98904365
-0.9880718
-0.98933107
-0.9899079
-0.9892995
-0.9896783
-0.98923093
-0.9883185
-0.99042803
-0.9904788
-0.98949665
-0.9901257
-0.99167246
-0.9915366
-0.9907416
-0.9900837
-0.99050164
-0.99093443
-0.9913203
-0.9920294
-0.99227434
-0.99205005
-0.992448
-0.99239653
-0.9921235
-0.99266756
-0.9927744
-0.9921223
-0.9930077
-0.9923394
-0.9921865
-0.99318194
-0.9931281
-0.992218
-0.99291116
-0.99198234
-0.9921084
-0.9921724
-0.99276143
-0.9930969
-0.993507
-0.99189657
-0.9929606
-0.9915605
-0.9922585
-0.9927412
-0.9928449
-0.99287784
-0.992432
-0.9917555
-0.9927085
-0.99283624
-0.99281913
-0.99285656
-0.99223804
-0.9924736
-0.9928276
-0.9923552
-0.99192286
-0.99274725
-0.9925898
-0.9933677
-0.99288124
-0.99305457
-0.9931418
-0.9922702
-0.9928553
-0.9923774
-0.9924502
-0.99232537
-0.993439
-0.99296755
-0.9929472
-0.993204
-0.99289936
-0.9936559
-0.9931471
-0.99344903
-0.99304295
-0.9933229
-0.9930856
-0.9931635
-0.9934489
-0.9933053
-0.993532
-0.99364346
-0.994305
-0.9937505
-0.9931564
-0.9937673
-0.992921
-0.9931238
-0.99275416
-0.9921744
-0.99161166
-0.99223495
-0.9920243
-0.99283046
-0.9926262
-0.993082
-0.9934576
-0.99353254
-0.9938143
-0.99331677
-0.99288386
-0.9935636
-0.9936165
-0.9937921
-0.9935207
-0.99361545
-0.9928994
-0.99308276
-0.9922399
-0.9916143
-0.99053043
-0.9927484
-0.99371827
-0.99319255
-0.99080604
-0.99078983
-0.9920264
-0.9929359
-0.99310315
-0.9926864
-0.99252385
-0.9923175
-0.9930079
-0.99298376
-0.9929074
-0.99299484
-0.9935741
-0.993944
-0.9937593
-0.9934584
-0.99286026
-0.9926833
-0.99283665
-0.9925752
-0.9919126
-0.99200076
-0.9923177
-0.9937435
-0.9936759
-0.9931298
-0.99303347
-0.99360806
-0.9932702
-0.9932334
-0.9926203
-0.99211586
-0.99161804
-0.992016
-0.99335957
-0.9935295
-0.99432176
-0.9935831
-0.9936916
-0.9940468
-0.9932465
-0.99282056
-0.9930816
-0.992785
-0.99376184
-0.9943269
-0.99443334
-0.9934395
-0.9944431
-0.993971
-0.9935604
-0.9943541
-0.99437547
-0.9938415
-0.993366
-0.99401957
-0.9937855
-0.99307436
-0.9936682
-0.9932206
-0.9932948
-0.9941491
-0.99471873
-0.99461967
-0.99483764
-0.99428886
-0.9945412
-0.99397117
-0.9946065
-0.9935737
-0.99326485
-0.99344784
-0.9929303
-0.9933169
-0.99274445
-0.9930354
-0.9932577
-0.9936136
-0.99294007
-0.9932592
-0.9936349
-0.99397254
-0.99450064
-0.99405444
-0.99382675
-0.99248964
-0.99296796
-0.99157846
-0.9927351
-0.9943276
-0.99456173
-0.9945325
-0.9940218
-0.99261224
-0.99179834
-0.99271566
-0.9936252
-0.9943264
-0.99429876
-0.99473697
-0.994508
-0.9942304
-0.9940344
-0.99331874
-0.9929585
-0.9925308
-0.99195135
-0.9936154
-0.9940735
-0.99381626
-0.9943019
-0.99471223
-0.9944507
-0.99397016
-0.9936638
-0.99257267
-0.9918111
-0.99298936
-0.99445134
-0.99450743
-0.99418986
-0.9932043
-0.99320877
-0.9936171
-0.99346864
-0.9939993
-0.99453515
-0.99456656
-0.99412847
-0.99350375
-0.993506
-0.9930229
-0.99262214
-0.9944627
-0.99496996
-0.9946563
-0.99482286
-0.993404
-0.99257755
-0.9921507
-0.99307555
-0.9929627
-0.9936785
-0.9941646
-0.9942126
-0.9917872
-0.9889849
-0.98896223
-0.99338275
-0.9893515
-0.98849934
-0.99246633
-0.9887905
-0.9894509
-0.9919378
-0.9900756
-0.98939437
-0.99143374
-0.9908919
-0.9903319
-0.9911828
-0.99194586
-0.99043936
-0.9902206
-0.9924043
-0.991178
-0.99092406
-0.9923585
-0.9922602
-0.9905361
-0.99164873
-0.992615
-0.9923034
-0.992619
-0.9924905
-0.9932896
-0.9933055
-0.9927956
-0.9928961
-0.99338734
-0.9935713
-0.99268246
-0.991817
-0.99117076
-0.9917133
-0.99268174
-0.9924839
-0.99150634
-0.99209875
-0.99202466
-0.9918576
-0.9930562
-0.99286133
-0.9931684
-0.9932046
-0.9927567
-0.9928238
-0.99299234
-0.9922075
-0.99294007
-0.9930611
-0.9929257
-0.99331194
-0.9936084
-0.99358976
-0.9937443
-0.9938992
-0.9941331
-0.9936449
-0.99353135
-0.99376893
-0.9925139
-0.9931025
-0.9925188
-0.9924701
-0.99263555
-0.9920586
-0.9926057
-0.9932662
-0.9933135
-0.99392813
-0.99378866
-0.99403125
-0.993657
-0.9940792
-0.99419314
-0.99362856
-0.99400663
-0.9946174
-0.99380106
-0.99442226
-0.99398905
-0.9935717
-0.99293554
-0.992593
-0.99250525
-0.9921446
-0.9923493
-0.99290633
-0.99294764
-0.99369913
-0.994301
-0.99379104
-0.99396557
-0.99393284
-0.99353766
-0.9937047
-0.9933429
-0.9932089
-0.9922551
-0.9929265
-0.9932636
-0.99399555
-0.9941753
-0.99448025
-0.9940465
-0.99373084
-0.993674
-0.99356496
-0.9932233
-0.99252766
-0.99280727
-0.9929715
-0.99339247
-0.9939587
-0.994655
-0.9945969
-0.9945741
-0.99440056
-0.99374986
-0.9929353
-0.9923571
-0.99225163
-0.9929398
-0.9931935
-0.9935792
-0.99287003
-0.99380946
-0.99325496
-0.9941327
-0.9943565
-0.99320483
-0.9927155
-0.9921642
-0.99215204
-0.9932088
-0.99347657
-0.9939621
-0.99380934
-0.99328655
-0.993631
-0.9930666
-0.99353147
-0.99404836
-0.9945155
-0.99446887
-0.9938979
-0.99466825
-0.99452007
-0.9945407
-0.99441445
-0.99450785
-0.9944067
-0.99408126
-0.9935104
-0.993165
-0.9918463
-0.99210924
-0.9938052
-0.9942905
-0.9937188
-0.9939138
-0.9938529
-0.99325264
-0.9926588
-0.9917886
-0.99277914
-0.9936549
-0.9941951
-0.9945916
-0.99175537
-0.9917183
-0.9894386
-0.9925738
-0.99218684
-0.9893255
-0.99154466
-0.9909264
-0.98996
-0.9901651
-0.9925965
-0.992378
-0.9905867
-0.99085915
-0.9921403
-0.9913603
-0.9898582
-0.9919541
-0.99275535
-0.9922593
-0.9917275
-0.99136853
-0.9921823
-0.99102074
-0.99130124
-0.9923551
-0.9931159
-0.9929442
-0.99251324
-0.99279064
-0.99341565
-0.99410284
-0.9928389
-0.9935371
-0.9937825
-0.99419284
-0.99294263
-0.99345344
-0.9945061
-0.9944054
-0.99397814
-0.9933236
-0.9934094
-0.993438
-0.9936816
-0.9933224
-0.9924511
-0.9923774
-0.99286854
-0.9934112
-0.9944161
-0.9944572
-0.9946222
-0.9945303
-0.9941525
-0.9939652
-0.9936399
-0.9934443
-0.99324805
-0.99336326
-0.99385923
-0.99466205
-0.9944955
-0.99517316
-0.9947786
-0.99394846
-0.9942351
-0.9933792
-0.99310577
-0.9940813
-0.99418926
-0.9949367
-0.99357843
-0.99428767
-0.9938626
-0.9932451
-0.9929089
-0.9926811
-0.9929698
-0.9938265
-0.99359375
-0.9929814
-0.9928028
-0.99306613
-0.99301606
-0.9943209
-0.9937422
-0.9942469
-0.9939488
-0.9931257
-0.99277025
-0.99279124
-0.9931403
-0.9931327
-0.99421906
-0.99408454
-0.99420834
-0.9940931
-0.9941099
-0.994209
-0.99392235
-0.993408
-0.9922076
-0.9911243
-0.99189484
-0.99276596
-0.99376345
-0.9943227
-0.9937158
-0.99179757
-0.99145424
-0.9919113
-0.992613
-0.9936743
-0.9939893
-0.9934732
-0.99340713
-0.99346143
-0.99339926
-0.9939637
-0.99346817
-0.9939769
-0.9939503
-0.9941616
-0.9944392
-0.99432766
-0.99393314
-0.99310684
-0.9934206
-0.9926113
-0.9925667
-0.9924437
-0.99303573
-0.9935124
-0.99408245
-0.9944508
-0.99459153
-0.99407583
-0.99420685
-0.9943444
-0.99359334
-0.9931491
-0.9925755
-0.9933448
-0.99337155
-0.99405473
-0.99362487
-0.9944438
-0.99379766
-0.9932997
-0.99388146
-0.9942282
-0.9941184
-0.99435294
-0.994123
-0.993934
-0.99435705
-0.99474275
-0.99484634
-0.9947807
-0.99493265
-0.9942181
-0.99426204
-0.99430126
-0.9949545
-0.9944482
-0.99409276
-0.9939408
-0.99346715
-0.99211216
-0.99134547
-0.9917699
-0.9930072
-0.9938087
-0.9938177
-0.99476135
-0.9944454
-0.9946035
-0.99481964
-0.99471664
-0.99458003
-0.99464935
-0.99431765
-0.9933285
-0.9940029
-0.9937351
-0.9936863
-0.9936669
-0.99376273
-0.993743
-0.99350125
-0.9938287
-0.9942586
-0.99395686
-0.9944338
-0.99423254
-0.994273
-0.99390435
-0.9939159
-0.9931909
-0.9942435
-0.9946495
-0.994783
-0.9933147
-0.99165
-0.9919744
-0.99281543
-0.994093
-0.99467087
-0.99485147
-0.9941377
-0.9936535
-0.99292636
-0.9914924
-0.9916756
-0.9937214
-0.9940835
-0.9938694
-0.9931662
-0.9928471
-0.99361587
-0.9944524
-0.9938414
-0.9941904
-0.99427706
-0.9942004
-0.9936468
-0.9937385
-0.99259675
-0.9927839
-0.993325
-0.99313754
-0.9929117
-0.99287367
-0.99352133
-0.9941655
-0.9942323
-0.9939714
-0.99401784
-0.9941516
-0.9937717
-0.99298537
-0.9924551
-0.99318504
-0.99387187
-0.99408185
-0.994567
-0.99383396
-0.9934267
-0.9925095
-0.99264455
-0.9929068
-0.9939346
-0.99441475
-0.9943263
-0.9932529
-0.99301237
-0.9930865
-0.9933938
-0.99230856
-0.9933307
-0.99338144
-0.99456376
-0.99508345
-0.9942113
-0.993604
-0.9919946
-0.9923334
-0.99282014
-0.9938141
-0.9924044
-0.99216825
-0.9926553
-0.9941758
-0.9946916
-0.99439025
-0.99275935
-0.9936925
-0.9944654
-0.99498874
-0.9933625
-0.9941982
-0.99450433
-0.99486923
-0.9946215
-0.99407965
-0.993725
-0.9933024
-0.9933981
-0.993088
-0.9931598
-0.9932359
-0.99298155
-0.99441856
-0.9944748
-0.9947651
-0.9943672
-0.99437773
-0.99472463
-0.9949631
-0.9946506
-0.9940373
-0.994403
-0.99413127
-0.993528
-0.99363166
-0.9941396
-0.9931358
-0.99293834
-0.99327147
-0.99302834
-0.9936555
-0.9939716
-0.9945613
-0.99462867
-0.993605
-0.99460816
-0.99493843
-0.9939284
-0.994285
-0.9943979
-0.99452907
-0.99422
-0.9941092
-0.9936967
-0.9935626
-0.99348754
-0.9940407
-0.99428695
-0.9941414
-0.99363256
-0.9935701
-0.99410254
-0.994108
-0.99447566
-0.99438053
-0.99434376
-0.9942086
-0.9933788
-0.99332505
-0.993342
-0.9939386
-0.9936436
-0.9938429
-0.9943153
-0.9946412
-0.99418205
-0.9943265
-0.99460626
-0.9935712
-0.9939836
-0.9939082
-0.9949105
-0.994344
-0.99460363
-0.9941169
-0.99454606
-0.99400586
-0.99415576
-0.9945037
-0.9941209
-0.9926286
-0.9928291
-0.9925308
-0.9936058
-0.9938775
-0.9944681
-0.9943154
-0.9944039
-0.99492574
-0.9944669
-0.99427456
-0.99421656
-0.99338275
-0.9931988
-0.9925886
-0.9928677
-0.99429
-0.9935602
-0.9908058
-0.9906002
-0.9922316
-0.99399096
-0.9927704
-0.9908126
-0.9921787
-0.99409133
-0.99370366
-0.99242467
-0.99231565
-0.9928595
-0.9931867
-0.99323404
-0.9929788
-0.9930201
-0.99313724
-0.9919739
-0.9923441
-0.99329966
-0.9933889
-0.9939578
-0.99373364
-0.9936232
-0.9930478
-0.99357563
-0.9931683
-0.99189806
-0.99080753
-0.9916948
-0.9938077
-0.9934946
-0.99275964
-0.9917358
-0.99195933
-0.99273026
-0.99360424
-0.9933794
-0.99268514
-0.9925482
-0.992075
-0.99271005
-0.99347687
-0.99394333
-0.9937366
-0.99366164
-0.99320954
-0.9933062
-0.99351376
-0.9935652
-0.9934261
-0.99372166
-0.9939955
-0.994467
-0.99468464
-0.9941148
-0.9942794
-0.9935822
-0.994153
-0.9941633
-0.9939819
-0.99428225
-0.9939507
-0.9937247
-0.99432254
-0.9941904
-0.99478513
-0.9940792
-0.9947027
-0.9938877
-0.99436307
-0.9940167
-0.99334866
-0.9951108
-0.9946862
-0.99392223
-0.99487853
-0.9950472
-0.99519074
-0.99465466
-0.99440134
-0.99480885
-0.9945298
-0.99376106
-0.9929935
-0.99316305
-0.9933699
-0.9931053
-0.9934073
-0.9932316
-0.99393994
-0.9945986
-0.99452996
-0.99440986
-0.9936807
-0.9943318
-0.99438393
-0.9945247
-0.99472666
-0.9938194
-0.9938241
-0.9928535
-0.99261236
-0.9922335
-0.9936276
-0.99404967
-0.9938121
-0.9941164
-0.9950162
-0.9951221
-0.9947769
-0.9939662
-0.9931403
-0.99245065
-0.9932761
-0.9936081
-0.9942217
-0.9931996
-0.9927438
-0.9925024
-0.99304974
-0.993768
-0.99462706
-0.9945115
-0.9941728
-0.9925529
-0.991787
-0.9921466
-0.99312204
-0.99381304
-0.99316424
-0.9939348
-0.993482
-0.99230623
-0.99223626
-0.992709
-0.9940072
-0.99440885
-0.99344784
-0.99303883
-0.9933175
-0.9928798
-0.9939521
-0.9943295
-0.9944859
-0.9944858
-0.99409944
-0.9942676
-0.9940681
-0.99312216
-0.99412173
-0.9923388
-0.9921076
-0.98644304
-0.983403
-0.9869079
-0.9832664
-0.98559076
-0.9849774
-0.9855373
-0.98515064
-0.98566544
-0.98499537
-0.98654497
-0.9853211
-0.98748
-0.98629236
-0.98683304
-0.9879377
-0.9874029
-0.9890607
-0.9879653
-0.9886682
-0.99013174
-0.9892296
-0.98939824
-0.98927414
-0.9904588
-0.99024034
-0.99020344
-0.99096364
-0.9903375
-0.99027467
-0.9905446
-0.991744
-0.9914857
-0.9912148
-0.99070954
-0.9917091
-0.9920465
-0.99220043
-0.9919034
-0.9912333
-0.9910414
-0.99137217
-0.99141634
-0.9910163
-0.99196196
-0.9928193
-0.99329114
-0.99295807
-0.99299556
-0.99309784
-0.9932786
-0.99300003
-0.9923954
-0.992382
-0.99155927
-0.99175584
-0.99176043
-0.9928789
-0.99347883
-0.9936167
-0.993435
-0.9929396
-0.9935627
-0.99288136
-0.9938211
-0.9939802
-0.99424374
-0.99331415
-0.99355346
-0.99357396
-0.9941261
-0.9939176
-0.9936836
-0.994158
-0.99393505
-0.99428815
-0.99408937
-0.99410284
-0.9942084
-0.9942178
-0.9940593
-0.99372613
-0.994154
-0.994351
-0.9941441
-0.9939416
-0.9939762
-0.99301565
-0.9931505
-0.99320424
-0.9929766
-0.9936437
-0.994293
-0.99455446
-0.9942428
-0.99417496
-0.99428344
-0.99419004
-0.9939913
-0.99338895
-0.99312884
-0.99365926
-0.99439555
-0.9944549
-0.99484825
-0.9943951
-0.9940534
-0.99270713
-0.9926482
-0.992407
-0.99340844
-0.99430454
-0.9948634
-0.9949499
-0.99470395
-0.9949962
-0.9941923
-0.99465466
-0.99422866
-0.99487543
-0.99466383
-0.99356735
-0.9923907
-0.99176896
-0.99327785
-0.9936609
-0.9933651
-0.99247766
-0.9927507
-0.9946105
-0.99422705
-0.9931417
-0.99367136
-0.99431145
-0.99428886
-0.9937271
-0.99357337
-0.99353564
-0.9941857
-0.99497825
-0.9942094
-0.99414825
-0.9936088
-0.99336207
-0.9934642
-0.99197286
-0.991215
-0.9926561
-0.9935059
-0.9931754
-0.99359035
-0.9937825
-0.9930354
-0.9927029
-0.991737
-0.9927967
-0.9942532
-0.99417925
-0.99385273
-0.9929843
-0.9922192
-0.99304354
-0.99368536
-0.99435
-0.9941836
-0.9937658
-0.9941728
-0.994415
-0.99318504
-0.9937201
-0.99398327
-0.99439865
-0.99487126
-0.9943933
-0.9942295
-0.9944248
-0.9932213
-0.991594
-0.9926325
-0.99358475
-0.9949703
-0.99323094
-0.991481
-0.9921354
-0.9928464
-0.99339527
-0.99417424
-0.99462837
-0.99415857
-0.99242765
-0.9928504
-0.992594
-0.99438274
-0.99448764
-0.9945236
-0.99400264
-0.9930496
-0.993175
-0.99392045
-0.99457204
-0.9950767
-0.9946485
-0.99436224
-0.99366057
-0.9948517
-0.99443823
-0.9942045
-0.99273485
-0.9917433
-0.9931574
-0.993926
-0.99423194
-0.9937183
-0.99360526
-0.9936612
-0.99342865
-0.9941534
-0.99394006
-0.99374634
-0.99436134
-0.99393827
-0.993916
-0.9941358
-0.9941049
-0.9938997
-0.99371964
-0.9931474
-0.99375886
-0.9932677
-0.99360865
-0.99288386
-0.9940645
-0.99374837
-0.9942226
-0.9940478
-0.99314463
-0.9931583
-0.9931714
-0.9934986
-0.9941441
-0.9946124
-0.99497724
-0.9945315
-0.9948474
-0.99490213
-0.99464023
-0.99435604
-0.99445856
-0.9942777
-0.9942743
-0.9944595
-0.99378026
-0.99408144
-0.99425524
-0.9936019
-0.9932972
-0.9932121
-0.99271756
-0.9933178
-0.9939117
-0.99426484
-0.9948639
-0.99496925
-0.9946326
-0.9949614
-0.9951113
-0.99458456
-0.99343264
-0.9927521
-0.9922833
-0.99376374
-0.99449867
-0.9932574
-0.99267757
-0.99450576
-0.99472684
-0.99328375
-0.9924898
-0.9928931
-0.9933344
-0.9923683
-0.9915101
-0.99381137
-0.99453026
-0.99330705
-0.9930622
-0.9921178
-0.99351007
-0.9939355
-0.99434596
-0.99461937
-0.9938927
-0.9924923
-0.9917299
-0.99260306
-0.99464744
-0.9946275
-0.9926951
-0.9927682
-0.9926302
-0.9926619
-0.9935486
-0.99360496
-0.99442625
-0.99375206
-0.9938918
-0.9929575
-0.9929176
-0.9937524
-0.99467266
-0.9949606
-0.9938983
-0.99478465
-0.9942873
-0.9944744
-0.99355763
-0.9938819
-0.99428445
-0.99453086
-0.9948295
-0.9946035
-0.9947257
-0.9943791
-0.99492335
-0.99480504
-0.99440986
-0.9943445
-0.99436307
-0.9941223
-0.9941372
-0.99446076
-0.9938501
-0.9952248
-0.99506056
-0.99425787
-0.9950092
-0.99508494
-0.99432987
-0.99486023
-0.994156
-0.99162114
-0.9910875
-0.99357885
-0.9940985
-0.9942558
-0.9925326
-0.99173236
-0.9928217
-0.9928871
-0.9937919
-0.9939969
-0.9932377
-0.9921924
-0.99206036
-0.9932351
-0.9934351
-0.99334925
-0.993946
-0.9938392
-0.9928495
-0.9933207
-0.99331594
-0.99409837
-0.99391025
-0.99422306
-0.99413896
-0.99451816
-0.99458724
-0.9940722
-0.994454
-0.9940974
-0.9935767
-0.9940798
-0.9938708
-0.99377817
-0.99329567
-0.99426293
-0.99435663
-0.9943478
-0.99396104
-0.9943731
-0.9945278
-0.9945805
-0.9940961
-0.99281144
-0.9905427
-0.9877302
-0.9916718
-0.9898871
-0.98787034
-0.99155813
-0.98991597
-0.98741835
-0.9917552
-0.9895019
-0.9872519
-0.99140716
-0.98914325
-0.98791534
-0.99092495
-0.9880609
-0.98836535
-0.99059933
-0.9888729
-0.9897105
-0.991257
-0.9904208
-0.9903806
-0.9919666
-0.9920752
-0.9911688
-0.990799
-0.99228317
-0.99265355
-0.9922324
-0.9921854
-0.9924888
-0.9920059
-0.99275535
-0.9926793
-0.9928605
-0.9928808
-0.99285334
-0.9928179
-0.99374753
-0.9935382
-0.99294525
-0.99252754
-0.99289346
-0.9930665
-0.9932229
-0.9933752
-0.99335057
-0.9934557
