-0.22667137
-0.2532969
-0.25096023
-0.2681465
-0.28493756
-0.29536825
-0.30644977
-0.32587534
-0.34521127
-0.3463077
-0.36575243
-0.3698369
-0.37536162
-0.3919443
-0.39747724
-0.39530838
-0.4089737
-0.42006576
-0.4307054
-0.44170114
-0.4409842
-0.45296153
-0.4693362
-0.46363312
-0.4896943
-0.50101256
-0.49729475
-0.4998372
-0.51224345
-0.5216739
-0.53301674
-0.5456467
-0.544722
-0.55894357
-0.5593533
-0.5683934
-0.5615553
-0.5763608
-0.56964767
-0.58631176
-0.5851225
-0.5882709
-0.5869366
-0.5964309
-0.58667034
-0.58860517
-0.58228016
-0.58452576
-0.5853544
-0.59093684
-0.58858675
-0.58513767
-0.59269124
-0.589539
-0.5942455
-0.5899122
-0.59113365
-0.5959374
-0.58775777
-0.596547
-0.6004613
-0.5976574
-0.59985876
-0.59663504
-0.59970605
-0.5948532
-0.6006479
-0.595922
-0.6088036
-0.59703493
-0.6082983
-0.61170536
-0.6068123
-0.6108375
-0.6096453
-0.60764647
-0.60824424
-0.61362964
-0.6182102
-0.6049571
-0.61639684
-0.6169559
-0.60947174
-0.6137364
-0.6190515
-0.6159796
-0.61620516
-0.6150108
-0.61167866
-0.6148525
-0.6196145
-0.61695033
-0.61063826
-0.61288047
-0.6120096
-0.61536324
-0.62284833
-0.6123363
-0.619241
-0.6114657
-0.610209
-0.61710197
-0.62387633
-0.62022984
-0.60911316
-0.6259533
-0.6258228
-0.6196256
-0.62385756
-0.6226122
-0.6215351
-0.6157795
-0.6196394
-0.617557
-0.624348
-0.61788785
-0.6282185
-0.6145879
-0.61848015
-0.6160574
-0.61981505
-0.61607975
-0.6272472
-0.6212497
-0.62238926
-0.62437296
-0.61960584
-0.6269524
-0.6250749
-0.61976326
-0.6300796
-0.62336314
-0.62288576
-0.6194808
-0.62447184
-0.6254329
-0.6272203
-0.6203711
-0.62276876
-0.61822736
-0.6278553
-0.62090504
-0.62510866
-0.62383866
-0.6202983
-0.62940145
-0.62539244
-0.619627
-0.6157911
-0.62334204
-0.6299896
-0.62727547
-0.6231759
-0.6237282
-0.63239765
-0.6277796
-0.62858427
-0.6246521
-0.63448393
-0.6258551
-0.6264425
-0.6282724
-0.62916523
-0.62853783
-0.6250102
-0.6304381
-0.63224596
-0.62871456
-0.62834924
-0.6344967
-0.625564
-0.6254723
-0.63302857
-0.6321302
-0.62870127
-0.6211741
-0.63209
-0.6315764
-0.62228113
-0.63522935
-0.6247502
-0.62336546
-0.62720615
-0.6336146
-0.6287888
-0.6293555
-0.6310998
-0.6299308
-0.63285923
-0.62862045
-0.62859464
-0.6353087
-0.6329992
-0.6353045
-0.63308734
-0.6307855
-0.63176024
-0.6318441
-0.6370147
-0.62503123
-0.6328955
-0.63805604
-0.63239044
-0.62438416
-0.62970763
-0.6398122
-0.6366286
-0.6322173
-0.6358792
-0.6284078
-0.6365955
-0.6345673
-0.6348977
-0.63442814
-0.6303675
-0.63242936
-0.6376206
-0.6374198
-0.6366129
-0.6366754
-0.6296426
-0.63074034
-0.6319817
-0.63557327
-0.63215375
-0.63292116
-0.6324296
-0.64196163
-0.63249516
-0.63007647
-0.63273937
-0.62684345
-0.6363082
-0.63405216
-0.6365803
-0.6407623
-0.6416741
-0.6313963
-0.6387861
-0.6406828
-0.64
-0.6422074
-0.64153606
-0.6354169
-0.6323789
-0.6310345
-0.63097185
-0.63236755
-0.6336917
-0.6362334
-0.62793785
-0.63801086
-0.64512515
-0.6336713
-0.6339203
-0.632343
-0.6402054
-0.63233125
-0.6405456
-0.64119464
-0.64010584
-0.6373581
-0.63897055
-0.63824904
-0.64105105
-0.6367523
-0.64175546
-0.6404101
-0.63623077
-0.64157826
-0.6326936
-0.6379798
-0.6294
-0.63297826
-0.64393926
-0.63765275
-0.63566375
-0.6334987
-0.63410074
-0.6340906
-0.6433485
-0.6411238
-0.6375483
-0.637998
-0.6367381
-0.6340664
-0.6336824
-0.63626784
-0.63715476
-0.6364593
-0.6427861
-0.64118475
-0.63887197
-0.63465285
-0.64347076
-0.63598764
-0.6407393
-0.6386069
-0.6431267
-0.639046
-0.6395394
-0.6382295
-0.63695836
-0.64441234
-0.6345626
-0.63862324
-0.63884467
-0.64284486
-0.64020777
-0.63574636
-0.6349165
-0.6362301
-0.6435788
-0.6412159
-0.6393239
-0.6455784
-0.64083856
-0.6370142
-0.6290253
-0.6400975
-0.64601636
-0.6342226
-0.6416715
-0.64296997
-0.6365163
-0.6380419
-0.6483003
-0.6355012
-0.64200866
-0.6446369
-0.64412105
-0.63774353
-0.6455424
-0.6400462
-0.64991826
-0.6391449
-0.63578916
-0.63956887
-0.64495707
-0.646225
-0.6409452
-0.6431719
-0.6395749
-0.64838797
-0.6397363
-0.6428493
-0.63512397
-0.649605
-0.6462063
-0.6470229
-0.6424789
-0.64220965
-0.6435125
-0.64021623
-0.6350292
-0.6442064
-0.6385363
-0.6477863
-0.6441177
-0.64688426
-0.64059
-0.6413405
-0.64167154
-0.6415585
-0.63914174
-0.6397886
-0.6448988
-0.6412397
-0.64813066
-0.6369599
-0.64457905
-0.6430596
-0.64899164
-0.64203507
-0.64068156
-0.6397644
-0.64805555
-0.6487957
-0.64276016
-0.6419032
-0.642011
-0.6390719
-0.6371575
-0.637296
-0.6461041
-0.64218634
-0.64328915
-0.64041054
-0.64530987
-0.6407978
-0.64318395
-0.64215076
-0.6421388
-0.6472953
-0.6446564
-0.6429258
-0.6489889
-0.64456433
-0.6452762
-0.64252466
-0.63598
-0.6424589
-0.6397674
-0.64505446
-0.6432778
-0.6417904
-0.6412366
-0.6417
-0.643161
-0.6425874
-0.64357597
-0.646924
-0.64346117
-0.6541694
-0.638766
-0.6440452
-0.6413639
-0.6447706
-0.6422678
-0.64079106
-0.6413726
-0.64572614
-0.64889795
-0.64564615
-0.6496538
-0.6482977
-0.64805174
-0.6434177
-0.64666355
-0.6464088
-0.6451945
-0.64977527
-0.65009105
-0.65078807
-0.6427544
-0.63999027
-0.64695597
-0.6484827
-0.6500109
-0.6478392
-0.6470292
-0.6413826
-0.6506348
-0.6467311
-0.65180117
-0.64593613
-0.645623
-0.6488477
-0.6529243
-0.6491434
-0.64493525
-0.65376407
-0.64733285
-0.64332324
-0.6553048
-0.6432712
-0.64142525
-0.6509575
-0.6493923
-0.6441582
-0.6470217
-0.65061677
-0.645021
-0.65915847
-0.6547355
-0.6431126
-0.63758326
-0.6588535
-0.6465266
-0.64577836
-0.64473075
-0.6432385
-0.6484832
-0.643455
-0.64816153
-0.6488935
-0.6461994
-0.64063567
-0.6470578
-0.6477326
-0.65374404
-0.6485626
-0.64511836
-0.641293
-0.64667994
-0.6521933
-0.6494749
-0.64929044
-0.64044774
-0.6475333
-0.65025777
-0.6524676
-0.6496067
-0.6520182
-0.65406924
-0.6490978
-0.6547037
-0.65365666
-0.64973646
-0.6451206
-0.65404326
-0.6452225
-0.64847857
-0.6515747
-0.64972025
-0.6489617
-0.65125895
-0.6456463
-0.65336937
-0.6453264
-0.6489874
-0.6460986
-0.64274514
-0.64555883
-0.64919
-0.6486282
-0.6434201
-0.65611005
-0.649454
-0.64710605
-0.6479067
-0.65430105
-0.6521115
-0.64864975
-0.65332615
-0.6509852
-0.64903253
-0.64508367
-0.64926726
-0.65361136
-0.6504292
-0.648429
-0.65342075
-0.65082335
-0.64469355
-0.6521469
-0.65339035
-0.6500426
-0.653209
-0.64820284
-0.66048485
-0.6506129
-0.6520767
-0.6545873
-0.65518427
-0.6489876
-0.64831704
-0.64939857
-0.64933723
-0.6481951
-0.6493626
-0.6511705
-0.65535897
-0.6536421
-0.6493612
-0.6576099
-0.6465379
-0.6568288
-0.65632576
-0.65073425
-0.6531679
-0.6526219
-0.6518477
-0.6504933
-0.64881897
-0.64763993
-0.6535814
-0.64873964
-0.6479366
-0.6483369
-0.64853996
-0.6530899
-0.64762425
-0.64978373
-0.655224
-0.6508605
-0.6534504
-0.6522226
-0.6525577
-0.6516887
-0.64888036
-0.6583003
-0.65313363
-0.64942896
-0.65372235
-0.65627617
-0.64954865
-0.6512157
-0.65755534
-0.6594291
-0.6499251
-0.6584531
-0.6494562
-0.65512884
-0.6582492
-0.6497284
-0.655754
-0.65982234
-0.65532666
-0.65289694
-0.6564318
-0.6545462
-0.65239656
-0.6522026
-0.65316087
-0.6526472
-0.6550633
-0.6539698
-0.655554
-0.6513116
-0.6539563
-0.64904875
-0.6570496
-0.64796615
-0.6542191
-0.65233886
-0.6579795
-0.65673035
-0.65100867
-0.6534672
-0.65501153
-0.656952
-0.6554553
-0.6656584
-0.65962344
-0.6645419
-0.65281206
-0.6560371
-0.65278554
-0.65340966
-0.65655285
-0.65762895
-0.6562896
-0.65387744
-0.65635574
-0.65985185
-0.6565227
-0.65807176
-0.6551547
-0.65328723
-0.64647937
-0.6553687
-0.65691066
-0.6496588
-0.65165573
-0.6596343
-0.6552045
-0.65688723
-0.6516618
-0.6488669
-0.6588433
-0.65491825
-0.6480465
-0.6531792
-0.6573664
-0.65480936
-0.65596604
-0.6582361
-0.6554495
-0.6557977
-0.65642947
-0.65447557
-0.6588513
-0.6512982
-0.65585387
-0.65065587
-0.65312535
-0.65917313
-0.6562914
-0.65058416
-0.6608409
-0.65800714
-0.6660875
-0.6527241
-0.6580928
-0.6568945
-0.6544298
-0.6538391
-0.6583593
-0.6566704
-0.6591757
-0.6554512
-0.6498952
-0.65174836
-0.6614267
-0.65080935
-0.65907574
-0.658278
-0.65182894
-0.6542882
-0.661956
-0.6555269
-0.6594813
-0.6527294
-0.66420144
-0.6616614
-0.6539754
-0.6585525
-0.6568269
-0.6591818
-0.65834373
-0.65304744
-0.65908825
-0.65348655
-0.6538781
-0.6555248
-0.6479025
-0.6553314
-0.6613032
-0.65644675
-0.6634537
-0.6545956
-0.6545974
-0.6618415
-0.6532634
-0.6581858
-0.66093063
-0.6567007
-0.65910316
-0.6558678
-0.66084844
-0.65342796
-0.65370303
-0.65938014
-0.65582496
-0.6610646
-0.65760314
-0.65234345
-0.6617865
-0.65891737
-0.6610564
-0.6643915
-0.65317637
-0.66373736
-0.6582029
-0.65856445
-0.6611273
-0.6548528
-0.6559644
-0.6576374
-0.65332067
-0.6552228
-0.65332896
-0.66199875
-0.65654683
-0.6620226
-0.6574741
-0.6606491
-0.65965426
-0.6579846
-0.6614758
-0.6621348
-0.65898156
-0.6646989
-0.6568622
-0.6524252
-0.66546184
-0.6589824
-0.6577706
-0.65865827
-0.6623009
-0.6555555
-0.6642838
-0.65383315
-0.65920013
-0.6633711
-0.6597709
-0.6636429
-0.656885
-0.66387796
-0.66241217
-0.6562311
-0.66367346
-0.6659535
-0.65640384
-0.65408176
-0.6603437
-0.65949404
-0.6573371
-0.6626417
-0.65889096
-0.6646921
-0.663235
-0.65437466
-0.6612812
-0.66084015
-0.6618035
-0.6654265
-0.6599562
-0.6605881
-0.6600967
-0.6637018
-0.6614837
-0.65883774
-0.66413265
-0.6650008
-0.6564179
-0.6587439
-0.65926045
-0.6647724
-0.6597269
-0.66110116
-0.65670216
-0.666198
-0.6585909
-0.65694404
-0.66578525
-0.6617649
-0.6624222
-0.66478413
-0.6530592
-0.66310054
-0.6587796
-0.66163
-0.65861726
-0.66077197
-0.6639581
-0.659544
-0.660423
-0.65799236
-0.6598868
-0.6591304
-0.6637766
-0.6654311
-0.66619
-0.6606923
-0.65401924
-0.6635105
-0.6616884
-0.65776104
-0.65480566
-0.65985394
-0.6608089
-0.66500103
-0.6630326
-0.65931505
-0.6680793
-0.6581425
-0.6526253
-0.6593158
-0.6628589
-0.65811026
-0.6618638
-0.66789526
-0.6589103
-0.6549149
-0.66490877
-0.6638109
-0.6589129
-0.6633897
-0.66379434
-0.6585357
-0.65915304
-0.6633413
-0.6574536
-0.66011316
-0.66523325
-0.65602565
-0.66126996
-0.6610614
-0.66011524
-0.6604356
-0.6611004
-0.66811126
-0.65742743
-0.66672903
-0.6660638
-0.6624164
-0.66007537
-0.6677296
-0.66141856
-0.66398525
-0.6661947
-0.66104496
-0.6591644
-0.66409636
-0.6649271
-0.6625929
-0.66718876
-0.6662394
-0.6637206
-0.6668361
-0.6615199
-0.6622062
-0.6603423
-0.66516405
-0.65949774
-0.6693593
-0.6574127
-0.658444
-0.6655816
-0.6684042
-0.6618844
-0.66118073
-0.6675054
-0.66181433
-0.6685112
-0.6607745
-0.658172
-0.6667416
-0.6645937
-0.66320384
-0.6664257
-0.6661023
-0.66318077
-0.662425
-0.6716001
-0.6657133
-0.6617944
-0.6609124
-0.6602445
-0.6612372
-0.661603
-0.6635565
-0.66109836
-0.6658041
-0.6681615
-0.6621189
-0.6689128
-0.6698364
-0.66929257
-0.66649926
-0.6687334
-0.6667123
-0.6679059
-0.66666025
-0.66489893
-0.66478115
-0.6601798
-0.67137057
-0.66508764
-0.66161406
-0.6671355
-0.6626625
-0.66473657
-0.66706896
-0.6588055
-0.6636775
-0.65862846
-0.6614252
-0.6639707
-0.66632897
-0.6687755
-0.66253275
-0.66278124
-0.66638464
-0.669022
-0.66038835
-0.6617978
-0.6608097
-0.66846126
-0.65813917
-0.66426384
-0.6641273
-0.66502166
-0.66182435
-0.6631586
-0.66120744
-0.6631689
-0.6694772
-0.6625694
-0.6694704
-0.6687503
-0.66345793
-0.6668487
-0.6611929
-0.6708603
-0.6610209
-0.67288065
-0.66691333
-0.66234386
-0.66286093
-0.6701974
-0.6715083
-0.66538274
-0.668391
-0.66577476
-0.66641784
-0.6686549
-0.6662215
-0.660876
-0.6604945
-0.6640422
-0.66698664
-0.6679131
-0.6643585
-0.6600011
-0.6703601
-0.66968536
-0.6665351
-0.6618789
-0.6683192
-0.664859
-0.66975194
-0.6662437
-0.66630113
-0.6602486
-0.6700262
-0.6739904
-0.6661833
-0.6698137
-0.6624569
-0.6663034
-0.65892214
-0.6637638
-0.6682378
-0.66123515
-0.66165555
-0.6680933
-0.6726735
-0.6673668
-0.6666557
-0.66930956
-0.6620877
-0.6730238
-0.66870797
-0.6649498
-0.66721964
-0.6696662
-0.6677963
-0.6684356
-0.6671104
-0.6707453
-0.6726499
-0.6724584
-0.6612932
-0.66644317
-0.6683823
-0.6623504
-0.6663073
-0.66992706
-0.67299956
-0.66936284
-0.6692649
-0.66613513
-0.6695099
-0.6640254
-0.6650853
-0.6668757
-0.6688592
-0.66594553
-0.6689805
-0.66631573
-0.6735543
-0.6687367
-0.6649277
-0.66776353
-0.66688913
-0.6649581
-0.667488
-0.66772294
-0.65970445
-0.667637
-0.6716529
-0.6659096
-0.6583782
-0.66764915
-0.6678353
-0.66876984
-0.6695811
-0.66865104
-0.6596849
-0.67083555
-0.66926444
-0.66815037
-0.6657829
-0.664347
-0.669121
-0.6654218
-0.6615079
-0.6729459
-0.6699453
-0.6694836
-0.67195076
-0.65461904
-0.6654935
-0.6650339
-0.6600278
-0.6520457
-0.66679806
-0.657825
-0.6573879
-0.6592276
-0.6594554
-0.66386676
-0.662468
-0.6691284
-0.6643637
-0.6673195
-0.6653491
-0.6675057
-0.6670637
-0.6682059
-0.66336304
-0.66805273
-0.6702807
-0.6641557
-0.66629916
-0.67251635
-0.66438264
-0.66628885
-0.67074054
-0.6642209
-0.67343235
-0.66819245
-0.67122936
-0.6718983
-0.6680667
-0.673246
-0.6629541
-0.67093635
-0.6698099
-0.66706735
-0.6602013
-0.6653939
-0.66567457
-0.6724649
-0.6700278
-0.6680728
-0.6609549
-0.6755047
-0.66998756
-0.6669717
-0.6736591
-0.66692823
-0.67635703
-0.6721554
-0.67026895
-0.6759177
-0.671684
-0.6662633
-0.6667318
-0.66891664
-0.6686078
-0.6722913
-0.6729496
-0.6748702
-0.6636664
-0.6699473
-0.67248404
-0.66973865
-0.6719256
-0.67107356
-0.6673994
-0.6733929
-0.671698
-0.66499114
-0.67575616
-0.6745781
-0.6782386
-0.6757162
-0.6759799
-0.67251986
-0.672343
-0.66960055
-0.668433
-0.67561203
-0.6688495
-0.6727859
-0.6791686
-0.6765716
-0.6688794
-0.67102766
-0.67665505
-0.6706085
-0.6721415
-0.6793496
-0.6664233
-0.67469245
-0.6742838
-0.6736054
-0.6763644
-0.66993135
-0.669501
-0.6723908
-0.6713385
-0.6673765
-0.671454
-0.6773255
-0.6707802
-0.674129
-0.6712487
-0.67106026
-0.67342716
-0.67705613
-0.67338926
-0.6730585
-0.66983885
-0.66933495
-0.67038697
-0.67141056
-0.67690754
-0.6711102
-0.6789114
-0.67727405
-0.67070293
-0.67647886
-0.6732765
-0.6754981
-0.6721166
-0.6709703
-0.6694037
-0.6690722
-0.67286325
-0.673445
-0.6713353
-0.66785413
-0.6699372
-0.66878706
-0.6670978
-0.67361325
-0.6741893
-0.668719
-0.6710599
-0.6708145
-0.6713625
-0.6713629
-0.6722872
-0.6701051
-0.67154986
-0.6688375
-0.6647552
-0.67219234
-0.671246
-0.66942084
-0.67447764
-0.6744258
-0.66986936
-0.6718563
-0.6850642
-0.6756906
-0.6736199
-0.6673374
-0.6805638
-0.6718803
-0.6729244
-0.67256397
-0.67049474
-0.6673217
-0.6691345
-0.6785637
-0.67336196
-0.6748984
-0.6710413
-0.6634929
-0.67116106
-0.67348564
-0.67981243
-0.67317337
-0.6764893
-0.6768921
-0.67333883
-0.6709713
-0.67346764
-0.67305684
-0.67530334
-0.67471033
-0.6703528
-0.6718556
-0.6746024
-0.6747182
-0.6762462
-0.67522615
-0.68174607
-0.6749564
-0.67804366
-0.6722391
-0.6727525
-0.672986
-0.6740695
-0.6738893
-0.67118585
-0.67390066
-0.67050105
-0.67189133
-0.66749394
-0.6698125
-0.6666789
-0.68023264
-0.67332506
-0.6719575
-0.6684894
-0.67494303
-0.6770449
-0.67468673
-0.6759427
-0.67696196
-0.67194706
-0.6735245
-0.66703284
-0.67586005
-0.67333865
-0.67979026
-0.6726522
-0.6774482
-0.68072754
-0.68149906
-0.67080677
-0.6758093
-0.67364615
-0.6720529
-0.6744006
-0.67453
-0.6706216
-0.67250824
-0.67920953
-0.67351186
-0.6764329
-0.67253065
-0.67194617
-0.67427784
-0.6681474
-0.67066413
-0.67393684
-0.67370486
-0.67489994
-0.6794777
-0.6727205
-0.67513937
-0.6746427
-0.6748919
-0.6825109
-0.6744139
-0.6747616
-0.6706205
-0.6716264
-0.678194
-0.6709955
-0.6739738
-0.6718601
-0.67539096
-0.6731835
-0.68259436
-0.6694538
-0.6761312
-0.674779
-0.6718649
-0.67709917
-0.6762083
-0.6789706
-0.67579615
-0.67788637
-0.672802
-0.67731327
-0.67178124
-0.6724869
-0.6827716
-0.673727
-0.6754289
-0.68039626
-0.67546284
-0.673617
-0.6743287
-0.67908883
-0.6743419
-0.67740726
-0.6795374
-0.6738353
-0.67650497
-0.675741
-0.6761331
-0.6808144
-0.67335707
-0.6803841
-0.67251277
-0.6750166
-0.6810675
-0.6821644
-0.6743918
-0.6759257
-0.679751
-0.6746176
-0.6760393
-0.67419803
-0.67363924
-0.6787374
-0.67837673
-0.6727452
-0.68048584
-0.6809831
-0.67643565
-0.6785363
-0.67937636
-0.67389053
-0.6761887
-0.679475
-0.6724778
-0.6776708
-0.6797688
-0.6811525
-0.6768473
-0.6728318
-0.67665493
-0.67616314
-0.6712647
-0.67314297
-0.67280567
-0.6732431
-0.6747262
-0.67230535
-0.6761168
-0.675825
-0.67856306
-0.6794764
-0.6781185
-0.68344676
-0.6758578
-0.67732596
-0.6754374
-0.6758908
-0.6795119
-0.67138207
-0.67327565
-0.6829981
-0.67451286
-0.6703704
-0.67511845
-0.67984295
-0.6743473
-0.6759687
-0.6772882
-0.6780478
-0.68075025
-0.6772836
-0.67610544
-0.6731015
-0.6785679
-0.6815991
-0.6735681
-0.67949057
-0.67297333
-0.672146
-0.68388015
-0.6767687
-0.67413014
-0.67976993
-0.67838407
-0.6792269
-0.6782725
-0.6670622
-0.6809604
-0.67585516
-0.6824968
-0.6760207
-0.6776978
-0.6764521
-0.67905945
-0.6828511
-0.67290163
-0.6763495
-0.67775375
-0.67528945
-0.6730066
-0.6818711
-0.6772148
-0.6794036
-0.67470855
-0.67639107
-0.67783564
-0.6796697
-0.67641497
-0.6769061
-0.6707185
-0.6804421
-0.67761546
-0.68060887
-0.6797252
-0.67734295
-0.6803021
-0.6782426
-0.67165655
-0.67649055
-0.6777508
-0.6853108
-0.6791112
-0.6783735
-0.6777137
-0.67550087
-0.67654276
-0.6835231
-0.68171036
-0.6779651
-0.67373526
-0.6792264
-0.6775094
-0.6754153
-0.6768025
-0.68019265
-0.67796445
-0.6806674
-0.6753336
-0.6776173
-0.6796734
-0.68072677
-0.6830066
-0.68367326
-0.680824
-0.6779336
-0.68430406
-0.68039525
-0.6780687
-0.6815664
-0.68601245
-0.67414004
-0.6796162
-0.67922115
-0.68162906
-0.6775183
-0.6818967
-0.6873095
-0.6746716
-0.6769575
-0.68200743
-0.68131423
-0.67628944
-0.68121034
-0.6789324
-0.6867556
-0.67882276
-0.6837951
-0.6784769
-0.67818123
-0.68159467
-0.68439794
-0.68535304
-0.67739105
-0.6814094
-0.674503
-0.6827767
-0.68037283
-0.67549306
-0.6763518
-0.67959476
-0.680478
-0.67879224
-0.68120337
-0.68352014
-0.67986
-0.6732413
-0.6848187
-0.6746267
-0.67943794
-0.68172866
-0.6831427
-0.67597395
-0.680376
-0.6796164
-0.6736311
-0.6803216
-0.6731603
-0.67986804
-0.68376195
-0.6740798
-0.68494403
-0.6926324
-0.6846054
-0.68756485
-0.6783914
-0.6816599
-0.681551
-0.6822292
-0.6794837
-0.6836463
-0.6804652
-0.6799299
-0.6802793
-0.67306215
-0.6845841
-0.6777074
-0.68462384
-0.68488777
-0.67542857
-0.67411727
-0.68204623
-0.6802909
-0.68772686
-0.6854125
-0.6853717
-0.68351954
-0.67792064
-0.68575114
-0.6713133
-0.6785963
-0.68337184
-0.6761515
-0.6834299
-0.6744031
-0.6816315
-0.6797759
-0.6887826
-0.67897135
-0.67776537
-0.6822728
-0.67655325
-0.6772099
-0.6831146
-0.6822035
-0.6833813
-0.67872965
-0.6761643
-0.6766435
-0.6811118
-0.6784167
-0.6823788
-0.68317616
-0.6828071
-0.68093985
-0.6847097
-0.6807077
-0.68456054
-0.68515784
-0.6826268
-0.6834403
-0.68403256
-0.68584096
-0.6824501
-0.68739414
-0.6833148
-0.6770916
-0.67591864
-0.6798575
-0.68318194
-0.6831039
-0.68288285
-0.6781884
-0.6823322
-0.6786996
-0.68573684
-0.6836003
-0.68507195
-0.6824378
-0.67860013
-0.6816979
-0.6821167
-0.68300366
-0.68639714
-0.67991894
-0.68140805
-0.68528754
-0.67975795
-0.67915297
-0.6819606
-0.6853248
-0.6848018
-0.68300724
-0.6796502
-0.6783412
-0.6778854
-0.68054545
-0.67490894
-0.67601126
-0.6824963
-0.68006253
-0.67877984
-0.6862036
-0.690692
-0.6851897
-0.687474
-0.6910106
-0.6825151
-0.68074137
-0.67856723
-0.6820523
-0.6840704
-0.67769134
-0.68844706
-0.68587774
-0.6856966
-0.68387705
-0.6789391
-0.6791966
-0.6790917
-0.6801854
-0.6806859
-0.6819703
-0.6801869
-0.68819225
-0.676056
-0.6804501
-0.6746108
-0.68126
-0.6883078
-0.68434554
-0.68096113
-0.6891767
-0.68155605
-0.6820578
-0.68099296
-0.68221563
-0.6840015
-0.68161565
-0.68534493
-0.68617517
-0.6869625
-0.68327683
-0.68802345
-0.6811114
-0.68578804
-0.689347
-0.6785811
-0.68629473
-0.6842804
-0.68889296
-0.681411
-0.690196
-0.6828026
-0.68605673
-0.6869416
-0.6839979
-0.69082
-0.6776479
-0.6848485
-0.6837645
-0.680844
-0.68215466
-0.6828233
-0.68368787
-0.68635315
-0.6819052
-0.68501455
-0.6833911
-0.68101734
-0.6814374
-0.6872296
-0.6908076
-0.68583304
-0.684423
-0.6800106
-0.67981315
-0.68127084
-0.6835618
-0.6905154
-0.68212986
-0.6805168
-0.68987167
-0.678276
-0.6874122
-0.6887452
-0.68293715
-0.67893606
-0.6747339
-0.6768293
-0.6775625
-0.68313414
-0.68966955
-0.6852362
-0.6912873
-0.68641824
-0.68203783
-0.6800128
-0.68588966
-0.6815335
-0.68258196
-0.68527865
-0.6800949
-0.6814425
-0.6894346
-0.68993956
-0.6803673
-0.68641686
-0.68854517
-0.6827295
-0.6863384
-0.68667513
-0.68230236
-0.68294907
-0.6826749
-0.6814326
-0.6846568
-0.6880542
-0.6869603
-0.68726987
-0.6848077
-0.6866913
-0.68350893
-0.6824867
-0.68139863
-0.67765486
-0.6813883
-0.68579364
-0.6875395
-0.6904676
-0.68042076
-0.6848115
-0.69005454
-0.6865766
-0.68268365
-0.68668926
-0.69093496
-0.6841312
-0.68579805
-0.688
-0.68461233
-0.6872397
-0.68273365
-0.6802455
-0.6834881
-0.6875168
-0.6831556
-0.69017816
-0.68318504
-0.6857656
-0.6826628
-0.68260914
-0.6854922
-0.68108237
-0.686257
-0.6819251
-0.6809539
-0.6798693
-0.68681896
-0.6790784
-0.6894672
-0.69182366
-0.6825679
-0.68572265
-0.685644
-0.68375987
-0.68817157
-0.686041
-0.6854611
-0.68488497
-0.6835046
-0.686344
-0.6871834
-0.6874842
-0.679613
-0.68311614
-0.6920365
-0.6860678
-0.6851888
-0.6836021
-0.6895151
-0.6882975
-0.68849045
-0.6907428
-0.6918866
-0.6868223
-0.6906335
-0.6893287
-0.68638724
-0.688294
-0.68621624
-0.6888498
-0.6859378
-0.6882083
-0.68873096
-0.682433
-0.68478024
-0.67903537
-0.68787146
-0.68148935
-0.6913308
-0.6844361
-0.6869332
-0.6885968
-0.68082595
-0.68253934
-0.6889996
-0.6889377
-0.6861972
-0.6933094
-0.68605244
-0.69152194
-0.68872404
-0.68539834
-0.6871575
-0.6852869
-0.6857638
-0.6880076
-0.6910755
-0.69416237
-0.6887575
-0.6870618
-0.6841921
-0.686945
-0.6899681
-0.689276
-0.68896484
-0.6870471
-0.68939817
-0.6901642
-0.686646
-0.6903299
-0.68320626
-0.68624717
-0.68828034
-0.6887012
-0.6866883
-0.68649155
-0.69017726
-0.6844768
-0.6969599
-0.68637055
-0.68583417
-0.6862436
-0.68412876
-0.6777289
-0.6898421
-0.68432754
-0.6937245
-0.6947027
-0.68593264
-0.6871237
-0.68747526
-0.68991166
-0.6907059
-0.689184
-0.6869486
-0.69196635
-0.6900486
-0.68677366
-0.680417
-0.6877516
-0.6880598
-0.6744917
-0.6856813
-0.68788135
-0.6822007
-0.6870447
-0.6834879
-0.68545
-0.6896724
-0.6926271
-0.6829192
-0.69127226
-0.6892916
-0.6869632
-0.6901714
-0.6849552
-0.6866752
-0.690919
-0.6863636
-0.69064134
-0.6888677
-0.6882868
-0.69250536
-0.68846136
-0.6916434
-0.6907179
-0.68733007
-0.6968384
-0.6893411
-0.69354147
-0.69075155
-0.6825374
-0.6893792
-0.6835227
-0.69340724
-0.68778026
-0.6880868
-0.6887178
-0.6912126
-0.6883845
-0.6845257
-0.6894152
-0.685789
-0.6909668
-0.6862524
-0.69880086
-0.68394536
-0.6843285
-0.69117594
-0.68900615
-0.69072175
-0.6902049
-0.6897921
-0.6869555
-0.6890438
-0.6916122
-0.6879796
-0.6941699
-0.69485795
-0.68071634
-0.6916115
-0.6906788
-0.68959254
-0.6832365
-0.6921018
-0.68542445
-0.69385344
-0.69520867
-0.6895794
-0.68586725
-0.6897128
-0.6876609
-0.69045275
-0.69446355
-0.6907756
-0.69108063
-0.6900748
-0.6834463
-0.6959624
-0.6841755
-0.68893176
-0.6870853
-0.6900456
-0.68752915
-0.68751997
-0.6839788
-0.68903285
-0.68961936
-0.69244987
-0.6887347
-0.69029254
-0.6897799
-0.6932252
-0.6883421
-0.6962655
-0.68704426
-0.68390995
-0.6925342
-0.6914084
-0.6904379
-0.6882699
-0.6838329
-0.6858763
-0.689001
-0.6890522
-0.694083
-0.6894731
-0.6927394
-0.68533677
-0.6925864
-0.6876463
-0.6910984
-0.6872035
-0.69474036
-0.6956714
-0.69362384
-0.6862455
-0.69519293
-0.6921643
-0.68925524
-0.69368386
-0.6872716
-0.68851316
-0.69129276
-0.6939641
-0.6875003
-0.690694
-0.68521845
-0.6922121
-0.69697493
-0.6923272
-0.687002
-0.6942261
-0.6957607
-0.6901307
-0.6968658
-0.6934192
-0.69335127
-0.6908925
-0.69015557
-0.6888682
-0.6920119
-0.6904053
-0.6903694
-0.6911162
-0.6869124
-0.6985939
-0.6942287
-0.69013846
-0.6949333
-0.6925443
-0.6901651
-0.69334805
-0.68936485
-0.69074327
-0.6920164
-0.6882226
-0.68749684
-0.6949422
-0.6910132
-0.6921437
-0.6959755
-0.68421495
-0.6870543
-0.6988278
-0.69237816
-0.6912022
-0.69124144
-0.69422984
-0.6918112
-0.6953834
-0.6949588
-0.68895334
-0.688968
-0.6888582
-0.6896571
-0.69683933
-0.68697345
-0.68844247
-0.695006
-0.69060534
-0.6883932
-0.6917718
-0.69075584
-0.69249517
-0.6928852
-0.69151396
-0.68949693
-0.69285196
-0.68636334
-0.6940757
-0.6979683
-0.698249
-0.6889647
-0.6896218
-0.692027
-0.69306856
-0.6903232
-0.6969075
-0.69170344
-0.6910016
-0.69164187
-0.69064486
-0.6936058
-0.70054233
-0.68526924
-0.69200236
-0.6881701
-0.6950957
-0.69166934
-0.69570386
-0.6851608
-0.6958414
-0.6943264
-0.6916356
-0.6868128
-0.70229524
-0.68023986
-0.69286704
-0.69096106
-0.70115995
-0.68831366
-0.68622386
-0.6933154
-0.69892913
-0.70118546
-0.69875574
-0.6915684
-0.6902946
-0.69225323
-0.6921896
-0.686443
-0.699454
-0.6937648
-0.6950375
-0.6942335
-0.6953327
-0.6957468
-0.6898325
-0.6876474
-0.691479
-0.6919736
-0.7007431
-0.68750256
-0.6922861
-0.6926089
-0.69597477
-0.69926894
-0.6988869
-0.698326
-0.69369036
-0.6901167
-0.690718
-0.6943223
-0.69513834
-0.68906415
-0.6925605
-0.69209266
-0.69928676
-0.68944615
-0.69318634
-0.69864285
-0.7012815
-0.6921685
-0.6922785
-0.69090587
-0.69357616
-0.6991691
-0.69084686
-0.7022548
-0.6961988
-0.69516325
-0.69810534
-0.6950745
-0.7012916
-0.69702756
-0.69687784
-0.6935535
-0.6894915
-0.6961868
-0.6905446
-0.6954983
-0.6935973
-0.69438
-0.6937577
-0.6989033
-0.6947707
-0.69251823
-0.69410986
-0.69935906
-0.69056463
-0.69476795
-0.6940422
-0.7010069
-0.69778556
-0.6946307
-0.69163334
-0.6934865
-0.698436
-0.69391936
-0.6923711
-0.69282395
-0.69699454
-0.6961804
-0.69847554
-0.70371425
-0.69684345
-0.6939389
-0.6953047
-0.69636244
-0.69820344
-0.69692874
-0.7007518
-0.6985166
-0.6976926
-0.6909645
-0.6934042
-0.6967332
-0.6958035
-0.6992385
-0.6930867
-0.69714636
-0.689467
-0.6926631
-0.69207
-0.69553584
-0.69086516
-0.6990684
-0.69776285
-0.6956527
-0.6942987
-0.70252275
-0.6933661
-0.6886894
-0.69116
-0.69157064
-0.69356954
-0.6906164
-0.695143
-0.6960079
-0.6981805
-0.6941061
-0.69592905
-0.6930001
-0.6971967
-0.6952331
-0.6909679
-0.6969623
-0.6941283
-0.69680554
-0.69589245
-0.6916581
-0.69370365
-0.7005542
-0.6926588
-0.69988924
-0.699467
-0.70013237
-0.6932945
-0.6909954
-0.6934579
-0.6959739
-0.6937148
-0.69512206
-0.69658923
-0.6999417
-0.7006185
-0.6995197
-0.69354385
-0.69598603
-0.6965717
-0.698216
-0.6979852
-0.69813144
-0.6915764
-0.6977147
-0.69962484
-0.6945061
-0.70094234
-0.69659895
-0.7007053
-0.69912946
-0.6956644
-0.6924514
-0.6937419
-0.69764376
-0.69464386
-0.6960491
-0.6919382
-0.6942919
-0.6988086
-0.6986996
-0.692898
-0.69792986
-0.69181186
-0.69864583
-0.6924315
-0.6886405
-0.69249946
-0.69304353
-0.6975331
-0.69265926
-0.6972741
-0.7010109
-0.69696766
-0.69947374
-0.6943618
-0.6958946
-0.6939548
-0.6934818
-0.69690615
-0.6946407
-0.7074681
-0.69568115
-0.6911019
-0.7009497
-0.69855016
-0.6971119
-0.69411117
-0.69575834
-0.6967176
-0.6984075
-0.69928414
-0.6970539
-0.6977693
-0.69717526
-0.69674647
-0.70204383
-0.7027606
-0.6932696
-0.6981196
-0.69648844
-0.69780326
-0.6997044
-0.69202524
-0.6938958
-0.70276004
-0.6953574
-0.6980025
-0.7025659
-0.6999846
-0.7014475
-0.7032371
-0.6993926
-0.6970379
-0.69611907
-0.69766295
-0.69712734
-0.69694144
-0.69870895
-0.7001118
-0.6996931
-0.69867986
-0.6992588
-0.703175
-0.69417995
-0.7023992
-0.69978666
-0.7040207
-0.7023663
-0.7017976
-0.7012383
-0.69355685
-0.69646007
-0.6921015
-0.70122766
-0.7047722
-0.6992776
-0.6987686
-0.69915193
-0.7003693
-0.69801694
-0.7015468
-0.7016736
-0.69647616
-0.6967754
-0.69338346
-0.6969795
-0.70531714
-0.69819665
-0.7006907
-0.6972786
-0.6993148
-0.7023995
-0.7002384
-0.70221686
-0.7009852
-0.70412314
-0.6898204
-0.69701153
-0.70112336
-0.7023215
-0.6950483
-0.70430243
-0.6984088
-0.70014393
-0.6999403
-0.69908756
-0.6965242
-0.69412184
-0.70023495
-0.6975552
-0.70242286
-0.6969776
-0.69855684
-0.699125
-0.7016378
-0.6989057
-0.69871604
-0.70128757
-0.69288754
-0.69295895
-0.70092756
-0.6961726
-0.7015584
-0.6987526
-0.6986854
-0.7037621
-0.7056565
-0.7015286
-0.7042715
-0.6981626
-0.7022346
-0.69757956
-0.6957204
-0.6988549
-0.6972003
-0.7047534
-0.6997511
-0.704628
-0.7053909
-0.69368994
-0.70054495
-0.70248616
-0.6979154
-0.70344234
-0.69703555
-0.6994769
-0.70132136
-0.6996811
-0.7001463
-0.7054282
-0.7040378
-0.69893765
-0.70005757
-0.6942016
-0.7003539
-0.7033146
-0.69772834
-0.6966647
-0.6997187
-0.69256765
-0.69895107
-0.70049334
-0.7030787
-0.7067843
-0.7006623
-0.70437896
-0.695379
-0.7019087
-0.70105004
-0.69772124
-0.70242745
-0.698949
-0.7017809
-0.70281863
-0.7029559
-0.69970983
-0.7026201
-0.70427305
-0.69931644
-0.7020229
-0.7005451
-0.6956064
-0.6980236
-0.7017155
-0.7012941
-0.69986254
-0.70635813
-0.6990666
-0.6956639
-0.6987118
-0.70382977
-0.70191133
-0.7003046
-0.70107067
-0.6960182
-0.6916049
-0.7004406
-0.70905894
-0.6966979
-0.698789
-0.70554125
-0.7046576
-0.70049715
-0.6980384
-0.7085776
-0.69480896
-0.7030426
-0.703464
-0.7039038
-0.709817
-0.70279926
-0.69644123
-0.697663
-0.70073396
-0.70769083
-0.70115507
-0.6987
-0.70728934
-0.7005713
-0.70382607
-0.6985027
-0.70152
-0.6992038
-0.698507
-0.7040562
-0.6968257
-0.6983893
-0.69313073
-0.7020226
-0.70161027
-0.7011983
-0.7018577
-0.7025162
-0.6993593
-0.7063384
-0.7039683
-0.7079314
-0.69952863
-0.70265454
-0.70352435
-0.69812363
-0.7020783
-0.7049041
-0.703931
-0.7028036
-0.7029507
-0.6968945
-0.7053802
-0.7047602
-0.70107293
-0.6989732
-0.7009253
-0.6923532
-0.70766795
-0.7053804
-0.69819504
-0.6966371
-0.7057243
-0.7031369
-0.7012915
-0.7023129
-0.7012091
-0.7017464
-0.70495397
-0.7050716
-0.7027369
-0.6992165
-0.70588964
-0.7015734
-0.70488054
-0.70556563
-0.69888574
-0.6962797
-0.6974166
-0.70131546
-0.70415705
-0.7080627
-0.6968186
-0.70323145
-0.7049325
-0.70123476
-0.7111214
-0.7027251
-0.70590806
-0.70247155
-0.7038644
-0.69812757
-0.7065388
-0.69908476
-0.70580953
-0.70271224
-0.7051411
-0.7070148
-0.70208484
-0.70463216
-0.6961625
-0.7006985
-0.70062053
-0.69977
-0.70542777
-0.6957434
-0.70403504
-0.6970976
-0.6987179
-0.6980297
-0.704488
-0.7039738
-0.7036778
-0.7029817
-0.69941705
-0.71163195
-0.70465577
-0.702801
-0.7053507
-0.7047515
-0.7101391
-0.70320475
-0.7000456
-0.7013002
-0.70237255
-0.7088972
-0.70457995
-0.70625657
-0.7021865
-0.70056784
-0.70214593
-0.70696265
-0.7083748
-0.70237815
-0.7054122
-0.7012854
-0.6996645
-0.7032852
-0.70191
-0.70216477
-0.7062253
-0.70453966
-0.70291525
-0.69961494
-0.7029313
-0.7005596
-0.70842016
-0.7037222
-0.7016012
-0.7038306
-0.7021445
-0.69618154
-0.7031931
-0.70522547
-0.7026284
-0.70191026
-0.7032166
-0.7014396
-0.7048155
-0.70600116
-0.7060095
-0.7046918
-0.7035517
-0.70305043
-0.7033856
-0.70867425
-0.7062691
-0.7021468
-0.70455045
-0.70829356
-0.70195395
-0.7032861
-0.69874793
-0.70769805
-0.6993587
-0.70755315
-0.70057416
-0.70376444
-0.7032284
-0.7045204
-0.70616245
-0.70008314
-0.7068097
-0.69797164
-0.7073394
-0.7026439
-0.70307964
-0.7049126
-0.6979798
-0.707518
-0.70564884
-0.7036801
-0.70297474
-0.70133305
-0.7032305
-0.70551205
-0.70663637
-0.701528
-0.70426136
-0.7102375
-0.7099851
-0.7082582
-0.7027936
-0.70966285
-0.7106413
-0.71183574
-0.6996026
-0.7078732
-0.7053251
-0.70391667
-0.7123788
-0.7043823
-0.7018252
-0.7065731
-0.7063887
-0.7024857
-0.709107
-0.70730495
-0.7088045
-0.7079768
-0.7046011
-0.7033068
-0.70409787
-0.7088466
-0.702537
-0.70378613
-0.70464045
-0.70327795
-0.701877
-0.7054005
-0.7070587
-0.7130021
-0.7081038
-0.71030027
-0.70152736
-0.7027598
-0.70555323
-0.70847815
-0.7037593
-0.70565325
-0.7024025
-0.710724
-0.70359325
-0.70460373
-0.7059364
-0.705139
-0.7055788
-0.7058585
-0.7082436
-0.7024822
-0.7008014
-0.7056907
-0.7068228
-0.7071521
-0.705409
-0.71423227
-0.70585066
-0.7054801
-0.706933
-0.7054073
-0.7026103
-0.70228046
-0.7070958
-0.7090839
-0.70341045
-0.7081553
-0.7116018
-0.70892143
-0.70605916
-0.71214867
-0.70919836
-0.704034
-0.7064416
-0.7071307
-0.6980343
-0.7081258
-0.6996557
-0.7037678
-0.70406604
-0.7042789
-0.70597637
-0.71168804
-0.7082483
-0.70336753
-0.71136594
-0.7075328
-0.7032082
-0.7055675
-0.70917696
-0.70427144
-0.70177937
-0.71082884
-0.70688117
-0.708977
-0.7083016
-0.70827174
-0.7080178
-0.70171165
-0.7044055
-0.70745766
-0.70671797
-0.7076211
-0.7087899
-0.69948506
-0.7125941
-0.7065103
-0.7026051
-0.70219785
-0.7059213
-0.7053643
-0.7052629
-0.7028478
-0.70655966
-0.7094039
-0.7063099
-0.70888114
-0.71046376
-0.7102327
-0.7169945
-0.7042415
-0.70351684
-0.7082779
-0.7077434
-0.7053983
-0.7079532
-0.71021765
-0.7074979
-0.7109898
-0.7096746
-0.7086212
-0.7033021
-0.7079267
-0.7101352
-0.70757747
-0.7066878
-0.7049582
-0.71482843
-0.7115033
-0.70590603
-0.7059224
-0.7055665
-0.7115132
-0.7082732
-0.71013254
-0.70902646
-0.710464
-0.7037385
-0.7036176
-0.7049749
-0.70175964
-0.7066278
-0.70789045
-0.7079923
-0.70977473
-0.7071635
-0.7082013
-0.71033275
-0.7087803
-0.7050462
-0.70772356
-0.7081535
-0.7115069
-0.7130507
-0.7120557
-0.7131505
-0.70545775
-0.7025585
-0.7101739
-0.7105119
-0.70539165
-0.7078476
-0.7076941
-0.7088297
-0.7071697
-0.7073568
-0.71484137
-0.7078349
-0.7088254
-0.71016896
-0.71118855
-0.70294476
-0.7120022
-0.7119394
-0.70133746
-0.7036503
-0.7136752
-0.7062605
-0.7089661
-0.71086645
-0.70924705
-0.7106014
-0.7077866
-0.7073158
-0.7084298
-0.7098069
-0.71035576
-0.7142703
-0.7086956
-0.71447116
-0.7120952
-0.7121668
-0.71365315
-0.70235413
-0.71375775
-0.7038363
-0.70512
-0.7064594
-0.7082676
-0.70733654
-0.7051356
-0.7120571
-0.7087714
-0.7065664
-0.71070063
-0.7121881
-0.7073355
-0.7104224
-0.7094509
-0.7115451
-0.7107039
-0.70647925
-0.70474225
-0.71476007
-0.7096755
-0.713782
-0.712278
-0.7091053
-0.70597154
-0.71428347
-0.70796734
-0.70240486
-0.7115786
-0.70616055
-0.71207654
-0.7123415
-0.712408
-0.70793414
-0.7153649
-0.7100459
-0.7072274
-0.70927924
-0.71178585
-0.70913523
-0.7082397
-0.70864844
-0.70670676
-0.71203
-0.7136022
-0.7146766
-0.70599705
-0.7124582
-0.70661294
-0.7140158
-0.71584463
-0.713377
-0.7059798
-0.71198857
-0.7118402
-0.70786333
-0.7052628
-0.7097801
-0.71250856
-0.706318
-0.7098185
-0.70766485
-0.7097969
-0.7078693
-0.71525574
-0.70967174
-0.7090103
-0.7125487
-0.71350014
-0.7089235
-0.7131337
-0.7072146
-0.7117265
-0.7140685
-0.71065843
-0.71154547
-0.71295565
-0.7089487
-0.7151185
-0.7148123
-0.70921946
-0.71199995
-0.70942503
-0.70916885
-0.71533483
-0.70717585
-0.71443886
-0.71005803
-0.7030629
-0.70878273
-0.7106716
-0.70708025
-0.7086548
-0.7107845
-0.71612096
-0.7112822
-0.7108178
-0.71114314
-0.7117876
-0.715901
-0.7128406
-0.70795
-0.7105097
-0.70858943
-0.71461266
-0.7146706
-0.7148911
-0.7091172
-0.7123335
-0.7068358
-0.703853
-0.70949656
-0.706179
-0.71069354
-0.71556365
-0.7107004
-0.71203583
-0.71451867
-0.70659137
-0.709353
-0.7192784
-0.71772736
-0.7099594
-0.7133719
-0.7108641
-0.7133741
-0.70959276
-0.7123302
-0.7127526
-0.71771497
-0.71181726
-0.70699537
-0.7091408
-0.71121055
-0.70808804
-0.7102896
-0.70926535
-0.70793957
-0.71095663
-0.71073395
-0.7129719
-0.71284235
-0.7161001
-0.7135835
-0.71202683
-0.70627445
-0.71210754
-0.71421015
-0.7152924
-0.71658
-0.7074507
-0.71506184
-0.7164114
-0.7111003
-0.7182099
-0.7156265
-0.71309215
-0.71245474
-0.7116128
-0.712338
-0.71660125
-0.7173545
-0.7112029
-0.7147024
-0.7134565
-0.71293133
-0.7109459
-0.7109397
-0.71291125
-0.71053565
-0.70752746
-0.71225166
-0.71600693
-0.71355295
-0.7139756
-0.7146247
-0.71538216
-0.7112604
-0.712984
-0.7108652
-0.7181282
-0.7148832
-0.70913595
-0.7196872
-0.71691835
-0.7135188
-0.71170604
-0.71349823
-0.709872
-0.7175623
-0.70598006
-0.71678996
-0.71122634
-0.7108396
-0.70629525
-0.71124464
-0.7175244
-0.71254414
-0.7133727
-0.7137566
-0.7133868
-0.71615714
-0.71539146
-0.7161402
-0.7138639
-0.7141146
-0.71357685
-0.7152934
-0.7169016
-0.7091115
-0.712865
-0.7123628
-0.71013546
-0.7097253
-0.7144611
-0.7096469
-0.7180884
-0.71341234
-0.708293
-0.7154778
-0.70894885
-0.713356
-0.7193572
-0.7088573
-0.71482664
-0.7184591
-0.71954423
-0.7144711
-0.7133939
-0.7153527
-0.71017134
-0.7127658
-0.72004676
-0.7103249
-0.71533746
-0.7153531
-0.71229583
-0.7135696
-0.71341366
-0.7180442
-0.7115758
-0.71016914
-0.71748614
-0.71336216
-0.71700495
-0.7177142
-0.7132767
-0.720361
-0.7152045
-0.71175194
-0.7143809
-0.71231204
-0.7189735
-0.71203023
-0.7094654
-0.7157436
-0.710646
-0.72012305
-0.7125042
-0.71701205
-0.71243906
-0.7099069
-0.7173264
-0.70959
-0.71659124
-0.71431065
-0.71051997
-0.71849
-0.70925957
-0.7148057
-0.7147429
-0.70955914
-0.70859945
-0.7083196
-0.7156072
-0.7152049
-0.7176897
-0.71193737
-0.71497667
-0.7140742
-0.71105474
-0.7132151
-0.7142515
-0.71075606
-0.7113518
-0.71465033
-0.7149423
-0.7216212
-0.7179026
-0.71534926
-0.7156854
-0.7092702
-0.72272724
-0.71351415
-0.71404296
-0.72059554
-0.71773136
-0.7121264
-0.7208575
-0.7157853
-0.70674163
-0.7129739
-0.7186268
-0.7179165
-0.7124476
-0.71175975
-0.7142743
-0.7190889
-0.70940834
-0.71272105
-0.7199437
-0.71152663
-0.71207696
-0.7138571
-0.7190329
-0.71491265
-0.71909004
-0.7178134
-0.7135064
-0.7154755
-0.71842456
-0.7134589
-0.7166279
-0.71817786
-0.7129077
-0.7138895
-0.71047616
-0.7139778
-0.72193265
-0.71989053
-0.7234458
-0.7242881
-0.7163752
-0.7137326
-0.713403
-0.7205166
-0.71584135
-0.71597093
-0.7160149
-0.7095941
-0.7137944
-0.7232388
-0.7126848
-0.7158362
-0.719282
-0.7148413
-0.7192127
-0.7252232
-0.71124005
-0.7140497
-0.71263736
-0.7108491
-0.7154263
-0.7173281
-0.72055274
-0.7174952
-0.7219148
-0.7186514
-0.7164094
-0.71885383
-0.7107544
-0.7198052
-0.7257018
-0.72212726
-0.71015877
-0.7134803
-0.7166075
-0.72016376
-0.71855503
-0.7117087
-0.71746904
-0.7194678
-0.71635836
-0.7187823
-0.72266555
-0.7134043
-0.7180967
-0.7158098
-0.71733
-0.7114424
-0.71774495
-0.7191288
-0.71227926
-0.71591634
-0.71663076
-0.71688336
-0.71498835
-0.7242037
-0.718649
-0.7124448
-0.71597785
-0.71763676
-0.71187645
-0.7190155
-0.7179638
-0.7167434
-0.7188132
-0.7137307
-0.7178907
-0.7127112
-0.7191635
-0.71514887
-0.718839
-0.7163185
-0.71709144
-0.71822315
-0.7199515
-0.7161439
-0.7159435
-0.723051
-0.7191245
-0.7189127
-0.7151423
-0.71833086
-0.72280604
-0.7195987
-0.71451885
-0.7200451
-0.7226361
-0.72031736
-0.7156296
-0.7167716
-0.71708816
-0.7188387
-0.71774805
-0.717924
-0.7106376
-0.7227766
-0.7150381
-0.71370316
-0.7240837
-0.71724796
-0.71952397
-0.7129582
-0.71192116
-0.71312094
-0.7171913
-0.7190008
-0.7127578
-0.7176341
-0.71886754
-0.71136135
-0.7135242
-0.71472913
-0.71228683
-0.7190098
-0.71280295
-0.71240085
-0.7188891
-0.7168416
-0.71555716
-0.71763813
-0.7156888
-0.71300185
-0.72157454
-0.71340567
-0.71543425
-0.7172433
-0.7140933
-0.7165622
-0.7213283
-0.71378684
-0.7162358
-0.7122638
-0.71814406
-0.7159441
-0.71791273
-0.71700865
-0.7163467
-0.7173696
-0.7187584
-0.72529954
-0.7145201
-0.7178295
-0.720763
-0.71327674
-0.71275884
-0.72310483
-0.71335894
-0.71452576
-0.7201284
-0.71639186
-0.71832174
-0.7198718
-0.7204407
-0.72008
-0.7266205
-0.7244987
-0.72300565
-0.7210239
-0.7201835
-0.72096604
-0.7110405
-0.7222823
-0.72186995
-0.72282606
-0.71859986
-0.7169915
-0.7194312
-0.72116745
-0.7155644
-0.71431804
-0.7197433
-0.7232758
-0.7153734
-0.71694225
-0.7198188
-0.7223402
-0.717443
-0.7163269
-0.7192761
-0.7149083
-0.7208098
-0.7203003
-0.71407735
-0.7228921
-0.7195547
-0.72402143
-0.7207832
-0.7187169
-0.719222
-0.7194077
-0.7241867
-0.7290512
-0.72178954
-0.7165886
-0.71819377
-0.7139321
-0.7237874
-0.7171613
-0.72423595
-0.72037476
-0.7270829
-0.7250653
-0.72325724
-0.7214629
-0.723038
-0.71959263
-0.7262387
-0.71995586
-0.71887785
-0.7168977
-0.7183604
-0.7248582
-0.7167615
-0.72186464
-0.7167948
-0.7182015
-0.72078454
-0.7220629
-0.71891063
-0.72023785
-0.7223235
-0.72461873
-0.7285334
-0.7219489
-0.71881694
-0.7248615
-0.72154623
-0.72128266
-0.7177308
-0.7134696
-0.72444344
-0.72296983
-0.71703625
-0.71984947
-0.7236205
-0.71600705
-0.7176975
-0.7242569
-0.7187322
-0.72248256
-0.7164539
-0.7218225
-0.719942
-0.72289366
-0.7194188
-0.7185544
-0.7246682
-0.7213017
-0.7198555
-0.72494245
-0.7213442
-0.7140896
-0.71773404
-0.720497
-0.7233758
-0.7253915
-0.71518886
-0.72333324
-0.7186349
-0.71932626
-0.72408104
-0.72196496
-0.7236887
-0.72534454
-0.7148393
-0.71899456
-0.71448314
-0.7187054
-0.721815
-0.72429705
-0.7240731
-0.7230523
-0.72848547
-0.7107879
-0.7198357
-0.7281716
-0.7223518
-0.7183604
-0.72251457
-0.7243286
-0.7236213
-0.7246276
-0.7194542
-0.71536374
-0.723872
-0.7192375
-0.723741
-0.7233814
-0.72155637
-0.72274417
-0.71397763
-0.7201472
-0.7217318
-0.7276115
-0.7255199
-0.722528
-0.72061914
-0.7180569
-0.72300756
-0.72191113
-0.7196746
-0.7213997
-0.7173556
-0.72527647
-0.7198761
-0.72190565
-0.7220628
-0.71481115
-0.7315762
-0.7198473
-0.7233919
-0.72052944
-0.7233261
-0.7249231
-0.72436845
-0.7225898
-0.7261237
-0.7232462
-0.7189714
-0.7265846
-0.7192422
-0.7189928
-0.71833694
-0.7208584
-0.72355866
-0.72292733
-0.7241269
-0.72267956
-0.7224727
-0.72621304
-0.7260459
-0.72467077
-0.7226991
-0.7276575
-0.7287101
-0.7216835
-0.72478676
-0.721984
-0.7272443
-0.726443
-0.72776216
-0.7253115
-0.7235189
-0.71908736
-0.7234628
-0.72643644
-0.72975355
-0.72651154
-0.7187615
-0.7248416
-0.7191142
-0.7242372
-0.7227775
-0.72634995
-0.72466326
-0.726741
-0.726682
-0.7226118
-0.7262983
-0.72155005
-0.7230879
-0.71801287
-0.72262347
-0.7246925
-0.7239518
-0.722711
-0.7231624
-0.7253521
-0.72210604
-0.723041
-0.7252065
-0.72764957
-0.72706354
-0.72455806
-0.72481036
-0.72885567
-0.72556704
-0.72237307
-0.7175401
-0.726684
-0.7257848
-0.7267082
-0.7214647
-0.72629464
-0.7263946
-0.7239492
-0.7230839
-0.72260004
-0.7229595
-0.7268881
-0.72103643
-0.7260914
-0.72411656
-0.7241824
-0.7257784
-0.72790545
-0.7248217
-0.7235487
-0.72740227
-0.722444
-0.72478014
-0.7287648
-0.7204973
-0.73098785
-0.71802
-0.7241176
-0.71905077
-0.7271755
-0.7281167
-0.72891575
-0.7257864
-0.72522306
-0.72679216
-0.7258413
-0.7279803
-0.7201282
-0.72414356
-0.72189915
-0.73242545
-0.7264291
-0.7212595
-0.72105765
-0.7301321
-0.7272887
-0.7255767
-0.7251694
-0.7233458
-0.72717404
-0.72611034
-0.72783417
-0.72312564
-0.728117
-0.7245503
-0.72549033
-0.72499573
-0.7240295
-0.72420335
-0.73013145
-0.72451866
-0.71937615
-0.7204035
-0.72822696
-0.72548795
-0.7291189
-0.7211091
-0.7270399
-0.7290913
-0.7174682
-0.7247912
-0.7236171
-0.72428465
-0.723555
-0.72541755
-0.7204971
-0.7326809
-0.73058724
-0.7242969
-0.7303283
-0.7317063
-0.7252125
-0.73119783
-0.7225955
-0.71934944
-0.72315544
-0.71933675
-0.7218922
-0.72452587
-0.72748554
-0.7200542
-0.7212255
-0.7226774
-0.7216008
-0.7208241
-0.72129
-0.7256016
-0.73142093
-0.72418034
-0.72460294
-0.726348
-0.7253125
-0.72016853
-0.7220632
-0.7265157
-0.72117376
-0.72049856
-0.72837985
-0.7242231
-0.7228974
-0.72065234
-0.71865195
-0.7225848
-0.7207393
-0.7308815
-0.72260606
-0.72748643
-0.72809476
-0.7243154
-0.7305855
-0.7287059
-0.7265897
-0.72819
-0.72289985
-0.72641677
-0.7276891
-0.72818345
-0.7191723
-0.72659814
-0.718913
-0.72682303
-0.72408485
-0.7282028
-0.717937
-0.7244638
-0.73086846
-0.7258443
-0.72554076
-0.72835666
-0.72354376
-0.73191166
-0.72793925
-0.726818
-0.7255364
-0.7286374
-0.7282482
-0.7253835
-0.7336314
-0.72072494
-0.72657806
-0.72747016
-0.7300249
-0.731087
-0.7202361
-0.7241283
-0.7253841
-0.728447
-0.7243034
-0.72410226
-0.7222233
-0.7270269
-0.72977465
-0.73082125
-0.72350484
-0.72512853
-0.7245823
-0.7236764
-0.72670996
-0.72875893
-0.7276329
-0.72700715
-0.7199655
-0.7301487
-0.72501373
-0.7294848
-0.72376096
-0.7214019
-0.72859603
-0.7296951
-0.73247755
-0.723861
-0.7235411
-0.7254255
-0.7281167
-0.72717047
-0.7226067
-0.7250861
-0.72170526
-0.7291328
-0.7308564
-0.73219806
-0.7249827
-0.7311126
-0.7243533
-0.72917265
-0.7303917
-0.72956353
-0.724308
-0.7287767
-0.726623
-0.73571515
-0.7263245
-0.7311086
-0.7297364
-0.72518617
-0.72692275
-0.7165158
-0.7277581
-0.72743493
-0.728653
-0.7250339
-0.7238876
-0.7245905
-0.7308337
-0.7245811
-0.72835475
-0.72382015
-0.7276514
-0.7312807
-0.72000647
-0.7278447
-0.7259704
-0.7287455
-0.72379816
-0.73032427
-0.73094356
-0.733145
-0.725927
-0.7296536
-0.72788167
-0.7279117
-0.7257721
-0.7305432
-0.7295732
-0.72310686
-0.7227585
-0.7273549
-0.7264143
-0.7259247
-0.72417253
-0.7277363
-0.7222393
-0.73415005
-0.7306993
-0.72672457
-0.7296626
-0.7315862
-0.7382082
-0.7237101
-0.7236439
-0.7219469
-0.7296783
-0.72979194
-0.7319908
-0.7207281
-0.7289369
-0.7302212
-0.7288107
-0.7266941
-0.72795564
-0.72990507
-0.7252164
-0.72925025
-0.729687
-0.725852
-0.7255832
-0.7332023
-0.7299321
-0.7256004
-0.7287293
-0.726729
-0.7336128
-0.7309499
-0.7353099
-0.72610295
-0.73125917
-0.7317829
-0.72843075
-0.7311783
-0.7298372
-0.72680306
-0.725849
-0.7314118
-0.73724294
-0.7345249
-0.7297238
-0.73220354
-0.730181
-0.7360304
-0.7263566
-0.7288045
-0.73283935
-0.7338543
-0.7269746
-0.7325786
-0.7304159
-0.7273608
-0.7322253
-0.7282399
-0.72624993
-0.7339836
-0.7285218
-0.7311908
-0.72341937
-0.7300023
-0.7251685
-0.72988117
-0.7254324
-0.7319262
-0.7308451
-0.72928286
-0.7289781
-0.72454077
-0.73292255
-0.72504085
-0.7355891
-0.72725713
-0.729948
-0.73386
-0.7332718
-0.73182595
-0.7278578
-0.72925496
-0.7281037
-0.72799337
-0.7282312
-0.73051834
-0.73313636
-0.7254545
-0.73272854
-0.7273408
-0.7264128
-0.73168975
-0.72918636
-0.72317827
-0.7311056
-0.72981316
-0.73104364
-0.73308706
-0.7345559
-0.7278722
-0.7291862
-0.72779
-0.73470265
-0.7261267
-0.7332037
-0.7342929
-0.73386884
-0.72981983
-0.7302242
-0.7233711
-0.7275494
-0.7269778
-0.7260783
-0.7267321
-0.7303782
-0.72848576
-0.7272858
-0.72886735
-0.73509556
-0.7306132
-0.7283065
-0.7236702
-0.72777694
-0.7328155
-0.73556185
-0.72282296
-0.7285187
-0.7286361
-0.725252
-0.73123044
-0.72508204
-0.72658956
-0.7339816
-0.725123
-0.7286258
-0.7275794
-0.73657525
-0.7342839
-0.7277971
-0.7316039
-0.7319951
-0.7287002
-0.7274722
-0.7315326
-0.7267117
-0.73190993
-0.73190475
-0.73116267
-0.7326423
-0.7359517
-0.73161817
-0.72840416
-0.72480273
-0.7325905
-0.73445106
-0.73282677
-0.7352431
-0.73128086
-0.7254928
-0.7345191
-0.73464847
-0.7321621
-0.7343486
-0.7364402
-0.7358751
-0.72795904
-0.73688424
-0.7310124
-0.7314208
-0.72986007
-0.72861195
-0.736593
-0.7291796
-0.7337205
-0.73229927
-0.7307651
-0.73279524
-0.73246485
-0.7336345
-0.73396975
-0.7280661
-0.734749
-0.7376824
-0.73145854
-0.7344678
-0.7253005
-0.7283827
-0.73194194
-0.7308497
-0.73809105
-0.7347791
-0.7371634
-0.7299114
-0.7344267
-0.7299496
-0.7286359
-0.73215485
-0.73537874
-0.7323302
-0.7300657
-0.7353534
-0.73363984
-0.73884124
-0.7339927
-0.7337991
-0.73287225
-0.7279686
-0.73501194
-0.7346892
-0.733322
-0.73091
-0.7350839
-0.7299533
-0.72490156
-0.73478144
-0.73807114
-0.7301913
-0.74009037
-0.7356824
-0.73301727
-0.73291713
-0.72819304
-0.72895765
-0.7317247
-0.73564106
-0.7335536
-0.7297713
-0.7320587
-0.7296008
-0.7401778
-0.72673035
-0.73398626
-0.727351
-0.73215044
-0.7381015
-0.7306327
-0.72831434
-0.73885596
-0.7266074
-0.73096263
-0.7382585
-0.73487854
-0.7319635
-0.7363213
-0.7325883
-0.7363114
-0.7337334
-0.73421896
-0.7361252
-0.73561335
-0.7327962
-0.73833525
-0.7298393
-0.7324935
-0.7296073
-0.7327137
-0.73949593
-0.7265844
-0.73350585
-0.73194
-0.735217
-0.7310197
-0.73599064
-0.73462933
-0.7308077
-0.730226
-0.73165137
-0.7353779
-0.72995204
-0.7347676
-0.73725116
-0.7368774
-0.73403513
-0.73120517
-0.738555
-0.72962654
-0.7336225
-0.73074037
-0.72968787
-0.7350161
-0.7387718
-0.73214525
-0.73467326
-0.73247194
-0.73373246
-0.7346672
-0.73096937
-0.7357149
-0.73155224
-0.73377043
-0.7335737
-0.7300227
-0.7382556
-0.7312007
-0.7320167
-0.73154664
-0.73394644
-0.7345349
-0.73447156
-0.7378218
-0.73717237
-0.7347385
-0.73351824
-0.7359138
-0.7343757
-0.7316872
-0.7372059
-0.740551
-0.7279939
-0.7376225
-0.73583657
-0.732277
-0.7321717
-0.73492044
-0.731929
-0.73610705
-0.73508215
-0.734699
-0.7331918
-0.7368593
-0.7363538
-0.73433584
-0.7341689
-0.72943366
-0.7366541
-0.7405499
-0.73736
-0.73435014
-0.7298118
-0.73760444
-0.73348904
-0.738743
-0.73591125
-0.7314315
-0.7294842
-0.7320531
-0.73256344
-0.73211193
-0.7413388
-0.7341882
-0.7327135
-0.73455125
-0.7334271
-0.7371208
-0.7368929
-0.7339318
-0.73289454
-0.7377279
-0.7368066
-0.72916675
-0.73389214
-0.73392826
-0.7398015
-0.7360772
-0.7368959
-0.7364428
-0.73496425
-0.73774767
-0.7379307
-0.7341566
-0.7356675
-0.73680264
-0.7310764
-0.73664206
-0.7369122
-0.73979366
-0.7373957
-0.73302203
-0.7342315
-0.7246202
-0.7381098
-0.7397876
-0.7325028
-0.73453254
-0.737287
-0.73860943
-0.73617804
-0.7337794
-0.7319793
-0.73150504
-0.7389772
-0.74134624
-0.7343675
-0.73966783
-0.7400902
-0.7367725
-0.74024546
-0.73547655
-0.7360337
-0.7388574
-0.7350501
-0.7348131
-0.73692507
-0.7392869
-0.7381242
-0.74003494
-0.73723924
-0.7383375
-0.73023534
-0.736556
-0.7386341
-0.7400998
-0.73537415
-0.7378551
-0.7395486
-0.7384984
-0.738286
-0.7399909
-0.7351447
-0.7348111
-0.73663294
-0.7397125
-0.738358
-0.7355311
-0.73028904
-0.7390507
-0.73859113
-0.73804367
-0.7333415
-0.73885894
-0.7388466
-0.73778534
-0.7361299
-0.72813237
-0.74363905
-0.7310288
-0.74007565
-0.7404599
-0.7351752
-0.73981917
-0.73404205
-0.73501146
-0.7408625
-0.7363083
-0.7359377
-0.7335122
-0.737527
-0.74010503
-0.74050987
-0.7338256
-0.7370977
-0.73651886
-0.734134
-0.7407414
-0.7334405
-0.736377
-0.73483276
-0.73807555
-0.73667735
-0.73855114
-0.7369593
-0.7368434
-0.73722255
-0.7386228
-0.7321
-0.73909223
-0.73474157
-0.7343725
-0.73377997
-0.73374814
-0.7352087
-0.73791975
-0.73814887
-0.7405874
-0.7397341
-0.74092484
-0.7355203
-0.7376647
-0.73893577
-0.7415965
-0.7357947
-0.74147916
-0.73660624
-0.738665
-0.73734987
-0.73475784
-0.73684984
-0.7358963
-0.73833036
-0.7351692
-0.7408647
-0.7367419
-0.73468065
-0.7388946
-0.7387076
-0.7372201
-0.7358202
-0.73398507
-0.7338395
-0.7383757
-0.7382797
-0.7339274
-0.74222934
-0.7285973
-0.7358313
-0.737501
-0.7360912
-0.7386485
-0.7351335
-0.73771656
-0.7351368
-0.73366183
-0.73710555
-0.741514
-0.73474324
-0.74120605
-0.7347401
-0.7387054
-0.7343618
-0.73951495
-0.7385995
-0.73284316
-0.73605657
-0.73726094
-0.72984767
-0.7392277
-0.74085224
-0.7390321
-0.73635596
-0.7370961
-0.73931855
-0.736899
-0.7400867
-0.73993987
-0.73771304
-0.7400687
-0.7367717
-0.7406505
-0.73975384
-0.73974663
-0.73801845
-0.7389197
-0.7387352
-0.74365467
-0.7371298
-0.73616225
-0.7442477
-0.73927057
-0.73997724
-0.7397153
-0.7403623
-0.73353004
-0.7380717
-0.7357895
-0.74079245
-0.73738205
-0.74185544
-0.73886406
-0.73900235
-0.73453003
-0.73593307
-0.7395478
-0.7369735
-0.7419234
-0.7403992
-0.7457204
-0.74545246
-0.738456
-0.74039704
-0.73908156
-0.7421427
-0.74071354
-0.74092156
-0.7397692
-0.7364434
-0.7383885
-0.73480886
-0.7392111
-0.7434302
-0.73382
-0.7401494
-0.7358199
-0.74395984
-0.7386058
-0.734891
-0.7396759
-0.7406
-0.74197835
-0.746252
-0.74081343
-0.7472783
-0.7430728
-0.7395054
-0.7400378
-0.74062663
-0.7416822
-0.7379866
-0.7392385
-0.73996234
-0.74034595
-0.73831403
-0.7460007
-0.74008363
-0.7338727
-0.73639816
-0.7370779
-0.7393169
-0.73665947
-0.73869467
-0.74228036
-0.741605
-0.7407982
-0.74032295
-0.74617803
-0.7412754
-0.7403169
-0.73407054
-0.74207854
-0.7439663
-0.7391122
-0.738311
-0.73381984
-0.73735124
-0.7450003
-0.7378991
-0.7379817
-0.73869437
-0.73745733
-0.7376343
-0.743745
-0.737307
-0.7370068
-0.7387953
-0.74276096
-0.7451219
-0.73807454
-0.73970366
-0.7364451
-0.7397997
-0.73907316
-0.7355605
-0.7467958
-0.73976356
-0.7392493
-0.7430222
-0.7383406
-0.74658495
-0.7381042
-0.7433736
-0.738536
-0.7322616
-0.73652864
-0.73674595
-0.7430476
-0.7384413
-0.74347657
-0.7429047
-0.7389479
-0.7448015
-0.74065244
-0.74243194
-0.73691857
-0.7383032
-0.74461174
-0.7405278
-0.7433673
-0.7457025
-0.74399996
-0.73809224
-0.7424839
-0.73462135
-0.7457375
-0.73786074
-0.7378679
-0.7388488
-0.74307907
-0.73238677
-0.7436502
-0.73571795
-0.74379015
-0.7412399
-0.73985153
-0.74841523
-0.7436514
-0.7428802
-0.742225
-0.74168503
-0.7434787
-0.7399688
-0.7447248
-0.7465513
-0.7384823
-0.7445683
-0.74004227
-0.74657804
-0.74479896
-0.7454125
-0.7376455
-0.73886335
-0.742468
-0.7369991
-0.7387675
-0.73643965
-0.7410379
-0.74216104
-0.73227966
-0.741416
-0.743103
-0.7420566
-0.7368774
-0.7360564
-0.7483621
-0.7421286
-0.74544436
-0.7429733
-0.74251956
-0.73761076
-0.74287605
-0.74219185
-0.7406721
-0.7381103
-0.73769826
-0.7427519
-0.7413851
-0.73998916
-0.7426973
-0.7400648
-0.7422525
-0.7380377
-0.7355614
-0.7426249
-0.73962235
-0.7396327
-0.74041176
-0.7449629
-0.7437152
-0.73676074
-0.73931336
-0.7438758
-0.74057513
-0.74723184
-0.7436
-0.7342561
-0.74326015
-0.7414613
-0.74432427
-0.74505156
-0.73975694
-0.7432581
-0.7406431
-0.7365772
-0.7441508
-0.7436562
-0.74041426
-0.7449125
-0.74166787
-0.7428406
-0.74157
-0.73806655
-0.7479327
-0.7434595
-0.7436499
-0.73915863
-0.7436271
-0.7423801
-0.7457896
-0.7430424
-0.7463179
-0.7409082
-0.73929954
-0.74320585
-0.7406778
-0.7472802
-0.7427117
-0.7472682
-0.7416323
-0.7410908
-0.7439123
-0.7422306
-0.74592066
-0.74080807
-0.74317807
-0.7397221
-0.73868394
-0.7477355
-0.7468013
-0.74746627
-0.7454912
-0.742307
-0.7361404
-0.74538803
-0.7438863
-0.73954785
-0.74339044
-0.73794526
-0.7435834
-0.7419932
-0.74661803
-0.74371547
-0.7455839
-0.7428557
-0.74123883
-0.74554175
-0.74709964
-0.74588656
-0.7454331
-0.74372226
-0.7414941
-0.739682
-0.74704295
-0.7436734
-0.7444518
-0.74485254
-0.74171007
-0.7506986
-0.74320465
-0.7455776
-0.7434194
-0.7498985
-0.7472175
-0.7438983
-0.74296623
-0.74463826
-0.74935085
-0.7434637
-0.74662745
-0.745697
-0.7420664
-0.74515814
-0.74525064
-0.7451649
-0.73857534
-0.74752533
-0.73988557
-0.74488866
-0.74867976
-0.7462622
-0.7427818
-0.7470686
-0.74665314
-0.7488507
-0.74500144
-0.740866
-0.7372992
-0.74977875
-0.7424768
-0.7424512
-0.7465836
-0.7434041
-0.74273056
-0.7503038
-0.7449365
-0.74064624
-0.7462761
-0.74459404
-0.74985665
-0.7389876
-0.7426933
-0.73954266
-0.7428039
-0.745069
-0.7404512
-0.7451345
-0.74741066
-0.74891466
-0.744035
-0.74119973
-0.74236345
-0.7494333
-0.74538296
-0.7465981
-0.7420691
-0.7490096
-0.7444416
-0.7453087
-0.7410696
-0.7388295
-0.74346954
-0.7466781
-0.74223566
-0.74241805
-0.757417
-0.74299973
-0.7424365
-0.7524309
-0.74755836
-0.7464778
-0.74486065
-0.74291927
-0.7460596
-0.74242187
-0.74672586
-0.74386436
-0.74015576
-0.74884844
-0.74393326
-0.7457737
-0.7464702
-0.7382168
-0.7436662
-0.7439613
-0.74491745
-0.74134517
-0.7465741
-0.7488154
-0.74832946
-0.74583375
-0.7441807
-0.7491224
-0.74555546
-0.75204843
-0.7495854
-0.74393976
-0.7480005
-0.7465467
-0.75043327
-0.7429087
-0.740945
-0.7453743
-0.7505971
-0.7500167
-0.74601835
-0.749209
-0.74503535
-0.7457546
-0.7460068
-0.74039704
-0.7491819
-0.7463299
-0.74570626
-0.74728525
-0.74519193
-0.7466426
-0.74766016
-0.7408134
-0.74235344
-0.74680614
-0.74764055
-0.7479039
-0.747529
-0.74491024
-0.74166894
-0.7489064
-0.74987715
-0.74942404
-0.7471527
-0.7417093
-0.74727404
-0.7493813
-0.74826443
-0.74786615
-0.742661
-0.74560803
-0.7555255
-0.7476663
-0.7499522
-0.7495834
-0.7441144
-0.74624145
-0.7402991
-0.7535752
-0.7431498
-0.7447059
-0.74442464
-0.75076514
-0.7459836
-0.75098187
-0.75018233
-0.7476153
-0.7509774
-0.7478387
-0.74940515
-0.7506176
-0.75058275
-0.7525412
-0.7480756
-0.75056505
-0.7545455
-0.74927294
-0.74434716
-0.7478295
-0.74343514
-0.74265045
-0.7448904
-0.75015306
-0.7485981
-0.7555099
-0.7472757
-0.74589664
-0.7463931
-0.7505321
-0.74947387
-0.74377835
-0.7477944
-0.75270534
-0.7443954
-0.74823797
-0.75052583
-0.746432
-0.7452326
-0.74636996
-0.74600166
-0.74596274
-0.75210536
-0.74568516
-0.7471988
-0.7521995
-0.74554384
-0.75006723
-0.7432027
-0.7449122
-0.7477513
-0.7448232
-0.7437725
-0.7436948
-0.74534404
-0.74946976
-0.7500447
-0.7488551
-0.75138885
-0.74403614
-0.7486649
-0.7447399
-0.74515224
-0.7477541
-0.74609715
-0.74602425
-0.73954403
-0.7491183
-0.74718666
-0.74988335
-0.74897915
-0.75104284
-0.7421185
-0.7497915
-0.75278926
-0.74439925
-0.7488579
-0.7467325
-0.73980874
-0.7418321
-0.7451815
-0.75221676
-0.75514585
-0.7496509
-0.75114805
-0.74662197
-0.74801
-0.7470845
-0.7467068
-0.7490262
-0.7477568
-0.7476373
-0.7483578
-0.7521447
-0.7435703
-0.7479838
-0.7489101
-0.7442872
-0.7492559
-0.74658173
-0.74796015
-0.74627495
-0.74357206
-0.7518957
-0.747677
-0.7489911
-0.7492923
-0.75024563
-0.74766815
-0.75094885
-0.75220805
-0.7468707
-0.7512525
-0.7485877
-0.7564916
-0.74581397
-0.74964964
-0.74893564
-0.75206244
-0.7457197
-0.7472973
-0.7493846
-0.7500455
-0.7449017
-0.7511612
-0.75112075
-0.75227845
-0.74750996
-0.7507542
-0.7483933
-0.75135255
-0.74805605
-0.7435479
-0.7493535
-0.75230193
-0.7514705
-0.7486329
-0.74324757
-0.7477606
-0.7438577
-0.7458864
-0.7522132
-0.7516197
-0.75218886
-0.7478405
-0.7537921
-0.7482653
-0.755374
-0.7494246
-0.74734855
-0.7505078
-0.7560338
-0.7505655
-0.738996
-0.75188076
-0.74644613
-0.7504293
-0.75304806
-0.75033975
-0.7494295
-0.74893576
-0.75434655
-0.74821836
-0.7512971
-0.7497512
-0.7520038
-0.7513451
-0.7487586
-0.7519126
-0.75400466
-0.753206
-0.7483874
-0.7500739
-0.743141
-0.7506681
-0.75017375
-0.7467345
-0.7500435
-0.7513788
-0.75350857
-0.7523125
-0.75391686
-0.75186867
-0.75748646
-0.7455429
-0.7525043
-0.7495547
-0.7557493
-0.7512876
-0.74906725
-0.75378627
-0.75235915
-0.7481851
-0.7465444
