-0.19642136
-0.16761933
-0.20261687
-0.19079448
-0.20726201
-0.19533896
-0.19563352
-0.22309622
-0.20750256
-0.23046818
-0.22454233
-0.21491735
-0.20968364
-0.22006343
-0.23210481
-0.24580184
-0.23658411
-0.23015736
-0.2315333
-0.24214455
-0.23414735
-0.2406956
-0.23937587
-0.24421957
-0.24807024
-0.2602859
-0.25283194
-0.2525306
-0.24582449
-0.25005028
-0.2504217
-0.2688032
-0.2840425
-0.25308043
-0.26342684
-0.2684881
-0.27789068
-0.27337432
-0.27072254
-0.27157968
-0.28235576
-0.28947166
-0.29516822
-0.2861333
-0.28279132
-0.2583885
-0.30217138
-0.27518022
-0.27344444
-0.28392914
-0.29159334
-0.28948528
-0.2887872
-0.30079138
-0.2884565
-0.32090247
-0.3075095
-0.30829844
-0.3058599
-0.30218452
-0.30657515
-0.29059494
-0.30236185
-0.31739786
-0.30663714
-0.31012565
-0.2986149
-0.32005495
-0.32286504
-0.30731735
-0.30938146
-0.30778354
-0.33313707
-0.3414986
-0.30657262
-0.30933446
-0.3290429
-0.32674783
-0.319367
-0.3395231
-0.33355626
-0.3374821
-0.33672568
-0.34153312
-0.33202332
-0.32522562
-0.34953934
-0.3500898
-0.3420065
-0.3273526
-0.32832572
-0.33829138
-0.33273283
-0.3276314
-0.33424684
-0.34158573
-0.33028606
-0.33733585
-0.34413418
-0.3528726
-0.342139
-0.34412855
-0.33341318
-0.3335118
-0.34072873
-0.3359687
-0.34554324
-0.3510226
-0.34633344
-0.34512702
-0.3420159
-0.33913642
-0.3344659
-0.35338438
-0.33458802
-0.33098602
-0.34189743
-0.34621352
-0.33825323
-0.3415073
-0.3452101
-0.34396842
-0.34056714
-0.3483093
-0.34682208
-0.33987963
-0.3339781
-0.34463897
-0.34261754
-0.33348307
-0.3336026
-0.3443781
-0.34681502
-0.3316305
-0.356169
-0.32977682
-0.3563695
-0.34909743
-0.3454685
-0.35268426
-0.35663348
-0.33459198
-0.3360546
-0.333204
-0.34419286
-0.34420556
-0.3434804
-0.3524698
-0.33355433
-0.34474036
-0.3516557
-0.33327585
-0.3554944
-0.33617342
-0.34271863
-0.34320366
-0.34791383
-0.34816957
-0.33643726
-0.34920862
-0.34477428
-0.35426518
-0.35806823
-0.34227875
-0.3399798
-0.35663477
-0.35867965
-0.3454137
-0.33772576
-0.34389788
-0.34144372
-0.33858547
-0.35299408
-0.3508171
-0.34567007
-0.35945284
-0.3565041
-0.36295438
-0.36084375
-0.3609481
-0.35434046
-0.3571129
-0.35906032
-0.36418873
-0.36527374
-0.34898257
-0.3581059
-0.35276824
-0.3500345
-0.3606177
-0.35912699
-0.3631176
-0.3732912
-0.36627188
-0.355321
-0.36950883
-0.35955217
-0.36540812
-0.36722112
-0.38126326
-0.3677896
-0.3758106
-0.37121484
-0.36709785
-0.36121514
-0.36346263
-0.353624
-0.36184847
-0.36597008
-0.37386844
-0.3615668
-0.36066556
-0.37868163
-0.36978406
-0.36302346
-0.35477874
-0.36677933
-0.36867428
-0.36505282
-0.3719533
-0.36859703
-0.37546802
-0.37161
-0.36600512
-0.36576805
-0.37301385
-0.36553365
-0.37313262
-0.37121332
-0.3548523
-0.38097933
-0.3851148
-0.36625448
-0.37147394
-0.380217
-0.3784909
-0.36676514
-0.37364447
-0.37516212
-0.38357887
-0.38354853
-0.3713689
-0.37199497
-0.37864226
-0.38114145
-0.38299528
-0.3796759
-0.37992197
-0.39084694
-0.38262826
-0.38370293
-0.38771993
-0.38498878
-0.38211846
-0.4014142
-0.3839105
-0.38869417
-0.39125213
-0.37566298
-0.38970187
-0.3855449
-0.395356
-0.3846732
-0.3950621
-0.39908943
-0.3974312
-0.3946592
-0.39262062
-0.40253982
-0.38741127
-0.40127563
-0.3982871
-0.3908905
-0.39488927
-0.38892666
-0.39159766
-0.39982143
-0.39411756
-0.40876386
-0.38515052
-0.40641823
-0.40068907
-0.39830872
-0.39490494
-0.39126813
-0.40427706
-0.39861003
-0.39673403
-0.40252066
-0.39693397
-0.4013011
-0.4033179
-0.40547583
-0.39307088
-0.40283635
-0.39972296
-0.39655706
-0.40444875
-0.40015444
-0.4007281
-0.40650725
-0.40874782
-0.41279292
-0.4098393
-0.41284698
-0.4115337
-0.41757965
-0.4054289
-0.4099777
-0.40082914
-0.40891522
-0.41744834
-0.42832363
-0.40500185
-0.42602617
-0.42377472
-0.4157863
-0.41771442
-0.42391446
-0.42386115
-0.41015542
-0.4245653
-0.41773728
-0.41917604
-0.42897686
-0.43229482
-0.43314865
-0.43788725
-0.4136244
-0.43339145
-0.43276846
-0.42908883
-0.43830955
-0.42911607
-0.42952102
-0.4451561
-0.43212458
-0.44350395
-0.42767113
-0.43650085
-0.43040028
-0.43662643
-0.43718112
-0.44344768
-0.444156
-0.42867905
-0.43496862
-0.4431389
-0.4380048
-0.43498862
-0.44689772
-0.44596615
-0.43272707
-0.44633746
-0.44035023
-0.44210756
-0.44983965
-0.43084455
-0.44529074
-0.44331098
-0.4294525
-0.44555214
-0.4344604
-0.44512266
-0.43699533
-0.44987035
-0.4344203
-0.43821278
-0.43812796
-0.4463591
-0.44314593
-0.42852536
-0.43984574
-0.45046213
-0.44842914
-0.44200364
-0.44042194
-0.44780833
-0.44057173
-0.45017603
-0.45081344
-0.44611165
-0.45671284
-0.44020864
-0.442607
-0.44757327
-0.4425222
-0.46212113
-0.46143872
-0.45907974
-0.45130274
-0.44875488
-0.44460863
-0.4616577
-0.45192084
-0.45448583
-0.4583969
-0.46593925
-0.46260893
-0.46141535
-0.46049398
-0.4550748
-0.4559155
-0.45695105
-0.46440747
-0.4523612
-0.46648893
-0.44422486
-0.46297973
-0.45747095
-0.46082363
-0.45771268
-0.44817066
-0.4612416
-0.46850356
-0.45496863
-0.47115925
-0.46356428
-0.46481976
-0.47646317
-0.4632995
-0.4600913
-0.46857277
-0.4764813
-0.47030357
-0.4638702
-0.46852046
-0.47186583
-0.470563
-0.4616329
-0.4709701
-0.47504726
-0.48003474
-0.46742722
-0.47537386
-0.46283957
-0.48591578
-0.46628484
-0.4743983
-0.47302163
-0.46825734
-0.47403362
-0.45513687
-0.47460148
-0.4866804
-0.47072044
-0.47148898
-0.4647007
-0.48095122
-0.46545
-0.47539645
-0.4750764
-0.4602043
-0.48100352
-0.48516557
-0.47633576
-0.47875053
-0.47995466
-0.47213095
-0.47409073
-0.4802312
-0.48767596
-0.48831528
-0.48188642
-0.48010242
-0.48147482
-0.47472778
-0.47679675
-0.47663638
-0.49076968
-0.47366983
-0.47910655
-0.48407477
-0.4980796
-0.48181924
-0.48569745
-0.4923277
-0.49079707
-0.49020362
-0.48467743
-0.49242643
-0.4763231
-0.49184102
-0.49440783
-0.4841845
-0.4875297
-0.48724934
-0.49132338
-0.49059755
-0.49387038
-0.48809418
-0.48611733
-0.47882408
-0.4882232
-0.4887385
-0.4829361
-0.48527807
-0.4740517
-0.4808988
-0.50072867
-0.4864706
-0.49395832
-0.48579353
-0.5020907
-0.49207535
-0.49759158
-0.49536717
-0.4885588
-0.46856686
-0.49470514
-0.5027171
-0.49038532
-0.5073577
-0.49678102
-0.5043836
-0.49388063
-0.50011754
-0.49048677
-0.5051596
-0.49253583
-0.4933738
-0.5000538
-0.50282073
-0.48943317
-0.4923707
-0.49178502
-0.49621654
-0.5034123
-0.4993548
-0.5029768
-0.4978956
-0.5016976
-0.5098517
-0.50862086
-0.49346146
-0.49124306
-0.49873567
-0.49769574
-0.50031495
-0.49075338
-0.50010586
-0.50149894
-0.4975592
-0.51262784
-0.50306565
-0.50014126
-0.4930307
-0.49694782
-0.5013173
-0.51416594
-0.5018508
-0.50033945
-0.5142408
-0.50900644
-0.5025742
-0.5027363
-0.5059671
-0.5066447
-0.5057529
-0.5067743
-0.5149969
-0.5001547
-0.5073826
-0.5062222
-0.50751156
-0.52099466
-0.50641227
-0.4992302
-0.50460094
-0.5083083
-0.5016982
-0.5195409
-0.51684874
-0.5101691
-0.5045273
-0.50828856
-0.51581454
-0.5167742
-0.51133573
-0.50845236
-0.49852175
-0.5171797
-0.52449757
-0.51058704
-0.51693946
-0.517603
-0.50510925
-0.5136532
-0.5134391
-0.5100639
-0.5142283
-0.5229283
-0.5085291
-0.5090079
-0.5097085
-0.5114418
-0.5058523
-0.5059031
-0.5134517
-0.5195689
-0.5178774
-0.5223305
-0.5134802
-0.51904947
-0.50747925
-0.50902873
-0.51086587
-0.5205604
-0.52062875
-0.5187214
-0.5113842
-0.52585715
-0.5207817
-0.5139689
-0.5129557
-0.5253214
-0.5154159
-0.5276683
-0.5150577
-0.5166765
-0.5241912
-0.5032397
-0.51725125
-0.5121566
-0.49697214
-0.506983
-0.52292496
-0.5155707
-0.514795
-0.5293851
-0.5144013
-0.5194506
-0.5151164
-0.5093854
-0.52177143
-0.51642543
-0.525969
-0.5165355
-0.5205504
-0.52381927
-0.5216839
-0.5231791
-0.5276025
-0.5169526
-0.5167457
-0.5209212
-0.50326484
-0.5275746
-0.5155552
-0.5134265
-0.52259904
-0.5149434
-0.5278214
-0.51244986
-0.52511925
-0.51511204
-0.52727467
-0.52240473
-0.5162568
-0.52217156
-0.5328314
-0.52546304
-0.52807397
-0.5314274
-0.524183
-0.5197608
-0.5287168
-0.5175412
-0.5351974
-0.52392715
-0.5183825
-0.527893
-0.53832525
-0.53826845
-0.5233839
-0.5155841
-0.54051524
-0.5281936
-0.52790105
-0.5164472
-0.5193502
-0.5337101
-0.52085197
-0.53064936
-0.522696
-0.5244458
-0.53794885
-0.52003
-0.52279997
-0.5177164
-0.52732384
-0.5346149
-0.5302987
-0.5250952
-0.5229463
-0.53378296
-0.5371218
-0.53409547
-0.52935314
-0.5303495
-0.5313095
-0.53796774
-0.5305059
-0.52192605
-0.5232763
-0.5304348
-0.52696615
-0.52699757
-0.5273694
-0.52639425
-0.5273107
-0.5364388
-0.5347072
-0.52508694
-0.51879096
-0.53080606
-0.532463
-0.5339227
-0.52181184
-0.53061146
-0.52645916
-0.53207165
-0.5328095
-0.52806395
-0.5280166
-0.52482057
-0.528877
-0.53063226
-0.5227212
-0.5315655
-0.52772653
-0.5270623
-0.5312437
-0.5341239
-0.53632206
-0.52554953
-0.5245104
-0.5245119
-0.5192707
-0.53468215
-0.540798
-0.5410416
-0.548608
-0.54303646
-0.5432065
-0.54146296
-0.53659075
-0.539663
-0.53407305
-0.5368748
-0.52433586
-0.5336617
-0.5477569
-0.53946024
-0.53144324
-0.53353876
-0.5269094
-0.52800745
-0.53525877
-0.53521556
-0.52749276
-0.5317969
-0.5277559
-0.53717595
-0.53962374
-0.52813333
-0.5277533
-0.53555846
-0.543409
-0.5436386
-0.5384777
-0.5444385
-0.5339924
-0.53827685
-0.5329418
-0.54442394
-0.55001575
-0.54724795
-0.5437382
-0.5376024
-0.5395392
-0.5367232
-0.52580065
-0.534537
-0.5335332
-0.53863925
-0.52182436
-0.5300124
-0.54084176
-0.53955346
-0.53909385
-0.5368804
-0.5492384
-0.5415245
-0.5470788
-0.5403442
-0.5408247
-0.5437087
-0.5330993
-0.53646415
-0.5450013
-0.5464716
-0.5558853
-0.54725003
-0.54327875
-0.5445306
-0.5469367
-0.5507165
-0.5534307
-0.55310255
-0.5479541
-0.53673077
-0.53714055
-0.5428977
-0.5456447
-0.54331344
-0.5454588
-0.5397516
-0.5413366
-0.54455286
-0.5416843
-0.53903204
-0.5497312
-0.5426203
-0.5472183
-0.54814607
-0.5467486
-0.5446544
-0.5503546
-0.5506222
-0.56072104
-0.5595865
-0.54258406
-0.5416141
-0.5357868
-0.5409813
-0.54333985
-0.5470847
-0.5543542
-0.5572556
-0.54624933
-0.5652179
-0.55648315
-0.5378578
-0.5592061
-0.55846715
-0.55248404
-0.5527827
-0.553802
-0.5451802
-0.539871
-0.5485982
-0.5564567
-0.55194026
-0.54941803
-0.557338
-0.54766953
-0.54211336
-0.5616361
-0.54752624
-0.547596
-0.5461819
-0.55099034
-0.55147636
-0.5554406
-0.5411249
-0.5589132
-0.55131227
-0.55513144
-0.55622023
-0.5470182
-0.53923094
-0.54064226
-0.5475514
-0.54027736
-0.5479663
-0.55044436
-0.55965114
-0.54888713
-0.55507594
-0.55227375
-0.5515633
-0.54411155
-0.55948687
-0.56021047
-0.5437508
-0.5551028
-0.5602336
-0.5545422
-0.54938304
-0.54898405
-0.5422372
-0.5503689
-0.5538251
-0.54842365
-0.55820125
-0.54768145
-0.55205804
-0.55078274
-0.5695784
-0.55272335
-0.54797435
-0.56125927
-0.5503088
-0.54592294
-0.5498453
-0.5540748
-0.56893015
-0.5574461
-0.55058175
-0.5616751
-0.5551879
-0.5555696
-0.55073833
-0.54673946
-0.552733
-0.55569017
-0.5554323
-0.5525386
-0.54769945
-0.5537238
-0.56295735
-0.54464155
-0.56671435
-0.56355876
-0.5533787
-0.5590637
-0.5562339
-0.54896367
-0.5601358
-0.5494349
-0.5509416
-0.55615216
-0.55877537
-0.557032
-0.56239784
-0.5576789
-0.56193274
-0.56707954
-0.5470821
-0.56459725
-0.5498493
-0.56012464
-0.55990463
-0.56244457
-0.5650423
-0.5658404
-0.5556794
-0.5587902
-0.5570514
-0.564653
-0.55298835
-0.55607486
-0.56057715
-0.5555221
-0.5722888
-0.5623792
-0.5531356
-0.5530608
-0.56467664
-0.5579441
-0.5550041
-0.5576468
-0.5659812
-0.5637528
-0.5578046
-0.5594991
-0.54626364
-0.55066615
-0.5656689
-0.5539872
-0.5600785
-0.555423
-0.5637812
-0.56453437
-0.5636093
-0.5709124
-0.56576705
-0.5515624
-0.56374353
-0.56103206
-0.55400705
-0.5661619
-0.56117386
-0.5509638
-0.5731063
-0.56978506
-0.5576362
-0.5564646
-0.5550351
-0.575203
-0.5474223
-0.56064934
-0.55701166
-0.56728035
-0.5601827
-0.5705954
-0.56697893
-0.5680963
-0.5643005
