-0.100739844
-0.17658436
-0.20817742
-0.2538147
-0.25973445
-0.26028076
-0.25749803
-0.26477447
-0.3028374
-0.34766948
-0.34109944
-0.34655374
-0.39207935
-0.43997008
-0.4351126
-0.47877118
-0.48962682
-0.53447574
-0.5626538
-0.5630527
-0.555488
-0.53444976
-0.5499913
-0.5764427
-0.5640911
-0.55514634
-0.55810016
-0.5538639
-0.55195343
-0.5633524
-0.57236576
-0.57559454
-0.5695685
-0.5853135
-0.6012315
-0.6074429
-0.609191
-0.5703816
-0.61849844
-0.6144
-0.59159327
-0.5764269
-0.5787534
-0.5860324
-0.58161455
-0.5829679
-0.5737334
-0.59909445
-0.6019257
-0.6018329
-0.58523357
-0.62047786
-0.6211088
-0.62358826
-0.62346053
-0.6224893
-0.62402105
-0.63024324
-0.63613725
-0.6315699
-0.651014
-0.6593373
-0.6648801
-0.6617259
-0.6651721
-0.67306423
-0.67084277
-0.6734901
-0.6744028
-0.6784973
-0.69042754
-0.6784034
-0.62496775
-0.6585194
-0.66306794
-0.64282453
-0.6331906
-0.63147444
-0.6494251
-0.6393048
-0.6483188
-0.6515145
-0.6412962
-0.6508123
-0.67112345
-0.6540604
-0.645044
-0.67200994
-0.66611576
-0.6729793
-0.6727349
-0.6647834
-0.66201216
-0.6661749
-0.67010844
-0.67943805
-0.68283564
-0.67944103
-0.6789597
-0.67786705
-0.6805121
-0.66025513
-0.6978428
-0.6963895
-0.69386625
-0.70063496
-0.708252
-0.69820875
-0.7207947
-0.7124845
-0.705462
-0.7079295
-0.7071744
-0.7120506
-0.72924626
-0.72590095
-0.7282688
-0.7289422
-0.74060804
-0.7222685
-0.7387424
-0.7214073
-0.70565283
-0.70000553
-0.694509
-0.68792635
-0.686945
-0.6990147
-0.69293517
-0.6980224
-0.68695444
-0.6836572
-0.68160456
-0.6941228
-0.68467045
-0.6859238
-0.67874956
-0.6839993
-0.6914744
-0.69327426
-0.67721653
-0.68325776
-0.68373275
-0.688794
-0.6895421
-0.69946134
-0.6933026
-0.68460375
-0.6835811
-0.7006984
-0.69570446
-0.69895357
-0.70735794
-0.69737947
-0.70726043
-0.7162655
-0.71914935
-0.70336664
-0.72931856
-0.7293351
-0.7210868
-0.7162945
-0.7209733
-0.73489046
-0.71446145
-0.7177253
-0.71636724
-0.7175371
-0.71250296
-0.70793706
-0.72540945
-0.7266462
-0.7223672
-0.73459744
-0.7315323
-0.7295077
-0.7399743
-0.7388369
-0.7177181
-0.7472577
-0.7292504
-0.7228985
-0.7162962
-0.73701245
-0.73203456
-0.73833895
-0.7437035
-0.74292564
-0.75141793
-0.7542916
-0.74957424
-0.7350893
-0.75632757
-0.75984347
-0.7596646
-0.750383
-0.7457383
-0.7368705
-0.7457756
-0.7400801
-0.7419119
-0.7464792
-0.74552757
-0.74576163
-0.73956764
-0.7392462
-0.74021894
-0.7315693
-0.74119604
-0.73678476
-0.73511124
-0.74660736
-0.7483222
-0.74809426
-0.7472883
-0.76072913
-0.7625971
-0.7661194
-0.76027906
-0.76646996
-0.7622497
-0.75636166
-0.7601452
-0.7567942
-0.757878
-0.7579338
-0.763675
-0.7528676
-0.75216633
-0.7452864
-0.7424951
-0.7484176
-0.7457149
-0.7497771
-0.7501464
-0.7388847
-0.7502543
-0.7420384
-0.74775535
-0.7477442
-0.7529532
-0.7602029
-0.7552702
-0.75388336
-0.76381934
-0.76316243
-0.7664956
-0.7657603
-0.7471958
-0.7733958
-0.771896
-0.7576339
-0.7806506
-0.7675633
-0.75888336
-0.7690482
-0.77257025
-0.7597633
-0.77026397
-0.7755618
-0.7737944
-0.77059764
-0.7721752
-0.77791786
-0.78613836
-0.776245
-0.77831984
-0.7847982
-0.7451621
-0.7763301
-0.7580012
-0.7614841
-0.7754248
-0.76750374
-0.7729697
-0.76823044
-0.7728412
-0.7608326
-0.7772363
-0.7553301
-0.7589274
-0.76709366
-0.74635667
-0.74257565
-0.7585668
-0.75443506
-0.74083096
-0.74500716
-0.7425939
-0.7495992
-0.7374687
-0.7399093
-0.7331193
-0.7360048
-0.7341827
-0.73951614
-0.7319023
-0.7267078
-0.7363628
-0.72645944
-0.70923066
-0.7237945
-0.72303843
-0.7353504
-0.7121098
-0.72019887
-0.72537845
-0.72839534
-0.7249853
-0.7312758
-0.7317828
-0.7341872
-0.7470224
-0.7418742
-0.73123527
-0.7525215
-0.7389944
-0.74889886
-0.74108964
-0.7569969
-0.76222163
-0.76124126
-0.7571434
-0.7588989
-0.7538283
-0.7531314
-0.7608237
-0.7495054
-0.75567377
-0.75394046
-0.7614511
-0.74805045
-0.76201844
-0.745031
-0.75834864
-0.7517935
-0.7563111
-0.74977
-0.7618395
-0.76483333
-0.7619926
-0.76066744
-0.7718543
-0.76624095
-0.7624171
-0.77380174
-0.7733769
-0.7727311
-0.77284056
-0.7726542
-0.76767975
-0.77343345
-0.778559
-0.7860524
-0.76127553
-0.775178
-0.7693557
-0.76327723
-0.74956644
-0.7357192
-0.7493119
-0.7371712
-0.73763627
-0.7310231
-0.73919976
-0.7366841
-0.74937654
-0.74929774
-0.74535763
-0.7452837
-0.7500665
-0.7471583
-0.75264513
-0.7455369
-0.7508858
-0.7517224
-0.7584006
-0.7624344
-0.7557508
-0.7527465
-0.76347125
-0.74508834
-0.76399183
-0.75841105
-0.7606337
-0.7543795
-0.76276475
-0.7570143
-0.75035655
-0.76183164
-0.7520875
-0.7402078
-0.7451217
-0.73975337
-0.7389859
-0.74421096
-0.75042176
-0.74229336
-0.7563934
-0.7502562
-0.7637511
-0.7549751
-0.76562345
-0.7642041
-0.77489513
-0.763965
-0.7683514
-0.76815116
-0.76564693
-0.7730122
-0.7779042
-0.770752
-0.78481793
-0.7813388
-0.76834846
-0.7614944
-0.78152543
-0.7809163
-0.7857387
-0.7862931
-0.78794897
-0.78299636
-0.7818238
-0.78608197
-0.78737605
-0.78811085
-0.7919758
-0.7939305
-0.78795487
-0.7887835
-0.78043294
-0.7917358
-0.778707
-0.79431224
-0.7920077
-0.7829122
-0.78734004
-0.78615576
-0.78990054
-0.78793085
-0.7888738
-0.78695035
-0.7971986
-0.79875493
-0.7950596
-0.7963549
-0.799388
-0.81255126
-0.80405426
-0.80278885
-0.7977948
-0.80545604
-0.7972504
-0.7998935
-0.80235195
-0.7985774
-0.80646056
-0.7930094
-0.80234766
-0.79614484
-0.78798395
-0.79157317
-0.7911722
-0.7924286
-0.7915613
-0.7851897
-0.7790425
-0.7842511
-0.7792176
-0.7778212
-0.7818623
-0.7779683
-0.77795386
-0.77960056
-0.78152037
-0.7775804
-0.78002614
-0.7855743
-0.7731424
-0.78140414
-0.7780035
-0.77459013
-0.7832304
-0.7797289
-0.7736071
-0.79111105
-0.78054446
-0.7822091
-0.77709687
-0.782821
-0.7837558
-0.77415705
-0.7774747
-0.77858603
-0.7742167
-0.77228665
-0.77247715
-0.7710743
-0.77059275
-0.76539713
-0.77070904
-0.7705059
-0.76263
-0.76195586
-0.7708306
-0.7559467
-0.75368774
-0.75600016
-0.76877666
-0.7616955
-0.7719371
-0.7614978
-0.7560159
-0.767323
-0.7682497
-0.7534931
-0.759717
-0.7548788
-0.76456064
-0.76540923
-0.7637375
-0.7668249
-0.7606606
-0.7576005
-0.7671581
-0.7627347
-0.7589816
-0.7277602
-0.7314521
-0.7307877
-0.73214954
-0.7413596
-0.7495595
-0.7523281
-0.7709885
-0.77441263
-0.7767172
-0.78119266
-0.77977175
-0.773906
-0.77412415
-0.78113884
-0.7855112
-0.7772303
-0.77659357
-0.7724677
-0.78606915
-0.77514833
-0.7845365
-0.7866541
-0.7793326
-0.77716386
-0.784458
-0.7753065
-0.7875258
-0.7854736
-0.77339655
-0.7876715
-0.78819686
-0.792154
-0.79414326
-0.7959189
-0.79947376
-0.79576874
-0.8006724
-0.7977998
-0.80760145
-0.80436057
-0.80504
-0.8095682
-0.8084118
-0.81194144
-0.814126
-0.8101311
-0.8174362
-0.8146402
-0.81677824
-0.8097691
-0.8237796
-0.82025456
-0.8138522
-0.81776404
-0.8121393
-0.8197944
-0.81922144
-0.82179666
-0.81317985
-0.8004667
-0.8114726
-0.81131196
-0.79925406
-0.8003567
-0.8068659
-0.78733706
-0.7903843
-0.78023994
-0.78225756
-0.77840936
-0.7930868
-0.79520184
-0.80386215
-0.7959341
-0.8019167
-0.8009335
-0.8002132
-0.8027163
-0.80834705
-0.8039549
-0.8031525
-0.7991901
-0.8003171
-0.79737425
-0.8028234
-0.78250414
-0.7895656
-0.7892822
-0.792811
-0.7802523
-0.78264517
-0.78048533
-0.7781829
-0.78544676
-0.78298545
-0.7764192
-0.78224945
-0.7864722
-0.78916657
-0.78161395
-0.78161687
-0.78694874
-0.7939326
-0.7942329
-0.7828379
-0.7966247
-0.7970705
-0.793401
-0.7950272
-0.791115
-0.7942339
-0.79620445
-0.7991225
-0.8003497
-0.79797626
-0.8003844
-0.7942332
-0.7984142
-0.79374313
-0.80791354
-0.8069416
-0.8035495
-0.808139
-0.80603516
-0.80144936
-0.79648477
-0.81056595
-0.80264115
-0.81011003
-0.80622476
-0.804277
-0.8073226
-0.80963075
-0.81329507
-0.8090655
-0.8068416
-0.81247485
-0.8165476
-0.8141953
-0.81392103
-0.81880677
-0.8125251
-0.81374705
-0.8095888
-0.82153845
-0.8158042
-0.8156069
-0.81969637
-0.8166799
-0.81540865
-0.8147527
-0.82512975
-0.8072866
-0.81136715
-0.8164835
-0.8072082
-0.8193737
-0.8088397
-0.8186472
-0.8185613
-0.8135671
-0.8161043
-0.8179109
-0.8073296
-0.8124654
-0.812542
-0.821559
-0.8163775
-0.8119258
-0.80702704
-0.8140029
-0.8190045
-0.809409
-0.8018696
-0.8046336
-0.8097719
-0.8080449
-0.8073979
-0.8018057
-0.80452293
-0.80796623
-0.801015
-0.8058126
-0.8026859
-0.8100412
-0.8063154
-0.80172914
-0.80878294
-0.80616283
-0.80967224
-0.8110666
-0.80539966
-0.8139788
-0.8070998
-0.8094441
-0.8155188
-0.8179929
-0.8169786
-0.81515396
-0.8149955
-0.8176759
-0.8086005
-0.81444705
-0.8159916
-0.81648934
-0.816587
-0.8189732
-0.81076896
-0.8181991
-0.81180435
-0.81904036
-0.8192268
-0.81539536
-0.8078655
-0.8138334
-0.8122531
-0.8132944
-0.81083703
-0.8199548
-0.8224398
-0.81981695
-0.82260174
-0.8139322
-0.81270313
-0.8162387
-0.8101449
-0.8195012
-0.8092869
-0.81925744
-0.81372935
-0.81882995
-0.8107946
-0.80979186
-0.8109886
-0.8144877
-0.80857396
-0.8150966
-0.8066077
-0.81329817
-0.8173896
-0.8120927
-0.7908364
-0.81201494
-0.8074232
-0.80876195
-0.80947536
-0.8033884
-0.7945053
-0.8087556
-0.8049598
-0.80409896
-0.81216174
-0.79939723
-0.80374956
-0.80686903
-0.80642647
-0.8085438
-0.8122557
-0.8124093
-0.8112899
-0.8088435
-0.81741226
-0.8103453
-0.81722695
-0.8116598
-0.8175783
-0.8186439
-0.81941843
-0.8138751
-0.82376534
-0.81954944
-0.8201698
-0.8238873
-0.82411873
-0.8184983
-0.7883654
-0.80724514
-0.8005924
-0.7698431
-0.81177115
-0.80094266
-0.80315095
-0.8015852
-0.8043866
-0.80844265
-0.80355674
-0.79645663
-0.8014436
-0.8016027
-0.80442214
-0.80065644
-0.7890687
-0.7962379
-0.80012774
-0.80532986
-0.8045597
-0.80029905
-0.80757636
-0.8127849
-0.80226475
-0.7991042
-0.7994512
-0.78622407
-0.81082636
-0.774291
-0.7811414
-0.792191
-0.7789632
-0.790959
-0.78126407
-0.78142124
-0.78805655
-0.7891717
-0.78974026
-0.7822312
-0.7936905
-0.7900189
-0.7942138
-0.7923098
-0.78615046
-0.78791964
-0.79340714
-0.78988075
-0.7944362
-0.78822577
-0.79670644
-0.79646665
-0.7905859
-0.80320096
-0.80075794
-0.79660285
-0.7968022
-0.79530317
-0.79386246
-0.79462165
-0.79737556
-0.786818
-0.79795843
-0.7940773
-0.7942706
-0.7948551
-0.80119884
-0.79926664
-0.7965003
-0.8062959
-0.8024695
-0.7929382
-0.80292386
-0.80037034
-0.8063528
-0.7978527
-0.8056004
-0.7996004
-0.7959054
-0.79360014
-0.79512167
-0.7880912
-0.7957253
-0.7929155
-0.7918129
-0.7912005
-0.7927099
-0.78943586
-0.7916681
-0.7938551
-0.79682374
-0.79922235
-0.7992536
-0.8051117
-0.80289364
-0.80176884
-0.8042016
-0.8041731
-0.8020441
-0.8048058
-0.803207
-0.8099526
-0.8126654
-0.8157695
-0.81685907
-0.8137662
-0.81819856
-0.8115551
-0.8074944
-0.81102407
-0.8159977
-0.82091993
-0.8193873
-0.8271401
-0.82184845
-0.81379527
-0.8209223
-0.82196784
-0.8204218
-0.823769
-0.8228137
-0.8207728
-0.81797016
-0.8233863
-0.81451607
-0.81594205
-0.8172994
-0.81551224
-0.813445
-0.81319624
-0.8113848
-0.8025234
-0.80302066
-0.80037296
-0.79650956
-0.7949774
-0.80665994
-0.8083396
-0.80697703
-0.8109669
-0.8109048
-0.8086237
-0.8112624
-0.8041209
-0.81234026
-0.8183206
-0.8155309
-0.8169981
-0.8094795
-0.8114376
-0.81071603
-0.8183958
-0.81198263
-0.8156922
-0.8160523
-0.8097027
-0.8123112
-0.8224422
-0.81578654
-0.8125023
-0.8088908
-0.81432825
-0.8188596
-0.8147123
-0.81746775
-0.81680065
-0.82400644
-0.82133305
-0.8185772
-0.82819456
-0.82513577
-0.82443845
-0.8253024
-0.8192538
-0.82128835
-0.82816625
-0.8229011
-0.8260494
-0.824065
-0.82114637
-0.8171339
-0.8232342
-0.8134169
-0.8136914
-0.8193524
-0.81752616
-0.82383776
-0.8216913
-0.8236325
-0.8213442
-0.8242967
-0.80796367
-0.8289916
-0.8114493
-0.81941134
-0.8171428
-0.8168401
-0.8186875
-0.8207975
-0.8154475
-0.8141623
-0.8238845
-0.81875336
-0.817201
-0.8209969
-0.8201978
-0.8239843
-0.82769835
-0.8186517
-0.8263223
-0.8182852
-0.82067615
-0.8207438
-0.821944
-0.8279954
-0.8234933
-0.82306725
-0.79967207
-0.823728
-0.8201956
-0.80963004
-0.81100744
-0.80998886
-0.80644345
-0.8013727
-0.80289465
-0.79464567
-0.80851907
-0.79771984
-0.8081702
-0.8082243
-0.8047287
-0.8024417
-0.80111086
-0.803854
-0.8107406
-0.8055337
-0.80841774
-0.81100094
-0.80884
-0.8127675
-0.8176433
-0.80865216
-0.8149451
-0.81848586
-0.810877
-0.8191418
-0.8202117
-0.82212764
-0.8185566
-0.81743085
-0.81661844
-0.8173598
-0.8186043
-0.81604415
-0.8190113
-0.8263345
-0.82620853
-0.8147131
-0.81102836
-0.8204916
-0.82693815
-0.8084981
-0.81258
-0.8131552
-0.81288546
-0.80982226
-0.8142525
-0.81123054
-0.8068612
-0.8155533
-0.7980668
-0.81142914
-0.81045353
-0.8123361
-0.8071438
-0.8097902
-0.7991452
-0.79162294
-0.79196316
-0.79771996
-0.79067826
-0.7952344
-0.79973537
-0.79630744
-0.8005158
-0.8078408
-0.8013214
-0.7829224
-0.78524023
-0.78922635
-0.80519336
-0.807767
-0.80073935
-0.8005469
-0.8089784
-0.79893064
-0.80718285
-0.8136924
-0.80605406
-0.81415874
-0.80868447
-0.80429864
-0.81584835
-0.8182755
-0.8176249
-0.82045174
-0.8194275
-0.8214978
-0.8169643
-0.81785494
-0.8158706
-0.8128795
-0.8161946
-0.81548697
-0.81737846
-0.815775
-0.82149684
-0.8176477
-0.81887954
-0.8163783
-0.81967646
-0.8174867
-0.8244364
-0.82060647
-0.8181823
-0.8219038
-0.81996185
-0.8226571
-0.821962
-0.82254106
-0.82433295
-0.82367796
-0.81508
-0.8296051
-0.8330296
-0.83133286
-0.82141477
-0.82138777
-0.816034
-0.8188324
-0.81266314
-0.8022742
-0.8115818
-0.8146794
-0.81304014
-0.8138739
-0.8131641
-0.8215291
-0.8135322
-0.81751513
-0.816836
-0.8093517
-0.814628
-0.8197386
-0.81482804
-0.81258893
-0.8239447
-0.82066983
-0.82003236
-0.8213354
-0.8215945
-0.82637674
-0.8282799
-0.8175392
-0.83353263
-0.8217831
-0.82817566
-0.81263363
-0.82777
-0.8206301
-0.8208346
-0.8169757
-0.8214426
-0.8110983
-0.8198559
-0.81652707
-0.8223625
-0.8222592
-0.8215391
-0.8216582
-0.8227178
-0.8282545
-0.82525134
-0.81801116
-0.82359135
-0.8254514
-0.82177603
-0.8226837
-0.8291992
-0.8207072
-0.8319759
-0.82271457
-0.82601106
-0.83067924
-0.8271926
-0.8285644
-0.8231942
-0.826542
-0.8205228
-0.80288005
-0.8252337
-0.8124754
-0.81625354
-0.81517774
-0.81228846
-0.8102333
-0.8151474
-0.814091
-0.8135883
-0.81462044
-0.81930345
-0.8154672
-0.8109151
-0.8133518
-0.81122994
-0.8136626
-0.8107623
-0.80925065
-0.8147174
-0.814143
-0.8189877
-0.8188589
-0.82299423
-0.8251647
-0.82412
-0.8273403
-0.82473844
-0.8252132
-0.82439476
-0.8283239
-0.8248027
-0.82112
-0.8179915
-0.8145907
-0.81843585
-0.8226507
-0.8242424
-0.81653666
-0.82444066
-0.81949675
-0.8169366
-0.82128495
-0.8219207
-0.81503195
-0.8232379
-0.8294301
-0.8260541
-0.8189211
-0.8257798
-0.82615906
-0.83059704
-0.8318696
-0.82920265
-0.82599795
-0.8285288
-0.8330743
-0.83012575
-0.82260984
-0.8232459
-0.8234702
-0.8156511
-0.834155
-0.8317255
-0.82552606
-0.82997274
-0.8291683
-0.82523507
-0.82703257
-0.8353038
-0.82877856
-0.83137095
-0.83191365
-0.83302784
-0.82650584
-0.8332232
-0.82098126
-0.82811886
-0.83844274
-0.83479095
-0.831519
-0.8335773
-0.83427644
-0.8365996
-0.8292995
-0.82743776
-0.830979
-0.83015394
-0.8347384
-0.8363292
-0.8301768
-0.8381314
-0.82921207
-0.832914
-0.8261095
-0.8328589
-0.8339296
-0.8269686
-0.8315889
-0.8307535
-0.8180375
-0.82389665
-0.8376756
-0.83490926
-0.82846224
-0.8323891
-0.8302169
-0.82367694
-0.82516515
-0.82501423
-0.8325396
-0.82725835
-0.8367971
-0.83884495
-0.8300869
-0.8290575
-0.8309368
-0.8411278
-0.8386843
-0.8424779
-0.83105445
-0.8357979
-0.83446425
-0.8365452
-0.8293042
-0.83415055
-0.8372046
-0.84002656
-0.84490675
-0.841887
-0.83716035
-0.8384724
-0.8353091
-0.84526134
-0.84457386
-0.8424547
-0.83728755
-0.8428538
-0.84493893
-0.8472012
-0.8339702
-0.84704614
-0.8347048
-0.844418
-0.82325596
-0.8365965
-0.8426017
-0.84035957
-0.8328631
-0.8308429
-0.83715254
-0.83179784
-0.83860373
-0.8271819
-0.827724
-0.8293089
-0.8332158
-0.83089185
-0.8320019
-0.8291087
-0.82790506
-0.8308252
-0.8253185
-0.83238995
-0.8326036
-0.836807
-0.832366
-0.8357014
-0.8274241
-0.8344939
-0.84109646
-0.8366059
-0.83485407
-0.84004974
-0.83314854
-0.8444491
-0.8383354
-0.8372132
-0.8352032
-0.8404045
-0.8365896
-0.83106637
-0.83356565
-0.8382362
-0.83639747
-0.8273528
-0.83063555
-0.82812345
-0.83017725
-0.83443296
-0.82583416
-0.8282138
-0.8334664
-0.828813
-0.8332203
-0.8279396
-0.8327029
-0.8358139
-0.83183295
-0.83117855
-0.8341547
-0.8323221
-0.8361552
-0.8332688
-0.8272284
-0.83231854
-0.83556217
-0.84526944
-0.8319782
-0.8401281
-0.8315829
-0.8430179
-0.83548737
-0.8336882
-0.8340685
-0.8312284
-0.8361365
-0.8307809
-0.8355096
-0.8366546
-0.84019417
-0.8286756
-0.8295014
-0.8207068
-0.8327841
-0.8289532
-0.8307174
-0.8192492
-0.8290738
-0.830862
-0.8333148
-0.82578856
-0.83048034
-0.82288104
-0.8263621
-0.8317514
-0.8285771
-0.8331647
-0.826307
-0.81982344
-0.83175355
-0.8271947
-0.8260257
-0.8291237
-0.8278464
-0.8308224
-0.8329085
-0.82946944
-0.83195525
-0.8324705
-0.835109
-0.832079
-0.83565414
-0.832461
-0.83708733
-0.8364351
-0.83282477
-0.839003
-0.835481
-0.83067405
-0.83456045
-0.83259475
-0.8302439
-0.83179533
-0.8291138
-0.83232397
-0.8323579
-0.83076656
-0.83103865
-0.8332769
-0.8320612
-0.831088
-0.8302237
-0.8186065
-0.8326174
-0.81768805
-0.7803687
-0.7813177
-0.7976972
-0.8072089
-0.81386423
-0.81909966
-0.82013994
-0.8199252
-0.8030129
-0.809338
-0.8100084
-0.80523837
-0.80611014
-0.80389005
-0.7953226
-0.80463064
-0.8031486
-0.79673076
-0.7945187
-0.8026731
-0.8030422
-0.79193395
-0.8006988
-0.79529226
-0.79924124
-0.79788226
-0.8048436
-0.80056256
-0.8011385
-0.80274284
-0.80222267
-0.7954465
-0.80353504
-0.80785286
-0.79842997
-0.80707854
-0.8060702
-0.81078976
-0.810548
-0.8161836
-0.8101127
-0.8158766
-0.8176195
-0.8210641
-0.8227823
-0.825972
-0.8296307
-0.8218427
-0.82175773
-0.82298356
-0.8301217
-0.8292803
-0.831055
-0.8294044
-0.83068496
-0.8353547
-0.83176994
-0.8345462
-0.8341036
-0.8353436
-0.83563924
-0.8373598
-0.8344778
-0.84511226
-0.84399515
-0.83331144
-0.83989173
-0.8443808
-0.840708
-0.83874065
-0.8385197
-0.8456091
-0.84228843
-0.84398603
-0.842423
-0.8418284
-0.8451539
-0.84266394
-0.84075946
-0.84008
-0.8290898
-0.84004194
-0.83323354
-0.83692485
-0.8433713
-0.8416742
-0.83963263
-0.84367156
-0.83501124
-0.83591294
-0.83062565
-0.84158134
-0.8345254
-0.83142895
-0.8320413
-0.8240601
-0.828404
-0.82513744
-0.82971376
-0.8260451
-0.8222506
-0.82372767
-0.82665944
-0.8255961
-0.82425433
-0.7994907
-0.81280583
-0.8273399
-0.8254956
-0.8310128
-0.82648903
-0.82581544
-0.82334876
-0.82652295
-0.83308136
-0.8277714
-0.83160955
-0.8316732
-0.8277951
-0.82561684
-0.82110566
-0.8300926
-0.828449
-0.8424027
-0.83316845
-0.8347653
-0.8329205
-0.8313475
-0.83608115
-0.8283578
-0.8336575
-0.83278257
-0.81688523
-0.8225594
-0.8240542
-0.8338418
-0.82448745
-0.82030356
-0.8269524
-0.82249486
-0.8252734
-0.8284273
-0.8295399
-0.82279944
-0.8240116
-0.82714087
-0.8281935
-0.825314
-0.8280929
-0.8293587
-0.830634
-0.82905
-0.8299467
-0.832966
-0.8341848
-0.8352483
-0.83518815
-0.8342589
-0.84077156
-0.8380709
-0.8280382
-0.8385789
-0.83601207
-0.8287782
-0.830658
-0.82610345
-0.8264727
-0.8197316
-0.82041395
-0.81113786
-0.81971574
-0.8142206
-0.82000875
-0.8209813
-0.81995654
-0.82180136
-0.8214297
-0.8220721
-0.8278157
-0.8222668
-0.824922
-0.8324027
-0.82722163
-0.8299408
-0.83298117
-0.83496225
-0.83519334
-0.8370279
-0.8329991
-0.8373108
-0.832633
-0.83151925
-0.8249378
-0.82743204
-0.83353364
-0.833756
-0.82917124
-0.83450913
-0.8275163
-0.8284009
-0.8219999
-0.82716846
-0.82710147
-0.8202336
-0.8216386
-0.816927
-0.8198231
-0.819489
-0.81637025
-0.8100793
-0.818067
-0.8195731
-0.8143673
-0.8183293
-0.8181235
-0.8214492
-0.8254728
-0.8165556
-0.8214186
-0.8267153
-0.82421577
-0.8299658
-0.82630837
-0.83073133
-0.825259
-0.8348968
-0.8269422
-0.8350901
-0.83550465
-0.83205837
-0.83181477
-0.83821815
-0.8327849
-0.8348872
-0.82926494
-0.839102
-0.8426868
-0.8397971
-0.8336982
-0.8329096
-0.8307388
-0.838267
-0.8329709
-0.8378022
-0.839179
-0.8419265
-0.83954805
-0.84261537
-0.83996147
-0.84322715
-0.84142536
-0.84625965
-0.8391596
-0.8381872
-0.84386927
-0.8460328
-0.84011567
-0.83777803
-0.8385977
-0.8397692
-0.83708113
-0.8330885
-0.83314025
-0.84331113
-0.8390656
-0.84134
-0.8435257
-0.8399277
-0.8400754
-0.83255273
-0.83458245
-0.8356016
-0.8296778
-0.8319361
-0.8316244
-0.83667743
-0.8347041
-0.82196474
-0.820088
-0.8199465
-0.81405556
-0.82106376
-0.80860704
-0.8174449
-0.82249075
-0.8095171
-0.81217134
-0.81572664
-0.82178473
-0.82055944
-0.82022536
-0.81930727
-0.82399726
-0.8170236
-0.8124575
-0.82176155
-0.82070005
-0.82247746
-0.8200671
-0.8100536
-0.82129675
-0.82150096
-0.81959474
-0.8182197
-0.8124475
-0.820856
-0.8157139
-0.81522113
-0.82120943
-0.82102305
-0.8189651
-0.8233302
-0.8190823
-0.82630503
-0.82845354
-0.82356834
-0.82753634
-0.82372314
-0.8354526
-0.82265043
-0.8313311
-0.83063155
-0.83247226
-0.8350688
-0.82738465
-0.83177
-0.83002114
-0.8348977
-0.8320116
-0.82835615
-0.8362233
-0.83573294
-0.8346348
-0.8324219
-0.8392244
-0.83971953
-0.83757967
-0.837389
-0.833877
-0.83992755
-0.8352847
-0.8334017
-0.8259324
-0.845217
-0.8408558
-0.84324193
-0.8420043
-0.83625853
-0.83162
-0.83663875
-0.8327123
-0.83244693
-0.82621044
-0.82837224
-0.82119626
-0.82209575
-0.8234004
-0.8147916
-0.8156337
-0.82217824
-0.81730884
-0.8184746
-0.8240665
-0.8214384
-0.8234128
-0.8221064
-0.82267475
-0.8135158
-0.82551324
-0.8216071
-0.8182008
-0.829798
-0.82396483
-0.81912374
-0.8263035
-0.83550274
-0.8391154
-0.8401111
-0.8320737
-0.8285528
-0.83306223
-0.834429
-0.83854806
-0.83765775
-0.8344094
-0.8334671
-0.84057957
-0.8287218
-0.8380604
-0.82827747
-0.83206886
-0.8319448
-0.8390628
-0.83665484
-0.83122927
-0.8376156
-0.8348836
-0.83451706
-0.83742726
-0.8376461
-0.838459
-0.8233707
-0.8393409
-0.82043314
-0.82235116
-0.82750463
-0.83440524
-0.83217126
-0.8303834
-0.8274562
-0.8287175
-0.8311442
-0.81677
-0.82849133
-0.82271665
-0.81594735
-0.8205173
-0.80792564
-0.81327784
-0.82191896
-0.8115082
-0.81853515
-0.81976724
-0.8180987
-0.82159114
-0.81546533
-0.80119157
-0.8131414
-0.8179218
-0.81008744
-0.8201041
-0.81919134
-0.82150847
-0.82184064
-0.82308143
-0.81853294
-0.81696975
-0.82372504
-0.81951404
-0.8101061
-0.81633264
-0.8074849
-0.81523407
-0.8224875
-0.8291579
-0.82010585
-0.82606614
-0.8171775
-0.8194549
-0.82021827
-0.8236224
-0.8219657
-0.82493037
-0.82092565
-0.82675946
-0.8277683
-0.82978094
-0.82587546
-0.8234311
-0.83098
-0.8298962
-0.8315688
-0.8418095
-0.83742106
-0.83715403
-0.8377597
-0.83747905
-0.83666134
-0.83764577
-0.83338475
-0.83493286
-0.8349875
-0.83066374
-0.82791483
-0.8350875
-0.8348414
-0.83942544
-0.832895
-0.84430087
-0.8364162
-0.83959377
-0.8412853
-0.8404706
-0.8362728
-0.8388268
-0.8444867
-0.84177905
-0.8443014
-0.84494454
-0.8521019
-0.84975576
-0.85050434
-0.8480757
-0.8379056
-0.84036297
-0.8482645
-0.8496128
-0.8523992
-0.8541701
-0.83214295
-0.84880465
-0.8483766
-0.8465154
-0.84515893
-0.841206
-0.8363697
-0.8370572
-0.8336504
-0.8439224
-0.839622
-0.8363362
-0.83222425
-0.83997464
-0.8412015
-0.8374815
-0.8436912
-0.83839506
-0.8372325
-0.83772916
-0.8378957
-0.83510405
-0.8425159
-0.84695774
-0.8430939
-0.8486887
-0.8494328
-0.84427875
-0.8465855
-0.8457201
-0.85060245
-0.84255576
-0.84896135
-0.8514734
-0.84355056
-0.85250896
-0.8451083
-0.84104854
-0.8527454
-0.8491778
-0.85147357
-0.8487323
-0.84605736
-0.8494176
-0.8434078
-0.84679914
-0.84561116
-0.8500563
-0.8337271
-0.85038275
-0.84491605
-0.8445233
-0.8471113
-0.85009795
-0.8509897
-0.8489347
-0.8422365
-0.8482245
-0.8454823
-0.84853363
-0.85047007
-0.84530485
-0.84771395
-0.8476277
-0.85043985
-0.85183793
-0.85122484
-0.8482948
-0.84709156
-0.85201204
-0.85133487
-0.8469637
-0.8509188
-0.85275877
-0.8374225
-0.84649867
-0.81978357
-0.84332895
-0.8439359
-0.83363533
-0.83516854
-0.83298105
-0.8337583
-0.83167636
-0.83364624
-0.83574295
-0.83513737
-0.83006895
-0.83247244
-0.82978046
-0.81505436
-0.8331483
-0.8409648
-0.8277536
-0.8341244
-0.8325139
-0.83085895
-0.83063763
-0.83440226
-0.83386356
-0.83735645
-0.83582133
-0.8368059
-0.83382255
-0.8369945
-0.82752067
-0.83441496
-0.8291353
-0.8336048
-0.8381469
-0.8364502
-0.8427183
-0.8449158
-0.8473381
-0.8453606
-0.84755164
-0.85286754
-0.84607285
-0.8398478
-0.8501385
-0.8415422
-0.84448975
-0.84495926
-0.8454698
-0.84516406
-0.8476091
-0.84736854
-0.8537823
-0.8520062
-0.84946007
-0.851127
-0.84815603
-0.8518172
-0.8549258
-0.85152066
-0.8551285
-0.84620243
-0.85205805
-0.8512228
-0.8533865
-0.8546136
-0.8523206
-0.8546693
-0.8534973
-0.85799265
-0.86045396
-0.8559253
-0.8540173
-0.84986967
-0.85753345
-0.8561048
-0.8564563
-0.85760534
-0.8477594
-0.8549748
-0.84964013
-0.8546651
-0.85907483
-0.8473988
-0.8537783
-0.8575995
-0.8633428
-0.85515606
-0.8603181
-0.8499044
-0.8547527
-0.850336
-0.85184085
-0.85503966
-0.85962045
-0.85075873
-0.8523271
-0.85890126
-0.85748726
-0.85558885
-0.8539892
-0.84812486
-0.85273075
-0.853861
-0.8496436
-0.85522664
-0.84347355
-0.85685515
-0.8572796
-0.8563198
-0.8573523
-0.8545993
-0.85382223
-0.8509129
-0.8547998
-0.8550783
-0.84879416
-0.8538981
-0.85051453
-0.8548651
-0.8435833
-0.85000575
-0.85281307
-0.85205865
-0.84976345
-0.85221654
-0.8489178
-0.851488
-0.8455978
-0.8529062
-0.85045385
-0.8449674
-0.8408893
-0.8412374
-0.8451532
-0.84965384
-0.8458683
-0.8471862
-0.84992063
-0.8460506
-0.8446555
-0.845308
-0.8487054
-0.84890646
-0.84852517
-0.8496402
-0.8542994
-0.8523864
-0.8465488
-0.85209256
-0.8533901
-0.85025126
-0.85113585
-0.8491171
-0.8549506
-0.8540556
-0.84881485
-0.84983397
-0.8458528
-0.8577066
-0.84925073
-0.8532627
-0.84556895
-0.8493219
-0.85145843
-0.8404051
-0.85476923
-0.8537816
-0.8498972
-0.84952474
-0.8434356
-0.8503134
-0.85493904
-0.85389876
-0.8468204
-0.84761554
-0.84629315
-0.8479932
-0.84957457
-0.842518
-0.84672517
-0.837628
-0.84526664
-0.8419051
-0.8352718
-0.84936756
-0.8402083
-0.8435117
-0.84555054
-0.8420173
-0.84721047
-0.83846086
-0.84653986
-0.8495584
-0.8433863
-0.8463166
-0.8439072
-0.8482957
-0.8472712
-0.8488328
-0.8459785
-0.8510629
-0.8530048
-0.8477359
-0.8531605
-0.853169
-0.8506677
-0.853275
-0.8514347
-0.8496706
-0.85182244
-0.85370153
-0.8457319
-0.850031
-0.84506756
-0.85018396
-0.850932
-0.85132265
-0.8505354
-0.84518635
-0.8523235
-0.8556925
-0.85262215
-0.85170496
-0.8534102
-0.8552287
-0.8590435
-0.8568113
-0.8448346
-0.8583578
-0.85734856
-0.8531454
-0.8549604
-0.85637295
-0.8574623
-0.85330206
-0.85646117
-0.8551625
-0.8537657
-0.8542591
-0.8517312
-0.855161
-0.8530438
-0.8498344
-0.85702085
-0.8497469
-0.85561347
-0.85110724
-0.8559355
-0.8527995
-0.852501
-0.85241514
-0.8506373
-0.85576886
-0.85435903
-0.8526307
-0.85672355
-0.8455902
-0.8565743
-0.85598564
-0.85222536
-0.85257244
-0.8537929
-0.8582856
-0.86233866
-0.8521476
-0.8500672
-0.8414119
-0.8490474
-0.8452109
-0.8440085
-0.84272337
-0.8399156
-0.8470068
-0.8414962
-0.83781046
-0.83972955
-0.8421631
-0.83924687
-0.83497345
-0.8383117
-0.8375308
-0.8426507
-0.8393902
-0.83782995
-0.8424882
-0.84429574
-0.83881694
-0.84265757
-0.83839816
-0.8412552
-0.8440608
-0.8385442
-0.84259486
-0.8459844
-0.84938383
-0.8438588
-0.8495172
-0.84588015
-0.8431748
-0.8551805
-0.8450681
-0.8515139
-0.85042554
-0.851096
-0.84670275
-0.84904504
-0.8482205
-0.8502603
-0.85546094
-0.85561883
-0.86028796
-0.85493565
-0.8491191
-0.84718347
-0.8430097
-0.84351045
-0.8337158
-0.8317808
-0.83901876
-0.83922297
-0.83520925
-0.8317802
-0.8290955
-0.8259004
-0.8291512
-0.82735735
-0.82934767
-0.82818455
-0.83208317
-0.82547545
-0.8263481
-0.8223271
-0.8212313
-0.82167417
-0.8228332
-0.82742953
-0.82595617
-0.82228965
-0.8265136
-0.8295447
-0.82705396
-0.8340201
-0.8248646
-0.82959145
-0.8314714
-0.8233006
-0.8380917
-0.8366216
-0.8304336
-0.831911
-0.8331327
-0.8386403
-0.8289881
-0.83794415
-0.846102
-0.83324623
-0.8418469
-0.8432942
-0.8436049
-0.84248483
-0.8401657
-0.84530926
-0.8485662
-0.8488493
-0.8469769
-0.8428361
-0.84667176
-0.8467274
-0.8470345
-0.84784466
-0.85107434
-0.8463253
-0.84060615
-0.8479426
-0.82992893
-0.8339082
-0.8400704
-0.8449393
-0.83888006
-0.8392748
-0.83416605
-0.8331295
-0.8303594
-0.8267331
-0.8264889
-0.82885325
-0.8255498
-0.8334226
-0.83612263
-0.8395416
-0.83130455
-0.83780354
-0.8357405
-0.8376956
-0.8319
-0.8360303
-0.8411402
-0.84461504
-0.8405889
-0.8431944
-0.8423365
-0.84392977
-0.8437184
-0.831913
-0.84250623
-0.8455839
-0.84181875
-0.84272856
-0.84287626
-0.8414223
-0.8408049
-0.84102654
-0.84545326
-0.84898347
-0.8478761
-0.8416885
-0.84894145
-0.84815586
-0.84080184
-0.8487166
-0.848503
-0.83528584
-0.8508251
-0.84429383
-0.85034746
-0.8434076
-0.84516644
-0.84523344
-0.8495282
-0.84561425
-0.8459149
-0.85036474
-0.84075683
-0.8450705
-0.8485019
-0.8452203
-0.8387021
-0.85172385
-0.8425486
-0.8398905
-0.84328425
-0.83739024
-0.83885986
-0.83744526
-0.8421784
-0.83754855
-0.8354116
-0.83754903
-0.8338671
-0.8384727
-0.8399296
-0.8377618
-0.8427759
-0.8446454
-0.8449454
-0.8444867
-0.8381274
-0.84153914
-0.8358387
-0.83816636
-0.84315133
-0.84280866
-0.83448833
-0.82859147
-0.82564163
-0.8364115
-0.8343322
-0.837639
-0.8373237
-0.8440213
-0.8331455
-0.8282598
-0.83795214
-0.84204197
-0.84017056
-0.83886296
-0.845594
-0.8410865
-0.84059364
-0.84028697
-0.8339098
-0.838223
-0.8331645
-0.83330613
-0.83674055
-0.8364041
-0.83316827
-0.8385407
-0.83510053
-0.84091115
-0.8360487
-0.8408337
-0.83825046
-0.8402479
-0.83764535
-0.84423685
-0.8463929
-0.8300352
-0.836251
-0.8362039
-0.8360543
-0.8357035
-0.832762
-0.8318807
-0.8322694
-0.83465767
-0.8380399
-0.8386382
-0.8417103
-0.8470833
-0.8415036
-0.8431624
-0.84065735
-0.84765834
-0.84355104
-0.84274215
-0.8472925
-0.85100305
-0.8515461
-0.8489682
-0.84807456
-0.8502392
-0.8483019
-0.84741116
-0.8434773
-0.84641004
-0.85129404
-0.8469967
-0.8479024
-0.8496504
-0.8551333
-0.85287946
-0.8523039
-0.8500433
-0.8462079
-0.8294829
-0.8501933
-0.84280473
-0.84007293
-0.8438611
-0.84588134
-0.84148026
-0.8445735
-0.8467191
-0.8476506
-0.8539717
-0.8509963
-0.85619754
-0.8448806
-0.8387687
-0.8570084
-0.8491577
-0.8494674
-0.84463614
-0.8483412
-0.8456676
-0.8418544
-0.8491732
-0.8438614
-0.84124047
-0.8393954
-0.84168816
-0.8405373
-0.84169644
-0.8455663
-0.84750736
-0.85236996
-0.8502728
-0.8468808
-0.84258276
-0.84215665
-0.84670067
-0.8496977
-0.84872955
-0.8531041
-0.8473835
-0.84791374
-0.8512048
-0.84798634
-0.8572113
-0.849492
-0.8543669
-0.85298634
-0.852149
-0.8497124
-0.8523161
-0.8516582
-0.855551
-0.8442295
-0.8506047
-0.8495964
-0.8511669
-0.8499338
-0.84873474
-0.84866595
-0.8463607
-0.8485631
-0.8486598
-0.85458934
-0.85395515
-0.84913146
-0.84948933
-0.8463005
-0.84581834
-0.8465802
-0.849972
-0.8497032
-0.8522556
-0.84905577
-0.84595764
-0.8539416
-0.8548109
-0.85280526
-0.8559169
-0.84988034
-0.8557525
-0.8608168
-0.85592574
-0.8611492
-0.85859036
-0.85434324
-0.8567732
-0.8559012
-0.85745215
-0.85522664
-0.8583131
-0.8576
-0.86677676
-0.86000365
-0.860628
-0.852822
-0.86060345
-0.8636068
-0.8587251
-0.8525026
-0.8553814
-0.8530125
-0.85426176
-0.8568385
-0.85223436
-0.8475062
-0.8534085
-0.8588073
-0.8566321
-0.8584477
-0.85694134
-0.85720396
-0.85621935
-0.8551021
-0.8610686
-0.8634801
-0.8602603
-0.8569819
-0.85762835
-0.8634984
-0.86193895
-0.8468573
-0.85737765
-0.8634006
-0.8547301
-0.85505426
-0.85232925
-0.8400036
-0.85424113
-0.8489377
-0.85131246
-0.84879607
-0.8420963
-0.8407518
-0.8398667
-0.84339654
-0.84189737
-0.84313834
-0.84007406
-0.8421409
-0.8474142
-0.8442676
-0.8384746
-0.8484612
-0.8456741
-0.849264
-0.843297
-0.8443099
-0.8348524
-0.83790183
-0.8446439
-0.84713626
-0.837336
-0.8434486
-0.8447477
-0.84571457
-0.84328574
-0.8439039
-0.84343004
-0.84998935
-0.8415828
-0.8402882
-0.8508483
-0.84797305
-0.85220385
-0.8503668
-0.8487926
-0.85408044
-0.84687257
-0.8514245
-0.8552381
-0.845068
-0.8492924
-0.8441213
-0.8379432
-0.8449737
-0.83597
-0.8441226
-0.844872
-0.84636384
-0.8411524
-0.8515678
-0.84335077
-0.8414982
-0.84670377
-0.84789306
-0.84609365
-0.8471655
-0.84207594
-0.84434426
-0.84867346
-0.8470987
-0.8434487
-0.853852
-0.84629446
-0.82686925
-0.844867
-0.8404539
-0.8417375
-0.83192444
-0.8397673
-0.83327186
-0.83190894
-0.83503336
-0.8340591
-0.83847713
-0.84221643
-0.84407854
-0.8408313
-0.8428448
-0.84406227
-0.83792007
-0.8467953
-0.8461229
-0.84723866
-0.8418438
-0.84064645
-0.84724915
-0.8428694
-0.837421
-0.8363492
-0.8353224
-0.8366329
-0.82535696
-0.83552235
-0.83727926
-0.83939445
-0.8312762
-0.83356935
-0.836978
-0.8406336
-0.8389205
-0.84011376
-0.8434957
-0.84036237
-0.84110165
-0.8357973
-0.84537053
-0.8475624
-0.83826256
-0.85180247
-0.8538254
-0.8490245
-0.85114974
-0.8538436
-0.8501597
-0.85517585
-0.8562244
-0.85675323
-0.853788
-0.8463995
-0.8497565
-0.84881604
-0.8523819
-0.8530332
-0.8554614
-0.85133564
-0.8428758
-0.85003483
-0.85510814
-0.84814596
-0.853058
-0.8452431
-0.8533515
-0.8498679
-0.85366106
-0.8500185
-0.8485574
-0.85140187
-0.8550245
-0.8540156
-0.8524624
-0.85342187
-0.85216266
-0.85557
-0.8583021
-0.857219
-0.8576752
-0.8542794
-0.8508594
-0.8448131
-0.8161381
-0.8258162
-0.81143147
-0.852252
-0.8528258
-0.8528397
-0.8572014
-0.8564851
-0.8517172
-0.85111195
-0.84950644
-0.84292364
-0.8455916
-0.854329
-0.85639966
-0.8520615
-0.8593421
-0.8553426
-0.8607467
-0.8585144
-0.85782856
-0.85365283
-0.85229754
-0.85151255
-0.85336375
-0.8462479
-0.8494994
-0.8511463
-0.85259175
-0.8533595
-0.8474297
-0.85099196
-0.85296386
-0.83953255
-0.8556875
-0.8487744
-0.8445462
-0.85495824
-0.84156364
-0.8522356
-0.84595084
-0.85153323
-0.85189706
-0.8429866
-0.8496947
-0.84675676
-0.8495297
-0.85371286
-0.85176265
-0.8564228
-0.85416687
-0.85259086
-0.8508721
-0.86149985
-0.84843874
-0.8569769
-0.8621605
-0.8554468
-0.85179675
-0.8533504
-0.8587678
-0.8513945
-0.85758287
-0.8576062
-0.85567844
-0.8574398
-0.8546103
-0.85687613
-0.8578771
-0.85804826
-0.85812193
-0.85654974
-0.8522884
-0.8530088
-0.8502838
-0.8546357
-0.8565687
-0.8551122
-0.85892165
-0.8542212
-0.8571357
-0.8614699
-0.8559003
-0.85033363
-0.8588315
-0.86775434
-0.8629252
-0.8536003
-0.86498886
-0.8595392
-0.8593844
-0.85519683
-0.84634066
-0.85078365
-0.85974723
-0.85528064
-0.85159093
-0.8497555
-0.85757214
-0.8520439
-0.8515872
-0.8472173
-0.85195005
-0.84987086
-0.847003
-0.850636
-0.84772
-0.8530839
-0.8489645
-0.8523784
-0.84735054
-0.8492146
-0.8485708
-0.85125643
-0.85549384
-0.8595476
-0.8535537
-0.85336876
-0.86027527
-0.85329646
-0.85521746
-0.85497254
-0.8574694
-0.8539767
-0.86102307
-0.85820186
-0.8658533
-0.8602725
-0.87022907
-0.85888886
