-0.49518475
-0.5022013
-0.5058814
-0.5142554
-0.52300364
-0.5332956
-0.53767717
-0.55080205
-0.54616106
-0.5535302
-0.5619465
-0.57358
-0.57479966
-0.58537257
-0.588608
-0.59980327
-0.60590714
-0.6027401
-0.6242991
-0.6255301
-0.63068056
-0.63796306
-0.64423805
-0.6464133
-0.65875345
-0.660268
-0.6642292
-0.6739238
-0.67449164
-0.6783497
-0.6747567
-0.6887464
-0.68547267
-0.69240904
-0.69704443
-0.6949615
-0.69885653
-0.7057419
-0.70465606
-0.7074618
-0.7120143
-0.721363
-0.71520686
-0.7249674
-0.72185415
-0.7296882
-0.7302655
-0.7328455
-0.7366814
-0.73985577
-0.743072
-0.74839985
-0.7472669
-0.7410854
-0.74212706
-0.7461737
-0.7491545
-0.7454876
-0.7419844
-0.75009394
-0.75051963
-0.7537863
-0.7509022
-0.7591503
-0.75597984
-0.7548739
-0.75553614
-0.76112145
-0.76444125
-0.76154363
-0.7595495
-0.7642524
-0.76975775
-0.76615703
-0.7713777
-0.7782623
-0.7696184
-0.77158856
-0.7718973
-0.7706148
-0.7782766
-0.77444583
-0.77619493
-0.7801459
-0.77702165
-0.7844592
-0.7789827
-0.7829413
-0.7843846
-0.7860437
-0.7830517
-0.7912914
-0.7881704
-0.7892138
-0.7903541
-0.7887232
-0.78657097
-0.79213715
-0.7941777
-0.7922032
-0.7902807
-0.7944389
-0.79088676
-0.7953233
-0.7950744
-0.7954397
-0.79090035
-0.7996053
-0.79750156
-0.7962838
-0.79673076
-0.8001961
-0.79713947
-0.79776657
-0.7991738
-0.79927206
-0.801887
-0.80008143
-0.80677825
-0.8010363
-0.8042783
-0.8017447
-0.80630535
-0.796897
-0.7981005
-0.8016905
-0.80094814
-0.8025965
-0.80449927
-0.800361
-0.79887956
-0.8044708
-0.80798566
-0.80397385
-0.8081292
-0.8078547
-0.8055483
-0.8075406
-0.8045869
-0.80551887
-0.8013013
-0.80291075
-0.803862
-0.80129206
-0.80051124
-0.808348
-0.801296
-0.79997283
-0.80546075
-0.80647415
-0.8056965
-0.8104735
-0.80445236
-0.8058943
-0.809469
-0.80553335
-0.80522126
-0.80704
-0.8148853
-0.8069113
-0.8067084
-0.8116024
-0.8156308
-0.810624
-0.81397086
-0.8100618
-0.8145075
-0.81242776
-0.81445396
-0.8124745
-0.8145471
-0.81873494
-0.8139917
-0.8145092
-0.81295353
-0.81581
-0.8141344
-0.8170888
-0.81514573
-0.8148787
-0.8148983
-0.81308496
-0.81870776
-0.8172624
-0.81391215
-0.8180745
-0.8171785
-0.8164996
-0.81774193
-0.8168862
-0.815784
-0.8157723
-0.81760323
-0.8203477
-0.81702304
-0.8225146
-0.81711364
-0.8170656
-0.82148576
-0.82803917
-0.8187377
-0.8203856
-0.8199371
-0.8199383
-0.82425386
-0.8234159
-0.82188046
-0.82206064
-0.8253217
-0.82206243
-0.820909
-0.82364595
-0.82443535
-0.8248998
-0.82747716
-0.82350165
-0.82682055
-0.8287108
-0.8254096
-0.82722664
-0.8251891
-0.83072805
-0.8279145
-0.824486
-0.8300791
-0.82615143
-0.82367384
-0.82705843
-0.8313746
-0.82374334
-0.8263727
-0.8255478
-0.8247856
-0.8278149
-0.83073056
-0.828556
-0.832216
-0.82934135
-0.82519615
-0.83073074
-0.82895523
-0.8318256
-0.8274868
-0.8296226
-0.8252483
-0.8345828
-0.82762855
-0.82540905
-0.82789135
-0.82365084
-0.825774
-0.8267643
-0.8307001
-0.8281658
-0.8346594
-0.8291149
-0.8238179
-0.82978123
-0.82687163
-0.83227867
-0.82991874
-0.830411
-0.8343218
-0.8280426
-0.8337759
-0.8280524
-0.8304017
-0.83300513
-0.83444875
-0.8335256
-0.828982
-0.83298934
-0.83130044
-0.83422714
-0.8336664
-0.8335051
-0.8277238
-0.8346831
-0.8308547
-0.83802575
-0.8340137
-0.8279815
-0.83903533
-0.8316844
-0.83564025
-0.8341287
-0.8358482
-0.83418393
-0.83360165
-0.83841
-0.830281
-0.83567756
-0.837232
-0.837214
-0.83350813
-0.838907
-0.8376378
-0.83714515
-0.8341346
-0.83321273
-0.838336
-0.83326054
-0.83310705
-0.8332259
-0.8367636
-0.83723146
-0.8366863
-0.8319081
-0.8336355
-0.8369395
-0.83819556
-0.83797914
-0.8367878
-0.8376858
-0.8301993
-0.8379638
-0.83256525
-0.835183
-0.83776736
-0.83892006
-0.83607286
-0.83781403
-0.8328956
-0.833212
-0.8392463
-0.8358098
-0.8365996
-0.83185107
-0.8293868
-0.8312549
-0.8334908
-0.83135617
-0.83237207
-0.8298797
-0.83304965
-0.8347379
-0.83221775
-0.8367134
-0.827108
-0.8360801
-0.8339597
-0.83309406
-0.834548
-0.83545333
-0.8360414
-0.8409328
-0.8350778
-0.84044915
-0.8373993
-0.8404269
-0.8373105
-0.83844334
-0.83770555
-0.8359613
-0.8411993
-0.83021706
-0.8344348
-0.83444184
-0.8339177
-0.83643216
-0.83217734
-0.836422
-0.83374226
-0.83725953
-0.8366938
-0.836705
-0.8347825
-0.84102696
-0.8417551
-0.84287506
-0.8412844
-0.83964133
-0.83874017
-0.83758104
-0.84318
-0.84050065
-0.8368315
-0.84058654
-0.8396995
-0.83724815
-0.83370626
-0.8374044
-0.83775055
-0.8371144
-0.8389291
-0.83568907
-0.83721244
-0.83809537
-0.8395962
-0.8399012
-0.8400874
-0.8425085
-0.84140193
-0.8391104
-0.8428735
-0.8366767
-0.836628
-0.83953875
-0.8463932
-0.83718884
-0.83739305
-0.84030616
-0.83803225
-0.8432343
-0.8413396
-0.8384064
-0.84028316
-0.8402191
-0.84185
-0.84012455
-0.8450792
-0.841325
-0.84099865
-0.84561574
-0.8444465
-0.84023815
-0.8426254
-0.8402638
-0.83854324
-0.8416483
-0.84135693
-0.8372879
-0.84240574
-0.8395562
-0.8388098
-0.8390876
-0.8352334
-0.84008855
-0.84417623
-0.8461733
-0.8398629
-0.8401864
-0.838007
-0.8404679
-0.84488595
-0.84188735
-0.8422256
-0.843056
-0.84078306
-0.84175634
-0.84065294
-0.8379372
-0.84225
-0.8409765
-0.8369268
-0.84243107
-0.84298503
-0.8381685
-0.8432048
-0.8430202
-0.8423808
-0.8429873
-0.84250766
-0.83880293
-0.84321845
-0.83738613
-0.8382172
-0.8441939
-0.83799565
-0.8392796
-0.83942115
-0.8415376
-0.83989644
-0.83832633
-0.8396337
-0.84167457
-0.8413659
-0.8399134
-0.838853
-0.83857447
-0.8408945
-0.84183115
-0.84150815
-0.8422071
-0.84082335
-0.8449358
-0.83804715
-0.8421974
-0.84001744
-0.8439407
-0.8408936
-0.845725
-0.8442787
-0.8433496
-0.84561247
-0.84161377
-0.84714746
-0.8418703
-0.84264714
-0.84482616
-0.8420059
-0.84367424
-0.84409934
-0.84417003
-0.8400593
-0.83992654
-0.8440182
-0.8378303
-0.8370962
-0.84328455
-0.84331757
-0.84256834
-0.8447857
-0.8428783
-0.84474146
-0.83966005
-0.84097946
-0.8418069
-0.8401301
-0.8432245
-0.8459857
-0.8432841
-0.8436196
-0.8433405
-0.84117323
-0.8406889
-0.8464364
-0.8441451
-0.84250957
-0.8401199
-0.84421283
-0.84338623
-0.84587103
-0.8449788
-0.8445469
-0.84430116
-0.8433161
-0.8425726
-0.84646165
-0.8426745
-0.8422526
-0.83973825
-0.8462359
-0.84758526
-0.8483659
-0.844184
-0.84325147
-0.84234923
-0.84300727
-0.84438056
-0.844295
-0.84242266
-0.8456396
-0.84067804
-0.84638816
-0.84260666
-0.8417624
-0.8475818
-0.84022
-0.84204787
-0.8404864
-0.8444893
-0.84456724
-0.8461553
-0.8466782
-0.83715725
-0.8403374
-0.8384703
-0.83542174
-0.8411144
-0.8383507
-0.8350999
-0.8382757
-0.8401242
-0.83778465
-0.8381845
-0.84083974
-0.83985454
-0.83975625
-0.83940154
-0.8384636
-0.8385167
-0.8423178
-0.8382375
-0.8417886
-0.83757603
-0.8385212
-0.8356397
-0.83870065
-0.83820224
-0.8414072
-0.8362806
-0.84261477
-0.8442036
-0.8415119
-0.8444176
-0.84181774
-0.8405428
-0.8418297
-0.8406762
-0.8386079
-0.8398038
-0.8405049
-0.8394851
-0.844602
-0.8426899
-0.84620714
-0.8444859
-0.845946
-0.84192747
-0.8411896
-0.8381458
-0.84594613
-0.8413823
-0.84081477
-0.8433963
-0.833703
-0.8436908
-0.84417075
-0.8385767
-0.8418413
-0.8417883
-0.8406667
-0.8421788
-0.8406088
-0.83938664
-0.84149754
-0.8436702
-0.8460782
-0.8389962
-0.8413942
-0.8465393
-0.84460884
-0.8428513
-0.8429663
-0.8458131
-0.84558606
-0.84426594
-0.84367704
-0.8452389
-0.8444954
-0.8442249
-0.84136236
-0.8453069
-0.840449
-0.84416926
-0.84352803
-0.8450254
-0.8455204
-0.8411095
-0.84323955
-0.8429005
-0.84193546
-0.84479165
-0.84238696
-0.8456296
-0.84618706
-0.8477271
-0.8447158
-0.8480292
-0.843609
-0.8421301
-0.8447354
-0.84690905
-0.84575254
-0.84111667
-0.846656
-0.84845513
-0.8460433
-0.85035586
-0.8436451
-0.84416664
-0.84364593
-0.8436984
-0.84628516
-0.84484106
-0.8467127
-0.8456035
-0.84767914
-0.8451235
-0.84034336
-0.8421165
-0.84146637
-0.84251755
-0.84684587
-0.84151244
-0.84408426
-0.84485686
-0.83948195
-0.8426477
-0.8415587
-0.84341997
-0.8447526
-0.8469574
-0.8471347
-0.8422889
-0.84348273
-0.8472322
-0.84477293
-0.84467405
-0.84123814
-0.8462044
-0.849056
-0.8480036
-0.84219563
-0.84300625
-0.8474334
-0.8468157
-0.8463157
-0.8450507
-0.84600896
-0.8440091
-0.84629124
-0.84533834
-0.84467
-0.8426386
-0.8461849
-0.84319043
-0.84787077
-0.8475775
-0.84459674
-0.8441898
-0.8461665
-0.8427041
-0.84097123
-0.8419992
-0.8455181
-0.8405868
-0.84568125
-0.8448244
-0.8442711
-0.84341836
-0.8441013
-0.8487503
-0.8445145
-0.8440641
-0.8486213
-0.84261906
-0.8480894
-0.8464937
-0.847177
-0.8462666
-0.8401164
-0.8417702
-0.84418803
-0.84836674
-0.84535605
-0.84076834
-0.84733176
-0.8426553
-0.8451101
-0.8451089
-0.8442378
-0.84925425
-0.84498787
-0.84480876
-0.8416645
-0.84790236
-0.846706
-0.8452453
-0.84772927
-0.8460053
-0.84775245
-0.8445321
-0.8458357
-0.8448871
-0.84472775
-0.8481111
-0.8443855
-0.8453559
-0.8453741
-0.8459389
-0.84583974
-0.8508158
-0.84496176
-0.84596366
-0.8478225
-0.84815854
-0.84617406
-0.84648013
-0.84429604
-0.8442011
-0.849781
-0.8504996
-0.8477955
-0.8488265
-0.8489865
-0.8480759
-0.8439646
-0.84881955
-0.8522238
-0.84893656
-0.84792405
-0.84902656
-0.8458421
-0.8463468
-0.8393309
-0.8406987
-0.8441299
-0.844469
-0.8450266
-0.8459465
-0.8454236
-0.8434362
-0.8457176
-0.8451723
-0.8496409
-0.8444134
-0.8488418
-0.8477386
-0.8491815
-0.84441465
-0.8426226
-0.8487193
-0.8482636
-0.8462502
-0.8500552
-0.8493963
-0.84433997
-0.8495279
-0.84735614
-0.84922284
-0.8497358
-0.84767574
-0.85165614
-0.84468645
-0.8492956
-0.8501647
-0.84855396
-0.8459431
-0.8483381
-0.85181063
-0.8472273
-0.85044026
-0.8465245
-0.84965426
-0.8470043
-0.85069716
-0.8486336
-0.84730417
-0.84812164
-0.8446269
-0.84731203
-0.8455095
-0.84265614
-0.8483109
-0.84663844
-0.8445446
-0.8451463
-0.8494399
-0.84446615
-0.8473928
-0.84776706
-0.8444564
-0.8474364
-0.8466318
-0.8441342
-0.8458445
-0.8447353
-0.8481218
-0.8446699
-0.8456504
-0.84405434
-0.84849495
-0.8464589
-0.847492
-0.84561694
-0.8466114
-0.8488013
-0.84696114
-0.8455255
-0.8462782
-0.8448481
-0.8487469
-0.8486784
-0.84792256
-0.8453549
-0.8476573
-0.8473714
-0.8431553
-0.84404224
-0.848072
-0.84641623
-0.8484893
-0.849053
-0.8452148
-0.846024
-0.84579736
-0.84370834
-0.84986275
-0.8499522
-0.844837
-0.8496034
-0.8484009
-0.8476031
-0.8444361
-0.8453841
-0.8484734
-0.8460308
-0.84757495
-0.8455269
-0.8488863
-0.84700465
-0.8444608
-0.8472369
-0.8441098
-0.8480797
-0.84659296
-0.8477547
-0.8478532
-0.8468743
-0.84742945
-0.84936196
-0.84385645
-0.8506268
-0.84631383
-0.84641993
-0.8450601
-0.8515782
-0.84823745
-0.84705585
-0.8492776
-0.847933
-0.84719867
-0.8509529
-0.85276455
-0.85293025
-0.8503478
-0.85064685
-0.8459741
-0.8483551
-0.8499419
-0.85132414
-0.85057485
-0.85036147
-0.8449793
-0.8485704
-0.84763604
-0.8506065
-0.8513157
-0.8470984
-0.8526533
-0.84880334
-0.84841186
-0.84841424
-0.8521437
-0.85176986
-0.8508524
-0.8486219
-0.8479317
-0.84970397
-0.85039604
-0.8493103
-0.84728044
-0.84967005
-0.8509623
-0.8501606
-0.8522734
-0.8510853
-0.8491666
-0.8461129
-0.85228014
-0.8507075
-0.8506609
-0.8501668
-0.8488364
-0.8484155
-0.8510053
-0.8508822
-0.85029495
-0.8489446
-0.84714097
-0.84788966
-0.84912294
-0.84788257
-0.8506243
-0.8568472
-0.8513203
-0.84675545
-0.84984624
-0.84755903
-0.85076296
-0.84868985
-0.84968185
-0.8479283
-0.8512267
-0.85114306
-0.8508479
-0.8506491
-0.85456234
-0.8486845
-0.8500519
-0.84927094
-0.85061073
-0.8502705
-0.84712714
-0.85192126
-0.8490237
-0.85171854
-0.8493061
-0.8457634
-0.85261256
-0.85068685
-0.8516136
-0.8508549
-0.85165787
-0.8493057
-0.8561646
-0.84954864
-0.85129666
-0.8503204
-0.8502683
-0.8525333
-0.8518814
-0.85354096
-0.8517438
-0.8492229
-0.8488663
-0.852336
-0.8485278
-0.8488509
-0.8474181
-0.8506696
-0.8526933
-0.85059947
-0.8504781
-0.85154253
-0.85555375
-0.8509377
-0.85286355
-0.8547473
-0.85397613
-0.8492719
-0.8494541
-0.8559175
-0.8513737
-0.85161674
-0.850733
-0.8550909
-0.85230064
-0.8516985
-0.85035616
-0.84796274
-0.85109526
-0.85343385
-0.85311985
-0.8502588
-0.854858
-0.85167414
-0.84687585
-0.85193646
-0.8539691
-0.8527122
-0.85219383
-0.85606617
-0.8488582
-0.85484964
-0.8535847
-0.8518496
-0.85432744
-0.85209835
-0.8519487
-0.85673106
-0.85232353
-0.8561265
-0.85252273
-0.85119677
-0.8527189
-0.8552861
-0.8485364
-0.8564841
-0.85344994
-0.85869175
-0.8498325
-0.8528573
-0.8527258
-0.8527326
-0.85421544
-0.85343677
-0.8510871
-0.8505482
-0.8497179
-0.8499977
-0.84948236
-0.8510373
-0.85211927
-0.8491858
-0.844052
-0.85305256
-0.8507223
-0.8509384
-0.85217506
-0.8517744
-0.84719026
-0.8539838
-0.8509215
-0.8519736
-0.8511869
-0.8522895
-0.85195404
-0.8550546
-0.8520331
-0.8498307
-0.84984505
-0.85078555
-0.8506471
-0.8490869
-0.85579526
-0.85569954
-0.8514589
-0.85066986
-0.85117364
-0.8550353
-0.851657
-0.8538909
-0.8522336
-0.8534986
-0.85315526
-0.85263383
-0.85175616
-0.85283375
-0.85440093
-0.85292757
-0.85624784
-0.8504918
-0.8541633
-0.8528979
-0.8504896
-0.8546626
-0.85079825
-0.852914
-0.8562097
-0.85785806
-0.8566752
-0.85380137
-0.8543387
-0.8539832
-0.85264033
-0.8562154
-0.8572935
-0.8530183
-0.8544869
-0.85236186
-0.8525881
-0.8526861
-0.8496726
-0.8501186
-0.85155827
-0.84824264
-0.85154295
-0.8565174
-0.8534948
-0.8505156
-0.8511844
-0.8494419
-0.8485342
-0.8510444
-0.8488964
-0.8534932
-0.855554
-0.8506136
-0.85119504
-0.85053116
-0.852643
-0.8498841
-0.85136676
-0.8473101
-0.8509634
-0.85216445
-0.85025024
-0.8502799
-0.85105515
-0.8492094
-0.84828013
-0.84848505
-0.8483859
-0.85149103
-0.8496837
-0.8558267
-0.84931463
-0.85010207
-0.85093015
-0.8519743
-0.8513235
-0.85523045
-0.8515485
-0.85344297
-0.8524019
-0.8519697
-0.8517518
-0.85275733
-0.8497664
-0.8516711
-0.84753466
-0.8512674
-0.85032076
-0.8523143
-0.84919816
-0.85279346
-0.8515059
-0.8486831
-0.8536004
-0.8546427
-0.85354775
-0.8490309
-0.8569781
-0.85027695
-0.849772
-0.8526106
-0.8538443
-0.8490359
-0.8464167
-0.8508336
-0.851879
-0.8556439
-0.8498099
-0.8491652
-0.8503074
-0.85598254
-0.8506942
-0.85066694
-0.85403717
-0.8519044
-0.85017395
-0.85280204
-0.8531215
-0.85102355
-0.84914243
-0.8513022
-0.84982
-0.8525551
-0.85503364
-0.8499078
-0.84998703
-0.8516767
-0.8519096
-0.8550813
-0.8532049
-0.8513626
-0.85132927
-0.85018605
-0.8510502
-0.8474792
-0.8506381
-0.8495127
-0.853855
-0.8506938
-0.8504763
-0.8523805
-0.8540863
-0.8513619
-0.85485864
-0.8553956
-0.8519878
-0.85553825
-0.85464764
-0.8550334
-0.8549177
-0.8538001
-0.85448503
-0.8528314
-0.85020024
-0.84865004
-0.8510907
-0.85644627
-0.8538064
-0.85589415
-0.849936
-0.85498923
-0.84993446
-0.8507422
-0.8527932
-0.8515281
-0.8502265
-0.85225934
-0.8503729
-0.8488485
-0.8551421
-0.849682
-0.8534527
-0.8514507
-0.8508594
-0.85096127
-0.8529754
-0.84958625
-0.8531189
-0.8507852
-0.8516467
-0.8549021
-0.85008913
-0.8553413
-0.8521873
-0.8567162
-0.8539751
-0.8525264
-0.85191035
-0.856278
-0.85019416
-0.84788966
-0.84893185
-0.85052216
-0.84961075
-0.8512601
-0.85266477
-0.8497466
-0.850389
-0.85198486
-0.8516772
-0.84781533
-0.85147214
-0.85321254
-0.8481831
-0.84701854
-0.8471668
-0.8483354
-0.8488768
-0.8542534
-0.84972334
-0.8477814
-0.8496495
-0.8500108
-0.8520718
-0.8439792
-0.84913874
-0.8478894
-0.84813094
-0.84792155
-0.84576535
-0.8490249
-0.85230154
-0.85034555
-0.84993637
-0.8524764
-0.848576
-0.8519849
-0.85249645
-0.8494896
-0.8516505
-0.8519295
-0.8471263
-0.84985155
-0.84933794
-0.85359794
-0.8501669
-0.85099155
-0.84239864
-0.8429481
-0.85177636
-0.849839
-0.846673
-0.8521012
-0.85238624
-0.8504702
-0.84806573
-0.8497476
-0.8530387
-0.8527024
-0.8530142
-0.85330796
-0.8525456
-0.85418797
-0.8528727
-0.8550548
-0.8525662
-0.8558814
-0.8522764
-0.85365194
-0.85567003
-0.85169035
-0.8522531
-0.8508962
-0.85119194
-0.8517169
-0.8481639
-0.8497043
-0.8508646
-0.84989357
-0.85103315
-0.8518379
-0.85340345
-0.8530974
-0.84665155
-0.85156476
-0.8510271
-0.8485904
-0.84685296
-0.85236686
-0.85134745
-0.853945
-0.84747696
-0.8512436
-0.8495452
-0.85826296
-0.85539776
-0.8546271
-0.8550546
-0.8555734
-0.85840577
-0.8515816
-0.8550316
-0.8522221
-0.8489863
-0.85586387
-0.8563103
-0.8546619
-0.85641325
-0.8541458
-0.85379666
-0.85480577
-0.8562122
-0.8555295
-0.85354733
-0.85699284
-0.85475355
-0.85481054
-0.8555658
-0.8556874
-0.8544002
-0.85400623
-0.8562004
-0.85513
-0.8551315
-0.8581986
-0.85989606
-0.85621375
-0.85858536
-0.85500914
-0.8559198
-0.85347825
-0.85579
-0.8563258
-0.8511292
-0.85293174
-0.85297513
-0.8525405
-0.8580369
-0.8539512
-0.8545266
-0.85277754
-0.8481729
-0.85079944
-0.8545869
-0.8519844
-0.85154676
-0.8510403
-0.85521483
-0.8552202
-0.8537871
-0.84673494
-0.8501606
-0.8522385
-0.851876
-0.8528228
-0.8551008
-0.85159457
-0.8521472
-0.8538452
-0.848758
-0.85094273
-0.8512543
-0.85338444
-0.85315526
-0.85220563
-0.85123277
-0.8520829
-0.84697366
-0.85323435
-0.8541892
-0.85113424
-0.84825575
-0.85634047
-0.8573525
-0.85282135
-0.8536496
-0.85021085
-0.85184306
-0.85485286
-0.8493239
-0.85126716
-0.84926534
-0.8517615
-0.85172087
-0.85717314
-0.8520742
-0.85297173
-0.85602736
-0.85184485
-0.85067934
-0.85694855
-0.8504828
-0.85110986
-0.85576063
-0.853226
-0.85181105
-0.8508207
-0.8495248
-0.8530371
-0.8532457
-0.8566686
-0.8549172
-0.85436416
-0.8556717
-0.8549792
-0.8560959
-0.85338724
-0.8516354
-0.8540418
-0.8542711
-0.8488648
-0.8524154
-0.851389
-0.8554383
-0.85520333
-0.85320884
-0.85221034
-0.8529432
-0.85267645
-0.8506405
-0.8523224
-0.8529558
-0.85421944
-0.8519887
-0.8506845
-0.8558243
-0.844901
-0.8542993
-0.8514026
-0.85426515
-0.85217434
-0.85501754
-0.85563207
-0.8519456
-0.8556922
-0.85817915
-0.85811037
-0.85390687
-0.85313046
-0.850663
-0.8521107
-0.8534529
-0.8523386
-0.8496784
-0.85060537
-0.8498623
-0.85154516
-0.84886384
-0.8512095
-0.8505891
-0.8480234
-0.853433
-0.85434324
-0.85392046
-0.8504246
-0.85835916
-0.8541163
-0.8514471
-0.85304487
-0.8512134
-0.85467136
-0.85518646
-0.8545332
-0.85470635
-0.85349
-0.84875834
-0.8538813
-0.8543671
-0.85005414
-0.84930795
-0.851198
-0.85469687
-0.85030127
-0.8527436
-0.8506889
-0.8512719
-0.8508301
-0.85472775
-0.85133284
-0.8526206
-0.85346764
-0.8527566
-0.8524057
-0.8486295
-0.85272807
-0.8538464
-0.85331774
-0.84647644
-0.8528032
-0.85185546
-0.85151374
-0.8547678
-0.85700136
-0.85145944
-0.8555106
-0.8538308
-0.85108685
-0.8560687
-0.855086
-0.85147554
-0.8553031
-0.8530627
-0.85531914
-0.8567654
-0.85403955
-0.8558556
-0.85483646
-0.8564867
-0.85416025
-0.8549546
-0.8527236
-0.85104054
-0.8514214
-0.85161805
-0.85334086
-0.8503635
-0.84921813
-0.84973574
-0.8522707
-0.8521398
-0.8472336
-0.85037726
-0.852063
-0.85047364
-0.84801745
-0.8481723
-0.84889966
-0.8471312
-0.85280865
-0.85174096
-0.8506243
-0.8518285
-0.8496889
-0.8527838
-0.8517679
-0.8490932
-0.852503
-0.8550377
-0.8534795
-0.85241973
-0.8510924
-0.85586035
-0.8508263
-0.85135883
-0.8551226
-0.85096544
-0.8541843
-0.8552849
-0.8496729
-0.855737
-0.84987926
-0.8506685
-0.8505028
-0.85437876
-0.85118496
-0.85294443
-0.85434717
-0.8538557
-0.85004723
-0.85070217
-0.855572
-0.8521007
-0.85192484
-0.85320413
-0.8525519
-0.8553822
-0.85505944
-0.85503364
-0.8547356
-0.85409206
-0.8565378
-0.85429794
-0.85341406
-0.8544855
-0.8516459
-0.85022676
-0.85029954
-0.85420233
-0.854576
-0.8525197
-0.8549398
-0.8524827
-0.85389024
-0.85773456
-0.85612667
-0.85497415
-0.8559365
-0.8555644
-0.8566937
-0.85355127
-0.85582983
-0.8550603
-0.85714585
-0.85795534
-0.8554292
-0.8564871
-0.85341847
-0.8544162
-0.856836
-0.8567779
-0.8523283
-0.85411406
-0.8513928
-0.85131645
-0.8527815
-0.85043347
-0.8526185
-0.85528886
-0.8535536
-0.8526102
-0.8534136
-0.85526866
-0.8550705
-0.851847
-0.857646
-0.8528315
-0.85767144
-0.85191864
-0.85787773
-0.85485274
-0.8583251
-0.85655904
-0.85805863
-0.8542121
-0.85756844
-0.85861605
-0.85400736
-0.85481507
-0.855858
-0.8544334
-0.8519893
-0.85541844
-0.8545032
-0.85638314
-0.85239244
-0.8558121
-0.8571255
-0.8588695
-0.8565245
-0.85428774
-0.85972965
-0.8559783
-0.85359615
-0.8549967
-0.85633457
-0.8573386
-0.8531928
-0.8537625
-0.85768425
-0.857514
-0.8558914
-0.85281616
-0.85603124
-0.854585
-0.85431236
-0.85514593
-0.85639113
-0.85809225
-0.85901946
-0.8612207
-0.8568174
-0.85576797
-0.855436
-0.8554336
-0.85407805
-0.85612965
-0.85508287
-0.85461885
-0.8560322
-0.85181475
-0.85204506
-0.8556068
-0.8523048
-0.8534859
-0.8547894
-0.85282934
-0.8564771
-0.85969126
-0.8570677
-0.8568355
-0.8555548
-0.85226184
-0.859844
-0.8541133
-0.8529175
-0.8551549
-0.8526529
-0.856338
-0.85266393
-0.8589371
-0.85450095
-0.8508684
-0.8518375
-0.8549568
-0.8517939
-0.85607564
-0.8561079
-0.8567734
-0.85285556
-0.8541193
-0.85755396
-0.85350645
-0.85855025
-0.8527207
-0.85449624
-0.85002846
-0.8544516
-0.8520205
-0.8527345
-0.85602343
-0.85397935
-0.8535234
-0.8556082
-0.8534092
-0.85262847
-0.8553919
-0.85527146
-0.8519495
-0.8582946
-0.8566734
-0.85531867
-0.85439026
-0.8557915
-0.8564913
-0.855618
-0.85455996
-0.8552878
-0.853404
-0.85601264
-0.85579646
-0.8557035
-0.8509146
-0.8536763
-0.8575507
-0.853689
-0.85913944
-0.85923773
-0.8568508
-0.85505944
-0.856833
-0.8569728
-0.85509306
-0.8577716
-0.85472196
-0.85422707
-0.85921097
-0.8554066
-0.8559279
-0.8551021
-0.85746616
-0.85751665
-0.8591638
-0.85804176
-0.8540866
-0.8560709
-0.85934925
-0.8567407
-0.8539703
-0.8566276
-0.8539441
-0.85871154
-0.8615358
-0.8546284
-0.85815763
-0.8570725
-0.8522155
-0.8550863
-0.85441935
-0.8566433
-0.85342306
-0.8545834
-0.8565419
-0.85567904
-0.8515502
-0.8542825
-0.85310394
-0.8549548
-0.85786635
-0.85494405
-0.85541654
-0.8544512
-0.85292673
-0.851394
-0.8519377
-0.85288686
-0.8532519
-0.8561081
-0.8557803
-0.8512621
-0.851632
-0.8542259
-0.8569951
-0.8528364
-0.8568153
-0.8502608
-0.85433036
-0.8540685
-0.85437834
-0.8557671
-0.8514571
-0.8539123
-0.85741794
-0.85469615
-0.8529669
-0.8527644
-0.85599947
-0.8546084
-0.85281235
-0.85106885
-0.8525176
-0.8502214
-0.8552692
-0.8531666
-0.8554123
-0.8567352
-0.85573757
-0.8575117
-0.8508432
-0.8561691
-0.85485303
-0.85591936
-0.85407287
-0.8590083
-0.85649127
-0.8586208
-0.8525901
-0.8550035
-0.85479945
-0.85579425
-0.856249
-0.85247356
-0.85217106
-0.85219765
-0.8598891
-0.85054916
-0.852088
-0.8558944
-0.85593295
-0.85314715
-0.8504275
-0.8529186
-0.8515456
-0.85408175
-0.85512644
-0.8533602
-0.8552812
-0.85320735
-0.85476434
-0.8551518
-0.8571267
-0.85372585
-0.85165906
-0.85544634
-0.8582287
-0.8535078
-0.8544421
-0.8537782
-0.8544339
-0.8525557
-0.8519669
-0.8545235
-0.8577606
-0.8543454
-0.8543904
-0.8526401
-0.8547829
-0.8499801
-0.8514796
-0.8537269
-0.85420513
-0.8560712
-0.8565968
-0.85420936
-0.8544151
-0.85767204
-0.8542682
-0.85518634
-0.85513866
-0.85694784
-0.85194844
-0.85715693
-0.85401356
-0.8548987
-0.8584319
-0.85520005
-0.8563703
-0.8553239
-0.8524061
-0.8529341
-0.85376155
-0.8545394
-0.85772836
-0.85297483
-0.8542689
-0.85398173
-0.85462934
-0.8531959
-0.8549055
-0.85784453
-0.85690236
-0.8521535
-0.85567236
-0.85713714
-0.85907364
-0.8524913
-0.85296446
-0.8559902
-0.8561968
-0.85497844
-0.8583396
-0.85766935
-0.8532736
