-0.48141372
-0.49387646
-0.50171447
-0.5223633
-0.5392281
-0.5538509
-0.57320255
-0.5994696
-0.5966586
-0.60935354
-0.61947024
-0.62818784
-0.6332668
-0.64175177
-0.64873856
-0.6690677
-0.667048
-0.6721317
-0.69243455
-0.6956716
-0.69736004
-0.7024337
-0.7133334
-0.7204691
-0.7308741
-0.7340936
-0.7380145
-0.7431102
-0.7509088
-0.7494378
-0.74688363
-0.7565238
-0.7607859
-0.7638523
-0.7673525
-0.77295923
-0.7717196
-0.77681386
-0.77713454
-0.77505434
-0.7828789
-0.78623646
-0.7806916
-0.78919446
-0.78702915
-0.7828365
-0.7889891
-0.7928864
-0.79226214
-0.79237247
-0.79460454
-0.80278015
-0.8059412
-0.7988994
-0.80136067
-0.807292
-0.80476135
-0.80426496
-0.8040597
-0.79890436
-0.807031
-0.8102704
-0.80438596
-0.8151454
-0.81013376
-0.8173188
-0.8141261
-0.81530625
-0.81687725
-0.81467617
-0.816756
-0.8188789
-0.8205063
-0.82058156
-0.8196647
-0.8239128
-0.8198905
-0.8246933
-0.8244456
-0.82319564
-0.8289053
-0.8277561
-0.82556415
-0.8285827
-0.8277269
-0.8235478
-0.8266463
-0.82930785
-0.8313206
-0.8289408
-0.82118726
-0.829117
-0.82712
-0.8212393
-0.8246658
-0.8282367
-0.82792753
-0.8259668
-0.8326546
-0.8290046
-0.830731
-0.8313786
-0.827693
-0.8281526
-0.82747054
-0.8315257
-0.82691073
-0.8373918
-0.82779604
-0.8247571
-0.8288283
-0.8274101
-0.8286139
-0.83147955
-0.825533
-0.82826096
-0.8274021
-0.8221385
-0.8306708
-0.82873094
-0.82627034
-0.8268354
-0.837355
-0.830898
-0.82932895
-0.84159404
-0.83561856
-0.8350596
-0.8383056
-0.8321067
-0.83467174
-0.83346444
-0.83313584
-0.82825357
-0.8345031
-0.83461607
-0.8314466
-0.8359181
-0.8320671
-0.83649254
-0.8345335
-0.83347905
-0.8359069
-0.8347553
-0.8332235
-0.8374511
-0.8328888
-0.8350051
-0.8326295
-0.8353597
-0.83527863
-0.8356483
-0.83182335
-0.83332086
-0.8395588
-0.83724654
-0.8332735
-0.8355297
-0.8298819
-0.8319652
-0.8314992
-0.83891433
-0.8403793
-0.8352741
-0.8342653
-0.8340058
-0.8326315
-0.8362776
-0.8355998
-0.83343345
-0.83109283
-0.8337253
-0.8311254
-0.8306753
-0.83384275
-0.8313444
-0.83452
-0.8364954
-0.83057165
-0.83159775
-0.8339879
-0.83407545
-0.83181345
-0.8322269
-0.8302308
-0.8320922
-0.8320597
-0.83421016
-0.83663744
-0.83203405
-0.82891536
-0.831797
-0.8298446
-0.8365109
-0.8342815
-0.8356189
-0.83521646
-0.8362619
-0.8365739
-0.84000087
-0.834865
-0.8350699
-0.83436346
-0.83446896
-0.83370465
-0.82712966
-0.8359443
-0.835153
-0.8327509
-0.8344566
-0.83267844
-0.8336073
-0.8337946
-0.83731604
-0.8362036
-0.83246136
-0.8402991
-0.83508813
-0.83985263
-0.833956
-0.8375487
-0.8404215
-0.83560395
-0.8327226
-0.84154564
-0.8326494
-0.8307306
-0.83000976
-0.836786
-0.82626134
-0.8310907
-0.83143777
-0.83055216
-0.835825
-0.8344914
-0.8339754
-0.83579785
-0.83371574
-0.83583885
-0.83992785
-0.838211
-0.838773
-0.8354744
-0.8333683
-0.8341643
-0.843084
-0.8400638
-0.8358235
-0.8383018
-0.83812803
-0.8389124
-0.8371475
-0.8394201
-0.83691156
-0.84229946
-0.8378203
-0.83727396
-0.8391551
-0.8345041
-0.83875555
-0.8348982
-0.8349606
-0.8409999
-0.83467025
-0.8431563
-0.8344389
-0.8399984
-0.8422526
-0.84029484
-0.8464355
-0.8398735
-0.84283704
-0.8428208
-0.84761196
-0.8440801
-0.8449276
-0.8429397
-0.8454582
-0.84120125
-0.84779394
-0.8467218
-0.84045434
-0.84931123
-0.8454867
-0.8474745
-0.8422074
-0.84496874
-0.850194
-0.8454769
-0.8463471
-0.8415128
-0.84442586
-0.84860194
-0.85079443
-0.8459389
-0.8490124
-0.84633464
-0.8496297
-0.8491853
-0.8471609
-0.8561811
-0.84772307
-0.8495169
-0.8515179
-0.8494371
-0.8515446
-0.8521583
-0.8510308
-0.84571147
-0.8490171
-0.8468105
-0.8492817
-0.849831
-0.85131633
-0.8412299
-0.8460211
-0.84685844
-0.84847987
-0.8509147
-0.8550615
-0.85130167
-0.85291475
-0.84551364
-0.8487841
-0.85535055
-0.8505713
-0.85153633
-0.84652406
-0.84674436
-0.84829426
-0.84986573
-0.85033983
-0.8521223
-0.84613067
-0.84721386
-0.8500241
-0.8477849
-0.8504778
-0.84705675
-0.85137165
-0.8497572
-0.84898335
-0.8501687
-0.8521769
-0.85009366
-0.8521816
-0.8472973
-0.851844
-0.8493214
-0.85732436
-0.8507842
-0.84997624
-0.8472225
-0.8495807
-0.85502064
-0.8472853
-0.8493972
-0.85284704
-0.85155094
-0.85562766
-0.8499045
-0.84801304
-0.8507609
-0.85111463
-0.8505908
-0.85236734
-0.8498245
-0.85507554
-0.8532396
-0.85169035
-0.8495011
-0.8522592
-0.85368407
-0.85480815
-0.855435
-0.8536964
-0.8509098
-0.85949993
-0.8509695
-0.8505381
-0.848208
-0.8510941
-0.85231125
-0.85248137
-0.84871185
-0.8487979
-0.84759474
-0.8482047
-0.8519644
-0.8484178
-0.8522038
-0.85333115
-0.8514645
-0.8497523
-0.856245
-0.8528281
-0.8511343
-0.85461533
-0.85807055
-0.85003287
-0.8479862
-0.84961224
-0.8492505
-0.85323364
-0.8575912
-0.8521297
-0.8500419
-0.85409707
-0.85186213
-0.85081875
-0.8530818
-0.8542594
-0.8520536
-0.8556756
-0.85617584
-0.85261315
-0.8512963
-0.8506212
-0.85019076
-0.857489
-0.85583043
-0.8493575
-0.8550947
-0.85192496
-0.8520151
-0.851408
-0.8484695
-0.85740536
-0.8571135
-0.8574373
-0.85492855
-0.85615367
-0.8541243
-0.8502308
-0.8641643
-0.85586584
-0.8580836
-0.85454404
-0.85277945
-0.8566367
-0.8559662
-0.8542683
-0.8551578
-0.8536755
-0.8525169
-0.85565555
-0.85623586
-0.8540197
-0.8545637
-0.8524612
-0.8550526
-0.8590922
-0.85251194
-0.8523152
-0.8509766
-0.85227036
-0.85000706
-0.85105675
-0.8488708
-0.84911567
-0.85059917
-0.85329103
-0.85447854
-0.8523291
-0.85418767
-0.8584387
-0.8592579
-0.85520273
-0.8519217
-0.8528661
-0.8521124
-0.85683614
-0.85624146
-0.85111207
-0.8515415
-0.85447717
-0.8504908
-0.85546255
-0.85573757
-0.85509497
-0.85403556
-0.8586696
-0.8549134
-0.8582959
-0.8585726
-0.8557988
-0.8575108
-0.8603859
-0.8562204
-0.85970694
-0.8601779
-0.8579859
-0.8548671
-0.85837376
-0.85491556
-0.85398614
-0.8588941
-0.85311085
-0.86018294
-0.85924166
-0.8581497
-0.8557123
-0.86084324
-0.8545356
-0.85602987
-0.85709786
-0.85050267
-0.85106486
-0.85644597
-0.85496616
-0.85707194
-0.8521971
-0.8513712
-0.85499007
-0.8523616
-0.85495967
-0.85608006
-0.85667115
-0.8532214
-0.8564895
-0.8561461
-0.8534421
-0.8568695
-0.855138
-0.85211474
-0.8559389
-0.85372347
-0.85548234
-0.85574615
-0.85457206
-0.8553109
-0.85248715
-0.8609317
-0.86041355
-0.85894877
-0.85586584
-0.85521245
-0.85516554
-0.85738885
-0.8594447
-0.8536777
-0.85627943
-0.85625416
-0.8558661
-0.85973024
-0.8544794
-0.85796875
-0.8588702
-0.85471755
-0.8557678
-0.8550324
-0.85676724
-0.85766786
-0.8640299
-0.8611638
-0.8555016
-0.8526872
-0.85771585
-0.8518157
-0.8579748
-0.8538927
-0.85539806
-0.8494779
-0.85603774
-0.8562721
-0.8549115
-0.8592824
-0.858486
-0.8550901
-0.85808307
-0.8581519
-0.85740703
-0.85880804
-0.8554633
-0.8571642
-0.85552025
-0.8573526
-0.85675937
-0.8565863
-0.8588056
-0.859982
-0.8545365
-0.8587632
-0.8621376
-0.86119854
-0.8656714
-0.85909307
-0.8580595
-0.8573033
-0.85887206
-0.85448015
-0.8542287
-0.85821193
-0.8591347
-0.8607628
-0.8594073
-0.85988754
-0.86240304
-0.8616668
-0.8559134
-0.857128
-0.8575806
-0.86421037
-0.8593615
-0.8595434
-0.8587157
-0.8525539
-0.8534575
-0.852869
-0.8488508
-0.8544894
-0.8559307
-0.8494878
-0.8524812
-0.85466665
-0.85064334
-0.85340494
-0.8562073
-0.85525984
-0.84944546
-0.8487786
-0.857943
-0.85433465
-0.85559595
-0.8527306
-0.85569584
-0.8544252
-0.8565682
-0.8544516
-0.8559291
-0.8568564
-0.8510607
-0.8524449
-0.855563
-0.8534653
-0.85700667
-0.8565407
-0.8531134
-0.8564693
-0.8476162
-0.85541904
-0.85595876
-0.8520501
-0.8564461
-0.8569468
-0.85315233
-0.8584695
-0.8589048
-0.85740954
-0.8590046
-0.8586001
-0.856591
-0.8557363
-0.8573662
-0.8555346
-0.8497869
-0.8578123
-0.8557926
-0.8581549
-0.8587546
-0.8523502
-0.8555791
-0.85535705
-0.8506533
-0.853053
-0.8533137
-0.85582423
-0.8528698
-0.855528
-0.8557943
-0.8505068
-0.8540563
-0.85203964
-0.85474133
-0.85599506
-0.85702145
-0.85579085
-0.8567684
-0.85304475
-0.8568869
-0.8509759
-0.85529107
-0.85953003
-0.8540442
-0.8598048
-0.8536344
-0.8589695
-0.85788417
-0.85766524
-0.85750824
-0.8547395
-0.8570236
-0.85874736
-0.8617554
-0.8554551
-0.8562802
-0.8617122
-0.85747516
-0.86037713
-0.8524087
-0.8615741
-0.8570165
-0.85972595
-0.86067224
-0.8599969
-0.8539236
-0.8566368
-0.85341704
-0.8593715
-0.86311686
-0.8530019
-0.85600495
-0.8564302
-0.85423404
-0.8546767
-0.8559488
-0.8578072
-0.85116225
-0.8574021
-0.86001587
-0.85363525
-0.8578915
-0.8536503
-0.85850906
-0.85760796
-0.84808725
-0.858034
-0.8563788
-0.861092
-0.8534188
-0.8574367
-0.8574467
-0.85792226
-0.85509336
-0.85829914
-0.858661
-0.8564931
-0.8535061
-0.8575896
-0.85402054
-0.85526454
-0.8506198
-0.8539259
-0.8600942
-0.8560642
-0.8575934
-0.85584587
-0.85754275
-0.8512142
-0.8570309
-0.85478115
-0.8513698
-0.8574039
-0.852656
-0.8562901
-0.85666716
-0.8553799
-0.85823935
-0.8559054
-0.8595061
-0.85858136
-0.85974914
-0.85707843
-0.8618693
-0.8559842
-0.859687
-0.85696965
-0.8583124
-0.85799986
-0.860567
-0.8561594
-0.8565795
-0.85880643
-0.85983187
-0.85731506
-0.8573939
-0.857799
-0.85582095
-0.8569431
-0.8557961
-0.85941905
-0.8559677
-0.85619366
-0.8627056
-0.85699147
-0.85738474
-0.85415184
-0.8544979
-0.8580705
-0.8557706
-0.8570064
-0.8586413
-0.8574803
-0.8567445
-0.85565495
-0.8590123
-0.8594506
-0.85326
-0.857973
-0.85467094
-0.86210674
-0.85729945
-0.85592324
-0.8570426
-0.8564015
-0.8544146
-0.859194
-0.860655
-0.85921514
-0.8614498
-0.85733616
-0.86156327
-0.85815877
-0.8620256
-0.85935426
-0.8555891
-0.8574326
-0.8581036
-0.85827637
-0.86054087
-0.8611394
-0.86531794
-0.8579772
-0.8579002
-0.8580276
-0.8620405
-0.8593464
-0.8621129
-0.8595921
-0.8598972
-0.86399555
-0.86067176
-0.85883164
-0.86225134
-0.8606511
-0.8595327
-0.85810924
-0.8590437
-0.85688907
-0.8627612
-0.8541477
-0.8623386
-0.8656924
-0.862295
-0.8578644
-0.860893
-0.85890317
-0.8608062
-0.858852
-0.8634622
-0.86215574
-0.859816
-0.8614043
-0.86104405
-0.8634026
-0.8661953
-0.85689694
-0.85910773
-0.86089665
-0.8604696
-0.8570528
-0.8610124
-0.8618876
-0.8624258
-0.86244845
-0.8597679
-0.859405
-0.8625939
-0.85966635
-0.8567233
-0.86128783
-0.86431783
-0.86603135
-0.8609438
-0.8666546
-0.86498153
-0.86544955
-0.86340886
-0.86407363
-0.8623587
-0.8672502
-0.8621427
-0.8633935
-0.86554235
-0.86357534
-0.8612584
-0.8605783
-0.86024797
-0.86037415
-0.86255056
-0.86183506
-0.86685294
-0.8622128
-0.8665198
-0.86129075
-0.8594031
-0.86544985
-0.86355954
-0.8651918
-0.86207765
-0.8610569
-0.86013097
-0.86153126
-0.85866743
-0.8624978
-0.8616037
-0.85843605
-0.8578942
-0.8622083
-0.86145985
-0.8602723
-0.86210734
-0.8613386
-0.85839665
-0.86176276
-0.86541116
-0.8613598
-0.8635482
-0.86284
-0.8583547
-0.8612828
-0.86154497
-0.86417854
-0.8632102
-0.8593539
-0.8563098
-0.8610363
-0.859666
-0.8599766
-0.8589027
-0.86209965
-0.86337936
-0.86212635
-0.86303353
-0.8608594
-0.8631423
-0.8619538
-0.8637107
-0.86092466
-0.8575253
-0.8606017
-0.8670656
-0.8641634
-0.86380136
-0.86226666
-0.860568
-0.85989654
-0.86414224
-0.8613768
-0.8624397
-0.8596609
-0.865082
-0.8626161
-0.86109227
-0.86257744
-0.8596419
-0.86055416
-0.86552423
-0.86362886
-0.86208427
-0.86637515
-0.86415905
-0.8613527
-0.86417454
-0.86545235
-0.8638785
-0.86892873
-0.8624078
-0.85937726
-0.86308056
-0.8596525
-0.86182606
-0.86168027
-0.8654082
-0.8614659
-0.86324084
-0.86401504
-0.8601261
-0.8614173
-0.8650721
-0.8612424
-0.8628802
-0.8595446
-0.8662038
-0.86019576
-0.85739636
-0.86621356
-0.85927814
-0.85659254
-0.85755324
-0.8553718
-0.8621496
-0.86468416
-0.8628518
-0.85954887
-0.8591728
-0.86024165
-0.8651078
-0.85997736
-0.86117864
-0.86328524
-0.8624046
-0.8611725
-0.8668609
-0.86638945
-0.8655832
-0.8646078
-0.86372876
-0.86500776
-0.86016846
-0.8610632
-0.86132103
-0.8587994
-0.86424667
-0.86055243
-0.86286
-0.8626396
-0.8687984
-0.86233306
-0.8622285
-0.86488813
-0.866508
-0.86446816
-0.8618736
-0.8662288
-0.8598759
-0.8607567
-0.8652959
-0.8663801
-0.866976
-0.8612887
-0.86306596
-0.8622809
-0.8616943
-0.86442673
-0.86335206
-0.86637473
-0.86915725
-0.86420655
-0.8615826
-0.86257124
-0.86836135
-0.8649679
-0.8638638
-0.864335
-0.85985154
-0.86621404
-0.86555463
-0.86626184
-0.8652734
-0.86448395
-0.8638429
-0.8716425
-0.8655936
-0.86628544
-0.8593821
-0.8622452
-0.8640331
-0.865688
-0.861286
-0.8650503
-0.86905843
-0.8676224
-0.8643335
-0.8651801
-0.8620336
-0.8595294
-0.8616705
-0.86263376
-0.85940844
-0.86227924
-0.8614046
-0.86475
-0.8608964
-0.8613919
-0.8620238
-0.8624324
-0.86116946
-0.8630634
-0.8635052
-0.8665825
-0.86823726
-0.86920255
-0.8622545
-0.8669915
-0.86853856
-0.8683326
-0.8708494
-0.8666444
-0.8639874
-0.8670379
-0.86550033
-0.86402786
-0.8672296
-0.86614966
-0.8663806
-0.86423635
-0.8698547
-0.8659276
-0.8666661
-0.8666764
-0.86348116
-0.86732805
-0.86719596
-0.86794454
-0.86425734
-0.8678577
-0.86336166
-0.8635865
-0.865415
-0.86776406
-0.86910367
-0.86637706
-0.87032044
-0.86642736
-0.8659659
-0.86939716
-0.86242807
-0.8666014
-0.861767
-0.8658955
-0.8695599
-0.8686082
-0.86811334
-0.86797565
-0.8680737
-0.863319
-0.8582621
-0.8648526
-0.86439663
-0.8648174
-0.86787677
-0.8587699
-0.86119354
-0.8632014
-0.86398494
-0.8632721
-0.86451197
-0.8629108
-0.86299306
-0.8670408
-0.86692727
-0.8604837
-0.8612603
-0.85993344
-0.86292154
-0.8658755
-0.8685158
-0.8652285
-0.8705736
-0.8632669
-0.86566794
-0.8631595
-0.86806047
-0.8641101
-0.8656962
-0.862596
-0.86594844
-0.86321574
-0.8699355
-0.86525536
-0.86393374
-0.8632727
-0.8640377
-0.86444944
-0.8641672
-0.8662989
-0.8633621
-0.86893743
-0.8636297
-0.87105703
-0.8695973
-0.86827946
-0.8647144
-0.8699204
-0.8667725
-0.8699324
-0.8684967
-0.8671115
-0.868368
-0.87066865
-0.86297584
-0.86407757
-0.86529815
-0.8692626
-0.87061024
-0.8686331
-0.8655422
-0.8662945
-0.8674233
-0.86518544
-0.8669142
-0.870825
-0.8697656
-0.8649119
-0.8680792
-0.86323607
-0.86536014
-0.87137306
-0.86659896
-0.86781275
-0.8613618
-0.8612856
-0.8626891
-0.8644427
-0.8585838
-0.8605399
-0.8653112
-0.86740786
-0.8593606
-0.8614375
-0.86439854
-0.8671583
-0.8604228
-0.86308604
-0.8678725
-0.8665601
-0.8661889
-0.8653818
-0.8672374
-0.864198
-0.86458397
-0.8609686
-0.8637592
-0.8656016
-0.86603075
-0.8662474
-0.86713666
-0.86634576
-0.8669343
-0.8644079
-0.8651287
-0.86062694
-0.86611885
-0.8643145
-0.86563706
-0.8597392
-0.86156696
-0.86373436
-0.8643044
-0.86517656
-0.86846125
-0.8649696
-0.87018055
-0.8717085
-0.86644197
-0.8707436
-0.871647
-0.8664101
-0.8679371
-0.8636047
-0.86300063
-0.8606386
-0.86329746
-0.86635405
-0.86516833
-0.8672002
-0.8641713
-0.8704098
-0.86374
-0.8711172
-0.8662202
-0.86840236
-0.868319
-0.87169516
-0.866988
-0.864888
-0.87224066
-0.8669128
-0.8692978
-0.87050813
-0.86961925
-0.87062633
-0.8684811
-0.86848617
-0.8691061
-0.869208
-0.8685811
-0.8679476
-0.86092967
-0.8685254
-0.8655674
-0.87289494
-0.86998266
-0.86518395
-0.87167233
-0.86883795
-0.8670099
-0.8628519
-0.8648273
-0.8648879
-0.8612716
-0.8629382
-0.86428297
-0.86321205
-0.8613144
-0.8633031
-0.8628574
-0.8655929
-0.8677078
-0.8698112
-0.8642884
-0.86502093
-0.86469686
-0.86360604
-0.8630225
-0.86671716
-0.86080337
-0.85822475
-0.862959
-0.86576045
-0.86472505
-0.8613877
-0.863345
-0.86648667
-0.8634596
-0.8626332
-0.8602313
-0.8635891
-0.8647565
-0.8689923
-0.8632872
-0.8624789
-0.8595375
-0.86423635
-0.8631458
-0.8577934
-0.8633602
-0.87004983
-0.8665317
-0.8681883
-0.86392075
-0.86777985
-0.86731917
-0.8645448
-0.8615986
-0.8636506
-0.8649612
-0.8634339
-0.86491156
-0.8681505
-0.87065995
-0.86089534
-0.8607276
-0.86406195
-0.8652673
-0.8670625
-0.86405283
-0.8701743
-0.8650815
-0.8659997
-0.8664888
-0.86422473
-0.8646239
-0.865995
-0.86799324
-0.86915845
-0.86801106
-0.8641337
-0.86723775
-0.86345583
-0.8658156
-0.8674837
-0.8600703
-0.86677575
-0.8612361
-0.8676842
-0.8674289
-0.86700404
-0.8653675
-0.866405
-0.8620132
-0.8629062
-0.867887
-0.8647383
-0.8661386
-0.8644549
-0.8669231
-0.867688
-0.8620883
-0.86678636
-0.86117285
-0.86738324
-0.86544925
-0.86674076
-0.8689512
-0.86395353
-0.8713426
-0.8631276
-0.8662774
-0.8662187
-0.8630642
-0.86602855
-0.8690048
-0.87062275
-0.86905503
-0.8674423
-0.8667746
-0.8690478
-0.8684299
-0.8669469
-0.8700297
-0.87078255
-0.86866546
-0.8689686
-0.8669594
-0.86688113
-0.8683892
-0.8671259
-0.87077045
-0.864365
-0.8650274
-0.8661807
-0.8716386
-0.868383
-0.8746374
-0.8673809
-0.8691055
-0.8680529
-0.86846715
-0.8716962
-0.86774385
-0.86436754
-0.8683706
-0.86466306
-0.87254816
-0.8662626
-0.86707056
-0.8678183
-0.86233616
-0.86515564
-0.8667742
-0.8663913
-0.86701554
-0.86503845
-0.868886
-0.8707444
-0.8680307
-0.8622003
-0.864302
-0.8690853
-0.8692963
-0.86796623
-0.8712592
-0.86784375
-0.8718328
-0.8691419
-0.8665312
-0.86739904
-0.86424965
-0.8656246
-0.8668769
-0.8687445
-0.8666804
-0.86651915
-0.86152256
-0.8671175
-0.8682344
-0.8617605
-0.8631652
-0.86148524
-0.8708669
-0.86764663
-0.8689315
-0.86272407
-0.86513627
-0.8670973
-0.8634027
-0.8635662
-0.8593145
-0.8679952
-0.8664179
-0.8700549
-0.86748505
-0.86799616
-0.86738384
-0.86186594
-0.86090374
-0.8670958
-0.8651022
-0.86919284
-0.86447924
-0.8649145
-0.86394656
-0.86516064
-0.86455643
-0.8643742
-0.8689176
-0.86688346
-0.86811227
-0.86382604
-0.86768395
-0.8705271
-0.8684442
-0.8672874
-0.8696352
-0.86710876
-0.8638666
-0.8650164
-0.8639934
-0.86663175
-0.87176347
-0.87115854
-0.87035424
-0.8665209
-0.8670253
-0.8674578
-0.86646307
-0.8691493
-0.8680134
-0.865912
-0.86486423
-0.8662189
-0.87018585
-0.8597305
-0.87062186
-0.8654309
-0.8693733
-0.87023526
-0.8686529
-0.87229633
-0.86782837
-0.8722797
-0.8698453
-0.87162876
-0.8674488
-0.8681393
-0.8709578
-0.8652414
-0.868496
-0.8679732
-0.8673396
-0.874556
-0.8720621
-0.87420857
-0.86884737
-0.86884993
-0.8679649
-0.86858356
-0.87134343
-0.8747903
-0.87124467
-0.87160814
-0.870911
-0.8716492
-0.86705077
-0.8677369
-0.8673991
-0.8693776
-0.87120795
-0.86467725
-0.86983335
-0.87063277
-0.86360985
-0.86899155
-0.8685489
-0.8660773
-0.87142974
-0.870979
-0.8708414
-0.8691567
-0.871552
-0.8706455
-0.86925894
-0.8699199
-0.87007284
-0.86814284
-0.86901975
-0.867611
-0.8723562
-0.86794543
-0.86534935
-0.870883
-0.8682166
-0.86762553
-0.86350185
-0.86924314
-0.8725553
-0.86800116
-0.8717587
-0.8714583
-0.8695398
-0.868482
-0.86596423
-0.8661484
-0.8700098
-0.8715482
-0.86802524
-0.86846334
-0.8682879
-0.8694304
-0.87511027
-0.87014854
-0.87303895
-0.8688515
-0.8696775
-0.86965096
-0.87234324
-0.87212574
-0.86978096
-0.87075895
-0.8720927
-0.8734213
-0.8688668
-0.86733764
-0.86845136
-0.8695952
-0.87221485
-0.8730703
-0.8681152
-0.8731018
-0.8750422
-0.87292916
-0.86950064
-0.8684893
-0.870002
-0.8733498
-0.87493443
-0.87573004
-0.8747432
-0.8715931
-0.8741876
-0.8726956
-0.8714472
-0.8697971
-0.8740742
-0.87674046
-0.87300164
-0.871561
-0.8725746
-0.871994
-0.87026066
-0.8720242
-0.8698056
-0.87598634
-0.87366515
-0.8694668
-0.87469435
-0.87200016
-0.87067145
-0.8703482
-0.8742466
-0.8692695
-0.8737265
-0.87492263
-0.87228477
-0.86956424
-0.8680112
-0.8762518
-0.86977917
-0.87084687
-0.8721683
-0.8725804
-0.8742368
-0.8735611
-0.8733651
-0.8698523
-0.87006766
-0.87182945
-0.8709056
-0.8721894
-0.8741994
-0.87254864
-0.8715292
-0.87194896
-0.8722529
-0.8717943
-0.8701895
-0.8714204
-0.86771387
-0.87146467
-0.8669977
-0.8722077
-0.86965466
-0.8723187
-0.87246317
-0.87150323
-0.8704035
-0.87468326
-0.87285286
-0.87048614
-0.8725274
-0.86898655
-0.8724588
-0.87138104
-0.8671516
-0.8660704
-0.87391657
-0.8733088
-0.8697699
-0.8695824
-0.86827695
-0.86862344
-0.8687162
-0.86644274
-0.8686957
-0.87246084
-0.86763823
-0.8683895
-0.87201977
-0.8702548
-0.86751324
-0.8707748
-0.8651651
-0.8707763
-0.86968637
-0.8728002
-0.8647571
-0.87482804
-0.8706199
-0.87141657
-0.8708665
-0.8721954
-0.87296546
-0.86682737
-0.8667001
-0.8703747
-0.8694368
-0.8689255
-0.86928546
-0.8670779
-0.8676902
-0.8671241
-0.87085134
-0.8707415
-0.8701376
-0.87397635
-0.8657232
-0.8753832
-0.8683728
-0.86892265
-0.87123966
-0.8720287
-0.8760887
-0.8701375
-0.8701
-0.8713948
-0.8694385
-0.8691992
-0.8699942
-0.8695999
-0.8681001
-0.86824363
-0.8680303
-0.8696312
-0.8714371
-0.8705742
-0.8733427
-0.86984825
-0.87192297
-0.8711498
-0.8730208
-0.87186724
-0.87132305
-0.87374806
-0.8707455
-0.8730564
-0.86646014
-0.86803204
-0.8709563
-0.8696363
-0.8692171
-0.87007385
-0.8716704
-0.8743049
-0.8782788
-0.8746863
-0.87680924
-0.8713207
-0.8680809
-0.87441206
-0.8720075
-0.8731688
-0.87328935
-0.8692336
-0.87167186
-0.8710396
-0.8770137
-0.86940664
-0.86563814
-0.8701582
-0.87017226
-0.86896336
-0.87052
-0.8742008
-0.8698628
-0.87169486
-0.8686263
-0.8704779
-0.87139046
-0.8725881
-0.867571
-0.8715191
-0.86726576
-0.8702113
-0.8662602
-0.86666554
-0.8762625
-0.8713327
-0.86969715
-0.8717991
-0.86886555
-0.8660275
-0.87175745
-0.8646078
-0.8666321
-0.8728576
-0.87189186
-0.8694516
-0.8733629
-0.8744428
-0.8689374
-0.87090784
-0.8709311
-0.87166595
-0.86890864
-0.8750401
-0.8726984
-0.87317306
-0.86838883
-0.8690515
-0.87068444
-0.8691813
-0.8719658
-0.87211543
-0.87325406
-0.8694705
-0.86825776
-0.8701392
-0.8710462
-0.87276536
-0.871406
-0.86880374
-0.8707319
-0.8670154
-0.8660746
-0.8676535
-0.872839
-0.86910146
-0.87012553
-0.87032175
-0.86753803
-0.8709568
-0.8710365
-0.86820024
-0.86630017
-0.87279874
-0.8639008
-0.8725321
-0.8697003
-0.8667663
-0.8681798
-0.8650821
-0.86768013
-0.8678008
-0.86728853
-0.8659687
-0.86836934
-0.8667313
-0.87060124
-0.8705376
-0.862114
-0.8663853
-0.8666343
-0.87013423
-0.87369883
-0.8702059
-0.870135
-0.86731887
-0.8687754
-0.8694437
-0.8678281
-0.8734393
-0.87160397
-0.87424284
-0.8672531
-0.8669453
-0.8698488
-0.8685029
-0.87103176
-0.8731286
-0.87272406
-0.8697935
-0.87055635
-0.8724383
-0.87184477
-0.86847454
-0.86473805
-0.867861
-0.8713284
-0.86763585
-0.86922807
-0.8654067
-0.87061095
-0.8674125
-0.8675753
-0.8661643
-0.86682546
-0.86432683
-0.86443645
-0.86370504
-0.8610044
-0.86628604
-0.8652413
-0.8651366
-0.8607409
-0.86294574
-0.86251897
-0.8630534
-0.8616786
-0.8636737
-0.86118394
-0.86582875
-0.85978365
-0.86202294
-0.86359787
-0.8621992
-0.86561227
-0.8619769
-0.86059356
-0.8640355
-0.86533904
-0.86499375
-0.86119694
-0.86342984
-0.86303586
-0.8650177
-0.8659264
-0.8648513
-0.86788064
-0.8652597
-0.8679818
-0.8630301
-0.86970425
-0.8670502
-0.86632735
-0.86790437
-0.8711095
-0.87179935
-0.8680192
-0.869647
-0.87184644
-0.87050456
-0.8693847
-0.86819744
-0.8683258
-0.8655961
-0.8651342
-0.8651773
-0.87027776
-0.8696165
-0.86897165
-0.8714889
-0.8702319
-0.8656801
-0.86446553
-0.8661002
-0.8699636
-0.86877173
-0.87340194
-0.8650024
-0.86933655
-0.87195665
-0.8681255
-0.87150586
-0.8707788
-0.87139356
-0.87091005
-0.8691518
-0.866871
-0.8712783
-0.8719224
-0.8706715
-0.86833066
-0.8658366
-0.86518264
-0.8669159
-0.8666991
-0.87101245
-0.86589885
-0.8648164
-0.87000924
-0.87058866
-0.86959
-0.8676074
-0.8698891
-0.8707362
-0.86946404
-0.8680233
-0.8704097
-0.8717493
-0.87316144
-0.87037086
-0.8657223
-0.8687931
-0.8685848
-0.86734146
-0.8730357
-0.8734574
-0.87050265
-0.87231934
-0.86998844
-0.87119746
-0.87123495
-0.87312394
-0.8710373
-0.87193745
-0.8680789
-0.8698075
-0.87252873
-0.8672767
-0.87262774
-0.8711817
-0.87045467
-0.86843455
-0.8682611
-0.8728408
-0.8723606
-0.86984366
-0.8726654
-0.86921823
-0.86845726
-0.87058574
-0.8716932
-0.8752552
-0.8701058
-0.87051815
-0.86889267
-0.87088674
-0.87333244
-0.87098557
-0.8699245
-0.8713398
-0.8712546
-0.8713147
-0.86656225
-0.8723643
-0.87229276
-0.8707435
-0.8715069
-0.8744587
-0.87031686
-0.8749989
-0.87535536
-0.86887854
-0.8725972
-0.87471664
-0.8706051
-0.877075
-0.87428164
-0.8710086
-0.8725038
-0.87080246
-0.87709063
-0.8756471
-0.87237364
-0.87373024
-0.8716347
-0.87235606
-0.87249506
-0.8711189
-0.8723054
-0.87569505
-0.87023026
-0.871795
-0.86928153
-0.87419313
-0.8698783
-0.8703576
-0.8741151
-0.8724439
-0.876181
-0.871687
-0.87350833
-0.868682
-0.8720208
-0.87096596
-0.87096703
-0.8768971
-0.87112063
-0.87376237
-0.8727799
-0.8711087
-0.87365955
-0.8645552
-0.87147844
-0.87550527
-0.87449366
-0.87487525
-0.8705578
-0.87030846
-0.8710431
-0.87588614
-0.8724825
-0.8757017
-0.8719673
-0.8743362
-0.8736017
-0.8734815
-0.8727868
-0.8747777
-0.8746347
-0.8728397
-0.87311363
-0.87244207
-0.87472427
-0.87313974
-0.87185043
-0.8695544
-0.8711619
-0.8733243
-0.87476337
-0.8663174
-0.87453306
-0.87413526
-0.87238497
-0.8745658
-0.8734442
-0.8717332
-0.872489
-0.87594837
-0.87223434
-0.87337446
-0.8679534
-0.8733624
-0.8724151
-0.87165046
-0.87412626
-0.8706353
-0.8765616
-0.8704955
-0.87681466
-0.87055945
-0.87391394
-0.86859673
-0.8745408
-0.87317675
-0.8717113
-0.87528896
-0.87177396
-0.8737947
-0.8709148
-0.87313515
-0.8782262
-0.86901283
-0.87549824
-0.8750862
-0.8664626
-0.8723774
-0.87399
-0.87320167
-0.87172514
-0.8759557
-0.87077683
-0.8736983
-0.87584794
-0.8725911
-0.8752273
-0.8693211
-0.8725462
-0.8701237
-0.8722464
-0.8720995
-0.8756131
-0.87638247
-0.87355995
-0.8732386
-0.8732978
-0.8749781
-0.8724903
-0.87374425
-0.87209904
-0.8724706
-0.8725261
-0.8755383
-0.87454116
-0.87475723
-0.87395
-0.8754553
-0.8770556
-0.87177074
-0.87770057
-0.8721484
-0.8725414
-0.8742464
-0.87070894
-0.87650627
-0.87734467
-0.87408173
-0.8760071
-0.86986125
-0.8730966
-0.87768626
-0.8738395
-0.8755292
-0.88075167
-0.87406325
-0.8708337
-0.8750769
-0.87135947
-0.87481534
-0.87212723
-0.87784106
-0.875864
-0.8735622
-0.8749897
-0.8740868
-0.875905
-0.87599546
-0.8760003
-0.87263227
-0.87022233
-0.87644315
-0.8735701
-0.8717031
-0.87293637
-0.87439066
-0.8757078
-0.875034
-0.8702555
-0.87211853
-0.8764542
-0.8716066
-0.87752694
-0.8770373
-0.8697599
-0.87147886
-0.8774358
-0.87438345
-0.8725739
-0.8723762
-0.8757948
-0.87673986
-0.87142754
-0.878238
-0.8762124
-0.87487805
-0.8742644
-0.8741372
-0.87414557
-0.87612224
-0.87681365
-0.87190515
-0.87165576
-0.87463886
-0.87399834
-0.874089
-0.8694168
-0.8730851
-0.8714842
-0.8682908
-0.8762512
-0.87660515
-0.8734414
-0.8759933
-0.87217593
-0.87659055
-0.8720719
-0.87667227
-0.868613
-0.8737576
-0.8736663
-0.8722858
-0.8726685
-0.8765008
-0.8724795
-0.8742084
-0.87619585
-0.8742959
-0.8753477
-0.8733355
-0.87353265
-0.8753438
-0.87337554
-0.875387
-0.87651616
-0.8775011
-0.8733242
-0.8757811
-0.87255955
-0.87729216
-0.8755683
-0.87708986
-0.87349856
-0.87354004
-0.8761038
-0.8731717
-0.8758481
-0.8719731
-0.8720116
-0.87318957
-0.8721558
-0.87148464
-0.87727356
-0.87553686
-0.8790916
-0.8755544
-0.87432045
-0.8744071
-0.87522197
-0.87367666
-0.87493384
-0.8737416
-0.8731811
-0.87234324
-0.8743085
-0.8739664
-0.8774081
-0.87409216
-0.8766112
-0.8745962
-0.8728031
-0.8744018
-0.8723816
-0.8727134
-0.8723077
-0.87121534
-0.8720199
-0.8716164
-0.8749794
-0.8673962
-0.86765736
-0.8724622
-0.87199694
-0.873835
-0.8718745
-0.86857307
-0.87776846
-0.8765978
-0.87147886
-0.8737657
-0.8717375
-0.87158656
-0.87618786
-0.871873
-0.8704692
-0.87231743
-0.8689095
-0.8708073
-0.8684921
-0.87002474
-0.8740418
-0.8723058
-0.87475854
-0.8681574
-0.8697984
-0.87203187
-0.87509745
-0.8712249
-0.87720203
-0.8700562
-0.8750723
-0.8734192
-0.8691703
-0.8748406
-0.86801
-0.8716171
-0.87215436
-0.8707795
-0.8746831
-0.8716625
-0.87074465
-0.87006927
-0.8733572
-0.87092656
-0.8711056
-0.87691474
-0.87234825
-0.8741246
-0.8740838
-0.8719516
-0.8693074
-0.8710305
-0.8759659
-0.87504727
-0.87409806
-0.87295264
-0.86921513
-0.86898416
-0.8757107
-0.87283367
-0.87087655
-0.8715527
-0.8763158
-0.8708568
-0.87142056
-0.8755563
-0.87289804
-0.8742593
-0.8767709
-0.8730452
-0.8730638
-0.87369615
-0.87535846
-0.8713677
-0.87573665
-0.8737335
-0.87499887
-0.87368584
-0.8730554
-0.87328684
-0.8716163
-0.8758038
-0.8748044
-0.8750961
-0.8765905
-0.8749596
-0.8748586
-0.87228185
-0.873289
-0.87669086
-0.87630117
-0.8752156
-0.8750312
-0.8749292
-0.8755664
-0.8767405
-0.8741631
-0.8714179
-0.8755226
-0.88017595
-0.8782513
-0.8739023
-0.8768788
-0.8709757
-0.8711174
-0.8734966
-0.8781493
-0.87621695
-0.8793675
-0.87484497
-0.87423146
-0.8753546
-0.8780144
-0.8776442
-0.8756011
-0.8715668
-0.87119627
-0.8771448
-0.8717303
-0.8736015
-0.87332386
-0.8723865
-0.8737691
-0.87477934
-0.8764151
-0.8758154
-0.87675416
-0.8701904
-0.86730325
-0.877243
-0.8722796
-0.8791506
-0.87681746
-0.87631935
-0.87511414
-0.8755736
-0.8730693
-0.8770795
-0.8738659
-0.876936
-0.87317187
-0.8791572
-0.8752648
-0.87658644
-0.86996776
-0.87511617
-0.8723189
-0.87217563
-0.8733819
-0.8726774
-0.8823083
-0.8699854
-0.87448776
-0.8760262
-0.8732384
-0.87968695
-0.87506676
-0.8758531
-0.8713526
-0.873118
-0.8777381
-0.87240815
-0.87314224
-0.8784976
-0.87753195
-0.8745219
-0.87358516
-0.87593466
-0.8677944
-0.87320995
-0.8721542
-0.8745638
-0.8728717
-0.8731957
-0.8739532
-0.87825716
-0.87389976
-0.87426615
-0.87391204
-0.8755623
-0.874931
-0.87836474
-0.8761811
-0.87549406
-0.8715153
-0.8712755
-0.871687
-0.87063223
-0.87130356
-0.87827206
-0.8724987
-0.8708849
-0.8714949
-0.87463665
-0.8698833
-0.87394124
-0.8715967
-0.87649405
-0.8775905
-0.8748172
-0.87238544
-0.87297493
-0.8760561
-0.8789253
-0.87584925
-0.8750291
-0.871152
-0.87198824
-0.8730841
-0.8758074
-0.87721014
-0.87798965
-0.8737797
-0.88070935
-0.87396884
-0.8744067
-0.869806
-0.8761464
-0.8755196
-0.87779063
-0.8741488
-0.8701793
-0.87329566
-0.87495553
-0.8754222
-0.87458754
-0.87573814
-0.8711455
-0.87286544
-0.87989354
-0.87463886
-0.8733392
-0.8736389
-0.877048
-0.87395257
-0.8767095
-0.8723924
-0.8770069
-0.8742682
-0.8714436
-0.87416416
-0.87285113
-0.87645465
-0.8805034
-0.87358564
-0.87618667
-0.87605816
-0.87115824
-0.87470764
-0.87666893
-0.8723043
-0.873874
-0.8741144
-0.8743668
-0.874716
-0.87503904
-0.8757658
-0.8754342
-0.8749623
-0.87320644
-0.8752163
-0.8756208
-0.87626714
-0.87611216
-0.8736689
-0.8722365
-0.8718884
-0.8759657
-0.8760475
-0.8739203
-0.8744759
-0.87614536
-0.8774966
-0.87466013
-0.8737088
-0.8729215
-0.8769431
-0.8766892
-0.87621486
-0.87165314
-0.8764185
-0.8725527
-0.8761437
-0.876093
-0.87773645
-0.8763374
-0.87564045
-0.8755033
-0.8780469
-0.8780522
-0.87637895
-0.8744189
-0.877539
-0.8826006
-0.8759589
-0.8757906
-0.87705624
-0.87369263
-0.8729222
-0.8762151
-0.8730741
-0.8777857
-0.8781953
-0.8739758
-0.8743364
-0.8755997
-0.8779579
-0.8767195
-0.8818481
-0.8748598
-0.87473565
-0.8758078
-0.8757075
-0.87437564
-0.8734354
-0.8779302
-0.87775683
-0.87694144
-0.87335575
-0.87740356
-0.8764628
-0.8773711
-0.87801564
-0.8717517
-0.8725018
-0.8754657
-0.876597
-0.87443745
-0.8723587
-0.8803176
-0.8739539
-0.87940615
-0.87647486
-0.8729101
-0.87697613
-0.8718133
-0.8762278
-0.87690276
-0.8737735
-0.8752442
-0.87733936
-0.87832296
-0.8787238
-0.88034105
-0.87503755
-0.8750549
-0.8717288
-0.879973
-0.87208754
-0.873124
-0.8746626
-0.87482727
-0.87248486
-0.8733407
-0.87160563
-0.8751432
-0.8732651
-0.87111545
-0.87363553
-0.87334764
-0.86979944
-0.87604374
-0.8761782
-0.8768114
-0.8756995
-0.87549055
-0.874918
-0.87491715
-0.88004047
-0.8755269
-0.87238026
-0.87727
-0.878589
-0.87290746
-0.87766486
-0.8771371
-0.87540144
-0.87481403
-0.8707401
-0.8737047
-0.8793048
-0.86906064
-0.87396884
-0.8707092
-0.8790548
-0.873708
-0.8735644
-0.8774979
-0.87905145
-0.8748113
-0.8762776
-0.8751553
-0.8754634
-0.8750333
-0.8802927
-0.87921584
-0.8720055
-0.8764742
-0.87293154
-0.87832886
-0.87396264
-0.8748342
-0.87512296
-0.87499726
-0.8760481
-0.86799026
-0.87896705
-0.87445235
-0.88012975
-0.87333816
-0.8750453
-0.87574124
-0.8761719
-0.8748095
-0.87439495
-0.87437546
-0.87712854
-0.87471986
-0.8759971
-0.87313044
-0.87746257
-0.8814838
-0.87727726
-0.87350667
-0.8750014
-0.8751465
-0.87556165
-0.87476504
-0.87544787
-0.8776943
-0.8744955
-0.8747133
-0.8783102
-0.8754928
-0.8778873
-0.87724024
-0.8802605
-0.8754883
-0.87818813
-0.87707114
-0.8779416
-0.8781122
-0.87847364
-0.8733125
-0.8741923
-0.8754504
-0.87777615
-0.87924814
-0.8804776
-0.87597734
-0.87536675
-0.8750401
-0.87918043
-0.87330014
-0.87532055
-0.8781423
-0.8776412
-0.8769353
-0.8762657
-0.8752765
-0.87451184
-0.87102354
-0.87714434
-0.8763325
-0.87758744
-0.87327796
-0.8737148
-0.87464184
-0.87842965
-0.8740768
-0.8762414
-0.8719758
-0.8786651
-0.8760387
-0.8751147
-0.8747236
-0.8716096
-0.87620485
-0.87449914
-0.87704676
-0.8771894
-0.8774865
-0.87722874
-0.8765151
-0.8752334
-0.8730423
-0.8728654
-0.87542546
-0.8771401
-0.87854373
-0.87671965
-0.8776026
-0.8701047
-0.87731177
-0.8769494
-0.8783303
-0.8756335
-0.87709725
-0.8810123
-0.8754399
-0.8787358
-0.8705584
-0.8792424
-0.8792541
-0.8804972
-0.8743469
-0.87710065
-0.8756709
-0.8778269
-0.8776981
-0.87936664
-0.8781043
-0.87472117
-0.875616
-0.87621397
-0.87896144
-0.8794051
-0.87827855
-0.87889487
-0.87770915
-0.87984246
-0.8800917
-0.87381387
-0.8796391
-0.87663114
-0.87918544
-0.880611
-0.8729226
-0.87815183
-0.8770138
-0.8722174
-0.8779145
-0.8739238
-0.8766263
-0.8720336
-0.8778105
-0.8779033
-0.8762175
-0.87710834
-0.8751194
-0.8789475
-0.8810056
-0.8743874
-0.87827927
-0.8731827
-0.87607634
-0.8764594
-0.87302715
-0.87275976
-0.87795216
-0.8782536
-0.87883306
-0.87445056
-0.87824833
-0.88127136
-0.87573814
-0.8767094
-0.8770291
-0.8752091
-0.8779624
-0.8729281
-0.87346613
-0.87703335
-0.8700413
-0.88030905
-0.87368965
-0.87526166
-0.8729637
-0.87821156
-0.8810384
-0.8767627
-0.8770462
-0.8732352
-0.874417
-0.87473124
-0.87860775
-0.87364596
-0.8769289
-0.8716544
-0.8752033
-0.8741965
-0.8728593
-0.87741196
-0.8754976
-0.8716074
-0.8767597
-0.8801807
-0.8760567
-0.87518775
-0.875322
-0.87731576
-0.8748523
-0.87987167
-0.8768302
-0.8776642
-0.8772503
-0.8776243
-0.877369
-0.87394893
-0.8784842
-0.8761181
-0.879901
-0.8801262
-0.8742784
-0.874786
-0.874819
-0.87999845
-0.87521183
-0.8723548
-0.8750374
-0.8798551
-0.87716764
-0.87773484
-0.877247
-0.8761189
-0.8769108
-0.87711686
-0.87862
-0.87383944
-0.878096
-0.8778382
-0.8788161
-0.87806755
-0.8761474
-0.8777145
-0.88290054
-0.87380475
-0.8790151
-0.87768006
-0.87863475
-0.8815866
-0.87514526
-0.8771822
-0.8765842
-0.8762198
-0.87778634
-0.8755469
-0.88062394
-0.8790074
-0.8796315
-0.87711304
-0.88007694
-0.876585
-0.87859255
-0.8756165
-0.88193554
-0.87551296
-0.8774461
-0.8765362
-0.8787012
-0.8767581
-0.8761276
-0.87368596
-0.87404907
-0.8782254
-0.87880427
-0.87868476
-0.87294596
-0.87759167
-0.8817931
-0.8754806
-0.8812401
-0.87726414
-0.87667215
-0.8744767
-0.8764267
-0.87721807
-0.87645185
-0.87520856
-0.8801446
-0.87613994
-0.8800427
-0.87736493
-0.87479764
-0.87911147
-0.87627625
-0.8754255
-0.8776511
-0.8741538
