-0.5159485
-0.5261503
-0.5253248
-0.5316361
-0.5325413
-0.54800254
-0.5418349
-0.56212777
-0.55238724
-0.56012905
-0.5660177
-0.57427305
-0.5612281
-0.5776476
-0.5771402
-0.58307916
-0.58677644
-0.58619916
-0.6041078
-0.5989512
-0.59987015
-0.606467
-0.6082272
-0.61742765
-0.62628675
-0.6171348
-0.62540716
-0.6259245
-0.62604934
-0.6288388
-0.61793524
-0.62652785
-0.62435037
-0.6370736
-0.6327576
-0.63378996
-0.6329785
-0.63226813
-0.6298806
-0.64489543
-0.63330954
-0.63740355
-0.623325
-0.6398419
-0.6314087
-0.64454794
-0.6357371
-0.63781196
-0.6518014
-0.64576954
-0.635802
-0.640753
-0.64532804
-0.63440615
-0.64512783
-0.6383753
-0.64252204
-0.64222413
-0.63317955
-0.6453505
-0.64237785
-0.64476264
-0.6377338
-0.6452534
-0.65439665
-0.64044005
-0.64711446
-0.6549625
-0.6555071
-0.64792573
-0.6518104
-0.6489677
-0.6533122
-0.6536096
-0.65431374
-0.6562205
-0.64740735
-0.65209323
-0.6527935
-0.6458717
-0.6630235
-0.66182196
-0.66114455
-0.6555832
-0.6578751
-0.6640465
-0.6560634
-0.6596407
-0.65665585
-0.6646364
-0.6663573
-0.66235733
-0.6632133
-0.6641444
-0.6656709
-0.65174323
-0.6597873
-0.6718847
-0.65905863
-0.6608166
-0.6666913
-0.6646718
-0.6631058
-0.6682338
-0.6672598
-0.66909
-0.66078514
-0.67567563
-0.6678008
-0.6734639
-0.6703028
-0.6768832
-0.6614156
-0.6598492
-0.66912854
-0.67081064
-0.6767436
-0.6730661
-0.679124
-0.6709796
-0.67847747
-0.67873806
-0.6719544
-0.6760195
-0.6826225
-0.67033863
-0.6744474
-0.6748943
-0.6843701
-0.676129
-0.67607176
-0.67835224
-0.6872497
-0.6757702
-0.676056
-0.6724427
-0.68498003
-0.67933387
-0.68367463
-0.6793632
-0.67526615
-0.68798643
-0.6762298
-0.6885128
-0.68147755
-0.6851736
-0.69008327
-0.6903522
-0.6899133
-0.6934504
-0.69346833
-0.6925041
-0.6835252
-0.69289196
-0.68921185
-0.6877502
-0.68240297
-0.68426746
-0.7014141
-0.69701815
-0.6983374
-0.69544417
-0.6873261
-0.6955804
-0.6931056
-0.6935568
-0.7020302
-0.6954229
-0.69448864
-0.6881589
-0.6982291
-0.7007531
-0.70659846
-0.6973756
-0.6978689
-0.7029249
-0.69386923
-0.69898856
-0.7059931
-0.70661247
-0.7026145
-0.69608676
-0.7140857
-0.7057632
-0.7071099
-0.70644945
-0.70316046
-0.7108012
-0.7058519
-0.71208227
-0.70543563
-0.7079865
-0.7064538
-0.7073775
-0.71027464
-0.7072634
-0.7074203
-0.7074495
-0.7087456
-0.7147176
-0.7115904
-0.7081472
-0.71021533
-0.70745414
-0.7194138
-0.72083473
-0.718445
-0.71866053
-0.7190319
-0.7132455
-0.70864147
-0.7194482
-0.7125258
-0.71796817
-0.7212149
-0.7196089
-0.7176564
-0.7201346
-0.71383554
-0.7253527
-0.71459067
-0.7246179
-0.7228439
-0.7230316
-0.7154814
-0.71954274
-0.7189033
-0.7255894
-0.72567606
-0.7181637
-0.7236544
-0.7260002
-0.7180524
-0.72362083
-0.7275089
-0.7229408
-0.7297937
-0.7253475
-0.7257895
-0.7287938
-0.72354215
-0.7317139
-0.7297885
-0.72625035
-0.72057563
-0.7300857
-0.7268998
-0.72767216
-0.73454624
-0.7295891
-0.7308839
-0.7278126
-0.73380256
-0.72812957
-0.7297866
-0.7241002
-0.72882104
-0.7320409
-0.73912096
-0.7239189
-0.73078823
-0.73477095
-0.73756456
-0.7381349
-0.731664
-0.73281235
-0.73859286
-0.73919547
-0.74060255
-0.7385575
-0.7405413
-0.7396911
-0.72933143
-0.74120367
-0.73607075
-0.74314356
-0.7380345
-0.7404189
-0.7422468
-0.7452102
-0.7443428
-0.7377143
-0.7420333
-0.746713
-0.7392328
-0.73912925
-0.7501388
-0.74401635
-0.7445128
-0.7516
-0.7481789
-0.74678266
-0.74005085
-0.7500474
-0.7476602
-0.7487099
-0.74925786
-0.7487523
-0.74346083
-0.7451345
-0.75509083
-0.7489465
-0.747086
-0.75477767
-0.75065917
-0.7503102
-0.75476986
-0.7514408
-0.7506763
-0.75540286
-0.75000906
-0.7528977
-0.7494564
-0.75986356
-0.7508539
-0.7511309
-0.75397986
-0.7530343
-0.7533811
-0.7496001
-0.7562521
-0.75944704
-0.754415
-0.75464284
-0.7549209
-0.75090444
-0.74985373
-0.75216085
-0.75038624
-0.75282526
-0.7538747
-0.75295824
-0.7528251
-0.75430757
-0.7609986
-0.7513936
-0.7471179
-0.7588064
-0.7521778
-0.7511511
-0.75726825
-0.7537348
-0.75877327
-0.7528945
-0.7585458
-0.7592877
-0.74921805
-0.76222295
-0.7586667
-0.7593748
-0.7549249
-0.75903445
-0.75619996
-0.75203884
-0.76153755
-0.7498677
-0.75381845
-0.75104564
-0.75650346
-0.7571747
-0.75058854
-0.75446033
-0.75606614
-0.75842255
-0.75906855
-0.75609475
-0.7501652
-0.75784963
-0.7631792
-0.7587792
-0.7628282
-0.76146245
-0.76008064
-0.76087195
-0.7638541
-0.7604688
-0.76129943
-0.7618246
-0.7516274
-0.75568056
-0.7602225
-0.7626907
-0.7574066
-0.75388837
-0.7619214
-0.755046
-0.76501423
-0.7612424
-0.75853854
-0.75997174
-0.7682281
-0.7659039
-0.7611776
-0.75694716
-0.76338446
-0.7616663
-0.75782955
-0.7677396
-0.77343625
-0.7661805
-0.77053213
-0.7663661
-0.7635977
-0.76845145
-0.76688033
-0.7714242
-0.76716
-0.76554066
-0.7675567
-0.7632702
-0.7720472
-0.7676977
-0.76711184
-0.7702239
-0.77341264
-0.77165085
-0.7661231
-0.7664949
-0.76827985
-0.77210736
-0.7728302
-0.7736547
-0.7714203
-0.77063024
-0.7644689
-0.77252203
-0.76695657
-0.7674508
-0.7733851
-0.7718828
-0.77286345
-0.76750803
-0.76895183
-0.77139205
-0.77969474
-0.77353966
-0.7669145
-0.77517074
-0.76945406
-0.7725659
-0.7694231
-0.7680881
-0.7754209
-0.77202094
-0.7695281
-0.7751354
-0.7760228
-0.76808083
-0.7771883
-0.78110737
-0.77189565
-0.77912325
-0.7774623
-0.77843267
-0.7763466
-0.7733396
-0.78149223
-0.78003037
-0.7701955
-0.7766148
-0.77598065
-0.782181
-0.78065777
-0.78202647
-0.78172165
-0.78499573
-0.78116035
-0.78499144
-0.784122
-0.7795191
-0.77726936
-0.7855464
-0.7840689
-0.776089
-0.7815186
-0.784281
-0.77651983
-0.7786978
-0.7819839
-0.79084545
-0.784099
-0.7838962
-0.78390604
-0.78403646
-0.7864938
-0.78125143
-0.791367
-0.7924481
-0.7920552
-0.787193
-0.7908527
-0.7828142
-0.7944115
-0.7909558
-0.79030895
-0.78373456
-0.7919074
-0.7917876
-0.78498954
-0.78102976
-0.7884725
-0.7868484
-0.7900489
-0.7938381
-0.78688776
-0.784245
-0.776371
-0.78464466
-0.78890955
-0.78871095
-0.7928786
-0.78382814
-0.7850967
-0.78294444
-0.7874121
-0.7872985
-0.7852925
-0.78934115
-0.78661084
-0.785106
-0.7931236
-0.7932719
-0.79013366
-0.7904954
-0.7921652
-0.78892606
-0.79448295
-0.78972596
-0.7881858
-0.7889418
-0.7852977
-0.7866063
-0.7925132
-0.79425305
-0.7919898
-0.78779656
-0.7916367
-0.7910918
-0.79224545
-0.79046005
-0.7880454
-0.79405856
-0.7915228
-0.78622085
-0.79844314
-0.7894567
-0.7943011
-0.79463094
-0.7941599
-0.7911271
-0.79264563
-0.79762125
-0.79632425
-0.79948425
-0.7947452
-0.793185
-0.79293275
-0.7957521
-0.7926403
-0.79586774
-0.7986152
-0.79514146
-0.79448783
-0.79783314
-0.79386437
-0.79332197
-0.7968221
-0.79646325
-0.8007251
-0.7965955
-0.7917836
-0.7939303
-0.7943342
-0.7904137
-0.7982306
-0.7943421
-0.79928505
-0.79285777
-0.7894023
-0.7947903
-0.7963838
-0.7934954
-0.8045232
-0.800183
-0.7991009
-0.79738605
-0.79533994
-0.7929572
-0.7990298
-0.7985572
-0.78914726
-0.7949509
-0.7997567
-0.79940593
-0.80131114
-0.7980274
-0.79766357
-0.8020024
-0.79724735
-0.79595
-0.7905454
-0.79192966
-0.8081728
-0.8014415
-0.79740465
-0.79423314
-0.7928849
-0.7926012
-0.8014155
-0.79042673
-0.7991347
-0.8026008
-0.798177
-0.7990228
-0.8004995
-0.795932
-0.7939251
-0.79930174
-0.7982236
-0.792774
-0.7948073
-0.80485
-0.8023542
-0.79892486
-0.8064251
-0.7984736
-0.8050962
-0.8010079
-0.805541
-0.80300176
-0.8094742
-0.8034489
-0.8044025
-0.8041555
-0.8015012
-0.80590653
-0.7970097
-0.7982291
-0.8065885
-0.79908067
-0.80444396
-0.80261743
-0.8008106
-0.81043077
-0.79719037
-0.8078972
-0.8091023
-0.80228394
-0.80325323
-0.80884176
-0.8057719
-0.8084673
-0.8029127
-0.8021701
-0.8095624
-0.7974517
-0.8058726
-0.7987145
-0.80775267
-0.80777794
-0.7978969
-0.8066429
-0.79834014
-0.7966047
-0.797526
-0.80204105
-0.8021462
-0.80448157
-0.8061763
-0.79807705
-0.8029086
-0.8013437
-0.80472875
-0.8047709
-0.8091569
-0.8046348
-0.8061179
-0.81049705
-0.805342
-0.80687827
-0.8050276
-0.8084851
-0.813088
-0.8053405
-0.80792797
-0.80215645
-0.8023892
-0.8114108
-0.80755776
-0.8123055
-0.80577
-0.8052873
-0.8125478
-0.81432456
-0.8043545
-0.8053094
-0.8186839
-0.80499256
-0.807207
-0.8043542
-0.8150319
-0.80805135
-0.8141468
-0.8077646
-0.8100546
-0.80714583
-0.8126481
-0.8104837
-0.8151878
-0.81361836
-0.80623144
-0.80822957
-0.80960983
-0.8075994
-0.8068136
-0.80977607
-0.81031585
-0.80404747
-0.8140817
-0.8167716
-0.8113177
-0.81512105
-0.81069905
-0.81698066
-0.8113848
-0.80377126
-0.81581473
-0.80956423
-0.81498015
-0.8112752
-0.813706
-0.8124777
-0.8078705
-0.81096387
-0.8150067
-0.81778985
-0.80944556
-0.80898535
-0.8170333
-0.81053555
-0.81189054
-0.809743
-0.80919546
-0.8179957
-0.8104823
-0.8136461
-0.8117641
-0.81345576
-0.80655915
-0.81546026
-0.8174497
-0.8139626
-0.8108932
-0.8053642
-0.81034845
-0.8123593
-0.8132435
-0.8146242
-0.812303
-0.8157844
-0.81451315
-0.81446093
-0.8107585
-0.81815857
-0.81122977
-0.8105411
-0.8172151
-0.81525296
-0.81566566
-0.81457126
-0.80921
-0.8102455
-0.81113714
-0.8190985
-0.8142776
-0.81377697
-0.81520027
-0.809368
-0.8138651
-0.81109136
-0.8165185
-0.81213063
-0.8092131
-0.815473
-0.8164152
-0.81145674
-0.81047636
-0.80946857
-0.81311107
-0.8080428
-0.81592256
-0.81814003
-0.81432277
-0.80880404
-0.8109313
-0.8136708
-0.81317437
-0.808043
-0.8168427
-0.81607825
-0.8209923
-0.81364155
-0.81097174
-0.816186
-0.8188
-0.81491244
-0.8143026
-0.8170226
-0.8117105
-0.82069
-0.81573343
-0.8212285
-0.8171986
-0.8212607
-0.8156704
-0.81254834
-0.81440514
-0.819336
-0.8178297
-0.81187356
-0.81479
-0.820641
-0.80911076
-0.81274486
-0.8168041
-0.8165027
-0.81426036
-0.81563187
-0.81501746
-0.8146979
-0.81544644
-0.8100761
-0.81147254
-0.81946105
-0.8118737
-0.8126098
-0.8154975
-0.8143759
-0.8096982
-0.8134353
-0.8165417
-0.82048506
-0.8213772
-0.8243836
-0.81363815
-0.81789744
-0.8203063
-0.81782466
-0.8129013
-0.8234811
-0.8156271
-0.8156621
-0.81904733
-0.8202889
-0.82266396
-0.8239767
-0.8146835
-0.8151387
-0.81509256
-0.81443155
-0.8102236
-0.81410986
-0.814793
-0.8205045
-0.8216516
-0.8199606
-0.81417465
-0.81802034
-0.8215052
-0.8162796
-0.81533855
-0.8208675
-0.8248743
-0.8181328
-0.8247293
-0.82536083
-0.8213015
-0.8187537
-0.8202974
-0.8143534
-0.82463413
-0.8165124
-0.8154697
-0.8179543
-0.8155962
-0.82201654
-0.8177358
-0.81850755
-0.81978947
-0.81879354
-0.81498134
-0.8200064
-0.8161063
-0.82298154
-0.82237315
-0.8128018
-0.82049847
-0.8149282
-0.8252361
-0.8167507
-0.81592846
-0.81962264
-0.8184967
-0.82210314
-0.8267192
-0.8199935
-0.8185726
-0.81705767
-0.8257762
-0.8199195
-0.8173545
-0.8177874
-0.8216422
-0.81943876
-0.8254837
-0.824374
-0.822607
-0.82386476
-0.82167995
-0.8191098
-0.81865025
-0.8141817
-0.81940776
-0.8188278
-0.8177228
-0.81662434
-0.8200083
-0.8193523
-0.8222709
-0.82142276
-0.8188997
-0.82037485
-0.8195455
-0.8223202
-0.82420313
-0.82130104
-0.8255502
-0.8218216
-0.8250437
-0.82125837
-0.8166193
-0.8267113
-0.8169067
-0.82295114
-0.8224564
-0.82491666
-0.820594
-0.823895
-0.8227064
-0.81669503
-0.8226572
-0.821133
-0.82193303
-0.8248672
-0.819002
-0.8188284
-0.81718653
-0.8239795
-0.8234742
-0.82380754
-0.824315
-0.82513326
-0.8221304
-0.8222031
-0.82671237
-0.8236127
-0.8297631
-0.8210253
-0.8202181
-0.82783526
-0.8191391
-0.8202019
-0.81815
-0.82271177
-0.82123035
-0.8224896
-0.82469577
-0.8175999
-0.81860304
-0.8262657
-0.8244046
-0.81943107
-0.8209368
-0.83160377
-0.8177822
-0.8160923
-0.8215733
-0.82292545
-0.8229162
-0.81872797
-0.8193428
-0.82647043
-0.82693243
-0.8204972
-0.81930536
-0.8250496
-0.81780094
-0.8275975
-0.820561
-0.82466656
