-0.5159485
-0.54494864
-0.5648502
-0.58473605
-0.59858227
-0.61484593
-0.612549
-0.6298892
-0.628763
-0.6337894
-0.64285034
-0.6457164
-0.63569957
-0.6486391
-0.644649
-0.65320235
-0.6531592
-0.6511994
-0.66214204
-0.66169184
-0.6594094
-0.66813594
-0.6643477
-0.66661686
-0.68168885
-0.6771791
-0.6830735
-0.69047785
-0.69022584
-0.69160825
-0.67889434
-0.6901807
-0.6910629
-0.6962799
-0.69166857
-0.69387525
-0.6984651
-0.7006951
-0.6930474
-0.697363
-0.6979994
-0.70638657
-0.6946222
-0.706173
-0.6973312
-0.70692235
-0.70888543
-0.7106042
-0.72412926
-0.7206382
-0.7162137
-0.7248066
-0.70650256
-0.6968461
-0.71101993
-0.7125215
-0.73397785
-0.7304212
-0.72913224
-0.73819035
-0.73408395
-0.7396374
-0.7338793
-0.7400481
-0.7442951
-0.74199545
-0.74550194
-0.75692147
-0.74863017
-0.74667287
-0.7502829
-0.74604183
-0.75237554
-0.7559045
-0.7554115
-0.7573379
-0.74826425
-0.75245154
-0.75957704
-0.7484596
-0.7559498
-0.7584779
-0.75173366
-0.75743794
-0.75395715
-0.75585514
-0.7529658
-0.7591643
-0.75339746
-0.7540474
-0.75079376
-0.7527304
-0.7574144
-0.7544566
-0.7532723
-0.75162613
-0.75261784
-0.75925976
-0.7545104
-0.7549098
-0.7641367
-0.7562224
-0.7584753
-0.7616692
-0.758303
-0.7588118
-0.75852495
-0.76526237
-0.7616501
-0.76873577
-0.7638115
-0.7640929
-0.76428676
-0.7661369
-0.7700532
-0.76617163
-0.76873106
-0.76598173
-0.7705098
-0.7605203
-0.7743007
-0.769061
-0.7702834
-0.76519024
-0.7654734
-0.77208304
-0.7672599
-0.77637285
-0.77841437
-0.7752242
-0.7717371
-0.78250325
-0.7839038
-0.77843887
-0.77971584
-0.7767893
-0.77737284
-0.77908534
-0.7785021
-0.78172773
-0.7851428
-0.7850412
-0.7836567
-0.783203
-0.7881197
-0.78857726
-0.78474057
-0.7884232
-0.78754663
-0.79152817
-0.79520327
-0.7898781
-0.78203344
-0.7844397
-0.78361565
-0.7803619
-0.7757921
-0.7740411
-0.77678114
-0.7764908
-0.7669725
-0.7738779
-0.77086705
-0.7758892
-0.77886647
-0.7821007
-0.7805489
-0.7849052
-0.78907603
-0.78954047
-0.79269046
-0.7923907
-0.79046047
-0.8017899
-0.79803133
-0.7977747
-0.80370706
-0.80237365
-0.7985845
-0.7971034
-0.8053709
-0.8039373
-0.80660576
-0.8046857
-0.79781246
-0.8043143
-0.8021483
-0.8059492
-0.8096516
-0.8129237
-0.80467314
-0.805377
-0.80174726
-0.8147377
-0.80377173
-0.8087087
-0.806528
-0.81321776
-0.80701804
-0.81530493
-0.8089322
-0.81202704
-0.812387
-0.8122182
-0.8169838
-0.8083614
-0.8160189
-0.81051344
-0.8079414
-0.8046529
-0.81180346
-0.80697364
-0.80774194
-0.8119056
-0.80801755
-0.80449677
-0.8090981
-0.80805516
-0.8059005
-0.803445
-0.80474967
-0.813837
-0.81112784
-0.8038205
-0.8112742
-0.80971587
-0.8126302
-0.8086334
-0.81133157
-0.8060217
-0.8131542
-0.81370986
-0.81505495
-0.8164071
-0.81629324
-0.8170386
-0.8182435
-0.8167418
-0.80951357
-0.81865674
-0.80607253
-0.80775213
-0.7949657
-0.7947171
-0.7915027
-0.805071
-0.7961675
-0.8011347
-0.8044718
-0.80503684
-0.813099
-0.81205904
-0.81572133
-0.81452405
-0.8192368
-0.81289965
-0.8167687
-0.8159709
-0.81538576
-0.81119907
-0.81786907
-0.8201785
-0.8232454
-0.8156706
-0.81319726
-0.8124279
-0.81412077
-0.8148537
-0.8203611
-0.81848514
-0.81837153
-0.81377053
-0.8134678
-0.82204866
-0.82081664
-0.8225297
-0.8218497
-0.82364
-0.8215194
-0.8291173
-0.82868165
-0.8155748
-0.8281737
-0.8184325
-0.822105
-0.8074813
-0.82001466
-0.82189286
-0.8243957
-0.8230169
-0.82017803
-0.8218044
-0.81654006
-0.82775646
-0.82692486
-0.8235334
-0.8188586
-0.81822133
-0.8191103
-0.816303
-0.82492465
-0.8181536
-0.8270812
-0.8264066
-0.8233967
-0.8259477
-0.8347449
-0.8276987
-0.81920916
-0.82905674
-0.822046
-0.8276439
-0.8291373
-0.8298256
-0.8215391
-0.8271142
-0.8305586
-0.83017826
-0.82452816
-0.8276416
-0.82531315
-0.8289719
-0.8250153
-0.8214674
-0.82438385
-0.8227459
-0.8261241
-0.818621
-0.82012635
-0.81981045
-0.81828564
-0.82836884
-0.8299124
-0.8235131
-0.82299113
-0.82337743
-0.8217471
-0.83560795
-0.82638496
-0.8317739
-0.8260043
-0.8272634
-0.8309141
-0.8325751
-0.83346033
-0.83342934
-0.8216909
-0.82484686
-0.8229858
-0.8261509
-0.81589466
-0.81438226
-0.8146968
-0.8162023
-0.81779194
-0.81252444
-0.81667143
-0.8214475
-0.81765157
-0.8267144
-0.8198954
-0.81617326
-0.822243
-0.82132125
-0.81351256
-0.8093926
-0.8092194
-0.81055236
-0.81646794
-0.8139518
-0.82058895
-0.82137567
-0.82732296
-0.8306232
-0.8351335
-0.8310507
-0.82521194
-0.8342618
-0.82503
-0.82580465
-0.8252473
-0.82791036
-0.8268291
-0.825649
-0.8263076
-0.8263901
-0.83069354
-0.82932967
-0.826036
-0.8249271
-0.8356581
-0.8346558
-0.8297718
-0.8314928
-0.8367767
-0.82631
-0.8266928
-0.8299261
-0.834067
-0.8300812
-0.834549
-0.83244085
-0.83505607
-0.83701825
-0.8338186
-0.83336383
-0.8298519
-0.8345422
-0.83331305
-0.8317914
-0.8371497
-0.8340001
-0.82786435
-0.83174944
-0.83313996
-0.8266721
-0.8268131
-0.82335234
-0.82123435
-0.83370805
-0.83271873
-0.83382046
-0.8376802
-0.8253636
-0.82527035
-0.82646966
-0.82125986
-0.8309934
-0.82713294
-0.8205925
-0.82154363
-0.8242423
-0.8218094
-0.8224858
-0.83399856
-0.83207136
-0.8316608
-0.82904965
-0.8281499
-0.83565587
-0.8327396
-0.82371217
-0.8243944
-0.8223704
-0.82185674
-0.8259263
-0.82369554
-0.81758934
-0.8224298
-0.8232357
-0.8196117
-0.82698965
-0.8215971
-0.8254966
-0.82298905
-0.8282628
-0.8342261
-0.8350557
-0.827232
-0.83230585
-0.83014023
-0.83237517
-0.825174
-0.82620263
-0.8304351
-0.8314982
-0.8325739
-0.8384504
-0.83611
-0.8358379
-0.83507276
-0.84042954
-0.8374345
-0.83157897
-0.82959074
-0.82936877
-0.8272957
-0.83586013
-0.83751327
-0.8469731
-0.838735
-0.8391624
-0.8362267
-0.8375147
-0.8385256
-0.8310714
-0.8393462
-0.84258133
-0.8412738
-0.84018826
-0.8411735
-0.83597237
-0.8422988
-0.8402227
-0.8377402
-0.83955604
-0.8425631
-0.8388281
-0.83681184
-0.8360285
-0.83757424
-0.84158844
-0.8464285
-0.8368987
-0.8389119
-0.83456206
-0.8281672
-0.82462937
-0.8343458
-0.83723503
-0.8377853
-0.8333524
-0.8343724
-0.8370667
-0.83283913
-0.833468
-0.82992405
-0.83688116
-0.8275173
-0.8327205
-0.8394646
-0.83307403
-0.83656
-0.8328524
-0.83376527
-0.83963746
-0.83647937
-0.8393152
-0.8341843
-0.83271927
-0.8331211
-0.82882774
-0.84331095
-0.8374408
-0.83508694
-0.83634806
-0.83558947
-0.8361529
-0.83640367
-0.8358423
-0.8315408
-0.8286784
-0.83660656
-0.8343345
-0.83864635
-0.83564055
-0.83652204
-0.8404238
-0.8385205
-0.83578926
-0.83398324
-0.84206057
-0.8402482
-0.8421632
-0.842756
-0.834389
-0.836918
-0.8298859
-0.8266662
-0.82289577
-0.8187166
-0.82212925
-0.8309565
-0.8374584
-0.83840674
-0.8395652
-0.83818793
-0.8386551
-0.83295625
-0.8262628
-0.8287618
-0.827839
-0.83273077
-0.83029366
-0.83673733
-0.8282432
-0.82938236
-0.82757217
-0.83249384
-0.8286833
-0.83329946
-0.8310659
-0.83688974
-0.8391939
-0.84324986
-0.8464476
-0.84322
-0.84303015
-0.8440237
-0.847707
-0.8383614
-0.8366979
-0.8395623
-0.8420183
-0.84227103
-0.8410425
-0.84400904
-0.84380615
-0.83947957
-0.8321633
-0.83764076
-0.8357105
-0.84778917
-0.8436162
-0.8414547
-0.8386931
-0.8304737
-0.8363625
-0.83883476
-0.831258
-0.8435497
-0.84593636
-0.8410687
-0.84114933
-0.84046924
-0.83894944
-0.83852905
-0.84300095
-0.844058
-0.83109057
-0.83556265
-0.844488
-0.8371915
-0.83562505
-0.8365195
-0.8336621
-0.8436946
-0.84014326
-0.8383885
-0.8378327
-0.8381972
-0.8279254
-0.8320597
-0.8331009
-0.8373185
-0.8366957
-0.83124
-0.82711273
-0.8329899
-0.82429916
-0.8373009
-0.8342853
-0.8385653
-0.84188795
-0.84316057
-0.8416673
-0.8465447
-0.8481089
-0.8405477
-0.84404725
-0.8396875
-0.84263426
-0.83692485
-0.83674234
-0.8398208
-0.8374636
-0.8428517
-0.8455878
-0.8488483
-0.84484386
-0.84313893
-0.8426215
-0.8408899
-0.84252095
-0.8379829
-0.8481156
-0.84508896
-0.845115
-0.8516398
-0.8425612
-0.83989245
-0.84201676
-0.8386107
-0.8415545
-0.8477762
-0.8429618
-0.84663343
-0.8466061
-0.8447729
-0.84478956
-0.8417087
-0.8483455
-0.8475989
-0.84505355
-0.8479142
-0.84214264
-0.8450666
-0.8439528
-0.84697455
-0.84437436
-0.84216535
-0.8440313
-0.84664583
-0.8496259
-0.8439222
-0.84579325
-0.851607
-0.8403441
-0.84632605
-0.840857
-0.84650415
-0.8443455
-0.8436349
-0.84587324
-0.8456875
-0.8397531
-0.8420029
-0.84037256
-0.8484323
-0.84913033
-0.8393363
-0.84231144
-0.84270763
-0.83736366
-0.8351789
-0.833539
-0.8319357
-0.82872903
-0.83473504
-0.8354385
-0.8339896
-0.83400816
-0.8410108
-0.84271497
-0.8417216
-0.8373908
-0.8449406
-0.83730197
-0.84366536
-0.84126663
-0.8466997
-0.8431553
-0.8430277
-0.83751315
-0.8440554
-0.8489735
-0.8421162
-0.84135014
-0.84448373
-0.845479
-0.84654284
-0.8401269
-0.8366994
-0.845758
-0.8446174
-0.84552497
-0.8384373
-0.83355737
-0.824085
-0.8324727
-0.8381075
-0.83813435
-0.83898497
-0.837878
-0.84138364
-0.8394509
-0.8363151
-0.8358518
-0.837302
-0.838087
-0.83727956
-0.83378357
-0.8367767
-0.8429415
-0.83986557
-0.84284794
-0.8463887
-0.8471405
-0.8443616
-0.8478509
-0.84218395
-0.8394841
-0.8446978
-0.84899604
-0.84445024
-0.84459054
-0.8475618
-0.8456072
-0.8447576
-0.84625113
-0.84714663
-0.8480201
-0.8484452
-0.8529147
-0.84544975
-0.84845537
-0.83994395
-0.83864504
-0.84046197
-0.8444482
-0.8487989
-0.8524662
-0.8464164
-0.8459125
-0.8438612
-0.84897804
-0.8498752
-0.840537
-0.84768766
-0.8512891
-0.8545971
-0.84852517
-0.8446013
-0.84988445
-0.8483391
-0.8438383
-0.8475443
-0.84890413
-0.8487098
-0.85266787
-0.85083085
-0.85197157
-0.8487622
-0.8519593
-0.85147244
-0.8442503
-0.8427382
-0.8475357
-0.84389836
-0.8356983
-0.83621573
-0.83942366
-0.8281285
-0.8307347
-0.83622396
-0.8412902
-0.8362826
-0.84012705
-0.8420318
-0.8438319
-0.842732
-0.84027827
-0.8386893
-0.8382745
-0.834906
-0.8402103
-0.8419121
-0.8448302
-0.8404059
-0.84321284
-0.8361936
-0.84109783
-0.83919317
-0.83911204
-0.83193696
-0.83537596
-0.83794063
-0.84179616
-0.83659023
-0.84504944
-0.8396884
-0.8399051
-0.84204257
-0.8402142
-0.8454569
-0.84687674
-0.8400751
-0.843794
-0.84391826
-0.83934
-0.8402692
-0.8432737
-0.8464095
-0.84506416
-0.84723455
-0.842224
-0.8433442
-0.8434521
-0.84134644
-0.83917063
-0.8414906
-0.8447615
-0.8493015
-0.84397376
-0.8483914
-0.8474076
-0.846776
-0.8465277
-0.8493572
-0.84483576
-0.85137355
-0.8477491
-0.8480205
-0.84453315
-0.8485486
-0.84819674
-0.8446608
-0.8483142
-0.8451543
-0.8449613
-0.84707767
-0.8484377
-0.8475949
-0.85051405
-0.84628195
-0.84216505
-0.84903663
-0.8466549
-0.8490876
-0.84406525
-0.8478076
-0.8469782
-0.84983325
-0.8467557
-0.85425603
-0.8505071
-0.8456915
-0.8423651
-0.849458
-0.84921014
-0.85255593
-0.84985226
-0.84980285
-0.8433453
-0.83990973
-0.835551
-0.8337418
-0.8399399
-0.84338325
-0.8391507
-0.8422415
-0.8394892
-0.8511674
-0.84817535
-0.84512043
-0.84532166
-0.8470276
-0.8435883
-0.8400991
-0.8414963
-0.8391479
-0.84175724
-0.84096086
-0.84764224
-0.847795
-0.84694517
-0.8525709
-0.8488176
-0.8489607
-0.84325486
-0.842832
-0.8424129
-0.8386519
-0.8442106
-0.84296834
-0.83444864
-0.8338673
-0.8335311
-0.8264644
-0.8252006
-0.8231584
-0.8303167
-0.82743585
-0.8330459
-0.82398367
-0.8229359
-0.8256309
-0.8320523
-0.83585197
-0.8290556
-0.83597106
-0.8346934
-0.8377757
-0.8372248
-0.83806556
-0.83364105
-0.8424552
-0.8476167
-0.84074414
-0.8419713
-0.84792393
-0.84628403
-0.8428711
-0.84272957
-0.84940094
-0.8522482
-0.85345143
-0.8498413
-0.8518499
-0.85589695
-0.8511814
-0.8530601
-0.8544038
-0.8602869
-0.8542488
-0.8506872
-0.8581589
-0.8539066
-0.8575082
-0.8588255
-0.8572219
-0.8592756
-0.8698109
-0.85870606
-0.8546779
-0.8584147
-0.8613751
-0.86412865
-0.86111414
-0.8581672
-0.86366874
-0.8609596
-0.86578
-0.86735505
-0.8600723
-0.86246854
-0.86192614
-0.851963
-0.86324483
-0.85969996
-0.8497556
-0.8580308
-0.85365266
-0.8589047
-0.8553398
-0.85376215
-0.85184413
-0.86111873
-0.8532676
-0.8556118
-0.85949737
-0.85745776
-0.85409075
-0.8601649
-0.8636321
-0.85520375
-0.847904
-0.855275
-0.86089957
-0.85384095
-0.85146755
-0.8609082
-0.8606271
-0.8622247
-0.8628573
-0.85995734
-0.8559413
-0.856583
-0.84601533
-0.8402837
-0.84183013
-0.8428971
-0.84479773
-0.84714013
-0.85497564
-0.8537366
-0.86701524
-0.860522
-0.8538097
-0.85126674
-0.8463822
-0.8459362
-0.852306
-0.8453803
-0.84579366
-0.83740526
-0.8440252
-0.84900045
-0.8562008
-0.85302424
-0.8539129
-0.8547064
-0.85354394
-0.85010713
-0.853867
-0.85352224
-0.8472422
-0.8516803
-0.8536521
-0.8469923
-0.85899866
-0.8562328
-0.8609728
-0.8547912
-0.85873723
-0.8584255
-0.8499083
-0.855323
-0.86311185
-0.8567713
-0.8581293
-0.85682505
-0.86366904
-0.86289674
-0.86610585
-0.8641836
-0.86223
-0.8678223
-0.86723936
-0.86457825
-0.8654908
-0.86517155
-0.8582013
-0.8594882
-0.856055
-0.8556929
-0.86140794
-0.86939675
-0.8682427
-0.8736277
-0.86661166
-0.86217153
-0.8615667
-0.86634386
-0.8670936
-0.8644975
-0.86963236
-0.8653808
-0.86981386
-0.85930544
-0.86214733
-0.856675
-0.8596199
-0.86026293
-0.8528949
-0.86233604
-0.86984247
-0.8662249
-0.8652825
-0.8605823
-0.8639427
-0.8679573
-0.8669256
-0.8704129
-0.86387587
-0.868754
-0.866785
-0.8647806
-0.8680062
-0.87242925
-0.8716786
-0.87337154
-0.8664382
-0.8715713
-0.8704944
-0.87587744
-0.87349
-0.8726371
-0.87332857
-0.87014675
-0.875776
-0.8716532
-0.8702875
-0.86342657
-0.858956
-0.86533475
-0.876232
-0.8729292
-0.86511767
-0.86736804
-0.86078566
-0.8647516
-0.8607947
-0.87176126
-0.87328327
-0.86880785
-0.8620657
-0.8684325
-0.87271434
-0.8707755
-0.86885256
-0.8692768
-0.86984223
-0.8714869
-0.87411505
-0.8714285
-0.86823434
-0.8687526
-0.8710332
-0.86724424
-0.8685993
-0.8636529
-0.86642444
-0.86783516
-0.8739346
-0.86964214
-0.8665863
-0.877259
-0.8754352
-0.87074375
-0.87925524
-0.8719265
-0.87148684
-0.8697008
-0.8764068
-0.8747892
-0.87277037
-0.86916983
-0.8731022
-0.87342185
-0.8725035
-0.8742165
-0.87847406
-0.8732376
-0.86957073
-0.8703721
-0.8686554
-0.87054914
-0.8795999
-0.8710812
-0.8717019
-0.8660517
-0.8732381
-0.8707705
-0.87343645
-0.86876965
-0.8661523
-0.87109816
-0.87134933
-0.86414975
-0.86445266
-0.86965495
-0.872331
-0.8659023
-0.86716914
-0.8689371
-0.8731931
-0.8729644
-0.8705207
-0.8708915
-0.869438
-0.8729965
-0.86586195
-0.8714493
-0.86847305
-0.8653355
-0.8649071
-0.8644947
-0.8654774
-0.87025875
-0.8698458
-0.867866
-0.86369526
-0.8734944
-0.87204427
-0.87571526
-0.8667395
-0.8655062
-0.8686207
-0.87012345
-0.87101555
-0.8737038
-0.86832535
-0.8715839
-0.87916917
-0.86824834
-0.876976
-0.87651676
-0.8782615
-0.8804336
-0.8734642
-0.87482226
-0.87585044
-0.87107813
-0.8727703
-0.8758048
-0.87848574
-0.8765024
-0.8797229
-0.873542
-0.8825479
-0.8718443
-0.87301415
-0.8731959
-0.8784356
-0.87171865
-0.8723392
-0.87716055
-0.8730074
-0.86636156
-0.8739673
-0.8773595
-0.8701122
-0.8706754
-0.86343956
-0.87670374
-0.87295806
-0.86855125
-0.86838293
-0.8648364
-0.87660205
-0.8711147
-0.8726906
-0.87097406
-0.8708901
-0.8729938
-0.8743772
-0.8734386
-0.8630381
-0.87105536
-0.87211835
-0.8653043
-0.8650227
-0.86145866
-0.85918283
-0.8628872
-0.86614037
-0.867551
-0.8733997
-0.87059385
-0.87965256
-0.87528247
-0.86959094
-0.86825204
-0.8698892
-0.86807716
-0.8793778
-0.8714183
-0.87101495
-0.87106115
-0.8720906
-0.87026954
-0.8760202
-0.87102807
-0.8762175
-0.87646234
-0.8713149
-0.87453675
-0.87927336
-0.87027586
-0.87102276
-0.87064314
-0.8767273
-0.87359035
-0.8682065
-0.87662435
-0.87136567
-0.8771671
-0.8769712
-0.8746402
-0.88201237
-0.8718185
-0.8702568
-0.8685602
-0.87768584
-0.87386745
-0.86954457
-0.87373316
-0.8766133
-0.876206
-0.875085
-0.878431
-0.8728969
-0.8706916
-0.87698615
-0.8779225
-0.87789327
-0.8782468
-0.876699
-0.8805331
-0.879172
-0.8775972
-0.8810808
-0.87686205
-0.88079137
-0.88284534
-0.87927425
-0.87992233
-0.87858075
-0.8775779
-0.8720226
-0.87833303
-0.8783422
-0.86998016
-0.87608373
-0.87111205
-0.87392664
-0.87204945
-0.8702832
-0.8677285
-0.8756987
-0.87469953
-0.8731642
-0.8816029
-0.87244004
-0.8701395
-0.8715204
-0.8713992
-0.8738769
-0.8669408
-0.86625665
-0.86464643
-0.8683923
-0.8691143
-0.8701698
-0.87496364
-0.8686587
-0.8671914
-0.86513495
-0.87378645
-0.88051623
-0.8699866
-0.8686788
-0.8768106
-0.8799243
-0.87958896
-0.8696738
-0.8657363
-0.8749192
-0.8760119
-0.87602526
-0.8762524
-0.88045627
-0.8739548
-0.8745937
-0.8758641
-0.87835836
-0.88153917
-0.87862146
-0.8840159
-0.8779877
-0.8799328
-0.88192
-0.8806853
-0.88000345
-0.8846588
-0.8771778
-0.8706624
-0.87239236
-0.87053037
-0.8748659
-0.8657813
-0.8683223
-0.8677195
-0.8722895
-0.8734539
-0.870156
-0.8714937
-0.87215924
-0.86934793
-0.8717073
-0.8747496
-0.87766415
-0.87156653
-0.87554604
-0.87266964
-0.8732395
-0.8694679
-0.8662507
-0.87577385
-0.8742433
-0.8741456
-0.8763902
-0.87733686
-0.87612057
-0.87661254
-0.87895143
-0.8728707
-0.87683666
-0.87117624
-0.8763646
-0.8686847
-0.87149256
-0.87389094
-0.8730603
-0.86831635
-0.8737078
-0.8768533
-0.8761514
-0.87039495
-0.8685523
-0.8824252
-0.878156
-0.87288976
-0.8614278
-0.8714304
-0.87617826
-0.87212026
-0.8667708
-0.8646339
-0.8764474
-0.8773061
-0.8749719
-0.8714595
-0.8787306
-0.876279
-0.8689762
-0.8678433
-0.88145816
-0.8765012
-0.87827206
-0.877466
-0.8783702
-0.8790236
-0.8787902
-0.87949634
-0.8780959
-0.88495755
-0.87892616
-0.8787863
-0.8781343
-0.88197136
-0.8779049
-0.88345987
-0.88135195
-0.8818091
-0.8784291
-0.876885
-0.87769604
-0.8668016
-0.86486596
-0.8744059
-0.87561935
-0.869677
-0.8686994
-0.87025464
-0.88253593
-0.8803619
-0.8723124
-0.862957
-0.8618223
-0.8643527
-0.8699703
-0.87785685
-0.8679689
-0.8731032
-0.86737627
-0.86972535
-0.8697665
-0.8696756
-0.8790699
-0.87632734
-0.8824887
-0.8755106
-0.86722416
-0.868486
-0.8669322
-0.8766691
-0.8770625
-0.8819987
-0.87817544
-0.877098
-0.8846205
-0.8851687
-0.8855368
-0.87957263
-0.87627006
-0.8743725
-0.8709314
-0.8763959
-0.88306475
-0.877095
-0.87977517
-0.8839218
-0.8786154
-0.8776086
-0.8805757
-0.88145983
-0.87503654
-0.8846678
-0.88045824
-0.88267994
-0.87988573
-0.87073517
-0.87703633
-0.87795126
-0.8730535
-0.8817343
-0.8815468
-0.8765863
-0.87767226
-0.87875473
-0.8809483
-0.8739839
-0.87781715
-0.8781245
-0.88194436
-0.87410057
-0.87417483
-0.8773918
-0.8816591
-0.87225646
-0.8771338
-0.8755159
-0.8767586
-0.87509847
-0.87930876
-0.8825458
-0.88005215
-0.8851636
-0.87578785
-0.8710705
-0.8748056
-0.8710674
-0.8802968
-0.8824778
-0.87915164
-0.8761469
-0.87609005
-0.8761402
-0.8846925
-0.88448
-0.8814988
-0.877207
-0.8762001
-0.88104427
-0.8747505
-0.87664294
-0.8735178
-0.8641601
-0.86726725
-0.8712463
-0.87524647
-0.8650581
-0.8546277
-0.86131024
-0.86515003
-0.8682904
-0.87295246
-0.86902195
-0.8718609
-0.87513745
-0.8722339
-0.87190306
-0.8710275
-0.8692607
-0.870652
-0.86981285
-0.87812966
-0.8784803
-0.8745299
-0.8795637
-0.88102007
-0.87916154
-0.87424165
-0.87662923
-0.8802364
-0.87938464
-0.88102615
-0.87797153
-0.8775516
-0.8775146
-0.8823355
-0.8755282
-0.88300693
-0.8773792
-0.8778013
-0.88318604
-0.8759755
-0.87810916
-0.88007224
-0.874216
-0.87290823
-0.87942475
-0.8795242
-0.8783652
-0.8778992
-0.8735567
-0.8860063
-0.8814555
-0.88274217
-0.87649035
-0.878131
-0.8821162
-0.88195294
-0.88053364
-0.87941426
-0.8782176
-0.87787193
-0.8781249
-0.88233864
-0.88426816
-0.88311446
-0.8782179
-0.87619704
-0.878788
-0.8807179
-0.884818
-0.8794904
-0.87786204
-0.8783754
-0.8839246
-0.8881591
-0.88088036
-0.8766632
-0.8815976
-0.8784392
-0.882039
-0.8822112
-0.87655056
-0.8778577
-0.8773207
-0.8775245
-0.8776964
-0.8735056
-0.8828557
-0.8747502
-0.8782067
-0.8722492
-0.8699179
-0.8722369
-0.87827593
-0.8724512
-0.8634346
-0.86809415
-0.8714636
-0.8789448
-0.8809246
-0.8791103
-0.87525606
-0.871837
-0.87191683
-0.8778644
-0.8758267
-0.88222843
-0.87440246
-0.87796485
-0.8701252
-0.87464815
-0.8759561
-0.8774704
-0.8750933
-0.8779052
-0.8714376
-0.859606
-0.8596643
-0.8692972
-0.8732617
-0.87558186
-0.8784566
-0.8768584
-0.8759126
-0.87679017
-0.88308626
-0.8776152
-0.87709296
-0.8816138
-0.87476444
-0.8794135
-0.88183343
-0.8822454
-0.8717977
-0.87525076
-0.8810165
-0.8751944
-0.8790076
-0.8789852
-0.86991143
-0.87279534
-0.8737546
-0.8707562
-0.8688294
-0.8686084
-0.8689788
-0.877998
-0.8796412
-0.8811978
-0.88152635
-0.8765295
-0.87750345
-0.87663484
-0.8810083
-0.8802512
-0.8815209
-0.87750024
-0.8777876
-0.87990236
-0.8737343
-0.8757161
-0.88124686
-0.8749841
-0.8790882
-0.88214046
-0.8803445
-0.88161063
-0.8852567
-0.88112044
-0.884068
-0.8830857
-0.87674826
-0.8829455
-0.88268405
-0.87755823
-0.880631
-0.88125986
-0.8821884
-0.879019
-0.8816442
-0.878896
-0.8748279
-0.88082093
-0.8840721
-0.8789569
-0.8795365
-0.88291717
-0.880649
-0.88727385
-0.8789044
-0.8819045
-0.8890785
-0.8844878
-0.8794276
-0.8842628
-0.88171804
-0.88275576
-0.8849202
-0.8807907
-0.88785076
-0.88405883
-0.8806265
-0.8864532
-0.87899816
-0.8787845
-0.8747345
-0.86772656
-0.86599654
-0.869814
-0.86578184
-0.8657673
-0.8710322
-0.8739395
-0.8692744
-0.8705594
-0.867653
-0.86786175
-0.86387515
-0.87360203
-0.87322146
-0.8783759
-0.8680427
-0.85978556
-0.8599656
-0.8554987
-0.8623514
-0.8745246
-0.8720749
-0.8743059
-0.867738
-0.87314314
-0.8701507
-0.876617
-0.8708452
-0.8700198
-0.87669647
-0.8685273
-0.860549
-0.8680851
-0.8745026
-0.8666326
-0.8706258
-0.8761095
-0.87211335
-0.8712563
-0.8641517
-0.86203134
-0.8617859
-0.87321407
-0.87223065
-0.87803257
-0.8749254
-0.868086
-0.86984986
-0.87087077
-0.87296677
-0.8762214
-0.87668157
-0.8706
-0.87208164
-0.8744709
-0.87704855
-0.8781072
-0.8745125
-0.8737368
-0.8725035
-0.8736151
-0.88007593
-0.8793847
-0.8691687
-0.87134093
-0.8744111
-0.8737611
-0.87398374
-0.87442815
-0.88108426
-0.87571216
-0.8750345
-0.87259895
-0.87611
-0.87631595
-0.8782384
-0.88658834
-0.8854812
-0.8809177
-0.8780641
-0.8815593
-0.88495916
-0.881016
-0.8741626
-0.8695041
-0.86933494
-0.87192315
-0.8718928
-0.8717746
-0.8744114
-0.87358415
-0.8763248
-0.8749578
-0.8699747
-0.8716852
-0.875825
-0.8751144
-0.8708001
-0.8818515
-0.87909395
-0.8762632
-0.87576455
-0.87737745
-0.87865996
-0.8790992
-0.8761805
-0.878512
-0.8799372
-0.8812243
-0.8760697
-0.8751418
-0.8779053
-0.87849766
-0.87840164
-0.8800629
-0.8777546
-0.8861588
-0.8768499
-0.87804544
-0.8763448
-0.8784353
-0.87594926
-0.8808566
-0.8744951
-0.8733631
-0.88273144
-0.87713885
-0.8841273
-0.8821828
-0.8846096
-0.87913275
-0.8827283
-0.8785201
-0.8779156
-0.8821303
-0.87648124
-0.88050187
-0.8789369
-0.880041
-0.87938017
-0.8760345
-0.8810785
-0.8730508
-0.8746785
-0.8802788
-0.8799863
-0.8761876
-0.88227797
-0.87898785
-0.8828386
-0.87617886
-0.8756081
-0.87865174
-0.880681
-0.88129544
-0.88409483
-0.8770863
-0.8808317
-0.88222
-0.88438135
-0.88762075
-0.88095325
-0.88559985
-0.88683236
-0.8817058
-0.8818816
-0.88872856
-0.8820334
-0.88718504
-0.8845741
-0.8795108
-0.87923163
-0.8838944
-0.88412297
-0.887311
-0.8783405
-0.88325673
-0.88762414
-0.8854513
-0.88554984
-0.88424796
-0.88555735
-0.8832459
-0.8875126
-0.8882185
-0.88532734
-0.88718665
-0.88741386
-0.88177735
-0.87728196
-0.8845958
-0.87733984
-0.8760359
-0.87990046
-0.88915557
-0.88509476
-0.88881886
-0.8816722
-0.8840003
-0.8822316
-0.8902183
-0.8894431
-0.8859073
-0.88093555
-0.88523024
-0.8852327
-0.8860417
-0.8855497
-0.886172
-0.88542134
-0.881075
-0.8853873
-0.8825122
-0.8870501
-0.8815384
-0.88271356
-0.88085175
-0.8844074
-0.88366973
-0.8856765
-0.8907717
-0.88183093
-0.88307226
-0.88121027
-0.8870309
-0.88933486
-0.8869971
-0.88232046
-0.8899798
-0.8891208
-0.88456845
-0.8816626
-0.88916993
-0.88683176
-0.88466716
-0.888849
-0.8878042
-0.886866
-0.8895084
-0.8922384
-0.88594943
-0.8884042
-0.8886778
-0.8851893
-0.888988
-0.88844186
-0.88539505
-0.8851656
-0.8855302
-0.8907029
-0.88783485
-0.88325953
-0.88553023
-0.88030756
-0.8842739
-0.8853095
-0.8804594
-0.8825918
-0.8908896
-0.8796615
-0.8785343
-0.8806474
-0.8814484
-0.8761266
-0.8834517
-0.8804025
-0.885463
-0.8875049
-0.8796985
-0.88031954
-0.8831846
-0.88198936
-0.8825991
-0.8815808
-0.8859555
-0.8815075
-0.8838892
-0.87560296
-0.8796456
-0.8805133
-0.87344867
-0.88180447
-0.8830373
-0.88505965
-0.8874526
-0.8833493
-0.8801377
-0.8828547
-0.8846671
-0.88162076
-0.88436776
-0.8836491
-0.88518125
-0.88311625
-0.88287455
-0.87767285
-0.88278425
-0.8853876
-0.8840583
-0.88096714
-0.8844366
-0.889523
-0.8885724
-0.8891323
-0.8825207
-0.8840764
-0.89151835
-0.88548046
-0.878809
-0.88662076
-0.8870993
-0.88917154
-0.8907908
-0.88806325
-0.8898568
-0.89068043
-0.8888503
-0.8896197
-0.8818692
-0.8837659
-0.8903506
-0.8860599
-0.88526845
-0.8850343
-0.8830626
-0.8948661
-0.88798106
-0.89453435
-0.8918615
-0.89430505
-0.88915306
-0.8924555
-0.8929968
-0.8901233
-0.8945342
-0.8880613
-0.8931774
-0.89512783
-0.8914244
-0.89329183
-0.89150864
-0.8960909
-0.8913966
-0.8866365
-0.89199287
-0.8968629
-0.8931985
-0.8871682
-0.89132637
-0.8890802
-0.8955813
-0.89560455
-0.88496655
-0.89136684
-0.8887611
-0.8889296
-0.88816607
-0.8869151
-0.8892852
-0.89170957
-0.89862067
-0.89384395
-0.8860669
-0.88752437
-0.89079523
-0.88468224
-0.8916909
-0.8865845
-0.8843171
-0.8870812
-0.89878625
-0.8902463
-0.8938385
-0.8931883
-0.8944823
-0.8939593
-0.8926119
-0.89125174
-0.889571
-0.8924873
-0.8925365
-0.8903693
-0.8935703
-0.89611036
-0.89241743
-0.8963274
-0.89417803
-0.89895934
-0.89848256
-0.89786476
-0.8974068
-0.89862025
-0.89457667
-0.89432263
-0.89301085
-0.89551497
-0.8954436
-0.8908885
-0.8912715
-0.897263
-0.89252186
-0.8934075
-0.895537
-0.8917297
-0.8878081
-0.8947709
-0.8942183
-0.8933579
-0.89973056
-0.894818
-0.89373964
-0.8942126
-0.8931651
-0.8934443
-0.89874065
-0.8924461
-0.8937829
-0.89645433
-0.89600396
-0.89780194
-0.8934305
-0.88898146
-0.88906527
-0.89089215
-0.8965998
-0.88764846
-0.8903458
-0.89164555
-0.88555217
-0.8821617
-0.89985436
-0.8872688
-0.879043
-0.8805088
-0.8942959
-0.89133555
-0.8722914
-0.87883455
-0.8954047
-0.892666
-0.8932126
-0.89182174
-0.89741755
-0.8892349
-0.8982883
-0.89637953
-0.8882356
-0.89954424
-0.89878505
-0.8940213
-0.899562
-0.8935596
-0.8968849
-0.89680576
-0.89612997
-0.8843918
-0.89352983
-0.89332724
-0.89484847
-0.8915843
-0.8944167
-0.8878613
-0.88913053
-0.8955461
-0.8957471
-0.8873562
-0.88940096
-0.8979823
-0.8892084
-0.88998026
-0.8937641
-0.8915933
-0.88295823
-0.8776726
-0.8861815
-0.8890655
-0.8866346
-0.88528764
-0.8863583
-0.88756526
-0.8922221
-0.89480966
-0.89434487
-0.8913671
-0.8849747
-0.89056945
-0.8923704
-0.890978
-0.89181966
-0.8978753
-0.89322376
-0.8955246
-0.8938109
-0.89457536
-0.89390063
-0.89401627
-0.8952036
-0.90350497
-0.89383215
-0.89121294
-0.89498556
-0.8974809
-0.89427865
-0.89232516
-0.8918696
-0.8976298
-0.89374036
-0.89605623
-0.893124
-0.89170074
-0.89337677
-0.8879506
-0.8900572
-0.8943179
-0.8893419
-0.88929874
-0.8874967
-0.89255345
-0.8962821
-0.8956264
-0.8982931
-0.8938768
-0.89306253
-0.90037346
-0.90093714
-0.8989341
-0.8991626
-0.8964881
-0.89963514
-0.9051886
-0.89916074
-0.8994895
-0.9000898
-0.89683104
-0.89842385
-0.8932963
-0.89363354
-0.8970948
-0.89394057
-0.89780295
-0.8913516
-0.89894146
-0.89731187
-0.88772815
-0.88828444
-0.9023487
-0.89571947
-0.89389527
-0.90279573
-0.8975039
-0.89509785
-0.8960136
-0.8980004
-0.8924653
-0.8916227
-0.90078014
-0.8930023
-0.8964867
-0.9017698
-0.8967165
-0.8968356
-0.9036812
-0.9015542
-0.8974459
-0.89935476
-0.89731705
-0.8969825
-0.9021157
-0.8965851
-0.90049505
-0.9008237
-0.8910432
-0.8868264
-0.8923498
-0.8919562
-0.8918081
-0.8954274
-0.89000493
-0.88614655
-0.88988084
-0.88850385
-0.88608146
-0.8806601
-0.8680848
-0.88411415
-0.89847046
-0.8883497
-0.8781077
-0.88121426
-0.891383
-0.88325685
-0.88416076
-0.8927734
-0.9038183
-0.89824426
-0.89144695
-0.88439155
-0.88693917
-0.89116746
-0.89469486
-0.90066093
-0.9006602
-0.90006995
-0.8993971
-0.8937285
-0.89783967
-0.9032549
-0.8982456
-0.8965816
-0.9006861
-0.8990954
-0.89953715
-0.9024072
-0.9003065
-0.8978454
-0.9052131
-0.9057304
-0.9032217
-0.9044898
-0.90634876
-0.90345246
-0.90146685
-0.90519613
-0.9050931
-0.9001376
-0.90457433
-0.90518045
-0.9025062
-0.90221065
-0.904034
-0.9043779
-0.902903
-0.8996667
-0.9016629
-0.9023409
-0.8997912
-0.9022792
-0.8991123
-0.9012432
-0.90099764
-0.9036627
-0.90274054
-0.90123725
-0.90384966
-0.8970892
-0.89793605
-0.9070081
-0.9021684
-0.9058562
-0.9040829
-0.9052146
-0.90504515
-0.90289026
-0.9025234
-0.9045333
-0.9047998
-0.90488356
-0.90157115
-0.90062743
-0.9011125
-0.90243816
-0.89987785
-0.90273345
-0.9008862
-0.90264386
-0.9012403
-0.90076077
-0.9099067
-0.89916927
-0.9042124
-0.90867144
-0.90609795
-0.906399
-0.9027964
-0.9055776
-0.9026806
-0.9014767
-0.90744805
-0.89661163
-0.8991214
-0.904755
-0.8981945
-0.90147716
-0.9026374
-0.90090597
-0.8977005
-0.9061008
-0.9021126
-0.9069675
-0.90000844
-0.8993551
-0.8985569
-0.89974207
-0.90129155
-0.9034985
-0.8986959
-0.89630896
-0.8918523
-0.89969903
-0.89634883
-0.88911015
-0.8893331
-0.897793
-0.8907483
-0.88416153
-0.89487576
-0.9011435
-0.89340365
-0.8967658
-0.90211916
-0.8903491
-0.89083225
-0.90086484
-0.8970108
-0.89979386
-0.90466225
-0.9007638
-0.89832354
-0.9047297
-0.90251803
-0.9048661
-0.90285456
-0.90266865
-0.8998943
-0.9005524
-0.8997701
-0.9011928
-0.9035523
-0.90238446
-0.90055543
-0.90415585
-0.89980555
-0.9023572
-0.90150774
-0.901011
-0.90359104
-0.9027779
-0.9008894
-0.89920884
-0.9000575
-0.90403867
-0.9032421
-0.8978525
-0.8993697
-0.89385325
-0.8989098
-0.90593255
-0.8981767
-0.89766794
-0.90022945
-0.90100324
-0.9008112
-0.9030512
-0.9039961
-0.90331584
-0.90055805
-0.89307475
-0.89458483
-0.9011263
-0.89775413
-0.9021247
-0.9014589
-0.900647
-0.8999707
-0.900237
-0.9041361
-0.9071786
-0.9022799
-0.9041599
-0.9012937
-0.9019776
-0.9021688
-0.9042526
-0.90305996
-0.90288067
-0.9018844
-0.89819646
-0.9007122
-0.9009787
-0.89914894
-0.9034396
-0.9001003
-0.89621633
-0.8985184
-0.90042967
-0.90083134
-0.8981471
-0.90129507
-0.9009345
-0.9022589
-0.89932597
-0.9022324
-0.89907336
-0.89912003
-0.8992973
-0.89815724
-0.8973016
-0.897669
-0.89672357
-0.8993228
-0.90241647
-0.9000578
-0.89953744
-0.9022816
-0.8993741
-0.89821404
-0.9030589
-0.8942957
-0.8972961
-0.89898914
-0.9032435
-0.89984834
-0.8979045
-0.8958345
-0.8950319
-0.89395183
-0.9007233
-0.8937461
-0.8991787
-0.9029752
-0.9000539
-0.9024632
-0.90223014
-0.9016841
-0.9036336
-0.9067649
-0.9009108
-0.9008035
-0.9007455
-0.900534
-0.8983136
-0.9007565
-0.90412045
-0.90572745
-0.9056015
-0.8995457
-0.9059517
-0.9041927
-0.9040483
-0.90679973
-0.9026314
-0.90191686
-0.90486324
-0.9023918
-0.90292335
-0.9001484
-0.90438926
-0.8967591
-0.90599537
-0.8980691
-0.89974743
-0.90331215
-0.90329176
-0.90018696
-0.8992891
-0.8934416
-0.900544
-0.90036225
-0.89937454
-0.8986138
-0.89777833
-0.9018149
-0.8998376
-0.89601594
-0.9053759
-0.8947707
-0.89290345
-0.9031294
-0.901317
-0.8998589
-0.9006803
-0.90193415
-0.90606046
-0.9023394
-0.8977814
-0.9001229
-0.9036483
-0.89067954
-0.89181006
-0.89824486
-0.89557594
-0.8956133
-0.89986163
-0.905203
-0.89611197
-0.90292203
-0.9012695
-0.89861435
-0.89608544
-0.89680856
-0.89891887
-0.89650196
-0.8916734
-0.8974748
-0.8999803
-0.8938769
-0.89932996
-0.90068007
-0.89300513
-0.8985801
-0.8980301
-0.9050523
-0.90096116
-0.9027197
-0.8995848
-0.9022471
-0.9013685
-0.90466505
-0.9006665
-0.90633667
-0.9052435
-0.9030834
-0.90316373
-0.8982825
-0.89798343
-0.8960115
-0.9048178
-0.9018916
-0.897556
-0.89816487
-0.90576154
-0.9028562
-0.8918607
-0.8997253
-0.9053629
-0.900051
-0.8959134
-0.90471005
-0.8959015
-0.89580804
-0.90111333
-0.8993208
-0.89119816
-0.9017385
-0.9037371
-0.90156287
-0.9011433
-0.90286326
-0.90789396
-0.90187675
-0.9036819
-0.90176326
-0.899682
-0.9031582
-0.90030414
-0.8969924
-0.90458846
-0.900085
-0.8987214
-0.9022804
-0.9044992
-0.9024113
-0.8991831
-0.89942795
-0.90002483
-0.90341806
-0.89869654
-0.8961199
-0.8988451
-0.8951023
-0.8925338
-0.90314716
-0.90104747
-0.8951273
-0.9033916
-0.90389705
-0.8996021
-0.9061448
-0.9033125
-0.89969546
-0.9000134
-0.9066159
-0.8998161
-0.9030516
-0.9020646
-0.9019674
-0.90188754
-0.9060654
-0.9006366
-0.90623295
-0.9062946
-0.90606827
-0.9031896
-0.9016209
-0.9055093
-0.90990704
-0.90369236
-0.9034531
-0.90129524
-0.90078783
-0.902235
-0.90534496
-0.90340513
-0.9042126
-0.9045865
-0.90112585
-0.9037393
-0.90225583
-0.9037865
-0.9017616
-0.9002833
-0.9001532
-0.9044392
-0.90113884
-0.9022976
-0.9063024
-0.9047558
-0.9067037
-0.9020382
-0.8971973
-0.9035585
-0.90356123
-0.90074855
-0.90170884
-0.9052461
-0.9064511
-0.90039974
-0.9068848
-0.8962743
-0.9018544
-0.9022027
-0.9014564
-0.89383346
-0.8967481
-0.89500993
-0.89619595
-0.8979434
-0.9006004
-0.90001357
-0.8961414
-0.89657694
-0.89313745
-0.89351743
-0.89209116
-0.89657706
-0.8972411
-0.8939777
-0.8966205
-0.8925713
-0.8865764
-0.89605963
-0.90069216
-0.8974622
-0.89234084
-0.8876581
-0.8929207
-0.8981504
-0.89731944
-0.89952254
-0.89568937
-0.89838123
-0.898833
-0.9042885
-0.9028857
-0.89818525
-0.90059435
-0.90106994
-0.9057325
-0.9014232
-0.89899284
-0.89906806
-0.90057003
-0.90392536
-0.9053724
-0.90073514
-0.89852726
-0.9042444
-0.9046312
-0.901824
-0.9027399
-0.90253735
-0.9073275
-0.90143985
-0.8991713
-0.9057512
-0.90362763
-0.9030022
-0.9025044
-0.9047423
-0.90320724
-0.89999324
-0.90379316
-0.90059626
-0.90313554
-0.89865524
-0.9028377
-0.90544695
-0.8995118
-0.90127736
-0.9001445
-0.9045613
-0.90309894
-0.90716225
-0.8993176
-0.9026939
-0.8940773
-0.90473056
-0.901652
-0.89679396
-0.902546
-0.9007939
-0.89999235
-0.90386295
-0.9090163
-0.9038409
-0.9013108
-0.90315866
-0.90399146
-0.90263295
-0.90369236
-0.9013083
-0.90698314
-0.9048359
-0.90581954
-0.90434235
-0.89993787
-0.90845025
-0.90318644
-0.9031183
-0.90198416
-0.8954944
-0.89974135
-0.89893156
-0.9068243
-0.89989626
-0.89697134
-0.90030986
-0.9061284
-0.90173024
-0.90427655
-0.90451497
-0.90027726
-0.8965463
-0.89786965
-0.9042639
-0.89966863
-0.90491307
-0.9062437
-0.9032344
-0.9019318
-0.9007348
-0.8996631
-0.9032849
-0.8974732
-0.90507185
-0.90046567
-0.902381
-0.90761226
-0.9013223
-0.89968884
-0.8968816
-0.9006659
-0.90317667
-0.9053028
-0.90236866
-0.8962959
-0.90039444
-0.9022625
-0.905375
-0.90162313
-0.90232253
-0.8997551
-0.9053176
-0.90543765
-0.90646595
-0.90264136
-0.90416557
-0.9052102
-0.906582
-0.9031415
-0.9050576
-0.9083421
-0.90558213
-0.9053974
-0.89999235
-0.9026824
-0.9051659
-0.9015978
-0.90529263
-0.9018887
-0.90440226
-0.90459126
-0.89950955
-0.90581936
-0.9066291
-0.9032722
-0.91007465
-0.90391874
-0.90786546
-0.908352
-0.9044965
-0.9110103
-0.90453744
-0.9035248
-0.90651816
-0.8999364
