-0.19870311
-0.20535171
-0.24325539
-0.26417422
-0.2717397
-0.29592106
-0.30767003
-0.32467034
-0.3132411
-0.33251625
-0.31366718
-0.32319313
-0.33344
-0.33602077
-0.33751035
-0.35631326
-0.34915137
-0.34674618
-0.35034692
-0.34440178
-0.3582193
-0.36591825
-0.34494352
-0.35887095
-0.35536548
-0.35547915
-0.36545473
-0.3569813
-0.36656493
-0.36826006
-0.38104752
-0.3844695
-0.40194106
-0.3848301
-0.39199093
-0.39591914
-0.40439114
-0.41246626
-0.40609428
-0.4057354
-0.42439935
-0.4325578
-0.42540547
-0.43561074
-0.44347775
-0.43584093
-0.45688614
-0.44449803
-0.4585717
-0.46023318
-0.4740383
-0.46783698
-0.47819063
-0.48283023
-0.48337874
-0.4938167
-0.4879865
-0.49666387
-0.50561243
-0.49869624
-0.51211035
-0.4967515
-0.50528866
-0.510213
-0.5058719
-0.5185626
-0.51428545
-0.51487887
-0.52133524
-0.51719534
-0.5164229
-0.5285966
-0.52608025
-0.5388602
-0.5305767
-0.5233955
-0.53794044
-0.5377931
-0.5328506
-0.54134476
-0.541975
-0.5471704
-0.5483525
-0.55476016
-0.5436772
-0.5428217
-0.5537062
-0.55069315
-0.55403537
-0.5586309
-0.5605925
-0.5522763
-0.5616659
-0.5516727
-0.5525603
-0.5608315
-0.5647316
-0.5684681
-0.5653661
-0.5816007
-0.5765666
-0.57720804
-0.5695498
-0.57509303
-0.5709628
-0.5712348
-0.5759392
-0.5861858
-0.57739675
-0.5780719
-0.57871246
-0.5884065
-0.57467526
-0.59422195
-0.580791
-0.5807141
-0.5833671
-0.59248376
-0.5794088
-0.58997345
-0.59400004
-0.57987845
-0.5821549
-0.5923034
-0.5903193
-0.58282566
-0.58653253
-0.5886655
-0.57783896
-0.58742374
-0.5863275
-0.5944874
-0.58977777
-0.58205074
-0.6034098
-0.59678596
-0.5924516
-0.59862876
-0.58786887
-0.5871537
-0.6028925
-0.5913911
-0.58799255
-0.597427
-0.5912265
-0.594773
-0.60125387
-0.59253395
-0.59540284
-0.5981909
-0.60654354
-0.59300876
-0.6018719
-0.59186107
-0.6003363
-0.60256624
-0.6046038
-0.60647666
-0.60595524
-0.60000503
-0.60836184
-0.6120544
-0.61022073
-0.6090011
-0.6091505
-0.606965
-0.60554796
-0.6012838
-0.60431725
-0.606355
-0.60186595
-0.60559314
-0.61197394
-0.6060411
-0.6100907
-0.61681736
-0.62054026
-0.62175184
-0.6205752
-0.618296
-0.61047786
-0.60994744
-0.6049549
-0.62189394
-0.6193508
-0.61487174
-0.61529213
-0.62014097
-0.6157069
-0.6229603
-0.61778474
-0.618025
-0.6234476
-0.6158491
-0.6220187
-0.62387466
-0.624076
-0.632432
-0.62676716
-0.6284873
-0.61778605
-0.62226534
-0.618645
-0.61545366
-0.6177868
-0.6149534
-0.6078327
-0.6224694
-0.6219863
-0.6293572
-0.6279399
-0.62812424
-0.6312013
-0.6394702
-0.63616955
-0.6340528
-0.63410306
-0.6315813
-0.6349876
-0.6271268
-0.63494986
-0.63663775
-0.6368704
-0.6329465
-0.63283634
-0.6412246
-0.6388608
-0.6309054
-0.6362207
-0.632908
-0.637711
-0.6443174
-0.64135075
-0.6419462
-0.64398426
-0.6466134
-0.6388164
-0.6477904
-0.6469782
-0.6470606
-0.6469768
-0.63924736
-0.64724064
-0.6410338
-0.64640415
-0.6502984
-0.64374006
-0.6562918
-0.6495484
-0.64622355
-0.64614403
-0.65480477
-0.6456351
-0.65244824
-0.65330195
-0.6472946
-0.6414369
-0.64858943
-0.6480134
-0.64958787
-0.6480947
-0.64929026
-0.6469507
-0.64919597
-0.65239614
-0.64807063
-0.6426151
-0.64432985
-0.64742297
-0.64388305
-0.6495234
-0.648163
-0.64166844
-0.6452747
-0.64596385
-0.65295076
-0.65321845
-0.65540165
-0.65258306
-0.6497655
-0.6527273
-0.6544149
-0.6580378
-0.65709823
-0.65202194
-0.65284956
-0.6534968
-0.65381634
-0.65705854
-0.6542703
-0.66222525
-0.6562433
-0.658588
-0.65810937
-0.6596158
-0.6572008
-0.65111786
-0.66387033
-0.6564947
-0.66632015
-0.65865755
-0.66149753
-0.65709215
-0.65449584
-0.6528274
-0.6603673
-0.659226
-0.6567164
-0.6563227
-0.6459542
-0.65414757
-0.65470064
-0.66074747
-0.65055764
-0.65706253
-0.66064763
-0.65565604
-0.6641551
-0.65209174
-0.65296865
-0.65228957
-0.6600486
-0.652783
-0.656328
-0.6608775
-0.6606166
-0.6616754
-0.66679627
-0.66179895
-0.6656987
-0.66622454
-0.66457945
-0.6745141
-0.67375606
-0.66398543
-0.66713905
-0.6730602
-0.6742049
-0.6703508
-0.6715659
-0.6663141
-0.6715448
-0.6675333
-0.6751951
-0.66788226
-0.6710351
-0.6678621
-0.664723
-0.6659337
-0.67345047
-0.66963047
-0.66951674
-0.6756361
-0.663203
-0.666611
-0.6642123
-0.67417115
-0.6637734
-0.6649131
-0.6653715
-0.66599435
-0.66816384
-0.661469
-0.6699484
-0.6686195
-0.66467893
-0.66307956
-0.6641189
-0.6644407
-0.66617566
-0.6660554
-0.6643613
-0.6697364
-0.6667348
-0.6696106
-0.66841525
-0.66639525
-0.6637028
-0.6648699
-0.6663416
-0.66755474
-0.669196
-0.6636522
-0.6666659
-0.66773915
-0.67692465
-0.6679629
-0.68339074
-0.6748054
-0.675688
-0.672588
-0.6764335
-0.6852443
-0.6754183
-0.6763436
-0.6799672
-0.67818785
-0.6835793
-0.6776777
-0.6779167
-0.683026
-0.68944573
-0.6848387
-0.68737364
-0.6869824
-0.6832189
-0.6874692
-0.68619144
-0.6926296
-0.6857851
-0.69156545
-0.688221
-0.68602437
-0.6862156
-0.6946964
-0.6855327
-0.6881426
-0.6931036
-0.6935026
-0.6910049
-0.6890779
-0.69580054
-0.69226724
-0.6944695
-0.6914024
-0.687134
-0.686613
-0.69685835
-0.6852649
-0.69335496
-0.69580114
-0.6997088
-0.6962736
-0.69270235
-0.69241196
-0.68788826
-0.69552827
-0.69706714
-0.6952403
-0.70088345
-0.6981025
-0.69593805
-0.6908673
-0.6995198
-0.7007558
-0.6941124
-0.6925294
-0.69576854
-0.6973923
-0.6873784
-0.6893811
-0.6902845
-0.6925674
-0.6913978
-0.7011277
-0.70068103
-0.69855565
-0.70573896
-0.70070606
-0.70106816
-0.7047841
-0.7020494
-0.70181984
-0.7020936
-0.7059047
-0.70854825
-0.6926501
-0.7063328
-0.7058726
-0.70355606
-0.70847505
-0.70655644
-0.7033836
-0.70507264
-0.69992065
-0.69741565
-0.6995357
-0.69953215
-0.7026395
-0.6995429
-0.7025368
-0.7086122
-0.7065829
-0.7112017
-0.70776117
-0.70739067
-0.7112042
-0.7058431
-0.7047472
-0.7070606
-0.69836354
-0.71054125
-0.70777905
-0.7076994
-0.7066877
-0.7126992
-0.7083701
-0.70886254
-0.71021265
-0.7119912
-0.70516604
-0.7131506
-0.71338516
-0.70652
-0.70790327
-0.7098265
-0.70921224
-0.71211344
-0.7031095
-0.709795
-0.70911646
-0.7108412
-0.71370465
-0.7157861
-0.71213436
-0.7136556
-0.7106855
-0.7150277
-0.71331406
-0.70766366
-0.70905334
-0.70796335
-0.71343136
-0.7069308
-0.7065275
-0.70987535
-0.706812
-0.7115635
-0.7079689
-0.70419484
-0.7039567
-0.7017953
-0.7041
-0.7112988
-0.70104706
-0.7035863
-0.7078014
-0.6968671
-0.69719934
-0.69856316
-0.69307905
-0.70044976
-0.70016503
-0.7077266
-0.7043378
-0.6997338
-0.70448697
-0.6984315
-0.7063861
-0.70722574
-0.7090652
-0.71034896
-0.7115883
-0.7125719
-0.71280104
-0.71096253
-0.714079
-0.7143652
-0.7138814
-0.71318185
-0.7120815
-0.71015024
-0.7137964
-0.71358514
-0.70943075
-0.71656734
-0.70779806
-0.7054448
-0.70437145
-0.71173555
-0.7091963
-0.7165089
-0.7131594
-0.71759844
-0.7143584
-0.70741105
-0.71005946
-0.7122112
-0.7174301
-0.7097951
-0.7098547
-0.7128127
-0.71116275
-0.7125182
-0.71196437
-0.70797455
-0.7005818
-0.7089791
-0.7042214
-0.7061566
-0.6963815
-0.7019502
-0.69966954
-0.69525987
-0.702954
-0.70574576
-0.70662624
-0.70553994
-0.7073701
-0.70240223
-0.7085061
-0.70368826
-0.70840347
-0.7038642
-0.7054531
-0.699204
-0.7000506
-0.71332645
-0.71086925
-0.7110266
-0.71545094
-0.7181679
-0.710456
-0.710664
-0.70860726
-0.71520346
-0.71330225
-0.70948684
-0.7106537
-0.7031626
-0.7141896
-0.701278
-0.70134556
-0.70290184
-0.6937759
-0.7066988
-0.7139555
-0.72127336
-0.7178765
-0.7283083
-0.7202993
-0.7192086
-0.72364306
-0.7243718
-0.7176543
-0.7215465
-0.7226337
-0.7235174
-0.72321373
-0.7235625
-0.7155378
-0.7271627
-0.72613925
-0.7178864
-0.7145405
-0.71127
-0.70631784
-0.71237355
-0.7057826
-0.70075655
-0.7086916
-0.7058531
-0.7182137
-0.71495587
-0.7172022
-0.7219949
-0.71350706
-0.7101431
-0.7147242
-0.70866233
-0.72121876
-0.7165756
-0.71954256
-0.7156554
-0.7157435
-0.72332203
-0.7162982
-0.72207814
-0.7299901
-0.72631645
-0.72147983
-0.7230196
-0.7283759
-0.71815354
-0.7110975
-0.7124709
-0.72058946
-0.71708304
-0.7186846
-0.7071954
-0.7154536
-0.7196325
-0.71185154
-0.7185044
-0.71166915
-0.71498454
-0.7143687
-0.7095152
-0.71021175
-0.71567976
-0.7187522
-0.7176521
-0.7150945
-0.71458334
-0.7151984
-0.715152
-0.7227047
-0.7220069
-0.725472
-0.72198737
-0.71559507
-0.730409
-0.71965945
-0.71678114
-0.7235521
-0.7224232
-0.72794974
-0.72380525
-0.7225778
-0.71624947
-0.72031546
-0.7268502
-0.72339666
-0.7263735
-0.7128387
-0.72495997
-0.7185314
-0.7179877
-0.71336734
-0.7134145
-0.71322715
-0.7175679
-0.7232781
-0.7169447
-0.7174737
-0.72311026
-0.71138656
-0.721135
-0.7266314
-0.72228664
-0.7281476
-0.72768676
-0.72751164
-0.7280065
-0.72506326
-0.7194696
-0.7198696
-0.7274695
-0.7229709
-0.72538936
-0.72506917
-0.7343996
-0.7308336
-0.72759336
-0.7329772
-0.72369754
-0.7250015
-0.72125375
-0.7209519
-0.72453153
-0.72350127
-0.73289424
-0.7305432
-0.72966766
-0.7278342
-0.72960305
-0.73210466
-0.7321957
-0.73074603
-0.7254923
-0.7265325
-0.72726977
-0.7275431
-0.7267924
-0.7306004
-0.7237432
-0.7242354
-0.72816354
-0.7303233
-0.72475404
-0.7289062
-0.7345286
-0.7316418
-0.72810805
-0.7375465
-0.7290381
-0.72984964
-0.73339754
-0.7253797
-0.7286643
-0.7327436
-0.72898734
-0.72962004
-0.7314893
-0.72657716
-0.7310063
-0.72754735
-0.7245368
-0.734462
-0.7311963
-0.73141116
-0.73109525
-0.7291765
-0.7335065
-0.73268247
-0.7334331
-0.7274341
-0.73103786
-0.7259421
-0.7281674
-0.7278652
-0.7287725
-0.7270651
-0.7282753
-0.73547703
-0.73560095
-0.7346059
-0.7345918
-0.73276985
-0.73807085
-0.7371664
-0.73270184
-0.73013073
-0.7330047
-0.73685014
-0.7317925
-0.73564714
-0.72961074
-0.7274373
-0.72629225
-0.7324337
-0.7200253
-0.72814834
-0.72534806
-0.7309838
-0.7269697
-0.73340327
-0.7279969
-0.727594
-0.72884786
-0.7343808
-0.72857076
-0.7275379
-0.720888
-0.7232771
-0.7183179
-0.7131519
-0.7190816
-0.7203381
-0.71725094
-0.7150421
-0.72665346
-0.7245275
-0.71738446
-0.72134733
-0.728369
-0.71863663
-0.7191208
-0.72334456
-0.7195265
-0.7219964
-0.72615415
-0.7279266
-0.72972065
-0.72956073
-0.7313254
-0.7264592
-0.727107
-0.73211795
-0.72948647
-0.7277625
-0.7266035
-0.72667164
-0.72887385
-0.73328924
-0.7305097
-0.72930557
-0.72494775
-0.72954655
-0.7298013
-0.72658217
-0.7283551
-0.7340883
-0.73704255
-0.7278352
-0.7287258
-0.7253231
-0.7284222
-0.73146266
-0.73336643
-0.7291297
-0.72741485
-0.72167796
-0.7252476
-0.7344672
-0.7300174
-0.731406
-0.73369765
-0.7371448
-0.7413285
-0.74226964
-0.73937386
-0.73730683
-0.73442703
-0.73929656
-0.7380129
-0.7414683
-0.74092263
-0.74104357
-0.73948216
-0.7439181
-0.7376142
-0.74036324
-0.7396535
-0.74027234
-0.73835
-0.74494517
-0.74281555
-0.7474378
-0.74273133
-0.7430545
-0.7423191
-0.74594957
-0.7421487
-0.7373229
-0.7417697
-0.7354724
-0.7364911
-0.74328613
-0.7417956
-0.742414
-0.7445829
-0.7417893
-0.74360895
-0.7375233
-0.7392838
-0.73525643
-0.7356205
-0.73794264
-0.7389406
-0.7398846
-0.73972964
-0.73664546
-0.7423743
-0.74017274
-0.7374067
-0.7341208
-0.73726517
-0.7403069
-0.7398601
-0.74597615
-0.73811823
-0.74191165
-0.7382322
-0.73835623
-0.7391447
-0.73600656
-0.7364605
-0.741497
-0.74259675
-0.7469414
-0.74353087
-0.74395484
-0.7447303
-0.7475869
-0.74674207
-0.73951477
-0.73424256
-0.74133795
-0.7383316
-0.74058795
-0.7290961
-0.7318925
-0.745453
-0.7431733
-0.7412981
-0.73467153
-0.7430965
-0.75227714
-0.74945116
-0.7432492
-0.73765516
-0.7425311
-0.7458173
-0.74079496
-0.74769723
-0.74958676
-0.75505203
-0.74670345
-0.74046445
-0.7435328
-0.74422616
-0.75269586
-0.74562216
-0.7496781
-0.7476966
-0.7466476
-0.74752426
-0.7504145
-0.7409842
-0.74555093
-0.737478
-0.7406282
-0.730387
-0.7393185
-0.7403737
-0.7388142
-0.7385854
-0.7468113
-0.7495939
-0.7489703
-0.7418899
-0.74152505
-0.74181587
-0.7496583
-0.73930496
-0.7470319
-0.75008744
-0.749236
-0.74791116
-0.74235207
-0.7434182
-0.74485636
-0.7497576
-0.74288046
-0.74184626
-0.7402036
-0.7408339
-0.7412973
-0.74562925
-0.7416921
-0.74075085
-0.7479649
-0.7433462
-0.7464188
-0.74771047
-0.74438405
-0.74753433
-0.74454135
-0.7415146
-0.7391976
-0.7496857
-0.7442389
-0.7464759
-0.7381179
-0.737978
-0.7445774
-0.740669
-0.7432045
-0.74852836
-0.7397861
-0.737633
-0.7329944
-0.74651355
-0.7403973
-0.7339558
-0.73986495
-0.735364
-0.7373059
-0.7438745
-0.74116147
-0.7455954
-0.745926
-0.74543554
-0.7445937
-0.74232304
-0.7436256
-0.7329044
-0.736422
-0.7415835
-0.7418189
-0.7429268
-0.7422267
-0.7353959
-0.73837614
-0.7463601
-0.7473946
-0.7449198
-0.75315535
-0.7522522
-0.7525277
-0.7480144
-0.7517473
-0.75187194
-0.75601935
-0.7493837
-0.7556151
-0.7530621
-0.7483262
-0.751823
-0.7571757
-0.7522771
-0.7507473
-0.75264853
-0.74666107
-0.7467221
-0.75210977
-0.75458
-0.7502048
-0.7495915
-0.7468029
-0.74856853
-0.7458495
-0.7411737
-0.746203
-0.758893
-0.7490947
-0.7547214
-0.75291115
-0.7518887
-0.7608422
-0.7483276
-0.7570645
-0.75645536
-0.75725144
-0.7541183
-0.74611384
-0.7541567
-0.74206704
-0.7305211
-0.7277803
-0.74715126
-0.7481365
-0.74954146
-0.74583006
-0.7380794
-0.7412165
-0.7391536
-0.7377549
-0.74593014
-0.7405348
-0.7471085
-0.7479335
-0.7535427
-0.75439376
-0.757995
-0.75587004
-0.75702834
-0.75288147
-0.7510976
-0.7521303
-0.7490225
-0.75622755
-0.7489117
-0.7427799
-0.7418679
-0.7461682
-0.73945063
-0.7457267
-0.7379406
-0.7423078
-0.74431664
-0.7354807
-0.7401419
-0.73742723
-0.74358386
-0.741897
-0.7470557
-0.7407809
-0.7467865
-0.74906576
-0.74794966
-0.751261
-0.7425947
-0.7467945
-0.74229854
-0.744463
-0.73808205
-0.73464066
-0.7380338
-0.7393365
-0.7379536
-0.7377652
-0.73609096
-0.73949444
-0.7361615
-0.74173504
-0.74141645
-0.735925
-0.74586046
-0.7464738
-0.74631935
-0.7523532
-0.7363332
-0.749593
-0.7489301
-0.7414742
-0.74812293
-0.74658096
-0.7489677
-0.75119567
-0.7516039
-0.751535
-0.7496775
-0.75176984
-0.7498993
-0.75543946
-0.7539281
-0.7474163
-0.7426132
-0.7571834
-0.7515723
-0.7498046
-0.7518379
-0.7529378
-0.7551944
-0.7519181
-0.7535243
-0.7484851
-0.74632484
-0.7480312
-0.7492005
-0.74996716
-0.75262684
-0.7571745
-0.7519223
-0.7482996
-0.7554566
-0.7519717
-0.7493164
-0.7543294
-0.7511371
-0.7490854
-0.75446796
-0.7486841
-0.7487459
-0.75152314
-0.747166
-0.74926454
-0.7490662
-0.7541672
-0.7495708
-0.7474895
-0.74798304
-0.74626815
-0.74086535
-0.7446766
-0.74302244
-0.7431378
-0.7415146
-0.74344975
-0.74831414
-0.74973005
-0.7539927
-0.74617267
-0.75092983
-0.7429365
-0.7448135
-0.7480571
-0.7448847
-0.7566443
-0.75458324
-0.751784
-0.75416774
-0.7529426
-0.75337416
-0.7548359
-0.75743586
-0.7548229
-0.7502262
-0.75547576
-0.7497658
-0.7531969
-0.7605347
-0.7551055
-0.7558186
-0.7510258
-0.75342274
-0.7515237
-0.756238
-0.75489676
-0.75986063
-0.7528996
-0.7523194
-0.75671816
-0.7521639
-0.75103337
-0.752889
-0.7483581
-0.75341684
-0.75027543
-0.75189114
-0.75291884
-0.76442385
-0.7584495
-0.75998884
-0.7551566
-0.7570977
-0.75672805
-0.7539958
-0.7512694
-0.74913645
-0.75495374
-0.7511017
-0.74189097
-0.73781896
-0.7429256
-0.7467738
-0.7437488
-0.7458149
-0.74100906
-0.7442881
-0.7410925
-0.7447364
-0.7431428
-0.7532003
-0.7488239
-0.752307
-0.7568996
-0.75073975
-0.7566478
-0.74800086
-0.74363005
-0.74433833
-0.7428665
-0.751278
-0.75199676
-0.7448888
-0.7506474
-0.7451305
-0.7506847
-0.7421217
-0.73586684
-0.73924476
-0.7415441
-0.7325901
-0.7169511
-0.71628135
-0.71978927
-0.72459704
-0.73294646
-0.74154276
-0.74000055
-0.7407359
-0.74922556
-0.74568224
-0.74709374
-0.7532823
-0.7453874
-0.74786437
-0.7454502
-0.7504769
-0.7421707
-0.7375012
-0.73892486
-0.7425701
-0.735035
-0.7387449
-0.73221034
-0.7408175
-0.73815966
-0.74592495
-0.74338824
-0.7413036
-0.75183
-0.7551413
-0.75312185
-0.75361615
-0.7495053
-0.74614275
-0.74405473
-0.75894576
-0.74844587
-0.7513935
-0.7509775
-0.7477074
-0.75139767
-0.7537906
-0.7492088
-0.75596136
-0.75283206
-0.7534874
-0.74980193
-0.7546303
-0.753601
-0.75528395
-0.74670655
-0.7479731
-0.7492529
-0.74639314
-0.7513127
-0.75365716
-0.74183106
-0.7491484
-0.74797547
-0.7479057
-0.7495538
-0.7570276
-0.7555714
-0.7544012
-0.7509272
-0.75645417
-0.7568072
-0.75097173
-0.7501846
-0.7519202
-0.7512934
-0.74868006
-0.750461
-0.7474635
-0.7568179
-0.74433255
-0.75037706
-0.7521816
-0.7548096
-0.7560806
-0.7564594
-0.7587102
-0.7564378
-0.75406635
-0.7550735
-0.7572379
-0.7565427
-0.75480634
-0.75286293
-0.7493539
-0.75505406
-0.75489604
-0.7559641
-0.75107604
-0.7494417
-0.7532676
-0.75071806
-0.7563776
-0.7549759
-0.76303303
-0.76056784
-0.75325745
-0.75593233
-0.75630045
-0.7596022
-0.7590616
-0.7580444
-0.7576836
-0.7635006
-0.7619027
-0.7607765
-0.755647
-0.75639987
-0.7572796
-0.75568134
-0.7560991
-0.7548118
-0.75425726
-0.75916237
-0.76203483
-0.75171834
-0.76242244
-0.75508916
-0.7579562
-0.7507649
-0.7600636
-0.7548902
-0.7551955
-0.7562208
-0.7544588
-0.75653905
-0.75723165
-0.7547103
-0.75691634
-0.7532541
-0.7570707
-0.7557726
-0.7525627
-0.74900913
-0.7500573
-0.75184333
-0.75336283
-0.7489048
-0.73980135
-0.7435343
-0.7445372
-0.74570894
-0.7414046
-0.7342121
-0.7445106
-0.7484118
-0.73826677
-0.7490137
-0.74404365
-0.7441564
-0.74552834
-0.7463393
-0.74949884
-0.7476125
-0.7461235
-0.7549912
-0.75007045
-0.7511983
-0.7490488
-0.74968576
-0.7412867
-0.7504997
-0.7462757
-0.75954837
-0.7528792
-0.75808567
-0.7566619
-0.75751144
-0.75159234
-0.7572455
-0.75232214
-0.752429
-0.749539
-0.75325745
-0.7598745
-0.7489576
-0.76169306
-0.75891614
-0.7553514
-0.7608384
-0.75741565
-0.75899875
-0.75296813
-0.75840425
-0.76277316
-0.76210195
-0.7625132
-0.7543897
-0.75843465
-0.7553334
-0.75461614
-0.7510091
-0.7514615
-0.75862336
-0.7576795
-0.7590976
-0.7499229
-0.7551746
-0.7575687
-0.7455676
-0.752183
-0.75187737
-0.7542849
-0.75597656
-0.75503755
-0.7514159
-0.74683446
-0.74401975
-0.74828357
-0.7553252
-0.7509196
-0.7483018
-0.7519895
-0.74672043
-0.75084996
-0.74787456
-0.74763393
-0.7540617
-0.75074744
-0.75077367
-0.7505372
-0.74990296
-0.7498218
-0.75244176
-0.75177926
-0.75163156
-0.7516062
-0.75733274
-0.75418216
-0.7497147
-0.7452782
-0.7522341
-0.75308776
-0.75446975
-0.74957716
-0.7604424
-0.7598935
-0.7555712
-0.76231533
-0.76518357
-0.753435
-0.7622385
-0.76332766
-0.7620772
-0.7557206
-0.7501229
-0.7585172
-0.7543612
-0.7563141
-0.7602232
-0.76217943
-0.75561804
-0.76489156
-0.75897443
-0.7607547
-0.76446646
-0.7656613
-0.7578224
-0.7675549
-0.760566
-0.7569228
-0.76038027
-0.7568464
-0.75783336
-0.76125443
-0.7633009
-0.7574052
-0.7592853
-0.7561434
-0.749285
-0.7559187
-0.7549345
-0.7607166
-0.76042545
-0.75680494
-0.75861526
-0.76067084
-0.75647646
-0.76064867
-0.76043946
-0.7624326
-0.7621647
-0.7583796
-0.762195
-0.75278974
-0.75705546
-0.7618875
-0.7601531
-0.76225144
-0.7634149
-0.7585149
-0.75881475
-0.7584546
-0.7597827
-0.76351386
-0.7632965
-0.766356
-0.76585466
-0.7702788
-0.7668821
-0.7708125
-0.7563069
-0.7660163
-0.7647935
-0.7611486
-0.7592539
-0.7649813
-0.7637231
-0.7686938
-0.7608836
-0.757438
-0.75592756
-0.7652236
-0.7610269
-0.7553551
-0.75544137
-0.7541408
-0.7532506
-0.757916
-0.75866795
-0.75624114
-0.7473275
-0.7540307
-0.7546129
-0.7542917
-0.7507761
-0.75430787
-0.75458795
-0.7561166
-0.7495324
-0.7503967
-0.74742013
-0.7511089
-0.7551872
-0.75364417
-0.7524107
-0.75346804
-0.7450543
-0.7439054
-0.74634415
-0.7533809
-0.75282556
-0.7529957
-0.75532615
-0.74857664
-0.7420284
-0.7481113
-0.74745196
-0.7511748
-0.7515473
-0.7591305
-0.7499236
-0.75744396
-0.7540682
-0.7583791
-0.7567051
-0.7556812
-0.758849
-0.7629479
-0.75672376
-0.7487464
-0.7537587
-0.76042837
-0.7553643
-0.75973296
-0.76158845
-0.7597694
-0.7631831
-0.7596586
-0.76236314
-0.75456554
-0.75404304
-0.7630579
-0.7605596
-0.7635573
-0.7564492
-0.7680545
-0.7523623
-0.7581173
-0.75513434
-0.7544663
-0.7587702
-0.75660634
-0.7595449
-0.7591736
-0.76067555
-0.7552956
-0.76296383
-0.7657558
-0.7659053
-0.7651764
-0.7632157
-0.7631718
-0.75873715
-0.76328397
-0.75221276
-0.75562054
-0.75823975
-0.7624689
-0.76122206
-0.7546011
-0.75781405
-0.75898707
-0.7585519
-0.76241714
-0.7595165
-0.7620686
-0.75853425
-0.76130354
-0.75566787
-0.7662645
-0.7635517
-0.76545733
-0.7619965
-0.76327807
-0.7574863
-0.7628287
-0.7593288
-0.7645551
-0.7664117
-0.76267195
-0.767559
-0.7642997
-0.75958776
-0.7639771
-0.76450694
-0.76243836
-0.7568019
-0.76567155
-0.7596388
-0.76500237
-0.76147366
-0.76323485
-0.7582335
-0.761016
-0.7643663
-0.76509064
-0.7590549
-0.762393
-0.76521546
-0.76359516
-0.76432955
-0.76438403
-0.755951
-0.76395
-0.76518697
-0.7689405
-0.7617602
-0.76723963
-0.7653654
-0.7666981
-0.7648842
-0.7660885
-0.76644015
-0.766161
-0.76756686
-0.7588797
-0.76978064
-0.7702657
-0.7649435
-0.7682
-0.76530004
-0.7681667
-0.7684187
-0.76372254
-0.7704337
-0.76448953
-0.75195235
-0.75915205
-0.7543917
-0.76172906
-0.7636612
-0.7615507
-0.758119
-0.7580217
-0.7617073
-0.75382596
-0.7620901
-0.76384866
-0.76315457
-0.7619264
-0.7625087
-0.7636199
-0.7628348
-0.76776195
-0.77154744
-0.7658986
-0.7672221
-0.7663807
-0.7647792
-0.7674059
-0.76260996
-0.7697128
-0.765915
-0.76673514
-0.76318514
-0.76915115
-0.76644737
-0.7677901
-0.7638455
-0.76564187
-0.76354575
-0.7674016
-0.77074564
-0.76548094
-0.76059717
-0.7660498
-0.76157606
-0.764724
-0.7675675
-0.7576859
-0.76634014
-0.76405376
-0.7653907
-0.76721245
-0.7666443
-0.7599486
-0.7626237
-0.769478
-0.7664546
-0.7657921
-0.7673225
-0.767793
-0.76486593
-0.7585277
-0.75960255
-0.75120896
-0.76126504
-0.76531446
-0.75883657
-0.75674534
-0.76211005
-0.76013106
-0.7624876
-0.7626821
-0.7666362
-0.76410013
-0.7644771
-0.77020353
-0.76925427
-0.76412994
-0.7660791
-0.75983065
-0.7676612
-0.7644922
-0.74873245
-0.75389796
-0.76290387
-0.76626384
-0.76668257
-0.76179075
-0.7645323
-0.7607606
-0.7640963
-0.7627056
-0.75875425
-0.7666955
-0.7604038
-0.7645488
-0.7679905
-0.76342475
-0.76350003
-0.7639039
-0.7654854
-0.76307285
-0.76294976
-0.75834566
-0.7662681
-0.76816916
-0.7726476
-0.77244276
-0.7650328
-0.76219565
-0.76695764
-0.76695037
-0.76436424
-0.759042
-0.75378835
-0.7553248
-0.75890607
-0.7519377
-0.7532779
-0.7601138
-0.75590783
-0.7652627
-0.7647168
-0.7675627
-0.764446
-0.76344645
-0.77054316
-0.76491606
-0.7619195
-0.76058704
-0.76031065
-0.76547295
-0.7609373
-0.7648492
-0.7648893
-0.76287174
-0.77224416
-0.7613005
-0.7635802
-0.76944906
-0.7675191
-0.7703686
-0.77039254
-0.7634926
-0.76500887
-0.7701576
-0.7691332
-0.7673867
-0.7601741
-0.7619287
-0.75670284
-0.75246364
-0.75813794
-0.7568415
-0.75820404
-0.75435686
-0.7562532
-0.75681615
-0.7580311
-0.7552226
-0.75007194
-0.75230044
-0.75948095
-0.75741804
-0.7606592
-0.7630625
-0.7646472
-0.7613123
-0.7593541
-0.75495374
-0.76294774
-0.76010823
-0.76026493
-0.7642891
-0.7608051
-0.76345176
-0.7603693
-0.7618628
-0.75980765
-0.75738084
-0.7607348
-0.7681503
-0.7668172
-0.768136
-0.76595587
-0.76647174
-0.7656566
-0.76866627
-0.7591049
-0.7631989
-0.76370406
-0.7585217
-0.7631171
-0.7516146
-0.75589097
-0.7564304
-0.745566
-0.75327104
-0.7421925
-0.74847
-0.75788015
-0.75026846
-0.7629355
-0.75889456
-0.7681857
-0.7663503
-0.76502573
-0.75796
-0.76548207
-0.7647583
-0.7630748
-0.7665958
-0.76567084
-0.7632692
-0.76795554
-0.7648017
-0.7655656
-0.76851845
-0.7611758
-0.764645
-0.7620879
-0.7644079
-0.75394297
-0.7612885
-0.7643652
-0.76127213
-0.7663496
-0.76764464
-0.7700827
-0.76544785
-0.7658927
-0.76452726
-0.76347417
-0.762127
-0.76624334
-0.76455665
-0.76793724
-0.76288986
-0.7616541
-0.7638562
-0.76759714
-0.76577944
-0.7668227
-0.77198684
-0.7704017
-0.77108824
-0.772222
-0.767943
-0.7664786
-0.7692837
-0.7731888
-0.77005535
-0.7672975
-0.7723453
-0.7701379
-0.7716562
-0.77322483
-0.7679425
-0.7693868
-0.7711194
-0.7597026
-0.7645216
-0.7645614
-0.76549757
-0.7672557
-0.76545036
-0.7674057
-0.76554394
-0.77372783
-0.77159536
-0.7692557
-0.7703441
-0.7660363
-0.76975167
-0.76973677
-0.7660624
-0.7666697
-0.76680017
-0.7732424
-0.76781446
-0.7687752
-0.7703117
-0.7751775
-0.7709939
-0.7605558
-0.7704661
-0.76455337
-0.7695722
-0.77502394
-0.7693517
-0.76945627
-0.76552916
-0.76903945
-0.7705084
-0.76630807
-0.7731203
-0.76286846
-0.76739454
-0.7650412
-0.7651397
-0.7718001
-0.7731746
-0.7781131
-0.770074
-0.76903355
-0.7690935
-0.76906997
-0.7689738
-0.77477705
-0.7716036
-0.7687825
-0.77374285
-0.7693711
-0.76814526
-0.7719441
-0.77168
-0.7731292
-0.7698134
-0.7732446
-0.76740843
-0.7688883
-0.7662437
-0.763531
-0.7584799
-0.76645505
-0.7686868
-0.7722184
-0.7683846
-0.7682175
-0.76903474
-0.7694032
-0.7621132
-0.7732464
-0.7732423
-0.76799715
-0.76829565
-0.77237546
-0.7703552
-0.76819426
-0.7613126
-0.7720774
-0.76669955
-0.76425016
-0.7647602
-0.7603652
-0.7662529
-0.764756
-0.76726836
-0.7617293
-0.769193
-0.7670058
-0.76682174
-0.7637295
-0.766306
-0.7626646
-0.76700735
-0.76964235
-0.7691398
-0.76905847
-0.7682783
-0.7732878
-0.7670014
-0.7652202
-0.7726308
-0.7707835
-0.7657288
-0.76737934
-0.7684954
-0.7678427
-0.76050496
-0.7616903
-0.754702
-0.7557791
-0.74927866
-0.75846857
-0.7596544
-0.7626675
-0.76568574
-0.7677877
-0.76833874
-0.7646485
-0.7635309
-0.7664451
-0.76260626
-0.76335055
-0.76960087
-0.7562858
-0.76324016
-0.7584274
-0.7739061
-0.7602814
-0.7592562
-0.75942993
-0.7592601
-0.7516926
-0.7567814
-0.75596994
-0.7586473
-0.7534252
-0.75628954
-0.7514886
-0.7573684
-0.754199
-0.7563803
-0.75496835
-0.7573507
-0.7544787
-0.75342643
-0.7585608
-0.7612369
-0.7644532
-0.75949556
-0.7635895
-0.7555488
-0.76244766
-0.75312626
-0.7549897
-0.7590048
-0.75954235
-0.76116496
-0.75744045
-0.7607505
-0.7682437
-0.76606244
-0.76302636
-0.7613331
-0.75898
-0.7609878
-0.7533484
-0.7579499
-0.7555634
-0.7650295
-0.75889647
-0.75592947
-0.75527626
-0.75571316
-0.7604046
-0.7638196
-0.7560932
-0.76057225
-0.7574188
-0.7571591
-0.7601551
-0.76335555
-0.7585757
-0.76395273
-0.76120836
-0.7613741
-0.7674175
-0.76112854
-0.76432836
-0.76350707
-0.7702544
-0.7608354
-0.75838256
-0.7660378
-0.762378
-0.77256525
-0.76378703
-0.7686698
-0.7708151
-0.7704189
-0.77492446
-0.77456266
-0.77272886
-0.7629354
-0.77194643
-0.76527286
-0.76866806
-0.77065635
-0.7721108
-0.7663203
-0.7720242
-0.7732189
-0.76606005
-0.772539
-0.77037925
-0.7684653
-0.7717264
-0.7630698
-0.77108335
-0.774292
-0.7732229
-0.7786585
-0.77333707
-0.77821195
-0.78008646
-0.7818018
-0.77688813
-0.7749006
-0.77889234
-0.7782301
-0.7777788
-0.7808402
-0.77032316
-0.7775619
-0.76754326
-0.7771249
-0.7764726
-0.77415603
-0.772212
-0.77378637
-0.77338696
-0.76890737
-0.7749297
-0.7720422
-0.7731669
-0.7740996
-0.7777446
-0.7747227
-0.7754329
-0.77662593
-0.7721034
-0.77493304
-0.77813184
-0.77120066
-0.7768779
-0.77665555
-0.76986355
-0.77402663
-0.7792227
-0.774894
-0.7766084
-0.7746242
-0.7791928
-0.780339
-0.7800167
-0.7720188
-0.7718826
-0.7747787
-0.76743317
-0.7717037
-0.7717416
-0.76618284
-0.7666415
-0.7714225
-0.7664066
-0.76646703
-0.76650286
-0.7677065
-0.76254946
-0.7593378
-0.76772356
-0.7715596
-0.76799643
-0.7659651
-0.7681545
-0.7742267
-0.77239025
-0.7758506
-0.7755135
-0.7798073
-0.77492017
-0.77661103
-0.7798279
-0.77514905
-0.77646846
-0.7729013
-0.7784333
-0.7771657
-0.7790273
-0.77483356
-0.778558
-0.77945954
-0.77042997
-0.7750905
-0.77602273
-0.77405435
-0.7740931
-0.76977086
-0.7703254
-0.7732801
-0.7752324
-0.77709997
-0.77690935
-0.7765974
-0.7779821
-0.78553003
-0.77814525
-0.779296
-0.7715109
-0.7770018
-0.7802498
-0.77298504
-0.7822544
-0.7804229
-0.77841
-0.77975684
-0.7755697
-0.7711354
-0.77309597
-0.7616703
-0.7740438
-0.7698855
-0.7749673
-0.7715465
-0.76402134
-0.764472
-0.7691662
-0.76543456
-0.76814955
-0.76079285
-0.76444036
-0.7620456
-0.76110476
-0.7632855
-0.76359475
-0.76427865
-0.7603687
-0.76763505
-0.77060175
-0.765332
-0.7636638
-0.7630802
-0.76657045
-0.76851594
-0.7723486
-0.7738955
-0.7667445
-0.7691015
-0.7746108
-0.7710019
-0.77096653
-0.77417576
-0.7702428
-0.7729794
-0.7742295
-0.77062434
-0.7663823
-0.7657748
-0.7680027
-0.76562315
-0.77443403
-0.7725167
-0.77089137
-0.76951253
-0.77056557
-0.78133327
-0.779253
-0.77014494
-0.77285236
-0.7743369
-0.7783142
-0.77803814
-0.772751
-0.7686577
-0.78275365
-0.77917415
-0.77431357
-0.775473
-0.77820015
-0.7835458
-0.7796689
-0.7778382
-0.7768505
-0.78217506
-0.7796879
-0.77813524
-0.7788798
-0.78056496
-0.7786952
-0.7800624
-0.78232926
-0.77968794
-0.78460866
-0.7828523
-0.7842756
-0.7741531
-0.7793708
-0.7767071
-0.774228
-0.78271246
-0.7823795
-0.7780276
-0.78215504
-0.78273153
-0.7803169
-0.77830523
-0.7778803
-0.7810632
-0.7779632
-0.7791149
-0.78158593
-0.7843378
-0.78137285
-0.7775993
-0.78058183
-0.7773705
-0.77502567
-0.77681094
-0.7716076
-0.7736722
-0.7796206
-0.77410907
-0.7767119
-0.7756715
-0.7756501
-0.77703875
-0.7755277
-0.76890576
-0.7748301
-0.77458453
-0.77438605
-0.7735784
-0.76865655
-0.7776203
-0.77688277
-0.772133
-0.77412945
-0.77574325
-0.7725279
-0.7714921
-0.774096
-0.7757195
-0.7701042
-0.7750634
-0.77725387
-0.7717916
-0.77176046
-0.7696176
-0.7727601
-0.77307105
-0.7752872
-0.780289
-0.7743632
-0.7721432
-0.77662784
-0.78052604
-0.7758746
-0.77724004
-0.77940863
-0.7775059
-0.78246284
-0.77605695
-0.7741799
-0.77664685
-0.77910125
-0.7794294
-0.7804251
-0.77851003
-0.78088826
-0.7778212
-0.78031474
-0.77472454
-0.7735849
-0.771227
-0.77063835
-0.7762749
-0.7780761
-0.7814511
-0.7713593
-0.77438444
-0.7783528
-0.7796101
-0.77467567
-0.77875626
-0.7775715
-0.77449024
-0.77604854
-0.7752692
-0.7668303
-0.77202445
-0.76411295
-0.7576622
-0.76150423
-0.76312464
-0.76703393
-0.76652735
-0.7708842
-0.7679692
-0.77052283
-0.7703094
-0.76801443
-0.7655949
-0.7736174
-0.76731586
-0.7718831
-0.77535236
-0.7738301
-0.7727659
-0.7735272
-0.7701051
-0.7688575
-0.77160233
-0.76822245
-0.7692793
-0.7746704
-0.7749701
-0.77361685
-0.7775605
-0.77443016
-0.7706527
-0.7710183
-0.7699886
-0.7634527
-0.7709813
-0.76919836
-0.7572564
-0.758908
-0.75669765
-0.7494786
-0.7515213
-0.7528089
-0.7565836
-0.7588965
-0.7576877
-0.7589982
-0.7631652
-0.76340514
-0.7742791
-0.7683531
-0.76984227
-0.7759101
-0.7688887
-0.76360255
-0.76344794
-0.7658897
-0.7655922
-0.7655687
-0.76514083
-0.76707804
-0.7662377
-0.76485914
-0.77622974
-0.76964694
-0.7738847
-0.77102005
-0.77230203
-0.7717997
-0.7692771
-0.7722982
-0.77199686
-0.7626901
-0.7780966
-0.76310503
-0.7723381
-0.77228576
-0.7761783
-0.7707383
-0.77249646
-0.7739857
-0.7737401
-0.76733696
-0.7701733
-0.7736197
-0.771053
-0.7715196
-0.7746441
-0.7713016
-0.77241105
-0.7755754
-0.7776986
-0.76836646
-0.77903587
-0.77824616
-0.77837086
-0.7777473
-0.78226095
-0.7784503
-0.7771081
-0.7819983
-0.7804585
-0.78199667
-0.7808189
-0.7832597
-0.7782092
-0.7787698
-0.7767461
-0.77904916
-0.77940434
-0.7820904
-0.7816834
-0.7817468
-0.7813239
-0.77968955
-0.77265465
-0.77478987
-0.7807234
-0.7769138
-0.7768251
-0.7742267
-0.7756607
-0.77324164
-0.7752232
-0.7708111
-0.7778663
-0.7765182
-0.7774258
-0.77276343
-0.77917284
-0.7710631
-0.77871484
-0.7766938
-0.7805819
-0.7758897
-0.77398723
-0.7765549
-0.7760099
-0.7830399
-0.7759286
-0.7769793
-0.7783261
-0.7717082
-0.7717149
-0.78088
-0.7806337
-0.7799902
-0.7829989
-0.77299243
-0.77266175
-0.775314
-0.772503
-0.7767892
-0.77918416
-0.7805008
-0.7783419
-0.77549714
-0.777894
-0.77908933
-0.7740162
-0.774015
-0.7742774
-0.7756652
-0.7738701
-0.77090603
-0.77427816
-0.7707286
-0.77040476
-0.767256
-0.7749037
-0.76929736
-0.7746076
-0.7805928
-0.77795064
-0.78117067
-0.7804509
-0.7750247
-0.7754467
-0.7797245
-0.776842
-0.7799243
-0.76979285
-0.7746578
-0.7748412
-0.7767818
-0.7720661
-0.76736903
-0.7676013
-0.76681876
-0.77640414
-0.77622586
-0.77969545
-0.7777715
-0.7778713
-0.7764614
-0.7733669
-0.7816983
-0.7795502
-0.78065753
-0.7793973
-0.7781457
-0.78079325
-0.7809904
-0.7825023
-0.7797021
-0.78195363
-0.7785358
-0.7788153
-0.77803713
-0.7749301
-0.7806527
-0.7754825
-0.780517
-0.7764572
-0.7780613
-0.7721481
-0.77162117
-0.7753987
-0.77847683
-0.7846376
-0.77877456
-0.77656925
-0.78289497
-0.78457093
-0.7769778
-0.7784421
-0.77458495
-0.7690991
-0.77248967
-0.77154744
-0.77386236
-0.7715719
-0.7735102
-0.7781517
-0.7719614
-0.7734708
-0.7644815
-0.77325493
-0.7717392
-0.77089214
-0.77783287
-0.77547544
-0.77532166
-0.7852676
-0.77574515
-0.7751344
-0.7797388
-0.780003
-0.7750183
-0.7726321
-0.77812237
-0.7734515
-0.7790997
-0.7801363
-0.78513336
-0.7812084
-0.77434343
-0.77623576
-0.78247106
-0.7770951
-0.78007585
-0.7838258
-0.7791364
-0.77895176
-0.7785232
-0.7747475
-0.7782276
-0.7804144
-0.7756548
-0.7754132
-0.7734583
-0.7766538
-0.77644354
-0.7755393
-0.774311
-0.7783275
-0.78088367
-0.7785329
-0.7792805
-0.7704671
-0.7783064
-0.77604145
-0.7782343
-0.779866
-0.7768765
-0.78305286
-0.7786128
-0.78289545
-0.77871466
-0.7772466
-0.77685434
-0.7784938
-0.78187895
-0.78012353
-0.77957684
-0.7766533
-0.77715355
-0.7739336
-0.78075105
-0.77242696
-0.77055854
-0.76661086
-0.7777115
-0.7703988
-0.7761182
-0.77076256
-0.772791
-0.77812475
-0.77276254
-0.77459526
-0.7766592
-0.782175
-0.77990234
-0.77757365
-0.7743732
-0.7799201
-0.77704835
-0.782163
-0.7796756
-0.7724948
-0.77900887
-0.7728134
-0.78026533
-0.77581084
-0.7786122
-0.7731829
-0.7778101
-0.78112876
-0.77697384
-0.77571464
-0.7774159
-0.77351844
-0.7788663
-0.7790425
-0.7786783
-0.77305526
-0.7698281
-0.7686343
-0.7683829
-0.76367056
-0.7661086
-0.7650043
-0.7669022
-0.7649093
-0.7684273
-0.7725519
-0.7741464
-0.7726451
-0.7695938
-0.7726722
-0.7767641
-0.76977104
-0.7803031
-0.7755963
-0.7789683
-0.7750179
-0.7800096
-0.78017485
-0.78125334
-0.78277
-0.7796429
-0.78331447
-0.780949
-0.7830742
-0.7771462
-0.77835464
-0.78024507
-0.77994853
-0.77963585
-0.78172004
-0.77767545
-0.7835712
-0.77805096
-0.7743527
-0.77606934
-0.7732435
-0.7716309
-0.76542276
-0.7724128
-0.77030903
-0.7726281
-0.7685742
-0.77178687
-0.76918036
-0.76742935
-0.7746153
-0.76706946
-0.7707199
-0.77398723
-0.7807975
-0.7730918
-0.77131355
-0.77395463
-0.7746249
-0.76991266
-0.77098215
-0.7723267
-0.7665882
-0.7720674
-0.7742162
-0.78072876
-0.7722043
-0.77864087
-0.7736147
-0.77644897
-0.7724994
-0.7741479
-0.7767525
-0.780547
-0.78623927
-0.7755996
-0.78222495
-0.77712595
-0.77661204
-0.7789302
-0.77975553
-0.7745324
-0.78045845
-0.7790202
-0.77687097
-0.7812266
-0.7783379
-0.7822315
-0.7785334
-0.7871199
-0.7833785
-0.78540593
-0.78610164
-0.78233165
-0.77888656
-0.7778993
-0.78894705
-0.7810187
-0.77361125
-0.7798046
-0.78563035
-0.7838178
-0.78375155
-0.7797895
-0.7854774
-0.7837271
-0.7796169
-0.7829452
-0.7836311
-0.7817561
-0.78188914
-0.780926
-0.77635515
-0.77919656
-0.7806948
-0.7813228
-0.77522653
-0.7757697
-0.7722566
-0.7804757
-0.77422583
