278.975679719488
310.02357979821227
340.24227206874525
371.7325797727553
402.20471221397713
423.9777150839662
419.54410600617445
409.0945244030447
402.0572036136848
198.00343935351106
218.29262587560424
246.9342560972967
277.5187352137941
309.9749254495061
344.0602649190365
378.66723810543806
394.6526517279832
385.355673130003
371.3070149528322
361.37154128148586
358.8379113509463
369.0247331325395
397.86918866587354
169.87173130692202
168.24102645116292
174.978842870635
190.4397555053116
214.44157836328336
245.3517469442722
279.3994956896607
316.37312637687853
350.33438873742244
356.1351430915543
336.9578451728003
322.42205423072284
317.4264143196499
326.17183467586773
353.88998008080546
406.6745627903724
461.9747127140089
176.54400450579095
159.86843811887164
155.0264976495827
157.93000636005388
165.94624708635513
184.64843758332538
214.13055485512987
246.66395943824375
275.4984739860514
294.50176339913764
297.0366573762382
281.38662189067753
275.2252661188031
283.34301510905874
313.0083109556867
364.9934698283819
423.7263208360167
473.7535302500712
520.770885885662
194.55638736724046
171.9212243456389
153.6907216492937
142.59475583719518
143.71293779870555
150.02604226607139
158.4626278728641
173.0736589886395
188.6062118011819
206.16643112369863
221.44914285955858
234.16298505037315
231.02088678690814
243.21937209365365
277.1771692611296
324.87879288197945
382.7506047656884
433.616278316051
482.75679030523236
530.9549350377023
577.6620393965935
235.55422849260418
198.7482091069722
170.92967764416193
148.5939634693729
131.87537454009635
125.30545207959032
125.11530612830308
124.78011681978559
123.63286645704444
125.83192426953762
137.4349784811522
154.7090972330435
182.05654960341167
209.6917569544806
244.5226076782081
289.12659025423267
341.6279767834681
391.1210892377289
441.1723742349693
492.22287366643593
542.4350619979948
589.4094700106289
630.3391216328922
248.73304806401785
213.3548760882344
174.39225966762615
143.18079066819706
118.9504181188362
99.76186613238683
92.45171905720211
88.76942066182141
82.64806704653422
82.81714858713771
94.16478736283324
120.75750557223958
163.51960290500512
208.92812459464312
251.54988155046843
300.2906896813399
347.60337272439284
398.3236241502043
450.33429699305697
503.4554532867309
553.9837257016313
598.962471171303
630.7170251722567
633.0870621342171
263.16335124947665
240.32502230062934
214.29420656548555
181.40353578736747
137.61554902644914
102.25517131897406
82.03254855540706
71.30740262621629
62.84875556506009
57.14508265894641
58.1200109966846
74.93934513326434
109.16605532138666
154.75818519436476
202.1671258662386
252.31955592035268
299.2888710161566
351.78759968300363
405.95842043736343
460.08525078212307
514.4372617048986
562.4907178417668
596.1032717890886
604.2897250661699
582.2750448351115
250.3441624171952
225.89135425197162
198.61586692563515
168.43242938281443
135.77505130555141
100.0353940841196
71.21803228905932
56.4090416108414
45.3369991670273
37.758132228161735
41.12876301415374
58.17355708936294
94.35700302495422
141.29391641680158
188.16318764964842
241.7825066707461
294.86611892537167
350.78941668076527
409.34903017632837
467.4822070810439
520.689161536929
557.769047012837
569.5473815068505
547.6883817848523
535.475255521896
542.1625590301165
269.19755144501966
238.1765190941109
209.1137975915905
181.0674370401064
151.5992427445106
120.8312873238735
92.10645637500805
70.97642072289788
49.72182194648179
30.706217837871044
20.219117117324096
28.106286092236974
42.579560505212086
75.76051874365658
121.9008051530958
171.78957530301435
230.1714816550018
290.0665778927282
348.25601213568734
407.94218098541734
465.660355427112
510.38515754998195
532.148316424631
514.8749779378703
500.06186385578116
508.7008752589579
527.4754678553846
268.911788409883
234.5360683760217
200.55171762532765
168.4836608960329
137.71929019387298
106.05689835632802
79.93260469602892
61.89903652490048
44.482545393659386
26.608347701708198
11.52101541413095
14.65815299128376
28.01148982181976
59.114089749134415
102.15091341335666
154.28314848997212
219.4586886988151
284.45245070062055
345.13851043793534
399.2981951622483
442.9255000333209
473.9102718366176
477.57036655672937
464.22372588909934
474.22273660339937
492.153503592767
516.4672233133512
278.21485951214476
241.92163312750043
205.51221460800298
168.2385450726551
132.3548403127273
98.27378925698744
73.55187380887395
50.79511183363806
36.47456786097904
22.87593085196225
10.915534541130944
5.729149348650134
16.42975307600633
45.59582224955424
84.8557675267822
138.6192750711836
207.58075265015367
277.01252073578354
332.59065878224044
371.701148412492
403.97330975604535
426.3444508420546
423.63014554826077
433.61151830557145
456.1995004568724
484.60691107971513
513.2717296156787
296.8406867812734
259.3429418408051
222.2152501778998
183.65218131957613
144.28311327581721
108.28547288413499
77.74239995132116
49.180459624303474
27.109732183229912
16.301904582596343
8.861414897246707
5.640685749038831
9.101543653932659
31.034810904441837
71.29957474441647
128.89217237361072
198.51912879259953
263.24836883344057
307.20726624399833
343.65580052483745
374.4926724870552
386.45817814243827
399.93662728917093
418.6729285325988
443.3882804489912
474.01366770755925
504.5084448627789
321.8778210118305
284.6273852097531
247.96868190895074
211.21299259151905
170.1268594853967
133.99620542568164
99.34310752167082
65.58013612243427
38.19734815917256
13.991790542553632
6.476914713693153
4.198171413974125
7.531379498360033
20.764465208284513
63.33388383109389
125.94686618440417
192.9371068649389
246.08510586559456
295.7517269360859
339.2601076937078
368.136457700321
380.5961132261215
392.2853552621608
410.68247419912973
435.7861769038291
459.3100877055297
475.6393130388417
347.95541742599903
314.31869218737194
279.26448269158703
242.47310890146977
201.65005900079962
169.33948076331802
135.0471483130672
100.31977383400212
67.07584253353845
33.414403015810805
3.192588758019578
2.6543750043442134
4.399239745843588
16.671658738996104
57.469982554242485
122.45217600649697
182.1978706144007
247.36897903956907
303.2220271723771
351.7398053897886
379.41468686256576
390.4570183570047
395.5293923093891
399.7155260987294
406.6748794743777
418.6812876820027
436.78050933747465
363.3522866714796
339.42733348945603
306.96976686526864
270.1589308988155
240.42058318809583
208.7138055036435
176.03465551297086
143.07844684904802
109.01222262533986
69.96737643226994
26.477017378703756
4.048630086123891
5.731779489256982
26.806669999965777
62.80910957379443
112.55183217719959
182.4949072256125
255.99452293061773
309.8514159280843
344.20882482415846
367.57496092704974
380.89964372297493
370.4357887963728
360.8705713573734
363.1265841520328
377.7035537226607
398.79693482943026
378.0127811054119
354.1810614403169
327.1759718833297
296.03507825556795
273.8651366214824
250.08570498744962
220.94597202450012
190.98542373927512
158.20634444470912
114.98795251235411
68.84078670957395
35.552650215463906
36.32133630583612
51.730853587230975
68.02124612403813
101.34804171419827
166.02857169754512
221.49622151176536
268.11885828736774
304.3210740156189
329.5495023831386
338.40421626579746
330.3198320775997
321.56764143699047
322.42023951042813
340.01680171147007
366.18761269218345
393.0928215043173
367.1371809324811
342.58350657925314
323.8761414315892
305.8179747559395
286.29917755285584
264.66001817277777
239.52122385554296
209.32394363656397
167.06204677632152
117.09773527501295
81.01486917394016
81.48321360721334
90.45167109834408
68.94428539043354
72.41841934055138
107.30928736098859
149.75414181662953
188.72855994836118
223.76713164705376
254.47138481658573
278.3640216768188
291.7976505565094
288.7509537013457
292.08761126336714
309.83059560978796
341.56669040631385
381.5669723744518
359.76766378986014
346.6239823800952
335.9804628275521
321.14638732628106
304.77617041311487
282.95596949228246
258.6540387379749
219.89805597293656
171.83139842390753
136.74337281766927
130.50380869797777
139.43835604429705
114.93234963156637
106.5144432132131
121.85377023870016
143.7313385417844
169.90474358030465
198.87246448791726
228.03699729543527
258.12659926913096
286.2601435327793
298.2682133869219
300.0630845574834
309.68926553499495
337.9704190122267
397.9077155932692
380.6115477713453
370.3606414690092
362.19540677667663
354.52802113394966
340.03592836205877
322.43543341144886
301.5195623686823
269.0603074401142
229.38461702601305
203.97812038891513
202.56747345824803
219.63187556454494
217.3990071302969
208.57188557466463
214.30005785778485
232.22799485707625
252.68576730609766
275.1287046069808
297.4045268288688
321.6352586390238
347.44417779281474
370.3267942457624
367.9709358877202
361.8851313653933
403.8155980398912
395.6725992297853
388.59014532153134
381.02087838815584
373.6077034677545
360.0463031615586
342.40494234206994
318.9442906031425
296.61204236361004
289.71774410944835
301.5829648694224
324.6907011466932
340.0770317985718
334.5336844938395
331.27492360938413
341.66511019541895
362.66433302604764
381.7480404148307
401.2705593955998
418.9455362930422
435.2359094024389
453.17280455868104
464.60988794372366
450.2392784968224
426.62850966100683
423.8825219307569
420.9380370042012
414.66403405011727
408.52376724281436
402.0139133172855
391.5348086514102
383.4737017662633
373.56192711943953
377.1933327953732
395.9881736990982
422.17147304027037
445.0817322948938
456.21062134566694
452.83566147664595
454.1718887213892
463.5550108398682
476.2988607282612
488.1202113673919
500.60578602441024
512.3671716123104
525.6521883091388
539.9854008926753
450.5418470778681
451.2628596708816
449.7195925923276
449.14757359231066
446.76213806094404
448.8672108277799
451.48125227380126
453.6272666861161
461.92954219275816
480.074225507672
498.4486058696997
520.4801980472539
541.7727604950859
546.6751816373329
545.0232919306068
546.2195809041234
553.6820148851959
562.4363790681647
570.8489904658734
579.9383523233226
590.1635795644365
479.82900358797286
484.0138402362346
488.44542353431694
494.2126057069139
507.48657087258454
520.6135633319099
531.9948025278931
542.6144892525907
553.7838765467509
568.2405209344976
588.3242034802801
610.8349572195092
627.5354379461187
626.8265693275416
623.0206017263837
623.4745812873814
629.2778108216432
638.1845396750585
647.3286812269519
515.0715828428799
522.8003697744072
538.3232481458267
558.8270681212035
579.8118172718526
602.0373362584993
613.7643623494058
621.5832324102107
633.2093672401842
649.1707943386637
668.0391742791921
685.7494254947856
695.6686550028385
694.9510546527088
692.0312811130832
694.154872245888
701.0978442642659
580.4772192716076
601.4363565522029
625.1451019048145
649.0038452093639
668.6308627105543
680.447041318869
690.1669826496519
703.1035876922002
720.5016177547136
737.9646705107058
752.5889041797178
757.235700420239
759.2742137393291
659.4194018597802
679.4517115691806
698.0366031364073
717.2658072307864
734.8841074543442
750.5917054898943
767.8795014181477
784.5807092875814
800.0157385965773
