-0.78457195
-0.63694835
-0.7592366
-0.7615934
-0.74489236
-0.74371123
-0.766365
-0.7817612
-0.7867545
-0.79282033
-0.7964482
-0.7847922
-0.7887273
-0.7928607
-0.8035357
-0.8100068
-0.80407524
-0.80212164
-0.8063882
-0.80227077
-0.8094081
-0.8078068
-0.81796867
-0.8078776
-0.8149417
-0.81645983
-0.82340086
-0.8152592
-0.80983824
-0.8208027
-0.82389736
-0.83045596
-0.8214046
-0.82411695
-0.8313208
-0.8313641
-0.8332735
-0.8252485
-0.8308848
-0.8335199
-0.82821
-0.8318233
-0.83664477
-0.8273169
-0.83632004
-0.8332824
-0.8348054
-0.83372784
-0.84168637
-0.8428039
-0.8329268
-0.83402705
-0.8382298
-0.83921283
-0.84629303
-0.83710307
-0.8391916
-0.844584
-0.83829004
-0.84177333
-0.84170365
-0.84547216
-0.840855
-0.83998144
-0.8399994
-0.8515249
-0.84703845
-0.8389596
-0.8542375
-0.84395736
-0.8450857
-0.8490682
-0.845837
-0.84612167
-0.8503704
-0.85341454
-0.8478799
-0.8455959
-0.84786034
-0.85299116
-0.85205764
-0.8519459
-0.8439292
-0.8561738
-0.8516069
-0.8612895
-0.8556159
-0.85471135
-0.8588187
-0.8584589
-0.8542324
-0.8613356
-0.85962933
-0.85993046
-0.8644107
-0.8656619
-0.8674715
-0.86967576
-0.8650356
-0.87151134
-0.87220645
-0.8721086
-0.8738004
-0.87067044
-0.8717098
-0.876951
-0.87921315
-0.873828
-0.8822991
-0.8674337
-0.8698066
-0.86885804
-0.87732875
-0.871976
-0.8701706
-0.8701974
-0.87095356
-0.8654559
-0.879495
-0.8787458
-0.8688349
-0.87440175
-0.88053185
-0.8786776
-0.8810897
-0.8838251
-0.88573265
-0.88188696
-0.87819725
-0.883799
-0.8828254
-0.88037837
-0.87641704
-0.8823157
-0.8844837
-0.882108
-0.8873005
-0.88441837
-0.8796996
-0.87871796
-0.8845037
-0.87308687
-0.8855388
-0.8738911
-0.8865683
-0.88879466
-0.883849
-0.88247645
-0.8866827
-0.8793586
-0.8783267
-0.87747294
-0.8850939
-0.8794237
-0.8852544
-0.8722239
-0.88738024
-0.8840233
-0.8766755
-0.8781245
-0.8847729
-0.8737859
-0.88894176
-0.87544
-0.8800434
-0.88994884
-0.8645946
-0.86708593
-0.8763395
-0.87281364
-0.8795374
-0.8830235
-0.89043444
-0.8854142
-0.8911939
-0.89460754
-0.89387214
-0.89157736
-0.8967254
-0.8806783
-0.89054585
-0.8893322
-0.8833667
-0.8816498
-0.89000297
-0.89735115
-0.89167136
-0.8960823
-0.88414055
-0.8896117
-0.8757625
-0.8862555
-0.8834385
-0.87498796
-0.877702
-0.8846088
-0.86915225
-0.8879605
-0.8839558
-0.88067603
-0.88656193
-0.8938994
-0.8900748
-0.8945616
-0.8921058
-0.8901314
-0.88748384
-0.88693094
-0.88356835
-0.8919395
-0.89197206
-0.8999359
-0.8952796
-0.8953062
-0.89666826
-0.89384484
-0.8914756
-0.89402926
-0.89130956
-0.8944672
-0.896721
-0.8913209
-0.89637697
-0.8972915
-0.8959252
-0.8958595
-0.8915221
-0.8960852
-0.89656603
-0.8968233
-0.89605266
-0.90040785
-0.9004652
-0.9038155
-0.90509933
-0.9052473
-0.9019658
-0.8994014
-0.90347576
-0.9007146
-0.89956367
-0.9070914
-0.90500623
-0.9032761
-0.9060954
-0.90641934
-0.9099768
-0.91133213
-0.9008895
-0.9066671
-0.905518
-0.9050363
-0.90406203
-0.9079254
-0.9137503
-0.9057988
-0.909994
-0.90926623
-0.90396863
-0.90069526
-0.9040812
-0.90023017
-0.89682096
-0.8955856
-0.9009307
-0.8997461
-0.9060325
-0.9065028
-0.90243757
-0.901163
-0.9034939
-0.9110584
-0.9105637
-0.9040071
-0.9157711
-0.8780811
-0.8976928
-0.87664825
-0.8698888
-0.8805531
-0.8759742
-0.86884046
-0.8781015
-0.89791584
-0.8988735
-0.8924546
-0.89962465
-0.9088556
-0.90621006
-0.855875
-0.90859544
-0.8991861
-0.90869963
-0.9052974
-0.9053858
-0.9021116
-0.9042284
-0.9055847
-0.8992229
-0.90376186
-0.9002616
-0.8836238
-0.8957786
-0.8988768
-0.90315396
-0.9014092
-0.899542
-0.89624023
-0.89786935
-0.90157866
-0.9055752
-0.903293
-0.8941613
-0.9005801
-0.9015012
-0.9041352
-0.90126324
-0.9027174
-0.90302867
-0.90591687
-0.9011289
-0.90428096
-0.8978889
-0.90456116
-0.9069461
-0.90570974
-0.90134907
-0.9086266
-0.91177875
-0.9066751
-0.90646565
-0.91165704
-0.9119351
-0.911312
-0.9109701
-0.9106079
-0.9086327
-0.90908897
-0.91553265
-0.9169666
-0.9155387
-0.9174356
-0.91158926
-0.86869025
-0.9030691
-0.9036231
-0.9107059
-0.8898673
-0.91601837
-0.906163
-0.8923254
-0.88637614
-0.8833616
-0.87853146
-0.87732506
-0.87177896
-0.8744728
-0.8869404
-0.88868034
-0.89520717
-0.8955952
-0.8974042
-0.89473623
-0.88971716
-0.90117884
-0.9094863
-0.88883466
-0.902376
-0.9032291
-0.8920993
-0.8939172
-0.892751
-0.89574194
-0.8909893
-0.8986837
-0.8990214
-0.90451044
-0.9060717
-0.9075545
-0.9062224
-0.9061115
-0.91126543
-0.91660744
-0.9208224
-0.89247376
-0.905891
-0.8939526
-0.8902253
-0.8908976
-0.87868375
-0.8742917
-0.8764442
-0.8906652
-0.8985129
-0.9016246
-0.9036623
-0.90606207
-0.906964
-0.8972144
-0.9054873
-0.9117219
-0.9167038
-0.9138799
-0.9050563
-0.9072005
-0.9138609
-0.9160999
-0.9066667
-0.9053087
-0.9109646
-0.9156581
-0.9087892
-0.9057733
-0.9104555
-0.9181547
-0.9170763
-0.92072874
-0.91471285
-0.9203699
-0.92158085
-0.91805285
-0.91979265
-0.921635
-0.925812
-0.925787
-0.91972166
-0.91335315
-0.9110315
-0.9146495
-0.9142957
-0.912736
-0.90605146
-0.9071796
-0.912909
-0.918069
-0.91762793
-0.91233104
-0.91010684
-0.91561645
-0.9203434
-0.9227229
-0.8733784
-0.9241077
-0.89645845
-0.90515053
-0.9044013
-0.89771765
-0.89514565
-0.90660006
-0.9036025
-0.9015974
-0.90513945
-0.9106615
-0.9066733
-0.90411687
-0.91089034
-0.9121656
-0.9174507
-0.9149609
-0.911862
-0.9162483
-0.91902167
-0.919363
-0.9135177
-0.9200503
-0.9124625
-0.9004807
-0.9106347
-0.9108934
-0.9126274
-0.90839314
-0.90829986
-0.90451586
-0.90901935
-0.91062325
-0.91575694
-0.91206723
-0.9124654
-0.9138633
-0.91806406
-0.92061037
-0.9200762
-0.9232016
-0.92396545
-0.88717765
-0.9139897
-0.9018958
-0.8954185
-0.89736396
-0.8996372
-0.8983129
-0.8949076
-0.8887329
-0.89907825
-0.90840864
-0.91465575
-0.9158139
-0.9158114
-0.9117121
-0.91190976
-0.9152848
-0.9158592
-0.9166431
-0.9161927
-0.9186615
-0.9160275
-0.91607815
-0.913142
-0.9169084
-0.91794705
-0.9205035
-0.91906345
-0.92004895
-0.9167596
-0.91752315
-0.921868
-0.9188132
-0.92536956
-0.9184446
-0.9236309
-0.92271996
-0.9218239
-0.9236588
-0.9225728
-0.9217303
-0.91996723
-0.9198275
-0.9198913
-0.9219912
-0.9183034
-0.9141785
-0.9150598
-0.919034
-0.91871554
-0.9154139
-0.9184247
-0.91404945
-0.9177775
-0.91875744
-0.9227392
-0.9213265
-0.92022765
-0.91835064
-0.91825247
-0.920137
-0.9193765
-0.9203539
-0.9217201
-0.92190224
-0.9216131
-0.92272055
-0.921955
-0.9180784
-0.91509604
-0.8917442
-0.8740894
-0.8673674
-0.8646939
-0.8646527
-0.8618471
-0.8550605
-0.85714304
-0.8695256
-0.8782355
-0.88539624
-0.878555
-0.8929556
-0.8957467
-0.9042477
-0.9057218
-0.9076387
-0.9073389
-0.9096685
-0.87625223
-0.9104346
-0.9113958
-0.8989818
-0.89881057
-0.897747
-0.90200955
-0.90626353
-0.9089373
-0.9084088
-0.9100639
-0.9077865
-0.9093924
-0.90403074
-0.91007954
-0.9139494
-0.91211855
-0.90863556
-0.9139837
-0.91937846
-0.9185359
-0.91560394
-0.91146016
-0.9144402
-0.9247119
-0.90669566
-0.92014754
-0.9219317
-0.9203764
-0.9213862
-0.9206153
-0.9219943
-0.9171265
-0.9169552
-0.91729265
-0.9190568
-0.92211676
-0.9261072
-0.92173207
-0.9235329
-0.92214316
-0.92125267
-0.9205586
-0.9195412
-0.9217605
-0.924808
-0.9245071
-0.92488873
-0.9242273
-0.9250364
-0.92593753
-0.92802495
-0.9237501
-0.92594486
-0.9247981
-0.9258324
-0.92776316
-0.92560875
-0.9237289
-0.92774785
-0.9279216
-0.9246167
-0.92459744
-0.92392284
-0.92843425
-0.92961
-0.92493767
-0.9308301
-0.9280309
-0.92536724
-0.92794704
-0.9225183
-0.9265707
-0.9245416
-0.9239858
-0.9242833
-0.9243104
-0.9300127
-0.925337
-0.92242986
-0.91794086
-0.9164168
-0.91874546
-0.9205093
-0.9104245
-0.910479
-0.9142846
-0.9174599
-0.91715896
-0.91999614
-0.9174938
-0.91763157
-0.91977495
-0.9179145
-0.92576474
-0.9238907
-0.918998
-0.9216679
-0.92338306
-0.9220549
-0.92081165
-0.9167966
-0.91813767
-0.9230362
-0.91597116
-0.90638256
-0.8846836
-0.87991667
-0.87215394
-0.8634373
-0.87114674
-0.8561423
-0.86384374
-0.8705965
-0.88488835
-0.89912087
-0.9087397
-0.9064165
-0.90493804
-0.91297656
-0.9108043
-0.9133367
-0.8836733
-0.92153996
-0.91277665
-0.91167617
-0.9117961
-0.9169831
-0.91666245
-0.9119055
-0.9143686
-0.91691667
-0.9172461
-0.92057633
-0.9218264
-0.9225789
-0.92410904
-0.92345434
-0.925999
-0.92552483
-0.9262031
-0.92309743
-0.9233555
-0.92502373
-0.9216097
-0.9163582
-0.9196307
-0.89494807
-0.8996929
-0.8951849
-0.88002336
-0.8784003
-0.8788935
-0.8852992
-0.8828678
-0.8833042
-0.89268756
-0.89564955
-0.9077936
-0.9078586
-0.91116375
-0.9073766
-0.9094867
-0.911265
-0.8875703
-0.91680986
-0.91120034
-0.9167762
-0.91793233
-0.91973805
-0.9166788
-0.91182345
-0.9159636
-0.91573066
-0.91512907
-0.9162133
-0.92066604
-0.9215352
-0.9183222
-0.92125165
-0.9196502
-0.91892034
-0.9208778
-0.9189258
-0.9223333
-0.92294174
-0.91980976
-0.92152953
-0.9249117
-0.90346724
-0.9235151
-0.9210424
-0.9158316
-0.90882397
-0.91147226
-0.9077043
-0.90799487
-0.9109971
-0.9124968
-0.91576904
-0.9144477
-0.9119051
-0.9113981
-0.9147907
-0.9187052
-0.9177332
-0.9204664
-0.91665554
-0.9158258
-0.9227495
-0.9202947
-0.9237217
-0.9253686
-0.9212919
-0.92403364
-0.9244382
-0.9250898
-0.9252118
-0.92384917
-0.92547756
-0.92872345
-0.92929405
-0.9275018
-0.9266251
-0.9277358
-0.92566085
-0.92793804
-0.92806613
-0.92829853
-0.9263729
-0.9293148
-0.92923903
-0.9279425
-0.9234744
-0.923582
-0.9213985
-0.92546797
-0.9260255
-0.92291784
-0.92708534
-0.92361665
-0.92420304
-0.9281528
-0.92509675
-0.92908955
-0.92634815
-0.92949927
-0.9282678
-0.9232721
-0.9266678
-0.92383415
-0.92598546
-0.92769253
-0.92709434
-0.92591494
-0.9259607
-0.9265641
-0.9260692
-0.9262866
-0.92529273
-0.92715424
-0.9243399
-0.9286612
-0.9263053
-0.9266654
-0.93035823
-0.93050677
-0.93049145
-0.92916137
-0.92651874
-0.9331195
-0.9300444
-0.9285477
-0.9297261
-0.93032205
-0.9277702
-0.9276014
-0.93040925
-0.9287187
-0.92998147
-0.927938
-0.9276366
-0.9250659
-0.92204046
-0.9253013
-0.9296177
-0.922652
-0.9230499
-0.92717606
-0.93076146
-0.925065
-0.9225379
-0.92187023
-0.9240767
-0.9265211
-0.92917204
-0.92842084
-0.93130785
-0.92959106
-0.9284763
-0.9270255
-0.9292505
-0.9278492
-0.9275609
-0.92975545
-0.9267359
-0.9249036
-0.92417645
-0.9249729
-0.9214785
-0.92555434
-0.92613405
-0.9273469
-0.9286595
-0.9223221
-0.92565143
-0.9261712
-0.92376196
-0.9278986
-0.92910767
-0.9260133
-0.9299759
-0.92906064
-0.9287296
-0.9296684
-0.92668384
-0.9290901
-0.9303455
-0.92923343
-0.9279856
-0.9271047
-0.9279107
-0.92893887
-0.92925775
-0.9278371
-0.93224883
-0.9307212
-0.93007386
-0.9313623
-0.9273823
-0.93030906
-0.9274279
-0.9319528
-0.93045235
-0.9306132
-0.9306466
-0.9292552
-0.9287356
-0.93092287
-0.9322737
-0.93154126
-0.93074554
-0.9262723
-0.93008
-0.9289515
-0.9305891
-0.9306507
-0.92959267
-0.929792
-0.9291918
-0.92984974
-0.93033284
-0.93088895
-0.93337816
-0.93274015
-0.9335999
-0.93134665
-0.9314976
-0.9345465
-0.93153775
-0.9349059
-0.9327251
-0.9307797
-0.9309364
-0.9311749
-0.93196976
-0.93168557
-0.9307886
-0.93371856
-0.9325431
-0.9318434
-0.9322759
-0.93460625
-0.93161577
-0.9320874
-0.9322425
-0.9314768
-0.9338433
-0.9323206
-0.9332934
-0.931366
-0.9332162
-0.9350334
-0.9331181
-0.9339192
-0.9332377
-0.935051
-0.9342374
-0.9339226
-0.9337955
-0.9336079
-0.93048614
-0.9320158
-0.9342302
-0.93426615
-0.93445194
-0.9351012
-0.9285822
-0.9283243
-0.9289671
-0.9332051
-0.93504745
-0.93108267
-0.9334733
-0.9328991
-0.9312297
-0.934583
-0.9333708
-0.93199974
-0.9323995
-0.9343823
-0.9331744
-0.9330339
-0.93522
-0.9340359
-0.9323248
-0.9327853
-0.9342886
-0.9317785
-0.93138885
-0.9322999
-0.93193316
-0.9288519
-0.9332073
-0.93316686
-0.932599
-0.93290085
-0.9365149
-0.93336624
-0.93586934
-0.9345374
-0.9329334
-0.9348574
-0.933649
-0.93356246
-0.9328703
-0.93170583
-0.9327796
-0.93350357
-0.934266
-0.9319078
-0.93070096
-0.9351206
-0.9354499
-0.9334031
-0.93370277
-0.93457776
-0.9307769
-0.93100286
-0.9278513
-0.93129265
-0.93303925
-0.93256646
-0.9330234
-0.9336292
-0.92763466
-0.930297
-0.93261045
-0.9299442
-0.9253826
-0.9258327
-0.9286555
-0.9313714
-0.93037057
-0.9332891
-0.9252911
-0.92941475
-0.92819744
-0.92585194
-0.9312331
-0.9282311
-0.9294755
-0.92972773
-0.9287103
-0.93185675
-0.93240047
-0.9318963
-0.93163747
-0.9300737
-0.9307603
-0.93411744
-0.93233925
-0.9319132
-0.9214297
-0.9144608
-0.90777445
-0.9110678
-0.9082952
-0.9082337
-0.9008995
-0.8927921
-0.9036694
-0.91011983
-0.9104794
-0.916638
-0.9242409
-0.9231955
-0.9220559
-0.91357255
-0.92340016
-0.92406034
-0.92571735
-0.9294226
-0.9295885
-0.9294639
-0.928639
-0.9261733
-0.92727584
-0.93097645
-0.930195
-0.93073803
-0.9333275
-0.9291892
-0.9317425
-0.9340223
-0.9313873
-0.9331394
-0.9323906
-0.93303573
-0.93313444
-0.9340039
-0.93318
-0.9339427
-0.9329356
-0.9324755
-0.9342044
-0.9346155
-0.93229175
-0.93278635
-0.93424654
-0.9344909
-0.9320505
-0.9351081
-0.9331284
-0.93201697
-0.93288803
-0.9346112
-0.93483883
-0.936612
-0.9329564
-0.93270475
-0.9350227
-0.93539745
-0.9324646
-0.93342423
-0.93318105
-0.9338139
-0.93239266
-0.93210906
-0.93229705
-0.9325548
-0.93458045
-0.9322132
-0.9347214
-0.92985034
-0.9301635
-0.93095124
-0.9308432
-0.9335443
-0.9317188
-0.93211704
-0.93166906
-0.9332947
-0.93235
-0.9319176
-0.9300361
-0.9328123
-0.9356859
-0.93417895
-0.9314494
-0.93228817
-0.93368036
-0.9349977
-0.9317201
-0.9327671
-0.93010515
-0.933332
-0.93157953
-0.9340886
-0.932121
-0.9329675
-0.93295306
-0.9323656
-0.93300104
-0.9315028
-0.93269277
-0.9357024
-0.9332855
-0.9334055
-0.93346626
-0.9343593
-0.933051
-0.9324896
-0.9359723
-0.9324439
-0.93472284
-0.9329661
-0.93523145
-0.9314625
-0.9343776
-0.9344627
-0.93517685
-0.935404
-0.93115693
-0.9262958
-0.9313603
-0.9271217
-0.9280304
-0.9300784
-0.923966
-0.92067415
-0.9184326
-0.919758
-0.925512
-0.926737
-0.9241489
-0.92459434
-0.92876256
-0.93173254
-0.9308425
-0.92989904
-0.93219143
-0.93192834
-0.9342445
-0.93080217
-0.93345153
-0.93121934
-0.9329368
-0.93551415
-0.9364235
-0.93462753
-0.93443614
-0.9346167
-0.9345159
-0.93261653
-0.93086314
-0.93233293
-0.92909014
-0.9297963
-0.9300111
-0.9300848
-0.92495984
-0.9251341
-0.92563707
-0.92250186
-0.92413795
-0.92633724
-0.92998564
-0.9308864
-0.92813176
-0.9292687
-0.92754745
-0.9247626
-0.92680454
-0.92918956
-0.9277331
-0.9301429
-0.93204445
-0.93054587
-0.92841864
-0.9320429
-0.9275955
-0.92371213
-0.9180335
-0.92194194
-0.9257059
-0.92556477
-0.92364466
-0.9276027
-0.9312044
-0.92893606
-0.9310984
-0.93087316
-0.9298156
-0.92791885
-0.9137147
-0.9243057
-0.9152831
-0.9085675
-0.90885174
-0.9030462
-0.90256065
-0.9052488
-0.9092902
-0.9199834
-0.9217304
-0.919543
-0.91733116
-0.91861373
-0.92058355
-0.93104213
-0.9297273
-0.9254235
-0.92702365
-0.9280482
-0.9306508
-0.93024814
-0.9327234
-0.9313615
-0.9294608
-0.9306238
-0.9311741
-0.9301204
-0.9314006
-0.92708457
-0.9289302
-0.93033177
-0.931458
-0.934737
-0.9349614
-0.93347245
-0.9321161
-0.93277824
-0.9315622
-0.9326139
-0.93272173
-0.9315344
-0.93155783
-0.9310607
-0.9331908
-0.9329718
-0.9291302
-0.9344681
-0.9132865
-0.93007344
-0.91786724
-0.91659373
-0.9158642
-0.91623574
-0.9120233
-0.9051911
-0.91065013
-0.9165384
-0.92256314
-0.9228395
-0.9216075
-0.9245393
-0.9256047
-0.9286552
-0.92763895
-0.9241718
-0.9239677
-0.92653155
-0.9259478
-0.92399985
-0.9165281
-0.91004145
-0.91741216
-0.9094965
-0.90881246
-0.90981895
-0.9133869
-0.9185817
-0.920842
-0.92098945
-0.92162484
-0.91834956
-0.92320794
-0.9230305
-0.92364186
-0.9249587
-0.9274389
-0.9261968
-0.9320895
-0.9334068
-0.93241036
-0.92724234
-0.92853796
-0.926852
-0.93120646
-0.9269128
-0.9256304
-0.9270329
-0.9283207
-0.9306844
-0.93230385
-0.9309177
-0.9295858
-0.93216896
-0.93085253
-0.93269736
-0.93520516
-0.933245
-0.9292375
-0.92650837
-0.92535806
-0.9230415
-0.9253022
-0.92072505
-0.92771083
-0.9273584
-0.9269156
-0.9287511
-0.9336455
-0.9300642
-0.93047345
-0.925992
-0.9284722
-0.9304961
-0.9288383
-0.9270632
-0.927908
-0.92563486
-0.92679405
-0.924999
-0.9281548
-0.92851293
-0.929436
-0.92833376
-0.9295739
-0.9335908
-0.92998457
-0.93120164
-0.9291356
-0.92817223
-0.93031365
-0.9323852
-0.9347197
-0.93490326
-0.92903477
-0.9149368
-0.90884036
-0.90265214
-0.894603
-0.88273656
-0.8788574
-0.8709152
-0.87476975
-0.88074154
-0.8778582
-0.8793634
-0.8863851
-0.8865531
-0.8902043
-0.89879656
-0.9077844
-0.9134441
-0.9131479
-0.9132704
-0.9159457
-0.9229319
-0.9281971
-0.9240162
-0.9250743
-0.9203806
-0.92538375
-0.9310802
-0.92432094
-0.9295618
-0.9244741
-0.93067664
-0.930311
-0.93217707
-0.9316111
-0.9302858
-0.9325745
-0.9324763
-0.93236053
-0.9311645
-0.929978
-0.93129385
-0.9341899
-0.9355904
-0.9334967
-0.9316873
-0.93350405
-0.93218654
-0.9325654
-0.9340199
-0.9315167
-0.93191665
-0.9319155
-0.93418306
-0.933765
-0.93579227
-0.93381155
-0.9297851
-0.93529564
-0.9359065
-0.9346421
-0.9288501
-0.93265724
-0.92813814
-0.93292195
-0.93413645
-0.93365204
-0.9281511
-0.93016714
-0.93084764
-0.9292029
-0.9328569
-0.9314086
-0.9324494
-0.93403393
-0.93398136
-0.93291223
-0.9296945
-0.9316077
-0.93155015
-0.9347925
-0.93115395
-0.93470365
-0.93219453
-0.9366803
-0.93551266
-0.93358
-0.9344441
-0.9353226
-0.93161756
-0.9335204
-0.9329825
-0.9357709
-0.93481934
-0.9341944
-0.9349865
-0.93713975
-0.93532354
-0.9364781
-0.9356712
-0.9374842
-0.9354548
-0.9347546
-0.9366337
-0.9376062
-0.938406
-0.93834555
-0.9357265
-0.9357532
-0.9360136
-0.93455106
-0.93511134
-0.9320723
-0.9360647
-0.9360005
-0.9350114
-0.9326357
-0.9368724
-0.9323863
-0.9336566
-0.93587106
-0.93659765
-0.9360455
-0.93512744
-0.93725455
-0.9350563
-0.9335539
-0.9355754
-0.9368517
-0.9350835
-0.93409336
-0.93630064
-0.938624
-0.9349838
-0.93310994
-0.93282664
-0.9321935
-0.9339298
-0.9354674
-0.93326986
-0.9352452
-0.9347336
-0.934324
-0.93543893
-0.9306109
-0.93104446
-0.931794
-0.9348166
-0.92904806
-0.9300106
-0.92075855
-0.9265454
-0.9281052
-0.9231713
-0.91918254
-0.92542005
-0.9278373
-0.9331035
-0.92787886
-0.9289356
-0.9332606
-0.9321912
-0.929468
-0.93119633
-0.9313482
-0.93026394
-0.92893505
-0.93117124
-0.93486035
-0.9334592
-0.9347718
-0.9364483
-0.9358538
-0.92970365
-0.929181
-0.9312414
-0.92997724
-0.9276779
-0.9265445
-0.92612857
-0.9241017
-0.9263497
-0.927493
-0.92636704
-0.92520225
-0.9243061
-0.92557776
-0.9261754
-0.93043435
-0.92966163
-0.93249726
-0.92754084
-0.9303318
-0.9323523
-0.92938036
-0.934279
-0.9314078
-0.92978597
-0.9305431
-0.931001
-0.9239699
-0.9284584
-0.9246411
-0.9303256
-0.92889476
-0.928881
-0.92755103
-0.9297614
-0.93027806
-0.9333035
-0.93290883
-0.9345066
-0.93337435
-0.9361753
-0.93524975
-0.93359673
-0.9366108
-0.93562317
-0.9359933
-0.9345286
-0.93337935
-0.93419474
-0.9347568
-0.93520594
-0.93502647
-0.9364973
-0.9364189
-0.9357611
-0.9346315
-0.93457216
-0.9359826
-0.9364025
-0.93008655
-0.9314415
-0.9137118
-0.9187882
-0.91450506
-0.90655583
-0.90343285
-0.89647806
-0.8990483
-0.90096813
-0.9065195
-0.90388983
-0.9067108
-0.91302854
-0.91875744
-0.92218864
-0.92369014
-0.927057
-0.9293569
-0.9304426
-0.93041205
-0.93065417
-0.93091255
-0.92928976
-0.9300335
-0.93505096
-0.933708
-0.93151295
-0.9328713
-0.9322171
-0.93401647
-0.9328516
-0.9335206
-0.9320581
-0.9325257
-0.9349379
-0.9364362
-0.9354232
-0.93466735
-0.93797433
-0.93492985
-0.9363545
-0.93586653
-0.93566734
-0.93327636
-0.9374848
-0.93705916
-0.9342105
-0.93491966
-0.9354116
-0.93865234
-0.9347347
-0.9339185
-0.9343233
-0.9369723
-0.9362141
-0.9355038
-0.93656415
-0.9375114
-0.9395645
-0.9334043
-0.9354629
-0.9360615
-0.9364204
-0.9355794
-0.93344045
-0.9344203
-0.93075436
-0.93104744
-0.93018776
-0.9337862
-0.9332441
-0.93337387
-0.9321566
-0.93218917
-0.9324691
-0.9307781
-0.9338214
-0.9356708
-0.9362484
-0.9364281
-0.9375971
-0.9364708
-0.9351991
-0.9356943
-0.9352533
-0.93730366
-0.9374814
-0.9296639
-0.9363897
-0.9258676
-0.9210629
-0.91728485
-0.9136029
-0.9102041
-0.90023345
-0.90187055
-0.91420525
-0.9261085
-0.92065525
-0.92824733
-0.92435277
-0.92440873
-0.9210058
-0.9235928
-0.92522305
-0.92699087
-0.9283617
-0.92807597
-0.92587036
-0.9274409
-0.92394716
-0.92487717
-0.9240544
-0.92740494
-0.92675793
-0.92467326
-0.9306416
-0.9295731
-0.9303535
-0.9308738
-0.93258053
-0.9338429
-0.9334178
-0.93121445
-0.932093
-0.93325555
-0.93359095
-0.9336958
-0.9305738
-0.93292284
-0.9349041
-0.93494457
-0.9330009
-0.9336955
-0.934776
-0.936549
-0.93594587
-0.9370285
-0.93709755
-0.93562955
-0.93378776
-0.9358226
-0.93566525
-0.93462396
-0.93646616
-0.9369418
-0.9386857
-0.93972963
-0.9349109
-0.9356247
-0.9378726
-0.93822795
-0.9379065
-0.9376593
-0.9373703
-0.9353373
-0.93715245
-0.93757814
-0.9373019
-0.93644285
-0.93792087
-0.9382494
-0.9363703
-0.9398121
-0.9346244
-0.937061
-0.9356157
-0.93476033
-0.9352816
-0.9331517
-0.93505055
-0.9349722
-0.93347764
-0.9325266
-0.9300576
-0.9316863
-0.9333129
-0.9315779
-0.9332913
-0.93503654
-0.9334285
-0.9367256
-0.93435144
-0.919741
-0.934986
-0.9306945
-0.9322362
-0.93075836
-0.9230618
-0.9229779
-0.92002
-0.9212688
-0.9254984
-0.9223938
-0.9236101
-0.9255919
-0.92892474
-0.93215907
-0.9293089
-0.93037814
-0.9304281
-0.93069506
-0.93067163
-0.9307631
-0.9320658
-0.92871714
-0.9296061
-0.9324419
-0.932364
-0.9336336
-0.9361908
-0.93328846
-0.93267465
-0.9339873
-0.9344604
-0.9340835
-0.9360717
-0.9349981
-0.9336144
-0.93554586
-0.93394995
-0.9349849
-0.93798715
-0.9343072
-0.9343697
-0.9354021
-0.9356088
-0.93592703
-0.93549055
-0.9309799
-0.93512565
-0.93493205
-0.933382
-0.9340056
-0.93364996
-0.93493146
-0.93337226
-0.9355229
-0.93714756
-0.9357638
-0.93516225
-0.93779886
-0.9365317
-0.9377489
-0.9363934
-0.9375489
-0.93615264
-0.9383079
-0.9353317
-0.93423104
-0.9340769
-0.9362829
-0.938713
-0.93638796
-0.93576485
-0.9344829
-0.9355287
-0.93464196
-0.9369557
-0.9374761
-0.9348654
-0.9353713
-0.93658
-0.93542033
-0.93330926
-0.9357395
-0.9362639
-0.9371596
-0.93387896
-0.9369749
-0.93791133
-0.93542933
-0.9374915
-0.93649423
-0.9337607
-0.9368166
-0.93763053
-0.93391913
-0.9349251
-0.9366931
-0.9358514
-0.9388301
-0.9363653
-0.93773615
-0.93473107
-0.93599
-0.93596923
-0.9362936
-0.9380507
-0.9371481
-0.9380862
-0.9381233
-0.9350947
-0.93574923
-0.93902004
-0.9349822
-0.93951714
-0.9374894
-0.9358949
-0.9388624
-0.9382438
-0.9381359
-0.93840045
-0.9356766
-0.9366532
-0.9359257
-0.9379529
-0.9385434
-0.9347558
-0.93698716
-0.9350679
-0.9369193
-0.93697107
-0.93670267
-0.93877983
-0.93867064
-0.93670046
-0.93762785
-0.938819
-0.93865114
-0.9361011
-0.93644714
-0.9394723
-0.93573403
-0.93695456
-0.93899035
-0.9385398
-0.93863654
-0.9389701
-0.9371135
-0.93713045
-0.9381394
-0.93504107
-0.9348735
-0.93614095
-0.93805075
-0.9370331
-0.93723077
-0.93784386
-0.93672323
-0.93635905
-0.93556774
-0.9354258
-0.93965757
-0.9388336
-0.9378852
-0.9369877
-0.9373891
-0.93794996
-0.9370805
-0.93640155
-0.93926203
-0.9343144
-0.9362086
-0.934237
-0.9320888
-0.9356165
-0.93672943
-0.9342404
-0.9366668
-0.9392209
-0.9376084
-0.93698144
-0.9355959
-0.9365004
-0.9337429
-0.9336873
-0.9376887
-0.93805283
-0.9383093
-0.9383009
-0.94065154
-0.9388543
-0.93812996
-0.92901325
-0.9262297
-0.92509675
-0.9274665
-0.9191204
-0.9216468
-0.92094475
-0.9260813
-0.9296207
-0.9270975
-0.9253074
-0.92770416
-0.93184954
-0.9328628
-0.9366826
-0.9332559
-0.9349514
-0.93367887
-0.9383783
-0.93573153
-0.9324073
-0.93467784
-0.93634444
-0.9366171
-0.9355844
-0.93034756
-0.93404734
-0.9341869
-0.9327895
-0.93371654
-0.93141896
-0.9332148
-0.9329017
-0.93644434
-0.9354166
-0.9382008
-0.9353447
-0.93672585
-0.9345704
-0.9360371
-0.93387204
-0.9366865
-0.9362409
-0.9357945
-0.93736285
-0.93242645
-0.93728083
-0.9370402
-0.9356005
-0.9376505
-0.9339608
-0.93209076
-0.9341812
-0.9341796
-0.9352156
-0.9354805
-0.93495715
-0.93523854
-0.93306273
-0.9361552
-0.93678695
-0.9353873
-0.9361101
-0.9348644
-0.93410677
-0.9315723
-0.9347197
-0.93574166
-0.9326805
-0.9334552
-0.9329777
-0.9336837
-0.9342256
-0.9357431
-0.9375497
-0.9356577
-0.93606454
-0.9371308
-0.93883806
-0.9366579
-0.9345659
-0.93686247
-0.9374007
-0.9359056
-0.93515253
-0.93834317
-0.9356712
-0.9377686
-0.93672544
-0.93419725
-0.9352394
-0.9369072
-0.93620956
-0.9336486
-0.9341019
-0.93575686
-0.9360405
-0.9338595
-0.9349016
-0.93538475
-0.93717396
-0.93409383
-0.93243325
-0.91777825
-0.91750616
-0.9174061
-0.91278535
-0.9093463
-0.9076587
-0.9054402
-0.9154862
-0.92311734
-0.92186075
-0.91664386
-0.92402303
-0.9282388
-0.92731124
-0.92360526
-0.9194721
-0.9263578
-0.9299696
-0.91920626
-0.92427725
-0.92552173
-0.9259541
-0.9295897
-0.928487
-0.93077767
-0.93244666
-0.9310681
-0.93029886
-0.9311965
-0.93372864
-0.9330741
-0.93297374
-0.93072975
-0.9356073
-0.93583393
-0.9342014
-0.9352782
-0.93478894
-0.9344666
-0.9348807
-0.93296605
-0.9342531
-0.9362012
-0.93649256
-0.93726736
-0.93628055
-0.93507105
-0.9374597
-0.93673724
-0.9372729
-0.93711954
-0.936086
-0.93592626
-0.9364668
-0.9357384
-0.9390276
-0.9373736
-0.9356129
-0.9394437
-0.93613404
-0.936227
-0.93681633
-0.9372107
-0.9390619
-0.9388537
-0.93843937
-0.9377773
-0.9382595
-0.93697345
-0.9358719
-0.9356147
-0.9362032
-0.936163
-0.93704545
-0.9369212
-0.9332725
-0.93573475
-0.9342567
-0.9312267
-0.9360502
-0.9352606
-0.9367892
-0.9383712
-0.9373113
-0.93764096
-0.93788946
-0.9425686
-0.93713474
-0.9369175
-0.93819934
-0.94067407
-0.93904936
-0.93939215
-0.938336
-0.9413557
-0.93902415
-0.936753
-0.9378206
-0.9387586
-0.9343924
-0.9399359
-0.9378493
-0.9389479
-0.93525434
-0.9375371
-0.93732494
-0.9389822
-0.937552
-0.93361384
-0.9342306
-0.93679166
-0.9354353
-0.9383162
-0.9381782
-0.9353532
-0.9356012
-0.93932456
-0.9352752
-0.9349531
-0.93850476
-0.93805075
-0.93300074
-0.9353319
-0.9386814
-0.935376
-0.93771863
-0.93911445
-0.936387
-0.93847525
-0.94108194
-0.93899417
-0.9357524
-0.9390884
-0.94111955
-0.9364734
-0.9373331
-0.9370248
-0.93801695
-0.93977493
-0.9388529
-0.938174
-0.940522
-0.9392464
-0.93641806
-0.93860483
-0.94009215
-0.93860817
-0.9363606
-0.9393203
-0.9374767
-0.93678695
-0.9376559
-0.9332331
-0.93203396
-0.9295987
-0.9321866
-0.9348298
-0.93680036
-0.93697757
-0.93381816
-0.93293685
-0.93273556
-0.9335554
-0.9369924
-0.9362187
-0.9368217
-0.93294895
-0.9364152
-0.9364522
-0.93865705
-0.93863153
-0.9332401
-0.9310412
-0.93434876
-0.9324586
-0.93568254
-0.93267024
-0.9333294
-0.93736774
-0.9369054
-0.9339322
-0.93721086
-0.9378088
-0.9359603
-0.9343029
-0.9337657
-0.931214
-0.929754
-0.927945
-0.92578804
-0.9281289
-0.93133765
-0.93334824
-0.93081295
-0.92970437
-0.9312237
-0.93115056
-0.9321517
-0.931134
-0.93392473
-0.93216133
-0.9329345
-0.9343346
-0.93433315
-0.9355441
-0.93684596
-0.9361558
-0.9360465
-0.93549126
-0.93789417
-0.9385445
-0.9382625
-0.9348371
-0.935401
-0.9364014
-0.9362301
-0.9352165
-0.9356517
-0.93505037
-0.93692696
-0.9392115
-0.9342185
-0.9318177
-0.93406796
-0.93814856
-0.9374188
-0.93496513
-0.93561804
-0.9372674
-0.9375195
-0.93757236
-0.9366779
-0.9344412
-0.94025683
-0.9380821
-0.93929815
-0.93657273
-0.93522686
-0.9342724
-0.93512326
-0.93717235
-0.9367095
-0.93743175
-0.93716455
-0.9350354
-0.9343794
-0.933612
-0.93292975
-0.9356468
-0.9338763
-0.9366628
-0.93064153
-0.92285603
-0.9275826
-0.9265231
-0.92000544
-0.91924673
-0.91988105
-0.91920173
-0.9186117
-0.9247475
-0.92817146
-0.9253956
-0.9262505
-0.9277632
-0.9279594
-0.92941695
-0.92990154
-0.93507594
-0.9345396
-0.9325947
-0.9353596
-0.93362135
-0.93323827
-0.9327351
-0.9342078
-0.9334319
-0.9352317
-0.9334097
-0.93563795
-0.9347293
-0.9314192
-0.9319427
-0.931128
-0.9327074
-0.9321466
-0.9354444
-0.9354678
-0.9347065
-0.9347911
-0.93230546
-0.93608475
-0.9359595
-0.9360041
-0.93435645
-0.93584085
-0.9355275
-0.93788296
-0.935674
-0.9368317
-0.93490595
-0.9347672
-0.9342679
-0.9374349
-0.9352718
-0.9353969
-0.9350984
-0.93769765
-0.9392196
-0.9390837
-0.93758124
-0.93887234
-0.9382296
-0.93827015
-0.93892306
-0.93660486
-0.93532646
-0.9398685
-0.93653643
-0.93086773
-0.93132734
-0.9321848
-0.9291757
-0.92468613
-0.92766374
-0.9300287
-0.9281684
-0.92601144
-0.9293362
-0.93056756
-0.92995125
-0.9276073
-0.9269823
-0.9260581
-0.9271094
-0.92415166
-0.92549413
-0.9275744
-0.92910564
-0.9262766
-0.9298598
-0.92363155
-0.92867523
-0.9283198
-0.9293491
-0.9271659
-0.9259206
-0.9295792
-0.93076855
-0.9296908
-0.93096054
-0.9325486
-0.9301369
-0.9289574
-0.93159074
-0.9311891
-0.93291074
-0.93452716
-0.93235093
-0.93345374
-0.933475
-0.93454844
-0.93876696
-0.9362829
-0.93785775
-0.9371493
-0.9391778
-0.93955135
-0.9395749
-0.93951267
-0.940959
-0.94038445
-0.93997097
-0.93816566
-0.93457484
-0.9355822
-0.937916
-0.93814045
-0.9384412
-0.93609256
-0.93881845
-0.9356578
-0.9345926
-0.9351369
-0.9334312
-0.93671536
-0.93713033
-0.9335602
-0.93679744
-0.9364088
-0.93992335
-0.93814754
-0.9349801
-0.93561244
-0.9369559
-0.9382294
-0.9345214
-0.9346136
-0.9336566
-0.9362999
-0.9340728
-0.929118
-0.9354438
-0.93590766
-0.9345927
-0.93429554
-0.9358393
-0.9355854
-0.9354873
-0.928363
-0.9327408
-0.93307334
-0.9362937
-0.9341076
-0.9375456
-0.93763846
-0.9378275
-0.93555903
-0.93496597
-0.9344426
-0.93703926
-0.9361516
-0.93802637
-0.9386714
-0.9346792
-0.9329276
-0.9339543
-0.9338492
-0.9355111
-0.93659925
-0.94205934
-0.93624455
-0.9351587
-0.9332766
-0.93375784
-0.9335261
-0.93439925
-0.9348724
-0.93474716
-0.93411654
-0.9354528
-0.93582386
-0.9387049
-0.93948865
-0.9369995
-0.93722
-0.93203664
-0.9335047
-0.93455386
-0.93589735
-0.93247765
-0.93329555
-0.93282604
-0.9358531
-0.9308096
-0.936162
-0.9378589
-0.93314254
-0.9375907
-0.93576425
-0.9355442
-0.9358812
-0.93596435
-0.93553275
-0.9349668
-0.9339219
-0.93288946
-0.93471843
-0.9363848
-0.93457294
-0.9387328
-0.9365354
-0.9347992
-0.9355223
-0.9364728
-0.938218
-0.9377607
-0.9375138
-0.9337766
-0.9363548
-0.9338871
-0.934596
-0.93632114
-0.93048346
-0.9334549
-0.93931687
-0.93472385
-0.94004554
-0.93779516
-0.9353365
-0.9360042
-0.93552005
-0.9368436
-0.93715465
-0.93836164
-0.9369186
-0.9353002
-0.93678737
-0.938414
-0.93853134
-0.9362213
-0.93740904
-0.93946964
-0.9390242
-0.9361587
-0.9385333
-0.9407531
-0.9384114
-0.93828166
-0.9398905
-0.93838406
-0.9358504
-0.93327904
-0.9312732
-0.93256545
-0.93126816
-0.93063104
-0.93391484
-0.9333983
-0.93277013
-0.9285547
-0.9305564
-0.9313317
-0.9355008
-0.93090475
-0.93361443
-0.93087333
-0.9342234
-0.93309987
-0.93484205
-0.93568844
-0.9368909
-0.9355994
-0.9350673
-0.93646073
-0.9356425
-0.93716425
-0.9345454
-0.93546265
-0.9354804
-0.9315884
-0.93677175
-0.93606836
-0.93802845
-0.939988
-0.93719983
-0.93634075
-0.9396237
-0.9399426
-0.9413515
-0.9403376
-0.939408
-0.9387369
-0.9378262
-0.921335
-0.9101669
-0.8994357
-0.8835555
-0.874358
-0.8753868
-0.8524789
-0.85571414
-0.8540994
-0.86048234
-0.8651096
-0.87390924
-0.8661407
-0.86476094
-0.87359655
-0.880535
-0.87738824
-0.8754688
-0.88058853
-0.8912496
-0.8923632
-0.8918383
-0.89504707
-0.90313953
-0.9114202
-0.9141219
-0.9205866
-0.9114363
-0.90314096
-0.9167268
-0.9174092
-0.9203026
-0.92171144
-0.9218205
-0.91827124
-0.9199027
-0.92234397
-0.92173177
-0.92580175
-0.9269879
-0.92485154
-0.9282018
-0.9275851
-0.9273711
-0.9278657
-0.9301307
-0.93155074
-0.93475807
-0.9330137
-0.925663
-0.9275632
-0.9294937
-0.9314179
-0.9309454
-0.92616826
-0.9319296
-0.9308891
-0.9291101
-0.9309583
-0.93449754
-0.9321817
-0.9288585
-0.934996
-0.93547755
-0.9305788
-0.9311574
-0.93350226
-0.9345375
-0.92999613
-0.92857176
-0.93406117
-0.9330088
-0.9335247
-0.9341919
-0.93411714
-0.933813
-0.9307516
-0.93309015
-0.93612033
-0.935296
-0.93162274
-0.93533164
-0.93566257
-0.92961854
-0.93322754
-0.9388311
-0.93462086
-0.93291557
-0.9338832
-0.9341779
-0.92315674
-0.93095404
-0.93289316
-0.9310428
-0.9286035
-0.9306817
-0.9283
-0.93077844
-0.9326253
-0.9308497
-0.9282798
-0.9311949
-0.92942715
-0.9337091
-0.9297324
-0.9334794
-0.92757565
-0.9270564
-0.9288163
-0.9307308
-0.9299593
-0.93058944
-0.9321904
-0.9314474
-0.9317924
-0.9277712
-0.9296845
-0.9322341
-0.9295805
-0.9347484
-0.9367111
-0.93263316
-0.93566406
-0.934401
-0.9343437
-0.9367019
-0.93559635
-0.9362954
-0.93865496
-0.9365329
-0.9368037
-0.93555206
-0.9375879
-0.9367914
-0.9388894
-0.938836
-0.9382961
-0.93900114
-0.93904555
-0.93811494
-0.9347401
-0.935802
-0.9382538
-0.9386091
-0.9381502
-0.9386838
-0.9338919
-0.9345584
-0.93840665
-0.93891054
-0.9370414
-0.937672
-0.9383818
-0.9384391
-0.93642795
-0.93991417
-0.93755513
-0.9393925
-0.9396228
-0.94135803
-0.93869716
-0.9408219
-0.93933016
-0.939327
-0.9381541
-0.93862695
-0.9378858
-0.9377582
-0.9363133
-0.9337603
-0.9362963
-0.93508995
-0.9373426
-0.93491817
-0.9375496
-0.93335307
-0.9345258
-0.9375585
-0.9348805
-0.93723685
-0.93718636
-0.93751216
-0.9348947
-0.9306209
-0.9357165
-0.9362512
-0.9367426
-0.93591726
-0.9357169
-0.9371241
-0.9386024
-0.93884826
-0.93864685
-0.9390163
-0.9376622
-0.936711
-0.9363454
-0.938345
-0.93910235
-0.93682104
-0.9391075
-0.93812907
-0.93930304
-0.93854547
-0.93645936
-0.93750614
-0.9362916
-0.9378253
-0.93141896
-0.9384286
-0.9357678
-0.9378105
-0.9374359
-0.9381399
-0.93689084
-0.9365139
-0.9344025
-0.93142426
-0.9365909
-0.93688285
-0.9352679
-0.93565106
-0.9342143
-0.93163174
-0.9320817
-0.9335905
-0.93534917
-0.9324272
-0.93776065
-0.9350775
-0.93229586
-0.93279517
-0.9353214
-0.9343386
-0.9345778
-0.9368629
-0.9384223
-0.9350312
-0.93844503
-0.93905836
-0.93607265
-0.93660086
-0.93719864
-0.93535686
-0.9374199
-0.93728703
-0.94018686
-0.93639547
-0.9376533
-0.9379013
-0.9364907
-0.93808496
-0.9356599
-0.9372034
-0.93475294
-0.93530077
-0.93546814
-0.9382954
-0.9382893
-0.93599296
-0.9345734
-0.9355475
-0.93650955
-0.9077391
-0.92986566
-0.92009306
-0.9157275
-0.9089717
-0.9022595
-0.8952718
-0.8946359
-0.8962401
-0.9052123
-0.9091573
-0.9098916
-0.9153353
-0.9200661
-0.9168656
-0.9171269
-0.91751784
-0.92017287
-0.92302954
-0.92859495
-0.9247134
-0.9278816
-0.93046236
-0.93038803
-0.93387747
-0.9324481
-0.92841625
-0.9280368
-0.9336764
-0.9330567
-0.9293871
-0.93082273
-0.9343527
-0.9355718
-0.9335572
-0.93483555
-0.9364112
-0.9376478
-0.9397193
-0.93496007
-0.9345799
-0.9353685
-0.93732345
-0.9376562
-0.93446976
-0.93127304
-0.9346809
-0.93383604
-0.9349146
-0.9362861
-0.9381359
-0.9386164
-0.93806964
-0.93899184
-0.9360211
-0.929767
-0.9388323
-0.93916816
-0.93718237
-0.9393514
-0.9371563
-0.9393746
-0.9382576
-0.9394452
-0.9351399
-0.9393619
-0.9364303
-0.93320143
-0.93014175
-0.93228745
-0.93447447
