-0.15295401
-0.15619692
-0.16320172
-0.1679483
-0.18689498
-0.19608916
-0.20935893
-0.20824084
-0.22824374
-0.2457357
-0.24141324
-0.24979508
-0.2716234
-0.27009797
-0.25963864
-0.28255102
-0.29052386
-0.28005493
-0.29884207
-0.30848834
-0.30108163
-0.31047425
-0.3134408
-0.32294625
-0.3267798
-0.329922
-0.3403776
-0.3441567
-0.34555888
-0.3489005
-0.3547111
-0.36441565
-0.35983193
-0.372479
-0.37637454
-0.3731413
-0.37403238
-0.38272384
-0.38436767
-0.385404
-0.38790366
-0.39036
-0.39676744
-0.3952502
-0.40088466
-0.40425318
-0.4069951
-0.4098516
-0.4123678
-0.4110781
-0.4127477
-0.41111842
-0.419906
-0.4139617
-0.41913578
-0.42406145
-0.4319702
-0.4288243
-0.4286909
-0.4272092
-0.44173676
-0.43880504
-0.44259483
-0.44379944
-0.4425157
-0.45466232
-0.4520424
-0.44814855
-0.45580614
-0.45558986
-0.4597624
-0.45114625
-0.4600491
-0.4668686
-0.45776138
-0.4579247
-0.46243107
-0.4730987
-0.47257486
-0.47243282
-0.4738476
-0.4774415
-0.4700158
-0.47155908
-0.47440505
-0.48155344
-0.48018065
-0.47521797
-0.48443562
-0.489407
-0.48222095
-0.48559773
-0.4893782
-0.48595932
-0.48074692
-0.49370444
-0.49790922
-0.49731025
-0.49080634
-0.48997894
-0.49879068
-0.4944793
-0.5000987
-0.48970783
-0.50115895
-0.505323
-0.50266063
-0.5044331
-0.50872624
-0.50190824
-0.5076775
-0.5159095
-0.5226154
-0.511971
-0.5099309
-0.5218115
-0.519134
-0.52114904
-0.52119094
-0.5220913
-0.5246886
-0.52245426
-0.5258732
-0.5246205
-0.5265106
-0.5181196
-0.52391994
-0.5228468
-0.52152455
-0.5231366
-0.5251389
-0.522942
-0.5327843
-0.5275047
-0.5342142
-0.5306529
-0.5289639
-0.5313794
-0.53335094
-0.5371166
-0.5357703
-0.5383785
-0.54213107
-0.53715205
-0.5377789
-0.538354
-0.54305655
-0.5374258
-0.5431553
-0.5407445
-0.5426496
-0.54871637
-0.54045373
-0.5414216
-0.53444505
-0.53883016
-0.5481352
-0.54324615
-0.5393264
-0.54805833
-0.5545722
-0.5491932
-0.55414444
-0.55599844
-0.5514052
-0.55711347
-0.5582935
-0.5459015
-0.55635774
-0.5499949
-0.56316954
-0.5533924
-0.5523092
-0.5520863
-0.5556092
-0.55824393
-0.55559385
-0.5560701
-0.5610107
-0.56064826
-0.5547249
-0.5636211
-0.5568448
-0.5634719
-0.5612912
-0.5706824
-0.56124
-0.5655511
-0.56205076
-0.5588066
-0.56948054
-0.56893355
-0.57268983
-0.5677022
-0.56478107
-0.56294334
-0.57014596
-0.5663872
-0.57679486
-0.57565683
-0.57306063
-0.57107806
-0.5721449
-0.5737492
-0.5729805
-0.5728812
-0.57068884
-0.57400954
-0.5754142
-0.5778386
-0.57317
-0.5760544
-0.57829666
-0.58062
-0.5780303
-0.57636374
-0.57634026
-0.58244985
-0.5724811
-0.57955027
-0.57973564
-0.5744011
-0.5832267
-0.5800407
-0.57985467
-0.58574075
-0.5804583
-0.5893159
-0.5891033
-0.58843434
-0.58525985
-0.5905348
-0.58980656
-0.5927575
-0.58896255
-0.59219867
-0.5896858
-0.59019864
-0.58949596
-0.5908778
-0.59660697
-0.59125906
-0.5932963
-0.5862287
-0.59279627
-0.5970777
-0.600105
-0.58611095
-0.5962383
-0.58947384
-0.5938506
-0.5961225
-0.59665227
-0.597018
-0.5983887
-0.5935671
-0.5909132
-0.59580904
-0.59245664
-0.5860829
-0.59511197
-0.59336007
-0.600174
-0.59630495
-0.5895382
-0.59703684
-0.5918946
-0.597796
-0.59713227
-0.59389603
-0.5935717
-0.59528
-0.5962722
-0.6006226
-0.602336
-0.59969085
-0.59804255
-0.60521275
-0.6037194
-0.5964843
-0.6023595
-0.60011315
-0.60591793
-0.60317236
-0.6030382
-0.6036469
-0.6044543
-0.6039575
-0.59816724
-0.6047837
-0.5999855
-0.5973599
-0.60148996
-0.6020667
-0.6067369
-0.6031111
-0.5894403
-0.6002059
-0.6087704
-0.60191816
-0.60427374
-0.597541
-0.6003206
-0.6084978
-0.60187286
-0.6041855
-0.5991735
-0.6111407
-0.61247116
-0.61124563
-0.6134591
-0.6068573
-0.61388797
-0.6202054
-0.60991716
-0.61125886
-0.61674696
-0.6151223
-0.6191447
-0.6128414
-0.6110354
-0.6143682
-0.61035705
-0.6124381
-0.61849725
-0.6128917
-0.61914057
-0.61923
-0.6132493
-0.62029636
-0.6222404
-0.6208828
-0.61467254
-0.617203
-0.6146596
-0.61527157
-0.620311
-0.6128566
-0.61275154
-0.61972594
-0.62387043
-0.6200088
-0.61931175
-0.61949635
-0.6183442
-0.62022734
-0.6201521
-0.62122416
-0.62702465
-0.6214266
-0.6281692
-0.62670934
-0.6238183
-0.6244827
-0.622475
-0.6288513
-0.6287328
-0.62279403
-0.6218976
-0.62756646
-0.63093656
-0.62811416
-0.62578136
-0.6216418
-0.6344318
-0.6236451
-0.62478614
-0.6266396
-0.6328254
-0.6329066
-0.6300854
-0.62764925
-0.63387966
-0.63213664
-0.63315284
-0.63195205
-0.63099945
-0.6382756
-0.6319948
-0.62843895
-0.64023376
-0.6339794
-0.63138646
-0.6371218
-0.63515997
-0.6363143
-0.63835025
-0.63687336
-0.63462454
-0.64054024
-0.6417328
-0.6397569
-0.6366202
-0.63646024
-0.6394809
-0.644355
-0.64252216
-0.6378473
-0.649508
-0.64222115
-0.6417949
-0.6407623
-0.6388198
-0.6376345
-0.6444295
-0.64137495
-0.64789623
-0.6368887
-0.64234096
-0.6437533
-0.644974
-0.64379984
-0.6448929
-0.64203656
-0.6364517
-0.64036024
-0.6467146
-0.6384225
-0.647604
-0.6391939
-0.6420793
-0.64702845
-0.64672923
-0.646665
-0.6430885
-0.6392629
-0.645147
-0.6468661
-0.64826757
-0.64031863
-0.64283735
-0.6521866
-0.64320236
-0.63834274
-0.6423902
-0.64627135
-0.6501753
-0.6479017
-0.6497388
-0.64644057
-0.6446609
-0.64684975
-0.656574
-0.63960046
-0.64715767
-0.64893955
-0.6473464
-0.6457355
-0.64621425
-0.6435132
-0.6452088
-0.64776057
-0.651189
-0.6488346
-0.65022224
-0.6496017
-0.6512496
-0.64381576
-0.65320903
-0.65415037
-0.65442836
-0.6518358
-0.64548343
-0.65690297
-0.6496578
-0.6467996
-0.6463856
-0.64842594
-0.6507221
-0.65333986
-0.65005946
-0.65646094
-0.6465993
-0.64192307
-0.6490033
-0.64812064
-0.6456758
-0.6548399
-0.64848185
-0.6502005
-0.65147936
-0.65197605
-0.65265137
-0.6542204
-0.6553746
-0.65906113
-0.6520351
-0.6558046
-0.6544388
-0.6504389
-0.6538591
-0.6580224
-0.65993583
-0.65852046
-0.65735525
-0.6584067
-0.65319675
-0.6565286
-0.65811026
-0.6627935
