-0.6992509
-0.7209718
-0.7019197
-0.71264607
-0.7215647
-0.73499125
-0.7248588
-0.74143887
-0.74219215
-0.74156225
-0.7493524
-0.74994165
-0.7534067
-0.75841695
-0.7670743
-0.7748763
-0.7769389
-0.7771306
-0.791913
-0.78504634
-0.79897153
-0.7992447
-0.8132423
-0.8252503
-0.8326833
-0.8355201
-0.8482166
-0.8588231
-0.86657864
-0.871757
-0.8799126
-0.8889342
-0.8991436
-0.90678966
-0.9145428
-0.92385906
-0.9345456
-0.93185896
-0.933808
-0.93663174
-0.93803984
-0.9341579
-0.93856734
-0.9381327
-0.9354268
-0.9354778
-0.9383342
-0.9375385
-0.9397454
-0.9389977
-0.9410629
-0.9420899
-0.939285
-0.9433198
-0.9427905
-0.94604933
-0.9454643
-0.94633377
-0.94383216
-0.94707066
-0.94740206
-0.9483798
-0.94888246
-0.9495234
-0.95021987
-0.95184886
-0.9496817
-0.95276856
-0.9545878
-0.95551556
-0.9565394
-0.9585605
-0.95913017
-0.9601704
-0.9604087
-0.96064335
-0.9610712
-0.95826
-0.9620668
-0.9626891
-0.963045
-0.9642308
-0.9635195
-0.9675273
-0.96414274
-0.96434104
-0.9648481
-0.96476245
-0.96450937
-0.9665593
-0.96680206
-0.9656946
-0.9682209
-0.9664671
-0.9701974
-0.9682126
-0.96983206
-0.9671792
-0.96917814
-0.9701411
-0.96946394
-0.9686177
-0.96986496
-0.9709613
-0.9719579
-0.9717333
-0.9724057
-0.97111875
-0.97081745
-0.9743964
-0.9726113
-0.97303796
-0.97451967
-0.9743338
-0.9738047
-0.97329366
-0.975609
-0.9756396
-0.975373
-0.9770104
-0.9751222
-0.9759252
-0.97528434
-0.97636914
-0.975
-0.9779758
-0.97892815
-0.97805417
-0.9782343
-0.9788969
-0.9793385
-0.97710574
-0.9794044
-0.97833014
-0.97786194
-0.97935617
-0.9777442
-0.9793543
-0.97949517
-0.98083
-0.9798113
-0.9807425
-0.97943753
-0.9805528
-0.98005366
-0.981941
-0.98148364
-0.9815403
-0.98262465
-0.9809559
-0.9832726
-0.9828887
-0.98324287
-0.9831524
-0.9836559
-0.9843034
-0.9838637
-0.984696
-0.98365396
-0.98639786
-0.98411626
-0.9848302
-0.98578584
-0.9857233
-0.9866859
-0.9871981
-0.9872255
-0.98705554
-0.9880284
-0.98744226
-0.9873722
-0.9897757
-0.9892129
-0.98926026
-0.98962456
-0.9901985
-0.990536
-0.9905925
-0.9905518
-0.9910974
-0.99167246
-0.99146503
-0.99221104
-0.99195004
-0.9925516
-0.99300236
-0.9931537
-0.9932466
-0.99337363
-0.9934544
-0.9942919
-0.9941243
-0.99415463
-0.99439496
-0.9944105
-0.99453366
-0.9949831
-0.99506617
-0.99460626
-0.99387455
-0.9934731
-0.99483836
-0.9953433
-0.9933693
-0.99409646
-0.9959463
-0.99429804
-0.9954201
-0.99537873
-0.9948198
-0.9960081
-0.9950288
-0.9957445
-0.995801
-0.9954037
-0.99654865
-0.99573755
-0.9962126
-0.996264
-0.9960293
-0.9964394
-0.9960789
-0.9966208
-0.99638104
-0.99612707
-0.9969894
-0.99653274
-0.9968845
-0.9966047
-0.9966563
-0.99693716
-0.9964588
-0.9970056
-0.99677795
-0.99688196
-0.9970405
-0.99690294
-0.9970474
-0.9972344
-0.99705
-0.99719834
-0.99697393
-0.9973587
-0.99710417
-0.9972411
-0.99735457
-0.997336
-0.9972227
-0.9973227
-0.9974041
-0.99750704
-0.9975046
-0.99736774
-0.9975104
-0.9974516
-0.99724877
-0.99747944
-0.99745864
-0.9974766
-0.9974858
-0.9975505
-0.9975629
-0.99748814
-0.997494
-0.9975875
-0.9975565
-0.9976007
-0.99768776
-0.99769175
-0.9976053
-0.99750787
-0.99755526
-0.9976445
-0.99763095
-0.9977442
-0.99791044
-0.9976566
-0.9978197
-0.9976368
-0.99772835
-0.9976731
-0.9976661
-0.9978196
-0.99785745
-0.99780935
-0.9975915
-0.9978832
-0.9977151
-0.9977751
-0.99780035
-0.9977888
-0.9978065
-0.99772507
-0.9977224
-0.9977962
-0.9978286
-0.9977539
-0.9978263
-0.9977209
-0.997719
-0.9977978
-0.99784803
-0.997921
-0.99785507
-0.99782056
-0.99790835
-0.9977365
-0.99783933
-0.9980487
-0.9978481
-0.9980026
-0.9977876
-0.9978645
-0.9979246
-0.99790645
-0.9979358
-0.9979067
-0.9979166
-0.99796134
-0.9978583
-0.99804366
-0.9979506
-0.99792385
-0.9980108
-0.9979412
-0.9979561
-0.9980038
-0.99796623
-0.9980134
-0.9978469
-0.99796796
-0.9979775
-0.9980161
-0.9980187
-0.9979906
-0.9979786
-0.99805033
-0.99798304
-0.9981004
-0.9980801
-0.99791515
-0.9979518
-0.9980192
-0.99807596
-0.9979565
-0.998
-0.9981599
-0.99794936
-0.99786836
-0.997952
-0.9978613
-0.9979506
-0.9980444
-0.99807364
-0.9978739
-0.9978577
-0.9978038
-0.9978746
-0.9980018
-0.998118
-0.99797577
-0.9980221
-0.99808544
-0.9981216
-0.99796116
-0.9979739
-0.99793625
-0.99798733
-0.998171
-0.9980334
-0.99809027
-0.99801767
-0.99805546
-0.9979539
-0.99810237
-0.9981698
-0.99801815
-0.9979737
-0.9980222
-0.9980796
-0.99810153
-0.99808055
-0.99797535
-0.99799114
-0.998064
-0.9982188
-0.99804395
-0.99807197
-0.9981141
-0.99812704
-0.9979683
-0.9979959
-0.9981233
-0.9981
-0.9980485
-0.99805
-0.99801695
-0.99821615
-0.9981489
-0.9980315
-0.99818456
-0.99822116
-0.9980433
-0.99809283
-0.99804306
-0.99806815
-0.9981342
-0.99805117
-0.99799967
-0.99799377
-0.99810016
-0.9982619
-0.99814314
-0.9980472
-0.99803203
-0.99799556
-0.99818784
-0.9982364
-0.9980265
-0.9980323
-0.9980736
-0.9980771
-0.99819106
-0.99815565
-0.9982633
-0.9980667
-0.9981739
-0.9981843
-0.99809986
-0.9980783
-0.9981241
-0.998146
-0.99817914
-0.9982756
-0.99811864
-0.99823207
-0.99817824
-0.99819016
-0.99821615
-0.99812394
-0.9979671
-0.99803984
-0.9981706
-0.9982039
-0.99816513
-0.99821395
-0.9980526
-0.99799126
-0.9981623
-0.9981235
-0.9982098
-0.998083
-0.9982643
-0.9981403
-0.9981598
-0.99825394
-0.9981187
-0.9982765
-0.99820274
-0.9983011
-0.99815124
-0.9982032
-0.99815834
-0.9981472
-0.99822485
-0.9982186
-0.9980654
-0.9981104
-0.9982057
-0.99820584
-0.9982532
-0.99823403
-0.9981852
-0.9980356
-0.9980655
-0.9980549
-0.9980205
-0.99813074
-0.99807864
-0.9981653
-0.998134
-0.9980846
-0.9981729
-0.9981395
-0.99828005
-0.9981189
-0.9981831
-0.9981683
-0.99821067
-0.99813473
-0.9981184
-0.9982453
-0.99823403
-0.99813193
-0.99819434
-0.9981996
-0.9981803
-0.9981566
-0.9981303
-0.9981226
-0.9981741
-0.9981375
-0.99825543
-0.9981592
-0.9982139
-0.9981625
-0.9981184
-0.9981366
-0.99831927
-0.9981271
-0.9981251
-0.9980654
-0.99825245
-0.99810815
-0.99809635
-0.9981028
-0.99825126
-0.9981567
-0.99820983
-0.9980267
-0.9982302
-0.998195
-0.9982526
-0.99819237
-0.99804586
-0.9979351
-0.9980354
-0.9981354
-0.99823993
-0.99817663
-0.99798584
-0.9979943
-0.99816185
-0.99830765
-0.9983303
-0.99816686
-0.9981679
-0.998316
-0.9982595
-0.99828744
-0.99832475
-0.99824286
-0.99825245
-0.99821985
-0.9981802
-0.9982581
-0.9982682
-0.9982982
-0.99825406
-0.9983096
-0.9982346
-0.99826837
-0.9982049
-0.9982288
-0.998196
-0.99823046
-0.99824125
-0.9982038
-0.9982069
-0.9981158
-0.9982515
-0.99832076
-0.99815303
-0.9982531
-0.9981599
-0.9982714
-0.9982741
-0.9982862
-0.99825746
-0.9981572
-0.99826026
-0.99812764
-0.9982858
-0.99831086
-0.99825674
-0.9983522
-0.99821436
-0.99820536
-0.99830043
-0.9981336
-0.9982152
-0.99825835
-0.9982745
-0.9983457
-0.99832577
-0.99814135
-0.99830824
-0.9982658
-0.9982629
-0.9981598
-0.99820155
-0.9980135
-0.99803835
-0.9980324
-0.9980053
-0.9978771
-0.9978966
-0.9979912
-0.9980515
-0.9982787
-0.99824846
-0.9980743
-0.99799305
-0.99804515
-0.9980346
-0.998334
-0.99819404
-0.9981837
-0.99805427
-0.9981154
-0.99802387
-0.9981223
-0.9980944
-0.9980172
-0.99798805
-0.9981662
-0.9981681
-0.9982514
-0.99831975
-0.9983075
-0.99818814
-0.99818075
-0.9982578
-0.99829334
-0.9982958
-0.99827373
-0.99830574
-0.99816716
-0.9982484
-0.9983192
-0.99837106
-0.9982179
-0.99825484
-0.99826586
-0.9982285
-0.9981302
-0.9980544
-0.99803686
-0.9981336
-0.99810064
-0.9982407
-0.99828166
-0.998233
-0.9982927
-0.99828273
-0.99819815
-0.99826765
-0.9982462
-0.9981479
-0.9983352
-0.99818665
-0.99824303
-0.99813837
-0.9981951
-0.99821466
-0.9983221
-0.99816746
-0.99825895
-0.99833757
-0.9983569
-0.9983012
-0.998262
-0.99820817
-0.9982023
-0.99831253
-0.9982913
-0.99822026
-0.99830425
-0.99825335
-0.998301
-0.99828124
-0.99828947
-0.99828357
-0.9983052
-0.9982826
-0.99816555
-0.9981817
-0.99823886
-0.9981684
-0.9982249
-0.99833584
-0.9983505
-0.99835986
-0.99827313
-0.9983144
-0.99836296
-0.99824834
-0.9982811
-0.99837035
-0.998308
-0.99834514
-0.9983683
-0.99829835
-0.9983534
-0.9982424
-0.99840707
-0.9982558
-0.99817103
-0.9982546
-0.9981392
-0.9979765
-0.99795884
-0.99801165
-0.9981582
-0.9982648
-0.9982593
-0.9982395
-0.9983724
-0.9983228
-0.9982377
-0.9982428
-0.99818707
-0.99827504
-0.99823165
-0.9983458
-0.99825436
-0.99832463
-0.99835014
-0.99831605
-0.9983909
-0.9983396
-0.99828684
-0.99819857
-0.9982279
-0.9982517
-0.998172
-0.99836725
-0.99825335
-0.99809265
-0.998084
-0.9981933
-0.99817735
-0.99835134
-0.9983038
-0.99832016
-0.9981379
-0.9981217
-0.9982319
-0.99822307
-0.9983097
-0.9982421
-0.99831074
-0.99823374
-0.9983342
-0.9982378
-0.99831676
-0.99826574
-0.9983464
-0.998297
-0.9982751
-0.99831474
-0.99838084
-0.99818695
-0.99833745
-0.9982935
-0.99832726
-0.99827665
-0.99825394
-0.99830836
-0.998278
-0.99820715
-0.99831074
-0.99824566
-0.99823874
-0.99823266
-0.9982385
-0.9981819
-0.998228
-0.9981489
-0.9982028
-0.9981202
-0.99820125
-0.9982052
-0.9981878
-0.9982012
-0.9982696
-0.9982953
-0.99818116
-0.9981875
-0.99830145
-0.998341
-0.9982575
-0.9982206
-0.9980651
-0.9979169
-0.99783856
-0.9978234
-0.9980844
-0.99821365
-0.99852663
-0.9983321
-0.99828917
-0.9982363
-0.9982546
-0.9981496
-0.9982649
-0.99833834
-0.9984103
-0.9983713
-0.9982302
-0.9983136
-0.99835986
-0.9982968
-0.99819356
-0.9982956
-0.9983072
-0.9982894
-0.99828434
-0.9984479
-0.99835396
-0.99824816
-0.99835694
-0.99825484
-0.9983543
-0.9984423
-0.9983514
-0.99827164
-0.9982145
-0.9983059
-0.99833226
-0.9984264
-0.9984184
-0.9982871
-0.99812776
-0.9981856
-0.998228
-0.9981758
-0.998257
-0.99831384
-0.9981727
-0.9982196
-0.9983013
-0.99816024
-0.99827087
-0.99835896
-0.9983633
-0.9984177
-0.9981459
-0.9981454
-0.99784535
-0.9978042
-0.99785745
-0.9980957
-0.99831617
-0.99834234
-0.9981563
-0.9979935
-0.99783033
-0.9979459
-0.9981509
-0.99833673
-0.9983494
-0.998203
-0.99815446
-0.9982769
-0.9983364
-0.99821734
-0.99819577
-0.99810463
-0.99811614
-0.99833214
-0.99844414
-0.99807304
-0.9980633
-0.9980402
-0.99817604
-0.99837184
-0.9983025
-0.9981432
-0.99796814
-0.99803305
-0.9980703
-0.9982368
-0.99826986
-0.9981408
-0.9982272
-0.99814093
-0.9980746
-0.99808145
-0.99820405
-0.9983316
-0.99821836
-0.99817914
-0.99812627
-0.99825966
-0.9983031
-0.99835616
-0.9983255
-0.9981475
-0.99798006
-0.9981903
-0.9982673
-0.9983073
-0.99822366
-0.9984059
-0.99839365
-0.9983287
-0.9983492
-0.99832726
-0.99836
-0.99834394
-0.9984564
-0.9983777
-0.99837315
-0.9983972
-0.9983713
-0.9982918
-0.9984386
-0.9983895
-0.99828875
-0.99828506
-0.99818575
-0.99836123
-0.9983214
-0.9982651
-0.998133
-0.9981052
-0.99827987
-0.9982465
-0.9982372
-0.9980579
-0.9982042
-0.99832463
-0.9983552
-0.998347
-0.99825853
-0.99837846
-0.99847543
-0.998291
-0.99831015
-0.99830705
-0.9983413
-0.99835783
-0.9982914
-0.9981612
-0.99816144
-0.99836475
-0.99836713
-0.9983144
-0.99826425
-0.99820936
-0.9982312
-0.998212
-0.99829894
-0.99833554
-0.9983737
-0.99834704
-0.99826944
-0.9982619
-0.9982719
-0.9984111
-0.9983004
-0.99836606
-0.9981959
-0.9983806
-0.998411
-0.9983912
-0.998302
-0.9982308
-0.99825156
-0.99827135
-0.9983209
-0.99853855
-0.99836856
-0.99841195
-0.9984792
-0.99830174
-0.99829054
-0.99842197
-0.99840736
-0.9982648
-0.9983188
-0.9983122
-0.99832684
-0.9982756
-0.99831027
-0.9983397
-0.99839836
-0.9982315
-0.99831164
-0.9982863
-0.99816597
-0.99818915
-0.99821067
-0.9982356
-0.998386
-0.99832433
-0.9983093
-0.99824136
-0.99823785
-0.99825925
-0.99840426
-0.99821603
-0.99826604
-0.99829876
-0.9982385
-0.99834275
-0.99836725
-0.9983329
-0.99828035
-0.998354
-0.9984114
-0.9983435
-0.9984226
-0.9983
-0.99818057
-0.99830407
-0.9983576
-0.998363
-0.9983589
-0.99837524
-0.99832875
-0.9983946
-0.99838084
-0.99834424
-0.9982229
-0.9982848
-0.9982003
-0.99823105
-0.99827904
-0.9982489
-0.99834734
-0.9983043
-0.99837667
-0.99823
-0.9982595
-0.9982609
-0.99830973
-0.9983753
-0.99827886
-0.9982751
-0.9982654
-0.9984137
-0.99828285
-0.99828196
-0.9982102
-0.9983567
-0.99829876
-0.99838954
-0.99843454
-0.9983433
-0.99825853
-0.99836266
-0.9983951
-0.9983696
-0.99835753
-0.9983131
-0.9982745
-0.9982977
-0.9983596
-0.9983009
-0.9983103
-0.9983136
-0.9983857
-0.99829376
-0.9982593
-0.99836874
-0.9983608
-0.9984043
-0.9983515
-0.99831635
-0.9983234
-0.99837756
-0.99831
-0.9983764
-0.99825025
-0.9982862
-0.99829054
-0.9983659
-0.9983797
-0.99837667
-0.9983568
-0.99824715
-0.9981988
-0.99841094
-0.9983947
-0.99833214
-0.9983656
-0.99830216
-0.9983512
-0.99835235
-0.9983973
-0.99830884
-0.998388
-0.9983052
-0.99840623
-0.9983751
-0.99835557
-0.99836606
-0.9983473
-0.99838555
-0.99832195
-0.9985015
-0.9984387
-0.9983524
-0.9983553
-0.99835646
-0.99832344
-0.9983755
-0.9983443
-0.9983967
-0.9982994
-0.99828523
-0.99847156
-0.99836916
-0.9982933
-0.9982447
-0.9982426
-0.99825
-0.99824667
-0.99828357
-0.99818844
-0.9983439
-0.9983209
-0.9983404
-0.99835473
-0.9983016
-0.9982848
-0.9983159
-0.9982622
-0.99827975
-0.9982521
-0.99844164
-0.99836165
-0.9982582
-0.9982998
-0.99833465
-0.9984128
-0.9982982
-0.998342
-0.9982092
-0.99827844
-0.9981045
-0.9983019
-0.9984081
-0.9983772
-0.99829483
-0.9983103
-0.9983597
-0.99842757
-0.9983863
-0.99827933
-0.99828726
-0.9983466
-0.9983526
-0.9983203
-0.9983578
-0.9983544
-0.9984114
-0.9983764
-0.99841934
-0.9983222
-0.9982956
-0.99821156
-0.99838907
-0.99843246
-0.99842477
-0.99826646
-0.9982522
-0.99812794
-0.99816984
-0.99815494
-0.9982025
-0.99835527
-0.998314
-0.998439
-0.998184
-0.99816036
-0.99789953
-0.9977575
-0.9975906
-0.9975497
-0.99793303
-0.9982048
-0.9983338
-0.9980249
-0.99772793
-0.99767137
-0.9979065
-0.9981571
-0.99814194
-0.9978997
-0.9976363
-0.9977181
-0.99818444
-0.9983805
-0.99807817
-0.9978816
-0.9982078
-0.99839306
-0.99801403
-0.9977067
-0.99776584
-0.99805975
-0.9982794
-0.9980229
-0.99786144
-0.9982195
-0.9984221
-0.9981916
-0.9979071
-0.997946
-0.9982397
-0.99833894
-0.9981798
-0.99831086
-0.9983328
-0.9983
-0.9981833
-0.9982348
-0.99834985
-0.9984237
-0.9982795
-0.9983417
-0.99833006
-0.9982875
-0.9981754
-0.99830437
-0.9983693
-0.99836165
-0.99823534
-0.99824613
-0.998353
-0.99835473
-0.99832654
-0.9982971
-0.9983793
-0.9983079
-0.9983804
-0.99836123
-0.99836427
-0.9983896
-0.99831694
-0.9983611
-0.9984355
-0.9984535
-0.99838775
-0.9983752
-0.99837756
-0.9982768
-0.9984649
-0.9982689
-0.99839324
-0.9982832
-0.9982994
-0.99838924
-0.9984065
-0.99836856
-0.99835175
-0.99827886
-0.998439
-0.9984174
-0.99834645
-0.99844027
-0.9984117
-0.99833745
-0.99847364
-0.9984236
-0.9984241
-0.9983703
-0.9984557
-0.9984289
-0.9983588
-0.99840546
-0.9984043
-0.99833935
-0.99837947
-0.99841243
-0.99841595
-0.9983414
-0.9983527
-0.99840623
-0.9984502
-0.9984334
-0.99844235
-0.99832904
-0.9983442
-0.9984386
-0.99836403
-0.9984708
-0.99819064
-0.9982846
-0.9982808
-0.9983285
-0.998391
-0.99839526
-0.9983368
-0.99830794
-0.9984329
-0.9983035
-0.99838644
-0.99834067
-0.99837345
-0.99835634
-0.998394
-0.9984125
-0.9983315
-0.99843806
-0.99845064
-0.9983639
-0.998376
-0.99839234
-0.998373
-0.99838156
-0.99840045
-0.9985233
-0.9984565
-0.9984679
-0.9983562
-0.9984728
-0.9982006
-0.9983405
-0.99832636
-0.99831885
-0.99846315
-0.99834883
-0.99851483
-0.99831426
-0.99840194
-0.9983685
-0.99831146
-0.9984382
-0.9985425
-0.9983196
-0.9982932
-0.9982319
-0.9982438
-0.99837184
-0.9984325
-0.9983242
-0.99831885
-0.99826145
-0.99826336
-0.9982946
-0.9984169
-0.99841785
-0.9984305
-0.9984643
-0.99833083
-0.998309
-0.9983744
-0.9984271
-0.99834895
-0.9983088
-0.99816746
-0.99823415
-0.99836916
-0.99843884
-0.998368
-0.998268
-0.99828655
-0.9983424
-0.9984344
-0.99843144
-0.9983261
-0.9982883
-0.9982434
-0.99833804
-0.99824375
-0.9981962
-0.9982032
-0.9982325
-0.9983968
-0.9983185
-0.9984298
-0.9983933
-0.9983408
-0.9983662
-0.9983593
-0.99838287
-0.9982909
-0.99827236
-0.99832976
-0.998452
-0.99839556
-0.9984177
-0.9982718
-0.99845475
-0.9984395
-0.99832815
-0.99842346
-0.99835783
-0.99832845
-0.99826723
-0.99840444
-0.998309
-0.99835986
-0.99838483
-0.99842787
-0.9983426
-0.9984495
-0.99837595
-0.99836355
-0.9983778
-0.99836916
-0.9984307
-0.99843276
-0.99839497
-0.9983397
-0.9983196
-0.9984134
-0.9984223
-0.99835587
-0.9981864
-0.99811697
-0.99818766
-0.998248
-0.9984878
-0.9983887
-0.9982631
-0.9982187
-0.9983459
-0.9984361
-0.9983911
-0.99823374
-0.99829835
-0.99838924
-0.99833024
-0.9983555
-0.9984903
-0.9983428
-0.99835116
-0.9983788
-0.9983115
-0.99833256
-0.99834436
-0.9982786
-0.9984153
-0.998471
-0.9983947
-0.9983007
-0.9982783
-0.99829423
-0.9984071
-0.9983603
-0.99834317
-0.99834543
-0.9984091
-0.99837786
-0.9984101
-0.99837077
-0.998386
-0.99832857
-0.99834996
-0.9984322
-0.9984453
-0.99843407
-0.9983973
-0.99833375
-0.9983031
-0.9983427
-0.99833286
-0.99825376
-0.99832225
-0.99838114
-0.9983673
-0.9984717
-0.99842876
-0.99832845
-0.99840033
-0.99843585
-0.9984152
-0.9983893
-0.9982975
-0.9982354
-0.9984202
-0.9983357
-0.9984089
-0.9984052
-0.9983498
-0.9984646
-0.9984191
-0.9983914
-0.9984217
-0.9984202
-0.99840134
-0.9983811
-0.99826354
-0.9984164
-0.99829596
-0.9983381
-0.9982949
-0.9983411
-0.99840736
-0.99839157
-0.99838305
-0.99839073
-0.998419
-0.9982849
-0.99827945
-0.99824697
-0.99830693
-0.99836
-0.99839944
-0.9983862
-0.9984659
-0.99835414
-0.9984846
-0.9984578
-0.9983512
-0.99841845
-0.9984511
-0.9984655
-0.9982949
-0.9983435
-0.99832094
-0.99835485
-0.99837714
-0.99842584
-0.99841046
-0.99840474
-0.9984392
-0.99836576
-0.9984489
-0.9983567
-0.9983548
-0.99826986
-0.9981808
-0.9981882
-0.9984047
-0.99830055
-0.998389
-0.9982582
-0.9980494
-0.99808264
-0.9980671
-0.998255
-0.9984168
-0.99838775
-0.99833626
-0.9982316
-0.9982357
-0.9983775
-0.99836
-0.9982752
-0.9980159
-0.99794036
-0.99801683
-0.9982096
-0.99831235
-0.9982784
-0.9980594
-0.99823236
-0.99831665
-0.99837124
-0.9981378
-0.9979262
-0.9977668
-0.9977511
-0.99816227
-0.9983179
-0.9982689
-0.99795085
-0.99799645
-0.99824995
-0.99839896
-0.99816126
-0.9980286
-0.9980883
-0.99822897
-0.9984273
-0.99834824
-0.99815184
-0.9980372
-0.9980814
-0.99833226
-0.99848324
-0.9983591
-0.9981632
-0.998174
-0.9982688
-0.99840367
-0.99846053
-0.9983983
-0.9983015
-0.9983087
-0.9983194
-0.9983967
-0.9983713
-0.9984367
-0.9984167
-0.9984008
-0.9982383
-0.99821264
-0.9982026
-0.9982151
-0.99828845
-0.9982781
-0.9983722
-0.9983325
-0.9983778
-0.9983881
-0.99839336
-0.99837583
-0.99831426
-0.9983467
-0.9983875
-0.99831367
-0.99841475
-0.99839205
-0.9984193
-0.9984287
-0.9983631
-0.99843335
-0.99848104
-0.9984619
-0.9983792
-0.9984178
-0.9984661
-0.9983608
-0.99832565
-0.9983881
-0.99836296
-0.99830866
-0.9984226
-0.99839085
-0.998327
-0.9985121
-0.99834585
-0.9982851
-0.9983726
-0.99829215
-0.99839884
-0.9984267
-0.9983789
-0.99832785
-0.99819493
-0.99821377
-0.9983444
-0.99847776
-0.99845415
-0.9982909
-0.99834037
-0.99823314
-0.9983472
-0.9983503
-0.99833864
-0.99835837
-0.9983351
-0.99841905
-0.99834627
-0.99840015
-0.9983882
-0.9984731
-0.9984093
-0.9984632
-0.99832356
-0.99840415
-0.99839664
-0.99838716
-0.99839085
-0.9982496
-0.9984009
-0.9984014
-0.9984192
-0.99840516
-0.99843353
-0.998316
-0.9983243
-0.998347
-0.99841654
-0.99840146
-0.9984337
-0.9983515
-0.99842733
-0.9983885
-0.9984833
-0.99832386
-0.9982783
-0.99832386
-0.99834263
-0.9984099
-0.99838084
-0.99824136
-0.9981241
-0.99817854
-0.9984362
-0.9984589
-0.99824876
-0.99815124
-0.998125
-0.9983343
-0.9984125
-0.9982344
-0.99817705
-0.99815667
-0.9983017
-0.9984875
-0.99828476
-0.998237
-0.9982435
-0.998312
-0.9983347
-0.9984472
-0.9982632
-0.9983531
-0.9984014
-0.9984509
-0.9982348
-0.998391
-0.99843395
-0.9984736
-0.998295
-0.9982848
-0.99844855
-0.99843806
-0.9984184
-0.9983441
-0.9982776
-0.9983175
-0.9983859
-0.99836373
-0.9982502
-0.9982475
-0.9983115
-0.9982202
-0.99808604
-0.9980665
-0.99821854
-0.99839604
-0.99842185
-0.99825037
-0.99813867
-0.99815536
-0.9983815
-0.99842614
-0.9983619
-0.99830735
-0.99829215
-0.99836206
-0.99833286
-0.99827707
-0.99839354
-0.99843735
-0.99842256
-0.99838984
-0.9985229
-0.9984103
-0.9984982
-0.9983222
-0.9983795
-0.99827665
-0.9983949
-0.9983275
-0.9984437
-0.99847466
-0.9983766
-0.99834716
-0.99847865
-0.99842453
-0.99833626
-0.9983225
-0.9983261
-0.99841446
-0.99848855
-0.9984053
-0.99830544
-0.99819314
-0.99842757
-0.99847335
-0.9984004
-0.99829644
-0.9983453
-0.9982864
-0.9983704
-0.998389
-0.99842703
-0.99836004
-0.99827415
-0.9983537
-0.99847186
-0.9985043
-0.9983764
-0.9984223
-0.9983804
-0.9983027
-0.9984294
-0.9984855
-0.99841475
-0.9983827
-0.9982831
-0.9982546
-0.9983709
-0.9983044
-0.9983629
-0.99847287
-0.99847937
-0.99831903
-0.9984262
-0.99842066
-0.9983519
-0.99841344
-0.9984131
-0.99846154
-0.9984596
-0.99838185
-0.99848527
-0.99837375
-0.99839044
-0.9984035
-0.99841136
-0.9983872
-0.99839985
-0.99839085
-0.9983921
-0.99845505
-0.99833477
-0.9982931
-0.99837947
-0.998469
-0.9983838
-0.99844766
-0.9984155
-0.99846876
-0.9984126
-0.99835396
-0.99835813
-0.9983431
-0.9984261
-0.9984244
-0.99830765
-0.99833363
-0.9984447
-0.9983289
-0.9984411
-0.9984515
-0.9984085
-0.9983022
-0.99828976
-0.99813044
-0.99814546
-0.9983503
-0.9983655
-0.99843603
-0.99838114
-0.9983351
-0.99817485
-0.99830407
-0.9982931
-0.99830234
-0.9983524
-0.9983588
-0.9983788
-0.9985091
-0.9984971
-0.99821347
-0.9982357
-0.99825394
-0.99833995
-0.99845845
-0.9983586
-0.9983858
-0.9984055
-0.99836797
-0.99845326
-0.9984298
-0.9983768
-0.9984013
-0.9983491
-0.9982324
-0.9982958
-0.9983124
-0.9982947
-0.99844265
-0.9984102
-0.9983307
-0.99830514
-0.9983573
-0.99835587
-0.99848187
-0.9983705
-0.99833024
-0.99844503
-0.9983914
-0.99843335
-0.9984592
-0.99836576
-0.99824244
-0.99821866
-0.9982378
-0.9983378
-0.99830616
-0.99839085
-0.99816495
-0.99822223
-0.9982743
-0.99825233
-0.99840397
-0.998489
-0.9983506
-0.99824196
-0.99829584
-0.9982734
-0.998373
-0.99847347
-0.9983492
-0.998413
-0.9982602
-0.99837303
-0.9983785
-0.99847144
-0.99837863
-0.9983546
-0.9984463
-0.9984041
-0.9984508
-0.9984597
-0.99844795
-0.9984583
-0.9983867
-0.9984849
-0.99838215
-0.9985621
-0.9984179
-0.99841213
-0.99843943
-0.9983706
-0.9985054
-0.9984358
-0.9984056
-0.9983377
-0.9983394
-0.9984076
-0.99844646
-0.9984418
-0.99832886
-0.99836874
-0.99824476
-0.9983762
-0.9984678
-0.9983832
-0.99840826
-0.9983099
-0.9983149
-0.99842703
-0.9983617
-0.99839926
-0.99836034
-0.9984206
-0.9983285
-0.99831283
-0.99839497
-0.9983179
-0.99840283
-0.99844724
-0.9985312
-0.9984971
-0.998325
-0.9983314
-0.9983684
-0.99837625
-0.99847114
-0.99825484
-0.9983718
-0.99833673
-0.9983032
-0.9983824
-0.9984681
-0.99844205
-0.9985237
-0.9984096
-0.99845487
-0.9985518
-0.99843013
-0.99845105
-0.9983396
-0.99837834
-0.998371
-0.99836016
-0.99826515
-0.9983749
-0.99834865
-0.99845505
-0.99853057
-0.9983813
-0.9983588
-0.9983499
-0.9984276
-0.9983552
-0.99845797
-0.9984203
-0.99837255
-0.9983792
-0.99832237
-0.99835384
-0.9983758
-0.9984907
-0.99845076
-0.9983824
-0.9984582
-0.9984042
-0.9983526
-0.99832445
-0.9982666
-0.9983986
-0.99838746
-0.9984077
-0.99836093
-0.998298
-0.9982446
-0.99826944
-0.99837303
-0.9984125
-0.9983973
-0.99833703
-0.9982403
-0.9982845
-0.9983993
-0.9984434
-0.9984384
-0.9983263
-0.99826956
-0.99825335
-0.99829054
-0.99831694
-0.99833596
-0.9984064
-0.9984316
-0.99845403
-0.99844044
-0.9983554
-0.998401
-0.99846596
-0.9983546
-0.9985062
-0.9984335
-0.9983801
-0.99837404
-0.9983224
-0.99837196
-0.9983823
-0.9983812
-0.9983479
-0.99843574
-0.99843675
-0.9983547
-0.99839437
-0.99841624
-0.998522
-0.9984557
-0.9984575
-0.9983738
-0.9983641
-0.99848837
-0.9984468
-0.998453
-0.9984027
-0.9985028
-0.9984817
-0.9983814
-0.9984701
-0.99845576
-0.99834263
-0.9982816
-0.99825525
-0.99811846
-0.998156
-0.99815285
-0.99823695
-0.99830997
-0.99845564
-0.9983123
-0.9984099
-0.9982646
-0.99829364
-0.9982183
-0.99837905
-0.9983092
-0.9983616
-0.9983314
-0.99829763
-0.9981967
-0.9981503
-0.998197
-0.9983175
-0.9984198
-0.99841285
-0.9983329
-0.99830693
-0.99829805
-0.9983538
-0.9983142
-0.99848604
-0.998432
-0.9984574
-0.9984818
-0.99839574
-0.99842644
-0.9984063
-0.99836916
-0.99831486
-0.9983646
-0.9983215
-0.998499
-0.9984898
-0.99844176
-0.9984418
-0.99838877
-0.9983743
-0.9984132
-0.99843013
-0.99838585
-0.99835354
-0.998417
-0.9985007
-0.9983823
-0.998158
-0.9982066
-0.9982275
-0.998329
-0.9983618
-0.99826556
-0.99817246
-0.99800307
-0.9979445
-0.99811965
-0.9983559
-0.998336
-0.99818236
-0.99795324
-0.998134
-0.99831307
-0.9983286
-0.99817365
-0.9981478
-0.9982343
-0.99842656
-0.9984657
-0.9983485
-0.9982912
-0.99828786
-0.9984504
-0.9984174
-0.9984934
-0.99837154
-0.9983238
-0.99840736
-0.99846184
-0.99840605
-0.9984826
-0.99836063
-0.99852973
-0.9983456
-0.99850804
-0.9985099
-0.99836415
-0.9984173
-0.99836904
-0.99836946
-0.99831533
-0.9983629
-0.9983332
-0.9983779
-0.99837106
-0.998396
-0.9984709
-0.9984112
-0.9984757
-0.9983994
-0.99837
-0.99836934
-0.9984804
-0.99839026
-0.9983617
-0.9984031
-0.9984837
-0.99836737
-0.99841964
-0.99845326
-0.99833816
-0.99837756
-0.99842066
-0.9985158
-0.9984905
-0.99847025
-0.9983996
-0.99831533
-0.99843013
-0.99843293
-0.9985504
-0.9983375
-0.9984159
-0.99838567
-0.998341
-0.9984154
-0.99836886
-0.99824065
-0.9983355
-0.9984149
-0.9984321
-0.99838865
-0.99834704
-0.99834645
-0.99837035
-0.99838644
-0.9984144
-0.99850154
-0.9984233
-0.9984669
-0.9984722
-0.9985326
-0.99846315
-0.99845785
-0.99856687
-0.99843645
-0.99847203
-0.9984765
-0.99838483
-0.99842155
-0.9983573
-0.99845946
-0.99853146
-0.9984371
-0.99842495
-0.99851745
-0.99845254
-0.9983945
-0.99836814
-0.9983707
-0.9983728
-0.99836206
-0.99842143
-0.9985131
-0.9983929
-0.9983659
-0.99849373
-0.99845153
-0.9983956
-0.9984253
-0.9984445
-0.9983849
-0.9983728
-0.99843156
-0.99838185
-0.99843425
-0.99837065
-0.99846745
-0.99845743
-0.99835044
-0.9983715
-0.99843305
-0.99838686
-0.9984633
-0.9984259
-0.9983787
-0.99819565
-0.99809456
-0.9980842
-0.99824184
-0.99839866
-0.9984643
-0.99844015
-0.9983192
-0.99829715
-0.99833286
-0.9983514
-0.99843425
-0.99841374
-0.99838483
-0.99844486
-0.99834234
-0.99839795
-0.99838185
-0.9984087
-0.9984868
-0.9983673
-0.9983012
-0.9981697
-0.9979886
-0.99781287
-0.99773335
-0.9979087
-0.99805915
-0.99844146
-0.9984032
-0.9983646
-0.99809504
-0.99793655
-0.99791175
-0.9981736
-0.9983447
-0.99834335
-0.9983595
-0.99828905
-0.9983268
-0.99842143
-0.9983163
-0.998294
-0.9982312
-0.99809927
-0.9982508
-0.9982605
-0.9984395
-0.998383
-0.9982891
-0.9983442
-0.9984097
-0.99837375
-0.9984155
-0.99832505
-0.9983019
-0.99816173
-0.9981988
-0.9982415
-0.9983097
-0.9983831
-0.99842244
-0.99850816
-0.9984689
-0.9984961
-0.99846977
-0.99835896
-0.9984855
-0.9983147
-0.99835455
-0.9984085
-0.9984233
-0.99844503
-0.9983051
-0.9983708
-0.99838614
-0.99845034
-0.9984013
-0.9983659
-0.9983257
-0.99845093
-0.99846286
-0.9984065
-0.9984151
-0.9984072
-0.99839246
-0.99839574
-0.99852353
-0.9984115
-0.998407
-0.9982921
-0.9982951
-0.9983402
-0.9983369
-0.9983169
-0.9983648
-0.9984954
-0.9984755
-0.99842733
-0.99834526
-0.99821436
-0.9983435
-0.9983834
-0.9984117
-0.99824446
-0.9981674
-0.99804974
-0.99796784
-0.99811524
-0.9983519
-0.9984886
-0.9982594
-0.99802154
-0.9979666
-0.9984044
-0.9985293
-0.99797744
-0.99763125
-0.99771315
-0.99820656
-0.99846995
-0.99817926
-0.99792516
-0.9980157
-0.99828786
-0.9983951
-0.99824154
-0.9981596
-0.9982257
-0.998383
-0.99839664
-0.9983218
-0.9982944
-0.9983626
-0.9985267
-0.99840057
-0.9983719
-0.9983385
-0.9984959
-0.9984804
-0.9983739
-0.99836785
-0.99840415
-0.9984697
-0.99848735
-0.9984245
-0.9984498
-0.998312
-0.998475
-0.9983708
-0.99844724
-0.99848056
-0.9984848
-0.9983686
-0.9984409
-0.99845386
-0.99838185
-0.9983764
-0.9983653
-0.99836475
-0.99844474
-0.99832696
-0.998455
-0.9984447
-0.99841064
-0.99850047
-0.9983998
-0.9983794
-0.9981905
-0.9982418
-0.99831605
-0.99841475
-0.99834627
-0.9983698
-0.99824107
-0.9982249
-0.99824953
-0.99840224
-0.9984923
-0.99840844
-0.99829763
-0.9982147
-0.9983429
-0.99840367
-0.99838537
-0.99833184
-0.99829495
-0.9982953
-0.99833345
-0.9983775
-0.99845135
-0.99837995
-0.9983218
-0.9982595
-0.99838763
-0.9984316
-0.99846685
-0.9984178
-0.9984004
-0.9983154
-0.9982987
-0.99841744
-0.99831337
-0.9984865
-0.9983646
-0.99844694
-0.99849296
-0.99842644
-0.9984626
-0.9984151
-0.9984339
-0.9984745
-0.99841034
-0.9984817
-0.9983304
-0.99849635
-0.9983862
-0.9984417
-0.99853754
-0.9984294
-0.9984587
-0.9984712
-0.99837005
-0.9984517
-0.9983979
-0.9984929
-0.998449
-0.99839425
-0.9983954
-0.9984747
-0.9984001
-0.9984167
-0.99842
-0.99840283
-0.99842286
-0.9983561
-0.9983299
-0.9983185
-0.99827594
-0.99833775
-0.9983909
-0.99846
-0.998493
-0.9983487
-0.9983629
-0.9985088
-0.9984068
-0.99838716
-0.99847066
-0.99837995
-0.9984609
-0.99855757
-0.9983691
-0.9984936
-0.9984833
-0.9985024
-0.998374
-0.9983759
-0.99843407
-0.99841774
-0.998454
-0.9983456
-0.99833244
-0.99825543
-0.99826914
-0.9985001
-0.99843395
-0.9983978
-0.9983403
-0.9983756
-0.9984869
-0.99847585
-0.99841267
-0.9983458
-0.9982951
-0.99829376
-0.99837023
-0.99847525
-0.998458
-0.9984176
-0.99841464
-0.9984074
-0.99838424
-0.99848115
-0.9984722
-0.99846625
-0.9983559
-0.99837285
-0.9983542
-0.9983935
-0.9983558
-0.9983453
-0.9983773
-0.9984566
-0.99849457
-0.9984054
-0.9982961
-0.9982873
-0.9985115
-0.9984724
-0.99853635
-0.99843794
-0.99830294
-0.99832433
-0.9984251
-0.99839324
-0.998372
-0.9984237
-0.9984804
-0.9984996
-0.9983852
-0.99848807
-0.99843174
-0.99846816
-0.99843466
-0.9984104
-0.9983836
-0.99845344
-0.9984728
-0.9984346
-0.9984096
-0.9984559
-0.99847096
-0.99841636
-0.9983967
-0.99852186
-0.9985001
-0.99844605
-0.9984764
-0.9983603
-0.9985352
-0.9984761
-0.998383
-0.99844843
-0.9984265
-0.9984185
-0.9984431
-0.9983577
-0.99844676
-0.998403
-0.9983629
-0.9984759
-0.9984339
-0.99841225
-0.9983703
-0.99826586
-0.99829465
-0.99832654
-0.99848634
-0.9984311
-0.99831986
-0.9983337
-0.99825156
-0.99838215
-0.99836487
-0.9983774
-0.99843705
-0.998398
-0.9984383
-0.9984155
-0.9984674
-0.9983799
-0.99842554
-0.9984743
-0.9984983
-0.9984837
-0.9984612
-0.99851644
-0.9984778
-0.99839616
-0.9984287
-0.99844545
-0.9984125
-0.99833184
-0.99828583
-0.998327
-0.9983438
-0.99837595
-0.99837035
-0.99840796
-0.99849933
-0.99832046
-0.99831456
-0.99826956
-0.9983283
-0.9983076
-0.9985094
-0.9984499
-0.99838525
-0.99839056
-0.9983056
-0.9983459
-0.9984407
-0.9985049
-0.9983574
-0.9985308
-0.99835676
-0.9984418
-0.9984635
-0.99842554
-0.99824506
-0.99804753
-0.99781054
-0.997699
-0.99785674
-0.99812686
-0.9983946
-0.99845594
-0.99828595
-0.9982848
-0.99839014
-0.9984296
-0.99847263
-0.9983145
-0.9984399
-0.9983697
-0.998369
-0.99831295
-0.9983864
-0.99837583
-0.99852824
-0.99847037
-0.99837804
-0.99827653
-0.99826854
-0.9982655
-0.99844176
-0.99842966
-0.99840224
-0.99844956
-0.99834955
-0.9985937
-0.9983931
-0.9984007
-0.99835205
-0.9983808
-0.9984267
-0.99841654
-0.9983752
-0.9984319
-0.9984028
-0.9984907
-0.99853605
-0.99845386
-0.9983165
-0.9984278
-0.9983355
-0.99852604
-0.99846035
-0.99845815
-0.9984873
-0.9984491
-0.9984732
-0.9985185
-0.99834037
-0.99841696
-0.998479
-0.9983992
-0.9984742
-0.99840915
-0.998404
-0.998521
-0.99842715
-0.9984743
-0.9985451
-0.9983014
-0.9985304
-0.99844414
-0.998553
-0.99837357
-0.998443
-0.99845326
-0.9984323
-0.998363
-0.9984182
-0.99835616
-0.99838954
-0.9983551
-0.9985071
-0.99852824
-0.99849284
-0.99848264
-0.99839205
-0.9984401
-0.99844056
-0.9984258
-0.9985156
-0.9984907
-0.9984152
-0.9984764
-0.99848866
-0.9985299
-0.99845684
-0.9983331
-0.99843067
-0.99846625
-0.99844545
-0.9983559
-0.998424
-0.9984269
-0.9982701
-0.9983586
-0.9983373
-0.99831
-0.9982925
-0.99845505
-0.9984733
-0.99846697
-0.9984486
-0.99854785
-0.998475
-0.9985552
-0.9985266
-0.9983945
-0.9983625
-0.99838156
-0.9983152
-0.9984081
-0.9984281
-0.9983655
-0.9984537
-0.99838245
-0.9985041
-0.9984862
-0.99853516
-0.9984592
-0.998469
-0.99844307
-0.9984119
-0.9985028
-0.998493
-0.9984144
-0.9984448
-0.9985175
-0.998466
-0.9984714
-0.9983823
-0.998515
-0.99831694
-0.99834514
-0.9984418
-0.99838835
-0.9985073
-0.99842924
-0.99849653
-0.9984215
-0.9985203
-0.9984356
-0.99837226
-0.99842113
-0.9983906
-0.9983042
-0.998285
-0.99834085
-0.9983713
-0.99857837
-0.99845
-0.99845254
-0.9984397
-0.99834627
-0.9982963
-0.9983952
-0.9983608
-0.99834937
-0.99838126
-0.9984955
-0.9984624
-0.99844885
-0.9984546
-0.9985207
-0.9984814
-0.9983958
-0.9984229
-0.9983673
-0.9984582
-0.9984264
-0.9984132
-0.9984275
-0.99839544
-0.99845904
-0.99832845
-0.9983142
-0.9983071
-0.9984306
-0.99843365
-0.9985427
-0.998252
-0.9981977
-0.99816865
-0.9982363
-0.9984096
-0.9984418
-0.9983805
-0.99834406
-0.9984079
-0.99838305
-0.9983924
-0.9985072
-0.99835736
-0.99832875
-0.9982869
-0.99823296
-0.9983079
-0.99844074
-0.9984338
-0.9983866
-0.99840206
-0.9985397
-0.9983545
-0.998484
-0.99841213
-0.9983104
-0.9983516
-0.9984026
-0.99845254
-0.9984968
-0.99838954
-0.9983913
-0.99842787
-0.998412
-0.99838346
-0.9984377
-0.99836165
-0.99834687
-0.99830115
-0.9980565
-0.99779713
-0.9974465
-0.9972988
-0.99727505
-0.99748206
-0.9980435
-0.99849874
-0.9981907
-0.99770045
-0.99741906
-0.9975427
-0.99791116
-0.9982453
-0.9983085
-0.9983528
-0.9981392
-0.99824953
-0.9983745
-0.9984614
-0.9984649
-0.9984524
-0.9984467
-0.9982904
-0.99832934
-0.99842435
-0.9983765
-0.99844974
-0.9985229
-0.9984962
-0.9984407
-0.9983859
-0.9983732
-0.9984477
-0.9984267
-0.99842614
-0.9983474
-0.99844086
-0.9983904
-0.998433
-0.99840933
-0.99833935
-0.9983042
-0.99850327
-0.9985322
-0.9984058
-0.9983469
-0.9984425
-0.998524
-0.998422
-0.99829006
-0.99819976
-0.99833184
-0.9984743
-0.99852884
-0.99841446
-0.9983579
-0.99843526
-0.99836105
-0.99838066
-0.99836946
-0.99844766
-0.9984577
-0.9985037
-0.99848
-0.9983437
-0.99846005
-0.9983429
-0.9984184
-0.9984409
-0.9983733
-0.99841124
-0.99837834
-0.99843717
-0.9984196
-0.9983709
-0.99832004
-0.9982976
-0.9984397
-0.99836475
-0.99827427
-0.9983023
-0.99840206
-0.99842525
-0.9983467
-0.9983799
-0.99830014
-0.9985111
-0.9984546
-0.9984654
-0.99845684
-0.99848026
-0.99843085
-0.9983734
-0.9982132
-0.99825877
-0.9982469
-0.99840575
-0.99842143
-0.99836564
-0.99837327
-0.99834085
-0.9983859
-0.99852866
-0.99843186
-0.99832916
-0.9983159
-0.9984191
-0.99847996
-0.99844176
-0.998441
-0.9984273
-0.99838483
-0.9984496
-0.9984677
-0.9983608
-0.99832976
-0.9983407
-0.9983456
-0.99853057
-0.99853384
-0.99845535
-0.99841964
-0.9985
-0.9984577
-0.9984429
-0.99847203
-0.99838346
-0.9984708
-0.9984421
-0.9985384
-0.99837625
-0.99847347
-0.9984405
-0.99849194
-0.9985166
-0.99846786
-0.99849856
-0.9984881
-0.9985013
-0.9983964
-0.9984565
-0.9984625
-0.9983323
-0.99827635
-0.9982205
-0.9981351
-0.9982669
-0.9983077
-0.9983638
-0.9984641
-0.9984465
-0.99837625
-0.9984585
-0.9985258
-0.99855345
-0.9985539
-0.99834806
-0.99844605
-0.99836254
-0.9982825
-0.99833465
-0.99833155
-0.99842554
-0.99853104
-0.99850947
-0.99852526
-0.9984709
-0.99844855
-0.99847966
-0.99838585
-0.998419
-0.9983481
-0.998288
-0.99828327
-0.9983211
-0.9983753
-0.99838156
-0.99840784
-0.9982636
-0.99840814
-0.99834335
-0.99842936
-0.9984717
-0.998335
-0.9982653
-0.9984189
-0.99839747
-0.99838364
-0.9983174
-0.9982456
-0.99829495
-0.9984322
-0.9985192
-0.9984563
-0.9983393
-0.99845946
-0.9984728
-0.9984755
-0.9984534
-0.99835193
-0.9984002
-0.9983143
-0.99840045
-0.9984787
-0.9984355
-0.9982281
-0.998424
-0.99838173
-0.9984778
-0.998483
-0.9984885
-0.9984092
-0.99845195
-0.99839133
-0.9984753
-0.998397
-0.9982462
-0.9984164
-0.9984367
-0.99845624
-0.9984033
-0.998212
-0.998006
-0.9979533
-0.9980006
-0.9981848
-0.99816656
-0.99820894
-0.9981065
-0.9981607
-0.99828064
-0.99835896
-0.998385
-0.9983291
-0.9981419
-0.99807197
-0.99810344
-0.99813104
-0.99825615
-0.9983455
-0.99830055
-0.99822164
-0.9981469
-0.99812686
-0.9983153
-0.9984069
-0.99838996
-0.99830264
-0.9983566
-0.99847525
-0.9984128
-0.9983506
-0.9982412
-0.99836516
-0.9984807
-0.99840724
-0.99837494
-0.9983233
-0.99843454
-0.99837285
-0.9983545
-0.99832964
-0.9983212
-0.99832773
-0.9984036
-0.99845636
-0.99838066
-0.99836785
-0.9983949
-0.9983607
-0.9984342
-0.99849147
-0.9984268
-0.998287
-0.9982323
-0.99829555
-0.9984669
-0.9983824
-0.9984067
-0.9983359
-0.9983938
-0.9983612
-0.99851
-0.998343
-0.9983056
-0.99829036
-0.99834055
-0.9984024
-0.9985526
-0.99841315
-0.9982875
-0.99840754
-0.9984734
-0.9984955
-0.99843323
-0.9983577
-0.99837726
-0.9984069
-0.99854195
-0.9984245
-0.99838424
-0.99840987
-0.9983738
-0.998377
-0.99835664
-0.9984229
-0.9983531
-0.9983787
-0.9985272
-0.99843884
-0.9984017
-0.9984962
-0.99842197
-0.998372
-0.9984192
-0.9983957
-0.99833024
-0.9984826
-0.99850196
-0.99844533
-0.9984441
-0.99850905
-0.9984596
-0.99857295
-0.9985149
-0.99839354
-0.99840087
-0.9985026
-0.9984677
-0.9984541
-0.9984679
-0.99856824
-0.9984354
-0.9984272
-0.9983848
-0.9984446
-0.9985018
-0.99845326
-0.99845415
-0.9984733
-0.998514
-0.998421
-0.9983783
-0.99831265
-0.9984515
-0.9984454
-0.9983962
-0.9983687
-0.99848074
-0.9984016
-0.99846125
-0.9984728
-0.99836546
-0.9984968
-0.99842453
-0.99850327
-0.99844277
-0.99843866
-0.998479
-0.9983949
-0.99840707
-0.9985041
-0.99843
-0.9985103
-0.9985311
-0.99841726
-0.9984728
-0.99842644
-0.9984211
-0.99843645
-0.9984161
-0.9983903
-0.9985249
-0.9984806
-0.9984318
-0.99843025
-0.9984783
-0.99846494
-0.9984712
-0.99850416
-0.9985023
-0.9984754
-0.99851394
-0.99846923
-0.99834657
-0.99852085
-0.9983752
-0.99837375
-0.99835503
-0.99843913
-0.99845606
-0.998484
-0.9982776
-0.99820656
-0.99817276
-0.9982698
-0.99843293
-0.99850464
-0.9984402
-0.9983221
-0.99824613
-0.99838746
-0.9983768
-0.9984831
-0.9985415
-0.9983552
-0.99831116
-0.9981374
-0.998268
-0.9982773
-0.99845153
-0.9983425
-0.998371
-0.9983267
-0.9983655
-0.9984746
-0.99849886
-0.9983879
-0.99835384
-0.9982702
-0.99824154
-0.9983274
-0.9984019
-0.99848133
-0.99841386
-0.99837226
-0.99831504
-0.9983396
-0.9983822
-0.99835145
-0.99826384
-0.99820423
-0.99815303
-0.9981502
-0.9982239
-0.9984594
-0.9984283
-0.99827
-0.9982384
-0.99834454
-0.9984663
-0.99842626
-0.9982838
-0.9982197
-0.9984248
-0.9984674
-0.99817765
-0.9979261
-0.99772835
-0.997832
-0.9981286
-0.99827516
-0.9982595
-0.9981535
-0.9981225
-0.99823093
-0.99836534
-0.99828607
-0.9981497
-0.9981681
-0.9983134
-0.99844027
-0.9982151
-0.99816865
-0.9982789
-0.99849445
-0.9983753
-0.9980151
-0.99789023
-0.9978427
-0.9981981
-0.9983254
-0.9983001
-0.99794555
-0.99805397
-0.99841565
-0.9982605
-0.9979417
-0.9978218
-0.99797827
-0.9984388
-0.998337
-0.9981841
-0.9980749
-0.99832886
-0.9984171
-0.99829787
-0.9982258
-0.9983474
-0.9985372
-0.9983595
-0.99823916
-0.99829394
-0.998319
-0.9983996
-0.99821734
-0.9982224
-0.99838144
-0.9984828
-0.9984592
-0.9984416
-0.9984379
-0.9984328
-0.9983048
-0.9984634
-0.9984522
-0.99842143
-0.99846
-0.99842453
-0.9984679
-0.9983748
-0.99833477
-0.9983725
-0.99839705
-0.99843
-0.99851245
-0.99842906
-0.998453
-0.9984298
-0.9984809
-0.99831283
-0.99851817
-0.99840915
-0.9984079
-0.9984616
-0.9984306
-0.9983981
-0.99854237
-0.9985498
-0.9984373
-0.99839383
-0.9983786
-0.9984541
-0.9983927
-0.9984312
-0.9984869
-0.99843293
-0.998509
-0.9984513
-0.99837136
-0.9984451
-0.9983774
-0.99828875
-0.99836177
-0.9983741
-0.998408
-0.9982611
-0.9982374
-0.9983424
-0.9984207
-0.9984794
-0.9983986
-0.9983003
-0.99836916
-0.9983768
-0.9984517
-0.9984439
-0.9983267
-0.9982912
-0.9983976
-0.9984356
-0.99846554
-0.99854505
-0.9983873
-0.9984091
-0.99850696
-0.99849707
-0.99844056
-0.9984645
-0.9983768
-0.9984762
-0.9984279
-0.9984599
-0.9985008
-0.99852896
-0.99836546
-0.9984515
-0.99850416
-0.9984119
-0.99836594
-0.99846333
-0.99848247
-0.998444
-0.9983662
-0.9984441
-0.9984402
-0.9985025
-0.9985342
-0.99851626
-0.99843085
-0.9984433
-0.99845344
-0.9984072
-0.9984758
-0.99841714
-0.9984482
-0.99842286
-0.9984488
-0.9984444
-0.99847686
-0.99842256
-0.99843055
-0.9983335
-0.9984204
-0.99848914
-0.9984472
-0.99838346
-0.9983127
-0.99841064
-0.9984309
-0.99852306
-0.99845165
-0.99851143
-0.99838644
-0.99846464
-0.9984063
-0.99844974
-0.99847
-0.9984053
-0.99839556
-0.9984384
-0.9984739
-0.99850976
-0.99845463
-0.9984753
-0.9984078
-0.9983743
-0.99845964
-0.99843556
-0.9984056
-0.9982627
-0.99837524
-0.9983202
-0.9984668
-0.99827856
-0.9983133
-0.9982433
-0.9982625
-0.99830425
-0.9983559
-0.9983912
-0.9982965
-0.99838775
-0.9984756
-0.99833137
-0.99827987
-0.99825937
-0.9983246
-0.99823797
-0.99839157
-0.998278
-0.9984088
-0.9985049
-0.9984363
-0.99825805
-0.9981864
-0.99826545
-0.9983779
-0.99839944
-0.99844414
-0.9984682
-0.9985115
-0.9984702
-0.99836195
-0.99841833
-0.9983367
-0.9984963
-0.99836206
-0.99846613
-0.9983302
-0.9983125
-0.998453
-0.99852645
-0.9984461
-0.99841434
-0.99854475
-0.9985284
-0.998384
-0.99828374
-0.9982803
-0.99839306
-0.99840534
-0.9983953
-0.9983846
-0.9983556
-0.99837
-0.9984817
-0.9984362
-0.99830866
-0.99837035
-0.9984124
-0.9984954
-0.99846846
-0.99841315
-0.9984003
-0.9986192
-0.99850434
-0.99835265
-0.9983766
-0.9984486
-0.99841076
-0.9983459
-0.99821585
-0.9982555
-0.99839944
-0.9984695
-0.99850863
-0.9983837
-0.9983562
-0.9985569
-0.9983798
-0.99829954
-0.9983056
-0.99840295
-0.99848217
-0.9984723
-0.9983472
-0.9984637
-0.9984172
-0.99835294
-0.9982429
-0.9981748
-0.9982639
-0.99845815
-0.99836636
-0.9983356
-0.99833596
-0.9983496
-0.99853
-0.99848866
-0.9983992
-0.9983535
-0.9983831
-0.9985616
-0.9984695
-0.99836147
-0.998394
-0.99835104
-0.9984608
-0.9985002
-0.9985091
-0.9984597
-0.9984879
-0.99843144
-0.99846405
-0.99849594
-0.9985256
-0.9984848
-0.9983826
-0.99835026
-0.9984696
-0.998464
-0.99844486
-0.9983605
-0.9983959
-0.9983687
-0.9984374
-0.99842834
-0.99844897
-0.9982206
-0.9982249
-0.99834424
-0.9984231
-0.9984723
-0.9983183
-0.998106
-0.9979917
-0.9982681
-0.9983682
-0.99834543
-0.99821454
-0.9981889
-0.99825
-0.99837226
-0.99838156
-0.9984048
-0.99830323
-0.998245
-0.9983775
-0.99851996
-0.9985409
-0.9984153
-0.9983742
-0.99842876
-0.9984633
-0.9985154
-0.99837947
-0.9983894
-0.9984409
-0.9984663
-0.99840796
-0.9984681
-0.9984544
-0.9984612
-0.9984488
-0.998453
-0.99850667
-0.99839294
-0.99843735
-0.99853617
-0.9984593
-0.99845195
-0.99839133
-0.9984881
-0.9984046
-0.998489
-0.99841326
-0.9983308
-0.9983737
-0.9985339
-0.99846494
-0.998348
-0.9983258
-0.9983104
-0.9983938
-0.99847615
-0.9983927
-0.9983414
-0.9983008
-0.998246
-0.99845386
-0.99850774
-0.9984889
-0.9984151
-0.9984223
-0.9983932
-0.9985441
-0.99840814
-0.998291
-0.99827
-0.9983662
-0.99857444
-0.9984422
-0.9983715
-0.9984057
-0.9984907
-0.9983643
-0.99840164
-0.9983259
-0.99836993
-0.9983712
-0.9984932
-0.9984353
-0.99844664
-0.99846894
-0.9983315
-0.9984806
-0.9983905
-0.9983601
-0.9984588
-0.998464
-0.9984631
-0.99847496
-0.998432
-0.998463
-0.99839956
-0.99858683
-0.9984688
-0.99847
-0.99836373
-0.9984077
-0.99852484
-0.9984661
-0.99851227
-0.9984703
-0.99840444
-0.99843633
-0.99843043
-0.9984922
-0.9985478
-0.9984537
-0.99835986
-0.9984479
-0.99844104
-0.99838084
-0.9984721
-0.9983304
-0.99839
-0.99840873
-0.9985519
-0.99853885
-0.9984234
-0.9983051
-0.99830115
-0.9983872
-0.998378
-0.99839824
-0.99837434
-0.9982416
-0.99836797
-0.9983444
-0.9983254
-0.9984602
-0.99840224
-0.9983735
-0.99843633
-0.99846953
-0.9984216
-0.99849725
-0.9984432
-0.9985019
-0.9984832
-0.99850297
-0.99847406
-0.9984286
-0.9985344
-0.9984638
-0.99844086
-0.9985329
-0.9984619
-0.99834925
-0.9984661
-0.99846804
-0.9985201
-0.9984171
-0.9984301
-0.9983697
-0.9984788
-0.9983885
-0.9983741
-0.9983871
-0.99840736
-0.99847114
-0.9984773
-0.9985108
-0.9984372
-0.9984728
-0.9984953
-0.9984836
-0.99840915
-0.99840546
-0.99835026
-0.9984757
-0.9984374
-0.99851716
-0.99850017
-0.99842316
-0.9983204
-0.99843174
-0.9984348
-0.998487
-0.9984742
-0.9984888
-0.99846035
-0.9984003
-0.99840355
-0.998422
-0.9985016
-0.99847704
-0.9984492
-0.99836063
-0.9984422
-0.9983999
-0.99849594
-0.99838036
-0.9984467
-0.9983289
-0.99838734
-0.9984528
-0.9983376
-0.9984904
-0.9984991
-0.998521
-0.99838173
-0.9984751
-0.99839675
-0.99850464
-0.9984162
-0.99854743
-0.99848264
-0.99838066
-0.9982751
-0.9985122
-0.99854016
-0.9984662
-0.9984626
-0.9984705
-0.99842185
-0.99847955
-0.99840873
-0.99848044
-0.9984472
-0.9984473
-0.9984133
-0.9985541
-0.9985264
-0.9984287
-0.99835986
-0.9984195
-0.9984652
-0.99835813
-0.99839854
-0.998423
-0.99842745
-0.9984379
-0.9984044
-0.9984554
-0.9984116
-0.9984974
-0.99847305
-0.9984968
-0.9985563
-0.9984547
-0.99851567
-0.998401
-0.9983683
-0.9984977
-0.99852204
-0.9984736
-0.9984466
-0.9984672
-0.99829894
-0.99831194
-0.9983062
-0.9984052
-0.9983797
-0.99844694
-0.9984391
-0.99840975
-0.9982597
-0.9983232
-0.9983306
-0.99837244
-0.9984942
-0.9983161
-0.99835455
-0.9983881
-0.99836785
-0.99840945
-0.9985263
-0.99848235
-0.9984088
-0.9983245
-0.998385
-0.9983671
-0.99847
-0.9984166
-0.99835014
-0.9982657
-0.99821675
-0.9981678
-0.9983041
-0.99839336
-0.99853194
-0.99831903
-0.99811053
-0.99784
-0.99774563
-0.99790096
-0.9983109
-0.998394
-0.99823177
-0.99795693
-0.99791425
-0.9980562
-0.9983437
-0.99846774
-0.9982278
-0.9982657
-0.99832034
-0.99843425
-0.9984371
-0.9983654
-0.99822474
-0.99825263
-0.9981513
-0.99826425
-0.99836403
-0.99849236
-0.9983992
-0.9984399
-0.99827015
-0.9983915
-0.9984398
-0.9985206
-0.9984012
-0.9984434
-0.99838144
-0.9983452
-0.99837166
-0.99846995
-0.9984632
-0.99843854
-0.99832374
-0.9983538
-0.99836695
-0.9984629
-0.9984259
-0.9982958
-0.99842906
-0.9984338
-0.998494
-0.99838
-0.99847585
-0.99833363
-0.99823844
-0.99828357
-0.99828523
-0.9984537
-0.99842703
-0.9985084
-0.9984262
-0.99836695
-0.9983429
-0.9983956
-0.9984403
-0.9984261
-0.9983885
-0.99839306
-0.9983962
-0.9983512
-0.99849355
-0.99859995
-0.99846774
-0.99846506
-0.99840283
-0.99843436
-0.99843246
-0.99858904
-0.9984558
-0.9984283
-0.9983472
-0.9984445
-0.99844253
-0.99848473
-0.998434
-0.9982409
-0.9983595
-0.99833786
-0.99846
-0.99853545
-0.9983887
-0.99834645
-0.9982564
-0.9983115
-0.99835235
-0.9984194
-0.9983993
-0.9983791
-0.9984168
-0.99842256
-0.9984217
-0.9984591
-0.99838465
-0.99844116
-0.9984422
-0.9984506
-0.9983737
-0.99841183
-0.9984373
-0.9983394
-0.9983961
-0.9984321
-0.9984525
-0.9983859
-0.9983358
-0.99841154
-0.99841356
-0.99841404
-0.99849266
-0.9984449
-0.99844295
-0.9983152
-0.9984039
-0.9984752
-0.99851584
-0.9984199
-0.9983745
-0.99834836
-0.99836004
-0.9984629
-0.99839973
-0.9984459
-0.9985529
-0.998474
-0.99828094
-0.9983729
-0.9982389
-0.9983825
-0.9984816
-0.9983584
-0.9984745
-0.998449
-0.9984022
-0.9984373
-0.99848825
-0.99848485
-0.99853384
-0.9984851
-0.9983497
-0.99832
-0.99836284
-0.9985694
-0.99843043
-0.99841017
-0.99825317
-0.9982094
-0.99833286
-0.998407
-0.9984348
-0.99852705
-0.99847865
-0.9984724
-0.9984286
-0.9984701
-0.9983632
-0.99850684
-0.99847573
-0.99832505
-0.9983721
-0.99839944
-0.9984848
-0.9984014
-0.9985106
-0.9984023
-0.9983105
-0.9983648
-0.99841756
-0.9985204
-0.99842083
-0.99843436
-0.99836355
-0.9984164
-0.99848175
-0.9983812
-0.9985005
-0.9983748
-0.9984794
-0.9984657
-0.99849886
-0.9984341
-0.9983719
-0.9984533
-0.99845934
-0.99844867
-0.9984331
-0.9984272
-0.99838704
-0.9984139
-0.9984445
-0.99846315
-0.99846107
-0.9984531
-0.99842703
-0.99848896
-0.99845123
-0.99849415
-0.9985337
-0.9983533
-0.9984675
-0.998513
-0.99848306
-0.9984911
-0.99852073
-0.998505
-0.99840194
-0.99837625
-0.9983827
-0.99837774
-0.99836504
-0.9984854
-0.99840593
-0.9983913
-0.99839747
-0.998414
-0.99842805
-0.99844605
-0.9983183
-0.99840003
-0.99855685
-0.9984658
-0.9984634
-0.9984947
-0.9984837
-0.99842834
-0.9984338
-0.9984342
-0.9984851
-0.99845153
-0.9984614
-0.9984289
-0.9983479
-0.9984398
-0.99839664
-0.99845886
-0.9984394
-0.9984815
-0.9984118
-0.9984895
-0.9983728
-0.9982444
-0.99818474
-0.99824506
-0.99838
-0.9983388
-0.9983837
-0.9982529
-0.9981481
-0.9981131
-0.9982895
-0.9983814
-0.9984255
-0.99822605
-0.99803853
-0.9981001
-0.9981164
-0.99832004
-0.9984697
-0.998477
-0.9983511
-0.998348
-0.99838114
-0.99844307
-0.9984483
-0.99830204
-0.9983501
-0.99842167
-0.99843264
-0.99843234
-0.9983664
-0.998366
-0.99835074
-0.99831206
-0.9983207
-0.99829656
-0.9982474
-0.99830276
-0.9983388
-0.9984701
-0.9984879
-0.99849457
-0.998325
-0.99827033
-0.9983408
-0.99837804
-0.9984205
-0.99837565
-0.99839115
-0.9983267
-0.99839085
-0.9983902
-0.99853015
-0.99849105
-0.9984495
-0.9983517
-0.9983424
-0.99837506
-0.99849856
-0.9984705
-0.9984536
-0.9983916
-0.99849135
-0.9984358
-0.9984712
-0.9984576
-0.99844956
-0.99847275
-0.9985466
-0.99846226
-0.9985246
-0.9983894
-0.998536
-0.9985042
-0.99849236
-0.9984275
-0.9984127
-0.9983908
-0.99852306
-0.99859136
-0.9985321
-0.99842066
-0.99855685
-0.9984777
-0.9985475
-0.9984131
-0.99832124
-0.99839413
-0.9983694
-0.9985027
-0.99841326
-0.9984249
-0.9983648
-0.9983868
-0.9983402
-0.9984244
-0.9984652
-0.9984521
-0.9984422
-0.99841285
-0.9982944
-0.9983619
-0.9984019
-0.99853563
-0.99846613
-0.99841493
-0.99850684
-0.9983645
-0.9983502
-0.99841726
-0.99845356
-0.9984737
-0.99846065
-0.9985659
-0.9985015
-0.9985027
-0.998409
-0.9984137
-0.99838257
-0.9983942
-0.9983716
-0.99828297
-0.9983214
-0.9983657
-0.99848324
-0.9984611
-0.9983985
-0.9983498
-0.99839157
-0.9984551
-0.9985394
-0.99841046
-0.99818206
-0.99818194
-0.99814373
-0.99829155
-0.9984479
-0.9983559
-0.9984248
-0.99832094
-0.9983258
-0.99837303
-0.9983951
-0.9984808
-0.9984926
-0.9985336
-0.9984274
-0.9985776
-0.9983943
-0.9984167
-0.99849206
-0.998536
-0.9985021
-0.99847484
-0.99848664
-0.99842566
-0.9984579
-0.99856514
-0.9984634
-0.99836624
-0.9982631
-0.99817353
-0.99821335
-0.99819845
-0.99827933
-0.9984646
-0.99850345
-0.9983969
-0.9984587
-0.9984511
-0.9982842
-0.9982538
-0.998195
-0.99815685
-0.9981508
-0.99838763
-0.998438
-0.99835145
-0.998136
-0.99792063
-0.9979269
-0.9982185
-0.9983415
-0.9984529
-0.99844867
-0.9984756
-0.9984638
-0.99840677
-0.99849623
-0.9983697
-0.9981371
-0.9980375
-0.9979636
-0.99817026
-0.9982876
-0.99832344
-0.99844235
-0.99828374
-0.99830794
-0.99831444
-0.99827194
-0.99837613
-0.998391
-0.9983693
-0.998386
-0.9984629
-0.9985041
-0.9984663
-0.9984931
-0.998501
-0.99851143
-0.9984726
-0.9984033
-0.99837655
-0.998318
-0.9984168
-0.9985434
-0.9984749
-0.9982674
-0.9982455
-0.99836004
-0.99843
-0.998495
-0.9984212
-0.9983326
-0.99833715
-0.9982424
-0.9983047
-0.9984325
-0.9985501
-0.99842006
-0.99826884
-0.99827504
-0.9981998
-0.9984388
-0.99845445
-0.9983185
-0.9984286
-0.9982614
-0.99851
-0.99844193
-0.998393
-0.9983843
-0.9984056
-0.9984866
-0.9984369
-0.9984606
-0.99833673
-0.99842554
-0.99850345
-0.9984484
-0.9984567
-0.9983888
-0.99848366
-0.99849325
-0.9985227
-0.9984186
-0.9984355
-0.9984446
-0.9985209
-0.9984917
-0.9984985
-0.9984131
-0.99849534
-0.99848336
-0.998456
-0.99856365
-0.9984737
-0.99837124
-0.9984654
-0.9983968
-0.99852055
-0.9983936
-0.9984364
-0.9984464
-0.99840593
-0.9983493
-0.99835634
-0.9984134
-0.99851435
-0.99845356
-0.99837995
-0.99824065
-0.99825394
-0.9983132
-0.998385
-0.9984888
-0.9984467
-0.99829316
-0.99807405
-0.99809736
-0.9982452
-0.998435
-0.99845093
-0.9984494
-0.9983972
-0.9983886
-0.99845415
-0.9985688
-0.99839205
-0.9984056
-0.9983584
-0.9983849
-0.9985587
-0.9984866
-0.9984326
-0.99844885
-0.99843067
-0.9984734
-0.9983904
-0.99841857
-0.99836135
-0.9984351
-0.99833095
-0.998396
-0.9983966
-0.99827677
-0.9984365
-0.99840635
-0.9984332
-0.99848825
-0.99847764
-0.99838144
-0.99834496
-0.9984555
-0.998347
-0.9983824
-0.99845564
-0.9984756
-0.9984401
-0.99835414
-0.9984232
-0.99837285
-0.99834126
-0.99842036
-0.9983859
-0.9984918
-0.99846387
-0.99850863
-0.9984369
-0.9984004
-0.99846125
-0.99839306
-0.9983676
-0.99835557
-0.998396
-0.99841607
-0.99839544
-0.99850684
-0.9983456
-0.99840236
-0.9984934
-0.99843293
-0.9985239
-0.9985174
-0.99842525
-0.99839884
-0.9983819
-0.99848056
-0.998446
-0.9984774
-0.9983521
-0.99838084
-0.99849176
-0.99838924
-0.99847025
-0.9984468
-0.9984534
-0.99840313
-0.9983501
-0.9984714
-0.9984819
-0.9984887
-0.9985528
-0.99854463
-0.9984607
-0.9984961
-0.998562
-0.9984951
-0.99850845
-0.9984462
-0.9984682
-0.9984843
-0.9984468
-0.99849534
-0.99841684
-0.9985179
-0.9984483
-0.998417
-0.9985131
-0.99845237
-0.99841565
-0.9984455
-0.9983928
-0.99841076
-0.9983185
-0.99832267
-0.99840826
-0.998368
-0.9984762
-0.9984227
-0.99827623
-0.9984069
-0.99847484
-0.9985683
-0.99852115
-0.9983984
-0.99836445
-0.99843
-0.99851865
-0.9984917
-0.9983618
-0.99840635
-0.99840444
-0.99842656
-0.99840194
-0.9983499
-0.99822265
-0.99820167
-0.99831873
-0.99839884
-0.99842036
-0.99846023
-0.998426
-0.99841565
-0.9984213
-0.99848616
-0.99859995
-0.9984256
-0.9984189
-0.9984437
-0.9984071
-0.9984652
-0.99843985
-0.9985469
-0.9984996
-0.9984592
-0.99839264
-0.99849075
-0.9985355
-0.9984841
-0.9985371
-0.9985233
-0.99848425
-0.9984546
-0.9983873
-0.99856776
-0.99859685
-0.99838006
-0.9984062
-0.99830914
-0.9981887
-0.9982441
-0.99809444
-0.99822885
-0.9982784
-0.9983752
-0.99846005
-0.99842256
-0.9983178
-0.99829894
-0.99823374
-0.99830174
-0.99831665
-0.9983581
-0.99842757
-0.99837226
-0.9983468
-0.99842626
-0.9984603
-0.99845386
-0.9984775
-0.9985326
-0.998488
-0.99846953
-0.9984488
-0.9983945
-0.9985591
-0.9985771
-0.99850893
-0.99849045
-0.9984268
-0.99852496
-0.99847066
-0.9984221
-0.99843884
-0.99840456
-0.9984172
-0.9985377
-0.9983847
-0.99848294
-0.9984822
-0.9984833
-0.9985261
-0.9984656
-0.99837685
-0.99847215
-0.9983909
-0.99842626
-0.99843407
-0.9985054
-0.9984354
-0.9983803
-0.99839413
-0.9982785
-0.9983766
-0.9983045
-0.99838775
-0.99849755
-0.9985236
-0.99843186
-0.99851614
-0.99848574
-0.9984232
-0.9983386
-0.9983671
-0.9983828
-0.9983762
-0.9984964
-0.99848217
-0.99847823
-0.9984321
-0.9983221
-0.9985159
-0.9984187
-0.99847865
-0.9984585
-0.9984447
-0.99843454
-0.99847466
-0.9984559
-0.9984059
-0.9985088
-0.998477
-0.9985162
-0.99835634
-0.9983534
-0.9983644
-0.9983486
-0.99839544
-0.99846363
-0.99835384
-0.9984909
-0.99846655
-0.99837446
-0.9984072
-0.99844205
-0.9984397
-0.99844575
-0.9984852
-0.99843794
-0.99846685
-0.9984527
-0.9985143
-0.9985146
-0.998466
-0.99852127
-0.9983752
-0.9983929
-0.99843067
-0.9984042
-0.9984171
-0.9984647
-0.99849224
-0.998459
-0.9984139
-0.9984458
-0.9984558
-0.99846816
-0.9984518
-0.9984529
-0.99848247
-0.99850434
-0.9985391
-0.9984549
-0.99829024
-0.99837357
-0.9984061
-0.9983678
-0.99846184
-0.99845153
-0.9984361
-0.99841267
-0.99845934
-0.9984889
-0.99844235
-0.99840826
-0.99840474
-0.99859595
-0.998453
-0.99842185
-0.9984697
-0.9983659
-0.99829
-0.99825764
-0.99821717
-0.99814874
-0.9980232
-0.9978654
-0.9978144
-0.99782676
-0.99801403
-0.9983439
-0.9984312
-0.99832416
-0.9982012
-0.9980619
-0.9980853
-0.99822414
-0.9983642
-0.9984122
-0.99822706
-0.99820507
-0.9982451
-0.998394
-0.9984295
-0.9981956
-0.99770164
-0.99763215
-0.9979194
-0.9983139
-0.9984903
-0.99816906
-0.99780667
-0.99752027
-0.99777377
-0.9982181
-0.9984291
-0.9983443
-0.9982697
-0.998214
-0.99838823
-0.9983755
-0.998307
-0.99838334
-0.99842024
-0.9985603
-0.9985206
-0.9983437
-0.9983324
-0.99847156
-0.9984007
-0.99847347
-0.99851835
-0.9984893
-0.9985575
-0.9984077
-0.99831027
-0.99835265
-0.9983771
-0.9984541
-0.9984523
-0.9984553
-0.9984
-0.99836534
-0.9984349
-0.9984449
-0.99847
-0.9984325
-0.9984255
-0.99834424
-0.998369
-0.99830633
-0.99839777
-0.9983488
-0.9982878
-0.99823564
-0.9982104
-0.99836
-0.9984813
-0.99833
-0.9982987
-0.99819815
-0.9983251
-0.99824643
-0.9981768
-0.9983562
-0.9984068
-0.9985096
-0.9984787
-0.9984116
-0.99840367
-0.9983904
-0.9985609
-0.99842703
-0.99832326
-0.99845874
-0.9984968
-0.9985823
-0.99846053
-0.9984403
-0.99835694
-0.99840605
-0.99849176
-0.99847686
-0.99845666
-0.99853784
-0.9984564
-0.99847233
-0.9984356
-0.9984153
-0.99844253
-0.9983861
-0.99839216
-0.99845135
-0.99852175
-0.9984302
-0.99845886
-0.9985006
-0.99841535
-0.9985632
-0.9984997
-0.998375
-0.99842405
-0.9984604
-0.99849796
-0.99842024
-0.9984369
-0.99838454
-0.9984245
-0.9984765
-0.9985503
-0.9985221
-0.9984521
-0.9984653
-0.9984304
-0.99838483
-0.9983723
-0.9984213
-0.99845314
-0.9984176
-0.99854094
-0.99841547
-0.99843824
-0.99845046
-0.9984571
-0.99852765
-0.9984395
-0.9982192
-0.9982742
-0.9983931
-0.9984747
-0.9984591
-0.9984557
-0.9983105
-0.99844134
-0.9984665
-0.998426
-0.9984602
-0.99844617
-0.9984722
-0.99833006
-0.9983703
-0.99845874
-0.99845994
-0.99850386
-0.9984589
-0.9983467
-0.9984127
-0.99840057
-0.99847394
-0.99847466
-0.9985083
-0.99843335
-0.9985025
-0.99858004
-0.9984568
-0.9983795
-0.9984415
-0.9983775
-0.99850273
-0.9984389
-0.99847704
-0.9984341
-0.99846995
-0.99850965
-0.99854857
-0.9984317
-0.9985179
-0.99854267
-0.9982864
-0.99841434
-0.9983037
-0.9983449
-0.9983655
-0.9984212
-0.99843246
-0.9984842
-0.9984913
-0.99846053
-0.9984948
-0.99841994
-0.99846417
-0.9984639
-0.99837565
-0.9985006
-0.99852943
-0.99836326
-0.9983369
-0.99820024
-0.998242
-0.99845314
-0.9984496
-0.99833596
-0.9981482
-0.99806714
-0.9981596
-0.9983717
-0.99844205
-0.99850255
-0.9985494
-0.99840045
-0.9984041
-0.99829787
-0.9984093
-0.9985374
-0.99834293
-0.99842757
-0.9983618
-0.9984429
-0.99854785
-0.99841976
-0.9984559
-0.9983393
-0.9984062
-0.9984446
-0.9985497
-0.9984461
-0.99842227
-0.9983193
-0.9984442
-0.9984043
-0.99847
-0.99850047
-0.9984573
-0.99836475
-0.998474
-0.99849683
-0.9983649
-0.99839985
