335.5001809774757
318.3767656105724
303.61741916280164
350.5433083538819
298.9399431827547
265.2131627954102
253.7052938976326
222.77623429053332
191.94918136885516
389.2285330933719
342.3775337433049
290.6157692598104
233.30790058836143
200.13846068538373
156.76736170171768
131.59960012650936
120.86314041326887
437.30410164090114
383.3142085440607
333.1212636595177
283.4918322133152
219.00890212743408
132.4443462808871
83.2549220372149
75.64826286927948
72.28129046368272
451.140467244868
388.83621078564556
332.8449253819809
279.9048790959307
232.37767586848838
118.79823150731785
22.60946283420058
22.40910708559341
21.61287298848982
488.10159621597745
417.98986348059947
356.91516987449415
319.8170890246788
295.735313488497
166.68969891876338
23.93876464777869
5.422381931869753
2.223677602251877
475.71782172802574
423.98040946073115
392.51482699043385
366.6982397831243
197.74002385718228
34.32872082974782
6.1813839771596015
1.6094439830534304
554.8010610501304
510.5723753637501
479.6736621222276
427.7776222247896
229.45273777636044
36.70104165000335
8.106131528112835
14.439332767023558
598.1452787994361
562.9619130744364
482.6565946567455
270.7084884015701
62.37800912544977
7.985667463224746
Mean: 250.27101657088
