-0.15001124
-0.17715438
-0.20853095
-0.25645515
-0.27392185
-0.30377567
-0.32754767
-0.34856468
-0.3563546
-0.39216438
-0.39940476
-0.41890302
-0.43157876
-0.45180053
-0.45744425
-0.46985573
-0.4966882
-0.5075381
-0.5048607
-0.5251703
-0.5374725
-0.53500307
-0.54895794
-0.5643735
-0.5747521
-0.5789824
-0.58170336
-0.6143411
-0.59821475
-0.6245817
-0.6351167
-0.63622504
-0.6493463
-0.65419334
-0.6540833
-0.6535444
-0.67158806
-0.6670112
-0.67078024
-0.6791924
-0.6949342
-0.703751
-0.70862377
-0.7236028
-0.70845616
-0.7106443
-0.7289
-0.72604144
-0.7324468
-0.7325299
-0.74226
-0.74264145
-0.745777
-0.7505973
-0.7639878
-0.7674668
-0.76652247
-0.77837026
-0.77254456
-0.7901851
-0.7806696
-0.78436387
-0.7852136
-0.7818024
-0.7824844
-0.78788435
-0.79424906
-0.7957266
-0.7922202
-0.8019414
-0.81028754
-0.80902165
-0.8123741
-0.8077682
-0.8133417
-0.8105525
-0.82160157
-0.8085001
-0.8259684
-0.8233466
-0.8213195
-0.8257234
-0.8266866
-0.84424335
-0.8220712
-0.8192462
-0.8357156
-0.8244455
-0.8161812
-0.8353159
-0.831372
-0.8359102
-0.8365927
-0.84026545
-0.8440492
-0.8319575
-0.8499331
-0.8427131
-0.8451414
-0.8421796
-0.8393285
-0.8396077
-0.84682727
-0.8441432
-0.84863096
-0.84714127
-0.84921914
-0.8394864
-0.8414318
-0.8510446
-0.84534687
-0.84744567
-0.8551968
-0.8534737
-0.84940934
-0.8466287
-0.86374545
-0.8620264
-0.8566144
-0.8577293
-0.8529018
-0.8608711
-0.85413796
-0.85188144
-0.85391814
-0.85867685
-0.8686615
-0.8639866
-0.8576386
-0.87079656
-0.8614743
-0.8558623
-0.8674551
-0.8570315
-0.86059207
-0.86912954
-0.86763763
-0.8609806
-0.85756403
-0.87352455
-0.8558316
-0.86508423
-0.85840863
-0.86485696
-0.86677897
-0.86860645
-0.86637443
-0.863966
-0.86779517
-0.8657488
-0.8754337
-0.86619425
-0.86894023
-0.8697959
-0.86761796
-0.8700729
-0.8736072
-0.8747059
-0.8611576
-0.87764233
-0.8574158
-0.8666955
-0.8733016
-0.8660896
-0.870356
-0.87339467
-0.8678524
-0.86630774
-0.87634385
-0.86393464
-0.87284327
-0.872283
-0.8739628
-0.8699615
-0.8687213
-0.87213784
-0.8824152
-0.8713327
-0.87069064
-0.873852
-0.8770009
-0.874924
-0.8692479
-0.86990476
-0.8749151
-0.8765701
-0.87383544
-0.8728475
-0.87169635
-0.87010324
-0.8718439
-0.8755567
-0.88256645
-0.87709254
-0.88079476
-0.87881505
-0.8776765
-0.87572855
-0.86911297
-0.8622563
-0.88000834
-0.8802069
-0.87189513
-0.87328917
-0.8667635
-0.87202084
-0.8689457
-0.8769037
-0.87770414
-0.88241017
-0.8801789
-0.8752565
-0.8793732
-0.8776482
-0.8780809
-0.88254106
-0.87571126
-0.8714725
-0.88206357
-0.87257665
-0.87635684
-0.88107693
-0.8836706
-0.88145995
-0.8792339
-0.88313955
-0.88415545
-0.88002086
-0.88335615
-0.8688614
-0.8757077
-0.8786163
-0.8810908
-0.8757579
-0.88066816
-0.87955
-0.88113356
-0.8797143
-0.885072
-0.8740098
-0.88504875
-0.87029195
-0.8889464
-0.8854334
-0.876496
-0.8771576
-0.88701725
-0.8803463
-0.88571686
-0.88753533
-0.88548255
-0.8874061
-0.88173413
-0.88534236
-0.8841025
-0.88000464
-0.88216937
-0.88282585
-0.88205045
-0.88353884
-0.8852826
-0.88293046
-0.8772332
-0.8871318
-0.8863382
-0.88465464
-0.89344954
-0.8880873
-0.88269067
-0.8861281
-0.8824721
-0.88720936
-0.88130254
-0.8901435
-0.8900652
-0.886984
-0.8893802
-0.89252317
-0.88570845
-0.8899565
-0.88601345
-0.88487196
-0.88777673
-0.8896184
-0.8878069
-0.88964325
-0.8883123
-0.88646245
-0.89055264
-0.8906488
-0.88690007
-0.8838801
-0.88909435
-0.8853561
-0.88467985
-0.88583404
-0.890306
-0.885536
-0.8859534
-0.8849853
-0.884966
-0.8899893
-0.88592297
-0.88693684
-0.8838864
-0.89013517
-0.88308054
-0.88009423
-0.8917332
-0.88527405
-0.896648
-0.8879909
-0.88289016
-0.89017206
-0.8858757
-0.8892148
-0.8884108
-0.8814469
-0.8905641
-0.88457024
-0.8892925
-0.88752973
-0.89001656
-0.8899591
-0.88741195
-0.8849072
-0.88482153
-0.88435274
-0.8887403
-0.87967443
-0.89410293
-0.88611853
-0.88590825
-0.8843845
-0.89006495
-0.8938775
-0.8909135
-0.89077294
-0.89134896
-0.8922701
-0.8845725
-0.8890857
-0.89314896
-0.8847345
-0.8890233
-0.89197415
-0.89624226
-0.8940526
-0.89160985
-0.88619924
-0.8881533
-0.8862201
-0.8931063
-0.88773483
-0.88456815
-0.88919663
-0.89262706
-0.8940986
-0.8886779
-0.89110625
-0.88911253
-0.890877
-0.88938147
-0.8952843
-0.8886694
-0.8926962
-0.9010924
-0.89368635
-0.9011535
-0.89268124
-0.8957412
-0.8974739
-0.8885875
-0.8866567
-0.8956512
-0.88741726
-0.89134985
-0.8922654
-0.8922561
-0.8928519
-0.8960904
-0.8967492
-0.8894252
-0.89532787
-0.89127755
-0.895451
-0.8817761
-0.8920739
-0.88611317
-0.8920721
-0.88654894
-0.88285387
-0.89217603
-0.8983796
-0.88913137
-0.8868372
-0.8887872
-0.89694726
-0.8903853
-0.8950651
-0.8936091
-0.8987106
-0.8895727
-0.88698334
-0.8878276
-0.8865826
-0.89353824
-0.88966846
-0.8955686
-0.8872176
-0.8851729
-0.89738274
-0.88394886
-0.8906134
-0.89732915
-0.88733
-0.89309096
-0.8909211
-0.88721585
-0.8953392
-0.887433
-0.88867027
-0.88899636
-0.89295995
-0.8927941
-0.8889316
-0.8893235
-0.8925641
-0.8905163
-0.88640815
-0.88822323
-0.89113134
-0.89608073
-0.8960623
-0.8897754
-0.8938841
-0.89262676
-0.88255036
-0.89382076
-0.896412
-0.88719296
-0.887723
-0.8929448
-0.89095986
-0.8942574
-0.8918811
-0.890083
-0.8893229
-0.89575493
-0.890281
-0.9002141
-0.8915315
-0.8944766
-0.8890191
-0.89695734
-0.89734125
-0.8958926
-0.8978458
-0.89796996
-0.9011686
-0.8921829
-0.8913149
-0.89303744
-0.8952179
-0.89950943
-0.8932199
-0.89109564
-0.8967789
-0.89588773
-0.8994427
-0.89415926
-0.89501464
-0.89434576
-0.897872
-0.8948956
-0.89683217
-0.8906217
-0.8953269
-0.9000321
-0.89578104
-0.89428556
-0.8949181
-0.8965251
-0.8971718
-0.90072477
-0.8890827
-0.8934269
-0.888053
-0.8969225
-0.89550567
-0.8970108
-0.9015532
-0.8954534
-0.89588606
-0.896961
-0.89753675
-0.8958378
-0.89519566
-0.89112914
-0.89684767
-0.8948971
-0.89201915
-0.8988779
-0.8977361
-0.89379483
-0.8994821
-0.8952067
-0.8953423
-0.89997655
-0.89730126
-0.90091544
-0.892102
-0.8992582
-0.8986281
-0.89348215
-0.8966591
-0.89393187
-0.89607644
-0.89500004
-0.89137435
-0.9013964
-0.89964056
-0.8977387
-0.89655524
-0.8996212
-0.89290583
-0.89502674
-0.89584804
-0.8977356
-0.8992577
-0.8979579
-0.8971849
-0.9014202
-0.8960241
-0.9009131
-0.9004615
-0.8965168
-0.8981873
-0.897489
-0.8972836
-0.8982134
-0.89368576
-0.9014257
-0.90085673
-0.89187175
-0.89489627
-0.89745617
-0.89718807
-0.8951607
-0.89287484
-0.9006347
-0.89377165
-0.8952037
-0.89593965
-0.8972818
-0.8942074
-0.89891845
-0.89763117
-0.89392006
-0.893849
-0.8948442
-0.89534324
-0.89389557
-0.9020806
-0.8949684
-0.8927622
-0.89651734
-0.9007351
-0.8916119
-0.8931772
-0.89770067
-0.8965006
-0.9006629
-0.89892125
-0.892869
-0.89394975
-0.8950002
-0.89526474
-0.90132517
-0.89461386
-0.90003794
-0.8982803
-0.89611363
-0.8915255
-0.8971609
-0.8991924
-0.8991225
-0.89794546
-0.9007301
-0.8923087
-0.9025772
-0.8969176
-0.9002377
-0.8988398
-0.89708555
-0.89884776
-0.89935875
-0.8958578
-0.89673567
-0.90152663
-0.89667666
-0.8912404
-0.8947769
-0.9034658
-0.8928269
-0.89990765
-0.90108675
-0.8952098
-0.8964168
-0.9040158
-0.8933545
-0.8987241
-0.9060723
-0.8936198
-0.8928283
-0.9033328
-0.8997122
-0.9000874
-0.8978242
-0.8996126
-0.8980349
-0.8947396
-0.89297247
-0.9014582
-0.89585966
-0.8916054
-0.89752334
-0.90292233
-0.8997643
-0.8984087
-0.8988217
-0.9001794
-0.8978194
-0.89600706
-0.89490587
-0.8980441
-0.89437914
-0.901264
-0.90226
-0.8934499
-0.89328945
-0.8952571
-0.8945708
-0.90110785
-0.8944083
-0.8956957
-0.89963543
-0.89934474
-0.89706624
-0.9025601
-0.8959938
-0.90451425
-0.89403224
-0.8991299
-0.8994765
-0.8956804
-0.89830804
-0.8973695
-0.9068326
-0.89608765
-0.8944594
-0.9039636
-0.90249115
-0.9047614
-0.9034067
-0.8985669
-0.899232
-0.90127575
-0.8997037
-0.90501475
-0.8998831
-0.9037379
-0.90275514
-0.9001487
-0.9021227
-0.90265256
-0.9052006
-0.90118515
-0.90259254
-0.8977695
-0.90852183
-0.90943766
-0.90467656
-0.9062009
-0.9058997
-0.90492284
-0.9039551
-0.9031845
-0.9022808
-0.89971745
-0.9031219
-0.9048019
-0.9019367
-0.9005177
-0.9027527
-0.90149844
-0.898699
-0.8980672
-0.90192014
-0.89684063
-0.8932391
-0.9013984
-0.89995015
-0.90519947
-0.90481865
-0.89790714
-0.8946856
-0.9016003
-0.9029121
-0.90383273
-0.9010334
-0.89962244
-0.9000499
-0.90118253
-0.9035755
-0.90116966
-0.90385014
-0.9034269
-0.90238583
-0.9016763
-0.9085167
-0.90051365
-0.907849
-0.9054781
-0.9021524
-0.89811873
-0.9000329
-0.9047221
-0.9066972
-0.9011408
-0.90670884
-0.9008322
-0.9054756
-0.90763855
-0.90556765
-0.8951301
-0.89637977
-0.9037975
-0.90083754
-0.90522474
-0.8985272
-0.906391
-0.9034443
-0.9061276
-0.90183985
-0.9047289
-0.9056245
-0.9009841
-0.9015277
-0.9027618
-0.90200275
-0.9057047
-0.9000871
-0.8944494
-0.89992493
-0.90283173
-0.8987106
-0.9031271
-0.9036185
-0.90286887
-0.89363766
-0.8975394
-0.8990804
-0.8957862
-0.9000554
-0.8980259
-0.8956631
-0.90170825
-0.899297
-0.9004186
-0.901694
-0.9006678
-0.898343
-0.9032246
-0.9016684
-0.9057269
-0.90974647
-0.90184486
-0.9013979
-0.90590006
-0.9070475
-0.9031941
-0.9056863
-0.9023281
-0.90786654
-0.90798074
-0.89940244
-0.9059043
-0.89899445
-0.9084427
-0.90841436
-0.9016178
-0.9062269
-0.9074583
-0.9029065
-0.9069095
-0.9070055
-0.9078694
-0.9108208
-0.90562356
-0.90876764
-0.9075008
-0.90515924
-0.9024694
-0.90191114
-0.9090824
-0.90861034
-0.9054588
-0.9121093
-0.9122384
-0.90600955
-0.90992945
-0.9071535
-0.91108894
-0.90953964
-0.9076956
-0.9024439
-0.90267456
-0.9127715
-0.9105579
-0.9090756
-0.911485
-0.904034
-0.90891474
-0.91205204
-0.9099178
-0.8997609
-0.9109307
-0.90894693
-0.9025539
-0.9048306
-0.9109205
-0.9037196
-0.90815085
-0.90697724
-0.90851456
-0.91228193
-0.90676403
-0.9094486
-0.90824205
-0.9125059
-0.90662664
-0.9098484
-0.91376793
-0.90757066
-0.90836424
-0.91151214
-0.9074079
-0.90922403
-0.9086551
-0.9092062
-0.90938467
-0.9048734
-0.905716
-0.91382754
-0.90883607
-0.90980095
-0.9124562
-0.9067445
-0.9134558
-0.9109611
-0.9123672
-0.9075099
-0.912409
-0.90952307
-0.90784484
-0.9117667
-0.9093426
-0.91651314
-0.9098358
-0.90791553
-0.9120572
-0.9111907
-0.9161917
-0.90331745
-0.9119488
-0.9134867
-0.90396005
-0.91099066
-0.91081965
-0.91353714
-0.91000265
-0.9130927
-0.9078816
-0.91315
-0.91057694
-0.9170013
-0.9112391
-0.909674
-0.9095008
-0.91276556
-0.9107028
-0.9152032
-0.91033053
-0.9148243
-0.91151905
-0.9139815
-0.9137925
-0.91013455
-0.91016066
-0.91064113
-0.91126627
-0.91339064
-0.9154375
-0.9168295
-0.91898024
-0.9095543
-0.917608
-0.91723025
-0.9174473
-0.91260314
-0.9112267
-0.9131361
-0.9058004
-0.9100592
-0.9100761
-0.9131172
-0.92128193
-0.91088766
-0.9077188
-0.9112006
-0.90956706
-0.9124262
-0.91477644
-0.91452795
-0.9123699
-0.91330695
-0.91911066
-0.916982
-0.9123039
-0.9130167
-0.9123046
-0.9130664
-0.91271585
-0.9155299
-0.9095693
-0.9143945
-0.9093488
-0.9171942
-0.9111452
-0.9085716
-0.9133291
-0.9076145
-0.91497135
-0.9159142
-0.91066206
-0.9170274
-0.913581
-0.913282
-0.91547555
-0.9136417
-0.91074586
-0.91987234
-0.9144162
-0.91224635
-0.9112907
-0.90959024
-0.91166306
-0.91293436
-0.9107857
-0.9082059
-0.9073458
-0.91751325
-0.9135074
-0.91047364
-0.9153101
-0.90884054
-0.91390115
-0.91596836
-0.9156576
-0.9086449
-0.9129305
-0.9151964
-0.90844893
-0.9148718
-0.9106037
-0.91042674
-0.9159626
-0.91273326
-0.9123667
-0.9155695
-0.91367364
-0.91577935
-0.909859
-0.91516674
-0.9107169
-0.91324514
-0.9172411
-0.91210115
-0.9119642
-0.9116427
-0.9175536
-0.9071936
-0.91350454
-0.918397
-0.9159333
-0.9098052
-0.9147562
-0.914553
-0.9126677
-0.9119132
-0.91458374
-0.90893793
-0.911799
-0.91024005
-0.91230863
-0.9134438
-0.9132685
-0.91330665
-0.9126813
-0.917325
-0.9134837
-0.9158951
-0.9102357
-0.91714174
-0.912467
-0.9120745
-0.9096696
-0.9143562
-0.9140695
-0.9122469
-0.9091614
-0.91042703
-0.9155331
-0.9148753
-0.9130763
-0.9129436
-0.917711
-0.91461754
-0.9141954
-0.9159321
-0.91410476
-0.91578794
-0.90916705
-0.91132414
-0.9111702
-0.9147184
-0.91111976
-0.91961396
-0.9165109
-0.9131116
-0.9150958
-0.91557705
-0.91302043
-0.91319674
-0.91678274
-0.9122855
-0.9142544
-0.9102535
-0.9139647
-0.9124218
-0.9123303
-0.9183443
-0.9153717
-0.9090142
-0.9103602
-0.91048443
-0.91752505
-0.91453207
-0.9082571
-0.9139594
-0.9145338
-0.9153444
-0.9155082
-0.91311836
-0.9097197
-0.9107763
-0.9149616
-0.9148805
-0.9124067
-0.9175078
-0.91786194
-0.9095127
-0.91165566
-0.91713625
-0.9183183
-0.91913795
-0.91930693
-0.9183529
-0.92058873
-0.91562253
-0.9124031
-0.9131379
-0.9133039
-0.9103279
-0.91273016
-0.9125455
-0.90847987
-0.9129342
-0.91341406
-0.91824883
-0.91154903
-0.9202099
-0.91448706
-0.9144811
-0.9127929
-0.913478
-0.9177593
-0.9139799
-0.91039085
-0.91400766
-0.9114277
-0.9118397
-0.9155975
-0.91321886
-0.9098789
-0.9127944
-0.9166385
-0.9176997
-0.9153086
-0.9153874
-0.9102721
-0.918617
-0.91627455
-0.91267663
-0.91765773
-0.9109375
-0.91520935
-0.9181557
-0.91507185
-0.9148188
-0.9106566
-0.9190854
-0.91522557
-0.90937436
-0.91717964
-0.9209541
-0.9138306
-0.9173558
-0.9179079
-0.9147814
-0.9165794
-0.91023105
-0.91941506
-0.91836095
-0.9171444
-0.9175697
-0.9122225
-0.9120116
-0.9170912
-0.9172007
-0.9163432
-0.91748923
-0.9142594
-0.90742034
-0.91677034
-0.9181876
-0.91548574
-0.9148332
-0.91001815
-0.9155848
-0.91598886
-0.91053253
-0.91249055
-0.91135675
-0.91801876
-0.91640997
-0.90991807
-0.9100961
-0.9145864
-0.9140822
-0.9163605
-0.91372025
-0.91645813
-0.9112402
-0.91151226
-0.91466767
-0.9219318
-0.90774274
-0.9125765
-0.9173778
-0.90940505
-0.9148166
-0.9134732
-0.91702515
-0.9131872
-0.9168136
-0.91055554
-0.915643
-0.9121352
-0.91589195
-0.9151381
-0.9154016
-0.91287684
-0.9177511
-0.91398317
-0.92025536
-0.91152525
-0.91291845
-0.9164568
-0.91384023
-0.91746163
-0.9127064
-0.90880907
-0.91334164
-0.9154273
-0.91116965
-0.9238244
-0.912926
-0.91120094
-0.915903
-0.91870224
-0.9183505
-0.91959935
-0.9165456
-0.9142448
-0.9167725
-0.9155158
-0.91790056
-0.9205263
-0.9120479
-0.919988
-0.9186746
-0.91952765
-0.9131566
-0.9158238
-0.91405064
-0.91746986
-0.91533625
-0.91513616
-0.91616833
-0.91786397
-0.91018194
-0.917948
-0.9112816
-0.91272014
-0.9141867
-0.9162596
-0.9181725
-0.9201092
-0.9186329
-0.91414875
-0.918074
-0.9145038
-0.91666955
-0.9192886
-0.9181732
-0.9180449
-0.9172321
-0.9153478
-0.91872376
-0.92041373
-0.9123267
-0.9139867
-0.91873467
-0.9133488
-0.91534036
-0.9171304
-0.91494787
-0.9088966
-0.9184521
-0.92077583
-0.9106212
-0.9162893
-0.91441566
-0.9094536
-0.9148153
-0.9170866
-0.91728884
-0.9117764
-0.9203098
-0.9213343
-0.9143049
-0.91982555
-0.916584
-0.91832894
-0.91870576
-0.91642076
-0.91351444
-0.9165228
-0.9140339
-0.91389257
-0.9169479
-0.9206135
-0.9181884
-0.91505814
-0.91759837
-0.9176249
-0.91943645
-0.91629934
-0.9139961
-0.9136328
-0.9180752
-0.91594887
-0.9139681
-0.9116222
-0.91552556
-0.9167818
-0.91864413
-0.90967053
-0.91497695
-0.9137298
-0.91227776
-0.91279083
-0.91144943
-0.91267014
-0.91338784
-0.91664326
-0.91766065
-0.91183424
-0.9121369
-0.9149715
-0.9160805
-0.9159044
-0.914523
-0.91901505
-0.9198294
-0.91422457
-0.91790414
-0.9119526
-0.90746266
-0.9174343
-0.9151485
-0.9179231
-0.9223196
-0.9178941
-0.9172555
-0.91877025
-0.9178447
-0.9104483
-0.9156317
-0.91537577
-0.91798264
-0.9151845
-0.91633236
-0.91095555
-0.9153944
-0.9199892
-0.91505206
-0.9150766
-0.9196029
-0.91416234
-0.9154098
-0.91862184
-0.91878897
-0.9195088
-0.9202731
-0.9154417
-0.9163346
-0.921144
-0.90855944
-0.9170243
-0.91497403
-0.91215634
-0.9135662
-0.91601354
-0.9153234
-0.922378
-0.9182244
-0.9215499
-0.9214292
-0.9112514
-0.9192936
-0.91779935
-0.9200861
-0.9186539
-0.9124302
-0.9158786
-0.9204945
-0.91855645
-0.90988684
-0.91553247
-0.9156469
-0.9092634
-0.91898614
-0.9153899
-0.9154742
-0.9127964
-0.91562426
-0.9186014
-0.91632235
-0.9126672
-0.9135157
-0.9203304
-0.9149402
-0.92141277
-0.9099708
-0.9139771
-0.913127
-0.9133307
-0.9124587
-0.91080034
-0.9161403
-0.9214562
-0.917267
-0.9122933
-0.9134
-0.91117394
-0.9160655
-0.9182336
-0.9156688
-0.9159755
-0.91720307
-0.9153146
-0.9166998
-0.9173102
-0.91750026
-0.9169146
-0.91281146
-0.9138173
-0.9151342
-0.9154644
-0.9136831
-0.9175534
-0.9151531
-0.91328156
-0.9120425
-0.913313
-0.9138701
-0.91251504
-0.91483915
-0.91581416
-0.9186275
-0.913708
-0.9143078
-0.91587347
-0.9157055
-0.91361207
-0.9193798
-0.922182
-0.91753733
-0.9125759
-0.91580737
-0.91558486
-0.91581476
-0.91701835
-0.9098233
-0.9160629
-0.9142786
-0.9139625
-0.914295
-0.91727453
-0.91332144
-0.9138532
-0.92040986
-0.91836834
-0.9187342
-0.9170333
-0.9135831
-0.9155945
-0.91377044
-0.9184217
-0.91757095
-0.9176908
-0.91606754
-0.9180702
-0.91481864
-0.91807413
-0.9219741
-0.9149181
-0.91683453
-0.91577446
-0.9155953
-0.9153503
-0.9190647
-0.9123569
-0.9237093
-0.9188075
-0.9186758
-0.9217897
-0.9176309
-0.9193993
-0.9154226
-0.9108479
-0.910699
-0.91941226
-0.91259617
-0.91597694
-0.9155702
-0.91683
-0.9185528
-0.9155191
-0.9166101
-0.9126066
-0.91667163
-0.9145574
-0.9124306
-0.91218674
-0.91377443
-0.91687864
-0.9157698
-0.91385555
-0.92089295
-0.9142078
-0.91635996
-0.9133246
-0.91851085
-0.91812843
-0.916263
-0.90981215
-0.91462773
-0.9202593
-0.91225564
-0.9120175
-0.91873956
-0.9156842
-0.91589725
-0.9203246
-0.916457
-0.91550493
-0.9142589
-0.9172163
-0.91931415
-0.90882635
-0.9136996
-0.9164682
-0.9185921
-0.9134649
-0.91533786
-0.9202195
-0.911359
-0.91829056
-0.9212405
-0.91845816
-0.9152208
-0.91966766
-0.9210417
-0.9146475
-0.91502786
-0.9223562
-0.91367596
-0.92116
-0.9172662
-0.91290975
-0.91692495
-0.91657794
-0.9166617
-0.91239023
-0.91854584
-0.9159776
-0.9136128
-0.9205177
-0.914988
-0.9137725
-0.91915345
-0.91451997
-0.9177827
-0.9208006
-0.92072874
-0.91309875
-0.91706944
-0.9199772
-0.9253446
-0.9179875
-0.9204696
-0.92249733
-0.9159571
-0.9168308
-0.91995585
-0.91702646
-0.91347116
-0.91988075
-0.91650444
-0.91738737
-0.92074263
-0.9221344
-0.91698027
-0.91319317
-0.91811943
-0.9182403
-0.9161371
-0.918211
-0.91600865
-0.9144564
-0.91218317
-0.91797554
-0.91954416
-0.91779155
-0.9142695
-0.9173124
-0.9173424
-0.91822386
-0.9163892
-0.9205089
-0.9170174
-0.9192626
-0.9168663
-0.9198992
-0.9188354
-0.9223917
-0.9138546
-0.91697127
-0.91552263
-0.92245656
-0.9145583
-0.9173671
-0.91975147
-0.9147793
-0.9191217
-0.9167178
-0.9158904
-0.91733783
-0.9219031
-0.9206693
-0.9127932
-0.9180619
-0.9168305
-0.9132919
-0.9170204
-0.9144636
-0.91868466
-0.9201504
-0.9201836
-0.9149296
-0.9157381
-0.92017996
-0.91411686
-0.92007273
-0.92062604
-0.9185416
-0.92042637
-0.9209631
-0.9169868
-0.91884875
-0.9199407
-0.92010695
-0.9202961
-0.91918355
-0.9195568
-0.90845996
-0.918898
-0.9179684
-0.9213774
-0.9183621
-0.91853786
-0.91314405
-0.9174348
-0.919501
-0.9179874
-0.9251566
-0.91567624
-0.9169761
-0.92390084
-0.9207484
-0.9197885
-0.9206875
-0.91759545
-0.9255637
-0.9163332
-0.919086
-0.91618884
-0.91963387
-0.9224427
-0.9207068
-0.91823995
-0.92304283
-0.9219209
-0.92038906
-0.92050403
-0.91862285
-0.92470574
-0.9203796
-0.92175037
-0.921158
-0.91506237
-0.9213087
-0.91583973
-0.9194566
-0.91778463
-0.91955477
-0.9225595
-0.91543984
-0.91930866
-0.92034364
-0.92539626
-0.9168863
-0.92075753
-0.9188667
-0.91954464
-0.92006683
-0.9133855
-0.91927963
-0.92073476
-0.9206495
-0.9177338
-0.9185505
-0.9218027
-0.9253395
-0.92092586
-0.9214021
-0.9184188
-0.9239353
-0.9260482
-0.9167434
-0.92035156
-0.9203243
-0.9185521
-0.9212113
-0.917039
-0.9194743
-0.92184967
-0.9157901
-0.9150428
-0.92111486
-0.9204155
-0.922317
-0.9283217
-0.9204007
-0.91800797
-0.9224582
-0.92439437
-0.92811435
-0.9168653
-0.9179271
-0.9238521
-0.92349756
-0.9199774
-0.92307305
-0.9173874
-0.91915214
-0.9217323
-0.91712666
-0.92259645
-0.9215551
-0.924353
-0.92193866
-0.9203842
-0.9180707
-0.9212949
-0.92234486
-0.9212143
-0.9174659
-0.92092526
-0.9156033
-0.9198369
-0.92396015
-0.92336535
-0.9218387
-0.92215776
-0.92402476
-0.9170418
-0.91773224
-0.92007864
-0.917329
-0.9183171
-0.9187207
-0.9225095
-0.92061347
-0.92145497
-0.9188967
-0.92549926
-0.9226906
-0.9193834
-0.9179659
-0.9223727
-0.92241246
-0.91667706
-0.92212445
-0.9159523
-0.918427
-0.9176799
-0.9190595
-0.9203076
-0.91820544
-0.91847956
-0.91928846
-0.9196539
-0.922484
-0.9252439
-0.9210304
-0.9236611
-0.91530323
-0.9206867
-0.9248846
-0.92359424
-0.925195
-0.92718506
-0.9226312
-0.9229698
-0.9235403
-0.9217882
-0.92338073
-0.9171116
-0.9224336
-0.92323315
-0.9210075
-0.9221334
-0.9251404
-0.92222923
-0.923281
-0.91701084
-0.9197398
-0.9224854
-0.92200226
-0.9220311
-0.9263253
-0.91589373
-0.9208347
-0.91754895
-0.9232177
-0.9218181
-0.92055535
-0.91960466
-0.91974986
-0.91810495
-0.91857475
-0.9203199
-0.921626
-0.91942775
-0.9243476
-0.9196719
-0.9215075
-0.9187323
-0.91727906
-0.9179344
-0.9199393
-0.9190016
-0.9205872
-0.91963327
-0.92311096
-0.91782606
-0.92323047
-0.92188245
-0.92314476
-0.92219734
-0.92286223
-0.92320657
-0.92455953
-0.92431504
-0.9247079
-0.9198954
-0.9193807
-0.9249303
-0.9184069
-0.9253114
-0.92268956
-0.92452186
-0.91944486
-0.9258184
-0.9184365
-0.9173882
-0.9269389
-0.9250777
-0.92192596
-0.9248184
-0.9232767
-0.91905046
-0.91817176
-0.9177193
-0.91792977
-0.9245112
-0.92150044
-0.9238562
-0.9241859
-0.92308795
-0.9214892
-0.923471
-0.92394984
-0.9234379
-0.92319065
-0.91944224
-0.9194077
-0.92308
-0.9216757
-0.9270254
-0.9297341
-0.92135566
-0.92446107
-0.92397064
-0.92022115
-0.9215995
-0.9265169
-0.9195039
-0.92337793
-0.92366296
-0.9197359
-0.9223802
-0.9194169
-0.9227176
-0.9246965
-0.92406934
-0.9237971
-0.9223814
-0.92339534
-0.9203325
-0.92538273
-0.9251698
-0.9214651
-0.9234339
-0.9230293
-0.92768055
-0.9169518
-0.92486185
-0.9179151
-0.92499334
-0.92726344
-0.91997236
-0.9250311
-0.92544746
-0.922921
-0.9203137
-0.92666656
-0.9216316
-0.9245584
-0.9252324
-0.9200223
-0.9228312
-0.9216574
-0.92472714
-0.92502123
-0.9284469
-0.92313683
-0.9228294
-0.9220662
-0.9254422
-0.9268426
-0.92265254
-0.92449623
-0.92151225
-0.9225909
-0.92544913
-0.92145777
-0.92587984
-0.92041487
-0.9254827
-0.9209965
-0.9198427
-0.9265472
-0.92798424
-0.9228616
-0.92611927
-0.9246828
-0.91791064
-0.9217221
-0.92197067
-0.92256385
-0.92022955
-0.92218524
-0.92145836
-0.9249955
-0.9208276
-0.92317504
-0.9208961
-0.92532283
-0.9242262
-0.9235513
-0.9251741
-0.9222269
-0.92677665
-0.9209462
-0.9248663
-0.9209437
-0.9228533
-0.92447346
-0.9218767
-0.9228417
-0.92378265
-0.92280537
-0.91830933
-0.9261715
-0.9258085
-0.92558396
-0.91849947
-0.91698134
-0.9191478
-0.9212202
-0.92215693
-0.9232842
-0.9174787
-0.92440623
-0.92105067
-0.9240413
-0.92391807
-0.92177033
-0.91981
-0.9180477
-0.9181893
-0.92209536
-0.9239577
-0.92667973
-0.9247384
-0.919773
-0.92325807
-0.92427766
-0.9203932
-0.9223599
-0.92010564
-0.9261031
-0.9164333
-0.9236077
-0.9212316
-0.92468107
-0.9200456
-0.9253443
-0.9183453
-0.9184505
-0.9196284
-0.9223945
-0.92281955
-0.9219058
-0.9223803
-0.92368233
-0.92253613
-0.9246332
-0.9232231
-0.9221714
-0.9229547
-0.9253659
-0.9231554
-0.92338043
-0.91861415
-0.92812526
-0.9203848
-0.9242767
-0.92494345
-0.9177084
-0.919338
-0.93058693
-0.92747164
-0.92548126
-0.9218331
-0.91973346
-0.92378336
-0.9211073
-0.9246646
-0.9205502
-0.9173548
-0.92463875
-0.921087
-0.9194891
-0.9225964
-0.92281646
-0.9254374
-0.920998
-0.92212915
-0.92110884
-0.9217885
-0.9218306
-0.91971105
-0.9273879
-0.92313623
-0.9193772
-0.9206998
-0.9241861
-0.9240081
-0.91999763
-0.9261609
-0.92289424
-0.9242584
-0.9213627
-0.92201
-0.9235163
-0.9229599
-0.92764205
-0.9263435
-0.9205731
-0.9197125
-0.92278665
-0.92337394
-0.92547876
-0.9244088
-0.92363137
-0.925353
-0.9202655
-0.9272219
-0.9229351
-0.92625195
-0.9200938
-0.9247219
-0.9238823
-0.9225494
-0.92321926
-0.92252266
-0.9197042
-0.9259769
-0.92111504
-0.9260142
-0.9216353
-0.91883904
-0.9178637
-0.92380136
-0.9225382
-0.91771924
-0.92235214
-0.9219415
-0.92257595
-0.9211687
-0.92260003
-0.92731655
-0.91799605
-0.92424786
-0.91677696
-0.92399967
-0.9251149
-0.9269332
-0.92471886
-0.92305386
-0.9210201
-0.9220188
-0.92443043
-0.9248957
-0.9258447
-0.9269034
-0.92559
-0.92423636
-0.92399657
-0.92454
-0.92714757
-0.9220128
-0.9271329
-0.9277974
-0.9266571
-0.929865
-0.9255558
-0.9272071
-0.92552936
-0.91435325
-0.9230897
-0.92444307
-0.917324
-0.9267216
-0.92148864
-0.92187464
-0.9150922
-0.9202149
-0.92271566
-0.9210951
-0.92461544
-0.92293817
-0.92469716
-0.92581904
-0.9229145
-0.92558384
-0.92392135
-0.91995436
-0.9232057
-0.92426324
-0.9233158
-0.9211264
-0.9228175
-0.9236517
-0.9250482
-0.92609406
-0.9257212
-0.9236373
-0.9213712
-0.9263535
-0.9240083
-0.92167944
-0.9244662
-0.92421097
-0.92879456
-0.9225188
-0.92796135
-0.925465
-0.92641175
-0.92105997
-0.9195849
-0.9241554
-0.92192256
-0.9253503
-0.92186743
-0.92789423
-0.9198814
-0.9253385
-0.92380637
-0.9257445
-0.9283849
-0.9169167
-0.9211182
-0.92054206
-0.92223215
-0.92549455
-0.923967
-0.9245818
-0.9267621
-0.9246612
-0.9184624
-0.92107886
-0.92376345
-0.9243736
-0.9228606
-0.9240861
-0.9217859
-0.9230557
-0.92436516
-0.92524475
-0.9267538
-0.91934294
-0.9251936
-0.9231292
-0.92531127
-0.92099434
-0.9262364
-0.92515105
-0.92053187
-0.922189
-0.9260733
-0.92218024
-0.9268502
-0.92602736
-0.9220801
-0.9229456
-0.9244214
-0.9223387
-0.92826116
-0.92608416
-0.92665213
-0.9241144
-0.9242943
-0.92092663
-0.9233576
-0.9261202
-0.9268414
-0.9242262
-0.92247295
-0.9256366
-0.91717714
-0.92756945
-0.91971415
-0.9223694
-0.9229082
-0.92262363
-0.9267492
-0.92750275
-0.9233566
-0.91978794
-0.9254892
-0.92365503
-0.9217437
-0.924699
-0.9237951
-0.92566717
-0.9164596
-0.9195486
-0.9272688
-0.92282104
-0.9215522
-0.92460024
-0.9292317
-0.92804766
-0.922894
-0.92696977
-0.9227395
-0.9198175
-0.9229159
-0.9284267
-0.9257293
-0.9263549
-0.926298
-0.9214802
-0.9242498
-0.9244077
-0.9221568
-0.9246987
-0.9211911
-0.91791975
-0.9236197
-0.9247409
-0.92003924
-0.9237433
-0.9256085
-0.9244487
-0.92909133
-0.9239764
-0.92508364
-0.9268957
-0.92640346
-0.9221196
-0.9255081
-0.9239273
-0.931735
-0.9283245
-0.9255791
-0.9257004
-0.92372346
-0.923206
-0.9271752
-0.92467886
-0.9280946
-0.9270305
-0.9253412
-0.92480135
-0.9308767
-0.9208536
-0.9207963
-0.9240236
-0.91893506
-0.9215364
-0.9234774
-0.9218325
-0.92495334
-0.9254684
-0.92449135
-0.9187078
-0.9246171
-0.9237275
-0.9228146
-0.92690617
-0.9204181
-0.9209882
-0.9213642
-0.9222513
-0.9210115
-0.92170966
-0.9268107
-0.92467225
-0.9268237
-0.9244083
-0.9222967
-0.92542917
-0.9202024
-0.92345876
-0.91954106
-0.92416054
-0.92718226
-0.92513853
-0.9251764
-0.92536336
-0.9237296
-0.92533755
-0.92115825
-0.92624944
-0.92315173
-0.9222705
-0.92294425
-0.921137
-0.9278879
-0.91763854
-0.92432344
-0.9239257
-0.91674995
-0.92596114
-0.9230581
-0.9196973
-0.9242761
-0.92339253
-0.9178137
-0.92370135
-0.9230151
-0.9212484
-0.9218209
-0.9258157
-0.92250067
-0.9233382
-0.9186142
-0.9209768
-0.91926146
-0.9242861
-0.92278856
-0.9219079
-0.9272316
-0.92486465
-0.9219977
-0.92195344
-0.9229945
-0.9252775
-0.92377895
-0.9265405
-0.91957486
-0.92168623
-0.9235979
-0.9208312
-0.9257009
-0.92449206
-0.9230165
-0.92828935
-0.9223668
-0.9227245
-0.9300665
-0.92744696
-0.92475694
-0.9249722
-0.92647326
-0.9289707
-0.9234879
-0.92525816
-0.9271723
-0.9220255
-0.92442155
-0.9269091
-0.92090803
-0.9250054
-0.92423224
-0.92272115
-0.92406154
-0.92064315
-0.9274523
-0.92329794
-0.92630535
-0.9252844
-0.9223473
-0.9270695
-0.9265345
-0.92830116
-0.92671615
-0.9213445
-0.9261054
-0.92557096
-0.92277056
-0.92509884
-0.9271882
-0.9206625
-0.9264892
-0.9248502
-0.9257123
-0.92430717
-0.92538685
-0.9246214
-0.92474926
-0.92066944
-0.9264451
-0.92565835
-0.923564
-0.92516434
-0.9320257
-0.9274427
-0.9246328
-0.92465246
-0.9193638
-0.92901015
-0.9200002
-0.92118984
-0.9192191
-0.9225526
-0.9257072
-0.92406005
-0.92233974
-0.92734855
-0.9222
-0.9249669
-0.9224067
-0.9239836
-0.9239243
-0.9234779
-0.92326057
-0.9207906
-0.92813486
-0.92700106
-0.92769593
-0.9262488
-0.9249117
-0.92282265
-0.9228341
-0.92470527
-0.92737395
-0.927544
-0.92845124
-0.9243003
-0.92363656
-0.92738724
-0.9263686
-0.92426646
-0.9244709
-0.9238374
-0.926071
-0.9235527
-0.9238632
-0.92300165
-0.9236292
-0.922989
-0.9234134
-0.9245596
-0.92679286
-0.9244696
-0.9241179
-0.9275268
-0.9182663
-0.9274086
-0.9241707
-0.9250995
-0.9201155
-0.92187685
-0.9259376
-0.922335
-0.9245432
-0.92386335
-0.9230805
-0.9291716
-0.92561615
-0.9281519
-0.92254746
-0.92780745
-0.9244567
-0.929395
-0.92239606
-0.9197508
-0.922056
-0.92507607
-0.91994476
-0.91917574
-0.92419887
-0.9225558
-0.9248521
-0.91966623
-0.9278214
-0.9261557
-0.9260339
-0.9210873
-0.9181888
-0.92617005
-0.9240792
-0.9278797
-0.922428
-0.9240618
-0.92610615
-0.92786455
-0.925195
-0.92987543
-0.92461944
