-0.3997187
-0.43350846
-0.45116228
-0.49612936
-0.5154244
-0.5075736
-0.5299273
-0.55559665
-0.5511565
-0.56879705
-0.56140137
-0.5429895
-0.55391574
-0.5582239
-0.54290116
-0.54716724
-0.55153966
-0.54911
-0.5434296
-0.5399804
-0.5479207
-0.55226046
-0.53795993
-0.5598887
-0.55093837
-0.5461441
-0.55420375
-0.54969794
-0.54837865
-0.54919875
-0.5541934
-0.5577964
-0.5548423
-0.55153906
-0.56049633
-0.5687373
-0.5732952
-0.57139325
-0.5820396
-0.5708795
-0.5894924
-0.5913267
-0.58990717
-0.56941503
-0.58406764
-0.5629907
-0.573691
-0.5708261
-0.5672941
-0.583028
-0.5826527
-0.5790527
-0.5835676
-0.58447874
-0.5936129
-0.59697205
-0.5917644
-0.5920485
-0.5918348
-0.59947807
-0.60379016
-0.59692425
-0.5986041
-0.59482896
-0.60360026
-0.5959707
-0.5945527
-0.6167484
-0.5921833
-0.6057877
-0.5948948
-0.6092209
-0.6114491
-0.5964737
-0.5834532
-0.59736395
-0.611382
-0.59676397
-0.6138599
-0.60977936
-0.61192614
-0.61331165
-0.6171994
-0.60402447
-0.5967704
-0.5992459
-0.61773366
-0.6098536
-0.60138273
-0.6257235
-0.6087195
-0.60490847
-0.6114705
-0.61739004
-0.6093849
-0.5986357
-0.61194533
-0.61483604
-0.61630726
-0.6090676
-0.6127871
-0.611017
-0.59787935
-0.6277319
-0.62338805
-0.61781013
-0.6153286
-0.63605726
-0.6158237
-0.6224165
-0.620325
-0.618664
-0.6151481
-0.62947255
-0.62014407
-0.6210399
-0.6141736
-0.62042195
-0.6157258
-0.61243826
-0.62398845
-0.6191498
-0.61846983
-0.6144083
-0.6209781
-0.62395287
-0.60952705
-0.6050698
-0.6050198
-0.6035611
-0.59443337
-0.60852504
-0.61414015
-0.61457163
-0.62115544
-0.6093395
-0.59697014
-0.62093693
-0.62043655
-0.6104175
-0.6232832
-0.6111795
-0.6184234
-0.61371756
-0.62056845
-0.62686706
-0.6276529
-0.61731833
-0.6170234
-0.61768866
-0.6222107
-0.6106154
-0.6268345
-0.6172756
-0.62020206
-0.61715645
-0.6233718
-0.62417674
-0.60869354
-0.6169694
-0.6149237
-0.6221014
-0.61446303
-0.61379766
-0.61423445
-0.6173378
-0.6140749
-0.6159837
-0.6283231
-0.6138011
-0.6253296
-0.61388016
-0.61823
-0.62584233
-0.6286525
-0.62781423
-0.6263486
-0.62144405
-0.62898135
-0.6227932
-0.6452073
-0.6163473
-0.6205346
-0.6247029
-0.6232514
-0.6107153
-0.6164556
-0.6235396
-0.61743355
-0.6286439
-0.62156135
-0.6141136
-0.62703794
-0.6283868
-0.624157
-0.6283757
-0.6226456
-0.61276567
-0.61525923
-0.6402075
-0.61966586
-0.6118683
-0.6351065
-0.63081574
-0.6297306
-0.61215264
-0.6279377
-0.61641437
-0.63292134
-0.63377595
-0.6198372
-0.62875724
-0.6318921
-0.62297463
-0.6297349
-0.62926036
-0.624954
-0.6233054
-0.6348404
-0.63047045
-0.6213629
-0.62143666
-0.6139982
-0.63615614
-0.6311545
-0.6277129
-0.62821287
-0.63331634
-0.62720984
-0.6363639
-0.6252614
-0.6178348
-0.61009634
-0.6294803
-0.636567
-0.62228894
-0.6245893
-0.628054
-0.62247497
-0.6231829
-0.62233204
-0.62378824
-0.638522
-0.6289339
-0.6179329
-0.6186463
-0.63133323
-0.6276213
-0.63682115
-0.632193
-0.64442146
-0.63925856
-0.63252705
-0.6275891
-0.63484865
-0.6313666
-0.62606484
-0.62847275
-0.6266993
-0.6280319
-0.63123274
-0.625972
-0.63157403
-0.63487023
-0.6256169
-0.6316138
-0.62361103
-0.6371403
-0.6334215
-0.62538725
-0.62153894
-0.625414
-0.63554066
-0.6314931
-0.62758034
-0.63115776
-0.639165
-0.639028
-0.6413182
-0.6317575
-0.6344412
-0.6319579
-0.63116604
-0.6317939
-0.6292876
-0.64561117
-0.6308733
-0.6309055
-0.63303244
-0.63182276
-0.64140517
-0.6555914
-0.6332832
-0.63904417
-0.63342714
-0.6395753
-0.6368127
-0.6390385
-0.63785595
-0.6346037
-0.6419419
-0.63535315
-0.6265309
-0.6132723
-0.6203098
-0.6344191
-0.6426472
-0.6425163
-0.6319583
-0.63957167
-0.63626236
-0.6432941
-0.63935214
-0.6312115
-0.63266885
-0.648499
-0.62967294
-0.6444911
-0.6511084
-0.6391267
-0.63624305
-0.6399746
-0.63048685
-0.6398562
-0.645405
-0.64755136
-0.64074856
-0.6525167
-0.6391904
-0.6368564
-0.64359945
-0.6427473
-0.6228361
-0.63367873
-0.6307841
-0.63727534
-0.63692576
-0.63383776
-0.63387704
-0.6428797
-0.6339595
-0.6233567
-0.625259
-0.6348008
-0.6371152
-0.6397982
-0.6409005
-0.64266634
-0.6392275
-0.638864
-0.6399972
-0.6381512
-0.61691314
-0.61715484
-0.6318771
-0.6372816
-0.62953556
-0.62551427
-0.6438692
-0.64148325
-0.6304687
-0.6366676
-0.63732535
-0.6316527
-0.62901914
-0.65154
-0.63544315
-0.6407975
-0.62871426
-0.6447082
-0.6518235
-0.6382862
-0.64756715
-0.6444087
-0.62742776
-0.62668467
-0.63697124
-0.6441331
-0.64588356
-0.64066195
-0.63845766
-0.6469369
-0.64271504
-0.63401383
-0.63674647
-0.640569
-0.6428301
-0.6383702
-0.6343937
-0.63705677
-0.63517076
-0.6410263
-0.63299876
-0.63715214
-0.6363335
-0.64336
-0.6311953
-0.6333075
-0.6405114
-0.6437482
-0.63438684
-0.64229596
-0.6429477
-0.65358496
-0.64675784
-0.63969207
-0.6398042
-0.6476389
-0.6396417
-0.6234206
-0.6361654
-0.63325846
-0.6356657
-0.63018626
-0.6334925
-0.63140994
-0.6399727
-0.64095086
-0.6501228
-0.63790184
-0.6379933
-0.6398375
-0.65240026
-0.6396525
-0.63606864
-0.63851523
-0.63423383
-0.62889034
-0.6275874
-0.6393559
-0.6426445
-0.6344236
-0.6297222
-0.6237632
-0.6315708
-0.63807195
-0.64780074
-0.6337129
-0.62905437
-0.6361407
-0.6451104
-0.6411666
-0.6373824
-0.6361076
-0.6413978
-0.6418088
-0.6434628
-0.6385139
-0.6457622
-0.6391084
-0.64635724
-0.65829086
-0.6420442
-0.63890815
-0.64736426
-0.6527694
-0.6368133
-0.63742536
-0.6365841
-0.64293414
-0.64567137
-0.63983303
-0.64754605
-0.6425771
-0.6458578
-0.6517278
-0.6500488
-0.64340156
-0.6373757
-0.64505434
-0.645065
-0.6518844
-0.6504316
-0.6492183
-0.6477437
-0.65269214
-0.6390498
-0.65265507
-0.65267724
-0.6420342
-0.6566647
-0.65301996
-0.6482404
-0.65805906
-0.65181136
-0.6385346
-0.65085626
-0.6575253
-0.6440979
-0.6417416
-0.6552887
-0.6449364
-0.63936514
-0.6510178
-0.6503541
-0.6595119
-0.6537264
-0.6491064
-0.642922
-0.64300066
-0.6445006
-0.6529301
-0.63867986
-0.6352042
-0.64303374
-0.64068663
-0.6412325
-0.63886833
-0.63878256
-0.64190674
-0.6450822
-0.6405303
-0.6471417
-0.6448407
-0.6455931
-0.64714223
-0.65468127
-0.63503194
-0.65375483
-0.6453155
-0.64540845
-0.65405303
-0.6321462
-0.6419419
-0.64947546
-0.65430963
-0.6472936
-0.6522327
-0.64510447
-0.64384156
-0.64370555
-0.6510522
-0.65243083
-0.64843565
-0.6550372
-0.6417179
-0.6386217
-0.6391833
-0.6341032
-0.6491607
-0.6424647
-0.6376125
-0.63689893
-0.6415085
-0.641339
-0.63745064
-0.6390951
-0.6371011
-0.6297019
-0.64906406
-0.6426261
-0.6388353
-0.63950264
-0.6420374
-0.64661515
-0.6421403
-0.6563083
-0.6493172
-0.64949054
-0.6500871
-0.6610599
-0.6425938
-0.6391155
-0.64124584
-0.63959974
-0.65087837
-0.6410203
-0.65662986
-0.6515281
-0.6609398
-0.6443241
-0.64837396
-0.6559336
-0.6555046
-0.6498831
-0.65231925
-0.65320307
-0.6461988
-0.6496109
-0.65403163
-0.6475098
-0.6428774
-0.65304357
-0.65440744
-0.64050376
-0.6437054
-0.64504266
-0.6500863
-0.6396405
-0.63071287
-0.64298826
-0.6391443
-0.65057033
-0.6513425
-0.63260096
-0.64548016
-0.6451557
-0.64314854
-0.6365918
-0.639858
-0.63576984
-0.65019035
-0.64719963
-0.65642077
-0.6498161
-0.645477
-0.64393383
-0.642285
-0.6396094
-0.656197
-0.6397746
-0.64081407
-0.64796364
-0.6434325
-0.6541652
-0.64774984
-0.6493718
-0.6497578
-0.65052056
-0.65233535
-0.6438853
-0.65319026
-0.6518584
-0.65395236
-0.6550109
-0.6380004
-0.6528474
-0.6450021
-0.6477371
-0.64757586
-0.64759994
-0.64699847
-0.64754826
-0.6469548
-0.64601713
-0.63684535
-0.65001285
-0.64409155
-0.6461382
-0.6566322
-0.6517082
-0.6661255
-0.6617811
-0.66009444
-0.65223503
-0.64928806
-0.64623404
-0.6575452
-0.6597141
-0.6426524
-0.6387461
-0.648562
-0.6514009
-0.6647835
-0.6494545
-0.65923053
-0.65092117
-0.64946586
-0.66045916
-0.65566236
-0.6508782
-0.64896965
-0.6622731
-0.6508472
-0.6554474
-0.65328103
-0.65426946
-0.65960497
-0.64747834
-0.65198976
-0.65682423
-0.65348226
-0.65574694
-0.6627655
-0.65807277
-0.6484493
-0.6610084
-0.65427464
-0.6507832
-0.6445348
-0.64843357
-0.6578131
-0.6469484
-0.6508907
-0.6449239
-0.6478698
-0.64127034
-0.6514732
-0.65013707
-0.6475995
-0.64682525
-0.64853364
-0.65265703
-0.6568349
-0.6579038
-0.65411425
-0.6549047
-0.64877975
-0.6457743
-0.65302163
-0.6504458
-0.6535179
-0.647894
-0.65526944
-0.6527456
-0.6596765
-0.657301
-0.6503302
-0.63952404
-0.6471121
-0.6543086
-0.6610487
-0.6571392
-0.6590674
-0.6633253
-0.66026187
-0.65926653
-0.6474645
-0.65229684
-0.6690176
-0.6575336
-0.666098
-0.6576363
-0.64507836
-0.64969534
-0.6451957
-0.65328336
-0.6511089
-0.6623252
-0.66054
-0.6586372
-0.6480567
-0.6436542
-0.64909786
-0.63965774
-0.6623188
-0.6560012
-0.663462
-0.6547252
-0.6566705
-0.65391153
-0.6541755
-0.65871596
-0.657387
-0.6567381
-0.6540044
-0.64159477
-0.6476684
-0.6561559
-0.6615895
-0.6656956
-0.66194594
-0.6598167
-0.6652093
-0.66228586
-0.6705249
-0.6590639
-0.6628108
-0.6650211
-0.65272045
-0.64691216
-0.6645537
-0.6616898
-0.6634862
-0.6658498
-0.6573118
-0.6667107
-0.66058695
-0.65759164
-0.663006
-0.6668902
-0.65946805
-0.67994356
-0.67021185
-0.6607131
-0.67537385
-0.6621182
-0.6697672
-0.6616881
-0.67029214
-0.66761917
-0.6579831
-0.66158503
-0.66828007
-0.65676975
-0.6551923
-0.6598007
-0.66380507
-0.6646597
-0.6649467
-0.6740889
-0.66668487
-0.6681777
-0.65949726
-0.65980303
-0.6575758
-0.6595011
-0.6619281
-0.67589635
-0.67531794
-0.6595263
-0.67008835
-0.674623
-0.67345166
-0.6736913
-0.67102367
-0.66086143
-0.6671925
-0.6650754
-0.66195786
-0.6626463
-0.65631604
-0.66764313
-0.6662067
-0.67302865
-0.658874
-0.677855
-0.6637466
-0.6490754
-0.6638981
-0.67038226
-0.6582265
-0.64689445
-0.65030247
-0.6551084
-0.6590005
-0.65622514
-0.65199196
-0.6612672
-0.6723969
-0.66660905
-0.66383404
-0.6502969
-0.664974
-0.6643833
-0.662306
-0.65210575
-0.64916676
-0.6657012
-0.674515
-0.6469755
-0.6648101
-0.6688187
-0.6586146
-0.6706331
-0.6601552
-0.6660721
-0.6573429
-0.6763949
-0.6632644
-0.6752572
-0.67156696
-0.6643942
-0.66668016
-0.6651443
-0.66830707
-0.6652618
-0.6666497
-0.67164934
-0.6751838
-0.66476905
-0.67110044
-0.67192584
-0.66795707
-0.67103976
-0.6595964
-0.6646842
-0.6621916
-0.6637452
-0.66236675
-0.6638829
-0.67110205
-0.6625387
-0.6698819
-0.66970736
-0.66162676
-0.67250323
-0.6735526
-0.67293835
-0.67155963
-0.67436844
-0.6754151
-0.66583616
-0.6736263
-0.6757426
-0.6641137
-0.66594476
-0.67819595
-0.6676128
-0.6747097
-0.6666946
-0.66835284
-0.6793535
-0.6764525
-0.6738044
-0.6787273
-0.67695105
-0.66829765
-0.6732057
-0.67365813
-0.6794974
-0.66218334
-0.6727726
-0.66537255
-0.6589678
-0.66180533
-0.6633452
-0.67330956
-0.6620218
-0.6697698
-0.67108613
-0.67242867
-0.66557723
-0.6662786
-0.6684686
-0.6765462
-0.66504997
-0.669103
-0.6620376
-0.67111874
-0.66710824
-0.6680491
-0.66441333
-0.6674909
-0.6763219
-0.6684916
-0.6667581
-0.6743964
-0.6763904
-0.6767855
-0.6667201
-0.68269235
-0.67148024
-0.67743987
-0.6776906
-0.6758216
-0.67634356
-0.67453974
-0.6777551
-0.67286515
-0.6666408
-0.6712155
-0.67334384
-0.6699453
-0.6712806
-0.6782699
-0.6640071
-0.6750721
-0.6709447
-0.6809839
-0.6725271
-0.6781298
-0.6720015
-0.6733495
-0.6768222
-0.6829363
-0.67228156
-0.68122387
-0.675023
-0.68173
-0.67255145
-0.67495024
-0.66490364
-0.6783382
-0.67071617
-0.67193884
-0.6792395
-0.67961895
-0.68196714
-0.66814554
-0.6567967
-0.6556543
-0.6721567
-0.67029244
-0.65885353
-0.6548614
-0.65806895
-0.67684346
-0.66741073
-0.6737999
-0.66101617
-0.65413946
-0.6684489
-0.67748564
-0.6640696
-0.679648
-0.6594821
-0.6603898
-0.6596691
-0.66762847
-0.66619736
-0.6578026
-0.6605253
-0.662469
-0.655999
-0.6549459
-0.6543636
-0.67162716
-0.6656285
-0.66720337
-0.66856956
-0.6617456
-0.66883886
-0.6739114
-0.67436117
-0.6786278
-0.6758427
-0.6710128
-0.6743491
-0.65714145
-0.6660565
-0.6806658
-0.6618298
-0.66143245
-0.6706122
-0.6668714
-0.6759452
-0.6613454
-0.6752231
-0.6704967
-0.6707669
-0.67435604
-0.6658391
-0.6653685
-0.67840046
-0.6825628
-0.6837133
-0.6688317
-0.6796908
-0.6840714
-0.6768196
-0.67653483
-0.6715766
-0.67089325
-0.6813369
-0.674806
-0.6843273
-0.6687075
-0.67873293
-0.6811959
-0.6863053
-0.6836736
-0.6642899
-0.6703155
-0.6751852
-0.6798823
-0.6728572
-0.6706854
-0.6739951
-0.6728678
-0.67221445
-0.65897846
-0.6584388
-0.66341114
-0.6780479
-0.6621576
-0.6571199
-0.65675515
-0.6601022
-0.6644253
-0.6748739
-0.66724646
-0.659056
-0.6695836
-0.67379475
-0.6729034
-0.6637495
-0.6743317
-0.6750709
-0.6684784
-0.6719627
-0.6829027
-0.67597765
-0.667184
-0.6707684
-0.677707
-0.66489327
-0.67287433
-0.6631864
-0.6671752
-0.66573614
-0.6701977
-0.67279756
-0.6735109
-0.6661756
-0.6799396
-0.67559373
-0.6782925
-0.6815722
-0.6744262
-0.67260474
-0.6694397
-0.6698379
-0.6744755
-0.67861605
-0.659846
-0.67404854
-0.67247593
-0.6761239
-0.67787695
-0.6677152
-0.66323245
-0.6723284
-0.6738886
-0.67246807
-0.6836452
-0.67848563
-0.6631001
-0.66434145
-0.6706479
-0.67851377
-0.679124
-0.6648587
-0.67540944
-0.68171597
-0.6797686
-0.6819723
-0.6802698
-0.6779654
-0.68298095
-0.6868668
-0.67742795
-0.6891522
-0.67894
-0.68038577
-0.68343496
-0.6886012
-0.6809571
-0.68234074
-0.67937285
-0.6836618
-0.6836317
-0.68592936
-0.68969244
-0.6753189
-0.68775845
-0.69309396
-0.680319
-0.68599147
-0.6823107
-0.68054783
-0.6770536
-0.68492216
-0.67769194
-0.6738121
-0.67223746
-0.6815144
-0.6862062
-0.6803315
-0.6840893
-0.68335885
-0.6828869
-0.6870381
-0.6880169
-0.6867598
-0.68284816
-0.6844231
-0.69704795
-0.6864497
-0.68100625
-0.67449415
-0.68482417
-0.683178
-0.67146885
-0.6674521
-0.66435707
-0.6631943
-0.6701046
-0.6665075
-0.6804917
-0.67885935
-0.6759532
-0.67028147
-0.67538637
-0.678873
-0.68511665
-0.67056644
-0.67640996
-0.68130815
-0.69090694
-0.68286926
-0.67690647
-0.67389405
-0.68199533
-0.6769094
-0.6819028
-0.67698383
-0.6776075
-0.68012494
-0.6871849
-0.680093
-0.67834014
-0.677319
-0.6871656
-0.67711985
-0.6761734
-0.6832061
-0.6778074
-0.685165
-0.6871925
-0.6777989
-0.6744541
-0.6838974
-0.6794082
-0.67677385
-0.6738268
-0.6771974
-0.67261684
-0.68148065
-0.6717123
-0.6737748
-0.67451805
-0.67422557
-0.6795742
-0.6768842
-0.67239875
-0.6808774
-0.6830527
-0.6866394
-0.6703841
-0.67195404
-0.67655575
-0.67543656
-0.6752775
-0.6652916
-0.6706353
-0.6719606
-0.6774382
-0.6663123
-0.6772197
-0.67480665
-0.680949
-0.6786049
-0.67765594
-0.672852
-0.685541
-0.6790335
-0.67913747
-0.68094486
-0.6783507
-0.67632896
-0.69376165
-0.6882214
-0.6881869
-0.69149035
-0.6905355
-0.6823084
-0.6775108
-0.68315995
-0.6770576
-0.6863054
-0.69186074
-0.6884225
-0.69166934
-0.6974215
-0.6853314
-0.68530196
-0.6883256
-0.68112105
-0.6824286
-0.69339794
-0.68774027
-0.6797512
-0.6769604
-0.68669647
-0.68099284
-0.68084234
-0.6920319
-0.6828876
-0.68331563
-0.6908596
-0.6824614
-0.6929332
-0.6863265
-0.67782253
-0.6891236
-0.6871355
-0.69452864
-0.6841507
-0.69080484
-0.6864885
-0.6913675
-0.6922149
-0.68787503
-0.6832285
-0.6872868
-0.6908518
-0.6934161
-0.68090713
-0.6872531
-0.68518853
-0.68995845
-0.68147963
-0.68097985
-0.6859765
-0.6916457
-0.67880213
-0.6916179
-0.68086356
-0.6769978
-0.68675697
-0.6831151
-0.6875088
-0.68791604
-0.68256336
-0.69032866
-0.6939562
-0.6862611
-0.68212926
-0.6832627
-0.6881798
-0.6896952
-0.6777945
-0.68146414
-0.6978214
-0.6868995
-0.69097227
-0.69804615
-0.6894782
-0.6858315
-0.6841937
-0.6857858
-0.677903
-0.6849784
-0.666746
-0.6663431
-0.6601681
-0.6642092
-0.6774556
-0.6816026
-0.6899394
-0.6833485
-0.67804646
-0.6917381
-0.68396217
-0.6808829
-0.6819846
-0.6709877
-0.6727165
-0.677434
-0.6732212
-0.66434145
-0.6723413
-0.6813201
-0.6750566
-0.6734717
-0.6567098
-0.6634074
-0.6691421
-0.6766696
-0.6818474
-0.6781507
-0.6678079
-0.67448413
-0.686856
-0.6783632
-0.6762139
-0.686882
-0.6704382
-0.6779703
-0.6806249
-0.682954
-0.69588274
-0.6835758
-0.67933124
-0.6750693
-0.684037
-0.6832429
-0.68396425
-0.68333995
-0.68813753
-0.6824968
-0.6887066
-0.6879825
-0.69222325
-0.6825477
-0.6845325
-0.69267553
-0.6905756
-0.6811397
-0.6794549
-0.6840643
-0.68312174
-0.68937343
-0.690597
-0.6957949
-0.6809835
-0.6817092
-0.6818843
-0.6856705
-0.6928226
-0.69126993
-0.68086195
-0.6873185
-0.6981216
-0.69229144
-0.690091
-0.6990602
-0.6971866
-0.69563967
-0.6853325
-0.6911685
-0.702555
-0.6910367
-0.68334675
-0.6896779
-0.6951259
-0.69697106
-0.6953297
-0.6913117
-0.6831228
-0.69025266
-0.6886821
-0.6867457
-0.6879702
-0.68865484
-0.69281816
-0.6968071
-0.6878626
-0.68886846
-0.69255465
-0.690309
-0.6928059
-0.68838274
-0.6935126
-0.68962276
-0.6972029
-0.69168526
-0.69525445
-0.6996385
-0.6915554
-0.7009888
-0.69810134
-0.69818324
-0.6977587
-0.6866702
-0.69783133
-0.6930071
-0.6840341
-0.6924795
-0.6850148
-0.6918443
-0.690389
-0.6869383
-0.6874096
-0.6924859
-0.68733424
-0.6804654
-0.68959665
-0.6844843
-0.6861425
-0.6739269
-0.6829113
-0.6854767
-0.67992055
-0.687847
-0.6948386
-0.6896763
-0.6826332
-0.6833042
-0.6788793
-0.67953146
-0.6838687
-0.67917657
-0.6801721
-0.67410105
-0.66948456
-0.68475574
-0.6853798
-0.68702793
-0.6771476
-0.67355055
-0.68186176
-0.67513627
-0.68334967
-0.6821446
-0.6887931
-0.67761207
-0.6821446
-0.67823434
-0.68430895
-0.684792
-0.67984605
-0.67799723
-0.6931853
-0.6888605
-0.68260396
-0.6840247
-0.6914398
-0.6928115
-0.6824671
-0.68640995
-0.68504983
-0.68667394
-0.6876211
-0.682734
-0.68793535
-0.6958812
-0.69272363
-0.6924687
-0.7067625
-0.70011574
-0.69190115
-0.6989183
-0.691455
-0.6883232
-0.68972343
-0.6968731
-0.684481
-0.69178075
-0.6911105
-0.68919617
-0.6835063
-0.6930459
-0.6948861
-0.69011277
-0.6769503
-0.67889583
-0.6875981
-0.69820225
-0.69042337
-0.68665045
-0.6945971
-0.690155
-0.69400823
-0.67402893
-0.67715645
-0.68797845
-0.6850958
-0.6980376
-0.6938605
-0.68645835
-0.68960977
-0.6899932
-0.69158316
-0.6930799
-0.7009526
-0.6885135
-0.698471
-0.69837093
-0.69950795
-0.69192815
-0.6953169
-0.6915137
-0.69619656
-0.69401276
-0.6864188
-0.70316625
-0.70037
-0.6894907
-0.6860562
-0.6924205
-0.6877034
-0.68581694
-0.68648905
-0.6838266
-0.6919395
-0.69535434
-0.70154643
-0.6949148
-0.686765
-0.6910284
-0.7019216
-0.68478084
-0.67780393
-0.68164307
-0.68664277
-0.6909475
-0.69801897
-0.6868356
-0.688407
-0.6918376
-0.7033744
-0.68600494
-0.6761078
-0.68235916
-0.6909913
-0.69986403
-0.69600224
-0.7020484
-0.69134486
-0.7012866
-0.6871486
-0.69296056
-0.7102555
-0.69232595
-0.69672924
-0.70820993
-0.6970756
-0.6984245
-0.6970244
-0.7005062
-0.7024386
-0.6962373
-0.70124763
-0.7028487
-0.70143837
-0.70077795
-0.69463515
-0.7009235
-0.7036467
-0.6893233
-0.68063897
-0.6987237
-0.70072997
-0.70225745
-0.6972782
-0.69737226
-0.69338
-0.6980994
-0.6901133
-0.70097184
-0.7028401
-0.70067614
-0.68948233
-0.6975967
-0.70462227
-0.6976414
-0.7109151
-0.70273674
-0.70023584
-0.6929493
-0.69758755
-0.70048124
-0.6975445
-0.6986837
-0.69770443
-0.69421935
-0.693979
-0.68993944
-0.69292426
-0.69158083
-0.6922221
-0.70564514
-0.6979193
-0.6955545
-0.6957224
-0.7022309
-0.69922274
-0.6942055
-0.69753325
-0.6905504
-0.68982756
-0.6860426
-0.6903438
-0.7004119
-0.6961912
-0.6963192
-0.7021126
-0.6979372
-0.6981186
-0.6940799
-0.6883682
-0.69411075
-0.70400465
-0.70511496
-0.6958186
-0.6931018
-0.69846386
-0.70270723
-0.68746537
-0.69403094
-0.70175093
-0.7019368
-0.6979048
-0.6936937
-0.7017795
-0.70169187
-0.7006802
-0.7009523
-0.69775176
-0.70271486
-0.69451123
-0.6923466
-0.7007674
-0.7097631
-0.69490683
-0.7031502
-0.69624114
-0.70269114
-0.7035068
-0.696094
-0.7092311
-0.6961749
-0.6971901
-0.70163244
-0.70759785
-0.69914854
-0.7032066
-0.69231236
-0.701648
-0.6953734
-0.69467705
-0.71081775
-0.7041618
-0.70089126
-0.70442843
-0.699627
-0.6947937
-0.6955978
-0.7016967
-0.6976098
-0.6997819
-0.7026276
-0.70984495
-0.70975846
-0.6849479
-0.69841135
-0.69808674
-0.6943808
-0.70475274
-0.70194733
-0.6972618
-0.7028379
-0.6994252
-0.697989
-0.69787127
-0.6872095
-0.69662696
-0.69696194
-0.6912688
-0.70440066
-0.6957811
-0.6981404
-0.6917558
-0.69032353
-0.7039785
-0.7077439
-0.6985398
-0.6982351
-0.69522244
-0.7010174
-0.70618325
-0.7031766
-0.7070619
-0.7040579
-0.70518583
-0.6948669
-0.70432466
-0.70135695
-0.70539486
-0.69777507
-0.6927164
-0.7003475
-0.6994054
-0.6961242
-0.6969908
-0.7000714
-0.69744724
-0.70584655
-0.7022855
-0.69827306
-0.68864805
-0.70899045
-0.7033932
-0.69892615
-0.6941471
-0.6908344
-0.6977963
-0.7024526
-0.69208366
-0.6895261
-0.6870086
-0.6911994
-0.68902737
-0.67879564
-0.6792596
-0.7020194
-0.6846684
-0.69031423
-0.67897385
-0.68184555
-0.6907768
-0.7011463
-0.686938
-0.6801533
-0.6966295
-0.688001
-0.6933552
-0.6749851
-0.6864925
-0.69617677
-0.6985327
-0.68443567
-0.6868634
-0.6871805
-0.6914836
-0.68511313
-0.68420696
-0.6916106
-0.69523835
-0.6847697
-0.6965672
-0.7014925
-0.7001714
-0.6924433
-0.6891715
-0.6900111
-0.69347054
-0.7015168
-0.69914275
-0.699566
-0.69813055
-0.7078879
-0.70026296
-0.70201105
-0.69237435
-0.6986398
-0.7032601
-0.7023797
-0.6991528
-0.70032847
-0.701097
-0.6960778
-0.7066633
-0.70080656
-0.6958112
-0.70642966
-0.7001506
-0.6942867
-0.7063585
-0.70368505
-0.7033395
-0.70604676
-0.7002105
-0.7015884
-0.69612306
-0.7055906
-0.7008911
-0.6987865
-0.70502603
-0.7015691
-0.705979
-0.6991239
-0.702052
-0.69642574
-0.6985137
-0.7017261
-0.7036358
-0.7037984
-0.69800293
-0.6965314
-0.7033091
-0.70875025
-0.70635724
-0.7092743
-0.7067131
-0.70947874
-0.70746034
-0.70809054
-0.70361483
-0.7109606
-0.7027527
-0.7027723
-0.7019578
-0.70218575
-0.70440143
-0.699855
-0.6998003
-0.6985134
-0.69883674
-0.69849336
-0.6995433
-0.6977806
-0.7043607
-0.70388794
-0.709245
-0.700151
-0.7035248
-0.70401746
-0.70475507
-0.7018791
-0.70606923
-0.7127976
-0.7073696
-0.7077832
-0.69720966
-0.7053334
-0.7009647
-0.7065467
-0.7115747
-0.691229
-0.70102876
-0.70644695
-0.71318865
-0.6957584
-0.70595217
-0.70096076
-0.6999147
-0.706511
-0.7021822
-0.70027214
-0.70638716
-0.7026248
-0.70720774
-0.6976659
-0.6877056
-0.69911695
-0.69922787
-0.71479666
-0.69501615
-0.6864697
-0.6950616
-0.69915015
-0.70643187
-0.69750965
-0.6939432
-0.6920202
-0.7063958
-0.7046766
-0.69727266
-0.68928987
-0.6983081
-0.70098734
-0.70097417
-0.7012849
-0.6991134
-0.70053667
-0.7048197
-0.69318956
-0.70228535
-0.7022311
-0.69679356
-0.69295824
-0.7091099
-0.71031636
-0.7080268
-0.70698935
-0.7095545
-0.711903
-0.705434
-0.71210265
-0.69739455
-0.70804536
-0.70142776
-0.71279526
-0.70696163
-0.6956133
-0.7118356
-0.7120972
-0.71628344
-0.7078352
-0.70545876
-0.7033024
-0.7101816
-0.70304215
-0.71053815
-0.7111067
-0.7008442
-0.70379823
-0.69902956
-0.70664
-0.7029319
-0.699019
-0.7015263
-0.70328
-0.69859266
-0.70684665
-0.7088221
-0.70543224
-0.69739294
-0.71243846
-0.7043605
-0.70346504
-0.7004968
-0.7140363
-0.6995507
-0.7048263
-0.7075467
-0.7045679
-0.70216554
-0.7125729
-0.70140433
-0.7090012
-0.7098595
-0.7065998
-0.7097247
-0.7109398
-0.7089836
-0.7136089
-0.7094318
-0.7056667
-0.71414095
-0.70801234
-0.7062383
-0.70909554
-0.7149601
-0.7162836
-0.71965915
-0.7144145
-0.7178594
-0.70725626
-0.70617175
-0.704052
-0.7063917
-0.70349145
-0.69847906
-0.6986761
-0.7062049
-0.71581864
-0.7137916
-0.69980204
-0.70713305
-0.7168674
-0.7070653
-0.7040262
-0.7082427
-0.7054148
-0.7118085
-0.7043483
-0.70847553
-0.70317703
-0.7055641
-0.719135
-0.7153314
-0.705312
-0.70056766
-0.71368766
-0.7218859
-0.71057045
-0.70996076
-0.7038614
-0.71668905
-0.70975477
-0.70664525
-0.7090801
-0.70830053
-0.71110815
-0.72044086
-0.71278
-0.713424
-0.7017155
-0.69447815
-0.71143377
-0.71808565
-0.71441185
-0.7104214
-0.69881815
-0.71342885
-0.72425705
-0.7143991
-0.71871114
-0.709466
-0.71605843
-0.70223117
-0.71634805
-0.7175779
-0.70972604
-0.70951116
-0.7139951
-0.70893353
-0.69978374
-0.6979948
-0.70947856
-0.71008176
-0.70830214
-0.70440596
-0.71593225
-0.7136578
-0.7073595
-0.7096549
-0.71655667
-0.71267515
-0.70798796
-0.70643115
-0.70363003
-0.70143485
-0.712203
-0.7222083
-0.7130918
-0.7023495
-0.71538514
-0.7047979
-0.7069069
-0.7080982
-0.7156521
-0.71294963
-0.71346223
-0.70826
-0.7205834
-0.72723556
-0.7107821
-0.715092
-0.7125198
-0.71818423
-0.71973336
-0.72551996
-0.7234636
-0.7235164
-0.7197441
-0.7085541
-0.7036773
-0.72563124
-0.71764517
-0.71336746
-0.7133679
-0.71710765
-0.7119921
-0.72107095
-0.7241848
-0.7131018
-0.71194136
-0.716826
-0.71766233
-0.72255623
-0.7166614
-0.7191472
-0.71795434
-0.7149247
-0.73003685
-0.72159016
-0.7242693
-0.7126191
-0.70664257
-0.7153371
-0.7118835
-0.7097632
-0.7110497
-0.7129299
-0.70925033
-0.71033144
-0.70882225
-0.70324385
-0.7061866
-0.7053734
-0.7213521
-0.71187
-0.7104383
-0.70903987
-0.71412146
-0.7214721
-0.7264212
-0.71712965
-0.71886665
-0.7183244
-0.71862096
-0.7200774
-0.7191378
-0.71613497
-0.708513
-0.72053224
-0.7144668
-0.7159838
-0.7205382
-0.728203
-0.71802384
-0.72052664
-0.7155852
-0.7207441
-0.7191849
-0.7153614
-0.7117309
-0.71609056
-0.7166676
-0.7130596
-0.7128529
-0.72136724
-0.7251531
-0.72474897
-0.71809506
-0.71681607
-0.71709275
-0.72462666
-0.72308534
-0.728193
-0.7176631
-0.70845675
-0.7132155
-0.72573066
-0.7105735
-0.7205214
-0.70357454
-0.711411
-0.72286993
-0.7184293
-0.7062103
-0.71484715
-0.7155577
-0.7202655
-0.7198899
-0.7165449
-0.7165864
-0.70683116
-0.7151357
-0.71033984
-0.6979747
-0.7026147
-0.71361566
-0.7230314
-0.71000326
-0.6956532
-0.7005866
-0.71459746
-0.7258475
-0.7078418
-0.7081315
-0.7081456
-0.7139406
-0.7209265
-0.7186054
-0.69926155
-0.7069436
-0.71085924
-0.72074085
-0.7227366
-0.72559816
-0.72773075
-0.72382444
-0.7259687
-0.7264913
-0.7277559
-0.7305542
-0.726801
-0.71829873
-0.7302042
-0.72668236
-0.7264977
-0.720866
-0.7308673
-0.7214721
-0.7157892
-0.72270805
-0.7261367
-0.7246766
-0.72102386
-0.73200744
-0.7154098
-0.7253244
-0.7213217
-0.73138034
-0.7268212
-0.7271482
-0.7281388
-0.71824825
-0.73760873
-0.7244727
-0.7298371
-0.72817826
-0.7276448
-0.72420514
-0.72538275
-0.7265742
-0.727465
-0.733197
-0.7275051
-0.72570854
-0.7314939
-0.73157257
-0.73162055
-0.72784203
-0.7279722
-0.7264131
-0.722918
-0.731509
-0.7277
-0.73051554
-0.733053
-0.7257504
-0.7278916
-0.7363252
-0.7261576
-0.7259329
-0.7280647
-0.73130286
-0.721422
-0.7156251
-0.72027826
-0.72691566
-0.71456283
-0.7060983
-0.7097859
-0.72291684
-0.7251041
-0.71217906
-0.7095453
-0.7193277
-0.7273928
-0.717668
-0.70876414
-0.7150588
-0.7231981
-0.7239421
-0.7265751
-0.71398115
-0.72878975
-0.72835267
-0.7266492
-0.71483076
-0.7141878
-0.72270244
-0.71704346
-0.72704107
-0.7202224
-0.7280369
-0.7275672
-0.72852457
-0.7199561
-0.7281488
-0.7323222
-0.7351919
-0.72754955
-0.72264427
-0.7237584
-0.72555536
-0.7282956
-0.7344708
-0.73619217
-0.72882867
-0.7281678
-0.72464705
-0.7251447
-0.72742367
-0.7317023
-0.7321909
-0.7259745
-0.72282815
-0.715321
-0.71395445
-0.7267702
-0.72068363
-0.71935374
-0.7155466
-0.726362
-0.7309494
-0.71727717
-0.72101986
-0.717494
-0.7228678
-0.72473204
-0.71678805
-0.7192486
-0.72152066
-0.72975206
-0.7336283
-0.7165801
-0.7244066
-0.73030955
-0.7368295
-0.7215029
-0.7259214
-0.72329956
-0.7286557
-0.73066676
-0.730693
-0.7260967
-0.7335578
-0.7243473
-0.7253449
-0.71378493
-0.73051417
-0.73105735
-0.7244668
-0.7284816
-0.71906877
-0.7288802
-0.73084193
-0.72339135
-0.7248481
-0.73341376
-0.72976416
-0.73102045
-0.7197126
-0.7284711
-0.7381993
-0.73171324
-0.7313163
-0.7297655
-0.7297431
-0.7373735
-0.74093354
-0.73370236
-0.72136384
-0.73047954
-0.7334951
-0.73923093
-0.73400784
-0.733979
-0.7233095
-0.7274949
-0.7314253
-0.73813236
-0.7314162
-0.7293029
-0.7372412
-0.7327307
-0.7298653
-0.73017913
-0.72554517
-0.72989786
-0.72458774
-0.7359948
-0.73880774
-0.7391394
-0.73625153
-0.7312876
-0.7353957
-0.7323872
-0.7295457
-0.7324589
-0.7267788
-0.72147423
-0.7230599
-0.7258543
-0.7287173
-0.72566235
-0.7330634
-0.72756773
-0.7296145
-0.7283749
-0.7303129
-0.73178816
-0.7319433
-0.73045844
-0.73557305
-0.73141193
-0.7310189
-0.73452723
-0.72573024
-0.7289459
-0.7292702
-0.73575044
-0.74791384
-0.7270012
-0.7388433
-0.73581344
-0.7341377
-0.73515654
-0.73285013
-0.73224515
-0.72274977
-0.72178364
-0.72846365
-0.7143542
-0.72908574
-0.7268196
-0.7251425
-0.7259525
-0.7246054
-0.725452
-0.72045517
-0.7320995
-0.7302547
-0.7296266
-0.7269382
-0.7351457
-0.7326141
-0.72328746
-0.7271812
-0.7298416
-0.72734594
-0.73603004
-0.7244116
-0.7384979
-0.7298949
-0.7238999
-0.72528
-0.72513574
-0.72977567
-0.72522986
-0.72254306
-0.7248727
-0.7388768
-0.73525196
-0.7201559
-0.73854744
-0.7328124
-0.73777765
-0.7245988
-0.72741294
-0.7176127
-0.70592815
-0.72255045
-0.72899026
-0.72291803
-0.7230347
-0.7228325
-0.7287994
-0.72365844
-0.725588
-0.7315668
-0.7323587
-0.73716587
-0.7365469
-0.7315161
-0.7262405
-0.7319877
-0.7301853
-0.72673565
-0.72629875
-0.73677295
-0.7342547
-0.7266401
-0.7348962
-0.73266846
-0.73587626
-0.72957665
-0.7315693
-0.73746073
-0.729168
-0.72457224
-0.7341218
-0.7295426
-0.73626024
-0.7367967
-0.7241066
-0.7294083
-0.73798263
-0.7251871
-0.7284094
-0.7334897
-0.73904216
-0.73841274
-0.7375487
-0.73779345
-0.73596454
-0.7357331
-0.73069584
-0.73157495
-0.72683066
-0.7349884
-0.7259642
-0.73492634
-0.73474073
-0.7355637
-0.74086285
-0.7421659
-0.7374528
-0.7375586
-0.7414838
-0.740848
-0.7409108
-0.7328562
-0.74140805
-0.7345435
-0.7407357
-0.7360474
-0.7382644
-0.73423725
-0.73438716
-0.7384842
-0.7378902
-0.7370994
-0.7371482
-0.7347283
-0.7414367
-0.73965156
-0.74137944
-0.7404678
-0.74623424
-0.7366037
-0.73088723
-0.7296789
-0.73207146
-0.7372419
-0.73807293
-0.7247858
-0.7287475
-0.7329956
-0.72711277
-0.7256526
-0.7373214
-0.7361875
-0.73626745
-0.7217328
-0.7328739
-0.7360869
-0.73442256
-0.72739875
-0.73424554
-0.7368228
-0.7334726
-0.73117155
-0.7311761
-0.7314875
-0.7359067
-0.7279244
-0.7357936
-0.73598576
-0.7388722
-0.73337376
-0.7267338
-0.72833174
-0.7353098
-0.7252002
-0.73104537
-0.7273415
-0.737582
-0.7365769
-0.73933566
-0.7328876
-0.7297192
-0.7269763
-0.7333289
-0.72774774
-0.7294553
-0.72700125
-0.72900784
-0.73449355
-0.72664225
-0.7285168
-0.7229945
-0.7217002
-0.7348116
-0.7339004
-0.72906554
-0.7395601
-0.7321046
-0.73448306
-0.7339757
-0.73072296
-0.7314826
-0.7311638
-0.7301021
-0.7310165
-0.7249326
-0.7314776
-0.73830193
-0.7328719
-0.7262528
-0.7366265
-0.74294007
-0.73274595
-0.73740613
-0.7412898
-0.7386264
-0.7369572
-0.7384763
-0.73617643
-0.742311
-0.7452228
-0.7341407
-0.73816603
-0.73607045
-0.7366358
-0.7325059
-0.7303242
-0.73900646
-0.73926616
-0.7363675
-0.7303258
-0.73374265
-0.74174666
-0.7417411
-0.73943114
-0.7268072
-0.7307314
-0.7282279
-0.73377734
-0.73162884
-0.7271256
-0.7279109
-0.71067345
-0.72622997
-0.7347326
-0.7292329
-0.72887546
-0.72505176
-0.74336416
-0.73367214
-0.7190365
-0.7208454
-0.7322203
-0.739533
-0.7315147
-0.7358128
-0.7335534
-0.7326259
-0.7315674
-0.72817314
-0.7321315
-0.73546547
-0.7375598
-0.7386776
-0.72946906
-0.7298289
-0.734223
-0.7324367
-0.72444874
-0.7218823
-0.74029666
-0.742787
-0.73332
-0.73949146
-0.74362814
-0.7373784
-0.7430731
-0.7421079
-0.74129575
-0.74454457
-0.73681945
-0.7413244
-0.73970515
-0.73756087
-0.73287266
-0.73686147
-0.739468
-0.75507504
-0.7352721
-0.741264
-0.73743296
-0.73094183
-0.73741835
-0.7278121
-0.73194987
-0.73161644
-0.72819006
-0.72830206
-0.7336624
-0.7316201
-0.73059064
-0.73284847
-0.72795045
-0.73190093
-0.7320103
-0.73996526
-0.7336871
-0.72912
-0.7261375
-0.72890013
-0.73086625
-0.72847146
-0.7249994
-0.7366888
-0.73376685
-0.74110883
-0.74549955
-0.7385923
-0.7386278
-0.73162
-0.7404366
-0.73625803
-0.7459138
-0.7397184
-0.74763155
-0.73940396
-0.7442912
-0.7364811
-0.73326886
-0.73279005
-0.7381002
-0.7401691
-0.74149334
-0.7416994
-0.73943365
-0.74138933
-0.73304397
-0.7444785
-0.74245614
-0.7343293
-0.74031574
-0.7431784
-0.7406947
-0.74935025
-0.7422709
-0.74716085
-0.73954153
-0.74389696
-0.74748623
-0.74143356
-0.7362646
-0.7319067
-0.7342726
-0.7415911
-0.74273455
-0.74260175
-0.73521715
-0.7405457
-0.74587244
-0.73640394
-0.7320388
-0.72591835
-0.73497844
-0.73833394
-0.7252239
-0.72602576
-0.7383524
-0.7373273
-0.7191638
-0.7223885
-0.7276462
-0.73767734
-0.7366584
-0.7387055
-0.72710365
-0.72456706
-0.73404026
-0.73965466
-0.7325956
-0.7304356
-0.72547555
-0.744324
-0.73044145
-0.729172
-0.7154278
-0.7148994
-0.7288964
-0.73952997
-0.7410501
-0.73398805
-0.7322326
-0.73598504
-0.74461967
-0.73578566
-0.7459539
-0.7445012
-0.7463072
-0.73750854
-0.7404385
-0.7508899
-0.73870754
-0.7362685
-0.72581756
-0.735241
-0.7406687
-0.74020445
-0.7395804
-0.7362775
-0.73594964
-0.73559415
-0.7442479
-0.7380303
-0.74433845
-0.74253076
-0.7414492
-0.7442951
-0.7372263
-0.73947966
-0.7372778
-0.74134904
-0.74376243
-0.7425084
-0.7428385
-0.73908883
-0.74303705
-0.7457921
-0.74485755
-0.7435981
-0.74094224
-0.7471833
-0.7468983
-0.74073106
-0.7345941
-0.7347573
-0.7305395
-0.7396521
-0.72447896
-0.73900473
-0.73870385
-0.74320924
-0.73755944
-0.7302525
-0.7372134
-0.74022
-0.74032515
-0.74033785
-0.7396788
-0.7506762
-0.7455049
-0.74011993
-0.7412332
-0.74514645
-0.7388705
-0.7434826
-0.73840564
-0.7345301
-0.7394786
-0.7332705
-0.73568094
-0.7407796
-0.7399024
-0.7366552
-0.7389986
-0.7456736
-0.75219107
-0.7434965
-0.7454113
-0.74062103
-0.73977065
-0.7375337
-0.7350586
-0.73765737
-0.7402178
-0.74429053
-0.7461369
-0.74365467
-0.7433511
-0.7323005
-0.74376184
-0.73122865
-0.7400357
-0.7394689
-0.7290953
-0.74043155
-0.7406955
-0.74444795
-0.74160796
-0.74144185
-0.7384459
-0.7386033
-0.73227805
-0.73705333
-0.73938984
-0.745492
-0.75038177
-0.7409007
-0.73457086
-0.739222
-0.7406459
-0.74878865
-0.74833995
-0.7434347
-0.7499541
-0.7447441
-0.7426081
-0.7330792
-0.7436871
-0.74508893
-0.74604005
-0.73514503
-0.7438367
-0.7465991
-0.74612564
-0.7371345
-0.7422961
-0.7349837
-0.7450525
-0.73833334
-0.75083625
-0.752959
-0.74096376
-0.73650897
-0.75094354
-0.7514981
-0.74532133
-0.7494073
-0.74030447
-0.74390846
-0.7428497
-0.7477915
-0.7466003
-0.7452947
-0.7469881
-0.74731016
-0.7511174
-0.7517951
-0.7487799
-0.7449575
-0.7459092
-0.7361933
-0.742123
-0.7404441
-0.7444098
-0.74736387
-0.7423776
-0.74616486
-0.7441657
-0.7519903
-0.7452985
-0.74885935
-0.7432556
-0.74890614
-0.74463695
-0.7443126
-0.7471892
-0.7506304
-0.7478601
-0.7452813
-0.74174356
-0.74342257
-0.74811643
-0.74157935
-0.74555796
-0.75159764
-0.74929345
-0.74232405
-0.74796045
-0.73945576
-0.74541456
-0.73832834
-0.74756825
-0.745396
-0.7388354
-0.7416731
-0.7511558
-0.74655735
-0.74260604
-0.738425
-0.7501284
-0.74844015
-0.7476937
-0.7476173
-0.74082774
-0.7444619
-0.7448209
-0.74423194
-0.7481646
-0.751189
-0.7437526
-0.74586236
-0.75447184
