-0.65796757
-0.6469347
-0.64618874
-0.64247215
-0.6640328
-0.67629224
-0.66153634
-0.6921639
-0.68776166
-0.70252454
-0.7052562
-0.7080569
-0.68438166
-0.70842034
-0.7072317
-0.7182972
-0.7289022
-0.70203525
-0.7131098
-0.74657935
-0.73519754
-0.72093797
-0.7280611
-0.7178627
-0.730384
-0.7543794
-0.7530841
-0.7479898
-0.74243927
-0.7209848
-0.7455365
-0.75045955
-0.76204145
-0.7542285
-0.7600038
-0.77757514
-0.7758544
-0.77099055
-0.78380287
-0.78738606
-0.78442746
-0.78977627
-0.8087722
-0.8122764
-0.8011067
-0.79647845
-0.79027694
-0.8027797
-0.813881
-0.8096698
-0.8171218
-0.7996045
-0.8182703
-0.8389293
-0.8215076
-0.8398733
-0.8312122
-0.830087
-0.8534402
-0.8480646
-0.84426963
-0.83822
-0.8462946
-0.8599319
-0.8552207
-0.85848457
-0.85734344
-0.8563475
-0.85162705
-0.85564506
-0.8655952
-0.84810394
-0.8622126
-0.86826074
-0.86496466
-0.86910725
-0.87236184
-0.8634038
-0.8763312
-0.8790643
-0.87586737
-0.879631
-0.87912637
-0.88101995
-0.8789149
-0.87484795
-0.87417775
-0.88800853
-0.88697505
-0.8797069
-0.8892353
-0.8883263
-0.8812486
-0.8799392
-0.8942604
-0.8966657
-0.89092094
-0.89161104
-0.8932622
-0.90082955
-0.90048355
-0.8967668
-0.8940592
-0.8960076
-0.8924285
-0.8882691
-0.8936121
-0.897479
-0.9021994
-0.8967087
-0.8968784
-0.8970074
-0.89388216
-0.9089042
-0.89175147
-0.89603096
-0.90242743
-0.90925676
-0.90274304
-0.89999485
-0.90231085
-0.89715165
-0.90004444
-0.9061567
-0.90541816
-0.90832645
-0.90587366
-0.9051388
-0.899362
-0.89978254
-0.8959901
-0.90971124
-0.9032243
-0.9029612
-0.90260625
-0.90309846
-0.90868735
-0.9076494
-0.9057167
-0.90937984
-0.90498346
-0.89217424
-0.8991681
-0.9023434
-0.9050483
-0.9064513
-0.903924
-0.9042032
-0.9090209
-0.9053837
-0.9103357
-0.9002014
-0.9079817
-0.9002413
-0.90460914
-0.9055819
-0.90391654
-0.91437185
-0.8974284
-0.9093815
-0.9130042
-0.90586084
-0.9074927
-0.9073979
-0.9092098
-0.91472167
-0.9103693
-0.9037617
-0.9086929
-0.9105776
-0.9031269
-0.90779823
-0.91837025
-0.9072795
-0.905106
-0.9073251
-0.906826
-0.908143
-0.91668475
-0.911429
-0.9056423
-0.9090114
-0.90312064
-0.91347957
-0.907479
-0.9062409
-0.9149368
-0.90972847
-0.8999745
-0.91094494
-0.9122121
-0.90109766
-0.912627
-0.9117654
-0.90770227
-0.90804917
-0.9095342
-0.9074627
-0.9025592
-0.9161301
-0.9160078
-0.90714765
-0.9146392
-0.90318334
-0.9090143
-0.90765154
-0.9108136
-0.9097873
-0.9101763
-0.92275244
-0.89821595
-0.9122078
-0.91098607
-0.89909524
-0.90988725
-0.9097545
-0.91358006
-0.92050236
-0.9141206
-0.9041351
-0.9101256
-0.9070778
-0.9101831
-0.91217315
-0.90867835
-0.91345525
-0.9105229
-0.90826136
-0.9103165
-0.912194
-0.9088622
-0.91000926
-0.9078049
-0.9124213
-0.9062154
-0.9103106
-0.9126602
-0.91152406
-0.9170268
-0.9142002
-0.91555774
-0.9111232
-0.9185938
-0.90679973
-0.91122043
-0.91181785
-0.9164936
-0.9096465
-0.9163612
-0.91665304
-0.917169
-0.9136206
-0.9180723
-0.9121572
-0.91535676
-0.91793424
-0.90689623
-0.91829985
-0.9120365
-0.9206823
-0.9119777
-0.90933985
-0.9109481
-0.9128169
-0.918955
-0.91717297
-0.91495806
-0.91280603
-0.9172528
-0.9128403
-0.9176967
-0.91517645
-0.9164224
-0.91851604
-0.9174851
-0.9148743
-0.91593444
-0.9169615
-0.9221299
-0.9185567
-0.9199567
-0.9131434
-0.9177584
-0.91972595
-0.9165565
-0.9183786
-0.9089595
-0.9129654
-0.9153311
-0.9180454
-0.9238059
-0.92220795
-0.9216693
-0.91678774
-0.9160511
-0.92040664
-0.91226304
-0.91945714
-0.9180966
-0.91695327
-0.9130486
-0.9225794
-0.9226017
-0.92124754
-0.92144436
-0.91788805
-0.9171396
-0.9173042
-0.91865766
-0.9089147
-0.91675067
-0.9183194
-0.9169454
-0.91362953
-0.91799754
-0.9183573
-0.9225982
-0.9138437
-0.914469
-0.91793424
-0.91734266
-0.92156154
-0.9167955
-0.91766363
-0.91626525
-0.92347795
-0.9208294
-0.92515314
-0.9186438
-0.91823643
-0.9259883
-0.9216553
-0.9170033
-0.9186368
-0.92105585
-0.9228793
-0.9146369
-0.9225654
-0.91906637
-0.9231898
-0.92051274
-0.9220357
-0.9190759
-0.9190544
-0.9221153
-0.9201529
-0.92233527
-0.9232644
-0.9215215
-0.92416257
-0.92122185
-0.92254615
-0.9126765
-0.91721874
-0.92183226
-0.91673785
-0.92182773
-0.9245231
-0.92077535
-0.9161318
-0.9154479
-0.9185555
-0.92012775
-0.9195201
-0.9233548
-0.91806126
-0.9241813
-0.92760605
-0.9162106
-0.9173048
-0.9234754
-0.91606826
-0.9234468
-0.917724
-0.91896313
-0.91964835
-0.91782033
-0.92178184
-0.91978765
-0.9185807
-0.9219334
-0.91726863
-0.9235025
-0.9198151
-0.9232522
-0.9288914
-0.9222244
-0.9233105
-0.9280038
-0.9210971
-0.93033713
-0.9148971
-0.9181336
-0.92265856
-0.91542244
-0.92453456
-0.9232826
-0.91914254
-0.92549324
-0.9275871
-0.9196082
-0.93137574
-0.9174215
-0.9241948
-0.9256909
-0.92107177
-0.92468446
-0.9186734
-0.92573565
-0.91664195
-0.93079245
-0.91612065
-0.9233142
-0.9230829
-0.9200365
-0.9232348
-0.9227306
-0.922357
-0.9245607
-0.92742246
-0.91670334
-0.91907316
-0.92046696
-0.92546636
-0.9199236
-0.9212753
-0.9214362
-0.9230569
-0.92070544
-0.9210248
-0.9215144
-0.92638916
-0.9238004
-0.9259678
-0.92008156
-0.92488617
-0.9273888
-0.9274274
-0.9268305
-0.9191759
-0.92469835
-0.9239283
-0.9186331
-0.9221131
-0.9240033
-0.9242063
-0.9256654
-0.9229008
-0.9256024
-0.92741936
-0.926757
-0.92678475
-0.9228866
-0.92371786
-0.92925674
-0.93026465
-0.9189757
-0.92275095
-0.91551816
-0.918635
-0.92461973
-0.9219284
-0.93076587
-0.9244734
-0.92426676
-0.9224714
-0.9305516
-0.9307706
-0.92057997
-0.9237083
-0.9202956
-0.92438895
-0.9271704
-0.926874
-0.92434984
-0.9281099
-0.9279128
-0.92550975
-0.92084646
-0.92858183
-0.92574793
-0.92654914
-0.9229337
-0.92033094
-0.9269807
-0.9201503
-0.92643726
-0.9232855
-0.9255369
-0.924889
-0.92737967
-0.92481554
-0.9183403
-0.9239183
-0.920667
-0.9273432
-0.9264588
-0.91759795
-0.9207194
-0.92167
-0.92000914
-0.9269148
-0.9236045
-0.9224594
-0.92548454
-0.92690355
-0.9278458
-0.9247419
-0.92219657
-0.92013234
-0.9272933
-0.9237305
-0.9272978
-0.9248217
-0.92632556
-0.92531633
-0.9232699
-0.9274912
-0.92627966
-0.9291072
-0.9273074
-0.92547953
-0.9227282
-0.9263346
-0.92231536
-0.92206806
-0.9304689
-0.929992
-0.9213163
-0.920469
-0.92276883
-0.92892206
-0.9317468
-0.92423004
-0.9262737
-0.92457455
-0.92413056
-0.9234208
-0.9235665
-0.9218562
-0.93100405
-0.92257434
-0.93159825
-0.9217117
-0.92860866
-0.921036
-0.9157895
-0.9260143
-0.9113893
-0.9233195
-0.9238429
-0.9227768
-0.92431784
-0.92530394
-0.9226116
-0.9213075
-0.9232472
-0.92465127
-0.9256239
-0.9239891
-0.9267352
-0.9211861
-0.9260617
-0.9259217
-0.9233033
-0.9242141
-0.9294739
-0.92237866
-0.9218299
-0.9265778
-0.92684656
-0.9308923
-0.925952
-0.92751837
-0.9232621
-0.9218658
-0.9265763
-0.92180157
-0.9277243
-0.92754364
-0.9275247
-0.9285364
-0.92725027
-0.93045455
-0.92034906
-0.9243732
-0.92206794
-0.9221409
-0.929409
-0.9263092
-0.9290542
-0.9293622
-0.9262644
-0.9323307
-0.9248026
-0.92300326
-0.92670476
-0.9187124
-0.92169416
-0.9232572
-0.924176
-0.92571986
-0.9276102
-0.93098086
-0.922184
-0.9249166
-0.924835
-0.92720145
-0.9266078
-0.93322617
-0.9258798
-0.92601776
-0.92758
-0.92866373
-0.9194964
-0.9221493
-0.9307371
-0.92973363
-0.9276857
-0.9293607
-0.9281222
-0.9221143
-0.92729366
-0.9265347
-0.925448
-0.92689764
-0.9258808
-0.92571837
-0.92697084
-0.9303161
-0.93125963
-0.93031406
-0.9240363
-0.93245167
-0.92659795
-0.93079454
-0.92572457
-0.92646766
-0.93192595
-0.92890567
-0.9250592
-0.9335909
-0.92118084
-0.9268212
-0.92213124
-0.92935103
-0.9203853
-0.93022174
-0.92760086
-0.92148024
-0.92326456
-0.9313029
-0.922163
-0.9199636
-0.9209548
-0.923344
-0.9280736
-0.9285398
-0.9247652
-0.9284897
-0.9300792
-0.92542726
-0.92632264
-0.9282236
-0.9258434
-0.92796695
-0.93383116
-0.9219545
-0.9305292
-0.9274218
-0.92518425
-0.92490816
-0.92817324
-0.9261853
-0.92788965
-0.9257208
-0.93050724
-0.9317818
-0.9255758
-0.921761
-0.9224462
-0.9312068
-0.92612237
-0.9242539
-0.9265195
-0.92622125
-0.92687625
-0.92532724
-0.9257877
-0.91857773
-0.929845
-0.9272409
-0.9267446
-0.9295619
-0.9318198
-0.9262057
-0.9289363
-0.92872053
-0.9285332
-0.92962706
-0.93260366
-0.9340231
-0.9185394
-0.9315856
-0.9261823
-0.9305183
-0.92320174
-0.930224
-0.92574626
-0.92520785
-0.93079513
-0.92956764
-0.9324424
-0.92775136
-0.93340474
-0.92659175
-0.9306056
-0.9339852
-0.92281777
-0.92696214
-0.9316983
-0.9303326
-0.9250142
-0.9269362
-0.926703
-0.9290623
-0.93005055
-0.9223713
-0.93134475
-0.93683213
-0.93070173
-0.92330223
-0.9228858
-0.92694515
-0.92691106
-0.93534094
-0.9271893
-0.9166497
-0.92498684
-0.92922026
-0.9311084
-0.9313129
-0.9252412
-0.9217992
-0.9225634
-0.93062806
-0.92185557
-0.9308936
-0.9285528
-0.929191
-0.9267319
-0.9313925
-0.9293376
-0.93010956
-0.9295033
-0.92837185
-0.93022996
-0.92489326
-0.9274107
-0.9309809
-0.9286869
-0.9324171
-0.9289783
-0.9322067
-0.9309625
-0.9286256
-0.927181
-0.9235439
-0.92911404
-0.9278396
-0.9278502
-0.92892843
-0.9333997
-0.92720646
-0.9366943
-0.9282386
-0.9274602
-0.92693675
-0.92802846
-0.9266845
-0.92818016
-0.92735773
-0.93202055
-0.9257348
-0.928326
-0.9231984
-0.92816985
-0.92847246
-0.9239525
-0.9313997
-0.9278731
-0.9308567
-0.9291333
-0.93014485
-0.9253725
-0.92670274
-0.9267014
-0.9309401
-0.92850167
-0.9286639
-0.92532384
-0.93284357
-0.9334319
-0.93654203
-0.92887014
-0.9291868
-0.9299317
-0.9301723
-0.9309025
-0.9311699
-0.92968917
-0.9289432
-0.9336633
-0.93088454
-0.9257995
-0.92250013
-0.9274407
-0.925107
-0.928259
-0.9263142
-0.93374074
-0.9281681
-0.92960805
-0.9231463
-0.92311037
-0.92465985
-0.9340753
-0.93367165
-0.92382294
-0.927415
-0.92653996
-0.9311683
-0.93520695
-0.9306638
-0.9283097
-0.93007857
-0.92708063
-0.92516994
-0.93084484
-0.91718394
-0.9302222
-0.9332746
-0.92875844
-0.92561173
-0.92455626
-0.9251641
-0.92923427
-0.92684525
-0.92864907
-0.92478997
-0.92938733
-0.9284414
-0.9299889
-0.9288893
-0.92726827
-0.9327482
-0.92825204
-0.93192226
-0.93056136
-0.9280703
-0.92748064
-0.93067825
-0.9326502
-0.9332758
-0.9277225
-0.9275667
-0.92808044
-0.9258256
-0.9314162
-0.9275402
-0.9366733
-0.9285193
-0.9292144
-0.9290245
-0.9216587
-0.9285578
-0.93029535
-0.9333234
-0.93318385
-0.9325143
-0.9298633
-0.93377084
-0.9210714
-0.93016005
-0.9293553
-0.9309495
-0.9257113
-0.93323225
-0.9302114
-0.935663
-0.9287624
-0.9289501
-0.92973065
-0.9245675
-0.93187064
-0.9293378
-0.9296402
-0.92299575
-0.93131375
-0.9295149
-0.9341604
-0.9222678
-0.9283258
-0.9289648
-0.92885536
-0.92818123
-0.9234533
-0.9352723
-0.9266162
-0.934376
-0.93328524
-0.9242394
-0.9336925
-0.9281482
-0.92762184
-0.9313412
-0.9290345
-0.9328343
-0.927731
-0.9317435
-0.93151903
-0.9337501
-0.9336652
-0.92452943
-0.9302192
-0.925372
-0.92878443
-0.92951775
-0.93218124
-0.9297781
-0.9249543
-0.9354166
-0.9328009
-0.9352584
-0.93501675
-0.9317176
-0.92934304
-0.92717075
-0.9376547
-0.92616314
-0.9308111
-0.9301562
-0.9279184
-0.92876774
-0.930729
-0.931172
-0.929451
-0.9299516
-0.93081814
-0.9319908
-0.92588437
-0.9278206
-0.93109566
-0.929484
-0.93447554
-0.93126243
-0.9300518
-0.93633837
-0.9261346
-0.92664665
-0.9331191
-0.92954797
-0.9259922
-0.9272987
-0.930561
-0.91834015
-0.9360545
-0.9282427
-0.92610186
-0.9216362
-0.9255923
-0.9319753
-0.9231317
-0.93130547
-0.9240127
-0.93337095
-0.9296404
-0.9327586
-0.9250155
-0.9271883
-0.92722875
-0.92742
-0.9315288
-0.9317756
-0.9276095
-0.9307629
-0.92853016
-0.92785776
-0.92646635
-0.92943114
-0.9316653
-0.9239159
-0.9275134
-0.932921
-0.9274393
-0.9287329
-0.93166405
-0.9300043
-0.9285306
-0.9249033
