-0.20815018
-0.22793813
-0.24270888
-0.256221
-0.27853903
-0.29661223
-0.3059885
-0.30326048
-0.31876093
-0.33171645
-0.3378404
-0.33333766
-0.35326394
-0.35229632
-0.3595429
-0.3705402
-0.3653842
-0.36855033
-0.3771162
-0.3926215
-0.39492026
-0.40912345
-0.41408786
-0.4204466
-0.43228906
-0.43803388
-0.45580575
-0.45321056
-0.46237046
-0.47061133
-0.48223493
-0.49730405
-0.50244695
-0.51537484
-0.5180844
-0.51212496
-0.5210991
-0.53034323
-0.5329727
-0.54225284
-0.54176587
-0.549557
-0.55580103
-0.5511998
-0.56117165
-0.56195295
-0.5680464
-0.57106054
-0.57763475
-0.5741667
-0.58587503
-0.58040506
-0.5902691
-0.59583974
-0.60471493
-0.6033802
-0.6136763
-0.61572474
-0.6123819
-0.6229583
-0.62220526
-0.6222237
-0.62576115
-0.62496394
-0.6297361
-0.6304342
-0.62607265
-0.62837744
-0.62264895
-0.6261496
-0.6258252
-0.6206511
-0.62603873
-0.6302264
-0.63065934
-0.6294608
-0.63465726
-0.63307065
-0.63441336
-0.6305781
-0.63108003
-0.6440363
-0.6376487
-0.6335012
-0.6380471
-0.63168174
-0.63379884
-0.6333978
-0.6381012
-0.6382696
-0.6390748
-0.6359288
-0.63850415
-0.64181143
-0.63544923
-0.64385164
-0.638644
-0.64873445
-0.6366454
-0.64252174
-0.6420932
-0.64287186
-0.6443593
-0.6400606
-0.64609873
-0.6470533
-0.6474914
-0.6466304
-0.64810795
-0.63916093
-0.6496594
-0.65226436
-0.65596765
-0.6491418
-0.6510884
-0.6541292
-0.65951633
-0.6574853
-0.66033894
-0.6586919
-0.6523661
-0.65336454
-0.65794206
-0.65424323
-0.6598177
-0.65016943
-0.65384024
-0.65799296
-0.65710723
-0.6536039
-0.6582453
-0.66009074
-0.6620403
-0.667279
-0.6638492
-0.6616919
-0.6643771
-0.65981793
-0.6636808
-0.66023874
-0.65653366
-0.6643127
-0.6601295
-0.65796417
-0.6547355
-0.6557112
-0.6522662
-0.65334404
-0.6576653
-0.6609366
-0.66245526
-0.669355
-0.66174567
-0.6623484
-0.66089994
-0.6587158
-0.667988
-0.6729917
-0.6619938
-0.67199475
-0.67766035
-0.6648857
-0.6709279
-0.669389
-0.6670055
-0.6730086
-0.67032385
-0.66407937
-0.6701659
-0.6696792
-0.67371875
-0.6726622
-0.6703162
-0.67192125
-0.6711815
-0.672642
-0.67074287
-0.6759183
-0.67624176
-0.68060756
-0.678934
-0.67685455
-0.6722106
-0.67675024
-0.67829394
-0.6716184
-0.67797166
-0.6736768
-0.67184323
-0.67344725
-0.67524683
-0.6780289
-0.68137777
-0.6757781
-0.67380685
-0.67324716
-0.6863373
-0.672981
-0.6817832
-0.68044263
-0.6798742
-0.67828465
-0.6731545
-0.68067896
-0.67415345
-0.67232686
-0.6736874
-0.67659056
-0.6761068
-0.6818842
-0.6803431
-0.67436004
-0.679254
-0.68235725
-0.68752617
-0.6803764
-0.68277854
-0.6819172
-0.6727985
-0.6823099
-0.6827995
-0.6778452
-0.68172455
-0.67692804
-0.6815248
-0.68886364
-0.6806571
-0.6802738
-0.6835434
-0.6803548
-0.6735559
-0.67852426
-0.6666538
-0.6722136
-0.6713409
-0.6720914
-0.6674505
-0.6630409
-0.6659018
-0.6640559
-0.6679166
-0.6670055
-0.67323387
-0.66658837
-0.6752412
-0.67526305
-0.684349
-0.6686562
-0.68167377
-0.6781774
-0.6809454
-0.6829872
-0.68253314
-0.6839874
-0.6839103
-0.68290186
-0.6827963
-0.68871635
-0.6846901
-0.68996227
-0.68297994
-0.6791378
-0.68600196
-0.6871154
-0.68504065
-0.6869738
-0.6774531
-0.6801097
-0.687332
-0.6871178
-0.6862338
-0.6800723
-0.69298345
-0.6889433
-0.6891535
-0.68763775
-0.6844647
-0.68617105
-0.68664294
-0.6785326
-0.68412656
-0.6847538
-0.68982035
-0.68769693
-0.6801526
-0.6915773
-0.67740977
-0.6883912
-0.6876837
-0.68774885
-0.6836482
-0.68455106
-0.68981814
-0.6930422
-0.6874651
-0.6851689
-0.68119365
-0.6959951
-0.6966814
-0.6810815
-0.6897949
-0.68201345
-0.6884033
-0.6888789
-0.68596673
-0.68225044
-0.6800807
-0.6870909
-0.6853559
-0.6889089
-0.6849323
-0.68112165
-0.6832994
-0.6911629
-0.6787046
-0.6808753
-0.68507874
-0.6857416
-0.68304425
-0.6809079
-0.6755274
-0.6853899
-0.68672013
-0.6836907
-0.6935114
-0.6880519
-0.686919
-0.69006073
-0.689324
-0.6989627
-0.69402504
-0.6892228
-0.69692004
-0.6941322
-0.69192547
-0.6917027
-0.68789184
-0.6976048
-0.69004136
-0.69125706
-0.6964518
-0.69513243
-0.6865052
-0.6907527
-0.6861698
-0.6890729
-0.690508
-0.69546944
-0.69766676
-0.6887583
-0.6951381
-0.69587815
-0.6970019
-0.6968266
-0.6967633
-0.6966259
-0.70033306
-0.6872381
-0.698406
-0.69530547
-0.6965824
-0.6933276
-0.694279
-0.69351363
-0.694617
-0.693195
-0.6894097
-0.6965357
-0.6957172
-0.6961497
-0.6885451
-0.69574225
-0.69552493
-0.6965945
-0.69639874
-0.6890676
-0.6851363
-0.69099337
-0.6851558
-0.6815045
-0.6851133
-0.68521744
-0.6825761
-0.6755802
-0.6756912
-0.6791831
-0.68286556
-0.68295145
-0.682553
-0.68307865
-0.6879987
-0.69717646
-0.69037145
-0.6982516
-0.6993073
-0.6994597
-0.69851035
-0.69472325
-0.6997039
-0.7013598
-0.6983794
-0.7017129
-0.70035404
-0.69937235
-0.7077263
-0.7033761
-0.70869154
-0.7052664
-0.7074921
-0.70317346
-0.71007127
-0.70476407
-0.703204
-0.7105071
-0.69740105
-0.7013046
-0.7022282
-0.6980889
-0.6975137
-0.6959792
-0.6986965
-0.6939886
-0.69943506
-0.7025693
-0.6991386
-0.70042104
-0.70226026
-0.7036736
-0.71202475
-0.7073475
-0.70746547
-0.7100485
-0.70742524
-0.70073974
-0.70730007
-0.7052833
-0.711972
-0.7054863
-0.7079868
-0.7049301
-0.697928
-0.7138583
-0.706067
-0.7072097
-0.70191765
-0.7114392
-0.7088252
-0.70517457
-0.7075009
-0.7096047
-0.7090734
-0.70959353
-0.71132946
-0.7119854
-0.71009034
-0.71359175
-0.70728165
-0.70847094
-0.7102747
-0.70792896
-0.7087908
-0.7047166
-0.69525635
-0.7017268
-0.705414
-0.69612205
-0.70071
-0.69927645
-0.70035887
-0.6978924
-0.699179
-0.70647264
-0.7026197
-0.700608
-0.70199305
-0.70711917
-0.7102991
-0.7086986
-0.7083015
-0.7016863
-0.6972713
-0.69471824
-0.69779235
-0.6951588
-0.69138455
-0.6938592
-0.68901867
-0.6900194
-0.68690056
-0.68734545
-0.69768393
-0.6991371
-0.69825566
-0.700444
-0.70332444
-0.7089998
-0.7098328
-0.7124207
-0.7128943
-0.7162112
-0.71680903
-0.716138
-0.71708786
-0.71559554
-0.7123074
-0.7134545
-0.7131475
-0.7144139
-0.7139998
-0.7101886
-0.7027071
-0.71327823
-0.7024745
-0.7098108
-0.7132841
-0.7058626
-0.71266025
-0.7136152
-0.7185428
-0.7234889
-0.71835506
-0.7105273
-0.7181735
-0.71821237
-0.7208222
-0.72214335
-0.7208678
-0.7133832
-0.7214634
-0.7159307
-0.72113734
-0.72328126
-0.71966404
-0.71344256
-0.71930784
-0.72278225
-0.7179426
-0.720872
-0.72391635
-0.7243397
-0.72808635
-0.7303033
-0.7249355
-0.72719604
-0.722935
-0.7250037
-0.7233484
-0.7203553
-0.7301829
-0.7188792
-0.72968507
-0.7231836
-0.72216463
-0.72147673
-0.72489035
-0.7290026
-0.7196704
-0.7180935
-0.7177439
-0.723869
-0.7197273
-0.72730047
-0.72110856
-0.7153721
-0.72272813
-0.725012
-0.7194904
-0.71780294
-0.720813
-0.7192396
-0.7205131
-0.7118497
-0.72584796
-0.7229259
-0.72911704
-0.7256325
-0.720648
-0.7302323
-0.7264086
-0.72462344
-0.71764195
-0.7207951
-0.7237118
-0.72639334
-0.7243989
-0.73043656
-0.72640723
-0.7283656
-0.7277072
-0.7281035
-0.72798574
-0.7264555
-0.7268063
-0.7279396
-0.7225989
-0.72709006
-0.7233275
-0.7250346
-0.73029566
-0.7267843
-0.7216417
-0.7207853
-0.71810883
-0.7242745
-0.7261169
-0.72144985
-0.71966255
-0.71832633
-0.72374994
-0.72434443
-0.723307
-0.7280447
-0.7324397
-0.72422653
-0.72805613
-0.73608434
-0.72834456
-0.73497415
-0.73193246
-0.7419661
-0.733326
-0.72782886
-0.730857
-0.72504103
-0.73099023
-0.72042954
-0.72184056
-0.7203876
-0.7231179
-0.7204309
-0.72186565
-0.7108512
-0.7215882
-0.72615755
-0.7290201
-0.72710174
-0.73216367
-0.73301023
-0.73210067
-0.73798764
-0.7403462
-0.73162514
-0.7353554
-0.73722696
-0.73526794
-0.731581
-0.73320484
-0.72734123
-0.7288643
-0.7261212
-0.72992456
-0.73003495
-0.72839826
-0.736165
-0.73248893
-0.7386441
-0.7325926
-0.7392751
-0.7436669
-0.7404276
-0.73981875
-0.73985183
-0.73701066
-0.73908997
-0.7394424
-0.74065137
-0.7313851
-0.7344062
-0.737366
-0.73247844
-0.7281768
-0.7334893
-0.7302498
-0.73362416
-0.72845215
-0.73711014
-0.7434244
-0.73330694
-0.7283302
-0.7336281
-0.73681176
-0.7355674
-0.7317814
-0.7361983
-0.7287285
-0.73164016
-0.7341448
-0.73285896
-0.7331466
-0.7373769
-0.7410643
-0.74086595
-0.74675083
-0.73656565
-0.73673916
-0.7402237
-0.736316
-0.7453051
-0.7409994
-0.73522264
-0.74337316
-0.7480031
-0.74499923
-0.7432966
-0.7427115
-0.7440511
-0.7472656
-0.74617237
-0.7387074
-0.7474007
-0.7411816
-0.74704564
-0.74901414
-0.7411402
-0.74029917
-0.7379867
-0.74592334
-0.74377364
-0.7455492
-0.7464853
-0.7395738
-0.74366546
-0.7364618
-0.74190676
-0.74207443
-0.7412677
-0.7414665
-0.74312484
-0.7373293
-0.734655
-0.74002963
-0.7389613
-0.73439914
-0.73510915
-0.7429703
-0.73310924
-0.73827815
-0.73640454
-0.7326
-0.7317162
-0.72422343
-0.73135597
-0.7296773
-0.72868055
-0.7314068
-0.73626065
-0.7267245
-0.73631626
-0.7337732
-0.7277657
-0.7322646
-0.7348378
-0.7313251
-0.73282284
-0.74061453
-0.73294044
-0.7356722
-0.7360911
-0.7385545
-0.7358879
-0.7337033
-0.73597753
-0.74250746
-0.7336558
-0.7404693
-0.74201983
-0.73731154
-0.73706454
-0.7390457
-0.7360842
-0.736056
-0.73599523
-0.7408348
-0.7489049
-0.7329811
-0.73471016
-0.744524
-0.74203795
-0.74962115
-0.7470673
-0.74525446
-0.7473248
-0.7424686
-0.7407312
-0.743186
-0.74561554
-0.7428652
-0.7453999
-0.74799037
-0.74069613
-0.7422285
-0.743497
-0.7508928
-0.74193716
-0.7375586
-0.7434597
-0.73639834
-0.73609304
-0.72838795
-0.7316555
-0.7320208
-0.73793244
-0.7270452
-0.73923343
-0.7334943
-0.7369939
-0.73389727
-0.7394665
-0.73802865
-0.73769575
-0.73602855
-0.75004727
-0.7407935
-0.74685705
-0.7497723
-0.74491614
-0.7465378
-0.75379336
-0.74809456
-0.7497798
-0.74465066
-0.7496115
-0.7511921
-0.7482223
-0.7383157
-0.7434308
-0.73228747
-0.72895795
-0.7414241
-0.7306534
-0.729449
-0.7217359
-0.73444706
-0.7325722
-0.7425742
-0.7346168
-0.7425079
-0.7433748
-0.7411938
-0.7464882
-0.74887043
-0.74788254
-0.7425101
-0.75573164
-0.74699795
-0.752308
-0.74908197
-0.7529708
-0.7562723
-0.74919426
-0.75109464
-0.7514171
-0.75094324
-0.7553782
-0.75212324
-0.75416464
-0.7484549
-0.7471139
-0.75291634
-0.74741507
-0.7571626
-0.752987
-0.7461026
-0.7521799
-0.7563864
-0.7512025
-0.7512081
-0.7513233
-0.7504102
-0.7469485
-0.75317323
-0.7483093
-0.74896216
-0.75341254
-0.7437564
-0.75574917
-0.7499626
-0.74684113
-0.7529438
-0.7523044
-0.75101656
-0.7496196
-0.7525155
-0.74883956
-0.7510819
-0.7487395
-0.7529006
-0.749967
-0.74887645
-0.7497406
-0.7484233
-0.74828964
-0.7447785
-0.7420769
-0.7372608
-0.74647385
-0.7419421
-0.737202
-0.74311835
-0.7444933
-0.7488944
-0.7411211
-0.7399095
-0.7466321
-0.7485697
-0.7514715
-0.75346375
-0.7528079
-0.7504152
-0.7567809
-0.7556917
-0.7565015
-0.7570167
-0.7516618
-0.7563614
-0.76056916
-0.7537924
-0.7571592
-0.75512844
-0.75922483
-0.7607111
-0.7583763
-0.7497296
-0.7570988
-0.7510633
-0.7565936
-0.7509227
-0.75077075
-0.75683224
-0.7491961
-0.7509864
-0.76027185
-0.7580208
-0.7594795
-0.76184195
-0.75868124
-0.75883424
-0.75115377
-0.7502949
-0.75258654
-0.7525211
-0.76011074
-0.7546731
-0.75418353
-0.7611836
-0.759777
-0.7574538
-0.7578253
-0.7549896
-0.7603749
-0.7625064
-0.7578296
-0.75535953
-0.756313
-0.75258315
-0.753882
-0.760039
-0.75098944
-0.75103587
-0.7535388
-0.75608695
-0.75812954
-0.754973
-0.7549437
-0.76065546
-0.7655545
-0.7602739
-0.7614694
-0.76193064
-0.76055723
-0.75746983
-0.75814646
-0.7578082
-0.7556955
-0.74717706
-0.75621843
-0.75276226
-0.75795674
-0.7519265
-0.74466574
-0.7513244
-0.748065
-0.74405134
-0.75074947
-0.7481693
-0.74922574
-0.74919915
-0.7461127
-0.75029784
-0.7525341
-0.74709284
-0.7474952
-0.7429517
-0.74945414
-0.752272
-0.7482248
-0.7560998
-0.7577329
-0.7593297
-0.7679908
-0.7633035
-0.76103765
-0.7607975
-0.7616184
-0.756457
-0.757687
-0.7678391
-0.7587419
-0.76066685
-0.75765944
-0.7519884
-0.76127774
-0.7647443
-0.75493807
-0.7646921
-0.76021963
-0.75736606
-0.7514612
-0.7560778
-0.75826347
-0.7639441
-0.75782716
-0.7602914
-0.76049274
-0.75746506
-0.758873
-0.76075006
-0.76437753
-0.7547451
-0.76092744
-0.7582721
-0.761512
-0.76045835
-0.763594
-0.7531376
-0.7583763
-0.7623193
-0.7554611
-0.7580871
-0.7575371
-0.7604427
-0.7534643
-0.76164216
-0.75927645
-0.75996596
-0.7524128
-0.75558496
-0.75716555
-0.75624496
-0.76536274
-0.7624526
-0.76440054
-0.75728273
-0.7637342
-0.75806355
-0.76115656
-0.7656833
-0.76456434
-0.76305974
-0.76091987
-0.756931
-0.75936645
-0.7586845
-0.7580316
-0.7600914
-0.76435864
-0.7627896
-0.7535081
-0.7611963
-0.7601317
-0.7578364
-0.75631183
-0.7574228
-0.7531165
-0.7636309
-0.76098084
-0.7568233
-0.7632832
-0.7570944
-0.76105267
-0.7683192
-0.7608089
-0.76050293
-0.76272804
-0.7648667
-0.76547664
-0.7691445
-0.7602021
-0.7679809
-0.760699
-0.7637581
-0.76282334
-0.7636385
-0.76334137
-0.7622172
-0.75913864
-0.75930184
-0.76252615
-0.7596569
-0.76280975
-0.7668697
-0.766721
-0.7656373
-0.76995754
-0.76236224
-0.76875204
-0.7676005
-0.76730454
-0.7689814
-0.7650575
-0.7621575
-0.760886
-0.7660665
-0.7680089
-0.7596139
-0.7630055
-0.76196235
-0.762129
-0.7649981
-0.7615507
-0.76610804
-0.7613406
-0.76590556
-0.76147664
-0.7605274
-0.75217915
-0.76583076
-0.7648152
-0.76453066
-0.7654643
-0.7653001
-0.7620036
-0.7625945
-0.7656003
-0.7661339
-0.76102865
-0.76025504
-0.7663048
-0.7637953
-0.7629601
-0.76103485
-0.7637353
-0.76675457
-0.76035565
-0.7645401
-0.76443297
-0.7642079
-0.7626683
-0.7713338
-0.76474077
-0.7703362
-0.76362145
-0.764611
-0.7700496
-0.765529
-0.76566213
-0.7683689
-0.7606968
-0.7630263
-0.7641072
-0.76044005
-0.7639291
-0.7613562
-0.7685873
-0.7732125
-0.7616127
-0.76752394
-0.76060426
-0.7590906
-0.76251775
-0.75933695
-0.7641706
-0.7610157
-0.7694559
-0.7580265
-0.76494265
-0.7627452
-0.7627645
-0.76130074
-0.7641355
-0.76847273
-0.76168656
-0.7705195
-0.76429564
-0.764628
-0.76117873
-0.76459974
-0.7628987
-0.7641768
-0.7632347
-0.7656712
-0.7588174
-0.75825113
-0.760908
-0.762483
-0.7610093
-0.7619274
-0.7634223
-0.7623665
-0.7665832
-0.7704611
-0.76928616
-0.7673269
-0.7718725
-0.7697976
-0.7622351
-0.765482
-0.7680704
-0.7635261
-0.76954013
-0.767926
-0.77045953
-0.76583457
-0.7715831
-0.76665795
-0.7732912
-0.765824
-0.7688319
-0.7639075
-0.76580757
-0.77188754
-0.7679362
-0.76531786
-0.764561
-0.7644611
-0.7706382
-0.76132894
-0.76902527
-0.7697242
-0.7731743
-0.7691496
-0.7655906
-0.7710968
-0.76266474
-0.7700409
-0.76946765
-0.7596092
-0.7648102
-0.77238125
-0.76322657
-0.7568867
-0.7601887
-0.7632995
-0.7596806
-0.7586113
-0.75525194
-0.76343006
-0.76083285
-0.77041805
-0.76490074
-0.7630845
-0.7650747
-0.76690775
-0.76399213
-0.7647455
-0.7672737
-0.7704878
-0.76474303
-0.77367914
-0.76666313
-0.75897694
-0.76115537
-0.7702555
-0.76314
-0.76894933
-0.7620484
-0.765032
-0.76702994
-0.76209885
-0.76151896
-0.76023436
-0.7593474
-0.76005507
-0.76260436
-0.76361465
-0.76590914
-0.7598159
-0.766263
-0.7674148
-0.76640654
-0.76608604
-0.7584855
-0.7545122
-0.75458944
-0.75355184
-0.7518237
-0.75589097
-0.7464582
-0.75278413
-0.7508258
-0.7533166
-0.7581398
-0.7611075
-0.75453836
-0.75442946
-0.7582646
-0.7567645
-0.75882196
-0.75683653
-0.7643925
-0.76028794
-0.75601673
-0.76522493
-0.767327
-0.76190835
-0.76578015
-0.7661137
-0.7617779
-0.76445454
-0.76463264
-0.7634246
-0.7620622
-0.7624021
-0.76445705
-0.76688564
-0.7603259
-0.7662686
-0.76566
-0.7631162
-0.76775885
-0.7633809
-0.7653448
-0.76381326
-0.76289284
-0.7655708
-0.77002394
-0.7691378
-0.7713334
-0.77088106
-0.76695865
-0.7682596
-0.7711041
-0.77224725
-0.7683247
-0.76889354
-0.76140994
-0.7672552
-0.76838297
-0.76569957
-0.76533955
-0.7587887
-0.764248
-0.77028626
-0.76495594
-0.7696735
-0.7640669
-0.75914705
-0.75759983
-0.7583829
-0.7655909
-0.762071
-0.76538646
-0.755315
-0.75959486
-0.7574457
-0.7675866
-0.76287705
-0.7647947
-0.7682148
-0.767065
-0.76938397
-0.7657514
-0.76740706
-0.76564926
-0.76567763
-0.76221895
-0.761108
-0.76191777
-0.7640207
-0.76086074
-0.76047516
-0.76201046
-0.76701206
-0.76250464
-0.7720972
-0.7686916
-0.7684372
-0.7681605
-0.7706181
-0.7689954
-0.7734633
-0.7727047
-0.7670929
-0.7667248
-0.76759255
-0.7750496
-0.77035266
-0.75988823
-0.7657122
-0.7607943
-0.7656927
-0.7634788
-0.765201
-0.76519614
-0.7682482
-0.76452464
-0.76169384
-0.76728386
-0.76520383
-0.7669189
-0.76535964
-0.77034116
-0.76921403
-0.77221817
-0.7721363
-0.76447386
-0.7653486
-0.7713519
-0.77335536
-0.7691813
-0.7696781
-0.7710356
-0.76480305
-0.76837355
-0.7672216
-0.77293116
-0.7652905
-0.76304054
-0.7626054
-0.76357377
-0.7664359
-0.76338935
-0.7601734
-0.7606801
-0.7641735
-0.7656652
-0.76481026
-0.76445913
-0.76289433
-0.7678681
-0.7702892
-0.7688304
-0.77254665
-0.76334655
-0.7713077
-0.773865
-0.7639632
-0.76732767
-0.77352536
-0.76377225
-0.7612223
-0.7687985
-0.7657529
-0.7695208
-0.76662284
-0.7667137
-0.7624525
-0.7628835
-0.76266396
-0.7631841
-0.756829
-0.7649312
-0.76078546
-0.7683621
-0.7648418
-0.76514006
-0.7628255
-0.7726108
-0.76523286
-0.7698037
-0.77240896
-0.77041143
-0.7718314
-0.76810765
-0.7708361
-0.76401323
-0.7635598
-0.77143055
-0.7650436
-0.7667185
-0.7669669
-0.7691735
-0.76550776
-0.7735159
-0.76971185
-0.7662762
-0.77046114
-0.7690193
-0.7693843
-0.7710919
-0.76451087
-0.7687656
-0.7635926
-0.7707693
-0.76924163
-0.76771194
-0.76820016
-0.7697178
-0.76740205
-0.7628018
-0.76848245
-0.7631169
-0.76584446
-0.76640654
-0.7657843
-0.7625837
-0.769273
-0.76142687
-0.76365334
-0.76508754
-0.7721194
-0.7680692
-0.76631826
-0.76689607
-0.7648672
-0.7613698
-0.7689532
-0.7681967
-0.7720421
-0.7679402
-0.76268846
-0.7702935
-0.762494
-0.76691663
-0.7613476
-0.75608957
-0.75971454
-0.7631678
-0.7663499
-0.76193535
-0.7608816
-0.7697483
-0.7688489
-0.7611948
-0.770326
-0.7676543
-0.7708554
-0.77060366
-0.7624863
-0.76695657
-0.76832736
-0.7648544
-0.7635981
-0.77151644
-0.7619473
-0.7627044
-0.7746209
-0.77027035
-0.76709634
-0.7673389
-0.77467906
-0.77299243
-0.7750053
-0.7689257
-0.77050996
-0.7742322
-0.7748755
-0.7697285
-0.7763222
-0.77329123
-0.77095217
-0.77668124
-0.7689427
-0.77897656
-0.7734737
-0.77259856
-0.7636725
-0.7703967
-0.7638916
-0.771766
-0.77457464
-0.7758486
-0.77264386
-0.7698895
-0.77070844
-0.7680069
-0.76764417
-0.7669663
-0.7713714
-0.7713812
-0.7696236
-0.76865155
-0.7739219
-0.76792914
-0.7693101
-0.7713855
-0.7719395
-0.7723497
-0.7647264
-0.7676884
-0.77463055
-0.7709188
-0.770826
-0.76736355
-0.76612186
-0.7727792
-0.7757229
-0.77024716
-0.76924783
-0.7744432
-0.7690311
-0.76903313
-0.7688961
-0.763461
-0.7665426
-0.7677696
-0.77018696
-0.77333325
-0.7645165
-0.77053976
-0.77132267
-0.766493
-0.7702992
-0.77102983
-0.7728467
-0.7717011
-0.7690703
-0.76881605
-0.7720838
-0.76591045
-0.76892793
-0.76797014
-0.77008957
-0.77105707
-0.7716252
-0.7716836
-0.77243036
-0.774771
-0.77205276
-0.7745441
-0.7678425
-0.7766525
-0.7688796
-0.76480407
-0.7623937
-0.7649626
-0.76540416
-0.77115136
-0.7583668
-0.7637684
-0.7672253
-0.7679052
-0.7683999
-0.7711925
-0.7672345
-0.7617627
-0.7597649
-0.77012134
-0.76294076
-0.76841295
-0.762028
-0.7561703
-0.75881267
-0.75716317
-0.75595814
-0.7525779
-0.7593948
-0.7514681
-0.7444052
-0.74748
-0.7551041
-0.75170124
-0.7579657
-0.75890875
-0.7526044
-0.76156193
-0.7586195
-0.7605105
-0.76339084
-0.76162636
-0.75740325
-0.76187366
-0.76299584
-0.7648156
-0.76732075
-0.7568719
-0.7681226
-0.7685588
-0.75989276
-0.76656306
-0.7653977
-0.76566637
-0.7605215
-0.75872654
-0.7489948
-0.7588562
-0.74994886
-0.75869185
-0.75657135
-0.7532172
-0.7517356
-0.7580072
-0.757268
-0.7566297
-0.7616523
-0.7591373
-0.7580972
-0.7659076
-0.7702312
-0.7687394
-0.7652502
-0.76610786
-0.7632004
-0.76303196
-0.76876986
-0.7653876
-0.7595724
-0.7688607
-0.7670328
-0.7621556
-0.76652867
-0.765796
-0.7708894
-0.76492643
-0.77278525
-0.77181315
-0.766855
-0.77112526
-0.76584256
-0.7717821
-0.77703357
-0.7696928
-0.7713861
-0.7747207
-0.77056384
-0.7625966
-0.76071507
-0.7602823
-0.7538343
-0.7528052
-0.7569812
-0.7543252
-0.7557287
-0.7528567
-0.75700504
-0.74923813
-0.75622934
-0.7494285
-0.7604161
-0.76159847
-0.7642622
-0.7625052
-0.76148427
-0.7604447
-0.76389617
-0.7706399
-0.7707184
-0.76724476
-0.7677592
-0.76537895
-0.7732518
-0.7688575
-0.7744429
-0.76788807
-0.77590686
-0.77412754
-0.77272743
-0.7760567
-0.7701817
-0.7658874
-0.77371573
-0.77224463
-0.7693466
-0.7690533
-0.7682155
-0.7690349
-0.77793604
-0.7702626
-0.7703957
-0.7779736
-0.7737097
-0.77366024
-0.7758934
-0.7719847
-0.7724831
-0.7695981
-0.77529246
-0.7743914
-0.77394336
-0.77389896
-0.77058256
-0.7749985
-0.7720113
-0.7694128
-0.7763397
-0.776019
-0.7772542
-0.7757376
-0.76605976
-0.7718187
-0.77500975
-0.77227825
-0.7761704
-0.76903707
-0.7756039
-0.7710156
-0.7710988
-0.7716427
-0.7738584
-0.7700273
-0.7775853
-0.77851826
-0.7677692
-0.7765776
-0.7783702
-0.7836227
-0.7695045
-0.7784131
-0.7766779
-0.7776035
-0.77640414
-0.7779838
-0.77564836
-0.77207404
-0.7736886
-0.7796543
-0.7693651
-0.775247
-0.7772274
-0.77241004
-0.7744725
-0.7783116
-0.7759887
-0.77203846
-0.7767362
-0.7783784
-0.7787371
-0.7803591
-0.77879554
-0.77725935
-0.77849877
-0.7718655
-0.76824754
-0.7634565
-0.764325
-0.77410954
-0.77190995
-0.77331764
-0.7755775
-0.7744503
-0.76999927
-0.77459884
-0.7743207
-0.7724785
-0.76786554
-0.766982
-0.7665232
-0.76515585
-0.7678067
-0.7689607
-0.7741089
-0.7661282
-0.7727951
-0.7812605
-0.76883835
-0.77279496
-0.77245694
-0.7635073
-0.77072126
-0.77163446
-0.7645603
-0.76659596
-0.76874655
-0.7622694
-0.7669092
-0.755223
-0.7594569
-0.7556362
-0.75208175
-0.75518376
-0.75620186
-0.75642526
-0.7710116
-0.77412176
-0.7780167
-0.77860516
-0.7778206
-0.7744929
-0.77860016
-0.77423185
-0.7712355
-0.7737848
-0.77108985
-0.7684937
-0.76333
-0.7704079
-0.76837754
-0.7680374
-0.76658237
-0.7706032
-0.7734202
-0.76882535
-0.77153766
-0.77851766
-0.7767777
-0.773314
-0.77778506
-0.7717067
-0.78086567
-0.7793409
-0.7752934
-0.7753216
-0.77383506
-0.7775759
-0.76917243
-0.7685758
-0.7729697
-0.768047
-0.76347864
-0.7670374
-0.7565434
-0.7577267
-0.7612478
-0.76222193
-0.7655266
-0.774286
-0.77289665
-0.7716382
-0.7707636
-0.7728189
-0.77007633
-0.765037
-0.76916015
-0.76441693
-0.7680517
-0.76766986
-0.7611273
-0.76788384
-0.7588086
-0.75852364
-0.7625046
-0.7700095
-0.7615498
-0.7579299
-0.766413
-0.76100075
-0.755615
-0.7651098
-0.76066005
-0.7538839
-0.75823087
-0.7630218
-0.7648931
-0.75633055
-0.75790787
-0.7579228
-0.76074135
-0.76612306
-0.7607804
-0.76414657
-0.7578793
-0.76703817
-0.75722295
-0.765745
-0.76222485
-0.77176297
-0.7694499
-0.7702645
-0.7671783
-0.7739143
-0.7682871
-0.77541804
-0.77339417
-0.7739616
-0.7702092
-0.7743288
-0.77041626
-0.77211666
-0.7629909
-0.764366
-0.77393484
-0.7624965
-0.76963687
-0.77213806
-0.76605093
-0.7708023
-0.76056397
-0.7643911
-0.7711005
-0.76529396
-0.76522374
-0.77015024
-0.76673704
-0.759446
-0.7705192
-0.7657728
-0.7684219
-0.7766803
-0.77401114
-0.7695661
-0.77034765
-0.77487457
-0.7733407
-0.7709084
-0.7766376
-0.7756534
-0.7742789
-0.7681615
-0.77361184
-0.7740121
-0.7649119
-0.7745825
-0.77409005
-0.77405506
-0.76926345
-0.769909
-0.77054435
-0.78425
-0.7775517
-0.772391
-0.7734391
-0.77840275
-0.76842237
-0.7780378
-0.77627945
-0.7727942
-0.77432334
-0.7742132
-0.7750666
-0.7688233
-0.77877337
-0.77332556
-0.76787716
-0.77329016
-0.7742533
-0.76776457
-0.7662601
-0.7748035
-0.76485884
-0.7632958
-0.7631438
-0.7684357
-0.7676626
-0.76674974
-0.7732651
-0.7735553
-0.76924974
-0.77711916
-0.7781067
-0.77366114
-0.77418923
-0.7794523
-0.7772821
-0.7732943
-0.77360755
-0.77411866
-0.77332395
-0.7729178
-0.7735652
-0.76605505
-0.7667189
-0.76750827
-0.76889175
-0.7633277
-0.76686704
-0.7644818
-0.7706737
-0.7775386
-0.7780065
-0.7773606
-0.7768235
-0.7823634
-0.7814681
-0.7809324
-0.7771361
-0.7697214
-0.77372473
-0.7764238
-0.7703175
-0.76607007
-0.76824874
-0.76664764
-0.76493114
-0.7683252
-0.7673873
-0.77320397
-0.77131504
-0.7739766
-0.7695329
-0.77577496
-0.7777189
-0.77926046
-0.77681
-0.7755673
-0.777025
-0.78279656
-0.77869844
-0.78019714
-0.78031605
-0.7764034
-0.7738698
-0.7780123
-0.7791116
-0.7746551
-0.777508
-0.78214794
-0.77470493
-0.7834139
-0.7780824
-0.77559376
-0.77791405
-0.77247775
-0.7691998
-0.77369523
-0.7763078
-0.767974
-0.77262896
-0.7705107
-0.77390057
-0.77667934
-0.77375555
-0.77647084
-0.77121145
-0.7763473
-0.77617234
-0.7734607
-0.7805444
-0.78294677
-0.7824402
-0.77920544
-0.776845
-0.76883554
-0.7732377
-0.7802578
-0.7825628
-0.78006834
-0.78624415
-0.78165287
-0.7808913
-0.7763841
-0.77508503
-0.77480185
-0.772855
-0.7762921
-0.7721036
-0.7775883
-0.78034145
-0.7728988
-0.77483416
-0.7777045
-0.78176886
-0.7787019
-0.7835484
-0.7845014
-0.7814391
-0.7752921
-0.78247696
-0.77832943
-0.7779052
-0.7707974
-0.7761166
-0.77439576
-0.77684987
-0.77585644
-0.7824256
-0.7764891
-0.775475
-0.77327883
-0.7820264
-0.7730052
-0.77897805
-0.7730606
-0.78072864
-0.7678416
-0.7690575
-0.7744482
-0.76816183
-0.7682104
-0.7663075
-0.76467973
-0.7670366
-0.7692658
-0.763534
-0.7643728
-0.7683733
-0.76895994
-0.76043546
-0.76065975
-0.76919174
-0.7647239
-0.7677604
-0.7667801
-0.7682072
-0.7680896
-0.76214284
-0.7707208
-0.7708768
-0.7774193
-0.7767523
-0.776467
-0.7830945
-0.7785824
-0.774144
-0.77709264
-0.7790423
-0.7696336
-0.7753475
-0.7793462
-0.7784801
-0.77915657
-0.7755739
-0.77590996
-0.7766628
-0.77146643
-0.7761232
-0.77211744
-0.7757573
-0.7787959
-0.7759755
-0.7745035
-0.7789933
-0.77594346
-0.77100384
-0.7732236
-0.7777858
-0.7805026
-0.78312707
-0.78084713
-0.7749421
-0.77884233
-0.7742243
-0.7764842
-0.7773546
-0.77398586
-0.7749265
-0.7726295
-0.7742653
-0.7794862
-0.7784126
-0.7789711
-0.7784279
-0.7769891
-0.7851349
-0.78244746
-0.7772833
-0.77780867
-0.7808668
-0.7767797
-0.7770778
-0.7764033
-0.7758367
-0.7783726
-0.77632684
-0.78386694
-0.7798538
-0.77889997
-0.7757899
-0.7778813
-0.7800947
-0.7795839
-0.7840851
-0.7813958
-0.78417677
-0.7810791
-0.78572315
-0.7799419
-0.78185326
-0.78109235
-0.77597743
-0.7816359
-0.77929515
-0.78187597
-0.7798003
-0.7843607
-0.7791455
-0.7759397
-0.77712214
-0.77711356
-0.7829288
-0.7786726
-0.7788617
-0.778141
-0.77535427
-0.7761018
-0.77279204
-0.7699477
-0.7785997
-0.77160645
-0.7731935
-0.7741918
-0.77595836
-0.7773697
-0.77821505
-0.7785592
-0.7800074
-0.7854695
-0.7759961
-0.7817732
-0.78291404
-0.7778851
-0.78158635
-0.7751934
-0.7765664
-0.7776268
-0.77182704
-0.77442884
-0.77512974
-0.7794945
-0.7713337
-0.7706159
-0.7717661
-0.7731231
-0.77570724
-0.7776462
-0.7833808
-0.7753608
-0.7890808
-0.78655523
-0.77504534
-0.7820141
-0.7779225
-0.7837495
-0.7832037
-0.7849373
-0.78870964
-0.7811413
-0.7835974
-0.7870388
-0.78594106
-0.7822708
-0.78330266
-0.77575195
-0.7826192
-0.7837584
-0.77756256
-0.7803123
-0.77838975
-0.78315413
-0.7778343
-0.78118646
-0.7860002
-0.7809665
-0.78272223
-0.7842621
-0.78130406
-0.77930295
-0.7799385
-0.7819711
-0.78093493
-0.779236
-0.7797777
-0.775963
-0.7847652
-0.7812849
-0.78696406
-0.7892748
-0.78688246
-0.7815642
-0.7833143
-0.7811193
-0.7884071
-0.7857321
-0.7853275
-0.7850485
-0.78306836
-0.78426003
-0.782512
-0.7867128
-0.7866903
-0.7897061
-0.78848004
-0.7806528
-0.7807523
-0.78057086
-0.78875387
-0.7889785
-0.7834109
-0.7788865
-0.78478813
-0.7845342
-0.7835007
-0.785728
-0.77933425
-0.7872724
-0.7823065
-0.7851814
-0.7834568
-0.7792934
-0.78214294
-0.78764784
-0.78910464
-0.7858164
-0.79205954
-0.78301805
-0.77968717
-0.7855989
-0.78555447
-0.78192675
-0.78622645
-0.78881425
-0.78094035
-0.7899331
-0.7838916
-0.78234845
-0.7843413
-0.7862954
-0.78582835
-0.78728765
-0.7860578
-0.78102195
-0.78735334
-0.783656
-0.7864899
-0.7883155
-0.78513587
-0.78335065
-0.78538066
-0.7856157
-0.7826751
-0.7919468
-0.7811225
-0.7847208
-0.78994393
-0.78606194
-0.7826817
-0.7894234
-0.7803579
-0.7795494
-0.78626734
-0.7829858
-0.78392625
-0.7824801
-0.7826207
-0.78832597
-0.7810773
-0.787838
-0.7794565
-0.7786414
-0.7775264
-0.77814144
-0.77789193
-0.77756995
-0.7705314
-0.76938033
-0.76829696
-0.7683023
-0.7622016
-0.7645177
-0.7645287
-0.7688058
-0.7688721
-0.767648
-0.77091426
-0.77181447
-0.7721392
-0.7777787
-0.7795988
-0.7771284
-0.78007513
-0.78132457
-0.78317916
-0.78557444
-0.78586745
-0.7797245
-0.7890206
-0.7885852
-0.7887837
-0.78408515
-0.78252953
-0.7896172
-0.7843982
-0.7895625
-0.7964449
-0.78895587
-0.79144347
-0.78925955
-0.7884758
-0.7913908
-0.78655094
-0.7934358
-0.7912683
-0.7845142
-0.78382534
-0.792364
-0.78768563
-0.7907912
-0.78734285
-0.7887533
-0.78652394
-0.7850482
-0.7879567
-0.78413725
-0.781571
-0.78979874
-0.78199667
-0.78456783
-0.7849583
-0.7814712
-0.7819107
-0.774493
-0.77830994
-0.778525
-0.7856077
-0.7820993
-0.785614
-0.7887334
-0.7832244
-0.786511
-0.7745154
-0.7793143
-0.78150016
-0.78502876
-0.7786866
-0.780798
-0.7767104
-0.7807497
-0.7810051
-0.79176813
-0.78816843
-0.7793356
-0.78440255
-0.7890789
-0.78425896
-0.78326327
-0.7854903
-0.7877705
-0.7880503
-0.79371667
-0.7899557
-0.78753436
-0.78352463
-0.7834228
-0.78687394
-0.7859537
-0.790822
-0.78836906
-0.78706133
-0.78652066
-0.7841097
-0.7846035
-0.78696275
-0.7881244
-0.78704566
-0.7885194
-0.7830791
-0.7878637
-0.79328454
-0.7842384
-0.78806144
-0.7813301
-0.7877611
-0.7895394
-0.7895715
-0.79077727
-0.78457165
-0.7888249
-0.7854617
-0.7861998
-0.78232056
-0.78443
-0.7869539
-0.7859886
-0.7803721
-0.7830824
-0.78165966
-0.78182554
-0.78556037
-0.7821748
-0.7880059
-0.7900636
-0.7903417
-0.78171587
-0.78489023
-0.794773
-0.79249215
-0.79042596
-0.7932023
-0.79053324
-0.78914726
-0.7852138
-0.7884444
-0.78746325
-0.7871314
-0.78892124
-0.7858315
-0.78917664
-0.79111797
-0.7865198
-0.7929784
-0.7851774
-0.7896366
-0.7862403
-0.7917896
-0.7922036
-0.7899901
-0.7848749
-0.79037315
-0.7902953
-0.78445274
-0.7888894
-0.7920852
-0.79143864
-0.79045415
-0.79051346
-0.79033583
-0.78872544
-0.7933596
-0.7909881
-0.7883942
-0.7851687
-0.78636765
-0.7845818
-0.7848271
-0.78343666
-0.78289175
-0.7785224
-0.78030044
-0.7824215
-0.77811843
-0.77761745
-0.77607393
-0.7790097
-0.7808446
-0.7763663
-0.77695394
-0.77213794
-0.7709937
-0.7740216
-0.7752405
-0.7762394
-0.77587163
-0.7738223
-0.7755242
-0.7798841
-0.77867126
-0.78432137
-0.7836748
-0.785706
-0.78227544
-0.77682936
-0.78604573
-0.7760742
-0.764452
-0.77859473
-0.7745909
-0.7773623
-0.7754932
-0.770029
-0.7737255
-0.7706744
-0.7718438
-0.77402604
-0.78200704
-0.78131855
-0.7818964
-0.78557456
-0.7810665
-0.78524566
-0.7856311
-0.78514177
-0.7831344
-0.7926441
-0.7898321
-0.785938
-0.7839081
-0.77949697
-0.7807364
-0.78495425
-0.7795267
-0.77324116
-0.77907115
-0.7779478
-0.7759311
-0.779153
-0.7775578
-0.78046775
-0.77682686
-0.78208303
-0.77736694
-0.78631157
-0.7836633
-0.7856351
-0.78303957
-0.7790005
-0.7797526
-0.7824507
-0.7839142
-0.7882747
-0.7821733
-0.7846173
-0.7873314
-0.78561085
-0.79068774
-0.7878314
-0.78446376
-0.7864255
-0.78421146
-0.7931787
-0.7910399
-0.78892684
-0.79083717
-0.7887511
-0.79209536
-0.7852698
-0.78776014
-0.7828485
-0.7820157
-0.78561485
-0.784382
-0.7880649
-0.78767085
-0.7925092
-0.7845493
-0.7872284
-0.7899995
-0.79002386
-0.7881002
-0.7872148
-0.7934758
-0.79202974
-0.78675216
-0.7897924
-0.7907106
-0.78637534
-0.793379
-0.7892819
-0.79276204
-0.7898751
-0.79182297
-0.7910194
-0.78535706
-0.78996843
-0.7921881
-0.78433794
-0.78998494
-0.7844997
-0.78932667
-0.7850873
-0.7879304
-0.7841384
-0.78947884
-0.7832421
-0.78639007
-0.78920835
-0.78819346
-0.79455703
-0.78813076
-0.7917198
-0.7907798
-0.7910046
-0.79076463
-0.79230887
-0.7862235
-0.7926909
-0.79045826
-0.78767025
-0.7859906
-0.78757185
-0.79358196
-0.7895493
-0.78857523
-0.7947823
-0.7902766
-0.78923255
-0.78927565
-0.79472345
-0.7916374
-0.79364926
-0.7914903
-0.7940628
-0.7878483
-0.7904982
-0.7936625
-0.7968065
-0.7871964
-0.78636956
-0.7916162
-0.7903291
-0.7900658
-0.79048645
-0.7882247
-0.7845867
-0.794336
-0.7927207
-0.7908735
-0.78951496
-0.7876574
-0.78996867
-0.7853674
-0.7943927
-0.79055756
-0.7913512
-0.7942403
-0.7947165
-0.79272926
-0.7916819
-0.7923536
-0.7909
-0.79156375
-0.7935517
-0.7851102
-0.7879732
-0.79096174
-0.7885144
-0.79070324
-0.7907932
-0.7883317
-0.79149884
-0.79684085
-0.7865671
-0.79211974
-0.78609157
-0.79515994
-0.8009965
-0.7934065
-0.7910491
-0.7925038
-0.7927086
-0.79169255
-0.78281575
-0.7908264
-0.7939997
-0.79324347
-0.7955731
-0.79025143
-0.7927597
-0.78833115
-0.793127
-0.78639203
-0.78954774
-0.79181576
-0.7968239
-0.79545563
-0.7934834
-0.7985924
-0.7849503
-0.792366
-0.7985275
-0.7956895
-0.79399276
-0.7934976
-0.79034823
-0.7862417
-0.7951299
-0.7908149
-0.7899435
-0.7922648
-0.7919494
-0.78551525
-0.7917857
-0.78922886
-0.79476917
-0.7912476
-0.78533405
-0.78811413
-0.78844833
-0.7878719
-0.78229284
-0.7907441
-0.78103906
-0.7841195
-0.79092306
-0.7927643
-0.7885047
-0.7959367
-0.7930024
-0.79135245
-0.7868865
-0.78735685
-0.78941697
-0.788833
-0.7879715
-0.793348
-0.79430485
-0.7929651
-0.7891953
-0.7923646
-0.7903483
-0.7821354
-0.784978
-0.789482
-0.78682953
-0.7906906
-0.79085606
-0.79703605
-0.7913896
-0.79772455
-0.7930686
-0.78768605
-0.78657985
-0.7834162
-0.78082603
-0.7843521
-0.7820622
-0.7854731
-0.78767514
-0.776425
-0.7858807
-0.78768253
-0.779793
-0.7850079
-0.7852803
-0.7874088
-0.7775242
-0.7800922
-0.7806629
-0.78494054
-0.78770584
-0.7877437
-0.7886216
-0.7924471
-0.7876801
-0.7879176
-0.7861243
-0.7833381
-0.7842967
-0.7834539
-0.7875379
-0.7908589
-0.7939035
-0.79384524
-0.79219675
-0.7889062
-0.7771352
-0.775364
-0.77653646
-0.7771031
-0.7821235
-0.76839346
-0.77637523
-0.7794506
-0.7836596
-0.77205783
-0.77983075
-0.77972335
-0.7787116
-0.7905521
-0.78853905
-0.7927397
-0.7973213
-0.79229736
-0.79358476
-0.79355407
-0.784373
-0.79288965
-0.7925943
-0.7989399
-0.79502887
-0.7944932
-0.79517096
-0.79242283
-0.7939118
-0.78922206
-0.79195046
-0.79716265
-0.7892625
-0.79082143
-0.78848356
-0.78722006
-0.79135805
-0.7838086
-0.7788706
-0.772142
-0.7822605
-0.78185946
-0.7773562
-0.77807087
-0.7762243
-0.78123116
-0.7797851
-0.7856868
-0.7880345
-0.7913041
-0.791953
-0.7865407
-0.7887257
-0.79171056
-0.78966606
-0.78740555
-0.7856637
-0.7887745
-0.7854369
-0.77940685
-0.78822714
-0.7873098
-0.79344976
-0.7988941
-0.79203916
-0.78460455
-0.7918688
-0.78692555
-0.7869432
-0.79338765
-0.79569024
-0.79769486
-0.78867173
-0.7842806
-0.7907223
-0.7947383
-0.79123485
-0.7890528
-0.7960581
-0.79271394
-0.797829
-0.799128
-0.7972643
-0.79235023
-0.8011167
-0.79913116
-0.7954713
-0.7981381
-0.7971849
-0.79355764
-0.793368
-0.79938114
-0.8000231
-0.8027671
-0.7959993
-0.79396015
-0.7979313
-0.7934543
-0.7966313
-0.8021401
-0.7984459
-0.79738
-0.79185677
-0.7938154
-0.7879848
-0.7915525
-0.7911711
-0.793727
-0.79336184
-0.7896822
-0.7931147
-0.7899928
-0.7914951
-0.79400253
-0.7886814
-0.79767483
-0.7938102
-0.7930719
-0.7952757
-0.78982174
-0.7947656
-0.7929215
-0.79030883
-0.7957844
-0.7956256
-0.7893386
-0.79408294
-0.78578687
-0.7893355
-0.78740114
-0.7924976
-0.79243475
-0.79484457
-0.79475486
-0.8006117
-0.78786576
-0.7956703
-0.7938813
-0.78780395
-0.7914104
-0.7965094
-0.79035026
-0.79607373
-0.7925628
-0.79705554
-0.79026014
-0.7910609
-0.7891387
-0.79253346
-0.7916603
-0.79290533
-0.79536366
-0.78909487
-0.79276145
-0.7962097
-0.7901463
-0.79178506
-0.794278
-0.7902592
-0.7907265
-0.79714423
-0.7923563
-0.79174757
-0.7925834
-0.792128
-0.7936435
-0.7901237
-0.7923116
-0.7952072
-0.798068
-0.7890678
-0.79525584
-0.7923302
-0.7921378
-0.79032385
-0.79518217
-0.79817563
-0.7914342
-0.78983504
-0.7896779
-0.7976508
-0.79170954
-0.78986746
-0.788428
-0.78921276
-0.79147786
-0.79243886
-0.793453
-0.7956337
-0.79645413
-0.800203
-0.79751277
-0.7950154
-0.79875326
-0.7911426
-0.79451126
-0.7889947
-0.78822315
-0.79486775
-0.79722285
-0.7938911
-0.7908069
-0.7925942
-0.79171443
-0.7928986
-0.79364103
-0.7962256
-0.7945152
-0.7939035
-0.79561996
-0.7983106
-0.79577523
-0.79632986
-0.79376936
-0.7946508
-0.8018258
-0.7967656
-0.79762435
-0.79854846
-0.7991091
-0.7919443
-0.7957803
-0.79614764
-0.7944116
-0.79507595
-0.7938595
-0.79648566
-0.7894129
-0.79137707
-0.7971731
-0.79271966
-0.7892408
-0.7992393
-0.7961475
-0.79565513
-0.7915321
-0.7981214
-0.8028709
-0.79588324
-0.7972162
-0.7998592
-0.79306364
-0.7970396
-0.7891114
-0.7994519
-0.79393315
-0.7937476
-0.79329616
-0.7976134
-0.7943541
-0.79922956
-0.8019187
-0.8045431
-0.79837143
-0.7983037
-0.79935026
-0.7998413
-0.7953322
-0.79276156
-0.7968563
-0.79286784
-0.80029386
-0.7881691
-0.7922464
-0.79137945
-0.8001014
-0.79791087
-0.7968668
-0.7959237
-0.79695445
-0.78565085
-0.7941089
-0.79621065
-0.7958049
-0.7943579
-0.7914414
-0.79379296
-0.797278
-0.7924957
-0.79553825
-0.78816867
-0.79103845
-0.7966769
-0.7956794
-0.7973098
-0.7950936
-0.78770703
-0.7968018
-0.7924322
-0.7893033
-0.79073405
-0.7897168
-0.79652387
-0.7966627
-0.7940595
-0.79362655
-0.79399174
-0.80125636
-0.7900335
-0.79313284
-0.7900774
-0.7980605
-0.79592407
-0.7891936
-0.7910297
-0.7888956
-0.79777616
-0.79495627
-0.79469246
-0.7932821
-0.79391795
-0.7907492
-0.7934988
-0.8004275
-0.7925261
-0.7929072
-0.7913125
-0.7920917
-0.78979206
-0.7934274
-0.79032797
-0.7971082
-0.7972572
-0.7914081
-0.79853195
-0.7949663
-0.79234433
-0.79431784
-0.79367846
-0.7922172
-0.7917884
-0.79173636
-0.7942549
-0.7938729
-0.7924193
-0.7930676
-0.7974896
-0.7948388
-0.79476976
-0.7977638
-0.7983855
-0.7984645
-0.7922497
-0.794442
-0.7947719
-0.79467034
-0.79571724
-0.7890423
-0.79219055
-0.79071474
-0.7910165
-0.79425275
-0.79558545
-0.7977815
-0.7935751
-0.793497
-0.7944146
-0.7896896
-0.789905
-0.7971019
-0.7881095
-0.78698486
-0.7900063
-0.78607976
-0.7923749
-0.7909333
-0.7910125
-0.7886399
-0.7931713
-0.794831
-0.78349656
-0.7897794
-0.78671753
-0.7867376
-0.78649193
-0.78677446
-0.7896554
-0.7904525
-0.7868943
-0.7899524
-0.7904201
-0.7939204
-0.790112
-0.793589
-0.78323686
-0.7886144
-0.7879248
-0.795672
-0.79390746
-0.7928675
-0.7908414
-0.79319954
-0.79691696
-0.7936107
-0.793018
-0.79406893
-0.79322714
-0.7944194
-0.7951282
-0.8016061
-0.79617006
-0.79637337
-0.7975716
-0.7962793
-0.78829026
-0.7942026
-0.7973808
-0.7900331
-0.7896378
-0.7929883
-0.79963416
-0.7924279
-0.79764766
-0.7970294
-0.80071557
-0.7955482
-0.795981
-0.78914356
-0.79187757
-0.78770036
-0.79210067
-0.7912759
-0.7918947
-0.7966119
-0.7957743
-0.7906445
-0.79404134
-0.79778165
-0.79186875
-0.79150337
-0.7920547
-0.7912522
-0.7913887
-0.79345465
-0.7929999
-0.7979922
-0.7926538
-0.79693645
-0.79263014
-0.7989217
-0.7926948
-0.7914508
-0.7945035
-0.7971883
-0.8010465
-0.7969823
-0.7960008
-0.79891944
-0.7949571
-0.7939102
-0.7997379
-0.7959347
-0.79833865
-0.792258
-0.7911963
-0.7966412
-0.7976018
-0.7978872
-0.79456013
-0.79774696
-0.8009918
-0.79769367
-0.7944925
-0.7997554
-0.79879415
-0.7963575
-0.79266536
-0.79503685
-0.79839474
-0.7982011
-0.8005588
-0.7972518
-0.8013183
-0.7959677
-0.793509
-0.7887088
-0.7939923
-0.78957516
-0.7964722
-0.8001913
-0.79280484
-0.7989612
-0.7981069
-0.7897278
-0.79398286
-0.7858498
-0.79152495
-0.7921654
-0.7951599
-0.7980032
-0.8011456
-0.8052024
-0.797896
-0.7965249
-0.7970706
-0.79731333
-0.7956215
-0.79408723
-0.79263777
-0.7962951
-0.7920132
-0.79249114
-0.79664075
-0.7981864
-0.7968924
-0.79173815
-0.7907319
-0.792145
-0.7984895
-0.79407203
-0.79433435
-0.7954934
-0.79679877
-0.79522943
-0.79532987
-0.79484093
-0.78968626
-0.79500186
-0.7953777
-0.8005876
-0.7866571
-0.79207355
-0.7901927
-0.7908856
-0.78934914
-0.79219157
-0.7911116
-0.7960849
-0.7951478
-0.7936491
-0.7892543
-0.79187745
-0.7938841
-0.79439795
-0.7945426
-0.7927685
-0.7940051
-0.7982554
-0.7963342
-0.7908918
-0.7958265
-0.79919094
-0.7971699
-0.79992443
-0.79863054
-0.7961513
-0.79770774
-0.80159456
-0.7986321
-0.799822
-0.795698
-0.79992384
-0.7947582
-0.7924801
-0.80069125
-0.79701763
-0.80927193
-0.79562205
-0.79580057
-0.7953859
-0.7987965
-0.7981881
-0.79160076
-0.7940468
-0.79641056
-0.79733336
-0.79319966
-0.80203223
-0.795046
-0.7987433
-0.7983801
-0.79401904
-0.79903775
-0.7892291
-0.8003536
-0.7939101
-0.7953741
-0.79929066
-0.7946012
-0.7970227
-0.8043427
-0.79799634
-0.8020508
-0.7987546
-0.803681
-0.7999329
-0.7977688
-0.80063856
-0.7973948
-0.8024437
-0.8019993
-0.79411876
-0.79177916
-0.7990173
-0.7936151
-0.79403114
-0.80054754
-0.79798126
-0.79739416
-0.80604565
-0.79899985
-0.8001411
-0.7959554
-0.7910838
-0.7956014
-0.8044691
-0.801392
-0.8049815
-0.7970357
-0.80074316
-0.8005982
-0.80024683
-0.8001134
-0.7964217
-0.79652715
-0.7981609
-0.8005932
-0.8000577
-0.8004396
-0.79366314
-0.79612875
-0.794369
-0.7955423
-0.7953979
-0.79603994
-0.7973446
-0.79965585
-0.7844975
-0.796393
-0.80095613
-0.797261
-0.796381
-0.792478
-0.7914815
-0.79325193
-0.7929188
-0.79376096
-0.79228246
-0.79494417
-0.7911931
-0.78965086
-0.7884658
-0.7936201
-0.79489017
-0.7933479
-0.7931871
-0.7876882
-0.7958503
-0.79301345
-0.78786105
-0.7939884
-0.7902024
-0.7986846
-0.79796344
-0.7888582
-0.7924324
-0.78841996
-0.7882846
-0.7904666
-0.79058975
-0.78773314
-0.78760076
-0.79559827
-0.796146
-0.78905797
-0.7993198
-0.7983746
-0.79486257
-0.8019189
-0.8008037
-0.7944054
-0.7931707
-0.8031223
-0.7992639
-0.79759663
-0.7989091
-0.7997104
-0.7915892
-0.7913848
-0.7951035
-0.8006142
-0.79434323
-0.7893381
-0.79252946
-0.7939656
-0.7968565
-0.7927058
-0.7909048
-0.79116887
-0.7875952
-0.7955969
-0.7883151
-0.788546
-0.7922235
-0.79585516
-0.79602605
-0.8027284
-0.7962653
-0.79647225
-0.80194604
-0.7987762
-0.79593945
-0.79363805
-0.8033914
-0.80493635
-0.80185276
-0.8008874
-0.7950958
-0.79985154
-0.8045265
-0.79445225
-0.8009957
-0.79929477
-0.8045604
-0.80092
-0.7963618
-0.79574424
-0.80255187
-0.8002732
-0.7927272
-0.7994759
-0.8004106
-0.80764055
-0.79686195
-0.7940078
-0.7965425
-0.79925776
-0.80035603
-0.8003829
-0.79626334
-0.79814935
-0.8029263
-0.7968635
-0.8024306
-0.8075464
-0.7987439
-0.8005018
-0.7983889
-0.7987567
-0.80611354
-0.8036974
-0.80078244
-0.8003411
-0.80344045
-0.8041743
-0.7991723
-0.80236256
-0.8025599
-0.8005688
-0.7976916
-0.79884124
-0.8029818
-0.7985104
-0.79605323
-0.79475254
-0.80009246
-0.8029991
-0.804787
-0.8008049
-0.79393584
-0.7992532
-0.79980665
-0.7907988
-0.7941195
-0.7951091
-0.7982782
-0.7992865
-0.80070174
-0.8038344
-0.7972747
-0.79750764
-0.79697233
-0.7884354
-0.7917236
-0.7916458
-0.7941613
-0.79077613
-0.79361945
-0.7933502
-0.7919941
-0.79786295
-0.7986235
-0.7970086
-0.7990778
-0.7986343
-0.7904742
-0.79491204
-0.800003
-0.794548
-0.79429406
-0.7943738
-0.7912516
-0.79267806
-0.7950936
-0.8028559
-0.7914166
-0.796716
-0.7939198
-0.79707384
-0.7948581
-0.7964501
-0.79595095
-0.7912843
-0.80031896
-0.8032784
-0.8003903
-0.79551417
-0.7951139
-0.7934729
-0.79070663
-0.79229873
-0.7885201
-0.7884179
-0.7943128
-0.7935341
-0.7951131
-0.80341285
-0.7957595
-0.7947794
-0.79276353
-0.80068785
-0.795477
-0.79477465
-0.78982735
-0.7945927
-0.79567504
-0.79438764
-0.8011371
-0.7921824
-0.7951477
-0.790595
-0.79607785
-0.7921935
-0.79784197
-0.7962712
-0.8002962
-0.79430383
-0.8000712
-0.7960424
-0.7923251
-0.79378766
-0.79889077
-0.79704857
-0.8022158
-0.79799724
-0.79629254
-0.7899208
-0.7892511
-0.78588367
-0.7883228
-0.78930515
-0.78933436
-0.790058
-0.7888792
-0.79917806
-0.79688764
-0.79475576
-0.7960582
-0.7926045
-0.7949291
-0.79369384
-0.79672277
-0.79327554
-0.7988895
-0.7918128
-0.7936879
-0.80319464
-0.801519
-0.8002206
-0.8001271
-0.80123544
-0.7984199
-0.7993473
-0.80092037
-0.8016869
-0.80478823
-0.80122536
-0.80078757
-0.8082951
-0.80486465
-0.8041935
-0.79743326
-0.7994954
-0.8015339
-0.7911655
-0.79719394
-0.7946796
-0.7948891
-0.79737103
-0.79915684
-0.80043405
-0.7945583
-0.79920256
-0.7993862
-0.7974559
-0.7961706
-0.79838663
-0.799222
-0.8064265
-0.7985228
-0.7975029
-0.7949796
-0.79853976
-0.793409
-0.7969263
-0.80125254
-0.7962705
-0.7978383
-0.7950768
-0.7913234
-0.79530144
-0.7993081
-0.80087394
-0.806923
-0.80162656
-0.801485
-0.8040168
-0.8057353
-0.80343294
-0.8015486
-0.7982324
-0.79891026
-0.8013367
-0.79574734
-0.7964014
-0.7880853
-0.80497414
-0.8025481
-0.80700433
-0.7989145
-0.7924266
-0.7996441
-0.8027531
-0.7994729
-0.7960238
-0.7925046
-0.79107404
-0.7952515
-0.7941972
-0.7975873
-0.8020317
-0.7936162
-0.79346913
-0.80105144
-0.79568976
-0.79843193
-0.797262
-0.79811937
-0.79303366
-0.7835333
-0.78984725
-0.78795177
-0.7907976
-0.7988499
-0.7954679
-0.7960419
-0.79853517
-0.793004
-0.79576874
-0.7935867
-0.80138546
-0.7989475
-0.7998371
-0.7970719
-0.7976087
-0.80106175
-0.7974282
-0.7997268
-0.7994429
-0.8010204
-0.79703796
-0.79816025
-0.80071944
-0.80478966
-0.8005626
-0.8034484
-0.79877484
-0.80049306
-0.79403055
-0.7989674
-0.79648066
-0.8012452
-0.8008232
-0.798008
-0.79779613
-0.7969916
-0.79544294
-0.7949785
-0.7980777
-0.80317503
-0.7904237
-0.7892292
-0.7959863
-0.79280907
-0.7947156
-0.7944523
-0.79537094
-0.793401
-0.79669034
-0.79569966
-0.79227215
-0.7987404
-0.7950096
-0.80033433
-0.79720473
-0.7953103
-0.7958444
-0.79963595
-0.80355024
-0.7996755
-0.80389136
-0.8049129
-0.80679774
-0.8097175
-0.8021302
-0.8062517
-0.80556715
-0.79842925
-0.80272335
-0.8036525
-0.8015043
-0.79505056
-0.8024482
-0.7970974
-0.79964876
-0.7969536
-0.7924461
-0.79703116
-0.7956874
-0.7889887
-0.79491514
-0.7932154
-0.7978076
-0.799353
-0.7999258
-0.8013411
-0.80593854
-0.8049961
-0.80240464
-0.79912466
-0.79664886
-0.8002733
-0.7999999
-0.79179424
-0.7990654
-0.8013022
-0.8033255
-0.7970604
-0.807491
-0.7999936
-0.7989883
-0.7996777
-0.80313635
-0.8024997
-0.8002214
-0.80154705
-0.8042366
-0.80267256
-0.8012666
-0.7988616
-0.79835343
-0.79698926
-0.80214924
-0.7981752
-0.80326635
-0.79923505
-0.7996458
-0.7973647
-0.79911417
-0.80004495
-0.80224663
-0.8031596
-0.80463207
-0.8079167
-0.8021757
-0.8020989
-0.80179936
-0.8029805
-0.7994046
-0.80818987
-0.8026521
-0.79456055
-0.79698783
-0.79900247
-0.80198926
-0.7986036
-0.7978088
-0.79900545
-0.8021582
-0.803549
-0.7989294
-0.8004204
-0.80092216
-0.80369145
-0.80038244
-0.7986262
-0.8022414
-0.80043286
-0.80001074
-0.8002405
-0.796114
-0.7900337
-0.7960956
-0.7937053
-0.79369926
-0.79600316
-0.7966821
-0.79802877
-0.7980341
-0.799234
-0.8005375
-0.79708844
-0.7984243
-0.800538
-0.79635704
-0.79696363
-0.78921825
-0.80109465
-0.80038244
-0.7973106
-0.79808086
-0.7981098
-0.79894054
-0.7980718
-0.7973466
-0.7933783
-0.79656345
-0.79344666
-0.79207027
-0.7980663
-0.79358935
-0.796366
-0.7962101
-0.78725964
-0.79478353
-0.79624987
-0.7979534
-0.79963666
-0.79437923
-0.79962945
-0.79128796
-0.8008711
-0.7855287
-0.78956896
-0.78637505
-0.79014534
-0.79298574
-0.7892315
-0.7913653
-0.79891586
-0.79874206
-0.79908013
-0.80828553
-0.80194163
-0.7978327
-0.7964429
-0.7996579
-0.7984392
-0.7987613
-0.8074488
-0.8033008
-0.80191535
-0.803569
-0.7986438
-0.7979178
-0.80054855
-0.7990171
-0.80347836
-0.8040136
-0.7947456
-0.79778844
-0.79401034
-0.78925204
-0.79140186
-0.7973429
-0.7900109
-0.7945213
-0.8000276
-0.8003797
-0.7997793
-0.79047287
-0.79364145
-0.8027363
-0.7974823
-0.7992175
-0.7977405
-0.79923844
-0.7971048
-0.79622334
-0.8006705
-0.7977744
-0.7962245
-0.80074245
-0.79948294
-0.79872996
-0.7947866
-0.795249
-0.79538316
-0.79848456
-0.7956568
-0.7982561
-0.800729
-0.79480284
-0.7931027
-0.7882535
-0.7911777
-0.7863264
-0.79034793
-0.7893021
-0.794114
-0.80181456
-0.79126585
-0.79241216
-0.7965548
-0.7889786
-0.7795166
-0.7822883
-0.7855008
-0.78434056
-0.7919022
-0.7893764
-0.7989247
-0.797299
-0.7981283
-0.7959268
-0.79525757
-0.79234475
-0.79646295
-0.80228615
-0.803493
-0.7925031
-0.8049756
-0.7997462
-0.80685246
-0.79902565
-0.7966041
-0.79397994
-0.7937532
-0.79521674
-0.799085
-0.7974482
-0.7999438
-0.7972604
-0.79985785
-0.79144436
-0.7998658
-0.79546
-0.80152243
-0.7996965
-0.8016071
-0.8024619
-0.80064505
-0.80503
-0.80435663
-0.80745655
-0.7975304
-0.80459404
-0.8002377
-0.80052733
-0.80182815
-0.8066938
-0.8067809
-0.8047592
-0.79868793
-0.8030605
-0.80342484
-0.8062496
-0.80234826
-0.801539
-0.8059463
-0.80373055
-0.8064829
-0.803357
-0.8048016
-0.8068434
-0.8026337
-0.79925555
-0.7992099
-0.80360687
-0.80210716
-0.80300945
-0.79968315
-0.7988953
-0.8017575
-0.7990653
-0.79523516
-0.8024687
-0.8046308
-0.80310285
-0.806451
-0.8019156
-0.8070887
-0.80415094
-0.79996276
-0.80169755
-0.80431527
-0.79831284
-0.8015106
-0.7998671
-0.7954294
-0.7995188
-0.80111283
-0.7999876
-0.79885894
-0.7963572
-0.7973096
-0.7980681
-0.8017512
-0.798536
-0.7953621
-0.79835004
-0.796108
-0.79878443
-0.7990852
-0.793869
-0.80149406
-0.8065984
-0.8039091
-0.80147505
-0.806731
-0.80042833
-0.8033138
-0.7942725
-0.79343665
-0.7975636
-0.79882246
-0.8021366
-0.80412984
-0.7925813
-0.7962166
-0.79338634
-0.79442483
-0.7994906
-0.7989859
-0.7962929
-0.799278
-0.80067223
-0.8052607
-0.79881024
-0.80077875
-0.7982831
-0.80476683
-0.8005517
-0.8038901
-0.8016995
-0.79334533
-0.804963
-0.8027638
-0.80342764
-0.79834944
-0.8001185
-0.8015128
-0.807578
-0.8010213
-0.7961627
-0.80041814
-0.79841644
-0.80088884
-0.7968075
-0.80062795
-0.79947495
-0.799658
-0.8069241
-0.801603
-0.7998642
-0.79446244
-0.7979372
-0.7931417
-0.7957932
-0.7990389
-0.8004434
-0.8001346
-0.7967993
-0.7995168
-0.79957795
-0.7968543
-0.80297863
-0.80120283
-0.79510885
-0.79505074
-0.79756916
-0.7956293
-0.79838055
-0.7959685
-0.79349536
-0.7934377
-0.795511
-0.7992125
-0.79604733
-0.79222053
-0.80165404
-0.8043185
-0.7992525
-0.8005562
-0.79550445
-0.7939629
-0.79896367
-0.7950291
-0.7938158
-0.79709005
-0.7974684
-0.8001889
-0.7938426
-0.8000733
-0.79705477
-0.8023939
-0.79739267
-0.7999787
-0.80573636
-0.79965806
-0.8009786
-0.79897106
-0.7974021
-0.8022786
-0.8019951
-0.8030798
-0.7952117
-0.80727124
-0.8034384
-0.8057311
-0.80061823
-0.7963143
-0.79547524
-0.8003832
-0.79589844
-0.8016448
-0.7997463
-0.80015135
-0.7977308
-0.7979053
-0.7958083
-0.7973951
-0.7958136
-0.7934216
-0.7882592
-0.79159313
-0.7968693
-0.79609627
-0.80136114
-0.794536
-0.79704845
-0.8009952
-0.79946876
-0.7931278
-0.8022367
-0.7942176
-0.80155927
-0.7972611
-0.7981113
-0.7959484
-0.7973856
-0.801415
-0.8012668
-0.8003102
-0.80476826
-0.80105335
-0.80208653
-0.8021938
-0.8064127
-0.79995465
-0.798041
-0.79943335
-0.7973847
-0.7997165
-0.79775864
-0.79790115
-0.79641634
-0.79249895
-0.8055987
-0.79861
-0.7973939
-0.79539424
-0.7924376
-0.7945202
-0.79164016
-0.79561037
-0.7959073
-0.7946895
-0.79546934
-0.79073685
-0.7946733
-0.79832965
-0.79855895
-0.80058414
-0.7920033
-0.7953402
-0.79102504
-0.7932644
-0.7935995
-0.79264915
-0.8002802
-0.7842653
-0.79100585
-0.7921119
-0.7890155
-0.78204006
-0.7877804
-0.7963293
-0.80333
-0.7935957
-0.7927646
-0.7881801
-0.78643
-0.78646845
-0.7764178
-0.78481096
-0.7709629
-0.7763627
-0.77260315
-0.7726764
-0.77325827
-0.7721439
-0.77399516
-0.7728622
-0.77105033
-0.77939034
-0.7849879
-0.7844157
-0.78273606
-0.78940415
-0.7852722
-0.79007685
-0.79446477
-0.78796107
-0.7898171
-0.7851567
-0.7823099
-0.78246456
-0.78331923
-0.7763004
-0.7809831
-0.7945618
-0.7935013
-0.7991735
-0.79712975
-0.79517716
-0.79013586
-0.7969014
-0.79868466
-0.7920873
-0.7964136
-0.79912347
-0.8020608
-0.79639614
-0.7969833
-0.79494494
-0.8021258
-0.80304307
-0.8010949
-0.80166274
-0.7960613
-0.7938818
-0.79699033
-0.7989607
-0.79479456
-0.80079746
-0.8010498
-0.79622567
-0.8049804
-0.7997585
-0.80533916
-0.8020157
-0.8051464
-0.79757035
-0.795991
-0.7940564
-0.7993155
-0.8045511
-0.79962164
-0.79469573
-0.7995099
-0.79948205
-0.80394846
-0.80351645
-0.80007285
-0.79547334
-0.80410075
-0.8026664
-0.80438524
-0.8039209
-0.8069453
-0.8035059
-0.80548924
-0.80223894
-0.8059127
-0.8063393
-0.806208
-0.7997314
-0.8082911
-0.80145764
-0.8054169
-0.804164
-0.80055964
-0.80544955
-0.80313104
-0.803124
-0.7987861
-0.80214524
-0.8008615
-0.80196404
-0.80248713
-0.80135375
-0.8044605
-0.80310947
-0.80361974
-0.7965336
-0.80403036
-0.8043152
-0.8060044
-0.8007547
-0.8065377
-0.80842066
-0.80485934
-0.80216587
-0.80121183
-0.8018418
-0.80274737
-0.8073127
-0.8032301
-0.80712
-0.8067465
-0.8075253
-0.80577546
-0.7982369
-0.7979124
-0.79548293
-0.79019666
-0.78862166
-0.7862774
-0.7885131
-0.79913926
-0.7874935
-0.79917055
-0.80088615
-0.7994619
-0.8024742
-0.7913932
-0.79891354
-0.792727
-0.79693127
-0.7913749
-0.7905423
-0.8008602
-0.7980601
-0.7856233
-0.7960164
-0.7846838
-0.7804155
-0.7827247
-0.77564585
-0.7850114
-0.7845647
-0.79116577
-0.78554714
-0.7900673
-0.7887089
-0.8022292
-0.79847133
-0.7943556
-0.789218
-0.79397064
-0.7924117
-0.78863657
-0.78843313
-0.79579586
-0.79829186
-0.7934322
-0.7908187
-0.79054374
-0.786201
-0.7950369
-0.80153996
-0.79817134
-0.80059785
-0.7948193
-0.7934487
-0.7887206
-0.7899115
-0.7941925
-0.78885
-0.7988069
-0.7988769
-0.7981046
-0.80008465
-0.79897964
-0.79299736
-0.79847366
-0.786707
-0.79074204
-0.79323626
-0.79347694
-0.7925368
-0.7903778
-0.79045343
-0.79839563
-0.79727024
-0.79817945
-0.79738253
-0.7995901
-0.79986066
-0.8083219
-0.8058644
-0.8016624
-0.7999955
-0.8036377
-0.7946403
-0.79734504
-0.797366
-0.80165863
-0.79885995
-0.8042795
-0.79886925
-0.7985222
-0.79572326
-0.7908641
-0.7992297
-0.80242926
-0.79842544
-0.79525965
-0.80176103
-0.80143327
-0.79864043
-0.80244243
-0.8069662
-0.7992555
-0.8084883
-0.80458987
-0.80320674
-0.80167127
-0.8016494
-0.7999399
-0.80051273
-0.8018482
-0.80282396
-0.7996839
-0.8032082
-0.8024039
-0.80202466
-0.8039883
-0.8018278
-0.8021225
-0.7960547
-0.7986833
-0.80041224
-0.80095077
-0.79538345
-0.8006413
-0.79417896
-0.80108225
-0.7965492
-0.7939612
-0.7986137
-0.79889065
-0.8019607
-0.79952633
-0.79727495
-0.8029875
-0.79908746
-0.80442214
-0.80195796
-0.8037088
-0.8038822
-0.80117434
-0.79745275
-0.79711056
-0.7998579
-0.79718095
-0.7983258
-0.79897636
-0.8054449
-0.8014097
-0.8029412
-0.79983807
-0.7991843
-0.8027718
-0.806452
-0.80300915
-0.8021081
-0.80316174
-0.80308604
-0.8025771
-0.8054423
-0.8070044
-0.8088204
-0.8028754
-0.806255
-0.8030974
-0.80220914
-0.79704565
-0.7905365
-0.7984591
-0.796354
-0.80277956
-0.8004969
-0.79918486
-0.8002863
-0.80683887
-0.7940688
-0.80454147
-0.8046635
-0.80788213
-0.80529153
-0.80232406
-0.8078473
-0.80700654
-0.80260515
-0.8072193
-0.8062434
-0.8073861
-0.80147463
-0.7997442
-0.7980273
-0.8001768
-0.80224544
-0.7999236
-0.79471034
-0.8067256
-0.80148494
-0.80666214
-0.80340755
-0.80436134
-0.8014976
-0.8022376
-0.8016835
-0.80147153
-0.8030963
-0.8018053
-0.8051887
-0.7980569
-0.80417526
-0.8002288
-0.80773485
-0.8052644
-0.80422807
-0.80148757
-0.8019432
-0.80862516
-0.8007381
-0.8032271
-0.8015792
-0.79958093
-0.8071552
-0.8073143
-0.807463
-0.80540156
-0.80200684
-0.8052957
-0.8042563
-0.80785
-0.8070178
-0.79685396
-0.8077491
-0.805768
-0.80359846
-0.80577266
-0.79875445
-0.80389416
-0.80071616
-0.7993409
-0.80452025
-0.80235124
-0.80393064
-0.8026746
-0.8034289
-0.80324674
-0.7986655
-0.8025042
-0.8028562
-0.8055325
-0.80032426
-0.8077775
-0.80439615
-0.8064179
-0.8039697
-0.7995641
-0.80394256
-0.8006304
-0.80606085
-0.80384594
-0.7979197
-0.80408716
-0.80760384
-0.80221194
-0.8070778
-0.8082327
-0.8016107
-0.802807
-0.8086713
-0.80576974
-0.80616844
-0.80255747
-0.8093792
-0.7998562
-0.8033071
-0.80548674
-0.80451936
-0.79661226
-0.7938365
-0.7981707
-0.7957041
-0.8002842
-0.79981655
-0.79934627
-0.8059234
-0.80414224
-0.80281967
-0.792097
-0.79816216
-0.7972526
-0.7964421
-0.79652363
-0.78674346
-0.7902623
-0.7927147
-0.7872484
-0.7897826
-0.79424864
-0.79139763
-0.7979685
-0.7918423
-0.797065
-0.79766953
-0.802169
-0.8052827
-0.8010437
-0.8017236
-0.80173236
-0.79823256
-0.7993926
-0.795508
-0.7997774
-0.8025605
-0.8042546
-0.80198526
-0.8038359
-0.7952478
-0.8019182
-0.8038636
-0.8020707
-0.8007098
-0.80040777
-0.7954891
-0.8010649
-0.7979417
-0.8029768
-0.7970298
-0.8021392
-0.79884815
-0.8023647
-0.8035416
-0.8031889
-0.8028283
-0.7973045
-0.80207324
-0.80657446
-0.7993367
-0.8051019
-0.7964476
-0.798759
-0.80093956
-0.8017101
-0.799863
-0.79961586
-0.80351734
-0.8074486
-0.8091651
-0.80388
-0.80715394
-0.8084146
-0.8058318
-0.8015248
-0.80002344
-0.8045811
-0.8014381
-0.809617
-0.803757
-0.8075551
-0.8013483
-0.79972476
-0.80689657
-0.80357546
-0.7975239
-0.80074567
-0.8029984
-0.80752695
-0.80240136
-0.8008215
-0.798264
-0.79659903
-0.80142224
-0.802266
-0.79691887
-0.79981756
-0.8066177
-0.79759514
-0.79366124
-0.80268574
-0.80433446
-0.80629927
-0.80643296
-0.80457824
-0.7994773
-0.80731934
-0.8060582
-0.80610025
-0.80561334
-0.80463266
-0.80842865
-0.8028475
-0.8045108
-0.8060001
-0.8058625
-0.8024581
-0.802158
-0.8019537
-0.8108142
-0.8051233
-0.7937937
-0.80323607
-0.7944479
-0.80399126
-0.81050247
-0.8038666
-0.805609
-0.805041
-0.80545455
-0.8041372
-0.80346084
-0.80367273
-0.80286163
-0.80529475
-0.8024113
-0.8064379
-0.80662274
-0.80738354
-0.80225545
-0.80498576
-0.80455315
-0.8031837
-0.8034464
-0.8068979
-0.80654955
-0.8051149
-0.80806315
-0.8074892
-0.8034469
-0.80550665
-0.8019814
-0.81165725
-0.7986378
-0.80004287
-0.80409694
-0.8073642
-0.8075673
-0.8050076
-0.8067205
-0.8025652
-0.8034238
-0.8057024
-0.8079593
-0.8011085
-0.8049158
-0.80389255
-0.80371803
-0.8045143
-0.80304587
-0.80818033
-0.8010306
-0.8068213
-0.80724007
-0.8078992
-0.8031022
-0.80608296
-0.8037194
-0.804223
-0.80625206
-0.80256313
-0.80741656
-0.8040676
-0.80006605
-0.7957782
-0.8014744
-0.8091391
-0.80293566
-0.8050947
-0.7987928
-0.7934487
-0.80498946
-0.8098584
-0.80058444
-0.80268246
-0.8002763
-0.80826914
-0.80405384
-0.8045536
-0.80284303
-0.8014266
