0.33821657752764206
0.12995036634990462
0.09350322536937296
0.05102067675079611
0.3127929335096383
0.11723851335069828
0.2946410880696232
0.19037071410851006
0.1807067433255671
0.1632560372739797
0.3216470025430518
0.24627275574360652
0.5602225584219247
0.26255876227727887
0.16081323204223913
0.45492052691656776
0.3707691181363763
0.30895088358904127
0.4237297298125698
0.14166066758794787
0.44735348637617056
0.36065481957143714
0.4189880264257168
0.3733473081260803
0.6956159148519754
0.14563192138495393
0.4807525559298433
0.3137215419499086
0.3166223195099915
0.5428796883173364
0.1169686379087166
0.48771800114618047
0.29692598866872943
0.14686691222343679
0.7781653641344861
0.08105090402320053
0.43807802978965965
0.31401451933307095
0.36267317135202914
0.5526214623187251
0.2228444606623621
0.5317933461649884
0.3683463854496535
0.2520197747729465
0.7735470209966785
0.14203527221539203
0.23914911949404302
0.4351445800595231
0.3871217220187769
0.2566011081119361
0.2951161709272828
0.5784330938696542
0.4112230129613119
0.36823551324492615
0.5549582463752774
0.2389431045712585
0.6547241100417867
0.3736729777301671
0.7238550494809965
0.18284140637782748
0.6788337361354376
0.5806554975295555
0.3987521720860649
0.3313160089692537
0.35782675188408697
0.20795511364414185
Mean: 0.35363390063368655
