9.129905673335825
8.457480866634047
9.420556588961054
9.65468892309999
9.102594540913103
7.701738007390494
7.20112655282275
8.028769059794886
9.384768893992812
7.089114724917963
6.2268946328651475
5.388663204178269
5.590660306203425
5.274393857712845
5.009394773948084
5.088529022164018
4.714218552464191
4.618783992395631
5.288964500251482
6.35961236905812
8.282832202461881
10.983767272381652
14.610439647907354
7.266837189880565
5.212274144003406
3.707606238523855
3.165256881324688
3.136935045377842
3.307654686257611
2.8310662825211685
2.5994668161620744
2.3756842355140173
2.7049700877321166
3.169051470589999
3.8457376190291828
4.772993789696922
6.0635780298747335
8.333628204200428
11.553835955021096
15.373959240602469
7.605486181765036
4.2151696642276715
2.5869753565825144
1.879373284561357
1.1802944048936772
1.4755491539769194
1.7969997432841576
1.2066482776889658
1.2143558946521387
1.312598308190141
1.9029412741415825
2.427512666921428
3.082918933981257
4.024661433082359
5.156775824748085
6.825153447822691
9.364684606860582
12.162391826386623
15.090409844321892
8.908386438706989
5.238699057368692
2.397344303775446
1.3841353576654036
0.5103921473188209
0.5495296066036417
0.5840354849429151
0.22313890619712912
0.20050139078667142
0.261368459744428
0.6542494778735756
1.5709993679480672
2.316789004132896
3.2177141842900148
3.755597378670972
4.757683837825776
6.025611061490073
7.956115150327066
9.570296085341216
11.376012668338142
13.745323999560028
12.763198868685286
7.3017690296104885
3.2926013155022362
1.3156882690385063
0.8334537585243385
0.3512914494076976
0.263865174340059
0.3659536993742825
0.5047131992180047
1.4946049782637891
1.5794314953717965
1.2971567486139948
1.681963768791782
2.188395192225749
2.8404097266872563
3.901640987187844
4.577082698394294
5.6245286279465105
6.376745494867053
7.294174000658969
8.407165506626297
10.666341007251106
14.061533501807347
11.448149379040895
5.583242184789439
1.4240944735167265
1.284777299876998
1.1654789914512642
1.1072147775602599
0.7494290293784583
0.2671931133425293
0.6048303869620781
1.8524802080774732
2.2698459185767925
1.987185678593772
2.1776010543364195
2.4683987914515906
2.314008815400576
3.3096753121334532
4.505440144277604
4.71517071862928
4.921887302013282
5.607741171710605
7.2605064376256845
9.124254727060723
12.199995352283652
17.521232612470296
17.43376242139183
10.72265206210888
4.216836741736679
1.3108581815887608
1.196126678965383
1.9157235025497397
1.7480121643618463
1.3911593112374618
0.8234287006152393
0.7783681581546327
1.4578015398219748
2.3323334310485118
2.4624177001033223
2.671889014038251
2.4900000162811775
2.5567246292429218
3.2307924618957404
3.429244086088027
3.890825270915571
4.4528205674158015
5.054490100315228
6.310606325910331
7.884418670243445
10.335675824112469
14.48081069291814
16.79338945028411
10.010011834434133
3.2677344149245404
1.3781079038603548
1.4119082567681642
1.7266824314161282
2.1503149237155674
1.9703674719657125
1.5252235640983547
1.1638904934698706
1.1415112750192682
1.7830331026759927
2.5068574450156205
2.690619846015063
2.5055844756252807
2.8738449121394587
2.7602499073418096
2.453728295377336
3.062073861456232
3.667403731524501
4.866155086749494
5.562971741609582
6.7308449442697125
9.353370321118517
12.571563644260237
17.302729161399903
23.018724159275976
15.76140091619451
9.031407680362358
3.846482738284899
2.60419085948016
2.1426158838220193
1.4719648037671613
1.7717951607295663
1.9802944161328637
1.7456446626374336
1.920033150848769
1.9031021879567693
1.873927666976457
2.3164292057430704
2.936933739459784
2.9945866499593454
2.9994176382920275
2.5872747296605434
2.7074655263944445
3.4216125307070837
4.061852410880934
4.72180645985834
5.398424914433429
6.750580405810017
9.366418261728057
12.251334559497312
16.200560476914838
21.522602387593565
14.175644211623538
7.102098964165361
4.32525778843501
3.249356305991936
1.921963201114552
1.4038391489224096
1.335135473632193
1.7579823558063787
2.109259043133541
2.286954751809739
2.522291612815828
2.5339278692893865
2.5396397367526826
2.7928380865435876
3.24850409896056
3.0801848618840726
3.3497638211032235
3.581162062535972
3.8650145100381965
4.330677464079607
4.780791959715424
5.363408939766144
7.0567978359620875
9.34685116345104
12.08530412590783
15.446034834841475
19.7927386263464
12.380676165496492
6.714394769786668
4.648679241036595
3.299657259395417
2.0385231703174744
1.1257417419811169
0.817188735883449
1.1603815839574887
2.1942146535259717
2.6696315177206977
2.4538624840040657
2.264697403326272
2.6813018627281053
2.559204243527531
2.8462425431019276
3.2906825460956153
3.806222647864376
3.9609427778642936
4.006693181829447
4.38723655352308
4.843824906883133
6.025405601497908
7.828333630072952
9.884118330019682
12.362827027906041
15.34165338860905
17.18806620412014
10.525562332820117
6.247437426513903
4.41465475681897
3.201098432612406
2.1599129012692355
1.1842309411971224
0.12367331278282384
0.9663881787304002
1.7332467773528908
2.626680756882438
2.334101066764535
2.0623611822726606
2.8668274301281635
3.1873446284536118
3.1762728911446643
2.8318827798764925
2.7914854506688505
2.9516372818177983
3.5006127863862577
4.436500309602159
5.183393267791974
6.89741148952429
8.73914817749464
10.689963249352575
12.725922928889137
15.752478611605712
15.280921310223091
9.672273427765788
5.943857764785152
4.242967992468711
3.192811131097205
2.2149919505413096
1.110126536096265
0.10623565854838636
0.6038309457412954
1.8583375324040525
1.9962045656582417
2.5475173188888123
2.128456212454601
2.984770949285634
3.5258102683855834
3.600651100076716
3.097946031400121
2.3376114009692457
1.929959317107308
2.5667877043377096
3.3021854754810485
5.443602797769329
7.588816901498015
9.791910058741019
11.775851174293967
13.757475930278597
16.689649666789705
13.6336288869993
9.0230893363861
5.530152640762988
3.876226317366687
2.7108852209888936
1.8167644231300988
1.2636480834151111
0.916917871633907
1.2016965294828776
1.9838361922763783
2.9483138222591476
2.7708531214869914
2.561706253218159
3.300616795202763
3.2606512379560755
3.657938338134541
3.2519865271557387
2.381990269050114
1.926504198622624
1.796621139314046
2.86833639060793
5.028547640144623
7.477170282150838
9.92118939304491
12.21435596859077
14.607214918238688
17.856782717773562
11.291846891139512
7.1054093130766836
4.5246794390966105
2.6817289194746516
2.0849055060635857
1.9791555293527907
1.9848501806558447
1.6801259526236085
1.7725905206546888
2.506904644538341
2.916550132336754
3.026597854374526
3.2754178110853474
3.0370258795818166
3.1185513205444777
3.059762602215259
3.030947688037055
2.569773930587712
2.190611340251524
2.247912679077802
2.922348293567179
4.642518724871579
7.259327789557606
9.911717403975187
12.447841694271892
15.058968718190304
18.288667590800934
9.501218363226652
5.953587584256187
3.8406212954066468
2.3092765233619708
2.1915363700304242
2.348982331868169
2.564287684636207
2.29899231964361
2.8086376071710686
3.324146602228657
3.537799851354753
3.5109365531503594
3.4878572965152332
3.1923958368405625
3.00650443483775
2.7572180140149745
2.500895897586002
2.6519504525693556
2.737708180275612
3.1513650242836335
3.8008434338700097
5.035174972182031
7.0414446578837175
9.691282227376664
12.39936075141096
15.71114846746075
18.904044985141766
8.469319442655632
5.349347220962457
3.827657214027247
2.5175532691477756
2.0653879900717658
2.5920754654466616
2.6358035718431556
2.8360508316732718
3.237376438742672
3.6130124387197857
3.9643443805372756
3.8995829778315962
3.5514451977523342
3.049703327808797
3.2205383883496577
2.814172818302246
2.3366557636880176
2.627644321257294
3.6638856388253163
4.251956905532944
4.738541390537985
6.016678840190109
7.504950448815978
9.593261264450792
12.6520114698105
16.004910412474903
19.823905642726817
5.3063426970649035
3.8186628489054497
2.9186390021586406
2.8266406168936595
2.054034398029553
2.3286824724190343
3.023013013283145
3.408441419582283
3.7296417644415114
4.039730183173471
3.942355747536102
3.845357994289548
2.9876977362779997
2.963405358714676
3.4087069779924235
2.654567075919989
3.0504095933498117
4.239780121481314
5.328966523325265
6.376959484539201
7.23268788595626
8.97400747780336
10.843776579240433
13.455909309986435
16.466848937362247
21.739383932491446
5.932623420322843
4.081940605408295
3.6489720556653626
3.524741111777108
3.214854537402025
2.3381611828621516
2.1013855335861003
3.2154979147498586
3.9243675638167765
3.951359176401092
3.8469465749751026
4.34778680706474
3.1899335512034837
2.983581750823343
2.9878498995175957
3.569991087319692
4.018495524711379
4.937059338549261
6.236936825740813
7.782709939964336
9.200050327112825
10.431651389822262
12.506935150410646
15.141721927736658
18.77874583497001
4.792512345360548
4.190846237274415
4.334822457443735
4.253923483931004
3.152169390775516
2.657152957107434
2.5804094675365166
3.642295400324051
3.716560745776064
4.037277360628531
4.755077652341906
3.686003472936227
3.036499952798889
3.104368506388948
4.217417447298252
5.236483652299218
6.219209314478626
7.771507609604114
9.331911879623949
10.87050524292222
12.40565612050788
14.415909824610743
17.49384294136044
23.38729503227845
6.152224295562084
4.795827585818598
4.737943228344248
4.584964664994547
3.9957643402452567
3.76667071738028
3.655608334606417
3.2557600377410663
3.6692155606285137
4.39138254152792
5.143063398415362
4.377312037774524
3.1937991103890435
3.7826490394496206
4.991844611282183
6.411712309891759
7.911407286207158
9.438014030779604
10.931170909923452
12.631875992038502
14.620806086831431
16.96239129615798
21.721384956552082
5.863512325644626
4.723574751684524
4.550976078350992
4.860010210614874
4.859146731995042
4.694492891155245
4.22606202244625
4.21534685766168
4.846682787839045
5.813908397936261
5.4802764023434625
3.9426510463826427
4.79787045814622
6.212292842032387
7.486834038319925
9.502480436408856
10.955288999467681
12.689867558400044
14.48944259901805
17.008510870669138
21.482944298677175
5.3026064266452355
4.6810426729732315
5.674819461247814
5.872460737731527
5.878466987285039
5.833603026933949
5.975538256232013
5.805998250640839
5.985748170139037
7.220166038911049
6.681795332712462
6.8128725669263765
7.7846297923469026
8.853368211156774
10.61019148954142
12.669277758007457
14.220039110839448
16.828063870820362
21.200173886612795
7.107375461616678
6.379344632522835
7.056824826229449
7.1756727976212575
7.639745075439246
7.737647637587842
7.5301297716009366
7.489211014717748
8.469039414201928
9.652758851273617
9.680317318365441
10.173283375741216
11.095385681287858
12.178605906072466
14.014701631452436
16.41804202384048
20.476951140388802
9.551077429273597
8.958277946282978
9.364423735695363
9.496973620038068
9.64516947067935
10.124723628784349
11.628542523889353
12.727223004338045
12.665372924899575
12.98431404195913
13.516761575840926
14.654713573111563
16.405007301778177
12.259075342095892
11.805058099979675
12.092306192581114
13.140211016308335
14.980526541389692
17.249914241689947
16.21763171903433
15.980914480401298
16.6245682553916
