575.9539551104671
531.2898361787144
509.69756841325835
416.70104081680734
365.0911106838014
340.84390419765805
348.36423319320687
375.7994954232322
504.75389897132044
349.14464953732136
245.9631681823221
156.76329149583322
191.1100642697359
257.42249079085695
369.25528038073924
540.1416281056452
635.4841159532893
403.29013077757475
263.69897661172735
151.79252123818108
42.11927412651475
80.62330535185995
172.35928735189367
344.84539711966386
513.8825818876115
527.9935894911389
286.51096444054116
194.21912187289234
99.10368817586253
15.818431674090544
3.9540607157160332
54.93619308371675
262.57268613003737
443.22012878174246
496.63478393905876
323.2918341554245
244.30613698725676
134.25914215519902
31.792817804161004
0.8591478416398546
26.812665307835186
220.32051325879624
379.4027358465126
385.32792801757347
325.80310248024176
238.25298540366347
89.3556183880139
23.796785871783136
70.41645366785204
111.06879799319218
221.98321849058726
284.9413889398444
423.0362390768271
331.37411162278903
148.7247275026027
164.11918557808664
275.00098020043265
340.8253559524945
361.73624192175225
448.96997941350395
440.10810505675244
239.48081247354355
253.2751649913541
397.4093920657981
518.2230038650551
563.0458178844707
Mean: 289.2223521922587
