-0.58822465
-0.6545253
-0.6759372
-0.6973499
-0.71935767
-0.71148336
-0.72848576
-0.733281
-0.7381782
-0.74433064
-0.76017517
-0.7562669
-0.76523817
-0.76908815
-0.77863264
-0.78564745
-0.7859128
-0.7916801
-0.795401
-0.7924603
-0.79912525
-0.8012193
-0.813315
-0.80732757
-0.81495667
-0.8162098
-0.8240466
-0.82114357
-0.81820476
-0.83008903
-0.8270158
-0.83493596
-0.82949823
-0.835933
-0.8413279
-0.84279776
-0.84494686
-0.83828217
-0.8454291
-0.8477428
-0.8441615
-0.84854037
-0.8543824
-0.84401274
-0.8510973
-0.8533616
-0.8533637
-0.85420144
-0.860749
-0.8627239
-0.8583553
-0.8574929
-0.8635499
-0.862526
-0.86651045
-0.8597095
-0.8644471
-0.8688445
-0.86380327
-0.8660388
-0.8663347
-0.8712909
-0.8699393
-0.86663306
-0.8691628
-0.87689376
-0.87241685
-0.86932963
-0.877729
-0.8764356
-0.87744594
-0.878812
-0.8796689
-0.8793755
-0.8800261
-0.8833526
-0.88067263
-0.8814807
-0.8823613
-0.8850256
-0.8838333
-0.8842497
-0.87985086
-0.88858914
-0.8839398
-0.89065087
-0.8880404
-0.8872444
-0.8900267
-0.8879694
-0.89290786
-0.88946426
-0.8860051
-0.8890804
-0.8918628
-0.89198816
-0.890478
-0.8908153
-0.8933441
-0.8952891
-0.89818573
-0.8932685
-0.8951678
-0.89233834
-0.8938522
-0.89558023
-0.89939076
-0.8951383
-0.89913523
-0.88827705
-0.8917692
-0.8913437
-0.8959651
-0.8934419
-0.89631873
-0.8959199
-0.89332515
-0.89810646
-0.8988371
-0.9010457
-0.8978
-0.90028274
-0.9032837
-0.90048975
-0.90120006
-0.9022319
-0.9028848
-0.90377617
-0.90078217
-0.90370494
-0.90310776
-0.90549785
-0.9030164
-0.90441763
-0.9051185
-0.9054143
-0.90616405
-0.9050326
-0.9041127
-0.9037888
-0.90732056
-0.90233433
-0.9085188
-0.90724
-0.9105532
-0.90917987
-0.9089075
-0.9081323
-0.91128767
-0.90882605
-0.9058502
-0.908685
-0.9106456
-0.9107382
-0.9087493
-0.9079573
-0.9079273
-0.90841746
-0.90858114
-0.9113112
-0.91277516
-0.9093765
-0.9141158
-0.9105245
-0.91012543
-0.9150983
-0.91020983
-0.9094818
-0.9092644
-0.90855235
-0.91009015
-0.91193855
-0.9115241
-0.9104593
-0.9147589
-0.91181123
-0.91436446
-0.91710407
-0.91648024
-0.9112708
-0.917196
-0.9168817
-0.9142783
-0.91174203
-0.91205794
-0.9162971
-0.9150595
-0.91514516
-0.9152196
-0.9178868
-0.91426
-0.91746426
-0.9179199
-0.9155939
-0.91696066
-0.91749406
-0.9184243
-0.9177261
-0.91686285
-0.91782606
-0.91410995
-0.9167253
-0.91644937
-0.9200352
-0.9146744
-0.9179902
-0.91812795
-0.91562605
-0.91594183
-0.91891855
-0.9189668
-0.9207836
-0.91842973
-0.91785085
-0.9179839
-0.9187799
-0.91558343
-0.9199764
-0.9170614
-0.91943127
-0.92050165
-0.9156381
-0.91854775
-0.9212003
-0.9198449
-0.92010266
-0.9165395
-0.9201245
-0.9196805
-0.9230392
-0.9170931
-0.92328316
-0.9196633
-0.92144036
-0.91979146
-0.9184623
-0.91810626
-0.9154122
-0.9178753
-0.91718423
-0.91837645
-0.9226985
-0.91883147
-0.9202049
-0.92169726
-0.9213875
-0.9230534
-0.9231774
-0.92136014
-0.9242263
-0.9212633
-0.92246586
-0.92496884
-0.92383474
-0.92611176
-0.91930115
-0.9235088
-0.9204405
-0.92546046
-0.923717
-0.92476606
-0.9227045
-0.9241108
-0.9239994
-0.92387766
-0.9215998
-0.9257294
-0.9241023
-0.92030114
-0.92283857
-0.92337924
-0.92660546
-0.92543393
-0.9208272
-0.9257402
-0.92559624
-0.92265826
-0.92096406
-0.9243588
-0.9239379
-0.92290664
-0.922727
-0.92421836
-0.92654496
-0.9229558
-0.92206967
-0.9247178
-0.92628545
-0.9258858
-0.9254234
-0.9246219
-0.9262295
-0.9264582
-0.92541057
-0.9268135
-0.92645824
-0.92833334
-0.9289986
-0.9247818
-0.92782533
-0.92605174
-0.92512786
-0.926964
-0.9267563
-0.9264969
-0.92551625
-0.9275039
-0.9269847
-0.9257917
-0.92727673
-0.9275732
-0.9280705
-0.92561525
-0.92859805
-0.9258761
-0.9265406
-0.92670196
-0.9261145
-0.9209811
-0.9268603
-0.92214066
-0.9242994
-0.9192034
-0.921708
-0.920163
-0.9182895
-0.91593415
-0.9198522
-0.92214084
-0.9170022
-0.9195789
-0.92301935
-0.9222956
-0.9195173
-0.92095345
-0.92101
-0.9195794
-0.9188757
-0.9214975
-0.9211564
-0.92262965
-0.9234686
-0.92006546
-0.92228353
-0.91886604
-0.9193183
-0.92035925
-0.92486626
-0.92294115
-0.92351484
-0.92282546
-0.92264616
-0.92462385
-0.9227326
-0.9226946
-0.9230594
-0.92254704
-0.9276534
-0.9246313
-0.9244316
-0.91992575
-0.9239104
-0.9247244
-0.9240566
-0.92599905
-0.92951626
-0.9249146
-0.9259726
-0.9272205
-0.92470586
-0.92643833
-0.9266169
-0.92637914
-0.9283355
-0.930001
-0.9265661
-0.9288997
-0.928038
-0.92846876
-0.92630255
-0.92623186
-0.92884696
-0.92897904
-0.93129396
-0.9295538
-0.93162304
-0.92946833
-0.92847997
-0.93095404
-0.9293127
-0.9291241
-0.9286941
-0.93061835
-0.92676544
-0.9305145
-0.930817
-0.9279792
-0.9295494
-0.92710096
-0.93093395
-0.9288875
-0.9322637
-0.93105763
-0.9316788
-0.9318032
-0.92795587
-0.9340094
-0.9329258
-0.9304507
-0.93174356
-0.9337416
-0.9314832
-0.9308367
-0.93015736
-0.9317808
-0.9311523
-0.9344531
-0.92933565
-0.9317889
-0.9317021
-0.9317086
-0.9307609
-0.9307683
-0.9329254
-0.9335977
-0.931885
-0.9324432
-0.9307742
-0.9305752
-0.9312464
-0.9344842
-0.93288773
-0.9326864
-0.93125767
-0.93183357
-0.932265
-0.9316767
-0.9320913
-0.93173355
-0.9324715
-0.9325596
-0.93444765
-0.9360447
-0.9344004
-0.9343216
-0.93247366
-0.9320452
-0.93000174
-0.9321412
-0.93534243
-0.9339073
-0.93430084
-0.9343332
-0.9332158
-0.9333321
-0.9352428
-0.9309621
-0.93366253
-0.93266076
-0.930661
-0.9323864
-0.9330932
-0.93381363
-0.9332653
-0.93510646
-0.934224
-0.9343545
-0.9349035
-0.93298167
-0.9340938
-0.9324711
-0.9365386
-0.9334674
-0.9361602
-0.93419087
-0.9352667
-0.93338877
-0.9321676
-0.93438226
-0.9348533
-0.934225
-0.9328941
-0.93643934
-0.935836
-0.93546736
-0.9360789
-0.936238
-0.9326367
-0.9357572
-0.9348949
-0.9344919
-0.9347689
-0.9337185
-0.9357759
-0.9389048
-0.9341722
-0.93337464
-0.93595624
-0.9336204
-0.93449235
-0.9356328
-0.93387336
-0.93372613
-0.9329464
-0.9347378
-0.9349849
-0.9335361
-0.9315487
-0.9335892
-0.93440944
-0.9341788
-0.9329445
-0.935212
-0.93277735
-0.9321698
-0.93576187
-0.9340884
-0.937484
-0.9325045
-0.93633485
-0.935097
-0.9353726
-0.9355151
-0.9351218
-0.93723214
-0.9370968
-0.9356254
-0.93563485
-0.9357725
-0.936005
-0.9351801
-0.93486345
-0.9360351
-0.9368624
-0.9358056
-0.9353188
-0.93273276
-0.9351545
-0.93651325
-0.9366808
-0.9387118
-0.9382769
-0.9367533
-0.93575096
-0.9378907
-0.9361412
-0.93704164
-0.9372372
-0.9360242
-0.93562657
-0.9357406
-0.9341973
-0.93527454
-0.9368092
-0.9354568
-0.93433344
-0.93657285
-0.9368666
-0.9364173
-0.93795115
-0.93552834
-0.9345103
-0.9358679
-0.9367889
-0.9373791
-0.93353266
-0.93602645
-0.9351303
-0.93553305
-0.93501663
-0.93633956
-0.9353288
-0.9372128
-0.9378518
-0.93472856
-0.9380933
-0.93537766
-0.9358055
-0.93332386
-0.93708026
-0.9359817
-0.93736225
-0.93713677
-0.9390642
-0.93630594
-0.9374916
-0.9370447
-0.9355442
-0.9366475
-0.935054
-0.93572164
-0.93638957
-0.9370182
-0.93500847
-0.9372316
-0.934557
-0.93474346
-0.93743056
-0.93588454
-0.93869245
-0.9385759
-0.9367747
-0.9374709
-0.93640685
-0.9352239
-0.9344535
-0.9382326
-0.93604976
-0.9348104
-0.935471
-0.9396504
-0.93695104
-0.9382972
-0.9372211
-0.9351002
-0.93563676
-0.93658787
-0.9358857
-0.9378557
-0.93683153
-0.93735075
-0.93511206
-0.9362883
-0.9389704
-0.93815166
-0.9374788
-0.9394141
-0.937921
-0.93861103
-0.9367448
-0.9362724
-0.93453324
-0.9389568
-0.93876565
-0.935902
-0.93670076
-0.935391
-0.93889374
-0.9389781
-0.9362015
-0.9386252
-0.9368132
-0.93460643
-0.9388673
-0.93543655
-0.9371054
-0.93648744
-0.93626094
-0.9362355
-0.93565506
-0.9393546
-0.9362611
-0.9381916
-0.9389475
-0.9354888
-0.93932086
-0.9407844
-0.9370214
-0.9361987
-0.9366623
-0.93799007
-0.9367166
-0.9390072
-0.93710184
-0.93735373
-0.9380996
-0.93625647
-0.9413931
-0.9381891
-0.93681073
-0.93686116
-0.9377833
-0.9391235
-0.9383509
-0.93599665
-0.937132
-0.93914
-0.9377374
-0.9380251
-0.93988055
-0.939114
-0.93800056
-0.9379247
-0.9416899
-0.93620163
-0.9398938
-0.9407319
-0.94008315
-0.9395067
-0.9414696
-0.93730605
-0.9378782
-0.93909013
-0.93801135
-0.93955487
-0.93915874
-0.9409276
-0.93644136
-0.93918055
-0.9375988
-0.9391997
-0.93984497
-0.93805337
-0.9398271
-0.93881947
-0.9373891
-0.93988276
-0.9408107
-0.94095385
-0.9395153
-0.93803346
-0.93890226
-0.93952525
-0.9407115
-0.9396772
-0.93889695
-0.9390645
-0.9375837
-0.94035727
-0.93886626
-0.93800783
-0.93876535
-0.9400324
-0.9358034
-0.9404471
-0.93970466
-0.9406068
-0.9411454
-0.94028044
-0.94163597
-0.93825066
-0.93804395
-0.93642265
-0.9414476
-0.93884224
-0.9386141
-0.9382099
-0.93982667
-0.94051474
-0.9398458
-0.9398817
-0.9391403
-0.93782693
-0.94001615
-0.93729085
-0.9408912
-0.94117695
-0.93987393
-0.93959993
-0.94116515
-0.93916047
-0.940248
-0.9412424
-0.9382717
-0.93812203
-0.93964666
-0.93856657
-0.94037104
-0.9407305
-0.93879914
-0.9397004
-0.9409204
-0.93871075
-0.9398538
-0.94023544
-0.9422542
-0.9397531
-0.93959785
-0.93940216
-0.93965733
-0.93994457
-0.93877715
-0.9397549
-0.9405515
-0.93981713
-0.93698007
-0.93777233
-0.9412105
-0.93952346
-0.9419957
-0.94025797
-0.9386093
-0.94146675
-0.9402285
-0.9422019
-0.9433529
-0.9389265
-0.94205225
-0.9408163
-0.9400318
-0.94078404
-0.9404625
-0.9399939
-0.94246304
-0.9410883
-0.9390767
-0.9401963
-0.9415691
-0.9400629
-0.93985206
-0.9414154
-0.94160414
-0.9399419
-0.94172776
-0.9422954
-0.94104385
-0.9397785
-0.9414339
-0.93971694
-0.94177747
-0.94155544
-0.9390801
-0.9419148
-0.93855906
-0.9402889
-0.9418882
-0.9396191
-0.9422004
-0.9401777
-0.94337744
-0.9413914
-0.9387874
-0.93943995
-0.9382024
-0.9389104
-0.94113356
-0.93990594
-0.9400438
-0.9408277
-0.9398845
-0.9400733
-0.94104445
-0.940175
-0.9418015
-0.9398969
-0.94352674
-0.9414119
-0.9396212
-0.94186187
-0.94124836
-0.94119364
-0.94127953
-0.93918395
-0.94295704
-0.94070244
-0.9412153
-0.9409131
-0.9407722
-0.940432
-0.94000465
-0.9396217
-0.9402008
-0.943233
-0.9393931
-0.9406374
-0.94295216
-0.9390724
-0.94128156
-0.9423203
-0.94032294
-0.9405413
-0.939505
-0.9429086
-0.9416432
-0.9410592
-0.9391842
-0.93870527
-0.94016576
-0.94142413
-0.94002354
-0.9408668
-0.94156146
-0.94143605
-0.94058573
-0.9406615
-0.94071466
-0.9398241
-0.9410692
-0.9420068
-0.9421209
-0.94120973
-0.94076025
-0.939059
-0.9424118
-0.9417458
-0.9421602
-0.9433952
-0.93966305
-0.9423041
-0.94255763
-0.9393538
-0.942378
-0.9415713
-0.94112164
-0.94382066
-0.942547
-0.9413854
-0.94376874
-0.9409368
-0.94237757
-0.9431042
-0.94300574
-0.9411552
-0.9423411
-0.9414662
-0.9414831
-0.9408737
-0.9417454
-0.9440796
-0.94361544
-0.94232833
-0.94217527
-0.9417073
-0.9428658
-0.94167745
-0.9437968
-0.94316006
-0.9419428
-0.94130594
-0.9436121
-0.94171405
-0.9433416
-0.9440466
-0.9438729
-0.94366693
-0.94069034
-0.9425116
-0.94061244
-0.9426499
-0.94339895
-0.9437074
-0.94459146
-0.94312465
-0.9429199
-0.9433806
-0.942944
-0.94445467
-0.94383186
-0.94360685
-0.94322723
-0.9423354
-0.9449798
-0.9430472
-0.9456781
-0.9444849
-0.9450826
-0.9443299
-0.9451989
-0.944203
-0.9430421
-0.94393325
-0.9448551
-0.943305
-0.94387084
-0.94401044
-0.94616055
-0.94459623
-0.9440506
-0.94379336
-0.9435465
-0.9451643
-0.9431473
-0.9442359
-0.9421519
-0.94311774
-0.9449598
-0.9438777
-0.94462085
-0.94407636
-0.94547164
-0.9436756
-0.9444274
-0.9447418
-0.9456992
-0.94256145
-0.9445515
-0.9456028
-0.9445344
-0.9454335
-0.9457949
-0.94043785
-0.94275594
-0.94184864
-0.9444282
-0.9457314
-0.9429378
-0.9449477
-0.9446041
-0.94216263
-0.9455092
-0.9441081
-0.9464723
-0.94465685
-0.9467184
-0.9454207
-0.9443288
-0.9466275
-0.94494736
-0.9442229
-0.9433848
-0.9448793
-0.945138
-0.9454015
-0.9441967
-0.94443214
-0.9422813
-0.9450965
-0.9447795
-0.9441737
-0.9428908
-0.9452992
-0.9435842
-0.9455383
-0.94331026
-0.94427913
-0.94558764
-0.9440715
-0.9439689
-0.943831
-0.94343346
-0.94465
-0.94500893
-0.94525254
-0.94485474
-0.94395566
-0.94611037
-0.9459576
-0.9459211
-0.9439598
-0.94622743
-0.9451252
-0.9455414
-0.9439883
-0.9449942
-0.9471656
-0.9449203
-0.9452362
-0.94758135
-0.9443924
-0.94545233
-0.9453787
-0.94528556
-0.9457422
-0.9459414
-0.9438849
-0.9451155
-0.9437801
-0.94674087
-0.9418556
-0.9458181
-0.94440895
-0.9443466
-0.9457024
-0.94399464
-0.94492054
-0.9443644
-0.94434035
-0.94503164
-0.9458733
-0.945291
-0.94524837
-0.94478667
-0.94511133
-0.94628614
-0.94419175
-0.94405466
-0.94488424
-0.9436962
-0.94315976
-0.94559693
-0.9433292
-0.94468826
-0.9456255
-0.9431153
-0.9454534
-0.9446933
-0.94346625
-0.9435769
-0.94609064
-0.9445573
-0.9449434
-0.94332373
-0.944745
-0.94451076
-0.9449634
-0.9453886
-0.9439765
-0.94541186
-0.94584507
-0.94313836
-0.9443393
-0.94595385
-0.945495
-0.94506305
-0.94615704
-0.9427622
-0.9448719
-0.94642395
-0.94425005
-0.94609195
-0.9441679
-0.9452508
-0.94490653
-0.9456792
-0.943883
-0.9446113
-0.94328594
-0.9428099
-0.9448267
-0.9455111
-0.94344014
-0.9441592
-0.9439003
-0.9444727
-0.94403595
-0.9452203
-0.94361645
-0.9434131
-0.94444144
-0.9461114
-0.9442027
-0.94545317
-0.94457805
-0.9440495
-0.9450527
-0.9463605
-0.9443086
-0.94583285
-0.94598496
-0.94408554
-0.9448521
-0.94491565
-0.94428706
-0.94478977
-0.94714016
-0.9455191
-0.94588363
-0.9426713
-0.94462866
-0.94512075
-0.9445324
-0.9451944
-0.94403327
-0.9458818
-0.9462975
-0.9451274
-0.94386584
-0.94525737
-0.94382817
-0.94366086
-0.9458387
-0.94541
-0.9435456
-0.94477206
-0.945656
-0.9455528
-0.9452485
-0.9450875
-0.94317156
-0.9449669
-0.94304097
-0.94669783
-0.9434843
-0.94423246
-0.9453486
-0.94445044
-0.94405484
-0.94150144
-0.9421689
-0.9463965
-0.94237286
-0.9436616
-0.94313866
-0.94460124
-0.94289213
-0.94364285
-0.94633555
-0.94186455
-0.94440997
-0.9442429
-0.94402957
-0.94244
-0.9455935
-0.94522196
-0.9452552
-0.94457716
-0.94101834
-0.9450036
-0.9441065
-0.9436234
-0.9435904
-0.94455004
-0.94262516
-0.94170755
-0.9406424
-0.94066876
-0.94403
-0.94445103
-0.94272006
-0.9427657
-0.9419193
-0.9435913
-0.94469684
-0.94507366
-0.9445138
-0.9426827
-0.94604117
-0.94236416
-0.9437374
-0.94475955
-0.94318587
-0.94481915
-0.9434896
-0.94326943
-0.9418794
-0.94175667
-0.94337046
-0.9403231
-0.94214624
-0.941679
-0.94072264
-0.9429046
-0.9436255
-0.9439253
-0.9428118
-0.9422169
-0.94428
-0.9426366
-0.94352937
-0.9427365
-0.9456119
-0.94473535
-0.942703
-0.94341785
-0.94221866
-0.94140106
-0.9434668
-0.94531375
-0.94403756
-0.94474924
-0.9446655
-0.9441336
-0.9424501
-0.9463339
-0.9457496
-0.9441303
-0.9428199
-0.9444101
-0.94566065
-0.94525236
-0.94475603
-0.9454338
-0.94610864
-0.9438085
-0.9453108
-0.9461805
-0.9445515
-0.9442318
-0.9416387
-0.9444372
-0.94650316
-0.9422984
-0.94471556
-0.943269
-0.9443029
-0.94574434
-0.944992
-0.9455008
-0.9443077
-0.94282955
-0.9452976
-0.9434547
-0.94308686
-0.9466838
-0.9446959
-0.9447092
-0.94589096
-0.94480157
-0.94554645
-0.94412106
-0.94519126
-0.9450925
-0.9436052
-0.94475955
-0.946244
-0.9447953
-0.9452717
-0.9434291
-0.9449472
-0.9469701
-0.94592804
-0.9466632
-0.94698614
-0.94623166
-0.9458771
-0.944994
-0.9447176
-0.94651103
-0.94654846
-0.9462307
-0.9451176
-0.94451666
-0.94544077
-0.9455201
-0.9410132
-0.9461514
-0.94416726
-0.94571334
-0.94579846
-0.9466753
-0.94329095
-0.9465679
-0.94704634
-0.9446335
-0.9453478
-0.9452097
-0.9442797
-0.94510657
-0.9458003
-0.94584346
-0.9454912
-0.94593775
-0.9455814
-0.94271535
-0.9449682
-0.94571495
-0.9450927
-0.94735754
-0.94584894
-0.9442291
-0.9460967
-0.94461274
-0.94551855
-0.9455009
-0.9458394
-0.945265
-0.9436611
-0.944853
-0.94566554
-0.94596064
-0.9463339
-0.9449469
-0.9464525
-0.9450934
-0.94419396
-0.9455532
-0.94496214
-0.9462262
-0.9455758
-0.9444566
-0.94816893
-0.9458039
-0.947874
-0.94529134
-0.9458685
-0.9465486
-0.9456816
-0.9460882
-0.9467527
-0.946301
-0.94603866
-0.94670194
-0.9452507
-0.9447339
-0.9464208
-0.9476308
-0.94470704
-0.9464261
-0.9442774
-0.945223
-0.94704956
-0.94395936
-0.9458579
-0.94550467
-0.94554263
-0.94526637
-0.94685626
-0.9450249
-0.9465399
-0.9424752
-0.94582945
-0.94582033
-0.9458302
-0.946188
-0.9468316
-0.94535375
-0.9459423
-0.94616556
-0.9467151
-0.945041
-0.9455311
-0.94539106
-0.9464395
-0.94866127
-0.9451072
-0.94698745
-0.94373775
-0.9439069
-0.94465333
-0.9471805
-0.94671804
-0.9461467
-0.94612074
-0.94345057
-0.9461925
-0.9461657
-0.94606465
-0.94560176
-0.9464602
-0.94432706
-0.9457929
-0.9468577
-0.94641554
-0.94574445
-0.94531816
-0.9453298
-0.94553494
-0.9463555
-0.94863105
-0.9451618
-0.9463509
-0.9460406
-0.9458885
-0.94484615
-0.94664997
-0.94284767
-0.94508755
-0.94368726
-0.94591415
-0.94762886
-0.9466176
-0.9457961
-0.9429941
-0.94713295
-0.9464697
-0.9481129
-0.945885
-0.94550943
-0.9469333
-0.94778377
-0.94850945
-0.9450354
-0.94535446
-0.94622105
-0.9459699
-0.946613
-0.94559336
-0.9452124
-0.94645613
-0.9452945
-0.9441547
-0.9468544
-0.94544184
-0.94456995
-0.9452579
-0.9472127
-0.9474211
-0.947083
-0.94551927
-0.9444122
-0.94395393
-0.94472754
-0.94645804
-0.9456872
-0.9458404
-0.9426353
-0.94608
-0.946281
-0.945789
-0.9450503
-0.94621223
-0.9459978
-0.94440836
-0.9470303
-0.9459814
-0.94653106
-0.94682693
-0.9472026
-0.94870114
-0.94532454
-0.9462536
-0.944439
-0.94689
-0.9445294
-0.9458492
-0.94404346
-0.94778836
-0.9457338
-0.94610214
-0.94614863
-0.94725806
-0.9455796
-0.9483292
-0.9449547
-0.9462919
-0.946134
-0.94392025
-0.9454307
-0.9470759
-0.94585973
-0.9467102
-0.9453463
-0.94775933
-0.947355
-0.946288
-0.94638157
-0.9477593
-0.94736886
-0.9475247
-0.94628835
-0.9464925
-0.94615924
-0.94670796
-0.9470289
-0.9446261
-0.9472281
-0.9469585
-0.9460501
-0.9451612
-0.9480212
-0.94595134
-0.94583684
-0.9468158
-0.9480219
-0.9468854
-0.94666344
-0.9483949
-0.94694257
-0.9457717
-0.94546634
-0.9470511
-0.9466343
-0.9448951
-0.94595647
-0.9484705
-0.9469666
-0.9439865
-0.94548243
-0.9446924
-0.9466242
-0.9467015
-0.94372904
-0.94761616
-0.9454136
-0.9470638
-0.9470301
-0.94520164
-0.94425243
-0.944325
-0.94675815
-0.9449185
-0.9473055
-0.9457434
-0.94766027
-0.94676083
-0.94548285
-0.9463519
-0.948527
-0.94646424
-0.947263
-0.94612586
-0.9460581
-0.94626117
-0.9470463
-0.9473902
-0.9467187
-0.9449581
-0.9459035
-0.9451215
-0.94454265
-0.9462163
-0.9452154
-0.9488676
-0.9474875
-0.9471069
-0.945284
-0.94507676
-0.9467977
-0.9465507
-0.94672346
-0.94637614
-0.94654685
-0.9447788
-0.94658965
-0.94585574
-0.94741523
-0.9467298
-0.9467499
-0.9464827
-0.9453873
-0.9476313
-0.94644874
-0.94622564
-0.9450338
-0.94576097
-0.9470259
-0.94578236
-0.94720113
-0.946809
-0.9448337
-0.9471947
-0.9475665
-0.9444619
-0.94707
-0.94561666
-0.9482614
-0.94600034
-0.9448561
-0.94588906
-0.9457934
-0.94630486
-0.9475925
-0.9469613
-0.94650453
-0.94578916
-0.948186
-0.9465962
-0.94578725
-0.9479306
-0.9466024
-0.9478383
-0.9473498
-0.9453377
-0.94605803
-0.9458146
-0.9464709
-0.94573736
-0.9468712
-0.94609797
-0.94576406
-0.9462261
-0.94598603
-0.9464424
-0.9459876
-0.94944465
-0.9492006
-0.94607186
-0.9476637
-0.94578874
-0.9458347
-0.946988
-0.9477902
-0.94824404
-0.9461721
-0.9483481
-0.9468668
-0.94696283
-0.9451657
-0.94648
-0.94552094
-0.9471349
-0.9469418
-0.9483119
-0.946817
-0.94663453
-0.9465143
-0.9475317
-0.94611734
-0.94607794
-0.94791025
-0.9465403
-0.94546884
-0.94661707
-0.94500536
-0.9474121
-0.9470078
-0.94644517
-0.9457001
-0.94702214
-0.94634557
-0.9462864
-0.9469442
-0.94552046
-0.9476496
-0.94623536
-0.9462095
-0.94630986
-0.94763374
-0.9460598
-0.94630075
-0.94611526
-0.94536334
-0.9464532
-0.9451039
-0.94774675
-0.9467731
-0.9458787
-0.9455538
-0.9476256
-0.9476801
-0.94556075
-0.94538504
-0.9464495
-0.9468827
-0.9464598
-0.94591373
-0.947506
-0.9467467
-0.94774854
-0.9465474
-0.9471072
-0.9470142
-0.9474845
-0.9456223
-0.9458508
-0.94692105
-0.9463101
-0.9476967
-0.94627726
-0.94549805
-0.94466937
-0.94723624
-0.9479247
-0.94713306
-0.94662946
-0.9472842
-0.9478619
-0.9457046
-0.94504184
-0.945765
-0.9455258
-0.9468748
-0.9467534
-0.94828385
-0.94707096
-0.9471534
-0.9463067
-0.9456688
-0.94651246
-0.9450382
-0.94477767
-0.9462716
-0.94832724
-0.94728196
-0.947942
-0.9478041
-0.946591
-0.9451242
-0.9473639
-0.94817
-0.9470134
-0.947149
-0.94740474
-0.94567394
-0.946956
-0.94542253
-0.9465579
-0.9454324
-0.94722104
-0.946103
-0.9449368
-0.9485368
-0.9471957
-0.9465294
-0.94646925
-0.9472381
-0.9471975
-0.9467241
-0.9478437
-0.94735515
-0.947775
-0.9473321
-0.9469982
-0.94535005
-0.9456924
-0.94623405
-0.946713
-0.9460876
-0.9449194
-0.94640976
-0.9481906
-0.94711214
-0.94736123
-0.9475159
-0.94723934
-0.94486165
-0.94711834
-0.94653803
-0.9465167
-0.94793093
-0.94700867
-0.94847053
-0.94936126
-0.945916
-0.9454152
-0.94738895
-0.94667083
-0.9468019
-0.9460394
-0.9467793
-0.9447063
-0.94689316
-0.94819134
-0.9474985
-0.9470315
-0.9473983
-0.94836307
-0.9469168
-0.949027
-0.9461032
-0.9483328
-0.94699776
-0.9463081
-0.94594026
-0.9449712
-0.9474345
-0.9464541
-0.9467297
-0.9473222
-0.94732314
-0.94426924
-0.9466296
-0.94610554
-0.94730353
-0.94625217
-0.94564503
-0.94849324
-0.946757
-0.9483648
-0.9481702
-0.94623995
-0.94970465
-0.9485737
-0.9459092
-0.9482116
-0.94438607
-0.9465654
-0.94936657
-0.94638216
-0.94721437
-0.9456686
-0.94765276
-0.94833845
-0.9463992
-0.945127
-0.9455404
-0.94701046
-0.9462407
-0.94552255
-0.9470919
-0.94542545
-0.945245
-0.9466208
-0.9459702
-0.9458436
-0.94854724
-0.9468052
-0.9458212
-0.94719493
-0.9476947
-0.9472221
-0.94777024
-0.9468741
-0.9469469
-0.94672126
-0.9464812
-0.9464306
-0.9485878
-0.9458094
-0.9466602
-0.94560695
-0.9463992
-0.9465032
-0.946342
-0.9444112
-0.9465711
-0.94589365
-0.94553345
-0.9457929
-0.9460578
-0.9467555
-0.9455186
-0.9461061
-0.9467607
-0.9461673
-0.946107
-0.94755876
-0.9460901
-0.94729453
-0.9466537
-0.94678843
-0.9456889
-0.9471451
-0.94618493
-0.94677645
-0.9452657
-0.94669366
-0.9473954
-0.94634557
-0.94529843
-0.94484323
-0.9469451
-0.9458932
-0.94752765
-0.9469486
-0.9448972
-0.94615376
-0.9475922
-0.9472342
-0.9455363
-0.947082
-0.9476548
-0.9472291
-0.94597954
-0.94740164
-0.9478574
-0.94731164
-0.9475558
-0.9463415
-0.9456624
-0.9459061
-0.94729656
-0.94397795
-0.9458826
-0.9465419
-0.9460045
-0.94756424
-0.9459962
-0.94616586
-0.9453863
-0.9461033
-0.9463102
-0.94627887
-0.9458516
-0.9465606
-0.9466874
-0.9468084
-0.94417
-0.94562614
-0.9470985
-0.94347066
-0.9472156
-0.9460469
-0.944317
-0.9476698
-0.9475247
-0.9465963
-0.94675684
-0.9452098
-0.94533527
-0.9458062
-0.9471154
-0.94735277
-0.9460855
-0.9477104
-0.9451472
-0.9465959
-0.94758785
-0.9470776
-0.94710726
-0.9470416
-0.9463573
-0.9477924
-0.9474343
-0.94749093
-0.9466943
-0.94717485
-0.9479432
-0.9445126
-0.9454082
-0.9485036
-0.9475508
-0.94668305
-0.9467688
-0.9472565
-0.9476732
-0.9478372
-0.94547224
-0.9457492
-0.9471724
-0.9475596
-0.9463431
-0.9470734
-0.94765264
-0.94747305
-0.9459281
-0.9458213
-0.94510657
-0.94808763
-0.94688034
-0.94648117
-0.9474336
-0.94868964
-0.9471579
-0.94792825
-0.9495703
-0.94818854
-0.94850343
-0.9469905
-0.94568956
-0.94621825
-0.9453306
-0.9464732
-0.9479596
-0.9467449
-0.9476074
-0.94723046
-0.9483471
-0.9463557
-0.94595855
-0.94532615
-0.9460883
-0.9461731
-0.94705075
-0.9468744
-0.94683963
-0.94786793
-0.94547904
-0.94809264
-0.9467444
-0.94875443
-0.9465336
-0.94785565
-0.944774
-0.9457718
-0.9467526
-0.94648075
-0.9476771
-0.94692826
-0.9476437
-0.9464924
-0.94679224
-0.94638366
-0.94863194
-0.94641495
-0.9461175
-0.944077
-0.94686234
-0.9436469
-0.94223034
-0.9449744
-0.94442785
-0.9437989
-0.9441856
-0.9425492
-0.9449374
-0.9441884
-0.9448224
-0.94491506
-0.9446196
-0.94603825
-0.9449254
-0.947392
-0.94628006
-0.9471865
-0.94562036
-0.9467695
-0.9457589
-0.9467756
-0.9460758
-0.9481018
-0.9462519
-0.9469863
-0.94820195
-0.94441587
-0.9482739
-0.94829947
-0.94651455
-0.94697344
-0.9441559
-0.9453491
-0.9462633
-0.945705
-0.94813216
-0.94701004
-0.9475214
-0.9469533
-0.9466714
-0.9473334
-0.9498347
-0.9474856
-0.94708765
-0.9475011
-0.9479219
-0.9461746
-0.9476548
-0.94854724
-0.94555205
-0.9465027
-0.9463978
-0.9459522
-0.94712675
-0.9465706
-0.94757473
-0.9462213
-0.9462573
-0.94797724
-0.94878495
-0.9454222
-0.94547445
-0.94709027
-0.9465606
-0.946326
-0.94545084
-0.94786155
-0.946058
-0.9476841
-0.94695944
-0.9482907
-0.94762707
-0.94635963
-0.948373
-0.9472105
-0.94701475
-0.9470735
-0.9473056
-0.9464897
-0.9470499
-0.9459047
-0.94635326
-0.94795036
-0.94763845
-0.94622993
-0.9454352
-0.94681525
-0.94653225
-0.9466874
-0.9480033
-0.9452876
-0.94637245
-0.9483894
-0.9451904
-0.9463062
-0.9484811
-0.94886315
-0.9491571
-0.9480968
-0.94583005
-0.9482122
-0.94891614
-0.9474961
-0.94696844
-0.9474058
-0.94595265
-0.9461595
-0.9454815
-0.94854957
-0.94933283
-0.9477132
-0.94604903
-0.9466413
-0.9483048
-0.9469148
-0.9464239
-0.94575465
-0.94898957
-0.94703513
-0.9452009
-0.94705385
-0.9477541
-0.94481957
-0.94707507
-0.94666034
-0.9461699
-0.9467029
-0.9472615
-0.94890714
-0.9475369
-0.94671184
-0.947643
-0.9472673
-0.94809544
-0.9471223
-0.9457566
-0.9466012
-0.9471857
-0.9478779
-0.9499849
-0.94750476
-0.9455618
-0.9488549
-0.9469877
-0.945014
-0.94668305
-0.94737804
-0.9492007
-0.94812304
-0.94719017
-0.94809836
-0.9476666
-0.94646996
-0.947903
-0.9451831
-0.9474934
-0.94580925
-0.9475739
-0.9499575
-0.9479995
-0.9474785
-0.9463573
-0.9445152
-0.94771224
-0.9456332
-0.9465311
-0.9482209
-0.94809014
-0.9475185
-0.948052
-0.95086616
-0.9471025
-0.9468103
-0.9466907
-0.9486314
-0.94745946
-0.94895905
-0.947825
-0.9497472
-0.94754666
-0.9467545
-0.9475707
-0.9487178
-0.9448398
-0.94803935
-0.94762933
-0.9473766
-0.9455363
-0.94712013
-0.94624925
-0.94920856
-0.9474319
-0.9437346
-0.94422686
-0.9464122
-0.94598716
-0.94858134
-0.9486888
-0.9471531
-0.946437
-0.94725955
-0.9462859
-0.94714904
-0.9470888
-0.9473909
-0.9459955
-0.9466204
-0.94691604
-0.9467925
-0.9485198
-0.94673175
-0.9464864
-0.94883776
-0.9492401
-0.94704556
-0.9462451
-0.94719714
-0.94992155
-0.9460513
-0.94591844
-0.94686747
-0.9464446
-0.94837505
-0.94759
-0.9457593
-0.9486442
-0.9486073
-0.9455245
-0.9475887
-0.94839746
-0.9469503
-0.9454743
-0.94901794
-0.9483128
-0.94780856
-0.9488978
-0.9464676
-0.9477759
-0.94698244
-0.94643736
-0.94697297
-0.94784915
-0.94786227
-0.9463171
-0.9479054
-0.947621
-0.9479434
-0.9473724
-0.9479247
-0.948707
-0.94616497
-0.94675565
-0.94643754
-0.9473993
-0.94778013
-0.94463134
-0.94445395
-0.946371
-0.94523835
-0.94803905
-0.9465813
-0.94452345
-0.9466951
-0.9471497
-0.94602334
-0.9450992
-0.9454465
-0.94574094
-0.94731396
-0.9471663
-0.9480586
-0.9468908
-0.94688314
-0.9461942
-0.94660175
-0.94851947
-0.9485036
-0.94759893
-0.94511986
-0.94826716
-0.9472666
-0.9458189
-0.94628423
-0.9475311
-0.9467304
-0.9457874
-0.94653803
-0.9469645
-0.94788665
-0.947055
-0.9462141
-0.94825035
-0.947223
-0.94824094
-0.9483776
-0.94787675
-0.9482285
-0.94755316
-0.9459919
-0.9469935
-0.94866264
-0.9491009
-0.94812495
-0.9482347
-0.9496502
-0.9471379
-0.9455876
-0.9466645
-0.9490166
-0.94850326
-0.9462196
-0.94796413
-0.9489243
-0.9493661
-0.9493789
-0.9475347
-0.9455471
-0.94910246
-0.9469618
-0.9484861
-0.9456994
-0.9462923
-0.9451338
-0.94620556
-0.946353
-0.9468261
-0.9483102
-0.94845057
-0.94825494
-0.9463019
-0.9472772
-0.9468047
-0.94761795
-0.9469952
-0.9469677
-0.9451927
-0.9458645
-0.94421303
-0.947177
-0.9460433
-0.9473103
-0.9475061
-0.9453278
-0.94460094
-0.9477142
-0.9475139
-0.94366723
-0.9447456
-0.9445387
-0.9447503
-0.94538784
-0.9441449
-0.94622684
-0.94550896
-0.94177103
-0.9449779
-0.9443295
-0.9448499
-0.9447782
-0.9449866
-0.9439453
-0.94441557
-0.94436127
-0.9459641
-0.9464323
-0.9452151
-0.9456005
-0.9446404
-0.94555664
-0.9447809
-0.9455803
-0.94465876
-0.944461
-0.94591135
-0.9443143
-0.94687283
-0.9464638
-0.9470928
-0.9439816
-0.9452699
-0.94549334
-0.9473756
-0.94593614
-0.94510233
-0.94337046
-0.9440979
-0.9440291
-0.94645023
-0.94486755
-0.9449649
-0.9445952
-0.9463137
-0.9467921
-0.9470361
-0.94540745
-0.94751483
-0.94715136
-0.946925
-0.9476184
-0.94532645
-0.94668615
-0.9478645
-0.9457044
-0.94488364
-0.94609815
-0.94807285
-0.94691515
-0.9456403
-0.9471219
-0.946052
-0.9472583
-0.94658184
-0.9483388
-0.94746023
-0.9446148
-0.9471786
-0.9471364
-0.94552726
-0.9463375
-0.9463975
-0.948467
-0.94794816
-0.9476705
-0.9468436
-0.94850564
-0.94627404
-0.9477876
-0.94759375
-0.9475189
-0.9476775
-0.94567394
-0.94657415
-0.9470635
-0.9475783
-0.94860774
-0.94675446
-0.9451139
-0.9450686
-0.94698435
-0.9448533
-0.94624555
-0.947609
-0.94578177
-0.9466697
-0.9459598
-0.9459062
-0.94925094
-0.9472038
-0.94672257
-0.94552964
-0.94709814
-0.94818705
-0.94702166
-0.9462828
-0.9462544
-0.9475041
-0.94837075
-0.948674
-0.94724417
-0.94676006
-0.9481393
-0.9488098
-0.94903636
-0.9476212
-0.9495157
-0.94710207
-0.94557905
-0.9479865
-0.94507134
-0.9481791
-0.9483193
-0.9465488
