0.031425152233489004
0.6848880250836592
0.21900964502044168
0.3284316109607109
0.11201703632922694
0.8049042542563772
0.16253816020803724
0.049758699339829966
0.33611419018724487
0.13090038302516105
0.39045197845969437
0.341184331414381
0.40567073262036324
0.4424974077532747
0.21157732791458794
0.3649910361226772
0.4094443561233252
0.2701580090040472
0.3186310423757086
0.43005995984793205
0.960079424434759
0.300220766550312
0.07228838961435516
0.567532741454886
0.549548900255795
0.1538466624490904
0.27365066612588723
0.4265262058662879
0.6109013911162103
0.5908887217901276
0.17126344946248215
0.7477757007737871
0.46410097938684325
0.3787111243713762
0.08264769449718164
0.12697119669089188
0.2577662965474361
0.19654448656846696
0.30253262509975387
0.13164021189221561
0.1829251906779127
0.32171813983235653
0.09495338586380554
0.10831194477503508
0.32247747547867717
0.6614292234304878
0.10411282747275466
0.0571881418063295
0.33252701708018245
0.3165121755759887
0.9247585734631367
0.27798204498831985
0.5894485834446926
0.07341948100418823
0.2473777832417287
0.37970903794156025
0.2837984707352376
0.20276710390640168
0.10502932213380148
0.2838285592057793
0.3760835392296615
0.17733436590926432
0.4045118297342124
0.018889396202038496
Mean: 0.3227685091619042
