-0.2788277
-0.2894327
-0.27496368
-0.2923066
-0.30262506
-0.29564282
-0.29718077
-0.29898396
-0.2953785
-0.30291957
-0.34070477
-0.31046402
-0.32984957
-0.338718
-0.3405057
-0.34335753
-0.35048637
-0.3383241
-0.36359346
-0.35930908
-0.3895861
-0.3909337
-0.39878798
-0.41742724
-0.41666824
-0.42447275
-0.4334663
-0.4326032
-0.43764904
-0.43766272
-0.43653488
-0.45096192
-0.43275037
-0.43402478
-0.4395931
-0.44146523
-0.44560266
-0.43998566
-0.4507033
-0.455209
-0.4374492
-0.43910438
-0.4462664
-0.4357391
-0.44997168
-0.45889226
-0.43959615
-0.45695043
-0.44545153
-0.44322592
-0.4401279
-0.4327748
-0.4594646
-0.45248568
-0.4566359
-0.45925286
-0.44884604
-0.4603654
-0.46141323
-0.4432169
-0.4475283
-0.45619684
-0.44209957
-0.45873466
-0.45155692
-0.47130913
-0.45262706
-0.45242015
-0.46236104
-0.4594788
-0.47115633
-0.47241393
-0.46583435
-0.4545689
-0.4656099
-0.46026748
-0.45921332
-0.46215558
-0.45372453
-0.46344438
-0.4652043
-0.4718356
-0.45370546
-0.46354955
-0.4590125
-0.4719993
-0.4679943
-0.4701603
-0.4680521
-0.45674333
-0.46349254
-0.4693596
-0.46418038
-0.46773952
-0.4635728
-0.47960287
-0.45670766
-0.46790347
-0.48218936
-0.4696908
-0.47723982
-0.46686906
-0.45403606
-0.47999024
-0.46423143
-0.46114668
-0.47931328
-0.46326786
-0.4657292
-0.46421283
-0.46761727
-0.45804465
-0.47247759
-0.47678307
-0.4815092
-0.47293842
-0.47215405
-0.46858004
-0.4795047
-0.4813117
-0.46564627
-0.48076174
-0.476709
-0.4714838
-0.47261402
-0.4785977
-0.47095606
-0.46787247
-0.46039575
-0.47433805
-0.4852959
-0.47049925
-0.477004
-0.48612955
-0.48280397
-0.47306588
-0.49215472
-0.47732887
-0.4762087
-0.46778363
-0.47739273
-0.47235003
-0.4824289
-0.47715315
-0.4880127
-0.4718042
-0.4747432
-0.47748315
-0.49085155
-0.48222876
-0.47051454
-0.48146573
-0.48850378
-0.49848035
-0.47684565
-0.47924045
-0.48379615
-0.48343098
-0.48647267
-0.49223396
-0.48844823
-0.48251686
-0.4833877
-0.49793148
-0.48222882
-0.48339924
-0.4828187
-0.47964555
-0.48498797
-0.48468733
-0.4873332
-0.50287694
-0.47666684
-0.48330668
-0.47932282
-0.48522654
-0.4817355
-0.48830113
-0.4968748
-0.48582518
-0.47880968
-0.49442264
-0.49307454
-0.47613686
-0.48723093
-0.48848224
-0.488592
-0.49122962
-0.4925723
-0.47853613
-0.48879823
-0.4988024
-0.48733196
-0.48868522
-0.49145716
-0.49572158
-0.48906872
-0.4991842
-0.49249586
-0.49712136
-0.48757458
-0.5018437
-0.49560323
-0.49727988
-0.48754594
-0.50115174
-0.48444667
-0.49864826
-0.49459037
-0.4952133
-0.4860322
-0.49443418
-0.5073827
-0.49052975
-0.5048592
-0.49210274
-0.4856339
-0.4991786
-0.5075971
-0.5010986
-0.49089703
-0.48622897
-0.5064652
-0.5019863
-0.49426776
-0.5020356
-0.4936831
-0.50593734
-0.49304816
-0.49651808
-0.5079124
-0.4986483
-0.5111504
-0.5084149
-0.49986178
-0.5126782
-0.5116119
-0.50707316
-0.49343818
-0.5085179
-0.5063956
-0.50084794
-0.50136954
-0.501978
-0.51020575
-0.50293577
-0.50127715
-0.50467855
-0.51003814
-0.5062346
-0.50676817
-0.51212037
-0.52532667
-0.5098652
-0.52109987
-0.5054409
-0.49772614
-0.50447553
-0.507905
-0.50023943
-0.5145829
-0.50018317
-0.52317554
-0.5119058
-0.50907975
-0.5110991
-0.5187134
-0.5148117
-0.5047228
-0.51140416
-0.5085111
-0.5130482
-0.5189951
-0.5076488
-0.52046317
-0.502923
-0.50128084
-0.5081815
-0.5220286
-0.5190687
-0.5178437
-0.5001565
-0.5246347
-0.52422947
-0.5188004
-0.5187344
-0.5162155
-0.51192695
-0.51940966
-0.51549387
-0.52717763
-0.5231961
-0.5303382
-0.5217881
-0.52372116
-0.5293657
-0.52530247
-0.5218743
-0.51400614
-0.5231969
-0.5149925
-0.52633727
-0.5204349
-0.52312374
-0.5077869
-0.5166614
-0.53111506
-0.5186975
-0.5346865
-0.5190182
-0.52318704
-0.5254446
-0.5320071
-0.5172638
-0.5222839
-0.5292429
-0.518032
-0.5202495
-0.5367654
-0.5309221
-0.53697544
-0.52600217
-0.53817356
-0.51713276
-0.53525704
-0.52929604
-0.5224907
-0.52946883
-0.5320503
-0.52935827
-0.53539026
-0.53882056
-0.5439603
-0.53101355
-0.534436
-0.55064803
-0.5267209
-0.54000896
-0.5501168
-0.5337576
-0.5364243
-0.5397828
-0.5452709
-0.5563063
-0.53739923
-0.53618133
-0.54896164
-0.54502904
-0.5460584
-0.541726
-0.5370047
-0.55757314
-0.53918767
-0.5388196
-0.5433822
-0.54085
-0.53617847
-0.544231
-0.54202133
-0.5443056
-0.5431423
-0.55516845
-0.5487109
-0.5538686
-0.5489813
-0.56079
-0.5518286
-0.5574631
-0.5399828
-0.5455281
-0.5436669
-0.5503013
-0.5492117
-0.55428034
-0.55855507
-0.54717374
-0.56685066
-0.56057274
-0.5666338
-0.5639311
-0.5719615
-0.5521785
-0.55260617
-0.5490483
-0.57034
-0.5642297
-0.5515407
-0.5664888
-0.5560367
-0.5636678
-0.55492747
-0.56577957
-0.56714046
-0.5462831
-0.5605208
-0.5608848
-0.56134915
-0.5637159
-0.5535233
-0.56006795
-0.571641
-0.5628602
-0.56377214
-0.555132
-0.57291436
-0.5555386
-0.57069916
-0.5641673
-0.5714367
-0.57048845
-0.5820097
-0.56359535
-0.57347846
-0.57247967
-0.5669715
-0.5525604
-0.58280915
-0.55935806
-0.58516777
-0.5732831
-0.57974625
-0.5786162
-0.5791576
-0.56921554
-0.5863442
-0.5776314
-0.59198904
-0.5791435
-0.5664282
-0.5617668
-0.58303493
-0.5973287
-0.56818295
-0.58546174
-0.5725666
-0.578989
-0.5801428
-0.58191675
-0.5925582
-0.578958
-0.58501405
-0.57505226
-0.5875976
-0.582464
-0.59012955
-0.5820736
-0.59170043
-0.5862036
-0.5823479
-0.58616
-0.5909205
-0.5942836
-0.5881239
-0.5974649
-0.59349924
-0.6071495
-0.5831755
-0.58260834
-0.59283096
-0.6005641
-0.6024941
-0.588279
-0.60595214
-0.59541774
-0.6072509
-0.6022774
-0.5888557
-0.5995118
-0.5962741
-0.60317904
-0.5984682
-0.60601276
-0.60756993
-0.6049764
-0.59662616
-0.60434955
-0.598671
-0.5905574
-0.6058751
-0.6088279
-0.5984375
-0.60429585
-0.61288136
-0.6065054
-0.6053285
-0.5945119
-0.60881996
-0.5998943
-0.60391694
-0.6041112
-0.6024125
-0.6021096
-0.60713077
-0.61260325
-0.61473197
-0.6099768
-0.6081576
-0.6132127
-0.6251058
-0.6201927
-0.61898595
-0.6015341
-0.6125082
-0.61901945
-0.6198495
-0.62412107
-0.62148714
-0.61613166
-0.624086
-0.62223715
-0.6097223
-0.6109536
-0.61319536
-0.60780215
-0.6293046
-0.63210356
-0.6143898
-0.6269189
-0.61614025
-0.6226838
-0.63206947
-0.62040806
-0.6219615
-0.624238
-0.6268497
-0.6337267
-0.6363319
-0.62089604
-0.61952573
-0.6272961
-0.6296265
-0.62417173
-0.6198546
-0.6279786
-0.61959326
-0.63101774
-0.62490207
-0.63307023
-0.6188681
-0.63510525
-0.6339487
-0.63395286
-0.6324075
-0.62856656
-0.63931394
-0.62908614
-0.6322444
-0.63123053
-0.63557494
-0.6290254
-0.6251727
-0.6209571
-0.62330556
-0.63173985
-0.63862914
-0.63679636
-0.63586026
-0.6331851
-0.63782704
-0.6346513
-0.6339602
-0.63359517
-0.63515055
-0.6327438
-0.6509542
-0.6375076
-0.6419839
-0.63801676
-0.630279
-0.6364865
-0.62819535
-0.64394563
-0.6398095
-0.64480007
-0.6356661
-0.6416578
-0.62913907
-0.652162
-0.6378753
-0.6375605
-0.64386994
-0.64017
-0.6521824
-0.64816976
-0.6552012
-0.63452077
-0.64712757
-0.65029097
-0.6472099
-0.6460144
-0.6394538
-0.6472299
-0.6453784
-0.6487163
-0.64789385
-0.65599203
-0.63991326
-0.6508529
-0.6399433
-0.64985996
-0.6571314
-0.65820384
-0.6505287
-0.64783895
-0.6532425
-0.6460444
-0.6457936
-0.642186
-0.6450036
-0.6591325
-0.6442365
-0.65397584
-0.65462756
-0.64977646
-0.64402944
-0.6509571
-0.6469383
-0.64665395
-0.6520821
-0.6482448
-0.6538546
-0.6409954
-0.6446031
-0.6593008
-0.6613247
-0.6644912
-0.6568885
-0.660761
-0.6569928
-0.6488506
-0.6581012
-0.65595883
-0.65031785
-0.65939415
-0.661543
-0.65076596
-0.65176797
-0.6567228
-0.65820926
-0.650171
-0.65881264
-0.656112
-0.65109146
-0.6506522
-0.64468545
-0.6567679
-0.66485035
-0.6613849
-0.6566219
-0.6564945
-0.6638018
-0.64633137
-0.6564661
-0.6664235
-0.6539714
-0.6666077
-0.6633331
-0.65733564
-0.6489182
-0.6589561
-0.6647976
-0.65645176
-0.6549507
-0.66227365
-0.6630238
-0.66147286
-0.65013814
-0.66961426
-0.6518419
-0.6505932
-0.6582476
-0.6627921
-0.66602236
-0.67347765
-0.65351975
-0.6662137
-0.6508
-0.65638953
-0.66031194
-0.6663527
-0.65720206
-0.66195774
-0.662415
-0.662451
-0.6699383
-0.6575708
-0.6565452
-0.66755116
-0.65943
-0.66914856
-0.6645902
-0.6601345
-0.6711503
-0.6607346
-0.6692949
-0.66540444
-0.674677
-0.65969926
-0.6625577
-0.65785986
-0.673087
-0.66673285
-0.66372865
-0.6737749
-0.67041725
-0.6632516
-0.666692
-0.6681294
-0.6684517
-0.66506284
-0.65986335
-0.6754042
-0.6717322
-0.6674179
-0.6642359
-0.66200924
-0.6745971
-0.6648405
-0.66992587
-0.6688972
-0.66581345
-0.6617112
-0.66752803
-0.66796994
-0.66429675
-0.6768558
-0.6665678
-0.66918284
-0.6724096
-0.6778775
-0.6703864
-0.6656039
-0.6741377
-0.67368585
-0.6673144
-0.67219466
-0.6735041
-0.6644289
-0.6629003
-0.666951
-0.67310166
-0.67828685
-0.6695062
-0.67567575
-0.6713027
-0.68626076
-0.6743334
-0.6682913
-0.6780995
-0.6743671
-0.6707765
-0.6637945
-0.6706707
-0.66007864
-0.6741683
-0.6685802
-0.6713747
-0.6691071
-0.6766594
-0.67278606
-0.6735903
-0.6843545
-0.67339647
-0.6766546
-0.68124694
-0.6798708
-0.6692786
-0.6773796
-0.6761085
-0.6789504
-0.67306006
-0.6680457
-0.6741579
-0.6770313
-0.6779421
-0.68543994
-0.6845168
-0.68001306
-0.674048
-0.680801
-0.6741464
-0.663227
-0.6802785
-0.6688575
-0.6776502
-0.67404306
-0.6719581
-0.67862415
-0.692251
-0.67294264
-0.6818206
-0.67247945
-0.68219155
-0.68090427
-0.6844954
-0.6817858
-0.68386304
-0.6867199
-0.6828791
-0.6795778
-0.6876343
-0.6919988
-0.6874656
-0.6813054
-0.6877265
-0.69568014
-0.67733496
-0.677258
-0.67942107
-0.6914786
-0.6966246
-0.6808336
-0.6861676
-0.6802318
-0.69008803
-0.67660844
-0.67877114
-0.6943163
-0.68573296
-0.6919487
-0.6773786
-0.6814996
-0.67851377
-0.68429977
-0.6828094
-0.67886853
-0.68611825
-0.6790682
-0.68306
-0.68616843
-0.68828976
-0.69008505
-0.6852308
-0.6781978
-0.68992066
-0.70447683
-0.6893712
-0.68771
-0.69695044
-0.6874988
-0.6966965
-0.6994671
-0.68955266
-0.697248
-0.690571
-0.693257
-0.6875341
-0.6845669
-0.68882483
-0.6973957
-0.6802948
-0.6833745
-0.6939147
-0.69371307
-0.70144135
-0.69449884
-0.6990636
-0.68735313
-0.70139915
-0.7064182
-0.69298965
-0.698057
-0.6948901
-0.6910565
-0.6918687
-0.6929388
-0.7000102
-0.700286
-0.6953495
-0.69500095
-0.69443923
-0.69246554
-0.705315
-0.70497704
-0.70059097
-0.6959665
-0.699756
-0.699178
-0.71065354
-0.70491993
-0.70395327
-0.713404
-0.7051361
-0.6942953
-0.700089
-0.7087525
-0.70967627
-0.69900346
-0.70503396
-0.70972085
-0.7001755
-0.71321833
-0.71244496
-0.7091902
-0.71923196
-0.7197814
-0.70000833
-0.71363217
-0.71980065
-0.7147999
-0.7049852
-0.702144
-0.7099965
-0.71382797
-0.70372325
-0.71328425
-0.7213898
-0.7117155
-0.71332234
-0.7220186
-0.70756596
-0.7202514
-0.71997285
-0.725019
-0.71876276
-0.7309613
-0.7272376
-0.7215722
-0.72584206
-0.7220692
-0.7288908
-0.73090094
-0.7288947
-0.74401814
-0.7375441
-0.7309303
-0.7358435
-0.74425304
-0.72905314
-0.7371405
-0.74131495
-0.7465684
-0.73870057
-0.73776644
-0.75445485
-0.7522782
-0.74684554
-0.75251245
-0.755881
-0.7615494
-0.76150584
-0.76774764
-0.76589006
-0.7630589
-0.7696875
-0.77433366
-0.77173406
-0.7789706
-0.7749188
-0.77168125
-0.77729595
-0.78535867
-0.78959864
-0.78554785
-0.7846025
-0.7870631
-0.77816546
-0.78586537
-0.79493386
-0.79084295
-0.7912681
-0.7958597
-0.80234903
-0.8069521
-0.80784655
-0.81373227
-0.80726445
-0.8223767
-0.8151484
-0.81878895
-0.8234043
-0.82290685
-0.8226306
-0.82364845
-0.826461
-0.83730114
-0.8258467
-0.8292777
-0.8349111
-0.8359786
-0.8395275
-0.83870953
-0.8435032
-0.8414327
-0.8470251
-0.8461455
-0.85056096
-0.85640764
-0.8530418
-0.8592357
-0.85569483
-0.8587624
-0.8597067
-0.86518973
-0.866681
-0.86681557
-0.8684835
-0.87223476
-0.86719793
-0.8708894
-0.87383103
-0.87726843
-0.87927985
-0.8777179
-0.8757692
-0.87611914
-0.88184035
-0.8891233
-0.8838234
-0.8797383
-0.88729954
-0.88668245
-0.8886651
-0.88741374
-0.888927
-0.88879365
-0.88799936
-0.8903692
-0.8864484
-0.89362437
-0.894566
-0.8939836
-0.89307207
-0.89365226
-0.8966515
-0.8944383
-0.8995569
-0.8929907
-0.8965677
-0.8947641
-0.8988748
-0.90043914
-0.8973592
-0.89891016
-0.90346074
-0.8993489
-0.89977336
-0.9012525
-0.9015173
-0.90301293
-0.9058317
-0.90133315
-0.9031162
-0.90330166
-0.90298307
-0.9024654
-0.89996266
-0.90582496
-0.9032639
-0.9060661
-0.9039677
-0.90238726
-0.90642947
-0.9078981
-0.90812624
-0.9070713
-0.9063866
-0.9079616
-0.91035324
-0.908416
-0.9076651
-0.90493464
-0.9070759
-0.9092644
-0.91456383
-0.90942806
-0.9113197
-0.9110814
-0.91024137
-0.91163737
-0.9162316
-0.911542
-0.9101619
-0.90883106
-0.91119444
-0.9122347
-0.91560763
-0.916044
-0.9156848
-0.91346407
-0.9163699
-0.9166022
-0.9148364
-0.917268
-0.91938716
-0.9160411
-0.91876405
-0.91939753
-0.91937065
-0.91566646
-0.91450685
-0.92157924
-0.92004603
-0.9207909
-0.9202955
-0.91708314
-0.9185061
-0.92063844
-0.9155246
-0.9184984
-0.91979593
-0.9216475
-0.92009646
-0.9201079
-0.9221826
-0.92317873
-0.92393667
-0.92361945
-0.9249869
-0.923143
-0.92589796
-0.9245151
-0.92772824
-0.923442
-0.9254305
-0.9275092
-0.925328
-0.9261078
-0.9228846
-0.9278635
-0.9240081
-0.9274116
-0.92215955
-0.92556596
-0.9270471
-0.9290808
-0.922686
-0.92560405
-0.9280791
-0.9258876
-0.9257193
-0.9287563
-0.92748404
-0.9274777
-0.92973983
-0.9277708
-0.93037623
-0.92599803
-0.9268204
-0.9284581
-0.9297506
-0.9318946
-0.9267613
-0.93011934
-0.93068284
-0.9296496
-0.930169
-0.9298522
-0.9305794
-0.93073684
-0.92984295
-0.9321949
-0.93050355
-0.93089813
-0.93193513
-0.93048507
-0.93145984
-0.93097633
-0.9299142
-0.9299376
-0.9340746
-0.93074834
-0.9300299
-0.93549204
-0.9330287
-0.93354183
-0.9340397
-0.93524253
-0.93345135
-0.9366272
-0.9330641
-0.9337792
-0.93346083
-0.93545973
-0.9357624
-0.93327934
-0.93340904
-0.93290967
-0.9369745
-0.93547785
-0.93322414
-0.9366621
-0.9349283
-0.9346736
-0.936143
-0.9372253
-0.93799245
-0.9360217
-0.9378495
-0.93727106
-0.9344793
-0.9394434
-0.9390402
-0.9386054
-0.93794364
-0.9404571
-0.93960214
-0.937126
-0.9390986
-0.9399936
-0.9402846
-0.9406707
-0.93958944
-0.93817556
-0.9379851
-0.94077593
-0.942262
-0.93854755
-0.93975914
-0.9440654
-0.9397237
-0.94171137
-0.93908703
-0.9396241
-0.9431108
-0.9372792
-0.94028014
-0.94043744
-0.94162303
-0.94403344
-0.94346154
-0.9424969
-0.9411381
-0.9428991
-0.9421485
-0.94103974
-0.9415079
-0.94259936
-0.9433067
-0.9429358
-0.94344765
-0.9444163
-0.94386333
-0.94236314
-0.94511586
-0.94495976
-0.94037485
-0.9434966
-0.9444807
-0.9468684
-0.9441519
-0.94219476
-0.9424137
-0.9464652
-0.9446992
-0.9459789
-0.9444829
-0.9459252
-0.94297755
-0.946275
-0.94614595
-0.9441334
-0.944218
-0.94590604
-0.9450614
-0.9431285
-0.9460128
-0.9418472
-0.9464278
-0.9451415
-0.946714
-0.9442393
-0.9455562
-0.94570416
-0.9429588
-0.946341
-0.9422658
-0.94869244
-0.94231206
-0.9450141
-0.9501176
-0.94570017
-0.9439013
-0.94533837
-0.94901633
-0.9469195
-0.95032775
-0.94599736
-0.9435138
-0.94556475
-0.9463663
-0.948538
-0.94867384
-0.9457875
-0.9507454
-0.94582784
-0.9466019
-0.94635534
-0.94921446
-0.9506318
-0.94853413
-0.9508778
-0.95142365
-0.94856775
-0.9469693
-0.94693625
-0.9462981
-0.94989514
-0.9466321
-0.9460629
-0.9500143
-0.9496707
-0.9511704
-0.9489417
-0.9480476
-0.9489302
-0.95018125
-0.9476704
-0.947262
-0.9512565
-0.94874007
-0.94736505
-0.95212495
-0.9460005
-0.9464263
-0.9486855
-0.94988894
-0.94861525
-0.94896257
-0.9514035
-0.94829345
-0.9500673
-0.9481653
-0.95131767
-0.9487995
-0.94848436
-0.95048815
-0.9501958
-0.94899464
-0.9493762
-0.9516452
-0.947393
-0.949835
-0.9514055
-0.94982445
-0.9501668
-0.95117617
-0.94944507
-0.95069087
-0.95432943
-0.94877774
-0.9521555
-0.9513988
-0.9474612
-0.95085204
-0.95023185
-0.94757116
-0.9506776
-0.9533783
-0.9503794
-0.9513062
-0.9507749
-0.95251435
-0.9485527
-0.9516626
-0.95220613
-0.9509221
-0.95169055
-0.95043164
-0.949997
-0.9509834
-0.9506925
-0.95247334
-0.95169854
-0.9555326
-0.95308644
-0.94956756
-0.9544017
-0.95083904
-0.94979644
-0.95373046
-0.9505923
-0.95263636
-0.9538688
-0.95314133
-0.95477206
-0.9537347
-0.95464176
-0.95390743
-0.9526609
-0.9527941
-0.951928
-0.95342815
-0.95396394
-0.9551775
-0.9553246
-0.95309985
-0.95494455
-0.9532284
-0.953268
-0.95585084
-0.9531744
-0.9551084
-0.9567193
-0.95551616
-0.9539537
-0.9568415
-0.9533465
-0.9528579
-0.95462584
-0.9560424
-0.95338035
-0.9571887
-0.9534572
-0.95374936
-0.95580536
-0.9551979
-0.95733666
-0.95560676
-0.954415
-0.95590556
-0.9581219
-0.9573308
-0.95472753
-0.9538826
-0.95657104
-0.9566018
-0.95511293
-0.9563531
-0.9565822
-0.9562113
-0.9564311
-0.95515245
-0.9559927
-0.95704645
-0.9561876
-0.9576606
-0.95406955
-0.9526299
-0.9551604
-0.9591003
-0.95620334
-0.9546724
-0.958106
-0.9589377
-0.9564939
-0.9593667
-0.956
-0.9581526
-0.95897907
-0.9583838
-0.959058
-0.9576727
-0.9582941
-0.95523036
-0.95909107
-0.96063995
-0.9555903
-0.95967907
-0.9597199
-0.9539048
-0.9589541
-0.9606263
-0.9582555
-0.9601518
-0.95874685
-0.9578891
-0.9598881
-0.9597027
-0.9604114
-0.9561656
-0.9602659
-0.9555557
-0.959416
-0.95934606
-0.9594534
-0.9617318
-0.9590163
-0.9581296
-0.9594529
-0.9603448
-0.9591396
-0.95846343
-0.96182716
-0.95988953
-0.96028274
-0.9595951
-0.96182936
-0.96014017
-0.9584988
-0.96093434
-0.9593166
-0.9612688
-0.96130097
-0.9612075
-0.9584961
-0.9593607
-0.9608677
-0.9608838
-0.9583361
-0.96104515
-0.96146613
-0.96154463
-0.95797867
-0.95925456
-0.96130145
-0.961587
-0.96220386
-0.95924413
-0.96054167
-0.9604291
-0.96130115
-0.9614936
-0.9616066
-0.9617392
-0.96150583
-0.9612217
-0.9637607
-0.96094507
-0.9629071
-0.95916003
-0.96210945
-0.9628302
-0.9620516
-0.960292
-0.9616914
-0.9624302
-0.9621763
-0.96212375
-0.9619868
-0.9626846
-0.9612453
-0.96176827
-0.9628964
-0.96293664
-0.96222526
-0.96258265
-0.9622917
-0.95918995
-0.9603991
-0.9617999
-0.9619112
-0.9626638
-0.96223384
-0.9628355
-0.96170765
-0.9630712
-0.96337634
-0.9625789
-0.9632055
-0.96334684
-0.96202415
-0.9618163
-0.9618292
-0.9642074
-0.9626115
-0.960235
-0.9611515
-0.9612863
-0.9653061
-0.9623508
-0.963315
-0.96418774
-0.96475214
-0.96454674
-0.9626544
-0.96264327
-0.96360385
-0.9649579
-0.9638498
-0.96377325
-0.96385854
-0.964017
-0.96457237
-0.96299934
-0.96403694
-0.9631188
-0.96500754
-0.964839
-0.9631344
-0.9646563
-0.96552944
-0.96468735
-0.9644665
-0.9671219
-0.96598345
-0.9656423
-0.96625865
-0.96660614
-0.96506727
-0.96511024
-0.9659445
-0.96396613
-0.9637786
-0.96657103
-0.96644855
-0.96447814
-0.96416414
-0.96516764
-0.9633499
-0.9674587
-0.9652601
-0.96643
-0.96639854
-0.9635217
-0.9682251
-0.965868
-0.9673227
-0.9648939
-0.9664727
-0.9664947
-0.9665928
-0.966285
-0.9691706
-0.9655285
-0.9662136
-0.96684057
-0.966449
-0.9654471
-0.96619725
-0.9685744
-0.9691436
-0.9674234
-0.9679979
-0.9656336
-0.9677483
-0.967885
-0.9661877
-0.97046226
-0.96802384
-0.96905315
-0.9701661
-0.9695577
-0.96976703
-0.9700226
-0.9702501
-0.9705095
-0.97123384
-0.97181135
-0.97037226
-0.970966
-0.97086847
-0.97287107
-0.971706
-0.9732487
-0.97273576
-0.9723155
-0.97180384
-0.9726452
-0.97220206
-0.9730744
-0.9740299
-0.97455806
-0.9742997
-0.9731964
-0.97324634
-0.97428614
-0.97415566
-0.9743468
-0.97398484
-0.9737407
-0.9754204
-0.9748
-0.9751347
-0.9742076
-0.97521013
-0.9761039
-0.97498184
-0.97649324
-0.97565794
-0.9749362
-0.97530895
-0.97640663
-0.97572666
-0.9761587
-0.97705173
-0.97678965
-0.977049
-0.97645056
-0.97702116
-0.97608376
-0.97697884
-0.9774617
-0.9775137
-0.97644037
-0.97833914
-0.97782946
-0.97789335
-0.9782513
-0.97857547
-0.97693795
-0.9801974
-0.97783196
-0.97783494
-0.9785803
-0.97902375
-0.97804004
-0.97849846
-0.9808232
-0.9809052
-0.9799937
-0.9790531
-0.9800204
-0.98027545
-0.98060054
-0.97860795
-0.9796536
-0.9811312
-0.9821652
-0.9809255
-0.9805774
-0.98213977
-0.98206854
-0.9826858
-0.9822854
-0.9815767
-0.9822269
-0.98234653
-0.9823752
-0.983262
-0.9824806
-0.98311305
-0.9826499
-0.9840486
-0.9830408
-0.98429394
-0.98380923
-0.9837206
-0.9847468
-0.9835456
-0.9834714
-0.98411095
-0.9840142
-0.9844159
-0.98510754
-0.9847712
-0.9852886
-0.98525923
-0.984457
-0.9850412
-0.98555344
-0.98478174
-0.98609364
-0.9858252
-0.98585165
-0.98604476
-0.9858247
-0.9859118
-0.9854372
-0.98639405
-0.986359
-0.9855593
-0.98553646
-0.98529905
-0.9859501
-0.98607415
-0.9861197
-0.98593473
-0.9867866
-0.9867288
-0.9866806
-0.9867425
-0.98745024
-0.9862764
-0.9864748
-0.9863698
-0.9867381
-0.98665494
-0.98696655
-0.98743796
-0.98730046
-0.9876187
-0.9878613
-0.9874558
-0.9880181
-0.98786086
-0.98773944
-0.98725766
-0.98793757
-0.9872955
-0.9882263
-0.9884356
-0.9881723
-0.987592
-0.98842984
-0.98814386
-0.9888
-0.9883714
-0.98868454
-0.9887561
-0.9878589
-0.98834497
-0.98835367
-0.9889819
-0.9885045
-0.9886875
-0.98900187
-0.98904264
-0.9886308
-0.9890622
-0.9888829
-0.9885218
-0.9888249
-0.98855066
-0.9888437
-0.98872787
-0.9893426
-0.9895248
-0.98947746
-0.9888427
-0.98901194
-0.98884594
-0.9897174
-0.9890042
-0.98907155
-0.98917896
-0.9891748
-0.98960775
-0.98980105
-0.98966295
-0.9896421
-0.989624
-0.98953146
-0.9900045
-0.9892673
-0.98993057
-0.99035543
-0.98966956
-0.99018395
-0.9901465
-0.9895987
-0.98988134
-0.99023896
-0.98995465
-0.99034256
-0.9894746
-0.98985565
-0.990806
-0.9905036
-0.99038684
-0.9899996
-0.99006015
-0.99080676
-0.990477
-0.99053323
-0.99014306
-0.99036604
-0.9900214
-0.9903746
-0.99105984
-0.9906265
-0.99055326
-0.9908019
-0.99099207
-0.9907707
-0.9908353
-0.9903658
-0.99078655
-0.990588
-0.9906029
-0.991248
-0.9910037
-0.9912375
-0.9906927
-0.9911549
-0.99094933
-0.9906585
-0.99172896
-0.99107146
-0.9915566
-0.9913057
-0.99089855
-0.9914606
-0.9912162
-0.9915399
-0.9916474
-0.99139285
-0.9911625
-0.99179953
-0.9914914
-0.9915729
-0.9922042
-0.9909642
-0.99128306
-0.99224263
-0.9916429
-0.99190193
-0.9914764
-0.9914369
-0.99195653
-0.99145526
-0.991868
-0.99182063
-0.9918848
-0.9920753
-0.9917976
-0.99217606
-0.99235463
-0.9917943
-0.9918908
-0.99192667
-0.9915321
-0.99202895
-0.99210536
-0.99162555
-0.9918482
-0.9923455
-0.9921986
-0.99233925
-0.99173725
-0.9924209
-0.9925213
-0.9921756
-0.99280906
-0.9921099
-0.9921295
-0.9928941
-0.99270415
-0.9922888
-0.9927505
-0.99260885
-0.99258876
-0.99278516
-0.99217564
-0.992694
-0.9925905
-0.9928073
-0.99205667
-0.9929403
-0.9927664
-0.9929734
-0.9926451
-0.99307567
-0.9934353
-0.99252987
-0.9937145
-0.99290776
-0.9928057
-0.99318504
-0.9934261
-0.9928901
-0.99323004
-0.9935872
-0.99281543
-0.993467
-0.99343556
-0.99356955
-0.9933294
-0.9931395
-0.99334085
-0.99294055
-0.9931401
-0.99367017
-0.9933524
-0.9937704
-0.99338526
-0.99349254
-0.99345535
-0.99357814
-0.99372214
-0.9936799
-0.9937615
-0.9939614
-0.9936206
-0.9938495
-0.99379456
-0.9939902
-0.99383837
-0.9934587
-0.99364144
-0.993758
-0.99375856
-0.99372673
-0.99375516
-0.9940064
-0.99394095
-0.99373955
-0.99368244
-0.9936939
-0.9940615
-0.9939614
-0.99396235
-0.99436295
-0.9941081
-0.9942659
-0.9942872
-0.99425125
-0.9940011
-0.99425143
-0.993992
-0.99411833
-0.9944174
-0.99423647
-0.99425715
-0.9941428
-0.9943286
-0.9944428
-0.994035
-0.994173
-0.9943131
-0.99414885
-0.9942727
-0.99468935
-0.9947515
-0.9941011
-0.99461156
-0.9943938
-0.9945882
-0.9944062
-0.99444884
-0.9944337
-0.99460053
-0.9943935
-0.99461
-0.99452204
-0.9948329
-0.994618
-0.9946083
-0.9946531
-0.99466574
-0.9945824
-0.99477917
-0.9945921
-0.9946411
-0.99482083
-0.9949806
-0.9946661
-0.99474066
-0.9945288
-0.99456465
-0.9944599
-0.99485886
-0.99506444
-0.9948777
-0.99484926
-0.99477285
-0.9947916
-0.99469864
-0.99503666
-0.994613
-0.9948875
-0.99499696
-0.9950103
-0.99463594
-0.9948564
-0.9952657
-0.99481547
-0.9951046
-0.99487305
-0.9949779
-0.9950726
-0.9950829
-0.99518627
-0.9951655
-0.9951615
-0.99479395
-0.9953719
-0.9952063
-0.99487865
-0.9949334
-0.99514985
-0.99492794
-0.99491924
-0.9952965
-0.9951216
-0.9952079
-0.9950879
-0.9952336
-0.99542445
-0.99513924
-0.99539495
-0.995302
-0.9952742
-0.99538326
-0.99539053
-0.99553025
-0.9954938
-0.99550617
-0.9954205
-0.9954683
-0.9954376
-0.99532175
-0.9953864
-0.99551034
-0.9952887
-0.99522674
-0.9955628
-0.9951938
-0.99541754
-0.9956398
-0.99538505
-0.9949403
-0.9952361
-0.995505
-0.9953207
-0.9951083
-0.9957386
-0.99560773
-0.99511296
-0.99545366
-0.99579215
-0.9955194
-0.99541736
-0.9959514
-0.9953499
-0.995368
-0.99532837
-0.9957366
-0.99566144
-0.99569124
-0.9956037
-0.99569744
-0.9956978
-0.99578446
-0.9956163
-0.9958177
-0.99582523
-0.99568075
-0.99591726
-0.9957985
-0.9959755
-0.99579763
-0.9959032
-0.9958715
-0.99579895
-0.9959997
-0.9958277
-0.9960115
-0.99589634
-0.9956595
-0.99582577
-0.99598145
-0.9961698
-0.9957463
-0.9957936
-0.9960725
-0.9959564
-0.99583995
-0.99601203
-0.99609333
-0.9957762
-0.9957682
-0.9957679
-0.99566776
-0.9958937
-0.99575275
-0.9957805
-0.9960098
-0.9960685
-0.99603295
-0.9960125
-0.99605143
-0.9960879
-0.9959636
-0.9960873
-0.9961018
-0.99600935
-0.99610597
-0.99608576
-0.99615175
-0.99605465
-0.99609965
-0.9958846
-0.9960238
-0.9961033
-0.9961108
-0.9962656
-0.9961871
-0.9961905
-0.9960831
-0.9962664
-0.9961086
-0.99612546
-0.9960479
-0.9962006
-0.9962177
-0.9961971
-0.996039
-0.9962404
-0.9960797
-0.99624115
-0.99622226
-0.9963124
-0.99625355
-0.9962535
-0.9962596
-0.99633545
-0.9963299
-0.99618286
-0.9963002
-0.99640346
-0.9962295
-0.9963546
-0.99638474
-0.9962708
-0.9963039
-0.99638426
-0.99638957
-0.9963711
-0.9963253
-0.99640894
-0.99629664
-0.9962663
-0.9962978
-0.9961729
-0.9963006
-0.9964324
-0.99640197
-0.9964559
-0.99635947
-0.9962969
-0.99629444
-0.9965251
-0.9962445
-0.99638844
-0.9964479
-0.9963084
-0.99654657
-0.9965325
-0.9964164
-0.9964327
-0.9964936
-0.9962653
-0.99662644
-0.99644136
-0.9963265
-0.9962912
-0.9961329
-0.9961848
-0.99639904
-0.9963326
-0.9962548
-0.99650866
-0.9964929
-0.99658495
-0.9965106
-0.9966681
-0.9965358
-0.99632365
-0.99625427
-0.9964356
-0.9966439
-0.9965838
-0.99656475
-0.9964843
-0.99667734
-0.99661255
-0.99641544
-0.9964621
-0.99661785
-0.9962461
-0.99642354
-0.9965002
-0.9965494
-0.9965468
-0.99628705
-0.99657017
-0.9963922
-0.9964976
-0.99653375
-0.9964914
-0.9966368
-0.9967484
-0.9966197
-0.99665576
-0.99664927
-0.9966684
-0.99656945
-0.9964919
-0.99644715
-0.99651116
-0.99666554
-0.99661535
-0.9967338
-0.9964089
-0.99631965
-0.99636126
-0.99672234
-0.9966323
-0.9963841
-0.99644333
-0.9967083
-0.9968135
-0.99645376
-0.99670345
-0.9967351
-0.9967231
-0.9966548
-0.99677384
-0.9967694
-0.996423
-0.99660355
-0.99680954
-0.9967197
-0.9965828
-0.9965719
-0.9966274
-0.996812
-0.9968084
-0.99671555
-0.99655336
-0.9968235
-0.9967623
-0.9965427
-0.9964465
-0.99667
-0.99679244
-0.99673265
-0.99677813
-0.99692756
-0.99694943
-0.9968582
-0.99676496
-0.9969321
-0.99688333
-0.9968465
-0.9966721
-0.9968096
-0.9967414
-0.9966001
-0.99688435
-0.9969749
-0.99699354
-0.99696124
-0.996825
-0.9969477
-0.99689364
-0.9968473
-0.9968412
-0.996844
-0.996841
-0.99688894
-0.9969758
-0.9969768
-0.9968042
-0.9968711
-0.99697065
-0.9968867
-0.9969388
-0.99694455
-0.99691033
-0.9967075
-0.99685097
-0.99691015
-0.99690616
-0.9967857
-0.99690884
-0.99689907
-0.99699503
-0.99678797
-0.9969708
-0.9969592
-0.9970529
-0.996945
-0.9968827
-0.99694735
-0.9969912
-0.99695325
-0.9969878
-0.9971063
-0.9970898
-0.9966018
-0.9965809
-0.9969184
-0.99708635
-0.9969641
-0.99696165
-0.99688405
-0.9971487
-0.99701095
-0.99691767
-0.9971581
-0.9970527
-0.99694103
-0.9970748
-0.997054
-0.99687684
-0.9970562
-0.9970241
-0.9971214
-0.99697715
-0.99697953
-0.99694943
-0.9971535
-0.9968695
-0.9970344
-0.9968869
-0.9971853
-0.99705106
-0.99709505
-0.9970931
-0.99717844
-0.9969182
-0.9970566
-0.9971205
-0.99705964
-0.9969943
-0.99710685
-0.99710715
-0.9971359
-0.99704784
-0.99724174
-0.9972358
-0.9969972
-0.9971213
-0.99718565
-0.9970897
-0.99703896
-0.99713784
-0.99704784
-0.9970855
-0.9972067
-0.9971159
-0.9972286
-0.997166
-0.9971149
-0.9969492
-0.9970921
-0.9971048
-0.9972603
-0.9971316
-0.99708337
-0.99722594
-0.9971036
-0.9971389
-0.9972351
-0.9971046
-0.9971139
-0.9971334
-0.99727535
-0.99716425
-0.9972513
-0.9971092
-0.9971595
-0.99701816
-0.9971017
-0.9970735
-0.9971076
-0.9971725
-0.9971238
-0.99701405
-0.99701595
-0.99712634
-0.99704486
-0.9967173
-0.9971126
-0.99712956
-0.9972102
-0.99700505
-0.9971326
-0.9973204
-0.99731797
-0.997126
-0.99722296
-0.99713486
-0.997049
-0.99727947
-0.99726087
-0.9972309
-0.99713886
-0.9972232
-0.99720126
-0.9972032
-0.99727964
-0.9973203
-0.99711394
-0.99720967
-0.9972645
-0.99735624
-0.99710846
-0.99733794
-0.99724895
-0.99714845
-0.9972483
-0.9972672
-0.9970316
-0.9972621
-0.9971487
-0.99729985
-0.99732316
-0.99732876
-0.997052
-0.99714875
-0.99714893
-0.9972596
-0.99720114
-0.9971529
-0.99731827
-0.9971406
-0.997097
-0.9971246
-0.99731266
-0.9972892
-0.99707335
-0.9972325
-0.9972255
-0.99722284
-0.997274
-0.99723274
-0.99725795
-0.9972229
-0.9971766
-0.99701315
-0.99724776
-0.9973214
-0.9973483
-0.9972275
-0.99723786
-0.99721676
-0.99730504
-0.9972034
-0.9972438
-0.9974446
-0.9973012
-0.9972985
-0.99716765
-0.99725026
-0.99730957
-0.99726474
-0.9972345
-0.9973248
-0.9974291
-0.99739635
-0.99755543
-0.997356
-0.997476
-0.9972392
-0.9973822
-0.99743074
-0.99736387
-0.9974683
-0.9972629
-0.9974002
-0.9973491
-0.9974566
-0.997274
-0.9972293
-0.99724483
-0.99736506
-0.9972906
-0.99741334
-0.99734837
-0.9973993
-0.9972876
-0.99738944
-0.9975374
-0.9973962
-0.9973179
-0.99735004
-0.99738806
-0.9973395
-0.9970284
-0.99706703
-0.99717116
-0.99733543
-0.99741066
-0.9972105
-0.9968347
-0.99715966
-0.99737126
-0.99719733
-0.9971344
-0.9970929
-0.99731743
-0.99717796
-0.99713165
-0.9973409
-0.9974511
-0.9974865
-0.99748766
-0.9974035
-0.9972819
-0.9972607
-0.99739486
-0.9973635
-0.99732965
-0.99716055
-0.9971495
-0.9973636
-0.9973895
-0.9971031
-0.99704176
-0.99733686
-0.99754506
-0.99735177
-0.9974453
-0.99727803
-0.99729836
-0.99716103
-0.99733025
-0.99752146
-0.9972558
-0.9973126
-0.9973705
-0.997435
-0.99700946
-0.99719334
-0.99747944
-0.99731004
-0.997131
-0.9972099
-0.99748486
-0.99735427
-0.99730307
-0.997381
-0.99742085
-0.9973897
-0.9975126
-0.9974978
-0.99755836
-0.9974054
-0.9974027
-0.99736995
-0.99721515
-0.9973467
-0.9973711
-0.9973995
-0.9973969
-0.9973839
-0.9974028
-0.9973481
-0.997444
-0.9975302
-0.9974424
-0.9975067
-0.99751717
-0.997356
-0.9974803
-0.9973863
-0.9975792
-0.9975236
-0.99735385
-0.9971735
-0.9974434
-0.99743766
-0.997382
-0.9974642
-0.9974715
-0.99745476
-0.9976717
-0.9974684
-0.99744916
-0.9975216
-0.9976106
-0.9975681
-0.9975404
-0.99751204
-0.99750966
-0.99754703
-0.9974198
-0.9975004
-0.9974517
-0.9974586
-0.9975214
-0.9975463
-0.99755764
-0.99757427
-0.9974454
-0.9973254
-0.9974881
-0.99753755
-0.9974913
-0.9972009
-0.99703014
-0.99725884
-0.9975933
-0.99753857
-0.9974081
-0.9973967
-0.9976545
-0.9976473
-0.99739593
-0.9975233
-0.99759626
-0.997404
-0.99752337
-0.99749887
-0.99759084
-0.9975546
-0.9974872
-0.9975545
-0.9976553
-0.9974647
-0.9976019
-0.9974609
-0.99762493
-0.9973453
-0.9974835
-0.9974914
-0.9975245
-0.99759746
-0.997569
-0.9975741
-0.9975155
-0.99743605
-0.99746484
-0.99762076
-0.9975597
-0.99743956
-0.9973451
-0.9974613
-0.9975751
-0.997688
-0.9977172
-0.9974787
-0.9975644
-0.99759996
-0.9974939
-0.99756616
-0.9975465
-0.997446
-0.9975955
-0.9976497
-0.99752533
-0.9976236
-0.9974556
-0.9975675
-0.99755675
-0.9974561
-0.9974898
-0.9975625
-0.9975674
-0.99727535
-0.9974517
-0.9975523
-0.9974872
-0.9973101
-0.99753827
-0.9974265
-0.9973802
-0.997175
-0.9974109
-0.99751556
-0.9974293
-0.99755347
-0.9975496
-0.9974776
-0.9973647
-0.99759054
-0.99746853
-0.9974191
-0.9973992
-0.9975896
-0.99757886
-0.99740934
-0.99739546
-0.99737394
-0.9976286
-0.99754167
-0.9974524
-0.9974226
-0.9974148
-0.99759173
-0.9976887
-0.99758
-0.99755216
-0.99749833
-0.9974934
-0.9976237
-0.9976326
-0.99766755
-0.9977225
-0.9977045
-0.9976339
-0.99761194
-0.9976589
-0.9976941
-0.9976967
-0.9976442
-0.99763596
-0.9974396
-0.9975358
-0.9976484
-0.99771655
-0.9975947
-0.9976389
-0.9975895
-0.9975907
-0.9974944
-0.9976736
-0.9976096
-0.99766266
-0.9975087
-0.9977115
-0.9975742
-0.9976013
-0.9976183
-0.9976157
-0.9974129
-0.99744475
-0.99764174
-0.99766624
-0.9974448
-0.9974603
-0.99772257
-0.9977811
-0.9976826
-0.9975557
-0.997778
-0.99765116
-0.99770683
-0.99752134
-0.99772143
-0.9976883
-0.9977778
-0.9976379
-0.9977398
-0.99757946
-0.9975487
-0.99752367
-0.99782133
-0.9976889
-0.9976236
-0.9977083
-0.9977212
-0.99770325
-0.99767846
-0.99768114
-0.99772346
-0.99760777
-0.99760705
-0.99766165
-0.9976216
-0.9975109
-0.9978218
-0.9977054
-0.99764705
-0.99767894
-0.99780816
-0.99780965
-0.9976299
-0.9977568
-0.9976691
-0.9976895
-0.9976201
-0.99776155
-0.99770063
-0.9977116
-0.99781466
-0.997745
-0.9976767
-0.99770904
-0.9977749
-0.9977307
-0.99779785
-0.9975891
-0.9977405
-0.9977217
-0.9977111
-0.9977914
-0.997698
-0.99758554
-0.9977396
-0.9977644
-0.9976989
-0.9976852
-0.9976738
-0.99780566
-0.99771357
-0.99777365
-0.99769944
-0.9976018
-0.9977252
-0.99759793
-0.9975615
-0.9975765
-0.99777627
-0.99769706
-0.9975661
-0.9977432
-0.99780035
-0.9975886
-0.99755555
-0.9976454
-0.9977651
-0.9973963
-0.9970592
-0.99724543
-0.9976944
-0.99750847
-0.9974371
-0.9977334
-0.9977891
-0.99757946
-0.9976137
-0.9977662
-0.99761724
-0.99743867
-0.9975974
-0.9977851
-0.9977466
-0.99769133
-0.9977143
-0.9976855
-0.9976975
-0.9978226
-0.997758
-0.9975853
-0.997705
-0.99784404
-0.99770945
-0.9975522
-0.997678
-0.997726
-0.9976999
-0.9975332
-0.9978859
-0.9977826
-0.9977082
-0.99771166
-0.9978018
-0.9978601
-0.9978114
-0.99774677
-0.9978892
-0.9977976
-0.997838
-0.9977526
-0.9978131
-0.9977974
-0.9977979
-0.99791545
-0.99789906
-0.9978595
-0.997764
-0.9978771
-0.9977576
-0.997806
-0.99786085
-0.9977641
-0.9978179
-0.9977758
-0.9978333
-0.99788904
-0.99776965
-0.9978187
-0.99781626
-0.9977945
-0.997778
-0.99772906
-0.9977406
-0.9977944
-0.9977463
-0.9977357
-0.9977238
-0.99781096
-0.9977763
-0.9977868
-0.9976959
-0.99774134
-0.9978536
-0.997848
-0.99777836
-0.99774534
-0.9978111
-0.9979397
-0.997838
-0.99781144
-0.9978618
-0.99781
-0.997764
-0.99774855
-0.9977516
-0.99779665
-0.99791515
-0.99778706
-0.9977482
-0.9977844
-0.9978003
-0.9977578
-0.9978743
-0.9978472
-0.9978522
-0.9978132
-0.99779075
-0.99782646
-0.99788594
-0.99782836
-0.9978803
-0.9978321
-0.997758
-0.99773365
-0.9977208
-0.99779606
-0.99780595
-0.99788654
-0.9978312
-0.99783146
-0.9979934
-0.9978246
-0.9978423
-0.9978286
-0.99793035
-0.9978491
-0.99779516
-0.9978905
-0.9978474
-0.9978294
-0.9977701
-0.9979618
-0.9979004
-0.99775827
-0.9977901
-0.9978354
-0.9978307
-0.997891
-0.99783206
-0.99781
-0.9978487
-0.99793255
